10
1000
0.489793 0.284152 0.936168 0.455666 0.592906 0.194062 0.530445 0.768718 0.347268 0.418135 
0.715599 0.186276 0.910486 0.360194 0.629684 0.864995 0.213016 0.941619 0.094236 0.451046 
0.218917 0.664145 0.026623 0.659639 0.195982 0.659789 0.122627 0.352555 0.527221 0.885253 
0.836439 0.451279 0.745691 0.596637 0.034850 0.469284 0.782107 0.634643 0.231991 0.931316 
0.659393 0.153462 0.780412 0.452624 0.384088 0.201308 0.658404 0.069238 0.579901 0.820216 
0.378890 0.778683 0.835317 0.095054 0.712142 0.625294 0.420892 0.966643 0.720352 0.221688 
0.307995 0.364981 0.818834 0.742682 0.505382 0.060650 0.775816 0.487404 0.387689 0.837025 
0.827159 0.702539 0.308752 0.386678 0.557345 0.760903 0.289910 0.668909 0.192603 0.458647 
0.903975 0.039027 0.624079 0.545503 0.076430 0.886845 0.055760 0.258233 0.677377 0.278296 
0.576855 0.095632 0.570549 0.281217 0.530444 0.824200 0.301949 0.940794 0.490538 0.053063 
0.587261 0.389430 0.168723 0.822272 0.141634 0.691969 0.816817 0.259076 0.929759 0.412041 
0.563907 0.572797 0.571123 0.282946 0.636736 0.790797 0.588692 0.103304 0.650082 0.265552 
0.243392 0.730441 0.031686 0.562654 0.314519 0.547556 0.508132 0.582305 0.637163 0.476186 
0.442216 0.488034 0.412281 0.287459 0.612979 0.407067 0.118066 0.097881 0.986144 0.565134 
0.911350 0.542273 0.295908 0.860094 0.374019 0.394244 0.599572 0.248864 0.783428 0.612648 
0.687673 0.489714 0.024682 0.320604 0.801707 0.453004 0.411075 0.856664 0.515032 0.316368 
0.887209 0.010028 0.752064 0.660602 0.358383 0.770292 0.343702 0.771523 0.168268 0.933974 
0.497752 0.964944 0.336791 0.204945 0.558631 0.566385 0.584801 0.482497 0.592299 0.109901 
0.499752 0.626703 0.199607 0.786245 0.199251 0.530326 0.516025 0.879583 0.390739 0.595463 
0.181612 0.607880 0.283406 0.919904 0.780280 0.497508 0.427064 0.369239 0.214195 0.176311 
0.447665 0.239769 0.425815 0.846233 0.253015 0.354929 0.082730 0.533977 0.753953 0.394572 
0.159864 0.487616 0.695572 0.347608 0.058317 0.414167 0.329400 0.911215 0.367006 0.331898 
0.527968 0.251931 0.692916 0.091274 0.297719 0.695009 0.295263 0.667006 0.532463 0.433102 
0.534597 0.916276 0.383084 0.660114 0.659210 0.410799 0.106273 0.595902 0.871946 0.188929 
0.801374 0.146622 0.889080 0.573231 0.697177 0.345424 0.768559 0.338356 0.206540 0.079022 
0.626719 0.426922 0.591835 0.311408 0.512906 0.760120 0.687865 0.258118 0.344387 0.394562 
0.126340 0.448956 0.687721 0.332724 0.533810 0.995527 0.526899 0.555426 0.783081 0.454135 
0.717564 0.671964 0.583640 0.278871 0.116579 0.942261 0.026717 0.776435 0.420776 0.468022 
0.448576 0.288942 0.042414 0.848206 0.251719 0.602186 0.821446 0.128279 0.479921 0.965003 
0.858042 0.637801 0.578801 0.413607 0.820325 0.392862 0.450221 0.705734 0.111980 0.259460 
0.464932 0.496315 0.780961 0.478326 0.292377 0.258899 0.113800 0.652038 0.450900 0.911452 
0.545502 0.349357 0.602396 0.625894 0.077389 0.974360 0.604175 0.323843 0.380250 0.646460 
0.436726 0.119571 0.352068 0.733184 0.945399 0.088982 0.761880 0.022201 0.367678 0.774416 
0.537344 0.771182 0.503487 0.585082 0.385790 0.280189 0.255287 0.866141 0.385929 0.751643 
0.287794 0.922510 0.308238 0.445256 0.975319 0.567205 0.043501 0.478945 0.442652 0.883058 
0.623218 0.549387 0.649971 0.280682 0.428957 0.836138 0.312256 0.244560 0.155931 0.387437 
0.076123 0.477221 0.158540 0.781305 0.532092 0.187687 0.950705 0.558189 0.481923 0.644775 
0.531975 0.539518 0.884106 0.804697 0.430048 0.531178 0.202148 0.378088 0.165241 0.409716 
0.422582 0.667760 0.001323 0.110758 0.705806 0.048359 0.400911 0.682955 0.445779 0.612459 
0.315661 0.790438 0.172997 0.359910 0.338655 0.738051 0.039025 0.969813 0.360914 0.351648 
0.668304 0.522041 0.714115 0.103509 0.796210 0.420656 0.497950 0.477491 0.778201 0.294137 
0.751411 0.350018 0.263398 0.292304 0.828652 0.513944 0.475446 0.190133 0.608517 0.339174 
0.137947 0.800272 0.532882 0.273622 0.378862 0.239129 0.369524 0.707325 0.922190 0.437233 
0.649243 0.595181 0.631184 0.316071 0.598366 0.424556 0.539648 0.456083 0.226625 0.040876 
0.339124 0.738911 0.026032 0.691782 0.466355 0.700933 0.265791 0.931189 0.435459 0.709277 
0.619127 0.498696 0.836767 0.058354 0.980820 0.180159 0.746946 0.178604 0.666990 0.060045 
0.158437 0.554015 0.600460 0.670226 0.537000 0.256322 0.957898 0.510533 0.362839 0.105611 
0.661521 0.056628 0.606106 0.786375 0.044866 0.652065 0.125946 0.853599 0.700186 0.198100 
0.834825 0.235188 0.770621 0.543399 0.924893 0.827826 0.476397 0.480796 0.124606 0.461951 
0.512398 0.685972 0.371077 0.544146 0.122839 0.406096 0.596700 0.239823 0.079507 0.412496 
0.208474 0.257684 0.852119 0.881688 0.602720 0.143630 0.433510 0.470143 0.866771 0.446118 
0.435289 0.814469 0.675555 0.328127 0.391360 0.777542 0.395587 0.671646 0.071917 0.695748 
0.644973 0.204027 0.595998 0.833909 0.144620 0.076101 0.433220 0.804862 0.508769 0.478546 
0.082536 0.543236 0.660167 0.400740 0.538943 0.354955 0.489618 0.848129 0.659329 0.874665 
0.615734 0.865965 0.558646 0.864815 0.357078 0.612965 0.457690 0.718045 0.089940 0.077212 
0.166075 0.398833 0.674872 0.357234 0.527232 0.643004 0.106644 0.470345 0.578068 0.700751 
0.291447 0.980800 0.423878 0.095784 0.829536 0.573408 0.586627 0.253762 0.861600 0.448360 
0.599587 0.404346 0.260237 0.204918 0.750072 0.351766 0.117313 0.734738 0.374680 0.229597 
0.517089 0.126975 0.386153 0.901078 0.366776 0.148862 0.620386 0.548921 0.235455 0.599034 
0.047119 0.381026 0.965443 0.694756 0.182240 0.456268 0.664889 0.759604 0.774784 0.594812 
0.216640 0.913578 0.543024 0.771612 0.145768 0.187337 0.808892 0.131778 0.627814 0.826301 
0.373478 0.849199 0.142716 0.894265 0.119995 0.678432 0.354780 0.900840 0.040577 0.752603 
0.435807 0.565831 0.943462 0.236721 0.925297 0.181740 0.183413 0.809385 0.100136 0.358008 
0.565357 0.859283 0.033233 0.508475 0.968601 0.078454 0.766068 0.616157 0.700695 0.787979 
0.912210 0.524122 0.312640 0.460665 0.699644 0.099715 0.122318 0.607898 0.432796 0.399140 
0.385719 0.664571 0.318841 0.713067 0.831654 0.400160 0.114380 0.509685 0.876482 0.477064 
0.780532 0.963940 0.459030 0.729644 0.347815 0.062559 0.696185 0.529791 0.468982 0.482796 
0.019678 0.790230 0.816996 0.395960 0.470948 0.031459 0.892997 0.850504 0.488799 0.502689 
0.538079 0.611915 0.585101 0.004017 0.691493 0.605839 0.663776 0.566346 0.222686 0.597286 
0.714637 0.391913 0.498626 0.686511 0.948149 0.035707 0.583785 0.464679 0.498226 0.502735 
0.431950 0.844261 0.731070 0.250400 0.054756 0.517149 0.752572 0.533754 0.025007 0.585517 
0.418211 0.696831 0.420516 0.689397 0.182634 0.986569 0.493934 0.493891 0.702803 0.261603 
0.902509 0.040557 0.921209 0.603521 0.540817 0.400303 0.288875 0.624361 0.147639 0.002754 
0.134436 0.534344 0.507414 0.829226 0.102982 0.683240 0.366621 0.782395 0.440055 0.596680 
0.738680 0.064696 0.456290 0.936394 0.344862 0.615075 0.267768 0.253065 0.459258 0.601878 
0.164405 0.844322 0.444407 0.884895 0.502446 0.547294 0.593289 0.541910 0.403264 0.466636 
0.435502 0.752727 0.600536 0.338600 0.534685 0.355789 0.251650 0.815210 0.839843 0.173928 
0.526129 0.233383 0.344192 0.526700 0.144352 0.419406 0.321375 0.863535 0.739284 0.397105 
0.850089 0.152228 0.826149 0.945442 0.275374 0.764859 0.691279 0.028259 0.794043 0.091118 
0.187047 0.825663 0.123057 0.318817 0.526650 0.751081 0.138032 0.935426 0.291476 0.535146 
0.491028 0.763813 0.367198 0.292523 0.138731 0.539780 0.762685 0.722557 0.606823 0.145175 
0.536756 0.814283 0.707201 0.011663 0.560169 0.536685 0.871705 0.598690 0.458045 0.246511 
0.093770 0.890368 0.769345 0.623722 0.195834 0.497259 0.749924 0.094344 0.822637 0.112307 
0.319332 0.924801 0.665388 0.410722 0.597610 0.412571 0.335758 0.294702 0.819704 0.321976 
0.395582 0.412362 0.392392 0.837104 0.241927 0.291576 0.335544 0.512128 0.614591 0.795514 
0.077896 0.512630 0.774665 0.388722 0.688070 0.313432 0.486552 0.355030 0.289294 0.684488 
0.666358 0.355555 0.254683 0.935029 0.050416 0.207174 0.467968 0.631958 0.558944 0.256675 
0.157817 0.436811 0.723168 0.340129 0.688615 0.770418 0.561436 0.550977 0.380643 0.863766 
0.942508 0.558321 0.202664 0.196498 0.752933 0.396036 0.973836 0.395324 0.695382 0.018009 
0.878616 0.458976 0.520886 0.447919 0.564271 0.094278 0.582275 0.969045 0.098899 0.714348 
0.798812 0.086043 0.863353 0.656852 0.069745 0.387534 0.543323 0.602938 0.573471 0.920697 
0.673232 0.960710 0.083092 0.421221 0.992446 0.315600 0.676107 0.286371 0.491276 0.715410 
0.221392 0.922987 0.506873 0.501066 0.270686 0.515101 0.228198 0.772755 0.566774 0.813029 
0.273865 0.774268 0.341854 0.775664 0.215472 0.171371 0.768694 0.089734 0.947335 0.360622 
0.577447 0.769625 0.334920 0.355319 0.635105 0.881339 0.919662 0.085485 0.953662 0.299594 
0.621907 0.996821 0.582485 0.401599 0.450792 0.511186 0.714327 0.242949 0.613323 0.589859 
0.456264 0.877447 0.277017 0.510820 0.388495 0.832999 0.603910 0.349326 0.561885 0.719546 
0.767475 0.830984 0.431678 0.796792 0.462649 0.829716 0.652332 0.505238 0.837993 0.172620 
0.373287 0.992186 0.714334 0.581668 0.295727 0.462498 0.325118 0.656209 0.835046 0.424833 
0.141723 0.696092 0.963553 0.167260 0.645120 0.426660 0.199248 0.667836 0.529802 0.345705 
0.583743 0.261941 0.881638 0.164033 0.755676 0.055092 0.642543 0.517667 0.900420 0.169515 
0.211379 0.624511 0.567176 0.357255 0.526341 0.987204 0.601947 0.007209 0.931073 0.892530 
0.324673 0.623052 0.292698 0.881297 0.563000 0.701635 0.524007 0.354346 0.609611 0.358475 
0.953581 0.142607 0.553484 0.617905 0.154312 0.490219 0.283947 0.950268 0.145985 0.305254 
0.117559 0.363660 0.507284 0.580635 0.263683 0.748499 0.078251 0.842982 0.538863 0.187423 
0.411827 0.131956 0.553640 0.380747 0.081247 0.719745 0.273762 0.661945 0.332335 0.963044 
0.831279 0.440608 0.291008 0.140897 0.817872 0.411280 0.297201 0.014187 0.946248 0.080882 
0.614924 0.535557 0.656848 0.019553 0.808252 0.861642 0.054619 0.808343 0.510504 0.422516 
0.640108 0.392649 0.222833 0.853417 0.650160 0.068823 0.079167 0.815157 0.395076 0.487016 
0.596830 0.509866 0.493798 0.458679 0.036667 0.585850 0.219993 0.449993 0.556150 0.879763 
0.735829 0.558358 0.327633 0.232078 0.766122 0.246242 0.482144 0.188048 0.459836 0.417217 
0.399626 0.930480 0.597203 0.681197 0.111166 0.552858 0.180405 0.883270 0.431415 0.571481 
0.665070 0.717742 0.371053 0.475409 0.456775 0.934774 0.259197 0.642442 0.411915 0.493346 
0.785911 0.172813 0.798438 0.739406 0.456100 0.468509 0.269171 0.152191 0.813569 0.338162 
0.993148 0.565614 0.395505 0.630955 0.751471 0.806127 0.484422 0.287642 0.431299 0.311090 
0.491561 0.880831 0.203344 0.703774 0.372581 0.292180 0.351007 0.687040 0.259686 0.690009 
0.969203 0.025244 0.817401 0.117982 0.551591 0.482636 0.423405 0.800286 0.071876 0.424618 
0.253076 0.645038 0.709687 0.365698 0.746009 0.761893 0.373866 0.201850 0.491272 0.857775 
0.264592 0.787588 0.352407 0.469438 0.495357 0.304751 0.740053 0.724249 0.250026 0.790686 
0.811815 0.054299 0.837125 0.375824 0.319766 0.577553 0.810396 0.100293 0.520639 0.536827 
0.498071 0.322229 0.270366 0.894227 0.066110 0.854823 0.206827 0.151600 0.445079 0.975292 
0.394809 0.439727 0.449876 0.503736 0.485968 0.046201 0.850422 0.192466 0.658847 0.850071 
0.741836 0.238500 0.497231 0.262549 0.730363 0.203642 0.503519 0.044639 0.401622 0.646259 
0.841294 0.678532 0.291129 0.876165 0.087849 0.427471 0.848919 0.280125 0.682289 0.273089 
0.754064 0.426901 0.465730 0.405418 0.147993 0.489138 0.633761 0.512627 0.284162 0.794890 
0.146286 0.362389 0.249359 0.204989 0.412993 0.733790 0.542423 0.225627 0.549884 0.874012 
0.320374 0.379778 0.965897 0.024271 0.309612 0.698852 0.261044 0.582989 0.557016 0.563980 
0.289865 0.284578 0.556118 0.791128 0.531951 0.518369 0.102650 0.914751 0.843546 0.554627 
0.734910 0.065342 0.598544 0.720131 0.083123 0.903845 0.530657 0.264338 0.470393 0.097795 
0.438296 0.918494 0.227454 0.728047 0.624985 0.173407 0.309757 0.550459 0.929885 0.315520 
0.600023 0.270335 0.730964 0.798013 0.471166 0.441976 0.070420 0.428421 0.892455 0.288309 
0.862057 0.449193 0.736344 0.922230 0.068062 0.215668 0.971944 0.361382 0.381300 0.275291 
0.222395 0.454959 0.769823 0.474879 0.119049 0.095858 0.445458 0.600264 0.974335 0.400521 
0.421237 0.448727 0.058313 0.932822 0.012416 0.689544 0.443570 0.707663 0.824909 0.366284 
0.806378 0.636588 0.775902 0.663709 0.736005 0.152884 0.479338 0.706387 0.003893 0.595696 
0.197580 0.610321 0.708785 0.655159 0.353597 0.465678 0.258118 0.716056 0.350431 0.972054 
0.726126 0.613259 0.458446 0.791852 0.344804 0.304305 0.843860 0.257261 0.399351 0.436348 
0.404663 0.809126 0.295849 0.720449 0.548946 0.223412 0.827080 0.397593 0.784907 0.786616 
0.194746 0.562522 0.303311 0.671457 0.269023 0.067725 0.757255 0.069896 0.896299 0.536127 
0.781024 0.194902 0.550156 0.169017 0.485692 0.207353 0.293023 0.538183 0.495081 0.268985 
0.104702 0.099212 0.497651 0.600973 0.820609 0.306020 0.222325 0.469850 0.589718 0.623218 
0.225709 0.402340 0.350678 0.586580 0.357457 0.282154 0.168347 0.252041 0.429469 0.996133 
0.715101 0.605620 0.426017 0.131386 0.556825 0.286321 0.432449 0.262924 0.896949 0.339951 
0.628813 0.356570 0.763848 0.522672 0.313305 0.574521 0.151989 0.491703 0.447310 0.569947 
0.668174 0.105766 0.149268 0.823412 0.231380 0.793150 0.992397 0.308763 0.175565 0.621877 
0.468381 0.445012 0.763272 0.838155 0.180442 0.131046 0.687426 0.634633 0.019824 0.341856 
0.023960 0.984710 0.335927 0.456846 0.082340 0.433886 0.897479 0.192867 0.421010 0.337983 
0.497380 0.130612 0.517867 0.076907 0.428077 0.352892 0.435538 0.768960 0.667036 0.434779 
0.600661 0.518500 0.995564 0.508853 0.107205 0.172956 0.476690 0.897678 0.507990 0.013105 
0.307333 0.268783 0.029522 0.754512 0.204553 0.797775 0.018301 0.520246 0.203614 0.852445 
0.443889 0.339647 0.367421 0.329725 0.789338 0.236046 0.446091 0.567162 0.867066 0.181539 
0.666336 0.511181 0.605370 0.173435 0.690886 0.652270 0.770905 0.169159 0.339845 0.893839 
0.067981 0.733967 0.113524 0.827397 0.467210 0.114094 0.420328 0.304765 0.649203 0.846732 
0.255700 0.965013 0.324432 0.684235 0.387769 0.882669 0.398171 0.832696 0.450592 0.402563 
0.696108 0.530435 0.073571 0.842332 0.001923 0.842733 0.442589 0.326116 0.587426 0.153360 
0.339058 0.329632 0.825336 0.707217 0.218382 0.817410 0.407994 0.370860 0.433783 0.040687 
0.189346 0.899802 0.380169 0.592807 0.205035 0.720613 0.552788 0.227710 0.686449 0.874358 
0.982591 0.877058 0.021039 0.509239 0.851515 0.135650 0.538744 0.607903 0.638622 0.139493 
0.594614 0.580082 0.972542 0.237078 0.582959 0.970148 0.716536 0.104428 0.887219 0.112067 
0.546417 0.159251 0.544275 0.421516 0.598237 0.850023 0.331576 0.776391 0.258059 0.717917 
0.140828 0.020220 0.987000 0.292085 0.282343 0.550209 0.588943 0.162890 0.624457 0.881096 
0.723304 0.320034 0.129505 0.745227 0.437846 0.405541 0.734605 0.554538 0.190150 0.339969 
0.203894 0.411523 0.883125 0.941972 0.437460 0.299982 0.606506 0.248395 0.661746 0.367595 
0.461343 0.628241 0.151667 0.692364 0.739178 0.143410 0.585709 0.925203 0.935496 0.610485 
0.080131 0.565296 0.680079 0.402418 0.612077 0.514603 0.778322 0.850769 0.376501 0.447613 
0.117637 0.606220 0.577857 0.394111 0.640356 0.000416 0.763195 0.258154 0.388878 0.698270 
0.380639 0.704850 0.281749 0.590651 0.733236 0.524614 0.594433 0.141960 0.874344 0.386010 
0.570750 0.334298 0.336174 0.908431 0.571056 0.121082 0.695679 0.996094 0.150414 0.480779 
0.352819 0.042834 0.239917 0.962093 0.399297 0.294392 0.488714 0.946673 0.446758 0.735571 
0.350270 0.901755 0.717318 0.080010 0.084644 0.385322 0.912571 0.525484 0.602390 0.228874 
0.946488 0.299670 0.293655 0.645176 0.650801 0.871832 0.425277 0.538899 0.473716 0.405015 
0.337178 0.389185 0.991344 0.037640 0.819609 0.339732 0.605794 0.688241 0.487675 0.518052 
0.038923 0.684249 0.287124 0.705227 0.284307 0.695915 0.265689 0.760241 0.470312 0.978126 
0.710138 0.815482 0.141231 0.529973 0.345421 0.781230 0.619339 0.954842 0.220603 0.189957 
0.899612 0.350198 0.268508 0.679489 0.312171 0.859686 0.234276 0.514184 0.114499 0.512994 
0.228087 0.915478 0.452823 0.118942 0.418591 0.927579 0.221389 0.573668 0.666839 0.301913 
0.617867 0.491322 0.504379 0.718396 0.494638 0.194553 0.017022 0.980698 0.736685 0.159996 
0.232894 0.831521 0.530272 0.761575 0.350680 0.630608 0.451894 0.870821 0.249000 0.913762 
0.150184 0.486910 0.386097 0.966523 0.081651 0.795658 0.398858 0.709102 0.225737 0.217806 
0.252480 0.482245 0.886671 0.957667 0.414694 0.657662 0.736106 0.463794 0.128047 0.829014 
0.347180 0.240781 0.462465 0.942557 0.357551 0.266670 0.478613 0.662648 0.708074 0.367811 
0.488269 0.565063 0.120958 0.070877 0.765964 0.588314 0.244990 0.903630 0.061076 0.819425 
0.550578 0.103038 0.557273 0.558396 0.423411 0.497021 0.565867 0.195886 0.877359 0.196019 
0.687768 0.576289 0.429958 0.005782 0.858827 0.336894 0.583324 0.292439 0.656158 0.948707 
0.947019 0.356417 0.242916 0.459406 0.813070 0.614798 0.890741 0.674872 0.385879 0.286771 
0.880668 0.503909 0.317526 0.549464 0.043151 0.199945 0.944753 0.539389 0.047069 0.840180 
0.122001 0.705113 0.851465 0.251727 0.511311 0.220048 0.829967 0.774840 0.342054 0.617809 
0.960267 0.734560 0.256950 0.733284 0.018219 0.901665 0.649356 0.570171 0.449399 0.308036 
0.431625 0.808731 0.064305 0.439358 0.662207 0.015192 0.746492 0.073809 0.252343 0.585741 
0.350406 0.572731 0.305438 0.399292 0.576128 0.586692 0.335633 0.168475 0.622536 0.664969 
0.406315 0.985609 0.700461 0.194432 0.564435 0.607121 0.452720 0.370114 0.006814 0.426621 
0.400325 0.418376 0.319507 0.062007 0.499932 0.444971 0.344807 0.618092 0.642599 0.895431 
0.850160 0.137467 0.583607 0.562927 0.499425 0.579769 0.600723 0.296477 0.210906 0.714095 
0.207962 0.906613 0.296910 0.300367 0.836463 0.874800 0.127671 0.290207 0.948223 0.642219 
0.393440 0.832031 0.533167 0.702500 0.540739 0.469274 0.347093 0.451717 0.835479 0.834448 
0.906258 0.178953 0.839603 0.634931 0.203951 0.176479 0.732277 0.508827 0.570516 0.187152 
0.569892 0.768131 0.522743 0.464271 0.636246 0.322345 0.013754 0.915518 0.065711 0.558565 
0.525069 0.174490 0.864549 0.055179 0.049771 0.693784 0.774629 0.418807 0.191984 0.874552 
0.177165 0.708798 0.908153 0.492497 0.068785 0.855623 0.909648 0.708593 0.052322 0.822292 
0.573109 0.629238 0.139959 0.406552 0.838527 0.413206 0.019943 0.657168 0.360407 0.196480 
0.729961 0.720150 0.830990 0.561061 0.350226 0.849515 0.427251 0.441902 0.604209 0.397070 
0.527645 0.716579 0.303161 0.570852 0.306039 0.726269 0.650421 0.047470 0.726606 0.960432 
0.901657 0.609621 0.236465 0.544679 0.775135 0.108274 0.673695 0.732551 0.768083 0.057697 
0.060114 0.242825 0.561741 0.212535 0.560097 0.848442 0.192877 0.713927 0.214864 0.811683 
0.299518 0.566817 0.206412 0.494811 0.738062 0.729501 0.687965 0.055551 0.719932 0.427122 
0.631856 0.122002 0.959847 0.040409 0.732468 0.607155 0.132871 0.696032 0.510071 0.900472 
0.467587 0.126419 0.883774 0.390421 0.303861 0.563719 0.839368 0.191498 0.909282 0.219979 
0.606782 0.597681 0.204998 0.506348 0.976595 0.353515 0.836901 0.295063 0.673765 0.670335 
0.599306 0.309027 0.730156 0.345884 0.500310 0.862503 0.061952 0.655280 0.655613 0.431155 
0.275154 0.498251 0.345940 0.476072 0.641741 0.380674 0.395297 0.759752 0.685847 0.489136 
0.534180 0.871560 0.109436 0.736475 0.533876 0.175383 0.859617 0.705095 0.125967 0.282790 
0.620019 0.109648 0.478314 0.763981 0.089057 0.269997 0.386471 0.608684 0.759401 0.704812 
0.549636 0.296372 0.545471 0.382180 0.361699 0.542171 0.836020 0.197887 0.605966 0.588599 
0.562067 0.604423 0.302319 0.192746 0.981551 0.163251 0.027227 0.756430 0.094288 0.725420 
0.214760 0.687159 0.607746 0.331037 0.472572 0.255521 0.530078 0.239042 0.575091 0.375007 
0.873320 0.600426 0.844045 0.455329 0.165871 0.549562 0.589503 0.775001 0.506866 0.207412 
0.292640 0.636599 0.390536 0.869461 0.557447 0.238016 0.757422 0.664195 0.714865 0.695899 
0.517914 0.043569 0.122734 0.850550 0.161153 0.584954 0.060565 0.642628 0.433789 0.609369 
0.783476 0.160165 0.312941 0.639112 0.415093 0.942022 0.574094 0.351915 0.048482 0.442353 
0.563185 0.082550 0.359969 0.919788 0.409671 0.053804 0.849049 0.283098 0.321473 0.467716 
0.393726 0.704817 0.257026 0.193688 0.938681 0.044061 0.349066 0.323434 0.340465 0.824495 
0.881572 0.381683 0.718675 0.117671 0.452583 0.871160 0.114119 0.711581 0.817781 0.650378 
0.782500 0.415666 0.196774 0.853147 0.518513 0.063113 0.641640 0.239265 0.252179 0.847106 
0.852309 0.303883 0.577038 0.569612 0.639911 0.020432 0.705315 0.062879 0.446170 0.379641 
0.526344 0.113917 0.607887 0.883492 0.084221 0.995569 0.456628 0.697626 0.208494 0.686769 
0.727589 0.809309 0.254834 0.529414 0.302582 0.779248 0.144585 0.317913 0.604319 0.737796 
0.768733 0.679905 0.203264 0.581738 0.465611 0.400459 0.956403 0.313033 0.442400 0.036137 
0.368256 0.448179 0.856568 0.016578 0.935337 0.477551 0.300737 0.679918 0.233021 0.538619 
0.651510 0.157273 0.387363 0.179209 0.633517 0.198639 0.440640 0.452117 0.193202 0.961032 
0.383710 0.244134 0.804342 0.365646 0.678100 0.675814 0.243386 0.288456 0.688110 0.261636 
0.578072 0.817161 0.123474 0.220599 0.815726 0.785971 0.146157 0.202461 0.974364 0.101753 
0.786527 0.165846 0.534133 0.333476 0.750108 0.731331 0.638489 0.286090 0.267114 0.683005 
0.597074 0.800018 0.152883 0.977718 0.080209 0.769996 0.940097 0.198430 0.391421 0.351385 
0.715955 0.278210 0.748231 0.515165 0.306320 0.656822 0.606422 0.481169 0.485603 0.490325 
0.081201 0.357959 0.937343 0.766274 0.543950 0.392765 0.260009 0.015262 0.815998 0.972929 
0.293135 0.592806 0.045638 0.958349 0.877922 0.258629 0.791682 0.219691 0.971915 0.717253 
0.511031 0.491863 0.013601 0.420889 0.449799 0.858428 0.144194 0.928588 0.571210 0.465186 
0.423463 0.801611 0.341237 0.353922 0.237856 0.798434 0.274542 0.284829 0.802467 0.443192 
0.369792 0.502950 0.404115 0.440351 0.613641 0.067100 0.603118 0.601315 0.783895 0.233178 
0.096334 0.559027 0.615354 0.939110 0.097263 0.754584 0.237989 0.515396 0.614218 0.142480 
0.158948 0.682212 0.521481 0.674546 0.455675 0.290079 0.716422 0.254249 0.454499 0.561595 
0.335946 0.099849 0.563715 0.906061 0.157784 0.631695 0.621037 0.050763 0.757230 0.575052 
0.588573 0.346346 0.699283 0.428025 0.085783 0.409009 0.800568 0.674051 0.010285 0.613604 
0.737840 0.691942 0.287529 0.488898 0.424889 0.391704 0.772902 0.039044 0.210932 0.660208 
0.352001 0.162559 0.486557 0.794872 0.850256 0.662596 0.602265 0.103492 0.844561 0.707413 
0.959426 0.639777 0.041055 0.520487 0.475175 0.423956 0.701975 0.811518 0.298029 0.060575 
0.300995 0.565795 0.275029 0.481375 0.210723 0.611181 0.478087 0.597383 0.969767 0.627446 
0.336506 0.167377 0.524514 0.457650 0.714376 0.578588 0.146410 0.695946 0.816311 0.514040 
0.802483 0.377482 0.627010 0.112639 0.616084 0.799136 0.736986 0.353833 0.241199 0.430943 
0.501369 0.611172 0.407820 0.183395 0.678265 0.121968 0.972880 0.315894 0.318823 0.216561 
0.189386 0.502826 0.495480 0.717217 0.039791 0.245456 0.759503 0.565262 0.560596 0.937314 
0.981455 0.666262 0.567892 0.401581 0.151924 0.472190 0.197619 0.439013 0.808962 0.192527 
0.952256 0.205967 0.838720 0.130357 0.573794 0.685643 0.131846 0.238127 0.337452 0.436931 
0.379298 0.956785 0.412800 0.482441 0.528277 0.896780 0.606289 0.153658 0.412163 0.358990 
0.807377 0.407457 0.354937 0.099168 0.759292 0.552460 0.134317 0.590454 0.667900 0.718690 
0.617970 0.322345 0.983861 0.408820 0.450343 0.862458 0.331230 0.250530 0.682243 0.752727 
0.213540 0.428049 0.868357 0.395927 0.219159 0.373584 0.921696 0.716222 0.723085 0.317177 
0.772979 0.842930 0.386384 0.722231 0.398953 0.631879 0.261825 0.828756 0.367866 0.455282 
0.498397 0.925229 0.280321 0.385574 0.724497 0.860281 0.793298 0.063845 0.717241 0.528192 
0.965836 0.135052 0.591498 0.701097 0.195348 0.695598 0.778052 0.333249 0.216781 0.543838 
0.702315 0.653175 0.161217 0.875634 0.349687 0.804955 0.454803 0.036532 0.496363 0.769661 
0.652791 0.276701 0.211990 0.844492 0.447410 0.083557 0.971204 0.373814 0.964147 0.499346 
0.701014 0.541337 0.716270 0.125660 0.663107 0.836280 0.499114 0.135205 0.495870 0.898357 
0.814488 0.449480 0.874995 0.030262 0.515628 0.584393 0.698596 0.090289 0.593010 0.612751 
0.026730 0.635353 0.581528 0.749326 0.153141 0.590369 0.640193 0.816961 0.485121 0.815247 
0.104845 0.451231 0.593745 0.547897 0.691415 0.125614 0.225070 0.793909 0.502163 0.799134 
0.593492 0.928475 0.324184 0.469049 0.227508 0.739865 0.287038 0.511736 0.556653 0.902321 
0.470566 0.482274 0.613501 0.050525 0.683493 0.240011 0.795442 0.635642 0.276340 0.265495 
0.539578 0.871655 0.203719 0.669356 0.324684 0.951993 0.392667 0.218474 0.577170 0.058612 
0.195565 0.045657 0.933759 0.353173 0.704089 0.343841 0.323951 0.912551 0.714770 0.455919 
0.205208 0.675044 0.731737 0.352833 0.761885 0.067828 0.624059 0.408254 0.942115 0.250862 
0.448111 0.890766 0.578423 0.733706 0.525938 0.001415 0.893437 0.586659 0.048297 0.805545 
0.554926 0.671479 0.195935 0.721483 0.955707 0.079355 0.591344 0.445770 0.430486 0.593512 
0.449928 0.052964 0.835731 0.528993 0.395958 0.915634 0.237651 0.470528 0.409411 0.562934 
0.031428 0.652109 0.588468 0.702409 0.159897 0.644121 0.298843 0.314879 0.961171 0.430769 
0.429056 0.414541 0.396493 0.581985 0.840216 0.213121 0.475924 0.124890 0.577971 0.615233 
0.734645 0.066245 0.569508 0.694338 0.431149 0.451273 0.322933 0.780130 0.067383 0.949913 
0.763330 0.551508 0.540220 0.749213 0.422365 0.537891 0.951866 0.500553 0.537488 0.167849 
0.298759 0.854066 0.586966 0.428346 0.473956 0.704082 0.629323 0.062625 0.795331 0.658634 
0.999712 0.277493 0.678750 0.215753 0.662927 0.852347 0.240313 0.994921 0.734381 0.001709 
0.552024 0.980472 0.604761 0.081766 0.633319 0.592612 0.315545 0.769287 0.570242 0.190094 
0.220718 0.453258 0.890103 0.033383 0.409196 0.774793 0.310880 0.110736 0.264494 0.982149 
0.655006 0.506504 0.071672 0.190255 0.997133 0.431319 0.622151 0.697821 0.600998 0.048587 
0.498677 0.290713 0.987842 0.930789 0.434622 0.426572 0.662473 0.189126 0.340329 0.398442 
0.325651 0.427470 0.507781 0.140211 0.884525 0.587199 0.420869 0.168330 0.694404 0.451626 
0.568881 0.162723 0.611323 0.893020 0.395915 0.784947 0.717704 0.199209 0.378194 0.906280 
0.666668 0.625426 0.193478 0.460733 0.456531 0.587014 0.138482 0.347474 0.354034 0.537877 
0.537458 0.355352 0.161818 0.736634 0.746441 0.269125 0.272521 0.642417 0.169663 0.914044 
0.909862 0.443969 0.659975 0.296977 0.351942 0.489106 0.648320 0.513305 0.976147 0.273980 
0.808801 0.768309 0.256230 0.711713 0.749306 0.556428 0.522107 0.266769 0.869051 0.413698 
0.686079 0.371184 0.508545 0.896654 0.116633 0.719159 0.339759 0.248855 0.932150 0.024132 
0.065359 0.920034 0.239214 0.992022 0.528433 0.022607 0.540138 0.462332 0.048218 0.877294 
0.391916 0.642868 0.081823 0.723060 0.580342 0.238222 0.363991 0.871772 0.404853 0.389020 
0.402951 0.396461 0.449118 0.027496 0.773739 0.548466 0.067785 0.985936 0.395824 0.388223 
0.051434 0.820408 0.040821 0.854031 0.018955 0.598798 0.316638 0.027575 0.723634 0.397324 
0.195792 0.958693 0.262584 0.429870 0.515649 0.708594 0.189047 0.482441 0.510923 0.710206 
0.767360 0.708625 0.595431 0.163264 0.787428 0.671995 0.393717 0.367141 0.133960 0.439780 
0.675130 0.458183 0.428369 0.925816 0.885554 0.240099 0.638606 0.572691 0.396052 0.236171 
0.714634 0.440969 0.300316 0.693825 0.703340 0.554270 0.735159 0.313209 0.801992 0.462138 
0.364045 0.690301 0.913452 0.273253 0.663123 0.646513 0.161180 0.867715 0.675312 0.161610 
0.185106 0.688637 0.473210 0.396564 0.792132 0.549183 0.267784 0.448020 0.773010 0.600169 
0.528951 0.002593 0.576679 0.649436 0.817057 0.659859 0.259085 0.332074 0.653571 0.194495 
0.696511 0.210658 0.518634 0.468129 0.684490 0.899849 0.064573 0.382381 0.973187 0.451751 
0.169461 0.042483 0.747938 0.751138 0.220400 0.376588 0.499041 0.242876 0.695269 0.780565 
0.158848 0.980846 0.748380 0.015812 0.687558 0.405420 0.418038 0.065913 0.565378 0.653409 
0.614227 0.202150 0.461245 0.764953 0.327446 0.795845 0.944976 0.296909 0.293785 0.424621 
0.410047 0.451255 0.578206 0.527029 0.396550 0.778426 0.636122 0.113613 0.704483 0.887497 
0.884607 0.408236 0.003491 0.687100 0.712579 0.283855 0.467884 0.457506 0.676212 0.749182 
0.393348 0.504490 0.657061 0.033310 0.692284 0.515249 0.460645 0.665497 0.367780 0.764567 
0.259184 0.599467 0.172207 0.570317 0.460567 0.256139 0.769818 0.614806 0.744565 0.406512 
0.461343 0.383183 0.510685 0.155792 0.218151 0.847672 0.183331 0.446285 0.493082 0.401644 
0.170050 0.924975 0.373900 0.757918 0.466656 0.349741 0.434260 0.422743 0.434675 0.553353 
0.322350 0.882417 0.444501 0.779060 0.642268 0.679439 0.636791 0.563764 0.642996 0.150370 
0.088771 0.697412 0.403057 0.613006 0.672744 0.469441 0.083911 0.780547 0.379572 0.898498 
0.154327 0.703097 0.593961 0.617890 0.320781 0.244768 0.426809 0.953906 0.502335 0.296480 
0.392322 0.201972 0.759785 0.317358 0.737323 0.638402 0.619820 0.413328 0.241378 0.585465 
0.458520 0.417857 0.981822 0.321808 0.767993 0.797383 0.489831 0.872867 0.488100 0.424296 
0.936424 0.338278 0.582664 0.302482 0.217000 0.423540 0.602465 0.594809 0.408652 0.497799 
0.513430 0.029631 0.379249 0.605897 0.665450 0.051470 0.475332 0.856286 0.572753 0.325600 
0.128458 0.505020 0.996370 0.065147 0.918406 0.768331 0.356024 0.059200 0.150225 0.963071 
0.098976 0.643008 0.983202 0.254556 0.300071 0.853415 0.480232 0.683998 0.270077 0.816408 
0.777349 0.312695 0.874173 0.370874 0.830698 0.032669 0.912864 0.003433 0.801043 0.396513 
0.496052 0.650508 0.644236 0.988167 0.102593 0.663562 0.904078 0.634344 0.557094 0.128921 
0.607566 0.059732 0.681701 0.117231 0.718134 0.747127 0.023290 0.878370 0.606301 0.728781 
0.529781 0.347237 0.259131 0.676653 0.576773 0.415365 0.740366 0.502930 0.068228 0.975590 
0.692738 0.863769 0.467411 0.127408 0.349889 0.915849 0.270474 0.596790 0.674518 0.542132 
0.684015 0.169614 0.814695 0.739646 0.230890 0.246690 0.650727 0.675198 0.519296 0.697651 
0.632616 0.871286 0.261518 0.401448 0.565995 0.469189 0.595110 0.154009 0.783475 0.289380 
0.913952 0.588990 0.281026 0.165592 0.885142 0.921597 0.326487 0.465423 0.495096 0.195125 
0.815940 0.520594 0.102433 0.472250 0.658348 0.222101 0.544578 0.578179 0.449346 0.749964 
0.803702 0.229250 0.686657 0.332785 0.342266 0.921443 0.952712 0.235526 0.317726 0.077863 
0.558018 0.573385 0.554101 0.774757 0.579841 0.674593 0.100468 0.805922 0.895722 0.282047 
0.375942 0.295400 0.536027 0.702297 0.400310 0.634798 0.984403 0.717917 0.072227 0.358514 
0.112488 0.482862 0.557502 0.991079 0.825898 0.014965 0.222328 0.965343 0.514389 0.573753 
0.892163 0.268253 0.763455 0.553798 0.961017 0.022099 0.654303 0.398495 0.733845 0.448577 
0.151674 0.597224 0.253985 0.799086 0.219851 0.142653 0.573457 0.035148 0.493195 0.647816 
0.580240 0.197062 0.471362 0.534926 0.082529 0.658530 0.778521 0.611400 0.334762 0.577998 
0.574419 0.605417 0.200058 0.486919 0.152438 0.560837 0.598234 0.939090 0.704684 0.645469 
0.111194 0.612411 0.277209 0.721013 0.793514 0.499103 0.619942 0.537419 0.157834 0.735897 
0.542576 0.175018 0.930597 0.431575 0.493618 0.597021 0.429525 0.274442 0.399123 0.836053 
0.515603 0.784387 0.242478 0.662064 0.464448 0.983559 0.260227 0.739403 0.092949 0.333608 
0.404597 0.255362 0.560872 0.312715 0.774993 0.324151 0.813963 0.001973 0.795309 0.829018 
0.499615 0.669650 0.937992 0.215057 0.324518 0.886524 0.719625 0.351703 0.408656 0.953438 
0.317321 0.952182 0.589998 0.367465 0.529241 0.254391 0.794914 0.213361 0.802597 0.402903 
0.531537 0.408383 0.525464 0.930777 0.332764 0.281460 0.524902 0.319049 0.363275 0.876228 
0.378332 0.823391 0.117198 0.946856 0.079177 0.805589 0.534267 0.471477 0.586978 0.089329 
0.371077 0.299306 0.752360 0.490707 0.752876 0.273323 0.365852 0.401271 0.297596 0.438819 
0.103536 0.713975 0.561750 0.146485 0.567462 0.417830 0.640869 0.330364 0.642733 0.348642 
0.256301 0.210265 0.544347 0.878904 0.398635 0.774920 0.419895 0.173001 0.360980 0.859068 
0.283943 0.417487 0.686348 0.111541 0.963668 0.344794 0.429543 0.679065 0.239263 0.556879 
0.829511 0.138200 0.756411 0.180639 0.097625 0.676504 0.121812 0.834022 0.645621 0.051698 
0.665456 0.825291 0.410524 0.396216 0.913637 0.424634 0.532951 0.592891 0.191801 0.025870 
0.705052 0.105345 0.616613 0.565857 0.733181 0.203571 0.531131 0.204304 0.327554 0.479144 
0.682535 0.321364 0.556892 0.579820 0.513806 0.417793 0.570505 0.087660 0.938345 0.209879 
0.509242 0.363925 0.449613 0.397796 0.331675 0.483916 0.492788 0.649090 0.161452 0.567506 
0.499973 0.767259 0.410583 0.568918 0.263879 0.198439 0.889265 0.638818 0.083917 0.219091 
0.702864 0.683567 0.296051 0.315519 0.982376 0.214395 0.751329 0.480860 0.344831 0.655121 
0.544457 0.497794 0.402187 0.529493 0.121041 0.752080 0.982381 0.457169 0.422050 0.364911 
0.811071 0.506994 0.299530 0.404933 0.688490 0.848738 0.123603 0.281091 0.733222 0.346444 
0.411956 0.556620 0.626770 0.405917 0.730197 0.628098 0.118988 0.999494 0.626176 0.374237 
0.621793 0.549911 0.107490 0.665993 0.599514 0.799052 0.062603 0.893421 0.349768 0.014485 
0.104833 0.498174 0.957224 0.548578 0.303611 0.565147 0.726179 0.484395 0.761969 0.188710 
0.808993 0.347200 0.867814 0.706092 0.234747 0.889332 0.698979 0.470311 0.304018 0.783575 
0.974599 0.329889 0.756012 0.205061 0.379879 0.879668 0.280070 0.964957 0.744022 0.268697 
0.696978 0.430040 0.880545 0.321154 0.563337 0.842051 0.051482 0.464020 0.359004 0.869061 
0.607654 0.721924 0.146754 0.501679 0.284781 0.227983 0.963483 0.547041 0.307192 0.397597 
0.621179 0.035765 0.758970 0.441543 0.082326 0.979014 0.585925 0.006425 0.664613 0.903891 
0.710209 0.536133 0.452034 0.058171 0.962255 0.489560 0.782016 0.157370 0.617649 0.358654 
0.440318 0.161358 0.498475 0.440090 0.193027 0.768852 0.804960 0.355172 0.200806 0.903891 
0.395583 0.555264 0.191664 0.549355 0.442086 0.063884 0.407116 0.929257 0.720183 0.112130 
0.257437 0.613780 0.533039 0.602129 0.531565 0.319721 0.009322 0.989277 0.938951 0.100494 
0.576433 0.708341 0.971229 0.508598 0.479636 0.215894 0.911441 0.400615 0.324259 0.613439 
0.935550 0.498345 0.033358 0.774054 0.984359 0.312560 0.284865 0.925318 0.363323 0.189598 
0.352577 0.214858 0.627250 0.808495 0.536605 0.096032 0.356080 0.772524 0.770656 0.587452 
0.613435 0.473761 0.346793 0.986120 0.194720 0.448750 0.751377 0.313008 0.915241 0.153490 
0.481645 0.143251 0.750452 0.042608 0.430934 0.879850 0.957473 0.327293 0.803732 0.663260 
0.251654 0.766049 0.594320 0.553177 0.370353 0.689181 0.537271 0.830882 0.349915 0.608667 
0.265234 0.770496 0.305095 0.781922 0.596124 0.606041 0.607672 0.247101 0.984287 0.355800 
0.277716 0.708892 0.836217 0.439552 0.228533 0.733570 0.587368 0.327589 0.637567 0.351941 
0.613146 0.337684 0.680307 0.923153 0.450636 0.240508 0.957005 0.662586 0.174149 0.418213 
0.409796 0.313978 0.259507 0.921743 0.298406 0.933729 0.799918 0.115866 0.885529 0.673785 
0.516848 0.016749 0.542353 0.449940 0.746125 0.322725 0.933374 0.620303 0.547075 0.972456 
0.479689 0.998263 0.048833 0.772620 0.378130 0.100749 0.637787 0.703993 0.162770 0.847234 
0.737565 0.417109 0.704515 0.067680 0.422736 0.695964 0.681374 0.245748 0.375090 0.528152 
0.059691 0.625459 0.302440 0.295034 0.334993 0.797852 0.426987 0.728351 0.599343 0.245085 
0.003239 0.652615 0.252258 0.591022 0.378801 0.081820 0.422484 0.295351 0.989957 0.215842 
0.921655 0.262402 0.852838 0.232437 0.856852 0.180599 0.950989 0.255286 0.775041 0.149946 
0.861422 0.063271 0.653081 0.016164 0.677803 0.171976 0.634616 0.520075 0.757681 0.071988 
0.514507 0.809809 0.309494 0.409856 0.522767 0.509415 0.238072 0.031706 0.903250 0.111673 
0.601333 0.404603 0.553920 0.776696 0.154116 0.531638 0.327036 0.205163 0.609236 0.299701 
0.102456 0.899506 0.481411 0.560022 0.310655 0.980594 0.595328 0.136163 0.966174 0.577465 
0.532065 0.598859 0.836475 0.512822 0.199604 0.503764 0.866795 0.390024 0.642535 0.366087 
0.220204 0.660245 0.240171 0.968227 0.479418 0.332652 0.356786 0.747641 0.603536 0.743953 
0.022965 0.969927 0.698721 0.429433 0.519815 0.837129 0.712057 0.541058 0.412667 0.660813 
0.204785 0.919544 0.038184 0.848765 0.780615 0.570049 0.194958 0.937538 0.227913 0.371107 
0.808576 0.047586 0.697660 0.077961 0.955664 0.866587 0.000935 0.636990 0.925549 0.553105 
0.091167 0.873429 0.427943 0.639380 0.133413 0.536592 0.676431 0.729095 0.670220 0.022622 
0.168334 0.311929 0.778291 0.149061 0.716107 0.574681 0.257691 0.249220 0.639101 0.281695 
0.075684 0.380353 0.527400 0.269519 0.524406 0.231580 0.827235 0.418725 0.412358 0.261005 
0.014165 0.406688 0.728598 0.981689 0.164974 0.466890 0.706500 0.150569 0.113130 0.933883 
0.734029 0.358124 0.995286 0.145060 0.357285 0.735921 0.457337 0.486194 0.487026 0.633477 
0.287333 0.418958 0.756635 0.340585 0.824661 0.629708 0.406015 0.581550 0.490580 0.579468 
0.621476 0.203616 0.263713 0.334347 0.765666 0.364784 0.907419 0.501756 0.658929 0.314688 
0.568127 0.567722 0.730523 0.620558 0.794645 0.483750 0.226451 0.872140 0.373826 0.175750 
0.735668 0.331946 0.999971 0.499855 0.059304 0.438819 0.488527 0.534466 0.179008 0.728871 
0.227926 0.552184 0.382620 0.600767 0.183668 0.674949 0.846671 0.218663 0.211339 0.574015 
0.497419 0.425326 0.936912 0.099087 0.095671 0.787695 0.433787 0.354103 0.408389 0.885495 
0.879503 0.219598 0.776569 0.596775 0.755262 0.165793 0.653109 0.963630 0.271156 0.559551 
0.494224 0.320087 0.205484 0.924669 0.343085 0.565576 0.124238 0.865159 0.224988 0.981667 
0.806393 0.048297 0.265268 0.693389 0.611629 0.783760 0.304815 0.712245 0.387024 0.281414 
0.545811 0.830951 0.037963 0.540476 0.921467 0.564891 0.057794 0.873133 0.114779 0.742422 
0.315835 0.828032 0.865689 0.374971 0.054323 0.808322 0.823356 0.148793 0.886281 0.202637 
0.178914 0.672366 0.429561 0.170268 0.463505 0.472369 0.853551 0.510932 0.781475 0.110395 
0.771980 0.470683 0.193772 0.538899 0.720493 0.156720 0.442455 0.443644 0.565070 0.661498 
0.412907 0.116496 0.641830 0.348083 0.818360 0.874401 0.368317 0.609433 0.095443 0.811580 
0.396892 0.400600 0.070115 0.876186 0.597894 0.188492 0.576639 0.762529 0.293685 0.962215 
0.243203 0.330627 0.801562 0.122075 0.417445 0.483377 0.315540 0.753218 0.415401 0.400001 
0.242895 0.557590 0.775890 0.583270 0.343283 0.477064 0.128335 0.371552 0.630776 0.456378 
0.011183 0.929252 0.475632 0.807913 0.117323 0.337737 0.556927 0.421715 0.951894 0.574654 
0.831604 0.285674 0.339651 0.066902 0.264931 0.662337 0.226200 0.621426 0.196043 0.488795 
0.679087 0.161420 0.445212 0.529544 0.400560 0.483363 0.482364 0.569591 0.459405 0.826267 
0.799824 0.320868 0.566426 0.128383 0.642623 0.275935 0.319764 0.592918 0.596884 0.399268 
0.854030 0.550372 0.052990 0.567446 0.569725 0.026812 0.640188 0.588556 0.248301 0.419531 
0.313529 0.449069 0.346154 0.946339 0.563078 0.593462 0.344430 0.466902 0.500767 0.881764 
0.325815 0.462361 0.249066 0.689514 0.055661 0.672808 0.472018 0.189614 0.745002 0.322662 
0.475571 0.686338 0.329578 0.822404 0.312430 0.930609 0.853920 0.405164 0.707506 0.198727 
0.583799 0.112989 0.659311 0.982311 0.606069 0.053275 0.502382 0.228153 0.701411 0.460433 
0.586271 0.462135 0.727572 0.272310 0.638345 0.185649 0.513778 0.855351 0.712287 0.641026 
0.924226 0.663102 0.080844 0.945380 0.356388 0.802504 0.062114 0.476133 0.969322 0.449225 
0.621122 0.979928 0.079269 0.444995 0.246186 0.686897 0.608463 0.039376 0.590863 0.419002 
0.414964 0.186380 0.613284 0.285659 0.065636 0.814391 0.590717 0.183361 0.689883 0.064698 
0.589881 0.012410 0.560253 0.884904 0.111092 0.662601 0.589129 0.506856 0.405742 0.448232 
0.151555 0.098863 0.813612 0.220982 0.754682 0.126597 0.504540 0.614407 0.556018 0.947619 
0.604250 0.457474 0.445720 0.297949 0.391037 0.229043 0.504995 0.726116 0.341546 0.864205 
0.193903 0.843946 0.544699 0.913182 0.291990 0.950953 0.340599 0.526133 0.447349 0.470728 
0.512925 0.909674 0.237849 0.268162 0.703000 0.202010 0.565590 0.894212 0.741636 0.089138 
0.680015 0.792336 0.322677 0.999341 0.229491 0.516284 0.750311 0.787254 0.486472 0.474042 
0.661945 0.773109 0.331178 0.721855 0.795987 0.134499 0.884929 0.774566 0.530695 0.473553 
0.330111 0.377106 0.196828 0.880216 0.261344 0.175329 0.907036 0.251521 0.855677 0.421571 
0.652376 0.267789 0.392824 0.913347 0.975280 0.406807 0.191244 0.531701 0.913572 0.469164 
0.519456 0.803814 0.726921 0.309398 0.794922 0.268637 0.452060 0.683235 0.768741 0.366366 
0.201968 0.685280 0.572345 0.472581 0.474272 0.654233 0.344265 0.765476 0.260156 0.276743 
0.431162 0.421847 0.370601 0.341086 0.400055 0.036016 0.595555 0.237222 0.381481 0.636766 
0.282363 0.744282 0.507307 0.213428 0.345996 0.138501 0.802100 0.788135 0.649145 0.415315 
0.219805 0.508125 0.883960 0.352800 0.422848 0.299857 0.453064 0.276269 0.848840 0.104980 
0.210210 0.159872 0.543544 0.197143 0.969494 0.405476 0.291506 0.365274 0.229367 0.630543 
0.144203 0.493721 0.559703 0.716708 0.235328 0.508063 0.767098 0.797667 0.488681 0.373980 
0.837233 0.281338 0.474491 0.788701 0.231734 0.198880 0.497159 0.873760 0.557161 0.545616 
0.483049 0.979337 0.568154 0.445252 0.348192 0.044960 0.447216 0.817340 0.028854 0.623395 
0.551541 0.054676 0.869398 0.497022 0.018181 0.487292 0.256080 0.877533 0.586030 0.481514 
0.565011 0.462933 0.762698 0.599042 0.526153 0.113821 0.457412 0.505859 0.636524 0.448391 
0.678311 0.359515 0.242634 0.471688 0.833454 0.883181 0.101090 0.547825 0.294961 0.462384 
0.411749 0.858244 0.615513 0.104166 0.169774 0.684341 0.941792 0.467891 0.094354 0.541961 
0.662095 0.456631 0.146371 0.711377 0.515915 0.296239 0.486416 0.848183 0.481183 0.948120 
0.313508 0.004609 0.484590 0.376660 0.397345 0.203577 0.474826 0.385578 0.688221 0.301996 
0.948290 0.569381 0.164074 0.265284 0.624526 0.105562 0.676410 0.310953 0.897826 0.104792 
0.758684 0.243211 0.694800 0.499803 0.824362 0.171095 0.655014 0.335678 0.155450 0.584755 
0.465251 0.663465 0.980226 0.452794 0.523664 0.915965 0.008473 0.785485 0.500257 0.618212 
0.911423 0.373596 0.129436 0.912129 0.827123 0.096269 0.962355 0.643792 0.307914 0.325641 
0.301988 0.445552 0.969952 0.658217 0.396209 0.567556 0.738804 0.161657 0.575995 0.604468 
0.311140 0.805543 0.441745 0.310123 0.016094 0.840662 0.180066 0.409933 0.690581 0.260836 
0.287636 0.957628 0.392808 0.095003 0.117436 0.761837 0.482778 0.162699 0.589870 0.216972 
0.528102 0.787747 0.353065 0.735051 0.003076 0.381204 0.774859 0.026530 0.477378 0.515334 
0.179578 0.947692 0.194784 0.551766 0.983876 0.522165 0.000979 0.630149 0.870461 0.838180 
0.488863 0.883645 0.444715 0.382903 0.580148 0.718017 0.029877 0.418989 0.798521 0.590626 
0.702451 0.847215 0.232226 0.086480 0.498180 0.751876 0.846503 0.885459 0.559097 0.085255 
0.094899 0.516792 0.872339 0.529606 0.718392 0.255094 0.508464 0.622605 0.331028 0.984748 
0.562973 0.167090 0.054137 0.429749 0.429861 0.587248 0.738388 0.676123 0.175239 0.473108 
0.512737 0.258762 0.766842 0.898932 0.490901 0.458962 0.071054 0.901423 0.958819 0.277671 
0.010509 0.334007 0.611489 0.684856 0.333201 0.873227 0.367279 0.769046 0.469218 0.476946 
0.184451 0.571705 0.869560 0.635942 0.437743 0.280738 0.803846 0.570517 0.549348 0.416511 
0.678271 0.650990 0.187940 0.242768 0.406097 0.792699 0.712094 0.436833 0.154884 0.571307 
0.405248 0.448130 0.611750 0.781018 0.533330 0.751538 0.235900 0.717401 0.337548 0.550410 
0.460940 0.546199 0.707754 0.892207 0.227891 0.716904 0.741201 0.564571 0.769962 0.143278 
0.617394 0.075449 0.509156 0.501903 0.740046 0.671053 0.189634 0.336464 0.470867 0.158787 
0.756662 0.415484 0.380917 0.373507 0.897227 0.752920 0.559030 0.455708 0.488702 0.962328 
0.308789 0.455629 0.524771 0.496370 0.640184 0.171881 0.576437 0.441809 0.686033 0.560444 
0.548437 0.402810 0.772494 0.453779 0.144098 0.859345 0.560752 0.033897 0.590293 0.122394 
0.930498 0.741977 0.392050 0.576888 0.614807 0.127693 0.458411 0.263272 0.759190 0.229142 
0.737472 0.979036 0.114853 0.231031 0.777297 0.527766 0.329483 0.542043 0.450378 0.088104 
0.152679 0.878180 0.204027 0.573702 0.198910 0.379511 0.337336 0.672160 0.279724 0.701327 
0.355689 0.855060 0.947521 0.605278 0.267094 0.616292 0.780216 0.193810 0.867381 0.008967 
0.901530 0.416414 0.179040 0.881010 0.635007 0.742486 0.241215 0.587722 0.049349 0.989046 
0.465064 0.391994 0.479764 0.754528 0.275717 0.418896 0.699445 0.064802 0.930460 0.792169 
0.615125 0.268749 0.958441 0.369328 0.913444 0.347367 0.049694 0.673843 0.379235 0.715927 
0.387945 0.070339 0.478690 0.708552 0.595595 0.566030 0.813112 0.417041 0.879893 0.706497 
0.779461 0.831778 0.495641 0.425321 0.700195 0.200061 0.450280 0.762855 0.572072 0.554388 
0.408266 0.423827 0.222727 0.934697 0.043471 0.775881 0.439910 0.785044 0.574978 0.756430 
0.301078 0.688413 0.452513 0.201318 0.080076 0.824506 0.682366 0.729311 0.081090 0.722096 
0.774274 0.586280 0.198408 0.607069 0.113461 0.583450 0.039968 0.658291 0.313448 0.772744 
0.885621 0.751187 0.239871 0.184629 0.565819 0.366898 0.685283 0.619166 0.962799 0.303077 
0.461065 0.689847 0.290457 0.699762 0.790900 0.013773 0.491467 0.387817 0.547586 0.069459 
0.447660 0.535505 0.692484 0.856695 0.634951 0.124686 0.947845 0.136726 0.078407 0.926382 
0.530869 0.001268 0.376523 0.572794 0.813480 0.493090 0.235830 0.853292 0.580124 0.301073 
0.678000 0.532137 0.540853 0.216481 0.365604 0.974901 0.324079 0.496430 0.276737 0.764975 
0.642913 0.569165 0.556958 0.228826 0.739470 0.237313 0.165092 0.341203 0.184324 0.497949 
0.173471 0.717368 0.588283 0.145335 0.803135 0.012639 0.496004 0.918454 0.369326 0.383223 
0.473467 0.475161 0.333043 0.656999 0.594736 0.722313 0.158995 0.500108 0.443637 0.247962 
0.674538 0.189575 0.566108 0.724248 0.816342 0.306045 0.175224 0.801210 0.115303 0.518826 
0.517343 0.393923 0.592841 0.760848 0.172550 0.449371 0.988682 0.113135 0.316967 0.342616 
0.468467 0.000026 0.435197 0.633878 0.828869 0.401958 0.102451 0.690311 0.250488 0.226855 
0.472683 0.457139 0.954832 0.534197 0.588827 0.266753 0.345264 0.897276 0.574448 0.208005 
0.341096 0.094156 0.918018 0.048582 0.479040 0.250025 0.674481 0.625969 0.483302 0.296094 
0.285972 0.920348 0.808229 0.233235 0.343766 0.903139 0.037167 0.476239 0.793184 0.259522 
0.734891 0.690517 0.362982 0.942519 0.363330 0.450236 0.619367 0.831232 0.552841 0.485610 
0.246046 0.120404 0.529875 0.169943 0.427084 0.314329 0.376404 0.933780 0.607549 0.376586 
0.437002 0.553109 0.440730 0.590507 0.593547 0.863839 0.672825 0.689786 0.211484 0.326560 
0.299974 0.787109 0.448205 0.919734 0.612233 0.589840 0.756943 0.423373 0.303475 0.757412 
0.349068 0.828872 0.422302 0.353968 0.682401 0.158988 0.847640 0.597725 0.985918 0.320389 
0.468678 0.128272 0.735707 0.669825 0.712655 0.084850 0.922189 0.163315 0.387131 0.974924 
0.161050 0.834426 0.318242 0.620372 0.935029 0.099445 0.589373 0.883328 0.840908 0.325462 
0.391526 0.406573 0.657541 0.726362 0.976476 0.420325 0.496521 0.255007 0.320484 0.249227 
0.881372 0.243743 0.641716 0.684427 0.649648 0.358750 0.973353 0.306947 0.675129 0.301686 
0.148648 0.423823 0.639423 0.406601 0.382109 0.360186 0.930122 0.009970 0.785361 0.349277 
0.404089 0.435426 0.438700 0.571608 0.010903 0.241556 0.412756 0.418162 0.601094 0.624944 
0.460457 0.096867 0.773258 0.016563 0.445976 0.298318 0.724932 0.478061 0.955869 0.541429 
0.011382 0.411665 0.915193 0.254993 0.570792 0.000253 0.233354 0.404744 0.962078 0.247804 
0.583290 0.232583 0.506720 0.437582 0.285983 0.282581 0.861199 0.262695 0.411665 0.382242 
0.442875 0.742514 0.481084 0.408611 0.125149 0.909428 0.973275 0.034928 0.213543 0.970379 
0.639429 0.317685 0.566282 0.349551 0.712334 0.016867 0.282235 0.439496 0.831423 0.148763 
0.778386 0.301651 0.546406 0.297771 0.342894 0.069637 0.339079 0.955663 0.004870 0.815862 
0.982933 0.486099 0.942471 0.408936 0.411250 0.789716 0.067525 0.502217 0.472809 0.352094 
0.454614 0.468312 0.618079 0.338143 0.345593 0.799056 0.605530 0.140705 0.663149 0.946023 
0.338235 0.752839 0.561326 0.272678 0.567441 0.601335 0.518365 0.166058 0.751665 0.347998 
0.641250 0.669896 0.211844 0.536715 0.936105 0.028978 0.101676 0.799695 0.158987 0.707435 
0.803447 0.184735 0.609112 0.631889 0.465843 0.233701 0.827946 0.674313 0.446902 0.224777 
0.136458 0.507644 0.232538 0.725409 0.970304 0.032864 0.244280 0.409705 0.727489 0.881911 
0.411256 0.821619 0.285880 0.964768 0.094978 0.329112 0.888671 0.594056 0.341407 0.692157 
0.518963 0.696795 0.136104 0.476128 0.967900 0.617250 0.317545 0.539967 0.335562 0.738176 
0.255595 0.584240 0.345888 0.381114 0.031146 0.647367 0.385328 0.534758 0.319690 0.336679 
0.442432 0.409845 0.706231 0.304096 0.698019 0.300751 0.815016 0.639709 0.497594 0.491857 
0.049626 0.911744 0.471432 0.409128 0.563516 0.172039 0.338944 0.867797 0.722507 0.297384 
0.568902 0.372909 0.153398 0.714593 0.315855 0.273408 0.978484 0.140842 0.503651 0.463595 
0.701173 0.242196 0.725236 0.099173 0.465598 0.381463 0.643125 0.293884 0.419822 0.512527 
0.630994 0.490555 0.609398 0.295408 0.089245 0.800562 0.899937 0.217618 0.918250 0.457719 
0.363605 0.182280 0.846373 0.605869 0.658330 0.189534 0.492168 0.744087 0.688679 0.526666 
0.720499 0.593329 0.271203 0.380542 0.105381 0.740703 0.996518 0.321594 0.642636 0.241324 
0.610232 0.828569 0.076612 0.276208 0.938473 0.440788 0.457250 0.553653 0.141142 0.181433 
0.278287 0.573160 0.630198 0.897129 0.446462 0.077963 0.899006 0.077601 0.444692 0.368775 
0.056667 0.665273 0.544573 0.237410 0.319189 0.883275 0.207211 0.258192 0.698136 0.303535 
0.898563 0.051044 0.915237 0.553071 0.102686 0.343474 0.795193 0.285581 0.925434 0.194998 
0.462277 0.450241 0.577501 0.291179 0.431408 0.680019 0.934292 0.042972 0.277061 0.621531 
0.346205 0.711519 0.556858 0.311464 0.248390 0.809560 0.147241 0.485074 0.409615 0.743134 
0.571115 0.085473 0.757318 0.536304 0.616599 0.410092 0.661579 0.302520 0.724275 0.169009 
0.554278 0.436474 0.161489 0.907070 0.461577 0.225303 0.013433 0.977083 0.776329 0.438137 
0.646368 0.445208 0.673429 0.225888 0.112592 0.777976 0.286623 0.763905 0.601572 0.202441 
0.238762 0.780813 0.407293 0.534986 0.868050 0.122920 0.934740 0.742004 0.302993 0.684666 
0.133581 0.802863 0.726687 0.063669 0.518490 0.620339 0.109031 0.712434 0.453307 0.677493 
0.365865 0.396887 0.473887 0.160117 0.815894 0.488978 0.383182 0.269695 0.505978 0.293733 
0.455983 0.811578 0.246183 0.483449 0.230337 0.710183 0.336718 0.842749 0.345507 0.893631 
0.218251 0.656347 0.512798 0.607876 0.504680 0.259265 0.758606 0.115517 0.342429 0.749519 
0.159636 0.773076 0.719062 0.646378 0.143402 0.264662 0.587129 0.401211 0.558943 0.494134 
0.644983 0.000211 0.717981 0.302426 0.773217 0.508823 0.023307 0.418106 0.815957 0.520768 
0.542661 0.940453 0.070349 0.143188 0.941917 0.319163 0.216744 0.647303 0.495969 0.366107 
0.480479 0.187556 0.976585 0.514379 0.493003 0.497970 0.499879 0.685136 0.804821 0.169780 
0.444292 0.831624 0.550062 0.244005 0.313513 0.129437 0.457042 0.365999 0.791493 0.576228 
0.890876 0.809044 0.059770 0.543086 0.347554 0.329738 0.525978 0.770383 0.147358 0.711967 
0.528391 0.243951 0.450636 0.603090 0.746782 0.701322 0.078096 0.521078 0.199238 0.765310 
0.394733 0.386537 0.501333 0.599365 0.288020 0.317542 0.775012 0.080790 0.833122 0.608478 
0.649973 0.360819 0.919478 0.606211 0.066527 0.736118 0.309435 0.231178 0.374514 0.529088 
0.322615 0.896424 0.492078 0.594216 0.126094 0.928793 0.501773 0.238060 0.407681 0.660795 
0.865357 0.127402 0.501495 0.728164 0.552668 0.885552 0.065202 0.588089 0.301955 0.601549 
0.715149 0.212474 0.885580 0.331367 0.775083 0.514604 0.062686 0.552903 0.656233 0.362172 
0.202893 0.959078 0.494163 0.479502 0.109361 0.892781 0.581461 0.097545 0.470810 0.499104 
0.251856 0.198648 0.802959 0.887955 0.635547 0.217401 0.336063 0.512854 0.993785 0.520991 
0.047293 0.809184 0.478359 0.471337 0.238763 0.660090 0.669727 0.335445 0.662052 0.265097 
0.247832 0.915536 0.495524 0.154238 0.838481 0.359501 0.353822 0.990376 0.805156 0.588261 
0.244338 0.183234 0.404615 0.730476 0.091542 0.742543 0.025086 0.496498 0.872826 0.737102 
0.748882 0.530956 0.367451 0.243343 0.269216 0.252303 0.594812 0.600097 0.153808 0.658411 
0.649073 0.991567 0.070395 0.130074 0.773643 0.545774 0.609529 0.295737 0.269481 0.626970 
0.074776 0.381611 0.744031 0.313018 0.964963 0.208553 0.805664 0.537244 0.398277 0.759397 
0.688027 0.316715 0.854613 0.240347 0.527224 0.660969 0.844205 0.255839 0.786711 0.245746 
0.849241 0.448043 0.166732 0.477725 0.398641 0.927655 0.762953 0.208924 0.308641 0.619738 
0.819128 0.464429 0.429362 0.489536 0.630245 0.920258 0.498760 0.815761 0.559036 0.095961 
0.665732 0.374949 0.707944 0.692853 0.484481 0.907103 0.639696 0.685850 0.303328 0.153331 
0.587474 0.397276 0.567774 0.219580 0.577992 0.732816 0.579947 0.516371 0.139064 0.545792 
0.592928 0.882727 0.527523 0.506948 0.220084 0.935418 0.685920 0.269612 0.955356 0.005259 
0.790681 0.597977 0.339132 0.857080 0.501603 0.197370 0.637998 0.652762 0.314438 0.543532 
0.305092 0.633664 0.382105 0.911716 0.370528 0.509299 0.836489 0.045270 0.500279 0.882252 
0.033714 0.767098 0.664522 0.878878 0.478843 0.500362 0.731797 0.830015 0.630976 0.413440 
0.468991 0.509297 0.954905 0.582688 0.359463 0.884817 0.133381 0.684900 0.195768 0.589930 
0.462777 0.016347 0.332479 0.285592 0.657662 0.628543 0.367171 0.537037 0.270839 0.586728 
0.936548 0.177846 0.320874 0.861518 0.049937 0.768527 0.316244 0.844068 0.288210 0.511338 
0.733932 0.387648 0.581206 0.764530 0.176221 0.637828 0.083319 0.533800 0.710592 0.254761 
0.689600 0.322062 0.510021 0.052913 0.255712 0.845498 0.490511 0.381636 0.387122 0.453105 
0.765134 0.225794 0.544324 0.150000 0.977137 0.270761 0.437232 0.554909 0.206998 0.062253 
0.611097 0.558355 0.693767 0.623761 0.964802 0.762009 0.175417 0.423393 0.933779 0.152836 
0.866665 0.662355 0.525210 0.324335 0.783848 0.296996 0.507596 0.440867 0.924388 0.260843 
0.534566 0.308473 0.400038 0.876739 0.564520 0.607716 0.797497 0.371676 0.277810 0.138744 
0.239079 0.986677 0.484411 0.452421 0.078310 0.284231 0.624884 0.509809 0.352269 0.472841 
0.046411 0.714928 0.893077 0.440518 0.197243 0.577006 0.346447 0.281981 0.366696 0.692313 
0.254605 0.734675 0.038890 0.293606 0.684282 0.365120 0.599912 0.447451 0.288739 0.546128 
0.437544 0.586317 0.432357 0.474115 0.988841 0.036107 0.799011 0.465684 0.306989 0.142196 
0.638212 0.095423 0.754208 0.169325 0.991996 0.727602 0.178823 0.713295 0.591047 0.204359 
0.428615 0.843975 0.056304 0.853102 0.139456 0.865386 0.211001 0.381121 0.645185 0.489813 
0.608563 0.229931 0.516512 0.802349 0.459247 0.190227 0.013572 0.309134 0.466505 0.358857 
0.101445 0.757559 0.070054 0.341483 0.340371 0.492245 0.490188 0.935087 0.270615 0.690136 
0.398488 0.268895 0.797100 0.492355 0.757145 0.449126 0.665557 0.551749 0.340110 0.772954 
0.636800 0.318830 0.773405 0.044774 0.633877 0.387870 0.628246 0.346269 0.663241 0.442736 
0.724746 0.668528 0.549822 0.277156 0.099275 0.757729 0.295556 0.458874 0.816552 0.133189 
0.127152 0.832893 0.523382 0.361206 0.072717 0.869688 0.819784 0.671435 0.488828 0.311633 
0.258875 0.709629 0.302369 0.843852 0.551143 0.245235 0.717931 0.567608 0.408886 0.298030 
0.152172 0.441921 0.973274 0.417563 0.353564 0.266028 0.803531 0.213348 0.577938 0.632407 
0.931635 0.342472 0.194729 0.068911 0.502122 0.994959 0.369030 0.070504 0.817178 0.120341 
0.935123 0.382447 0.305601 0.896932 0.060004 0.769250 0.498163 0.079144 0.880127 0.080289 
0.467734 0.270572 0.658052 0.589899 0.188986 0.734989 0.254252 0.808477 0.377902 0.284992 
0.629749 0.786454 0.264616 0.571848 0.867388 0.055558 0.395238 0.944218 0.272769 0.646863 
0.580184 0.545495 0.075742 0.560648 0.111154 0.224446 0.463447 0.504437 0.509893 0.415872 
0.154121 0.769447 0.455716 0.512852 0.731514 0.316934 0.162431 0.689112 0.508713 0.663321 
0.535982 0.231500 0.865394 0.514856 0.182676 0.312377 0.723762 0.716563 0.396596 0.091342 
0.750723 0.586632 0.425315 0.647048 0.187771 0.205114 0.837318 0.591767 0.301867 0.820313 
0.482579 0.007695 0.589212 0.778561 0.484893 0.402958 0.736659 0.752823 0.698525 0.125563 
0.831696 0.358785 0.394823 0.821166 0.691189 0.100035 0.315262 0.387311 0.770781 0.109883 
0.731335 0.505649 0.050751 0.540634 0.894742 0.347303 0.309006 0.444248 0.326884 0.881968 
0.007530 0.566218 0.598080 0.981831 0.169822 0.232070 0.429044 0.404711 0.527015 0.930777 
0.370129 0.685592 0.904340 0.360491 0.388491 0.820263 0.459337 0.603070 0.626882 0.207955 
0.406938 0.478849 0.563006 0.398308 0.594332 0.352821 0.362510 0.134529 0.634116 0.986368 
0.591370 0.592007 0.167367 0.708983 0.507041 0.204185 0.683731 0.778117 0.396796 0.037239 
0.610775 0.567916 0.185238 0.682394 0.273287 0.660124 0.484191 0.468094 0.552472 0.750932 
0.459773 0.363050 0.577294 0.598460 0.991739 0.232634 0.617892 0.237319 0.184908 0.908863 
0.399231 0.395943 0.733626 0.307575 0.728434 0.406164 0.616949 0.787780 0.196459 0.730827 
0.420859 0.526118 0.619896 0.824016 0.358194 0.522411 0.052330 0.830130 0.535919 0.059725 
0.135903 0.620810 0.474569 0.599785 0.399703 0.213276 0.299367 0.842341 0.271979 0.878303 
0.901608 0.176716 0.274661 0.532594 0.490767 0.425084 0.518154 0.790729 0.004918 0.705845 
0.529435 0.749577 0.832830 0.055613 0.140818 0.364228 0.652916 0.798220 0.182244 0.239587 
0.434140 0.942355 0.613618 0.236470 0.704397 0.555853 0.697152 0.439004 0.336083 0.288911 
0.714210 0.286992 0.509591 0.908640 0.143898 0.408366 0.562953 0.548834 0.592764 0.828652 
0.621845 0.426669 0.534630 0.484431 0.938246 0.129317 0.175208 0.894132 0.439793 0.384356 
0.611838 0.468209 0.284546 0.878440 0.480194 0.407244 0.920578 0.536216 0.423492 0.535391 
0.294817 0.343525 0.359352 0.696564 0.545166 0.284638 0.363768 0.329414 0.356904 0.616063 
0.530818 0.596917 0.248463 0.986263 0.305870 0.825681 0.635711 0.190009 0.763742 0.820583 
0.793148 0.291546 0.434907 0.759632 0.401614 0.628441 0.827298 0.198621 0.315843 0.247552 
0.758599 0.193966 0.663278 0.633109 0.295920 0.940760 0.183050 0.563302 0.824242 0.514439 
0.807033 0.061057 0.277735 0.983226 0.551101 0.704740 0.419067 0.629869 0.051559 0.959950 
0.620990 0.548702 0.977886 0.063881 0.608581 0.827468 0.300708 0.633915 0.072109 0.362875 
0.895898 0.166904 0.587712 0.646624 0.652871 0.412944 0.219459 0.889068 0.100710 0.644593 
0.219174 0.452960 0.952889 0.644684 0.160662 0.598728 0.720290 0.486057 0.609169 0.532476 
0.730198 0.462277 0.394673 0.293137 0.617720 0.538628 0.842441 0.634091 0.926253 0.143287 
0.395589 0.232638 0.595276 0.851367 0.230528 0.319465 0.597646 0.871431 0.410616 0.125188 
0.207004 0.170372 0.690706 0.752104 0.109589 0.825727 0.593408 0.199726 0.472927 0.914205 
0.786214 0.977623 0.341196 0.224796 0.434837 0.775224 0.038874 0.644250 0.362734 0.513080 
0.098933 0.788148 0.222424 0.816537 0.528617 0.071891 0.649821 0.990917 0.017935 0.858192 
0.362117 0.846825 0.137126 0.704731 0.858836 0.575811 0.210039 0.800464 0.717267 0.971865 
0.433447 0.583350 0.510924 0.541113 0.329773 0.541818 0.188925 0.530434 0.809342 0.145320 
0.611679 0.136226 0.799207 0.078200 0.319165 0.509957 0.515772 0.468410 0.620813 0.929128 
0.976021 0.577260 0.565496 0.762135 0.060225 0.428920 0.598261 0.351896 0.472632 0.472672 
0.185637 0.493628 0.360456 0.965154 0.033419 0.632481 0.553315 0.024802 0.943052 0.232613 
0.657687 0.022613 0.404437 0.792100 0.279416 0.847589 0.271034 0.275356 0.292493 0.283916 
0.416596 0.860095 0.036272 0.741261 0.809739 0.733905 0.109804 0.419210 0.353378 0.359885 
0.059611 0.224818 0.698943 0.565088 0.403656 0.656992 0.086571 0.832956 0.055634 0.579999 
0.831294 0.041193 0.648653 0.205266 0.414994 0.857199 0.262209 0.843100 0.028288 0.997076 
0.768409 0.118208 0.799456 0.767263 0.623587 0.011738 0.796653 0.208292 0.995192 0.256072 
0.292446 0.067177 0.734792 0.868480 0.596050 0.407326 0.103009 0.880653 0.576527 0.946600 
0.190116 0.737876 0.302082 0.941750 0.217818 0.258523 0.391753 0.226385 0.593861 0.896350 
0.566443 0.529683 0.484999 0.499552 0.864922 0.227434 0.135458 0.750824 0.679875 0.434175 
0.672285 0.877384 0.351586 0.514558 0.776067 0.214136 0.936774 0.389975 0.737280 0.212780 
0.502026 0.075419 0.964305 0.055917 0.701251 0.345673 0.832529 0.835314 0.348338 0.960701 
0.270310 0.640008 0.562205 0.216366 0.665975 0.571814 0.624900 0.490402 0.140793 0.698797 
0.028272 0.576511 0.753300 0.681030 0.727897 0.256059 0.379790 0.732447 0.399147 0.694581 
0.513730 0.662143 0.254501 0.322309 0.689773 0.216445 0.807750 0.195667 0.330516 0.355552 
0.840280 0.682850 0.224450 0.217910 0.193694 0.779903 0.187898 0.287917 0.782525 0.129385 
0.086150 0.617297 0.320766 0.533624 0.693062 0.979197 0.429784 0.283478 0.089015 0.784948 
0.521891 0.594218 0.021911 0.672990 0.258975 0.849869 0.023016 0.900898 0.238732 0.283210 
0.735051 0.598467 0.737295 0.689348 0.253247 0.376714 0.747856 0.524620 0.291874 0.110392 
0.227300 0.211096 0.520509 0.870278 0.241446 0.693478 0.706138 0.395293 0.703494 0.674340 
0.391589 0.484370 0.998519 0.176026 0.965766 0.604301 0.508531 0.521851 0.381282 0.819274 
0.197149 0.316778 0.326544 0.814589 0.324193 0.839579 0.199519 0.562161 0.419409 0.596666 
0.534378 0.107169 0.581515 0.370907 0.519976 0.326051 0.907380 0.032244 0.623809 0.646907 
0.530081 0.056318 0.905628 0.358710 0.315097 0.995770 0.008492 0.859176 0.354683 0.814530 
0.607708 0.316768 0.621858 0.302507 0.390002 0.413377 0.779028 0.396416 0.234247 0.633177 
0.916602 0.714981 0.523287 0.116071 0.041819 0.975973 0.054197 0.703485 0.222885 0.258948 
0.898553 0.644692 0.285781 0.312852 0.567481 0.906174 0.522274 0.531297 0.285082 0.471076 
0.671522 0.087788 0.923878 0.223215 0.490889 0.983696 0.324626 0.238379 0.304264 0.733260 
0.323855 0.788545 0.067599 0.550252 0.406885 0.569150 0.170373 0.951800 0.012649 0.686740 
0.628910 0.524837 0.865309 0.152763 0.424617 0.780862 0.165701 0.538776 0.648000 0.504213 
0.370033 0.651702 0.348781 0.934540 0.311033 0.088591 0.910672 0.243722 0.718525 0.790979 
0.528783 0.646857 0.083831 0.507078 0.715038 0.338936 0.001886 0.726978 0.169122 0.465789 
0.926642 0.457187 0.204160 0.542122 0.874756 0.454350 0.474682 0.347510 0.109199 0.048807 
0.667332 0.028083 0.846361 0.718223 0.183523 0.931807 0.361556 0.795615 0.729368 0.730167 
0.706547 0.351324 0.873644 0.279326 0.720946 0.463894 0.732477 0.336380 0.281331 0.963625 
0.198844 0.172005 0.209052 0.883248 0.153926 0.207438 0.486067 0.749232 0.405864 0.989752 
0.652280 0.861794 0.177708 0.341966 0.279137 0.864641 0.272737 0.745499 0.509722 0.320215 
0.662909 0.131841 0.428812 0.280941 0.432608 0.369319 0.010326 0.618146 0.723753 0.133583 
0.631348 0.811493 0.171030 0.484592 0.554769 0.791419 0.174529 0.854164 0.583953 0.828119 
0.355146 0.392000 0.797182 0.698444 0.219464 0.518358 0.283006 0.891889 0.041641 0.832809 
0.315038 0.183191 0.438349 0.529934 0.570570 0.344087 0.969817 0.500794 0.238996 0.457758 
0.139722 0.909058 0.757057 0.165559 0.433259 0.835781 0.426857 0.263002 0.994448 0.254396 
0.993562 0.205192 0.823748 0.450170 0.081288 0.560526 0.459558 0.824332 0.284469 0.778811 
0.282541 0.684749 0.762972 0.857793 0.554449 0.671913 0.386194 0.064425 0.987358 0.423257 
0.526587 0.001822 0.537039 0.498655 0.431558 0.703805 0.107359 0.453315 0.407584 0.509977 
0.808669 0.101236 0.838934 0.617928 0.457376 0.313577 0.897194 0.136291 0.341551 0.822216 
0.499696 0.265573 0.834175 0.716067 0.240272 0.666917 0.202408 0.436051 0.524706 0.433409 
0.049337 0.004721 0.758170 0.948483 0.448475 0.273117 0.462346 0.286450 0.282179 0.901697 
0.324782 0.641689 0.118044 0.342466 0.699742 0.937215 0.440520 0.057354 0.374384 0.768784 
0.394523 0.843131 0.608858 0.495530 0.082075 0.708162 0.463275 0.411771 0.364319 0.067270 
0.879008 0.311911 0.584910 0.224499 0.528771 0.128922 0.531668 0.758213 0.284503 0.864145 
0.225895 0.844817 0.549412 0.296767 0.048763 0.818630 0.176898 0.176907 0.322671 0.816863 
0.667636 0.457897 0.834608 0.185052 0.081321 0.786367 0.089511 0.843923 0.352759 0.650141 
0.284589 0.589378 0.496210 0.571697 0.860319 0.002536 0.253376 0.914375 0.256085 0.377214 
0.526402 0.699795 0.809211 0.487294 0.215148 0.889366 0.444963 0.616771 0.696368 0.165512 
0.265768 0.524185 0.726618 0.008805 0.346640 0.811838 0.228710 0.782666 0.825500 0.092894 
0.493835 0.206260 0.548312 0.716521 0.381966 0.428189 0.279776 0.462188 0.802774 0.518343 
0.151005 0.566687 0.393701 0.969787 0.504794 0.387094 0.724889 0.356588 0.775273 0.072343 
0.645777 0.377940 0.939707 0.335524 0.391671 0.117644 0.779280 0.231317 0.315161 0.479591 
0.872883 0.345581 0.685694 0.315105 0.164362 0.049519 0.771097 0.718799 0.528497 0.183335 
0.098696 0.948179 0.636439 0.408517 0.386460 0.438909 0.039153 0.724864 0.585761 0.573377 
0.631852 0.997644 0.671857 0.312905 0.716625 0.078823 0.836162 0.834733 0.200605 0.043980 
0.091547 0.755770 0.362712 0.671410 0.750489 0.079611 0.731468 0.353595 0.847246 0.061591 
0.972420 0.018272 0.697247 0.285166 0.507051 0.665620 0.806403 0.164101 0.458325 0.012188 
0.395932 0.903164 0.552763 0.751971 0.323308 0.403963 0.777981 0.026739 0.276126 0.459337 
0.443224 0.224966 0.536633 0.544663 0.687718 0.785571 0.452991 0.049366 0.197740 0.758249 
0.352065 0.372067 0.088103 0.528064 0.855499 0.391653 0.883641 0.269127 0.716066 0.534335 
0.903206 0.376738 0.593271 0.628313 0.417393 0.588158 0.435683 0.370059 0.967967 0.516869 
0.266729 0.512204 0.547257 0.144483 0.809067 0.013673 0.533609 0.988637 0.036338 0.964512 
0.074387 0.755941 0.360449 0.916857 0.355408 0.667071 0.540976 0.658661 0.310230 0.865980 
0.875304 0.564060 0.677066 0.274667 0.440598 0.643525 0.673492 0.705863 0.218763 0.477716 
0.949621 0.406722 0.561063 0.320410 0.731405 0.591767 0.412759 0.458992 0.415897 0.617541 
0.933843 0.123786 0.199348 0.481026 0.250722 0.911992 0.463921 0.142156 0.776536 0.235089 
0.508696 0.600632 0.251689 0.204836 0.600610 0.758648 0.069679 0.601383 0.727101 0.015116 
0.921321 0.013971 0.955211 0.196514 0.621879 0.801421 0.871330 0.553365 0.025373 0.657538 
0.422669 0.567459 0.744810 0.093575 0.969762 0.216648 0.765114 0.162867 0.892104 0.835357 
0.427820 0.549515 0.632404 0.599066 0.074231 0.480562 0.258209 0.619837 0.638196 0.587897 
0.321272 0.868235 0.316431 0.431937 0.185033 0.318927 0.470675 0.579922 0.893519 0.377419 
0.495978 0.870610 0.566889 0.248891 0.485624 0.706836 0.291689 0.181197 0.338937 0.742194 
0.726794 0.005739 0.508022 0.724229 0.586989 0.437979 0.236165 0.477616 0.712515 0.478804 
0.654453 0.167438 0.952768 0.090603 0.027810 0.925629 0.681496 0.156042 0.850291 0.634853 
0.005888 0.764979 0.689732 0.233804 0.703847 0.603022 0.541461 0.154288 0.533332 0.704135 
0.668023 0.272669 0.848126 0.825642 0.367960 0.069378 0.898209 0.083227 0.635738 0.351763 
0.173551 0.677043 0.599444 0.552178 0.586737 0.508478 0.945013 0.260544 0.868165 0.380779 
0.104550 0.959086 0.656721 0.156057 0.662489 0.720676 0.412671 0.604166 0.538680 0.680963 
0.834953 0.649793 0.790567 0.429816 0.311832 0.272325 0.543160 0.697488 0.417137 0.552457 
0.509971 0.478761 0.457284 0.681410 0.367740 0.649339 0.222865 0.829995 0.422307 0.234964 
0.125384 0.503887 0.747900 0.383050 0.170732 0.242596 0.512776 0.983608 0.082026 0.998448 
0.763068 0.349037 0.112159 0.335560 0.849451 0.900327 0.505258 0.096714 0.437790 0.424518 
0.611194 0.629244 0.351402 0.445832 0.997618 0.300186 0.906135 0.526026 0.055263 0.900747 
0.989529 0.467271 0.140103 0.499660 0.661398 0.729698 0.330031 0.797342 0.446080 0.126117 
0.504190 0.611563 0.755870 0.490927 0.202531 0.524617 0.813074 0.554737 0.290602 0.078048 
0.642526 0.377121 0.047243 0.843016 0.558675 0.355906 0.285957 0.543829 0.328039 0.488783 
0.812572 0.619940 0.176178 0.859827 0.250983 0.478093 0.240939 0.855897 0.248642 0.933031 
0.438405 0.847001 0.149970 0.446075 0.820492 0.431318 0.675782 0.688988 0.625366 0.418391 
0.456337 0.298909 0.719526 0.779077 0.179549 0.202016 0.950855 0.637409 0.707823 0.736845 
0.444277 0.420802 0.846765 0.484444 0.500946 0.364917 0.474487 0.842822 0.610061 0.754434 
0.150766 0.788411 0.516162 0.127539 0.597593 0.602068 0.729241 0.637580 0.642429 0.573578 
0.781646 0.883989 0.235344 0.448947 0.600193 0.844850 0.342496 0.480788 0.327251 0.115217 
0.485029 0.174598 0.744154 0.646718 0.444021 0.330688 0.555898 0.403985 0.444522 0.814587 
0.632421 0.408139 0.750167 0.417410 0.558204 0.227383 0.753646 0.269613 0.432021 0.278624 
0.650396 0.289148 0.994657 0.661023 0.077842 0.642274 0.082794 0.078098 0.591958 0.296443 
0.455669 0.250719 0.144947 0.957656 0.156879 0.944911 0.272704 0.954805 0.414242 0.531671 
0.077556 0.367155 0.499562 0.146941 0.516963 0.845384 0.544688 0.021108 0.481936 0.666691 
0.689864 0.145266 0.202113 0.309279 0.447082 0.674100 0.446418 0.660311 0.081782 0.990311 
0.131537 0.681431 0.589865 0.682334 0.521329 0.397419 0.374787 0.282859 0.571055 0.251766 
0.842661 0.162955 0.348287 0.596593 0.348408 0.658191 0.369873 0.574338 0.971911 0.197022 
0.391634 0.221550 0.461668 0.050896 0.624235 0.762479 0.399859 0.194735 0.417779 0.945784 
0.957179 0.456108 0.138312 0.257025 0.470204 0.843954 0.117802 0.902697 0.260151 0.301743 
0.965304 0.286802 0.883755 0.194920 0.612399 0.194751 0.446360 0.869399 0.351889 0.739759 
0.996026 0.121308 0.278130 0.736201 0.707715 0.414965 0.569882 0.420431 0.079047 0.294668 
0.786494 0.338584 0.867144 0.609488 0.051780 0.969357 0.167705 0.364396 0.844461 0.274684 
0.023522 0.708249 0.827050 0.354946 0.392034 0.985121 0.571932 0.455630 0.851365 0.257896 
0.820013 0.152093 0.973496 0.279859 0.774093 0.461354 0.367600 0.934638 0.083652 0.568316 
0.186332 0.555598 0.288310 0.378165 0.936303 0.459676 0.316531 0.162421 0.820820 0.241360 
0.762734 0.601287 0.552121 0.125590 0.402120 0.656052 0.667569 0.618550 0.769165 0.076294 
0.394876 0.665787 0.751341 0.469808 0.222675 0.034752 0.927004 0.597305 0.304509 0.947319 
0.425205 0.517425 0.453402 0.632995 0.037712 0.446593 0.531248 0.484585 0.230535 0.777451 
0.781951 0.659895 0.239032 0.844949 0.524177 0.646554 0.055687 0.661825 0.253510 0.099300 
0.228165 0.600474 0.860192 0.641072 0.339877 0.428424 0.313974 0.908552 0.895031 0.373058 
0.397584 0.772383 0.380046 0.503450 0.644924 0.430003 0.264563 0.768681 0.570020 0.316319 
0.432929 0.337043 0.714347 0.987003 0.066739 0.433424 0.276587 0.758135 0.165745 0.563018 
0.693474 0.174053 0.961104 0.427367 0.611997 0.488670 0.472471 0.120479 0.956927 0.167744 
0.188009 0.944157 0.145635 0.404881 0.932826 0.717095 0.294989 0.423220 0.448030 0.677616 
0.070108 0.604874 0.049562 0.944221 0.513438 0.194237 0.453447 0.655527 0.878828 0.490149 
0.451745 0.034823 0.892359 0.924262 0.223509 0.767648 0.862673 0.360410 0.793773 0.590358 
0.606154 0.597484 0.488361 0.231873 0.098707 0.747174 0.318306 0.542993 0.679055 0.035326 
0.046693 0.844447 0.347099 0.460967 0.730524 0.053695 0.509017 0.833633 0.417029 0.213147 
0.469007 0.839236 0.103196 0.120613 0.572282 0.592121 0.287557 0.469857 0.894411 0.474581 
0.245953 0.374413 0.767131 0.834558 0.200914 0.731005 0.514879 0.241540 0.841883 0.173350 
0.143434 0.635523 0.569431 0.734792 0.268211 0.894933 0.630488 0.858293 0.091617 0.608938 
0.985674 0.112675 0.294043 0.534415 0.854393 0.790231 0.018161 0.753421 0.658213 0.424928 
0.277161 0.700168 0.106112 0.480163 0.900672 0.462694 0.422770 0.802882 0.548384 0.136064 
0.596564 0.780382 0.181347 0.589051 0.427012 0.997733 0.073259 0.251353 0.549085 0.663799 
0.709999 0.032648 0.602779 0.862381 0.098766 0.502706 0.340741 0.421356 0.665707 0.797162 
0.200324 0.982078 0.439562 0.953858 0.473730 0.051714 0.605713 0.728211 0.739121 0.157154 
0.317677 0.685616 0.335646 0.523403 0.410723 0.608352 0.134961 0.367074 0.735157 0.578828 
0.586428 0.551614 0.285567 0.279152 0.751880 0.008782 0.617477 0.983525 0.090084 0.680524 
0.020287 0.779334 0.311850 0.891219 0.317284 0.027056 0.477445 0.192313 0.862935 0.349789 
0.343543 0.570709 0.876835 0.150818 0.381579 0.842903 0.334173 0.660756 0.325210 0.743561 
0.565516 0.454766 0.381787 0.362297 0.523607 0.879152 0.967739 0.223094 0.885681 0.266834 
0.553190 0.478498 0.073801 0.767158 0.138444 0.875618 0.231499 0.400713 0.793103 0.507610 
0.426941 0.676108 0.547458 0.367586 0.105073 0.566155 0.717150 0.734270 0.269239 0.345920 
0.509759 0.935526 0.231736 0.673356 0.892882 0.677487 0.402048 0.090115 0.618278 0.244376 
0.040260 0.662479 0.952043 0.561090 0.437795 0.416543 0.684420 0.168375 0.908342 0.851556 
0.435544 0.518839 0.514736 0.453109 0.888983 0.820370 0.442626 0.500270 0.258577 0.750085 
0.811247 0.106159 0.460993 0.213882 0.500281 0.634531 0.346184 0.411366 0.569944 0.398113 
0.498718 0.493828 0.493357 0.301892 0.125425 0.598702 0.631036 0.053120 0.384891 0.709392 
0.425480 0.774366 0.427433 0.708354 0.150294 0.693752 0.467182 0.691345 0.468734 0.127222 
0.527340 0.202694 0.253393 0.515665 0.587104 0.175133 0.597709 0.593924 0.487382 0.595507 
0.433279 0.136629 0.379662 0.980897 0.109879 0.702427 0.583381 0.276349 0.573350 0.651623 
0.006531 0.690841 0.288796 0.747224 0.445491 0.091750 0.828051 0.830560 0.583657 0.306405 
0.406418 0.037591 0.875399 0.285423 0.169056 0.730527 0.503868 0.664438 0.347701 0.795783 
0.909727 0.538425 0.091588 0.894712 0.606266 0.071064 0.336305 0.577899 0.812218 0.338526 
0.595879 0.569463 0.052619 0.705778 0.039791 0.576733 0.384322 0.142130 0.899569 0.068673 
0.269311 0.750834 0.398419 0.899379 0.191447 0.688482 0.381539 0.146100 0.757719 0.908442 
0.221613 0.562030 0.322325 0.614471 0.890180 0.432483 0.640143 0.394522 0.792889 0.685261 
0.746454 0.477026 0.393510 0.736372 0.276751 0.215082 0.835563 0.375868 0.934690 0.328696 
0.444368 0.038670 0.760001 0.178403 0.904169 0.563619 0.172960 0.349231 0.612465 0.864426 
0.635983 0.170464 0.529492 0.939538 0.403348 0.759908 0.191768 0.775361 0.458412 0.313331 
0.759751 0.153162 0.335334 0.994019 0.135881 0.647178 0.419798 0.655588 0.971075 0.356665 
0.027609 0.316309 0.569421 0.657025 0.214368 0.353447 0.733246 0.318541 0.626397 0.751900 
0.249053 0.728062 0.703889 0.604552 0.116389 0.058293 0.967862 0.161943 0.612066 0.973987 
0.391858 0.550499 0.555666 0.837888 0.848433 0.572387 0.151355 0.411893 0.704248 0.560112 
0.612274 0.022825 0.772984 0.579761 0.308800 0.433825 0.855090 0.196405 0.814918 0.508280 
0.460376 0.004555 0.517888 0.763720 0.914443 0.366199 0.108601 0.274465 0.739344 0.544281 
0.891203 0.299627 0.058216 0.810409 0.386395 0.197346 0.692269 0.960951 0.431413 0.281825 
0.464125 0.552399 0.145861 0.219922 0.577085 0.571096 0.571345 0.805238 0.344522 0.682522 
0.457449 0.674672 0.552088 0.428877 0.592421 0.137134 0.221091 0.729284 0.719941 0.415608 
0.327301 0.477930 0.831894 0.369854 0.266488 0.652805 0.099747 0.261391 0.655556 0.713114 
0.145673 0.602900 0.754920 0.582854 0.579961 0.994288 0.293466 0.197230 0.799221 0.423886 
0.096583 0.535276 0.737232 0.068583 0.192770 0.659884 0.339951 0.777568 0.603801 0.947363 
0.684300 0.296116 0.866449 0.270621 0.663279 0.438551 0.145706 0.360204 0.996546 0.090565 
0.527262 0.781061 0.123883 0.837724 0.404059 0.889921 0.172176 0.983100 0.609659 0.386472 
0.334556 0.360062 0.263817 0.927776 0.385667 0.926231 0.284638 0.749170 0.330836 0.410375 
0.820711 0.924109 0.350613 0.964918 0.736176 0.512734 0.327493 0.825938 0.284004 0.313725 
0.638558 0.591458 0.258124 0.307969 0.491288 0.992721 0.670064 0.362330 0.437777 0.662845 
0.134729 0.559073 0.644229 0.579262 0.043266 0.231541 0.644947 0.408153 0.919150 0.543851 
0.122697 0.473743 0.407859 0.898298 0.574973 0.010278 0.811239 0.772688 0.534999 0.277762 
0.338502 0.556883 0.388784 0.499411 0.668503 0.252311 0.325241 0.641827 0.606756 0.190863 
0.382035 0.348033 0.866969 0.465643 0.029570 0.564019 0.816781 0.147882 0.585819 0.355997 
0.045411 0.583255 0.530206 0.292024 0.511387 0.719230 0.078322 0.885600 0.089135 0.855351 
0.269013 0.935063 0.241064 0.441955 0.721952 0.369364 0.495477 0.571891 0.437919 0.487000 
0.596165 0.536920 0.075503 0.627329 0.254534 0.940312 0.715318 0.358376 0.877641 0.603798 
0.569080 0.671063 0.490252 0.359900 0.778144 0.371740 0.568982 0.773626 0.456528 0.592154 
0.002668 0.904653 0.719476 0.262404 0.728892 0.205315 0.589153 0.069298 0.820638 0.409515 
0.318868 0.257413 0.496700 0.700429 0.434726 0.770925 0.122528 0.063535 0.464713 0.516874 
0.681684 0.202473 0.806825 0.015091 0.920503 0.148065 0.540524 0.296351 0.237806 0.712437 
0.824565 0.301038 0.941916 0.416506 0.305671 0.982457 0.285283 0.416957 0.637451 0.362965 
0.650719 0.391986 0.298585 0.911593 0.428886 0.411874 0.375455 0.611056 0.513291 0.235626 
0.429953 0.790913 0.389996 0.018293 0.543297 0.448690 0.701776 0.489732 0.428531 0.408818 
0.246016 0.415208 0.898319 0.635785 0.119233 0.937194 0.811093 0.549984 0.707801 0.524258 
0.613815 0.500208 0.589924 0.632199 0.163700 0.906236 0.456109 0.312698 0.768983 0.232654 
0.977544 0.484316 0.390241 0.158512 0.451614 0.878123 0.645963 0.002981 0.817331 0.684275 
0.500344 0.485469 0.212026 0.395730 0.170503 0.865011 0.322225 0.048212 0.464130 0.995831 
0.246488 0.251492 0.761369 0.150890 0.763441 0.857686 0.291659 0.112032 0.982258 0.458160 
0.951700 0.321906 0.542189 0.224043 0.288492 0.498795 0.529997 0.629311 0.428977 0.809488 
0.137564 0.412433 0.629384 0.011073 0.354463 0.701334 0.302235 0.403838 0.280058 0.770816 
0.241609 0.676191 0.855915 0.696242 0.501383 0.201574 0.766091 0.957443 0.362820 0.206395 
0.920631 0.284501 0.322538 0.386070 0.950313 0.593004 0.255643 0.733804 0.639086 0.282396 
0.343479 0.056847 0.650522 0.857248 0.157306 0.913888 0.303656 0.547918 0.122555 0.988479 
0.608120 0.652971 0.461109 0.114423 0.459296 0.863653 0.061891 0.452331 0.862929 0.585408 
0.681995 0.080615 0.895744 0.712292 0.635871 0.446171 0.531567 0.272166 0.548931 0.581836 
0.099765 0.756695 0.476822 0.656202 0.093797 0.370227 0.515831 0.635654 0.984455 0.260037 
0.659309 0.067768 0.733276 0.991967 0.144199 0.165361 0.739492 0.409568 0.643862 0.309481 
0.917814 0.139874 0.536131 0.699288 0.351970 0.746002 0.062096 0.379374 0.931171 0.176000 
0.405201 0.999607 0.151917 0.510517 0.636811 0.237137 0.367819 0.321832 0.243934 0.546342 
0.505669 0.931080 0.040205 0.966492 0.736409 0.106465 0.501369 0.951858 0.147799 0.602188 
0.754176 0.039702 0.609438 0.737603 0.344600 0.361905 0.344723 0.633104 0.114517 0.576939 
0.815128 0.734615 0.396859 0.750439 0.155316 0.634662 0.849647 0.116597 0.594375 0.330888 
0.890819 0.352215 0.047402 0.803242 0.872057 0.504514 0.279030 0.847842 0.265929 0.340343 
0.474603 0.584412 0.687889 0.335212 0.807033 0.328096 0.393797 0.766497 0.086061 0.806929 
0.365869 0.109278 0.086406 0.959943 0.323958 0.160444 0.405295 0.700788 0.210198 0.958837 
0.599427 0.665861 0.540018 0.558324 0.300185 0.860470 0.487602 0.470654 0.440230 0.949464 
0.885199 0.572616 0.203330 0.788244 0.927420 0.471189 0.448480 0.533304 0.111183 0.250999 
0.192910 0.651320 0.433759 0.582834 0.491698 0.070914 0.837892 0.354862 0.538671 0.597787 
0.437159 0.617207 0.357958 0.369287 0.355453 0.692192 0.637898 0.808126 0.443074 0.215078 
0.309967 0.803629 0.493162 0.479696 0.610294 0.370817 0.891384 0.384837 0.316079 0.900022 
0.616118 0.830014 0.540946 0.488050 0.448355 0.254318 0.811423 0.354451 0.540631 0.603058 
0.493710 0.319848 0.851797 0.561115 0.837602 0.041296 0.245989 0.786837 0.154123 0.809172 
0.428217 0.198596 0.789548 0.043577 0.586542 0.818743 0.877273 0.105284 0.585914 0.782606 
0.500844 0.410401 0.427652 0.644359 0.926642 0.836838 0.382014 0.686666 0.312096 0.011412 
0.185539 0.700888 0.420965 0.191408 0.140660 0.518304 0.257360 0.553099 0.496176 0.898019 
0.403615 0.735580 0.733183 0.540056 0.809566 0.722366 0.351130 0.517893 0.542280 0.553903 
0.158820 0.399350 0.855944 0.087199 0.372591 0.554849 0.360609 0.449468 0.580682 0.444704 
0.841867 0.320478 0.488180 0.869822 0.693292 0.316852 0.165235 0.509448 0.953666 0.317587 
0.789536 0.391227 0.596223 0.581061 0.260517 0.650490 0.355483 0.877499 0.589420 0.609341 
0.649783 0.788719 0.347219 0.639057 0.239068 0.848076 0.602821 0.155658 0.638046 0.124633 
0.422507 0.080070 0.948079 0.333521 0.762150 0.000872 0.236030 0.413417 0.474215 0.568717 
0.236302 0.495963 0.711202 0.900489 0.667262 0.206590 0.603443 0.475990 0.899394 0.776047 
0.385294 0.479277 0.680690 0.186295 0.132267 0.972727 0.279089 0.535928 0.515155 0.657504 
0.995832 0.420725 0.373674 0.183011 0.575711 0.798570 0.938618 0.315376 0.169331 0.402553 
0.472399 0.892946 0.482942 0.099832 0.390194 0.527088 0.619224 0.432214 0.604138 0.707828 
0.623285 0.708360 0.762476 0.455437 0.629012 0.794368 0.120327 0.580825 0.994211 0.068162 
0.750718 0.444383 0.507337 0.541584 0.138886 0.199736 0.575621 0.899912 0.426643 0.213366 
0.857171 0.074672 0.776912 0.550592 0.117120 0.131763 0.864640 0.086960 0.747903 0.205507 
0.407704 0.458999 0.926028 0.613856 0.398492 0.126415 0.902945 0.554345 0.865163 0.193418 
0.155379 0.348563 0.348654 0.895948 0.238389 0.748938 0.873615 0.463990 0.051730 0.920027 
0.325430 0.711815 0.657639 0.174221 0.451869 0.548938 0.713173 0.450943 0.653013 0.707424 
0.919395 0.363365 0.284706 0.232173 0.394454 0.329627 0.570987 0.559427 0.663588 0.080085 
0.566929 0.776219 0.499332 0.601882 0.522645 0.573825 0.261407 0.682694 0.464309 0.637956 
0.011178 0.672247 0.732926 0.111802 0.614433 0.834145 0.223178 0.596117 0.701987 0.909457 
0.726715 0.372412 0.526616 0.585243 0.324332 0.782382 0.510205 0.417466 0.819244 0.503705 
0.313114 0.526540 0.297978 0.695020 0.839695 0.668132 0.569898 0.281218 0.043811 0.695097 
0.967934 0.556162 0.041552 0.376952 0.665219 0.629569 0.590715 0.616828 0.132039 0.415753 
0.212723 0.174585 0.575428 0.963763 0.090360 0.300796 0.716731 0.318349 0.425515 0.865104 
0.888193 0.783772 0.598715 0.096251 0.969290 0.758563 0.230495 0.386106 0.312747 0.481999 
0.325967 0.451830 0.342260 0.925602 0.675358 0.621978 0.111041 0.656015 0.928761 0.441741 
0.404985 0.733381 0.535007 0.262645 0.223280 0.664473 0.327252 0.395403 0.516961 0.452735 
0.839567 0.102686 0.632183 0.183979 0.718439 0.242984 0.753308 0.206244 0.395168 0.777002 
0.248813 0.490708 0.746161 0.831494 0.599836 0.560015 0.455207 0.687801 0.139877 0.706502 
0.785125 0.214257 0.399796 0.596540 0.933218 0.032484 0.787681 0.244364 0.815683 0.439004 
0.518788 0.901170 0.318499 0.239094 0.471447 0.759895 0.642205 0.175679 0.639025 0.683333 
0.225699 0.839684 0.355281 0.969659 0.291075 0.877642 0.371818 0.617391 0.199651 0.519503 
0.634062 0.120557 0.887817 0.539688 0.261310 0.642036 0.122162 0.574484 0.665261 0.847194 
0.493993 0.235968 0.858618 0.747190 0.144859 0.845114 0.101916 0.688583 0.922537 0.226361 
0.907804 0.246080 0.748966 0.582864 0.325239 0.864894 0.294164 0.833482 0.658763 0.207299 
0.995267 0.042205 0.190427 0.863561 0.761173 0.140815 0.337229 0.250111 0.451523 0.670270 
0.445418 0.534583 0.598135 0.421938 0.161872 0.459411 0.682155 0.389834 0.662774 0.688949 
0.916875 0.631787 0.263603 0.877206 0.105469 0.859190 0.455934 0.281091 0.490299 0.699311 
0.489994 0.546267 0.007830 0.413276 0.830452 0.530828 0.634458 0.546033 0.719417 0.636648 
0.878681 0.306789 0.501712 0.741850 0.733898 0.310973 0.285721 0.053969 0.920113 0.164360 
0.105472 0.326819 0.438956 0.794167 0.292652 0.489424 0.371959 0.432168 0.514635 0.644613 
0.216612 0.993651 0.775921 0.376098 0.678313 0.208667 0.269010 0.916077 0.108765 0.786240 
0.429806 0.287146 0.893146 0.800304 0.193370 0.086320 0.314144 0.921411 0.264184 0.365650 
0.388412 0.823833 0.604138 0.374274 0.105550 0.462495 0.753821 0.461268 0.562670 0.820444 
0.792483 0.014253 0.211877 0.642220 0.912657 0.467210 0.577637 0.449623 0.228650 0.359905 
0.528847 0.349918 0.732769 0.188070 0.751908 0.244048 0.653670 0.019346 0.730911 0.822086 
0.452289 0.737551 0.586242 0.090484 0.766180 0.504929 0.039954 0.602083 0.458406 0.526789 
0.092568 0.339871 0.620412 0.184360 0.832773 0.252357 0.808635 0.118351 0.477144 0.720424 
0.901936 0.315653 0.251073 0.678043 0.501927 0.547739 0.417398 0.673319 0.043099 0.482856 
0.273711 0.338241 0.444784 0.921355 0.142107 0.487115 0.090269 0.914870 0.730583 0.638010 
0.311334 0.509340 0.746361 0.999342 0.299988 0.564191 0.216960 0.988912 0.068976 0.588354 
0.300184 0.660226 0.542538 0.577804 0.563391 0.638440 0.263256 0.287586 0.846130 0.147259 
0.306321 0.748963 0.650955 0.363264 0.287782 0.663009 0.183966 0.812165 0.464144 0.279367 
0.123706 0.485059 0.664599 0.744870 0.459924 0.314434 0.801616 0.089342 0.816226 0.882144 
0.576726 0.716990 0.681870 0.062304 0.723462 0.299044 0.535913 0.638100 0.516814 0.583973 
0.300870 0.708757 0.025727 0.629080 0.733274 0.031324 0.468486 0.161928 0.728510 0.495412 
0.698494 0.112156 0.009015 0.563215 0.997010 0.056199 0.682395 0.855926 0.327661 0.244458 
0.201364 0.358566 0.795886 0.326712 0.545307 0.228661 0.752334 0.422595 0.720566 0.621285 
0.464644 0.512454 0.050590 0.404628 0.745153 0.355222 0.751449 0.397996 0.619730 0.337129 
0.021087 0.491580 0.827187 0.424382 0.211295 0.606732 0.450528 0.184471 0.892343 0.751613 
0.577129 0.436298 0.837806 0.041041 0.688528 0.407364 0.592983 0.062268 0.769065 0.079629 
0.393832 0.789476 0.486787 0.623698 0.246975 0.899022 0.294414 0.320293 0.578321 0.662705 
0.960253 0.357548 0.898131 0.529684 0.095125 0.994451 0.772126 0.243200 0.849440 0.289644 
0.257220 0.306096 0.745503 0.433229 0.322780 0.516990 0.607866 0.444184 0.521073 0.162510 
0.880983 0.303770 0.070781 0.670748 0.670258 0.380015 0.200860 0.735057 0.829342 0.224524 
0.225150 0.575111 0.835400 0.131465 0.535723 0.403331 0.379937 0.914656 0.542805 0.188624 
0.964415 0.739160 0.062987 0.968416 0.314050 0.376565 0.351475 0.865045 0.482287 0.523062 
0.480069 0.259467 0.417658 0.446136 0.584840 0.376713 0.368283 0.424608 0.427016 0.510362 
0.822844 0.323101 0.803194 0.756217 0.835095 0.443202 0.503114 0.296688 0.137603 0.509353 
0.876111 0.345216 0.890385 0.062955 0.985279 0.303277 0.699019 0.722364 0.050166 0.736704 
0.484134 0.877044 0.019252 0.733676 0.245638 0.449241 0.888541 0.990253 0.152601 0.581728 
0.509024 0.558338 0.836241 0.478103 0.829503 0.088618 0.971783 0.239627 0.630248 0.769690 
0.775089 0.735849 0.060007 0.976007 0.444437 0.005088 0.282884 0.669569 0.668916 0.116974 
0.381224 0.702990 0.181518 0.621296 0.613553 0.799297 0.429585 0.525253 0.196494 0.927461 
0.491281 0.298265 0.725758 0.215987 0.416693 0.365692 0.064915 0.997430 0.494542 0.231031 
0.921370 0.676255 0.096816 0.940000 0.624586 0.226079 0.310636 0.399728 0.962021 0.222705 
0.611701 0.218381 0.758718 0.361950 0.555050 0.126073 0.791029 0.597577 0.128040 0.853222 
0.493029 0.569866 0.243534 0.616103 0.299826 0.815966 0.267296 0.737884 0.442413 0.849932 
0.698713 0.723528 0.427839 0.720670 0.772133 0.333277 0.964368 0.652978 0.804660 0.000172 
0.803844 0.232794 0.709793 0.543857 0.054165 0.538417 0.704783 0.130693 0.282921 0.603083 
0.648130 0.407291 0.432228 0.656531 0.574453 0.538307 0.057853 0.687068 0.852829 0.193979 
0.398883 0.876207 0.282421 0.113681 0.793957 0.473483 0.431642 0.264805 0.300778 0.594144 
0.605449 0.082564 0.644505 0.395358 0.722944 0.550508 0.550194 0.808504 0.543154 0.487808 
0.253841 0.938945 0.123615 0.450321 0.262818 0.548930 0.389800 0.454529 0.870063 0.036319 
0.492390 0.894442 0.193823 0.530602 0.393486 0.210066 0.791181 0.169535 0.500708 0.494045 
0.869482 0.663925 0.578048 0.294236 0.346503 0.862806 0.242896 0.517936 0.017998 0.571904 
0.692619 0.307592 0.940402 0.602755 0.469363 0.344504 0.609493 0.690556 0.738172 0.189808 
0.545016 0.686865 0.418596 0.317245 0.659230 0.049236 0.490904 0.808398 0.317531 0.143798 
0.302038 0.862722 0.713565 0.088604 0.812695 0.938997 0.091466 0.978003 0.510275 0.496494 
0.253134 0.244876 0.627782 0.318301 0.652741 0.381947 0.350813 0.901297 0.413844 0.515517 
0.059299 0.728281 0.671964 0.362634 0.513308 0.628434 0.440676 0.585458 0.740452 0.724847 
0.574299 0.503848 0.025789 0.924819 0.228057 0.755413 0.503525 0.593909 0.908852 0.700837 
0.464973 0.856179 0.415142 0.576137 0.879994 0.560380 0.151738 0.691221 0.014552 0.425399 
0.295855 0.436755 0.781429 0.538482 0.337861 0.615333 0.414130 0.551602 0.920070 0.285660 
0.180107 0.149517 0.631617 0.458510 0.603878 0.374540 0.677907 0.904190 0.171206 0.839186 
0.658083 0.235623 0.366884 0.430985 0.827097 0.673702 0.192147 0.241735 0.517727 0.059580 
0.076383 0.718869 0.501594 0.096625 0.521370 0.465008 0.124881 0.274044 0.917155 0.464663 
0.508773 0.222341 0.995412 0.120775 0.329087 0.225990 0.766820 0.842103 0.296139 0.501898 
0.985326 0.197596 0.678546 0.625423 0.912051 0.544114 0.096974 0.899794 0.511630 0.275245 
0.052530 0.771640 0.049317 0.555072 0.931482 0.279614 0.229316 0.520269 0.631684 0.794859 
0.055121 0.428091 0.707180 0.821127 0.061389 0.611092 0.857256 0.543392 0.781651 0.115155 
0.087635 0.386233 0.739262 0.161895 0.355093 0.715610 0.722016 0.753392 0.103223 0.615152 
0.583374 0.118324 0.854330 0.535809 0.177917 0.450682 0.507257 0.449362 0.453445 0.126051 
0.417113 0.317132 0.398144 0.422880 0.673928 0.566896 0.531483 0.338407 0.968045 0.407724 
0.684782 0.556677 0.112431 0.707519 0.661903 0.589684 0.157154 0.755032 0.636662 0.140811 
0.473875 0.685052 0.499776 0.376465 0.458584 0.421893 0.384763 0.178817 0.641223 0.387098 
0.600305 0.052662 0.934698 0.439607 0.475834 0.477501 0.302698 0.497249 0.543193 0.374210 
0.339573 0.830947 0.475758 0.247797 0.297950 0.423209 0.624828 0.608711 0.629609 0.376393 
0.894049 0.346303 0.642526 0.468589 0.209359 0.762833 0.643439 0.662129 0.098400 0.815083 
0.858353 0.153029 0.455479 0.701948 0.327911 0.705798 0.825661 0.575286 0.353300 0.819350 
0.534547 0.940508 0.179000 0.454512 0.598101 0.748528 0.407492 0.141560 0.843206 0.126097 
0.090374 0.945135 0.140099 0.695020 0.224701 0.950793 0.521281 0.429982 0.087748 0.847712 
0.320796 0.476885 0.836976 0.037638 0.842931 0.038131 0.865399 0.268089 0.096803 0.807419 
0.043826 0.994284 0.120651 0.627580 0.317695 0.619769 0.908167 0.390210 0.770227 0.249910 
0.670278 0.460655 0.818904 0.760824 0.297288 0.873158 0.031685 0.309118 0.656903 0.678198 
0.508276 0.085523 0.522156 0.436079 0.240954 0.468864 0.625679 0.685104 0.402492 0.846542 
0.676769 0.484797 0.037089 0.957973 0.819657 0.291735 0.600566 0.041105 0.834591 0.560464 
0.642068 0.348385 0.716185 0.236962 0.869554 0.605315 0.100214 0.936591 0.131275 0.621132 
0.642849 0.523446 0.083249 0.260032 0.633067 0.602171 0.291674 0.474101 0.705425 0.784278 
0.150655 0.353973 0.486659 0.909567 0.812543 0.418082 0.482800 0.053280 0.535133 0.948150 
0.970834 0.354236 0.910661 0.877125 0.367156 0.653393 0.760445 0.418444 0.600638 0.312809 
0.481008 0.499558 0.366587 0.084875 0.388084 0.997627 0.772404 0.405576 0.129612 0.692584 
0.182057 0.308244 0.455048 0.629203 0.022025 0.885988 0.361479 0.032378 0.838787 0.889417 
0.230818 0.775153 0.479484 0.716727 0.713123 0.438070 0.233834 0.966482 0.422133 0.654971 
0.374874 0.455007 0.699924 0.195721 0.654799 0.555930 0.401172 0.642133 0.619219 0.402639 
0.560245 0.220947 0.764797 0.514190 0.098601 0.187043 0.777993 0.583130 0.622410 0.532738 
0.300067 0.943140 0.472568 0.649961 0.070303 0.848646 0.708219 0.578464 0.071971 0.651672 
0.508033 0.856821 0.484836 0.484438 0.176282 0.882999 0.138283 0.375633 0.229682 0.421143 
0.773163 0.255287 0.388337 0.437072 0.964811 0.339931 0.628574 0.183828 0.253581 0.590485 
0.939963 0.338591 0.926723 0.050463 0.537167 0.614825 0.704145 0.383451 0.251755 0.415571 
0.596695 0.788612 0.652535 0.367561 0.127674 0.328829 0.551197 0.223962 0.951443 0.316579 
0.309315 0.442393 0.698077 0.416833 0.776631 0.254626 0.398277 0.296774 0.986743 0.040389 
0.264727 0.097577 0.630623 0.820486 0.403312 0.606629 0.809310 0.625407 0.167013 0.896739 
