5
1000
0.303212 0.622887 0.321422 0.564074 0.842588 
0.491161 0.523135 0.318854 0.744678 0.244168 
0.226182 0.416873 0.552701 0.635024 0.512934 
0.758135 0.532765 0.834033 0.036042 0.434365 
0.351826 0.668096 0.975292 0.737802 0.054785 
0.795135 0.908559 0.692205 0.030797 0.169443 
0.522780 0.674354 0.482083 0.051566 0.592395 
0.817886 0.097267 0.923741 0.555562 0.120587 
0.975976 0.486266 0.290259 0.800981 0.242939 
0.559620 0.064104 0.681637 0.206194 0.614663 
0.456384 0.594546 0.655005 0.352755 0.076691 
0.850821 0.351211 0.449930 0.087048 0.848893 
0.210246 0.549627 0.972464 0.287075 0.394756 
0.215391 0.228361 0.619327 0.785178 0.850394 
0.641458 0.720499 0.044733 0.969628 0.017976 
0.457140 0.362046 0.984472 0.214442 0.368499 
0.543012 0.521325 0.680235 0.050728 0.263452 
0.803716 0.588892 0.263373 0.908717 0.165669 
0.963383 0.539979 0.167399 0.699822 0.075314 
0.659791 0.238771 0.698372 0.825126 0.178166 
0.555993 0.377096 0.263580 0.483975 0.561006 
0.599121 0.405834 0.606725 0.590923 0.139513 
0.079475 0.882692 0.608516 0.433468 0.556250 
0.274998 0.494389 0.204578 0.914062 0.483263 
0.442990 0.238649 0.767396 0.738749 0.327403 
0.566501 0.719144 0.960788 0.507477 0.138059 
0.459048 0.919181 0.574315 0.391212 0.213983 
0.884378 0.320220 0.196759 0.875009 0.106203 
0.342863 0.734595 0.466106 0.538197 0.208413 
0.747578 0.127055 0.954127 0.071124 0.755221 
0.186885 0.458427 0.660679 0.388596 0.512897 
0.568485 0.366785 0.563752 0.005105 0.781201 
0.745531 0.140891 0.364930 0.851080 0.400265 
0.122362 0.202230 0.579793 0.617307 0.667372 
0.420898 0.320392 0.922169 0.242506 0.949444 
0.968230 0.705661 0.528142 0.044672 0.180938 
0.539976 0.027365 0.585623 0.415377 0.834058 
0.898630 0.619888 0.604036 0.121675 0.398171 
0.974888 0.437052 0.089082 0.599138 0.692730 
0.740608 0.252605 0.104698 0.684662 0.479484 
0.208104 0.438233 0.959467 0.330309 0.636747 
0.455345 0.510634 0.199880 0.736201 0.531040 
0.055434 0.678522 0.648409 0.334969 0.650652 
0.523098 0.549836 0.312980 0.819120 0.107011 
0.565660 0.408358 0.355823 0.489449 0.617479 
0.151831 0.964509 0.830493 0.123700 0.473419 
0.059886 0.963135 0.273766 0.737109 0.470693 
0.174272 0.345244 0.967117 0.133068 0.916911 
0.321570 0.248798 0.591801 0.439190 0.728125 
0.438327 0.388989 0.454627 0.548940 0.955839 
0.193482 0.439445 0.865568 0.735666 0.443537 
0.870081 0.100735 0.950937 0.217841 0.680979 
0.550293 0.389529 0.098099 0.537245 0.828884 
0.488777 0.631442 0.244927 0.680051 0.645480 
0.162883 0.561963 0.846170 0.194834 0.901472 
0.566285 0.706036 0.750804 0.498426 0.406131 
0.588477 0.649679 0.834795 0.273664 0.748973 
0.547633 0.909699 0.255369 0.304563 0.621366 
0.602094 0.491046 0.179966 0.541940 0.407279 
0.802889 0.691111 0.535119 0.546819 0.121846 
0.589261 0.432814 0.309892 0.489316 0.514917 
0.046843 0.121260 0.679235 0.915391 0.630753 
0.135728 0.680802 0.189658 0.313380 0.794007 
0.993174 0.859186 0.439515 0.223519 0.471247 
0.371084 0.108896 0.801656 0.044850 0.693633 
0.708586 0.508718 0.527434 0.631083 0.434358 
0.617467 0.175291 0.715424 0.299827 0.814693 
0.326138 0.713096 0.535146 0.498111 0.461507 
0.777370 0.358016 0.788131 0.083825 0.306295 
0.693666 0.548437 0.273989 0.384658 0.155218 
0.534761 0.586916 0.026774 0.599537 0.412577 
0.292514 0.821356 0.518664 0.739821 0.041103 
0.913974 0.532431 0.620842 0.440690 0.148056 
0.676730 0.493445 0.251339 0.471314 0.644512 
0.115683 0.405929 0.852743 0.705096 0.537408 
0.388004 0.954299 0.307851 0.539054 0.595418 
0.733128 0.937803 0.441957 0.117397 0.544875 
0.791811 0.334544 0.390269 0.568590 0.363518 
0.483600 0.436746 0.149975 0.491576 0.770705 
0.532081 0.618323 0.623530 0.343503 0.572210 
0.462316 0.566281 0.582856 0.587029 0.882930 
0.809788 0.249320 0.573999 0.476689 0.273994 
0.372176 0.947738 0.678290 0.061275 0.747580 
0.066950 0.737434 0.562060 0.765826 0.313557 
0.413818 0.698993 0.200686 0.561753 0.328339 
0.141740 0.607123 0.095333 0.716652 0.556479 
0.412576 0.281226 0.340353 0.855047 0.730077 
0.899707 0.481323 0.740634 0.403948 0.265056 
0.758912 0.026937 0.819980 0.822638 0.263459 
0.385481 0.761131 0.277928 0.750007 0.221505 
0.192254 0.725567 0.334671 0.987524 0.209814 
0.306203 0.579663 0.540939 0.526985 0.380596 
0.073109 0.730880 0.947722 0.715684 0.358478 
0.645591 0.110633 0.567089 0.657809 0.737844 
0.505178 0.246964 0.436922 0.754102 0.692163 
0.435810 0.433511 0.533908 0.746153 0.164350 
0.719645 0.054256 0.099056 0.764288 0.764697 
0.512850 0.250527 0.581580 0.171832 0.385447 
0.066463 0.962140 0.946807 0.016540 0.648028 
0.433713 0.379093 0.555920 0.185540 0.819022 
0.732296 0.344530 0.879367 0.503024 0.140285 
0.506935 0.939763 0.369042 0.654366 0.330406 
0.895844 0.663321 0.136143 0.330729 0.877900 
0.581467 0.124777 0.688603 0.429717 0.763875 
0.500471 0.031021 0.367275 0.314016 0.950871 
0.009674 0.385805 0.499739 0.862581 0.366620 
0.429365 0.354285 0.455502 0.432391 0.867240 
0.574834 0.087703 0.593312 0.702202 0.622341 
0.654758 0.358467 0.579291 0.300147 0.661591 
0.264269 0.701058 0.434771 0.084077 0.882118 
0.862876 0.263498 0.653161 0.477517 0.083303 
0.314659 0.525832 0.689812 0.197994 0.901940 
0.435661 0.414610 0.951993 0.391178 0.481747 
0.311136 0.486436 0.257986 0.607006 0.955363 
0.476185 0.165892 0.628586 0.657431 0.551017 
0.489152 0.637386 0.400045 0.621664 0.587728 
0.914901 0.015552 0.651380 0.743494 0.116019 
0.401730 0.800049 0.069737 0.567966 0.360942 
0.412400 0.293841 0.894800 0.456946 0.279935 
0.357166 0.909699 0.423403 0.287382 0.369577 
0.490800 0.055943 0.421702 0.488240 0.862682 
0.409522 0.369816 0.802448 0.385446 0.459246 
0.891209 0.619600 0.673735 0.284116 0.107890 
0.449810 0.758610 0.193532 0.572688 0.541144 
0.682025 0.080259 0.841079 0.179589 0.427014 
0.595835 0.926862 0.416273 0.830934 0.114662 
0.541600 0.590991 0.253775 0.874181 0.623500 
0.421962 0.730047 0.151154 0.423343 0.718642 
0.719658 0.493345 0.568883 0.182429 0.589712 
0.348314 0.840176 0.484249 0.659552 0.070601 
0.700138 0.692353 0.079732 0.485972 0.670816 
0.525120 0.047744 0.754317 0.212643 0.820819 
0.711500 0.135362 0.513882 0.687591 0.327882 
0.387360 0.731064 0.471732 0.855675 0.373373 
0.348239 0.544457 0.344852 0.573058 0.645466 
0.518553 0.498688 0.249728 0.754872 0.217923 
0.196654 0.901378 0.665136 0.295689 0.585814 
0.289165 0.257750 0.791436 0.869152 0.622365 
0.260808 0.201636 0.894433 0.471699 0.411570 
0.327171 0.918155 0.314223 0.544544 0.512262 
0.870449 0.572089 0.114350 0.680820 0.259951 
0.321770 0.721744 0.685994 0.654416 0.129196 
0.102099 0.998471 0.147033 0.441706 0.754074 
0.120209 0.388372 0.581439 0.782246 0.867571 
0.291826 0.111844 0.442115 0.946490 0.442888 
0.756136 0.889693 0.099581 0.172537 0.569407 
0.469483 0.758702 0.595819 0.475234 0.439895 
0.210314 0.532045 0.287193 0.945509 0.161057 
0.703860 0.582268 0.550761 0.019209 0.513992 
0.440448 0.796176 0.191597 0.723443 0.693792 
0.344501 0.063309 0.770050 0.092981 0.817275 
0.002832 0.822223 0.368074 0.737075 0.576250 
0.376592 0.147530 0.785478 0.474733 0.470716 
0.280136 0.158349 0.783634 0.444918 0.723005 
0.059479 0.623789 0.726113 0.276935 0.769710 
0.666538 0.405636 0.547433 0.334058 0.366614 
0.484884 0.559257 0.161916 0.410380 0.872512 
0.965728 0.066751 0.219308 0.678063 0.245615 
0.685086 0.540177 0.423120 0.295736 0.457301 
0.390893 0.093897 0.433236 0.846430 0.647921 
0.446699 0.077799 0.873708 0.108113 0.657083 
0.321683 0.299293 0.823744 0.650942 0.754852 
0.536287 0.078468 0.626734 0.093349 0.977762 
0.149310 0.674705 0.242370 0.845254 0.333990 
0.783676 0.210571 0.607673 0.477100 0.513603 
0.454013 0.466312 0.479963 0.662740 0.644473 
0.731559 0.265602 0.818254 0.314014 0.237539 
0.512198 0.566876 0.715117 0.239643 0.074419 
0.800019 0.388657 0.360069 0.135158 0.347633 
0.208086 0.555713 0.677429 0.997315 0.379965 
0.337619 0.070290 0.826153 0.589979 0.317713 
0.277507 0.067085 0.694370 0.428507 0.874181 
0.622679 0.498022 0.565286 0.013614 0.495785 
0.365947 0.436990 0.383221 0.401928 0.755580 
0.246460 0.421192 0.530996 0.861020 0.384884 
0.510746 0.740106 0.671437 0.664457 0.381381 
0.321356 0.663835 0.586273 0.415861 0.317164 
0.729657 0.180554 0.407364 0.550154 0.767601 
0.937870 0.398430 0.636343 0.413615 0.607109 
0.649194 0.505990 0.094696 0.182945 0.893745 
0.752334 0.331333 0.636616 0.075135 0.641166 
0.180280 0.585114 0.391880 0.152569 0.863237 
0.728512 0.148963 0.519244 0.948047 0.190915 
0.972404 0.353528 0.228837 0.549323 0.510835 
0.337556 0.977442 0.483558 0.031500 0.535231 
0.705936 0.130380 0.714011 0.505460 0.468871 
0.844627 0.445606 0.803872 0.327438 0.350456 
0.344842 0.554660 0.626730 0.755503 0.074571 
0.931982 0.513622 0.210232 0.395841 0.666166 
0.157732 0.938147 0.391342 0.547966 0.241445 
0.311489 0.977833 0.566259 0.210853 0.416324 
0.349240 0.904953 0.856863 0.132901 0.422161 
0.409843 0.420089 0.878317 0.182899 0.546544 
0.153916 0.951114 0.427485 0.354679 0.437550 
0.720764 0.942592 0.313563 0.060136 0.602106 
0.174440 0.942291 0.379024 0.552625 0.473865 
0.522118 0.076275 0.676557 0.065967 0.942198 
0.445304 0.037968 0.676725 0.126995 0.675597 
0.311768 0.717574 0.614113 0.466576 0.117957 
0.951733 0.294832 0.881538 0.235861 0.049029 
0.240343 0.705659 0.720877 0.235792 0.661487 
0.605311 0.259278 0.762654 0.583437 0.411726 
0.326102 0.176070 0.399337 0.671644 0.779595 
0.825284 0.699139 0.296266 0.391186 0.074143 
0.234544 0.338969 0.781158 0.611932 0.361444 
0.837616 0.478806 0.762062 0.421345 0.343515 
0.315033 0.266827 0.547964 0.890053 0.679873 
0.182789 0.581678 0.660271 0.520901 0.495331 
0.671531 0.370933 0.136534 0.778997 0.696660 
0.614454 0.681461 0.382231 0.099494 0.866255 
0.461071 0.672402 0.100623 0.923327 0.356106 
0.931287 0.891896 0.201889 0.909740 0.015409 
0.604655 0.376893 0.608718 0.614852 0.426043 
0.903031 0.202464 0.795308 0.416515 0.053100 
0.050039 0.738625 0.466881 0.392883 0.636508 
0.525363 0.514471 0.007414 0.666025 0.907925 
0.483167 0.683581 0.747525 0.433245 0.226923 
0.523321 0.844445 0.777570 0.119685 0.278035 
0.598673 0.456103 0.488132 0.624422 0.201408 
0.849798 0.287329 0.789531 0.346984 0.004741 
0.547609 0.695983 0.642653 0.682241 0.089964 
0.138087 0.935029 0.692263 0.219243 0.340261 
0.992999 0.019510 0.705350 0.640916 0.112493 
0.410363 0.861241 0.598422 0.498840 0.010518 
0.394435 0.351611 0.494263 0.518046 0.952173 
0.142707 0.823646 0.212985 0.564169 0.825252 
0.655489 0.516904 0.399338 0.203121 0.528960 
0.298736 0.158664 0.620465 0.777994 0.540799 
0.418019 0.189351 0.365567 0.782731 0.443709 
0.185603 0.060496 0.945181 0.395923 0.740512 
0.148577 0.948287 0.744362 0.213406 0.602081 
0.493919 0.150354 0.535189 0.830793 0.440717 
0.447996 0.167533 0.359992 0.834633 0.180353 
0.517920 0.703553 0.014830 0.685961 0.732888 
0.032982 0.676720 0.736621 0.590209 0.502824 
0.808118 0.053343 0.128228 0.371049 0.995733 
0.167002 0.802184 0.714836 0.409613 0.225818 
0.664426 0.266775 0.421549 0.686033 0.383032 
0.331109 0.823542 0.102020 0.707971 0.772817 
0.531610 0.715202 0.637296 0.598969 0.132863 
0.631701 0.398898 0.565179 0.413223 0.593228 
0.915936 0.289208 0.261122 0.873253 0.067128 
0.475263 0.866056 0.114971 0.718824 0.550930 
0.490420 0.565057 0.081451 0.323010 0.568258 
0.203280 0.936060 0.773692 0.431496 0.485808 
0.045407 0.502444 0.915710 0.642389 0.558463 
0.755877 0.835694 0.513052 0.486219 0.042856 
0.499036 0.269621 0.559279 0.296423 0.614259 
0.359199 0.461393 0.895302 0.160245 0.965271 
0.081693 0.600683 0.178972 0.837234 0.733600 
0.563529 0.471591 0.013641 0.628923 0.703931 
0.136880 0.662012 0.192213 0.575734 0.979066 
0.499965 0.845237 0.276216 0.171107 0.762587 
0.608317 0.613846 0.062790 0.259481 0.821165 
0.582432 0.142153 0.902988 0.019729 0.689557 
0.509234 0.980324 0.346526 0.669071 0.282750 
0.834016 0.799183 0.157720 0.373352 0.497666 
0.338632 0.715465 0.515718 0.520655 0.273728 
0.443932 0.068336 0.922845 0.540883 0.572629 
0.349811 0.747817 0.538724 0.551305 0.396718 
0.870040 0.660941 0.300937 0.432195 0.231649 
0.634486 0.457075 0.374011 0.900103 0.138618 
0.682135 0.574793 0.518609 0.924186 0.582660 
0.797444 0.245262 0.755406 0.331162 0.219882 
0.831930 0.400920 0.262952 0.658201 0.163373 
0.351216 0.673320 0.810534 0.857136 0.240656 
0.574234 0.371159 0.513344 0.510496 0.631466 
0.440625 0.217715 0.661392 0.640451 0.540858 
0.057802 0.690602 0.711613 0.538795 0.620340 
0.439394 0.772398 0.077212 0.494883 0.620115 
0.983279 0.490723 0.510316 0.580278 0.077054 
0.274412 0.540038 0.585903 0.468559 0.806086 
0.493068 0.516371 0.014637 0.896228 0.418447 
0.876501 0.937496 0.401663 0.206813 0.096660 
0.759129 0.407759 0.442326 0.043730 0.706498 
0.527166 0.911218 0.253589 0.637952 0.181072 
0.551980 0.711080 0.152811 0.885028 0.642929 
0.512356 0.390624 0.223672 0.529617 0.669104 
0.511668 0.146901 0.885518 0.252883 0.411401 
0.571079 0.037639 0.833948 0.069374 0.763745 
0.477975 0.192652 0.560222 0.477476 0.959009 
0.175221 0.299022 0.811528 0.460343 0.974077 
0.356227 0.733384 0.171812 0.176917 0.714564 
0.188712 0.415845 0.675790 0.702885 0.535578 
0.441764 0.309113 0.080675 0.964146 0.514917 
0.283715 0.369267 0.373266 0.282037 0.795124 
0.397465 0.343680 0.553313 0.620275 0.255272 
0.459386 0.691801 0.418269 0.551279 0.224867 
0.196933 0.485894 0.780050 0.305629 0.781857 
0.961137 0.697392 0.558479 0.162637 0.262466 
0.335621 0.389716 0.972003 0.384627 0.627908 
0.638865 0.418554 0.466797 0.806016 0.539157 
0.278313 0.613629 0.816481 0.520757 0.340236 
0.074412 0.970661 0.353461 0.278133 0.781674 
0.325873 0.368055 0.816145 0.166883 0.561422 
0.088223 0.905543 0.067807 0.954715 0.794682 
0.451068 0.432678 0.090196 0.662079 0.779904 
0.440011 0.321418 0.702032 0.652259 0.475393 
0.947404 0.463573 0.106553 0.093971 0.942539 
0.723860 0.289947 0.932902 0.749162 0.034657 
0.603755 0.670190 0.623543 0.061066 0.670318 
0.462152 0.146380 0.125828 0.677222 0.870500 
0.777504 0.235163 0.524883 0.838054 0.533612 
0.768924 0.022277 0.802803 0.306449 0.328666 
0.591562 0.750897 0.597529 0.395345 0.351806 
0.688687 0.642475 0.134377 0.258962 0.641601 
0.706456 0.559946 0.589783 0.113027 0.389527 
0.270445 0.701699 0.151389 0.797365 0.440407 
0.650367 0.264673 0.498984 0.442405 0.521089 
0.459054 0.167176 0.814210 0.647714 0.212724 
0.526461 0.514884 0.464534 0.874680 0.200495 
0.475107 0.135599 0.480171 0.475135 0.987134 
0.537511 0.631613 0.001368 0.392614 0.790252 
0.865750 0.030772 0.763896 0.236433 0.442026 
0.686727 0.611393 0.691847 0.532039 0.317698 
0.416654 0.249153 0.535956 0.589832 0.419525 
0.345095 0.588656 0.375956 0.763379 0.387166 
0.722536 0.515492 0.825306 0.371623 0.143851 
0.997379 0.044916 0.737818 0.559091 0.035356 
0.388960 0.526540 0.711914 0.637309 0.624401 
0.270612 0.814350 0.906631 0.631768 0.275828 
0.788863 0.276020 0.540638 0.365433 0.541013 
0.177843 0.612985 0.454256 0.784622 0.356782 
0.380766 0.652387 0.291176 0.555871 0.535499 
0.656952 0.645016 0.305004 0.626398 0.437440 
0.892049 0.109225 0.876361 0.131843 0.830436 
0.721740 0.519039 0.523262 0.163479 0.329511 
0.723665 0.174680 0.474107 0.589932 0.693496 
0.398694 0.639021 0.337033 0.070498 0.885416 
0.507237 0.497160 0.067111 0.882072 0.500804 
0.876396 0.528468 0.064603 0.393075 0.597543 
0.524624 0.355415 0.502910 0.535356 0.365984 
0.499051 0.000276 0.988753 0.490148 0.301387 
0.977579 0.477662 0.470224 0.561309 0.161784 
0.330174 0.973395 0.350215 0.728698 0.029143 
0.753132 0.256936 0.130671 0.289025 0.814615 
0.375418 0.983892 0.470802 0.126683 0.613326 
0.917544 0.410996 0.551270 0.121843 0.184125 
0.146927 0.719606 0.081244 0.756222 0.913968 
0.612243 0.886913 0.019360 0.671284 0.339242 
0.413131 0.839793 0.286605 0.925145 0.054783 
0.011602 0.599305 0.255307 0.882591 0.628748 
0.633960 0.579173 0.085539 0.332368 0.913429 
0.927724 0.677197 0.578723 0.112395 0.452205 
0.763733 0.311486 0.744157 0.529289 0.076018 
0.607425 0.902078 0.098174 0.888501 0.066242 
0.005256 0.890267 0.503501 0.298354 0.512958 
0.745447 0.631877 0.107168 0.817438 0.296243 
0.402379 0.862817 0.169734 0.626973 0.586263 
0.967138 0.482305 0.139973 0.931757 0.226099 
0.191367 0.874428 0.204676 0.657062 0.462887 
0.154741 0.693279 0.203282 0.890928 0.293159 
0.433150 0.378719 0.647967 0.226925 0.887914 
0.371663 0.793319 0.296363 0.376876 0.650582 
0.152957 0.549039 0.459578 0.409490 0.630931 
0.637815 0.287397 0.598422 0.516225 0.514198 
0.135689 0.911473 0.767352 0.510105 0.455015 
0.401155 0.779359 0.042037 0.971596 0.378306 
0.333734 0.416401 0.839682 0.663363 0.345629 
0.217910 0.869407 0.598502 0.563340 0.406317 
0.174759 0.961377 0.301889 0.329064 0.943200 
0.932970 0.155239 0.299160 0.584875 0.325051 
0.089912 0.824370 0.149851 0.723111 0.553609 
0.139360 0.205369 0.685288 0.173097 0.680179 
0.853389 0.700923 0.217082 0.535948 0.395675 
0.788603 0.300640 0.518063 0.670968 0.575800 
0.199399 0.759606 0.985712 0.497495 0.463071 
0.845381 0.365193 0.550725 0.256413 0.096831 
0.372448 0.026763 0.621644 0.552715 0.846607 
0.895221 0.212822 0.071989 0.385752 0.876740 
0.599967 0.386996 0.623069 0.178750 0.445523 
0.532912 0.287824 0.470269 0.562080 0.696257 
0.439627 0.436412 0.667154 0.573616 0.073261 
0.255521 0.747275 0.509971 0.509257 0.468841 
0.874062 0.430305 0.346840 0.203974 0.803936 
0.410603 0.541713 0.343663 0.696914 0.666712 
0.196770 0.012467 0.898706 0.564553 0.356955 
0.516201 0.607268 0.725894 0.432071 0.348080 
0.360142 0.809339 0.487504 0.915216 0.371892 
0.399684 0.162311 0.875292 0.541843 0.662119 
0.400333 0.494614 0.570706 0.272519 0.601239 
0.339268 0.751383 0.266844 0.950861 0.344578 
0.586615 0.811611 0.681188 0.234099 0.267528 
0.006164 0.873596 0.492946 0.211192 0.974758 
0.883667 0.318173 0.186938 0.981908 0.111836 
0.485075 0.557153 0.195621 0.667873 0.958191 
0.362669 0.325147 0.973955 0.644611 0.160109 
0.727866 0.478109 0.494860 0.633877 0.632160 
0.168834 0.607039 0.335096 0.617128 0.675581 
0.802364 0.511565 0.187523 0.390876 0.854126 
0.651772 0.610587 0.777462 0.356052 0.430981 
0.937541 0.156473 0.822671 0.060760 0.647374 
0.474438 0.142277 0.388994 0.632981 0.387464 
0.478051 0.738228 0.035404 0.458093 0.972716 
0.543852 0.861809 0.143759 0.338350 0.959301 
0.990244 0.413921 0.595162 0.522821 0.557657 
0.291639 0.377992 0.578628 0.388586 0.922308 
0.047832 0.957875 0.591766 0.338025 0.920319 
0.358590 0.998773 0.317868 0.796776 0.262303 
0.035266 0.479257 0.762700 0.996144 0.091871 
0.253368 0.561590 0.555003 0.740141 0.343390 
0.390607 0.065882 0.640636 0.941930 0.543874 
0.124816 0.667329 0.277183 0.320461 0.643335 
0.268675 0.516550 0.499127 0.574760 0.533975 
0.853493 0.328023 0.626684 0.165523 0.745673 
0.873271 0.703520 0.494551 0.304017 0.030737 
0.186356 0.446398 0.175171 0.896672 0.678943 
0.307060 0.621833 0.025435 0.855861 0.816815 
0.750074 0.418226 0.253280 0.561874 0.757296 
0.893376 0.476438 0.467549 0.425997 0.500900 
0.734775 0.122585 0.132523 0.855731 0.490154 
0.665497 0.920562 0.643376 0.119105 0.402887 
0.705296 0.205760 0.556543 0.682759 0.751900 
0.592891 0.307451 0.701719 0.158769 0.433253 
0.897703 0.857524 0.085981 0.498909 0.119994 
0.322395 0.955403 0.094351 0.329404 0.799666 
0.934754 0.491142 0.126086 0.594576 0.160200 
0.555090 0.380597 0.375388 0.950112 0.620269 
0.898991 0.319617 0.718157 0.526477 0.209941 
0.251991 0.940123 0.372423 0.150711 0.826968 
0.956703 0.576214 0.473127 0.171515 0.135857 
0.325692 0.453699 0.589754 0.842009 0.320761 
0.852451 0.733275 0.063136 0.231315 0.725640 
0.163594 0.674123 0.136769 0.620085 0.764830 
0.816146 0.959162 0.420721 0.013107 0.365857 
0.504749 0.453203 0.631572 0.324510 0.608971 
0.064463 0.838995 0.256879 0.359551 0.917998 
0.617983 0.790315 0.003924 0.115127 0.858044 
0.532465 0.910594 0.145343 0.645736 0.680031 
0.699900 0.193986 0.133627 0.909870 0.533954 
0.765924 0.809861 0.139194 0.096906 0.496976 
0.581993 0.791191 0.121883 0.848902 0.311350 
0.427880 0.537259 0.398241 0.539817 0.833509 
0.220600 0.852594 0.220442 0.525213 0.334900 
0.070017 0.398928 0.515106 0.728046 0.741881 
0.747591 0.485275 0.010116 0.738386 0.200085 
0.904209 0.120026 0.631359 0.908209 0.065652 
0.735516 0.180489 0.504809 0.425624 0.445022 
0.758341 0.589174 0.668827 0.307052 0.385216 
0.729237 0.896970 0.178346 0.162083 0.319978 
0.958070 0.083233 0.418282 0.823972 0.253288 
0.157044 0.369329 0.432400 0.286278 0.850168 
0.380389 0.906203 0.059131 0.300415 0.919524 
0.936364 0.119782 0.768408 0.437855 0.370312 
0.480035 0.249146 0.597656 0.284049 0.765279 
0.022053 0.332609 0.767454 0.266690 0.927371 
0.530021 0.507372 0.326842 0.510560 0.707011 
0.436198 0.384192 0.594734 0.024394 0.989208 
0.115558 0.782770 0.650035 0.827326 0.334647 
0.891179 0.083705 0.834679 0.815295 0.295522 
0.039964 0.792314 0.374412 0.492089 0.478469 
0.677234 0.768691 0.064483 0.414537 0.349103 
0.524843 0.750307 0.310421 0.082147 0.600611 
0.804533 0.363166 0.723813 0.766420 0.216773 
0.358182 0.414555 0.795665 0.360402 0.782119 
0.845973 0.656589 0.164976 0.762187 0.016436 
0.486997 0.159469 0.416332 0.762424 0.582060 
0.391225 0.873820 0.887409 0.033729 0.343411 
0.840777 0.217581 0.884261 0.387768 0.353493 
0.970895 0.278076 0.318336 0.456862 0.267562 
0.668192 0.479857 0.704313 0.587858 0.521886 
0.544186 0.815976 0.663091 0.167075 0.296153 
0.500333 0.937282 0.170858 0.455374 0.802310 
0.272790 0.847860 0.403240 0.403828 0.664206 
0.457182 0.476350 0.505451 0.384897 0.881457 
0.307976 0.958414 0.889425 0.449692 0.046314 
0.876444 0.287852 0.705319 0.109606 0.566954 
0.048704 0.404959 0.794139 0.792987 0.319884 
0.683048 0.797959 0.264728 0.594761 0.258535 
0.546671 0.365019 0.179167 0.496660 0.955015 
0.601309 0.105960 0.866936 0.607807 0.552990 
0.867154 0.360815 0.103088 0.382488 0.526781 
0.284766 0.631097 0.824417 0.469060 0.274972 
0.792175 0.587552 0.253541 0.810751 0.307029 
0.417586 0.583772 0.834493 0.269040 0.655300 
0.719305 0.104234 0.607027 0.423912 0.901359 
0.286604 0.936039 0.877742 0.057835 0.467944 
0.678831 0.453103 0.625097 0.377256 0.268426 
0.820623 0.544068 0.051760 0.300695 0.690463 
0.842467 0.036442 0.495334 0.556773 0.993041 
0.698951 0.097456 0.752550 0.386366 0.689058 
0.456970 0.543662 0.496743 0.463371 0.391683 
0.667095 0.953463 0.552866 0.546279 0.174445 
0.730090 0.639022 0.309922 0.601265 0.650153 
0.445230 0.466503 0.480036 0.773534 0.507327 
0.762995 0.071783 0.485739 0.420835 0.691996 
0.527073 0.332076 0.622232 0.157438 0.624557 
0.369861 0.911689 0.432473 0.709714 0.418508 
0.076679 0.687649 0.623861 0.384440 0.773506 
0.482618 0.235409 0.973807 0.746001 0.471028 
0.211830 0.390288 0.834767 0.319042 0.685535 
0.273587 0.425559 0.783108 0.914453 0.388165 
0.583374 0.915975 0.066103 0.397752 0.335203 
0.167703 0.564062 0.255109 0.761154 0.772932 
0.807915 0.249042 0.523353 0.798425 0.173272 
0.090579 0.437251 0.822263 0.343822 0.703960 
0.141450 0.724270 0.675247 0.277474 0.718832 
0.136571 0.058671 0.790195 0.519649 0.570089 
0.805337 0.287983 0.411454 0.589742 0.906438 
0.484379 0.957089 0.194397 0.625457 0.517941 
0.701963 0.180747 0.654880 0.110589 0.440651 
0.233747 0.281690 0.121768 0.796974 0.809963 
0.547853 0.728806 0.083986 0.451715 0.936134 
0.274232 0.438253 0.405337 0.338052 0.965968 
0.531739 0.608126 0.631446 0.229598 0.253998 
0.478641 0.019492 0.721285 0.928953 0.255204 
0.907129 0.284700 0.412078 0.448453 0.660452 
0.760673 0.500496 0.437684 0.215513 0.390125 
0.987212 0.101098 0.699314 0.925344 0.244699 
0.764747 0.937633 0.001487 0.656384 0.436043 
0.837550 0.850349 0.582028 0.143160 0.251499 
0.728931 0.525447 0.452658 0.657379 0.234553 
0.262931 0.613197 0.583333 0.930375 0.113783 
0.529813 0.391387 0.630525 0.790268 0.084377 
0.275383 0.895714 0.078478 0.339915 0.714206 
0.245754 0.499708 0.831897 0.256388 0.434935 
0.559048 0.981047 0.479043 0.643284 0.116756 
0.513804 0.904151 0.135647 0.999317 0.218302 
0.285370 0.518052 0.049950 0.667886 0.848341 
0.125951 0.998157 0.311957 0.295883 0.901253 
0.685462 0.603949 0.716742 0.449542 0.478976 
0.638543 0.625635 0.198009 0.703100 0.495300 
0.863946 0.537604 0.559802 0.128537 0.540019 
0.432911 0.062954 0.825154 0.480079 0.617099 
0.099572 0.199257 0.765750 0.458368 0.958637 
0.742393 0.767629 0.501618 0.380258 0.337777 
0.385207 0.547452 0.525033 0.391326 0.559236 
0.540102 0.789519 0.542574 0.880823 0.179468 
0.301797 0.732374 0.506754 0.092734 0.719603 
0.497813 0.679663 0.586566 0.502829 0.550394 
0.537258 0.780426 0.647204 0.319756 0.320479 
0.751029 0.116068 0.529442 0.857591 0.244880 
0.620963 0.074052 0.693241 0.173171 0.879518 
0.401395 0.562092 0.334369 0.514711 0.508274 
0.598544 0.166034 0.111486 0.694669 0.884763 
0.943706 0.436421 0.662020 0.107857 0.417854 
0.992139 0.214497 0.023133 0.831974 0.640358 
0.777598 0.392889 0.554704 0.362921 0.448282 
0.807492 0.599122 0.071795 0.650756 0.125912 
0.290856 0.920301 0.067127 0.280328 0.713604 
0.811689 0.218271 0.995812 0.304876 0.346089 
0.369809 0.524380 0.677174 0.571159 0.147173 
0.175111 0.937213 0.410080 0.282948 0.791121 
0.524424 0.304644 0.781796 0.614276 0.021772 
0.446497 0.911100 0.595698 0.275734 0.732577 
0.379615 0.110893 0.959972 0.457910 0.574037 
0.578498 0.057620 0.279458 0.685606 0.760123 
0.022908 0.911298 0.424595 0.079362 0.895418 
0.474651 0.158765 0.900033 0.221995 0.797933 
0.576173 0.888504 0.423343 0.657699 0.305956 
0.132569 0.548336 0.368838 0.951454 0.554362 
0.305761 0.946942 0.361792 0.941430 0.375597 
0.336587 0.488979 0.773555 0.360610 0.562911 
0.151902 0.856680 0.701655 0.603222 0.039692 
0.324026 0.455147 0.613402 0.560065 0.381378 
0.689298 0.615674 0.704034 0.298142 0.158757 
0.410111 0.029688 0.992222 0.500868 0.239794 
0.244593 0.483572 0.170625 0.835398 0.843468 
0.155462 0.610616 0.646632 0.437542 0.696228 
0.694489 0.594861 0.072468 0.996358 0.058375 
0.577057 0.138005 0.405396 0.510160 0.756215 
0.821716 0.325351 0.713888 0.472973 0.197309 
0.375308 0.663533 0.274667 0.251238 0.919155 
0.579009 0.166504 0.209247 0.556321 0.688777 
0.104127 0.560879 0.757133 0.423298 0.703041 
0.587885 0.294170 0.423587 0.716124 0.558540 
0.100834 0.421441 0.830524 0.329632 0.874436 
0.524736 0.465896 0.043671 0.777173 0.655527 
0.565588 0.671997 0.368709 0.602561 0.572098 
0.711291 0.085458 0.475707 0.760512 0.526699 
0.233296 0.678352 0.801494 0.092247 0.950075 
0.710448 0.522003 0.988368 0.217240 0.198816 
0.331338 0.847907 0.433067 0.549503 0.360809 
0.654947 0.510953 0.909657 0.516556 0.311335 
0.868666 0.045745 0.547643 0.241984 0.708922 
0.119853 0.385328 0.935301 0.625076 0.463923 
0.388871 0.370827 0.891700 0.005431 0.776249 
0.477711 0.115997 0.382289 0.397050 0.664998 
0.676334 0.412685 0.617382 0.265178 0.542370 
0.349242 0.350086 0.343307 0.284858 0.896405 
0.318629 0.844840 0.244444 0.975967 0.330062 
0.774360 0.627544 0.542462 0.868561 0.312997 
0.547580 0.153357 0.880210 0.673474 0.181646 
0.108925 0.866633 0.583339 0.321303 0.307382 
0.404651 0.349838 0.322844 0.856204 0.705690 
0.300122 0.341326 0.530011 0.276383 0.671000 
0.753090 0.682533 0.399439 0.250718 0.348627 
0.671337 0.407799 0.448725 0.842417 0.016681 
0.423454 0.503980 0.434270 0.223507 0.564962 
0.436411 0.294318 0.527982 0.703776 0.341014 
0.899635 0.450382 0.408130 0.111765 0.162844 
0.461264 0.697103 0.296279 0.938517 0.085243 
0.844411 0.401134 0.296386 0.756846 0.422550 
0.780467 0.077738 0.512632 0.462739 0.690707 
0.661571 0.157276 0.758421 0.198077 0.830568 
0.516014 0.468696 0.916839 0.356566 0.212853 
0.629779 0.253470 0.669047 0.247407 0.996821 
0.637297 0.818751 0.305286 0.002117 0.661381 
0.287742 0.552385 0.853143 0.630694 0.091491 
0.998924 0.569406 0.295823 0.283111 0.204940 
0.437915 0.313321 0.018346 0.684330 0.835241 
0.393110 0.280612 0.590608 0.072658 0.853082 
0.044413 0.862238 0.411598 0.765219 0.586848 
0.401123 0.139282 0.667251 0.244455 0.757331 
0.080079 0.263453 0.307499 0.886848 0.882605 
0.172668 0.539671 0.701794 0.716930 0.309614 
0.829541 0.701718 0.158941 0.410444 0.283253 
0.431246 0.204251 0.406188 0.416581 0.589733 
0.058149 0.689553 0.681161 0.212221 0.918611 
0.033502 0.936541 0.471636 0.130792 0.870107 
0.668188 0.461957 0.138918 0.584076 0.349781 
0.439755 0.290463 0.214779 0.609630 0.677675 
0.512628 0.063510 0.896138 0.775971 0.332974 
0.801060 0.499188 0.547116 0.820322 0.174631 
0.637163 0.625763 0.620841 0.056098 0.851769 
0.116521 0.857210 0.013509 0.875393 0.543365 
0.285174 0.165460 0.834402 0.271528 0.831801 
0.762910 0.582141 0.132768 0.716811 0.430153 
0.754497 0.140478 0.361141 0.538405 0.591906 
0.585738 0.143275 0.530072 0.532396 0.905200 
0.199551 0.781164 0.195356 0.923459 0.136458 
0.238565 0.527037 0.886016 0.732904 0.055431 
0.479684 0.846730 0.376345 0.087770 0.636246 
0.870438 0.458598 0.072665 0.745732 0.162438 
0.108573 0.951301 0.173469 0.966700 0.414745 
0.002926 0.531470 0.528715 0.508943 0.966668 
0.841380 0.706927 0.452737 0.422144 0.379662 
0.742011 0.037252 0.675215 0.632376 0.685273 
0.405436 0.370242 0.277211 0.617047 0.708286 
0.677174 0.172804 0.768056 0.443453 0.320815 
0.906364 0.911451 0.216574 0.384332 0.171258 
0.592010 0.685987 0.738703 0.394698 0.223775 
0.540740 0.355942 0.736261 0.373573 0.370898 
0.140892 0.784710 0.725868 0.329661 0.765998 
0.564711 0.419995 0.573728 0.283589 0.465206 
0.745366 0.757301 0.839502 0.254414 0.059234 
0.298488 0.701832 0.477514 0.236994 0.880303 
0.323413 0.704955 0.580182 0.413637 0.440112 
0.929844 0.831702 0.188465 0.374117 0.104673 
0.922051 0.458509 0.241899 0.691142 0.224257 
0.437755 0.569718 0.818494 0.514397 0.029547 
0.893971 0.051240 0.788859 0.390316 0.059362 
0.112724 0.979089 0.455075 0.636963 0.287329 
0.641475 0.698125 0.438997 0.558241 0.406065 
0.770296 0.095183 0.602792 0.737842 0.197871 
0.578758 0.790571 0.108353 0.193569 0.874105 
0.088436 0.627817 0.807216 0.629676 0.729929 
0.359964 0.417881 0.607426 0.449174 0.332794 
0.327718 0.895451 0.159500 0.147116 0.854211 
0.692017 0.832186 0.326708 0.189604 0.400703 
0.210428 0.731930 0.865425 0.470235 0.056609 
0.510505 0.429023 0.850248 0.383035 0.573277 
0.163401 0.930912 0.010722 0.889687 0.908067 
0.892194 0.223278 0.280084 0.593146 0.343694 
0.563150 0.162832 0.431713 0.892065 0.364037 
0.860653 0.832616 0.099281 0.155435 0.808619 
0.200582 0.934401 0.396151 0.610782 0.025240 
0.695069 0.503890 0.484840 0.239681 0.751477 
0.132333 0.664593 0.155006 0.960118 0.758111 
0.738061 0.383651 0.378873 0.373769 0.706826 
0.559291 0.122116 0.867851 0.282540 0.834963 
0.698336 0.301355 0.722509 0.154565 0.554180 
0.234969 0.744379 0.485336 0.024684 0.847082 
0.438434 0.899724 0.695616 0.087149 0.579636 
0.599841 0.427827 0.470059 0.054395 0.602642 
0.631495 0.656580 0.686046 0.237817 0.449887 
0.226807 0.447092 0.564652 0.626879 0.341629 
0.623412 0.086393 0.950039 0.538017 0.373789 
0.520994 0.444990 0.313021 0.189946 0.974728 
0.532164 0.418665 0.220853 0.842147 0.545449 
0.936252 0.367105 0.171859 0.739831 0.020699 
0.232846 0.837569 0.527386 0.814810 0.434104 
0.029414 0.648903 0.750298 0.250003 0.506825 
0.567062 0.331579 0.331810 0.584983 0.916092 
0.161251 0.687851 0.355906 0.834525 0.361272 
0.371043 0.563629 0.127050 0.466963 0.874356 
0.518506 0.599750 0.702899 0.622661 0.294043 
0.802645 0.248914 0.687149 0.544982 0.092909 
0.537907 0.504999 0.306737 0.677356 0.720052 
0.062289 0.583896 0.761805 0.271635 0.706751 
0.541590 0.419923 0.530525 0.054468 0.986170 
0.039946 0.788967 0.034039 0.811382 0.754618 
0.399722 0.287100 0.395204 0.735933 0.673210 
0.628610 0.650395 0.609297 0.317602 0.589603 
0.457905 0.389009 0.706435 0.463862 0.490159 
0.676433 0.457446 0.228234 0.378301 0.753445 
0.847776 0.477747 0.064252 0.219877 0.599149 
0.640416 0.539378 0.045056 0.412972 0.706810 
0.360448 0.684918 0.075818 0.726667 0.441049 
0.074494 0.609697 0.380992 0.371644 0.909268 
0.244457 0.817240 0.603546 0.135045 0.694218 
0.547780 0.451092 0.783289 0.596309 0.379555 
0.052171 0.540415 0.419479 0.691221 0.703013 
0.756478 0.860632 0.546748 0.340476 0.110836 
0.647695 0.487029 0.815914 0.767419 0.022450 
0.633247 0.098918 0.563439 0.888591 0.228615 
0.781553 0.058326 0.698108 0.577265 0.336173 
0.704699 0.341438 0.940221 0.110855 0.449685 
0.688051 0.465516 0.315890 0.615750 0.480543 
0.472902 0.179816 0.575004 0.583116 0.297443 
0.952214 0.182718 0.339557 0.887371 0.240534 
0.498683 0.565488 0.478000 0.601265 0.606650 
0.073643 0.899773 0.023421 0.673278 0.630648 
0.586846 0.573248 0.114697 0.812252 0.228934 
0.712782 0.574710 0.408001 0.015318 0.729497 
0.893674 0.230216 0.346280 0.516247 0.609096 
0.632893 0.549087 0.699816 0.238914 0.473513 
0.561980 0.834018 0.487652 0.388015 0.093171 
0.564252 0.436611 0.644701 0.440289 0.532248 
0.876558 0.484522 0.310328 0.336794 0.606889 
0.982797 0.635682 0.232560 0.480895 0.167521 
0.678188 0.420078 0.531767 0.101742 0.148812 
0.507206 0.200581 0.516448 0.823102 0.614128 
0.729878 0.351960 0.586338 0.582350 0.545849 
0.320237 0.843815 0.488751 0.620087 0.292513 
0.529410 0.799960 0.077722 0.619415 0.683254 
0.406359 0.958868 0.448384 0.367789 0.590357 
0.210135 0.406063 0.926918 0.526139 0.554931 
0.868016 0.426784 0.717670 0.334821 0.125553 
0.702602 0.759033 0.204387 0.278804 0.366033 
0.534784 0.549261 0.178295 0.562397 0.656247 
0.586895 0.193024 0.001126 0.451918 0.775554 
0.257283 0.143832 0.377051 0.979802 0.493350 
0.519378 0.827243 0.755944 0.172862 0.709524 
0.204976 0.513405 0.827905 0.492112 0.306413 
0.423357 0.086019 0.743167 0.198149 0.990139 
0.119225 0.800172 0.507676 0.149381 0.896694 
0.476918 0.047749 0.948137 0.652004 0.489320 
0.991198 0.103235 0.450430 0.401387 0.817640 
0.253650 0.052508 0.532969 0.788857 0.940123 
0.893790 0.460128 0.445744 0.791616 0.215885 
0.318656 0.653279 0.436718 0.463291 0.680654 
0.684813 0.743831 0.109545 0.845882 0.349906 
0.002707 0.800734 0.514504 0.769381 0.504320 
0.893618 0.983986 0.489041 0.253976 0.087328 
0.169439 0.528821 0.647585 0.275546 0.796775 
0.385300 0.694670 0.266739 0.847791 0.289555 
0.529942 0.815530 0.287720 0.177487 0.608540 
0.554299 0.174229 0.404906 0.698672 0.427043 
0.577063 0.041123 0.825638 0.464416 0.472195 
0.631616 0.449341 0.330386 0.816214 0.198160 
0.985731 0.137349 0.211262 0.498693 0.716359 
0.169061 0.539938 0.749184 0.271181 0.855589 
0.258136 0.144263 0.961145 0.662669 0.493903 
0.496896 0.039727 0.919831 0.077778 0.721448 
0.086772 0.584304 0.824478 0.288216 0.638902 
0.917228 0.390871 0.193337 0.280859 0.781524 
0.627556 0.321803 0.768550 0.314429 0.048854 
0.501071 0.925736 0.363594 0.248470 0.179966 
0.684649 0.776876 0.468856 0.462662 0.365495 
0.570275 0.400797 0.617471 0.458539 0.717032 
0.269110 0.947202 0.439324 0.618540 0.075034 
0.002626 0.480277 0.455224 0.802235 0.774876 
0.511655 0.795709 0.345877 0.442552 0.175151 
0.312114 0.392412 0.385198 0.890326 0.291541 
0.714909 0.582644 0.323780 0.365449 0.648155 
0.253244 0.619979 0.196250 0.463575 0.939144 
0.072827 0.346703 0.587821 0.546240 0.782967 
0.653465 0.615000 0.857319 0.637340 0.023361 
0.894449 0.191993 0.516508 0.701870 0.255598 
0.636731 0.789995 0.611810 0.485340 0.358285 
0.580111 0.416116 0.616642 0.499002 0.019115 
0.432220 0.455582 0.615139 0.820160 0.504619 
0.661488 0.081780 0.456164 0.432326 0.985881 
0.359572 0.618993 0.605635 0.345306 0.486828 
0.970688 0.061750 0.903838 0.015427 0.273467 
0.879026 0.212752 0.809383 0.365518 0.217968 
0.552899 0.670615 0.538801 0.125451 0.631279 
0.471732 0.776115 0.355547 0.384425 0.571734 
0.237721 0.836700 0.421741 0.689492 0.208774 
0.317951 0.517090 0.722325 0.344014 0.918545 
0.234847 0.845343 0.144710 0.646914 0.658169 
0.080892 0.800208 0.659415 0.680558 0.349433 
0.836030 0.148063 0.211709 0.828934 0.309488 
0.772101 0.479549 0.179436 0.408563 0.566489 
0.159025 0.573677 0.759095 0.274524 0.540368 
0.365337 0.992950 0.272644 0.370958 0.298287 
0.282300 0.783085 0.564330 0.997061 0.165584 
0.607431 0.681805 0.018128 0.323791 0.285464 
0.641468 0.579984 0.861613 0.239781 0.324759 
0.254945 0.963544 0.500354 0.738956 0.530971 
0.576937 0.228242 0.430206 0.514150 0.231275 
0.206841 0.151983 0.994673 0.743978 0.396071 
0.472842 0.586394 0.299299 0.428565 0.495894 
0.559402 0.449389 0.022932 0.760041 0.878174 
0.329265 0.773880 0.227049 0.914939 0.187966 
0.711535 0.637603 0.371019 0.154514 0.657675 
0.343985 0.523443 0.611413 0.238800 0.610566 
0.650357 0.516078 0.409055 0.097508 0.837504 
0.632065 0.530363 0.075187 0.244154 0.842420 
0.577395 0.376512 0.747810 0.508475 0.393251 
0.873324 0.381708 0.020916 0.322077 0.630453 
0.806437 0.153370 0.647584 0.278937 0.829877 
0.856584 0.357950 0.154817 0.507523 0.461763 
0.738553 0.317722 0.872942 0.768582 0.122509 
0.131657 0.336212 0.909285 0.125062 0.758067 
0.086366 0.598658 0.623013 0.108219 0.850558 
0.961816 0.666838 0.638933 0.183324 0.113853 
0.008421 0.620435 0.289933 0.698192 0.868328 
0.572742 0.028764 0.520352 0.913480 0.556274 
0.148276 0.213644 0.308084 0.976325 0.641137 
0.584892 0.268214 0.487170 0.762566 0.186103 
0.053531 0.364734 0.935619 0.820223 0.476027 
0.114305 0.471925 0.887595 0.760862 0.219744 
0.193311 0.651726 0.860577 0.542188 0.087529 
0.961151 0.494801 0.119317 0.875059 0.421426 
0.291613 0.861724 0.754266 0.090579 0.519172 
0.104488 0.548575 0.535882 0.411339 0.697204 
0.988269 0.743299 0.474493 0.151999 0.194229 
0.624549 0.699464 0.548380 0.083658 0.392951 
0.679822 0.806726 0.771728 0.281613 0.149916 
0.001692 0.485426 0.655573 0.847334 0.804278 
0.915550 0.122169 0.759274 0.244529 0.209072 
0.058749 0.652057 0.545873 0.562346 0.812827 
0.698723 0.382418 0.127559 0.951638 0.610149 
0.493059 0.389190 0.407790 0.952634 0.045248 
0.361506 0.213762 0.533821 0.452396 0.793728 
0.363131 0.694209 0.648695 0.257298 0.379045 
0.686569 0.291584 0.678778 0.926785 0.267803 
0.351496 0.544826 0.405237 0.563505 0.340043 
0.338019 0.906989 0.193399 0.117265 0.750187 
0.321282 0.403299 0.485052 0.760453 0.424882 
0.763846 0.572152 0.203491 0.406286 0.639836 
0.763362 0.338365 0.586005 0.317894 0.375579 
0.727965 0.601638 0.558808 0.491539 0.313079 
0.470004 0.769877 0.654506 0.503388 0.226133 
0.621684 0.094565 0.919255 0.260005 0.524400 
0.477020 0.525219 0.274567 0.325402 0.991603 
0.698200 0.059968 0.898115 0.003801 0.873940 
0.475820 0.572388 0.139552 0.748037 0.638461 
0.144029 0.574212 0.924399 0.651774 0.204254 
0.021571 0.897240 0.828532 0.423007 0.890169 
0.610487 0.272361 0.734231 0.589717 0.199530 
0.051516 0.810570 0.187695 0.105069 0.754640 
0.539564 0.496078 0.436082 0.728186 0.497269 
0.338898 0.700795 0.415846 0.633714 0.423036 
0.805043 0.311168 0.964296 0.093840 0.622827 
0.134029 0.697029 0.278987 0.589636 0.353368 
0.553097 0.539712 0.904593 0.531607 0.182242 
0.564017 0.633512 0.597026 0.270177 0.495415 
0.950581 0.000858 0.696361 0.917419 0.112198 
0.441434 0.344836 0.432121 0.896058 0.933285 
0.672264 0.442755 0.403487 0.150807 0.763335 
0.875405 0.599433 0.290251 0.926479 0.001501 
0.180679 0.605168 0.238409 0.086966 0.889804 
0.180501 0.466369 0.806735 0.161824 0.776371 
0.441590 0.123342 0.977745 0.484851 0.164639 
0.399932 0.238997 0.736001 0.529861 0.643530 
0.271319 0.696243 0.381076 0.791489 0.192312 
0.574163 0.881153 0.207825 0.704535 0.166077 
0.432060 0.251070 0.758317 0.618601 0.568085 
0.256450 0.402665 0.923970 0.275954 0.322351 
0.642730 0.298317 0.371693 0.427657 0.361145 
0.374259 0.252814 0.445254 0.865284 0.668315 
0.768707 0.368529 0.308640 0.540907 0.461654 
0.867648 0.022690 0.242981 0.446039 0.705413 
0.503762 0.679418 0.703068 0.304908 0.223263 
0.169644 0.846822 0.113577 0.531514 0.604897 
0.614619 0.807769 0.857436 0.115748 0.141263 
0.668419 0.374743 0.499147 0.411128 0.356496 
0.811951 0.239792 0.435921 0.507288 0.152182 
0.531618 0.541833 0.486594 0.599654 0.258276 
0.501621 0.721358 0.609987 0.627528 0.268973 
0.793928 0.242603 0.978661 0.732056 0.183581 
0.602618 0.802527 0.738977 0.419751 0.033389 
0.436166 0.778054 0.367518 0.403495 0.612287 
0.753292 0.071063 0.921400 0.385133 0.134545 
0.384368 0.694089 0.990800 0.180139 0.196004 
0.119250 0.711706 0.418962 0.953978 0.084370 
0.609450 0.038553 0.846052 0.827510 0.033315 
0.859506 0.078488 0.321026 0.893541 0.291527 
0.406268 0.996360 0.757007 0.105241 0.782239 
0.129345 0.359252 0.538948 0.985871 0.497541 
0.769080 0.266913 0.030171 0.438123 0.617346 
0.752104 0.231585 0.422461 0.907568 0.116248 
0.120544 0.713926 0.574169 0.911960 0.123461 
0.803658 0.978154 0.186784 0.233178 0.406891 
0.385788 0.435273 0.674339 0.406579 0.672135 
0.963414 0.231214 0.581444 0.401153 0.395558 
0.486973 0.842715 0.151393 0.509199 0.672752 
0.812204 0.072049 0.936151 0.310728 0.193982 
0.832691 0.209157 0.294076 0.141125 0.932466 
0.453663 0.373164 0.266134 0.705080 0.941532 
0.052608 0.726787 0.811642 0.280777 0.505989 
0.419286 0.588075 0.210728 0.454793 0.835242 
0.469528 0.439583 0.743850 0.105725 0.583524 
0.789790 0.449825 0.581908 0.219863 0.251355 
0.638316 0.159843 0.301427 0.908959 0.173217 
0.503976 0.640536 0.064162 0.579556 0.436768 
0.721838 0.390262 0.409636 0.047241 0.800160 
0.360895 0.394258 0.582738 0.285366 0.830344 
0.634674 0.196928 0.773180 0.427299 0.568877 
0.530670 0.047510 0.051095 0.697535 0.864332 
0.806629 0.200715 0.695019 0.472595 0.573553 
0.882988 0.351398 0.641580 0.184351 0.403098 
0.330593 0.862355 0.764937 0.520509 0.231350 
0.088232 0.323046 0.961091 0.674305 0.736176 
0.408059 0.302503 0.940757 0.649197 0.017627 
0.302738 0.704745 0.642672 0.035630 0.513904 
0.941911 0.497451 0.189130 0.756352 0.234794 
0.687031 0.365331 0.319849 0.669549 0.412590 
0.248377 0.342103 0.099482 0.614510 0.993908 
0.480764 0.866481 0.225312 0.628919 0.349533 
0.020354 0.749412 0.300046 0.981705 0.363181 
0.021896 0.268549 0.831943 0.749492 0.819946 
0.012086 0.758040 0.733807 0.495194 0.464831 
0.659058 0.196854 0.748327 0.866466 0.112857 
0.587992 0.558631 0.833997 0.132534 0.106249 
0.586680 0.475878 0.920819 0.009307 0.414938 
0.714489 0.084705 0.506973 0.281656 0.405349 
0.611931 0.447527 0.631051 0.630340 0.422432 
0.172988 0.287676 0.714505 0.888516 0.239660 
0.587150 0.328546 0.570925 0.480535 0.486320 
0.665003 0.020859 0.800453 0.889710 0.244808 
0.277322 0.057697 0.943537 0.386913 0.836230 
0.364711 0.292253 0.209801 0.857285 0.606856 
0.138780 0.896948 0.222632 0.869776 0.544962 
0.774216 0.286096 0.329616 0.680653 0.903156 
0.423153 0.057398 0.238295 0.948364 0.935605 
0.042873 0.408884 0.546577 0.602372 0.895143 
0.643878 0.668232 0.267725 0.221101 0.378597 
0.389686 0.709759 0.170711 0.788546 0.636793 
0.858342 0.380851 0.340561 0.227904 0.742864 
0.510120 0.766465 0.228277 0.526390 0.812564 
0.803841 0.044252 0.678355 0.830185 0.388730 
0.764875 0.661566 0.140716 0.674485 0.471402 
0.628806 0.800140 0.371979 0.377976 0.159321 
0.868322 0.020588 0.217633 0.571813 0.750055 
0.650456 0.573237 0.092590 0.642766 0.255529 
0.252890 0.322349 0.760173 0.305081 0.647460 
0.839252 0.673044 0.530486 0.068728 0.330909 
0.673267 0.595690 0.439410 0.555967 0.527596 
0.479792 0.686332 0.167765 0.720911 0.204663 
0.523578 0.442998 0.692964 0.567587 0.584238 
0.871559 0.061272 0.745049 0.174385 0.567887 
0.264006 0.396846 0.622874 0.279514 0.672634 
0.567826 0.415102 0.255759 0.630036 0.807045 
0.309459 0.739279 0.585989 0.731738 0.079875 
0.338256 0.404343 0.265698 0.457424 0.841604 
0.621521 0.770449 0.325092 0.024474 0.592221 
0.773567 0.120237 0.658948 0.351810 0.759898 
0.628067 0.460531 0.201031 0.301838 0.965380 
0.658852 0.088455 0.824623 0.882103 0.059089 
0.076001 0.344283 0.546704 0.429349 0.812325 
0.351788 0.774823 0.842344 0.144198 0.401043 
0.280319 0.339947 0.913565 0.296802 0.330927 
0.162718 0.242159 0.510781 0.833515 0.744976 
0.796732 0.877263 0.121877 0.172786 0.576621 
0.402517 0.412617 0.127414 0.535486 0.799530 
0.391674 0.678367 0.527837 0.023792 0.847529 
0.400003 0.998566 0.561746 0.465635 0.299155 
0.945091 0.242901 0.463390 0.311224 0.590277 
0.248396 0.787864 0.369781 0.858415 0.077638 
0.668529 0.141908 0.694676 0.747251 0.896238 
0.774592 0.108071 0.619887 0.927982 0.528419 
0.224992 0.810697 0.002841 0.818821 0.537100 
0.206057 0.998578 0.423826 0.351998 0.373749 
0.526735 0.625401 0.976463 0.085230 0.548833 
0.840731 0.336062 0.394717 0.403580 0.367615 
0.413751 0.414028 0.878744 0.227644 0.309381 
0.058991 0.281715 0.488982 0.911144 0.446512 
0.452580 0.480203 0.842123 0.470883 0.415612 
0.443936 0.898386 0.497843 0.677969 0.233029 
0.238640 0.309669 0.884605 0.078770 0.934592 
0.512406 0.902625 0.174497 0.855303 0.033966 
0.680798 0.608842 0.367378 0.731013 0.392673 
0.106808 0.508676 0.748360 0.504047 0.642229 
0.540291 0.269975 0.792194 0.525825 0.331416 
0.532284 0.772797 0.140892 0.286996 0.696922 
0.085013 0.707991 0.775808 0.924137 0.320464 
0.594366 0.381542 0.798924 0.620390 0.049410 
0.644425 0.184232 0.307681 0.916238 0.403845 
0.505123 0.134076 0.798831 0.313395 0.694938 
0.763710 0.411953 0.003456 0.936897 0.225915 
0.282664 0.433383 0.302335 0.824242 0.754418 
0.142403 0.775306 0.355022 0.599587 0.323094 
0.985802 0.551560 0.247726 0.302722 0.604441 
0.552157 0.370239 0.853193 0.514713 0.323922 
0.410216 0.668101 0.929574 0.547570 0.279107 
0.158377 0.801248 0.872526 0.114599 0.542290 
0.761452 0.055324 0.537446 0.355073 0.949008 
0.634219 0.245137 0.044087 0.863377 0.612982 
0.140191 0.925746 0.743665 0.674900 0.529929 
0.627361 0.015547 0.941292 0.618784 0.587512 
0.818284 0.322356 0.341212 0.320898 0.796234 
0.736336 0.251339 0.832661 0.240593 0.705425 
0.954481 0.302710 0.160479 0.648747 0.502759 
0.647863 0.303465 0.669470 0.009611 0.974287 
0.293355 0.977230 0.359291 0.599760 0.254324 
0.555744 0.599299 0.068925 0.805486 0.660071 
0.670337 0.577690 0.253003 0.808274 0.063137 
0.416364 0.246019 0.031096 0.722644 0.733391 
0.746067 0.843675 0.195832 0.633010 0.208316 
0.654866 0.337738 0.341772 0.468401 0.847540 
0.890643 0.067867 0.899246 0.525045 0.007605 
0.174811 0.343995 0.064800 0.765400 0.886672 
0.694107 0.949776 0.042014 0.652707 0.097430 
0.000282 0.699451 0.927911 0.310167 0.702670 
0.248168 0.840075 0.348326 0.285223 0.859914 
0.538732 0.247409 0.378289 0.832102 0.308760 
