5
2000
0.537953 0.379543 0.981433 0.941401 0.130099 
0.580029 0.546454 0.248560 0.547949 0.378351 
0.941889 0.330256 0.612934 0.578837 0.510784 
0.748620 0.055418 0.408974 0.626002 0.215113 
0.407488 0.647495 0.446618 0.306461 0.683500 
0.588736 0.889682 0.886149 0.499079 0.028853 
0.929243 0.788098 0.565839 0.057002 0.027865 
0.320279 0.924856 0.063183 0.920036 0.051973 
0.514237 0.781218 0.938340 0.673498 0.482066 
0.075430 0.744743 0.900127 0.431979 0.269407 
0.919138 0.944842 0.963313 0.406260 0.009790 
0.533863 0.630125 0.511375 0.685878 0.558090 
0.820645 0.578257 0.767964 0.170756 0.902372 
0.160596 0.142397 0.273870 0.929056 0.648542 
0.050588 0.226398 0.068793 0.210224 0.228302 
0.068344 0.660000 0.619475 0.524337 0.539331 
0.541268 0.093940 0.845355 0.887070 0.982487 
0.653555 0.296882 0.697691 0.088715 0.028703 
0.402977 0.837001 0.479493 0.839568 0.624068 
0.703483 0.440233 0.000090 0.512493 0.466785 
0.262146 0.889895 0.465233 0.176513 0.654351 
0.679723 0.106206 0.010298 0.077487 0.330400 
0.038928 0.267792 0.781742 0.740563 0.645369 
0.720674 0.375002 0.663454 0.669480 0.947300 
0.270092 0.435225 0.828592 0.147841 0.766928 
0.762978 0.371708 0.289520 0.962417 0.344357 
0.615744 0.802061 0.240687 0.233605 0.199076 
0.864873 0.920979 0.890150 0.746876 0.738113 
0.458412 0.535246 0.873683 0.982995 0.199081 
0.960840 0.837337 0.122611 0.714793 0.529978 
0.335955 0.396330 0.112841 0.515523 0.403371 
0.463314 0.920891 0.419685 0.638013 0.076547 
0.519726 0.030077 0.508000 0.958233 0.022888 
0.676333 0.127890 0.451279 0.650311 0.774958 
0.720396 0.703568 0.862316 0.942347 0.021957 
0.030356 0.200253 0.649888 0.660178 0.611027 
0.528477 0.117687 0.967695 0.042768 0.804737 
0.221172 0.231862 0.911722 0.309427 0.531790 
0.802774 0.222600 0.246505 0.012381 0.081393 
0.980138 0.178765 0.501828 0.217102 0.838967 
0.514065 0.898751 0.307891 0.722123 0.721178 
0.836356 0.638500 0.273886 0.199027 0.044544 
0.656177 0.362699 0.874648 0.207356 0.032338 
0.506753 0.989519 0.850921 0.428500 0.807086 
0.690882 0.658892 0.004456 0.895239 0.280490 
0.202488 0.219755 0.420674 0.267404 0.253415 
0.152272 0.243887 0.006381 0.247751 0.952974 
0.638088 0.338048 0.569645 0.029541 0.488164 
0.578163 0.178295 0.609842 0.616143 0.521750 
0.059436 0.940820 0.367745 0.683846 0.402523 
0.209453 0.277320 0.914978 0.040095 0.884970 
0.693075 0.505306 0.674892 0.906843 0.304534 
0.299182 0.346681 0.674053 0.813720 0.184055 
0.416583 0.505174 0.455999 0.970837 0.861612 
0.107029 0.843366 0.460341 0.959353 0.853852 
0.696082 0.048781 0.864499 0.638110 0.721509 
0.395113 0.667907 0.510028 0.041727 0.302589 
0.607858 0.271811 0.328451 0.272566 0.008609 
0.692310 0.661944 0.297651 0.615724 0.467993 
0.550201 0.220427 0.718195 0.695344 0.648110 
0.790707 0.406436 0.971029 0.092149 0.749068 
0.585841 0.227196 0.488544 0.950948 0.584584 
0.111151 0.117715 0.432925 0.175047 0.007510 
0.219614 0.047523 0.721594 0.829593 0.966020 
0.898323 0.107107 0.143999 0.199202 0.985428 
0.084676 0.152198 0.000120 0.021089 0.449948 
0.274009 0.268718 0.344157 0.239237 0.848736 
0.703349 0.183140 0.028141 0.959993 0.603339 
0.321945 0.936395 0.986096 0.307627 0.288093 
0.987305 0.641067 0.406259 0.995530 0.872013 
0.917228 0.850835 0.983972 0.614453 0.105354 
0.686743 0.089913 0.160300 0.161586 0.783966 
0.123537 0.283484 0.521957 0.534790 0.216410 
0.200303 0.485478 0.423667 0.568856 0.768462 
0.544557 0.364182 0.808263 0.475099 0.981237 
0.653590 0.894527 0.317807 0.377934 0.928727 
0.107528 0.217347 0.947521 0.985942 0.735506 
0.657096 0.809377 0.192510 0.519218 0.496862 
0.752983 0.385759 0.445650 0.033107 0.423690 
0.953507 0.587674 0.034932 0.100866 0.252447 
0.881188 0.130035 0.496695 0.954281 0.604256 
0.738038 0.204581 0.392358 0.367435 0.479960 
0.691045 0.385435 0.007552 0.921780 0.354800 
0.119891 0.002129 0.777026 0.478602 0.855984 
0.528667 0.314141 0.762666 0.124064 0.150268 
0.549043 0.761702 0.920921 0.915955 0.449159 
0.010027 0.524591 0.800602 0.710005 0.057347 
0.834584 0.861427 0.004422 0.318013 0.842464 
0.287555 0.937925 0.705846 0.151575 0.524791 
0.163945 0.416771 0.666534 0.435528 0.917869 
0.619950 0.506608 0.560214 0.521481 0.536491 
0.806137 0.740390 0.727456 0.355583 0.287123 
0.676119 0.527588 0.174902 0.578784 0.623970 
0.070308 0.660755 0.303876 0.237564 0.730751 
0.734980 0.807562 0.691576 0.319729 0.679598 
0.000201 0.375349 0.485733 0.707751 0.170246 
0.321384 0.498920 0.355036 0.096226 0.274613 
0.417468 0.392478 0.373529 0.903506 0.225256 
0.880500 0.569681 0.635215 0.066051 0.118442 
0.653355 0.933578 0.648614 0.257555 0.721010 
0.010372 0.316269 0.526121 0.516141 0.786623 
0.778381 0.257453 0.008358 0.464654 0.448007 
0.659102 0.528811 0.728920 0.957971 0.612596 
0.896572 0.683543 0.304888 0.254986 0.551156 
0.279401 0.894912 0.789588 0.605705 0.081756 
0.074618 0.101308 0.677879 0.119983 0.547179 
0.441010 0.058888 0.730428 0.305608 0.360869 
0.122620 0.881010 0.129522 0.881788 0.207831 
0.023429 0.770723 0.536931 0.192171 0.817958 
0.427409 0.455134 0.441457 0.561746 0.272561 
0.926205 0.730939 0.893507 0.170412 0.109481 
0.046720 0.217436 0.453823 0.406337 0.313843 
0.754736 0.855725 0.172307 0.961278 0.194594 
0.535732 0.053976 0.172994 0.505157 0.169029 
0.874759 0.081263 0.782642 0.867072 0.883856 
0.974411 0.921279 0.934769 0.664366 0.993824 
0.197996 0.715163 0.739537 0.390135 0.993039 
0.007261 0.033195 0.906192 0.367488 0.370225 
0.377521 0.002045 0.377358 0.260570 0.400163 
0.539074 0.221402 0.101783 0.664901 0.984303 
0.179823 0.284192 0.409383 0.491974 0.606660 
0.133780 0.445780 0.218025 0.354157 0.313725 
0.779603 0.795669 0.812750 0.886134 0.259655 
0.024838 0.451226 0.763262 0.150512 0.657574 
0.838965 0.490860 0.889209 0.938111 0.824482 
0.066319 0.622369 0.151213 0.440000 0.085184 
0.680108 0.572517 0.293155 0.062397 0.701048 
0.518590 0.945679 0.031596 0.025799 0.601096 
0.619852 0.844968 0.377800 0.688710 0.151032 
0.395660 0.858663 0.543854 0.550951 0.829311 
0.223303 0.051010 0.326699 0.833255 0.515468 
0.470186 0.423607 0.564694 0.812555 0.603692 
0.259006 0.107867 0.916697 0.921754 0.916093 
0.769176 0.545793 0.143881 0.211108 0.098795 
0.442706 0.552437 0.802637 0.913782 0.941314 
0.664306 0.999225 0.981265 0.124002 0.104821 
0.731303 0.002763 0.436298 0.868381 0.881049 
0.790193 0.775712 0.386710 0.432965 0.849836 
0.195604 0.510493 0.861898 0.912804 0.490638 
0.152830 0.614211 0.043218 0.365487 0.748323 
0.065027 0.916818 0.959568 0.462294 0.771759 
0.949843 0.011624 0.366126 0.481875 0.879954 
0.391996 0.269496 0.417715 0.537440 0.759197 
0.816220 0.214875 0.400942 0.639149 0.169632 
0.003075 0.684419 0.031438 0.386348 0.350507 
0.969336 0.629327 0.094216 0.484162 0.307169 
0.591032 0.466498 0.430005 0.091815 0.138414 
0.329361 0.572163 0.336819 0.913352 0.714539 
0.249189 0.111974 0.953249 0.250183 0.819676 
0.297226 0.469583 0.286706 0.664584 0.664720 
0.945222 0.346696 0.914714 0.600705 0.047713 
0.908139 0.097724 0.450978 0.592786 0.951655 
0.471509 0.649917 0.149224 0.012795 0.038245 
0.788481 0.994059 0.145444 0.481671 0.440735 
0.426374 0.066711 0.203743 0.302632 0.334357 
0.530071 0.903694 0.388362 0.192956 0.016700 
0.672534 0.272723 0.663188 0.205444 0.897548 
0.083997 0.738378 0.920648 0.331307 0.270553 
0.190312 0.570561 0.416762 0.513450 0.556392 
0.277767 0.423370 0.579444 0.718530 0.328788 
0.942629 0.768439 0.147345 0.426820 0.571346 
0.604953 0.445637 0.818007 0.239120 0.896832 
0.047448 0.460179 0.226589 0.278215 0.963310 
0.347617 0.397143 0.783183 0.964687 0.486465 
0.024695 0.052781 0.087321 0.610288 0.114095 
0.589690 0.915496 0.737258 0.093573 0.685838 
0.885508 0.726207 0.368078 0.292927 0.219908 
0.987817 0.240368 0.866359 0.899345 0.290965 
0.247007 0.446405 0.726484 0.010759 0.824231 
0.853087 0.832575 0.093273 0.645281 0.236130 
0.629658 0.667913 0.619206 0.993871 0.996833 
0.777198 0.374773 0.809100 0.544962 0.171409 
0.877172 0.627843 0.151632 0.474114 0.434571 
0.831142 0.010236 0.035892 0.229252 0.037808 
0.439035 0.855649 0.900373 0.571486 0.973236 
0.174942 0.255319 0.144991 0.861174 0.754109 
0.302179 0.726507 0.408511 0.837700 0.226772 
0.349580 0.389813 0.589048 0.137615 0.892299 
0.869851 0.581563 0.336454 0.775695 0.098019 
0.398574 0.836316 0.968187 0.325407 0.114392 
0.578045 0.207827 0.946308 0.597358 0.802086 
0.653771 0.929601 0.803586 0.877486 0.908537 
0.774963 0.808764 0.896734 0.402009 0.560986 
0.496835 0.298529 0.381015 0.711406 0.595896 
0.228515 0.650434 0.847944 0.397418 0.396468 
0.440059 0.066055 0.179558 0.831942 0.455539 
0.247494 0.636912 0.573296 0.381780 0.570843 
0.151754 0.532966 0.554346 0.900831 0.265841 
0.981969 0.946563 0.876817 0.664642 0.643947 
0.821737 0.929003 0.760570 0.904683 0.002147 
0.083475 0.972234 0.337980 0.433233 0.348089 
0.328566 0.203057 0.777121 0.079110 0.596735 
0.328267 0.183419 0.728251 0.715587 0.868373 
0.741372 0.235288 0.487526 0.857805 0.136079 
0.085238 0.590338 0.811891 0.458943 0.448690 
0.129061 0.128838 0.375679 0.034761 0.235687 
0.188973 0.061970 0.527289 0.140449 0.528881 
0.899573 0.117246 0.545479 0.866005 0.941380 
0.782061 0.094590 0.777776 0.077193 0.388901 
0.263335 0.867806 0.216297 0.301766 0.785754 
0.173398 0.302554 0.026476 0.987219 0.187092 
0.447516 0.394378 0.309154 0.952629 0.832158 
0.082216 0.806218 0.098374 0.375228 0.457459 
0.506114 0.250551 0.011845 0.074440 0.111267 
0.060533 0.373454 0.640228 0.316259 0.358629 
0.475937 0.077123 0.206908 0.505805 0.062811 
0.662823 0.064202 0.036721 0.166145 0.400960 
0.928192 0.123224 0.018834 0.551091 0.191051 
0.987017 0.802273 0.801059 0.404187 0.172249 
0.982888 0.392622 0.803194 0.283684 0.875110 
0.979355 0.027467 0.638774 0.878976 0.954335 
0.505361 0.604351 0.334563 0.992598 0.588849 
0.783796 0.267022 0.832341 0.157831 0.657740 
0.633496 0.162721 0.859184 0.306116 0.890876 
0.947144 0.655302 0.660206 0.090447 0.138766 
0.232909 0.498826 0.765430 0.587614 0.033227 
0.447824 0.571654 0.792153 0.718551 0.691478 
0.666807 0.030280 0.911759 0.926137 0.577958 
0.746558 0.394346 0.772046 0.777304 0.150107 
0.840962 0.056248 0.367335 0.797306 0.329669 
0.752374 0.146488 0.031271 0.567658 0.621494 
0.445731 0.408364 0.375360 0.676328 0.047506 
0.426657 0.828047 0.979453 0.668101 0.773765 
0.667063 0.322840 0.968573 0.799622 0.250415 
0.724330 0.815108 0.520880 0.424024 0.567001 
0.592371 0.974698 0.742588 0.684550 0.233419 
0.069193 0.930328 0.018553 0.822642 0.137126 
0.675112 0.610719 0.351999 0.051542 0.273515 
0.965762 0.562404 0.330946 0.217029 0.605014 
0.477160 0.630022 0.776191 0.442869 0.302106 
0.499896 0.754051 0.326763 0.908895 0.805995 
0.354458 0.380438 0.028269 0.125205 0.321656 
0.067963 0.247292 0.238929 0.680280 0.463437 
0.984415 0.067520 0.804078 0.146280 0.527844 
0.466022 0.432645 0.466077 0.351140 0.609355 
0.436147 0.330188 0.466363 0.161336 0.575477 
0.045643 0.122370 0.669218 0.542682 0.855227 
0.804736 0.203547 0.008764 0.288536 0.429329 
0.739972 0.706686 0.278125 0.443163 0.236875 
0.152992 0.333459 0.453095 0.167868 0.360709 
0.443365 0.629230 0.470338 0.971576 0.270077 
0.192459 0.657942 0.026352 0.898486 0.856041 
0.476707 0.012570 0.257765 0.249145 0.376804 
0.951119 0.464242 0.519534 0.806779 0.538416 
0.150682 0.507405 0.956838 0.568042 0.079047 
0.537804 0.870918 0.516510 0.989451 0.710063 
0.033585 0.463664 0.802502 0.645928 0.104906 
0.154489 0.491848 0.486113 0.101621 0.939336 
0.423431 0.603947 0.541149 0.087885 0.079498 
0.130885 0.780672 0.755261 0.678242 0.221663 
0.484487 0.773958 0.919890 0.584499 0.675005 
0.802053 0.100697 0.417188 0.686678 0.989963 
0.313403 0.367184 0.259825 0.884922 0.883601 
0.683416 0.172023 0.182348 0.721935 0.569499 
0.569071 0.375252 0.865760 0.832521 0.180210 
0.789227 0.541216 0.212018 0.378161 0.745733 
0.533721 0.244640 0.662012 0.428068 0.539230 
0.833914 0.599305 0.521897 0.526190 0.678576 
0.831221 0.325676 0.644247 0.860596 0.034681 
0.890764 0.077769 0.065377 0.795368 0.754536 
0.487506 0.517499 0.609975 0.854618 0.565302 
0.026874 0.675603 0.854688 0.733442 0.962519 
0.059178 0.597428 0.972997 0.153793 0.797460 
0.908474 0.716643 0.611362 0.167040 0.437919 
0.111307 0.740863 0.690302 0.899676 0.854926 
0.749043 0.160086 0.571521 0.559016 0.383771 
0.046869 0.731415 0.890593 0.192328 0.450569 
0.713971 0.706598 0.796883 0.206765 0.106780 
0.653074 0.207805 0.580613 0.362670 0.387801 
0.767707 0.847666 0.716646 0.670749 0.275776 
0.971104 0.348508 0.378661 0.152607 0.874224 
0.080398 0.250170 0.609781 0.585285 0.890447 
0.748818 0.380044 0.398302 0.255660 0.873854 
0.864406 0.071929 0.905497 0.680457 0.438107 
0.261546 0.805196 0.922170 0.916177 0.192261 
0.324887 0.370827 0.481896 0.231108 0.229474 
0.769092 0.131834 0.737849 0.019969 0.614061 
0.516991 0.072079 0.440004 0.140845 0.176857 
0.437568 0.212894 0.102989 0.938781 0.099901 
0.031546 0.187634 0.561675 0.067871 0.709090 
0.670510 0.254650 0.907859 0.378807 0.610080 
0.608163 0.395962 0.932944 0.989561 0.550833 
0.852894 0.591050 0.772180 0.032934 0.524490 
0.095267 0.152120 0.680062 0.805439 0.011464 
0.673558 0.484318 0.936117 0.317909 0.094671 
0.137169 0.401767 0.499735 0.039349 0.340341 
0.113207 0.669335 0.513886 0.883314 0.850422 
0.036324 0.494549 0.881919 0.415682 0.359615 
0.054535 0.573747 0.960914 0.080258 0.901821 
0.907222 0.674729 0.166463 0.742629 0.362431 
0.378939 0.824175 0.911504 0.652822 0.972565 
0.906559 0.542564 0.868910 0.777181 0.083984 
0.522582 0.029216 0.025758 0.910466 0.199275 
0.208916 0.255559 0.176612 0.316594 0.990547 
0.120587 0.711817 0.511041 0.071985 0.844966 
0.345008 0.545378 0.164732 0.651607 0.563938 
0.104863 0.434009 0.386147 0.971362 0.687776 
0.452995 0.478656 0.770668 0.613043 0.419356 
0.120884 0.696635 0.348292 0.747429 0.038892 
0.650464 0.344089 0.103959 0.240263 0.106522 
0.312303 0.878216 0.178343 0.405400 0.563846 
0.558357 0.303996 0.263271 0.787994 0.816129 
0.679858 0.368403 0.744885 0.284657 0.233733 
0.343368 0.982682 0.933970 0.229245 0.912883 
0.832860 0.883497 0.926967 0.540843 0.946704 
0.248778 0.216708 0.215761 0.293169 0.293948 
0.378048 0.857653 0.568482 0.483082 0.152286 
0.463111 0.511365 0.508431 0.201820 0.981175 
0.603816 0.336390 0.709125 0.259788 0.260871 
0.454988 0.981840 0.786453 0.921138 0.573295 
0.372936 0.933142 0.317740 0.258317 0.527368 
0.476950 0.105424 0.864839 0.341624 0.673845 
0.307295 0.703447 0.830896 0.862519 0.348923 
0.343464 0.603343 0.384525 0.712549 0.806252 
0.674082 0.294924 0.784959 0.809818 0.608535 
0.649591 0.676409 0.399840 0.104146 0.382879 
0.053048 0.584588 0.169489 0.600388 0.714997 
0.953130 0.254498 0.341389 0.718092 0.979193 
0.305002 0.166866 0.522808 0.836744 0.159689 
0.899714 0.488455 0.469917 0.899707 0.382400 
0.001350 0.691986 0.214463 0.472516 0.576052 
0.712868 0.176738 0.430457 0.689435 0.340086 
0.819199 0.278030 0.853416 0.360583 0.310710 
0.108112 0.042461 0.645227 0.328952 0.690021 
0.188202 0.106464 0.345081 0.780668 0.694599 
0.128847 0.524810 0.487315 0.295101 0.767236 
0.941679 0.794584 0.575611 0.296061 0.892586 
0.690378 0.177566 0.344974 0.986051 0.553627 
0.806046 0.214960 0.828707 0.077840 0.248560 
0.546642 0.411540 0.755800 0.735684 0.640805 
0.012653 0.654333 0.378212 0.612918 0.315260 
0.581155 0.472579 0.636275 0.873952 0.518525 
0.846528 0.601553 0.303139 0.859268 0.723495 
0.778922 0.337810 0.570144 0.405204 0.255968 
0.059896 0.669728 0.115812 0.452964 0.964354 
0.896458 0.764901 0.684587 0.854645 0.012665 
0.858382 0.831425 0.754878 0.241500 0.888569 
0.176485 0.183509 0.234851 0.134418 0.159711 
0.267717 0.526792 0.787772 0.087561 0.630671 
0.681250 0.776885 0.112314 0.668815 0.770712 
0.364054 0.653969 0.251996 0.304644 0.159627 
0.851990 0.393219 0.829830 0.947897 0.299561 
0.716117 0.782169 0.915951 0.383370 0.303380 
0.906253 0.387593 0.268608 0.486427 0.377541 
0.324617 0.838834 0.289530 0.124000 0.073531 
0.843226 0.092685 0.753071 0.864966 0.482222 
0.705817 0.674574 0.559679 0.530767 0.608530 
0.568948 0.311040 0.642600 0.173187 0.749265 
0.897592 0.836862 0.147446 0.130222 0.639397 
0.347723 0.188200 0.074462 0.487066 0.110506 
0.274210 0.643613 0.200697 0.121879 0.417274 
0.124233 0.982427 0.654589 0.682066 0.478760 
0.527226 0.085752 0.233475 0.015143 0.508167 
0.767031 0.488137 0.114810 0.615086 0.752347 
0.693733 0.570227 0.799769 0.711362 0.861047 
0.619435 0.844312 0.352457 0.750428 0.442627 
0.232864 0.742329 0.322828 0.777171 0.911475 
0.166655 0.976704 0.459550 0.655019 0.900890 
0.251486 0.719470 0.125234 0.815781 0.837755 
0.144914 0.573658 0.472581 0.670625 0.193305 
0.870284 0.861957 0.916958 0.315008 0.338089 
0.260737 0.210847 0.704930 0.760762 0.123661 
0.362872 0.796889 0.312844 0.969961 0.127611 
0.751693 0.707749 0.135481 0.030529 0.100079 
0.031150 0.544158 0.657907 0.445283 0.875405 
0.938894 0.997662 0.709028 0.632976 0.421614 
0.065900 0.589468 0.190183 0.407791 0.738235 
0.516293 0.344336 0.248311 0.365983 0.082021 
0.527211 0.842814 0.168993 0.270337 0.549422 
0.139214 0.776034 0.802878 0.975410 0.712613 
0.891550 0.282239 0.596163 0.716053 0.708164 
0.116822 0.420611 0.204426 0.791030 0.837412 
0.382969 0.560196 0.211064 0.353200 0.232243 
0.300207 0.580519 0.777376 0.356510 0.864854 
0.594244 0.450570 0.735885 0.012405 0.491785 
0.427135 0.855045 0.738795 0.932731 0.401820 
0.392606 0.527909 0.573524 0.213507 0.419615 
0.472658 0.968354 0.131646 0.566784 0.933582 
0.716430 0.032489 0.041127 0.213765 0.744381 
0.807471 0.157741 0.149395 0.881738 0.371396 
0.053859 0.207518 0.762731 0.226440 0.773879 
0.581095 0.467384 0.317379 0.193186 0.871531 
0.820857 0.140539 0.033766 0.511628 0.931018 
0.627446 0.481483 0.289564 0.709045 0.917809 
0.607876 0.565996 0.702369 0.721022 0.208418 
0.879998 0.118799 0.657730 0.461566 0.540592 
0.721466 0.680018 0.060204 0.851739 0.179173 
0.360106 0.307003 0.805228 0.459271 0.959964 
0.118707 0.107490 0.588028 0.993976 0.761985 
0.678398 0.843536 0.301204 0.334920 0.007335 
0.272868 0.097220 0.983708 0.175172 0.109626 
0.480282 0.103433 0.395128 0.912958 0.089713 
0.799970 0.096869 0.082829 0.102894 0.342429 
0.205715 0.458372 0.861575 0.495493 0.743677 
0.971676 0.955345 0.487455 0.663181 0.076559 
0.733253 0.775551 0.688006 0.309782 0.511426 
0.539814 0.646154 0.917350 0.894151 0.001238 
0.807577 0.940447 0.089854 0.173238 0.615746 
0.840731 0.168899 0.679502 0.389378 0.267793 
0.798318 0.337598 0.017442 0.141654 0.776011 
0.419011 0.309977 0.782770 0.019880 0.114779 
0.085992 0.271717 0.751531 0.986708 0.603451 
0.194529 0.456813 0.649116 0.690092 0.373920 
0.475981 0.818210 0.651605 0.529369 0.102453 
0.925301 0.528514 0.738475 0.545050 0.656925 
0.933202 0.318443 0.074522 0.490680 0.858769 
0.322701 0.643280 0.607387 0.353138 0.183634 
0.341201 0.557030 0.998100 0.070973 0.837233 
0.368385 0.440345 0.886245 0.119435 0.349434 
0.943940 0.794111 0.629138 0.929021 0.051116 
0.113530 0.094128 0.010973 0.423156 0.978813 
0.917565 0.521838 0.528336 0.742126 0.908246 
0.892506 0.354244 0.783298 0.893159 0.318228 
0.465321 0.655838 0.663990 0.686514 0.236842 
0.607979 0.304969 0.609668 0.689981 0.515831 
0.563547 0.536246 0.689185 0.128466 0.126190 
0.874787 0.540624 0.261579 0.365853 0.894700 
0.214643 0.511761 0.171473 0.950058 0.617068 
0.062830 0.986099 0.364079 0.070159 0.168494 
0.884468 0.256342 0.348141 0.204829 0.568431 
0.615810 0.923830 0.814938 0.655646 0.439785 
0.458546 0.779074 0.889081 0.784474 0.650554 
0.860573 0.655016 0.861124 0.907984 0.488828 
0.723914 0.825448 0.306129 0.111219 0.262032 
0.967543 0.496021 0.619249 0.715697 0.727034 
0.256065 0.676440 0.931407 0.150717 0.096363 
0.570009 0.135353 0.877424 0.870721 0.206567 
0.765014 0.595990 0.802492 0.478083 0.145501 
0.442749 0.281119 0.759939 0.302911 0.020497 
0.490713 0.413228 0.117302 0.502331 0.675983 
0.248072 0.347190 0.217036 0.727896 0.751972 
0.389186 0.041912 0.421264 0.180291 0.147415 
0.608970 0.959631 0.522055 0.172113 0.710916 
0.367338 0.844977 0.526337 0.144391 0.784442 
0.116514 0.248062 0.170251 0.410722 0.002772 
0.589789 0.587482 0.812628 0.836580 0.406772 
0.614272 0.071979 0.744663 0.556715 0.707569 
0.104641 0.706693 0.383006 0.181062 0.103797 
0.523410 0.947208 0.725151 0.612770 0.826780 
0.694499 0.448729 0.781678 0.670378 0.036681 
0.493312 0.097313 0.538643 0.971382 0.019434 
0.629843 0.765395 0.987308 0.690263 0.252795 
0.730585 0.946742 0.892082 0.228280 0.706429 
0.958063 0.162561 0.166287 0.783972 0.211615 
0.609752 0.104253 0.183375 0.978900 0.366986 
0.925589 0.367190 0.370608 0.802313 0.476937 
0.876033 0.492268 0.549630 0.638478 0.899566 
0.009696 0.953194 0.337667 0.171268 0.494684 
0.157452 0.290660 0.118254 0.497692 0.713559 
0.782257 0.396512 0.175980 0.695811 0.503609 
0.162497 0.091640 0.198744 0.289219 0.901488 
0.302117 0.678541 0.235603 0.773848 0.056807 
0.750956 0.316845 0.220848 0.794297 0.744965 
0.621698 0.886383 0.445401 0.853919 0.823275 
0.778718 0.921028 0.723361 0.522877 0.991924 
0.268757 0.000875 0.706577 0.446927 0.494569 
0.214798 0.112425 0.520784 0.820596 0.762656 
0.951986 0.028920 0.054824 0.421251 0.967672 
0.660325 0.079182 0.811497 0.834516 0.707898 
0.649827 0.649575 0.399520 0.724433 0.543452 
0.799862 0.280956 0.027535 0.778012 0.045570 
0.887455 0.453164 0.334498 0.909561 0.995112 
0.852495 0.885816 0.903726 0.928749 0.482614 
0.297381 0.088193 0.252165 0.138127 0.495060 
0.469653 0.462931 0.478764 0.588592 0.473549 
0.934806 0.290827 0.936076 0.626011 0.364973 
0.093055 0.978204 0.679344 0.733523 0.314000 
0.399047 0.791281 0.053728 0.998651 0.326633 
0.713935 0.112546 0.552611 0.740390 0.727167 
0.488685 0.329726 0.706064 0.815200 0.073412 
0.838133 0.505976 0.936341 0.077118 0.114299 
0.019158 0.985033 0.455812 0.829481 0.092669 
0.487201 0.394765 0.813822 0.902186 0.038752 
0.297161 0.378110 0.895234 0.190745 0.858672 
0.693525 0.079611 0.025492 0.448426 0.691658 
0.702179 0.514495 0.124313 0.334652 0.490549 
0.658424 0.131254 0.984972 0.416047 0.508175 
0.903194 0.982575 0.136206 0.210081 0.836743 
0.145657 0.052460 0.688113 0.110231 0.648051 
0.788579 0.650353 0.487549 0.236007 0.568154 
0.956827 0.399313 0.255872 0.442663 0.832724 
0.587639 0.448353 0.475182 0.389154 0.512451 
0.758358 0.724639 0.007341 0.372592 0.151717 
0.906723 0.295153 0.629765 0.458234 0.545933 
0.489350 0.507761 0.946593 0.383441 0.500282 
0.243269 0.620727 0.550583 0.645579 0.243824 
0.951864 0.977714 0.447467 0.577962 0.813246 
0.227839 0.284996 0.935078 0.859737 0.592189 
0.923423 0.973587 0.081981 0.847836 0.573576 
0.093395 0.686985 0.156611 0.168086 0.021079 
0.272266 0.971605 0.761088 0.610211 0.824646 
0.818329 0.649427 0.917473 0.961839 0.627177 
0.955674 0.012050 0.530142 0.095470 0.568127 
0.504604 0.882839 0.869145 0.720740 0.476212 
0.687935 0.116339 0.314112 0.284232 0.087537 
0.241317 0.807828 0.167711 0.726901 0.031521 
0.770152 0.941442 0.813169 0.935103 0.267764 
0.314774 0.406896 0.698215 0.901903 0.285015 
0.244642 0.705409 0.805103 0.370741 0.048896 
0.793637 0.650585 0.388587 0.983431 0.529791 
0.197784 0.163267 0.024379 0.737526 0.593117 
0.522535 0.252949 0.318703 0.440979 0.527290 
0.157706 0.569704 0.009308 0.440786 0.297238 
0.671011 0.674759 0.678761 0.943165 0.775611 
0.699274 0.702002 0.541923 0.099310 0.099202 
0.290693 0.670146 0.147899 0.734064 0.413610 
0.543793 0.520922 0.141013 0.006849 0.107148 
0.830583 0.614742 0.973528 0.084799 0.223635 
0.632659 0.104136 0.214965 0.909804 0.072400 
0.830909 0.079309 0.945654 0.610889 0.211997 
0.037001 0.882010 0.942121 0.226739 0.805366 
0.778177 0.817364 0.442041 0.389678 0.323870 
0.287130 0.799501 0.220818 0.292806 0.198114 
0.699468 0.961880 0.319129 0.606137 0.345402 
0.164256 0.645232 0.406667 0.860258 0.349051 
0.502274 0.723749 0.045389 0.847638 0.255485 
0.938120 0.987771 0.470731 0.571811 0.427566 
0.095642 0.449647 0.218981 0.405970 0.133367 
0.494978 0.088393 0.621777 0.206661 0.344110 
0.449352 0.265930 0.480601 0.459925 0.961938 
0.285154 0.578403 0.221531 0.267339 0.170880 
0.976954 0.671326 0.978784 0.416240 0.737281 
0.473817 0.449275 0.970086 0.242867 0.864308 
0.424995 0.882586 0.630086 0.856246 0.920709 
0.347780 0.135402 0.698348 0.132395 0.160022 
0.494652 0.617057 0.869464 0.081967 0.623383 
0.201350 0.088360 0.059852 0.925010 0.637581 
0.828530 0.111051 0.429982 0.703526 0.154131 
0.482511 0.563167 0.155869 0.691241 0.689994 
0.733991 0.179392 0.034602 0.561612 0.015209 
0.613509 0.243464 0.894606 0.648892 0.930328 
0.015110 0.946015 0.670784 0.869054 0.193134 
0.009957 0.351911 0.573040 0.075343 0.297530 
0.590032 0.673825 0.980262 0.265431 0.106902 
0.708106 0.137140 0.914904 0.797010 0.343466 
0.632934 0.728902 0.656272 0.962401 0.067007 
0.179607 0.660653 0.597312 0.028246 0.723431 
0.697764 0.313142 0.984120 0.100029 0.191491 
0.381019 0.785310 0.707230 0.409572 0.683630 
0.768967 0.029014 0.638779 0.959580 0.662015 
0.484574 0.242060 0.304341 0.053258 0.101351 
0.411515 0.340705 0.234476 0.845727 0.126956 
0.745595 0.220888 0.460563 0.688407 0.058382 
0.230764 0.453089 0.068411 0.778498 0.210930 
0.103354 0.064285 0.438236 0.427095 0.179637 
0.159216 0.949030 0.354085 0.112784 0.569088 
0.670189 0.867306 0.819088 0.410432 0.122569 
0.018152 0.088380 0.395016 0.030787 0.435504 
0.520430 0.867993 0.357136 0.389215 0.535631 
0.351091 0.786436 0.632338 0.697375 0.780942 
0.284624 0.673912 0.445382 0.533985 0.690033 
0.388752 0.762285 0.731463 0.690299 0.855058 
0.957996 0.043101 0.395684 0.265501 0.272695 
0.182414 0.839118 0.062605 0.206393 0.846984 
0.257832 0.380533 0.610996 0.012101 0.385963 
0.884141 0.765714 0.355180 0.513017 0.275129 
0.096568 0.011866 0.429209 0.719203 0.649788 
0.983934 0.979100 0.736175 0.891082 0.413553 
0.583200 0.835881 0.654978 0.206957 0.321962 
0.217972 0.452637 0.475909 0.602540 0.886973 
0.354672 0.977461 0.190313 0.598102 0.298238 
0.488579 0.546206 0.085675 0.940747 0.129449 
0.643468 0.772840 0.126930 0.312249 0.973558 
0.593873 0.230603 0.736447 0.460617 0.592689 
0.329038 0.136507 0.265282 0.593323 0.979764 
0.887021 0.169335 0.008905 0.659511 0.407634 
0.105515 0.388202 0.514397 0.471783 0.262223 
0.182373 0.141718 0.861842 0.971738 0.992378 
0.902073 0.146398 0.512290 0.056046 0.962536 
0.334877 0.279091 0.681682 0.021990 0.588932 
0.183730 0.957338 0.978743 0.741528 0.864565 
0.738991 0.221402 0.106549 0.771414 0.147944 
0.497753 0.739439 0.755527 0.142145 0.035273 
0.825291 0.673753 0.770791 0.678727 0.371621 
0.834019 0.353805 0.400168 0.616109 0.947851 
0.524969 0.158149 0.012221 0.395094 0.344349 
0.474791 0.806497 0.788835 0.944729 0.061130 
0.409927 0.647441 0.536599 0.618606 0.919057 
0.585997 0.846385 0.187799 0.339285 0.355034 
0.060358 0.436930 0.478277 0.398923 0.701280 
0.413555 0.619780 0.643503 0.354253 0.937673 
0.476030 0.633209 0.339174 0.489596 0.633941 
0.641569 0.843382 0.729584 0.122341 0.188146 
0.177920 0.307283 0.498427 0.066997 0.025498 
0.550067 0.972913 0.748498 0.003759 0.172426 
0.957605 0.458980 0.074502 0.153677 0.841611 
0.957528 0.168599 0.650144 0.970574 0.442460 
0.426492 0.053794 0.122001 0.471516 0.768251 
0.000581 0.765266 0.828240 0.229110 0.656956 
0.460041 0.916190 0.402391 0.982961 0.618122 
0.779288 0.498665 0.064668 0.869993 0.970617 
0.167049 0.589532 0.261339 0.327165 0.660657 
0.666599 0.532284 0.097348 0.127382 0.901495 
0.429796 0.586017 0.180829 0.192100 0.621518 
0.851122 0.802714 0.219839 0.835862 0.324869 
0.074591 0.645077 0.814057 0.863331 0.996389 
0.307673 0.052080 0.311571 0.565803 0.456187 
0.134944 0.010904 0.271529 0.587902 0.861220 
0.530876 0.427652 0.554735 0.434104 0.986013 
0.926015 0.527739 0.712962 0.757328 0.407537 
0.473490 0.944778 0.892165 0.618423 0.842973 
0.842207 0.974944 0.881298 0.971525 0.417481 
0.597356 0.769747 0.139630 0.768410 0.661241 
0.483261 0.169179 0.386609 0.739754 0.043985 
0.250963 0.930402 0.268385 0.749719 0.529054 
0.807930 0.874697 0.039260 0.841529 0.574475 
0.205292 0.344422 0.695211 0.414566 0.615962 
0.470351 0.185830 0.248566 0.643759 0.663953 
0.062243 0.125171 0.749454 0.077196 0.430976 
0.410484 0.002018 0.919406 0.458435 0.910340 
0.085255 0.879272 0.923954 0.896227 0.894260 
0.829932 0.664079 0.168820 0.362379 0.500398 
0.181305 0.191667 0.340913 0.719097 0.862057 
0.596215 0.588983 0.038440 0.067643 0.880375 
0.463785 0.841795 0.052771 0.916894 0.243414 
0.052599 0.024417 0.376134 0.682016 0.650011 
0.727764 0.526974 0.853705 0.226839 0.482009 
0.118531 0.145538 0.059803 0.114949 0.950357 
0.655262 0.987796 0.889841 0.551904 0.848175 
0.268856 0.667978 0.702368 0.692213 0.017820 
0.496807 0.827664 0.541529 0.472801 0.369359 
0.820443 0.189948 0.455654 0.180592 0.207507 
0.576667 0.047064 0.012949 0.632859 0.459081 
0.781683 0.754480 0.541752 0.228104 0.751631 
0.655376 0.906798 0.560880 0.710090 0.484572 
0.197168 0.803588 0.901130 0.284195 0.458642 
0.390813 0.386558 0.877711 0.682772 0.347144 
0.452971 0.088253 0.271182 0.752756 0.574826 
0.092780 0.355544 0.621702 0.938757 0.696279 
0.364736 0.109958 0.057071 0.195903 0.545932 
0.485562 0.843472 0.233617 0.396778 0.640939 
0.267023 0.851132 0.980060 0.866118 0.852462 
0.336858 0.580190 0.260239 0.845061 0.937815 
0.852945 0.448695 0.209156 0.286562 0.240546 
0.860212 0.575595 0.017285 0.516572 0.028801 
0.059866 0.175978 0.659834 0.824397 0.644831 
0.676984 0.067754 0.733839 0.637387 0.561013 
0.952963 0.452360 0.814797 0.299744 0.803260 
0.388853 0.457712 0.762508 0.471246 0.233136 
0.324637 0.171635 0.670895 0.729116 0.253091 
0.704462 0.894165 0.231286 0.229321 0.203287 
0.651832 0.333415 0.702069 0.670180 0.718386 
0.918055 0.752361 0.927859 0.523159 0.732982 
0.230058 0.592954 0.783494 0.184006 0.590462 
0.902409 0.780609 0.697512 0.083099 0.651157 
0.001857 0.216288 0.147939 0.410528 0.750790 
0.534211 0.486425 0.344412 0.525160 0.361506 
0.823521 0.920284 0.219296 0.703365 0.458338 
0.291385 0.309937 0.117928 0.016315 0.198264 
0.215935 0.227666 0.387612 0.593605 0.724617 
0.644150 0.229995 0.531135 0.788701 0.698733 
0.609764 0.305774 0.149882 0.060341 0.149232 
0.149185 0.347279 0.722431 0.889908 0.680091 
0.283411 0.287261 0.001795 0.165175 0.096840 
0.593336 0.203473 0.763158 0.391864 0.064275 
0.278226 0.137016 0.828825 0.057269 0.522862 
0.733521 0.285606 0.179952 0.455172 0.071049 
0.119114 0.942705 0.036068 0.191353 0.065251 
0.674563 0.381629 0.046087 0.587450 0.278447 
0.856388 0.321111 0.908168 0.576956 0.904360 
0.573480 0.475183 0.407757 0.177773 0.832209 
0.936003 0.395064 0.838578 0.976770 0.568155 
0.982709 0.394779 0.042673 0.198649 0.693978 
0.685668 0.024899 0.480801 0.822368 0.541858 
0.999728 0.434581 0.009740 0.702561 0.949344 
0.625262 0.786166 0.087667 0.413791 0.593212 
0.115468 0.665121 0.692351 0.336930 0.774189 
0.796736 0.748620 0.060591 0.355452 0.081120 
0.382850 0.566632 0.379517 0.543109 0.036038 
0.698425 0.420740 0.384555 0.220371 0.767173 
0.881018 0.267384 0.919926 0.195582 0.145503 
0.465610 0.502998 0.883086 0.019946 0.233597 
0.070496 0.830552 0.081140 0.727132 0.913932 
0.457640 0.562412 0.466812 0.713031 0.913408 
0.643450 0.469263 0.907666 0.137407 0.393591 
0.085501 0.022724 0.922828 0.977115 0.364403 
0.526297 0.474423 0.623626 0.278513 0.962168 
0.163660 0.628535 0.795446 0.054566 0.097957 
0.361964 0.524739 0.287657 0.656784 0.561029 
0.214857 0.101365 0.635694 0.109109 0.793325 
0.420105 0.711704 0.612529 0.766875 0.861513 
0.454656 0.401694 0.264272 0.615651 0.239785 
0.062032 0.566004 0.835692 0.467243 0.945082 
0.984995 0.808688 0.627469 0.866603 0.001043 
0.535739 0.173500 0.018094 0.109637 0.673844 
0.296009 0.025956 0.248021 0.489028 0.098566 
0.604318 0.765006 0.461603 0.167131 0.979096 
0.664086 0.296515 0.532930 0.956834 0.516857 
0.821912 0.878997 0.299055 0.218778 0.996373 
0.038273 0.258337 0.865170 0.910962 0.542341 
0.121833 0.641125 0.390245 0.847020 0.862356 
0.622364 0.077293 0.065591 0.392915 0.729612 
0.585960 0.223641 0.725997 0.823797 0.564037 
0.771277 0.854474 0.138165 0.133402 0.086268 
0.899825 0.359474 0.682778 0.441663 0.034839 
0.533729 0.388825 0.982683 0.944919 0.250610 
0.004729 0.484395 0.224862 0.250869 0.356261 
0.678443 0.584450 0.852070 0.735167 0.956674 
0.814467 0.744431 0.650480 0.619053 0.421070 
0.922048 0.861607 0.023655 0.571309 0.996844 
0.959498 0.284472 0.123870 0.882485 0.918670 
0.093499 0.438088 0.947482 0.325295 0.236196 
0.745033 0.775791 0.711699 0.517422 0.319673 
0.745638 0.938253 0.214225 0.472240 0.929474 
0.675745 0.252108 0.177933 0.518446 0.519489 
0.054196 0.864708 0.142899 0.710719 0.059288 
0.452685 0.268752 0.906630 0.728533 0.447637 
0.429680 0.631725 0.405903 0.009516 0.931676 
0.675336 0.380133 0.896903 0.242871 0.936553 
0.650317 0.875316 0.429454 0.830614 0.132957 
0.616632 0.735603 0.283470 0.282517 0.267700 
0.227183 0.258167 0.004616 0.586320 0.285868 
0.581314 0.150317 0.369724 0.945704 0.450611 
0.427438 0.954441 0.289265 0.670092 0.233677 
0.410418 0.889108 0.245932 0.381618 0.861581 
0.584095 0.882976 0.179528 0.333489 0.945350 
0.500129 0.668660 0.160712 0.090162 0.346281 
0.936802 0.824174 0.898497 0.037018 0.156520 
0.630040 0.083415 0.958743 0.589029 0.810825 
0.531955 0.569622 0.645305 0.640455 0.134869 
0.750069 0.402321 0.814891 0.866317 0.196161 
0.883776 0.620018 0.649352 0.655737 0.965786 
0.959554 0.216006 0.409104 0.805959 0.750623 
0.713932 0.055241 0.432927 0.198220 0.490901 
0.566973 0.110564 0.245384 0.167744 0.265129 
0.016749 0.503764 0.769664 0.748853 0.977305 
0.573066 0.520218 0.300022 0.463362 0.723274 
0.068338 0.562460 0.264022 0.415207 0.382737 
0.663188 0.205601 0.528303 0.196103 0.911381 
0.575993 0.710490 0.211446 0.767606 0.156489 
0.110620 0.183492 0.944719 0.897074 0.114812 
0.648677 0.312534 0.751776 0.096593 0.436752 
0.484190 0.776540 0.306800 0.384486 0.054367 
0.741345 0.777696 0.736129 0.125827 0.780166 
0.250401 0.484632 0.207271 0.596677 0.346433 
0.504821 0.529371 0.139237 0.152905 0.873529 
0.394095 0.551066 0.765100 0.042898 0.982612 
0.767629 0.547291 0.318533 0.579650 0.180407 
0.096306 0.622822 0.774543 0.743306 0.738505 
0.051659 0.229489 0.021313 0.200133 0.630567 
0.937770 0.103821 0.914689 0.178926 0.213234 
0.826116 0.524815 0.559020 0.444316 0.623198 
0.094187 0.008013 0.679676 0.318834 0.651122 
0.404048 0.833878 0.991008 0.878852 0.858128 
0.555723 0.030460 0.941878 0.148496 0.779342 
0.400834 0.820120 0.762298 0.947275 0.844807 
0.671817 0.235384 0.099672 0.195247 0.520793 
0.967262 0.780805 0.995724 0.132392 0.112853 
0.716403 0.583780 0.585119 0.093827 0.956367 
0.663448 0.570711 0.940414 0.530926 0.270560 
0.306056 0.882910 0.063872 0.490251 0.651066 
0.465173 0.166199 0.309742 0.833076 0.502026 
0.554853 0.417165 0.293849 0.713763 0.215466 
0.341112 0.073878 0.666483 0.573179 0.426682 
0.247524 0.141822 0.602160 0.503536 0.925454 
0.097309 0.465912 0.590717 0.179175 0.394167 
0.759457 0.199590 0.504645 0.562981 0.029086 
0.845660 0.007276 0.291935 0.545468 0.679440 
0.343587 0.662390 0.792745 0.672370 0.528110 
0.939340 0.486214 0.800084 0.007043 0.379243 
0.938277 0.621478 0.172583 0.608020 0.994010 
0.328074 0.938153 0.532095 0.923896 0.921970 
0.544241 0.057004 0.061056 0.172038 0.447028 
0.198393 0.385890 0.657882 0.030454 0.846483 
0.834397 0.706070 0.914376 0.920264 0.868776 
0.520448 0.162773 0.727927 0.263675 0.592850 
0.029088 0.884189 0.567807 0.136936 0.480067 
0.492550 0.279661 0.263036 0.843747 0.848576 
0.021236 0.920067 0.573014 0.642483 0.205544 
0.570872 0.652329 0.689895 0.070754 0.163269 
0.058345 0.611526 0.920216 0.064108 0.462760 
0.601572 0.614613 0.800161 0.304108 0.136872 
0.408324 0.707841 0.686840 0.713970 0.698255 
0.577600 0.731492 0.185739 0.723199 0.797312 
0.431052 0.692881 0.257832 0.385080 0.034451 
0.018793 0.861690 0.421906 0.981001 0.688102 
0.933417 0.946341 0.153140 0.826573 0.210121 
0.510069 0.736184 0.045144 0.734912 0.673967 
0.363728 0.178046 0.418540 0.395232 0.669923 
0.402386 0.905566 0.840935 0.598257 0.907511 
0.529457 0.582599 0.746408 0.873864 0.027375 
0.083291 0.875121 0.152154 0.250291 0.648683 
0.415239 0.922170 0.905236 0.302433 0.988646 
0.177942 0.673298 0.126165 0.461101 0.716218 
0.475459 0.037180 0.884064 0.469972 0.827437 
0.740269 0.700638 0.619974 0.910018 0.675504 
0.197814 0.657541 0.293389 0.991649 0.642199 
0.437414 0.620362 0.421440 0.142172 0.491800 
0.687549 0.643408 0.750286 0.057220 0.698878 
0.040572 0.890469 0.118113 0.122115 0.391035 
0.120785 0.028719 0.672572 0.919189 0.816027 
0.960663 0.857095 0.190575 0.986128 0.852992 
0.235785 0.832972 0.758209 0.225664 0.728511 
0.082004 0.247294 0.262283 0.189040 0.189718 
0.596409 0.844956 0.178290 0.527415 0.260159 
0.486497 0.556247 0.836276 0.289594 0.209948 
0.599325 0.859707 0.091740 0.871098 0.546865 
0.157945 0.579607 0.447366 0.872456 0.361530 
0.227237 0.165548 0.364236 0.711770 0.723513 
0.082053 0.059420 0.675483 0.842113 0.396608 
0.787101 0.801803 0.904026 0.961355 0.489600 
0.698923 0.799824 0.634373 0.901630 0.688713 
0.206271 0.789369 0.921027 0.696485 0.822112 
0.243248 0.264204 0.478182 0.800732 0.895714 
0.273131 0.510941 0.377020 0.574650 0.144775 
0.227657 0.231358 0.441665 0.064360 0.694266 
0.532100 0.010980 0.542938 0.164661 0.457022 
0.162107 0.530905 0.912473 0.926097 0.916998 
0.985736 0.258071 0.392455 0.985803 0.389944 
0.781989 0.894315 0.747973 0.178166 0.428719 
0.481504 0.630113 0.312820 0.572193 0.851066 
0.866798 0.273444 0.773407 0.648843 0.104505 
0.410780 0.983627 0.826164 0.335697 0.057711 
0.956144 0.904717 0.574888 0.150350 0.925318 
0.813284 0.872434 0.000303 0.100625 0.201902 
0.367397 0.839928 0.662268 0.737791 0.058413 
0.749872 0.091501 0.858221 0.124448 0.596253 
0.228264 0.439589 0.177176 0.799101 0.490039 
0.085012 0.798157 0.623562 0.211732 0.572418 
0.624613 0.863654 0.424383 0.603715 0.634499 
0.027866 0.348845 0.037783 0.022609 0.993018 
0.652390 0.715267 0.494068 0.794556 0.105379 
0.111136 0.858012 0.614501 0.923640 0.620182 
0.404375 0.324843 0.640094 0.061693 0.873385 
0.983957 0.357669 0.350525 0.276122 0.779084 
0.067240 0.110683 0.250108 0.572176 0.568409 
0.248041 0.831628 0.165242 0.227297 0.174531 
0.347421 0.105513 0.357171 0.967067 0.496681 
0.714450 0.760277 0.968545 0.329938 0.273135 
0.582129 0.844741 0.560661 0.026375 0.278449 
0.884117 0.359494 0.017824 0.574374 0.498682 
0.345877 0.154259 0.625449 0.924939 0.449139 
0.683863 0.687270 0.948799 0.465757 0.982728 
0.710494 0.277046 0.317346 0.640300 0.516025 
0.838476 0.260619 0.225047 0.358869 0.511151 
0.908387 0.266189 0.844624 0.588283 0.267620 
0.891965 0.253820 0.958623 0.580564 0.531329 
0.049331 0.103567 0.654702 0.582386 0.169100 
0.055508 0.924284 0.446391 0.495175 0.411430 
0.908934 0.448438 0.896874 0.754521 0.241649 
0.389423 0.024384 0.819374 0.215306 0.642995 
0.816029 0.998472 0.316149 0.519886 0.724915 
0.651516 0.027614 0.105513 0.353657 0.906600 
0.229891 0.780541 0.547787 0.655870 0.206906 
0.462877 0.578043 0.167631 0.368228 0.808424 
0.175008 0.361240 0.355220 0.182438 0.228300 
0.042196 0.192250 0.142094 0.174247 0.563991 
0.998627 0.917877 0.758336 0.357778 0.173521 
0.373114 0.926783 0.442469 0.583293 0.413380 
0.674631 0.526909 0.759853 0.847879 0.304152 
0.882842 0.932601 0.229126 0.924164 0.423204 
0.793100 0.635195 0.721980 0.322662 0.976575 
0.297828 0.602556 0.154846 0.498547 0.080824 
0.408379 0.622337 0.614309 0.684658 0.048870 
0.363758 0.674496 0.255055 0.707635 0.223742 
0.426557 0.143632 0.022076 0.023842 0.716422 
0.903925 0.269881 0.885137 0.498664 0.040062 
0.315187 0.347484 0.171034 0.569337 0.853657 
0.418892 0.309987 0.958699 0.857819 0.366816 
0.082308 0.346447 0.735081 0.502636 0.803421 
0.098436 0.418420 0.392316 0.650720 0.643935 
0.622454 0.582304 0.782251 0.296374 0.149981 
0.725714 0.075171 0.405695 0.508851 0.262879 
0.215167 0.303975 0.906513 0.769459 0.303122 
0.572244 0.706653 0.709336 0.802872 0.864479 
0.296004 0.941713 0.375269 0.153340 0.188546 
0.897774 0.888325 0.073354 0.867319 0.032583 
0.629754 0.280153 0.535101 0.445849 0.382660 
0.360873 0.186116 0.047085 0.355501 0.910308 
0.548429 0.439308 0.443694 0.166379 0.323912 
0.981423 0.779763 0.480161 0.063310 0.045279 
0.006806 0.383874 0.765892 0.348892 0.821586 
0.400554 0.110430 0.004452 0.821327 0.037619 
0.265825 0.727909 0.966884 0.416848 0.964060 
0.953886 0.968630 0.766672 0.454131 0.584756 
0.001359 0.839036 0.677964 0.540915 0.153381 
0.876492 0.200890 0.351751 0.878601 0.640255 
0.764021 0.898564 0.167631 0.368471 0.886095 
0.598773 0.579394 0.871004 0.970172 0.686683 
0.087002 0.250438 0.117574 0.062811 0.665899 
0.758552 0.989612 0.415647 0.778484 0.979152 
0.611758 0.812668 0.514579 0.525359 0.703334 
0.932907 0.370440 0.991027 0.182671 0.155064 
0.154330 0.828581 0.966035 0.144110 0.051343 
0.929143 0.106595 0.540519 0.497923 0.588371 
0.746554 0.324715 0.480345 0.156753 0.539883 
0.810851 0.976368 0.811384 0.937920 0.629547 
0.789679 0.128505 0.783808 0.468973 0.033426 
0.797564 0.665744 0.159290 0.185565 0.798461 
0.731270 0.455332 0.762631 0.542910 0.680271 
0.320238 0.237506 0.756940 0.882615 0.104137 
0.231611 0.690679 0.244921 0.379739 0.275223 
0.671844 0.674788 0.157250 0.900457 0.973800 
0.651040 0.025363 0.268657 0.313056 0.530262 
0.114353 0.924418 0.697912 0.812219 0.972941 
0.213486 0.058366 0.951433 0.737892 0.758856 
0.096639 0.215460 0.231034 0.994888 0.077626 
0.659074 0.055488 0.586569 0.459295 0.369917 
0.199588 0.469872 0.140589 0.874639 0.063124 
0.922440 0.456270 0.526238 0.483503 0.229656 
0.821854 0.893015 0.905429 0.549077 0.335453 
0.956170 0.342125 0.090330 0.176202 0.422541 
0.641416 0.282399 0.276859 0.170786 0.398728 
0.418658 0.387536 0.323886 0.560020 0.259098 
0.667193 0.505606 0.726148 0.368377 0.313558 
0.974077 0.313216 0.217297 0.114694 0.655293 
0.506356 0.320607 0.449342 0.088615 0.360473 
0.465745 0.784549 0.910623 0.839078 0.378706 
0.908314 0.031509 0.574704 0.048259 0.081458 
0.065358 0.471544 0.247014 0.561695 0.409641 
0.832760 0.199325 0.047261 0.320349 0.107515 
0.001425 0.951484 0.590708 0.037017 0.141783 
0.944385 0.278593 0.320544 0.388321 0.510677 
0.946943 0.267361 0.530173 0.613732 0.000457 
0.689040 0.694575 0.715606 0.198059 0.770697 
0.109486 0.124334 0.677681 0.791803 0.839696 
0.766536 0.172987 0.397184 0.473704 0.543734 
0.544043 0.725835 0.106138 0.856331 0.356777 
0.348064 0.911577 0.869705 0.125555 0.200081 
0.758326 0.182819 0.646267 0.816136 0.803084 
0.430877 0.750683 0.730984 0.653886 0.855757 
0.700164 0.658937 0.751154 0.652530 0.073070 
0.094275 0.476342 0.878723 0.700147 0.378322 
0.463761 0.423703 0.172590 0.724977 0.694716 
0.094009 0.005724 0.205691 0.049977 0.956714 
0.498570 0.462493 0.111693 0.227084 0.605292 
0.144525 0.031510 0.588557 0.870144 0.502878 
0.876091 0.469555 0.804774 0.830666 0.000190 
0.187398 0.605750 0.845938 0.687328 0.916177 
0.194061 0.578578 0.160051 0.971427 0.767572 
0.590087 0.589354 0.270719 0.976022 0.999335 
0.819538 0.982757 0.194109 0.391589 0.437021 
0.007902 0.801927 0.983476 0.288589 0.312496 
0.121675 0.989269 0.652262 0.562069 0.686256 
0.902709 0.822434 0.656012 0.587711 0.652644 
0.983871 0.913712 0.760151 0.849782 0.288394 
0.044705 0.359765 0.565461 0.710779 0.060828 
0.343433 0.081833 0.364012 0.951904 0.654711 
0.729217 0.949543 0.966958 0.659409 0.692532 
0.388470 0.015475 0.089887 0.728308 0.670294 
0.636997 0.012205 0.130281 0.631749 0.813109 
0.920633 0.076590 0.241700 0.259496 0.343367 
0.974253 0.267772 0.442313 0.946691 0.042546 
0.064453 0.259916 0.403543 0.344475 0.584529 
0.184971 0.804328 0.343491 0.059785 0.799867 
0.370544 0.740596 0.192135 0.213630 0.474021 
0.878970 0.854220 0.873975 0.901070 0.282075 
0.834097 0.662937 0.989066 0.229563 0.272718 
0.566306 0.899165 0.259264 0.454014 0.612746 
0.424880 0.966003 0.604223 0.180104 0.007202 
0.044544 0.658180 0.036372 0.309610 0.621790 
0.420751 0.560304 0.032941 0.640288 0.328380 
0.088467 0.867414 0.629484 0.731585 0.745699 
0.966669 0.805738 0.033997 0.391410 0.421810 
0.365028 0.028682 0.057701 0.784402 0.439494 
0.571698 0.531855 0.881060 0.972900 0.525376 
0.992957 0.620295 0.300994 0.797808 0.767059 
0.958713 0.087398 0.896294 0.008829 0.389417 
0.929223 0.451408 0.810193 0.916041 0.899189 
0.673725 0.300661 0.203794 0.159917 0.720594 
0.025854 0.521845 0.646013 0.544308 0.189871 
0.155890 0.042426 0.053624 0.256008 0.728111 
0.366080 0.698221 0.001228 0.631084 0.631786 
0.434233 0.154113 0.181775 0.092120 0.265758 
0.601272 0.576129 0.008297 0.442969 0.978992 
0.917921 0.505989 0.162679 0.149951 0.220217 
0.180973 0.613539 0.755480 0.359782 0.860281 
0.739258 0.713316 0.693903 0.423666 0.556561 
0.122597 0.488596 0.824825 0.830933 0.490217 
0.074145 0.157120 0.719874 0.915267 0.896170 
0.925606 0.660969 0.904561 0.959292 0.826939 
0.359824 0.563245 0.463389 0.183355 0.648752 
0.576930 0.470677 0.670025 0.117465 0.227997 
0.946846 0.646817 0.052684 0.464508 0.986841 
0.839327 0.567535 0.563284 0.112054 0.298312 
0.729066 0.417165 0.284848 0.445307 0.269346 
0.893461 0.391555 0.863418 0.471871 0.732258 
0.056658 0.244992 0.574771 0.174708 0.315305 
0.339382 0.985032 0.435495 0.357383 0.541253 
0.831459 0.331017 0.395774 0.774362 0.705947 
0.843691 0.915352 0.323840 0.785844 0.672633 
0.944326 0.293207 0.923790 0.144625 0.707167 
0.355149 0.992047 0.330724 0.472690 0.507184 
0.245284 0.482006 0.077865 0.675191 0.934549 
0.968864 0.691792 0.943330 0.543970 0.508772 
0.927779 0.183887 0.592062 0.780509 0.006429 
0.055526 0.231164 0.174602 0.535464 0.541753 
0.245080 0.057093 0.563320 0.718935 0.133018 
0.632565 0.524344 0.654739 0.197492 0.250021 
0.100201 0.072753 0.754648 0.373466 0.835997 
0.602491 0.070158 0.150337 0.716800 0.251995 
0.279835 0.184839 0.583118 0.472301 0.957687 
0.847276 0.168127 0.714965 0.412563 0.939471 
0.681785 0.753480 0.746105 0.794002 0.795224 
0.336814 0.833993 0.921367 0.411221 0.399637 
0.693461 0.004033 0.787268 0.608996 0.404028 
0.500741 0.953518 0.782707 0.956612 0.785495 
0.813735 0.440745 0.592958 0.848531 0.263026 
0.670690 0.285005 0.076352 0.248350 0.023860 
0.016955 0.954990 0.514253 0.050203 0.760580 
0.072817 0.828450 0.752612 0.153018 0.776542 
0.333433 0.007579 0.379278 0.527743 0.784605 
0.854240 0.218656 0.956798 0.896070 0.244557 
0.264840 0.170591 0.121506 0.153713 0.459315 
0.708995 0.074259 0.070456 0.157554 0.015200 
0.469872 0.130438 0.270128 0.043021 0.053219 
0.457163 0.536173 0.466635 0.742118 0.774415 
0.596329 0.503235 0.866042 0.573399 0.116142 
0.002384 0.069179 0.695451 0.437993 0.351317 
0.588017 0.797550 0.426578 0.496022 0.642524 
0.909079 0.897262 0.281557 0.126204 0.116027 
0.061405 0.040031 0.797520 0.912026 0.412603 
0.615011 0.497506 0.582471 0.590893 0.130867 
0.476352 0.039907 0.720894 0.069933 0.363228 
0.764957 0.637033 0.608848 0.913560 0.203487 
0.005916 0.430977 0.430159 0.688018 0.511186 
0.504866 0.287175 0.548649 0.149437 0.589852 
0.647392 0.712201 0.954155 0.476838 0.215700 
0.276665 0.902948 0.847591 0.461218 0.694153 
0.626043 0.903442 0.155955 0.135582 0.725721 
0.184991 0.143938 0.162732 0.041531 0.005042 
0.739277 0.036568 0.599166 0.190289 0.182960 
0.007804 0.159868 0.908608 0.980334 0.469667 
0.694826 0.943427 0.174289 0.276958 0.828051 
0.051518 0.868054 0.387572 0.917477 0.043562 
0.144760 0.986448 0.236728 0.685635 0.467294 
0.808009 0.209978 0.095908 0.932364 0.249433 
0.221969 0.628079 0.118317 0.560505 0.413651 
0.229406 0.625777 0.434053 0.134356 0.115447 
0.312183 0.864257 0.559320 0.487840 0.125398 
0.565154 0.536578 0.272180 0.530402 0.472015 
0.156945 0.778802 0.329861 0.972142 0.792531 
0.060822 0.231931 0.062965 0.254987 0.563475 
0.319880 0.217689 0.704896 0.181337 0.723515 
0.122844 0.634372 0.890422 0.326601 0.179449 
0.002380 0.998343 0.146930 0.454222 0.108973 
0.511751 0.997955 0.625757 0.091470 0.330755 
0.003678 0.819959 0.043973 0.058857 0.203854 
0.180147 0.723581 0.224444 0.235742 0.117548 
0.625920 0.831951 0.602651 0.763298 0.750153 
0.819826 0.807541 0.346668 0.449405 0.153049 
0.288887 0.323196 0.954391 0.451514 0.602173 
0.728779 0.582996 0.418481 0.416709 0.631810 
0.824558 0.338221 0.486009 0.350150 0.966190 
0.752772 0.832274 0.028321 0.992617 0.917791 
0.317032 0.358713 0.897386 0.364819 0.512341 
0.918715 0.846771 0.687121 0.448532 0.483193 
0.017262 0.128799 0.726012 0.082968 0.437891 
0.641522 0.053592 0.725232 0.966857 0.968734 
0.504924 0.259953 0.038027 0.112959 0.508000 
0.951166 0.244265 0.364727 0.966821 0.362464 
0.930166 0.293670 0.705557 0.298913 0.834631 
0.639971 0.988973 0.668649 0.981637 0.374031 
0.340903 0.563133 0.577015 0.893355 0.609154 
0.052933 0.648978 0.375263 0.047708 0.823020 
0.492740 0.487494 0.313951 0.575181 0.071398 
0.992671 0.816564 0.985085 0.318309 0.819886 
0.821596 0.566340 0.475397 0.991992 0.407071 
0.646009 0.478269 0.274014 0.358181 0.952613 
0.563675 0.678394 0.765640 0.105599 0.795149 
0.062572 0.640554 0.796439 0.748643 0.434645 
0.072498 0.481889 0.107256 0.643977 0.314868 
0.993497 0.696316 0.990845 0.133009 0.482847 
0.206457 0.924925 0.220468 0.412769 0.410966 
0.109245 0.072615 0.433222 0.160898 0.207749 
0.634961 0.783266 0.352325 0.530917 0.115136 
0.097121 0.316816 0.730902 0.265683 0.340585 
0.206140 0.591787 0.162418 0.766855 0.534269 
0.465120 0.276357 0.726306 0.019153 0.899327 
0.985494 0.195598 0.415074 0.153185 0.572715 
0.628230 0.654671 0.063811 0.475257 0.646859 
0.766543 0.289240 0.259489 0.235160 0.332794 
0.268587 0.145589 0.906867 0.712835 0.625589 
0.276340 0.451436 0.280495 0.284806 0.734211 
0.877453 0.349491 0.899218 0.164994 0.059160 
0.305473 0.087348 0.052854 0.312939 0.559449 
0.663156 0.658999 0.797642 0.964796 0.327517 
0.579365 0.381958 0.568405 0.176915 0.416209 
0.224074 0.014898 0.385878 0.446336 0.564041 
0.834624 0.521331 0.007643 0.447570 0.304287 
0.155479 0.138598 0.413796 0.666772 0.439138 
0.599545 0.544941 0.816194 0.771581 0.969084 
0.398094 0.767510 0.533981 0.617146 0.377331 
0.809920 0.322784 0.029017 0.688156 0.831485 
0.775993 0.108257 0.470561 0.717847 0.857741 
0.058850 0.092540 0.318186 0.749083 0.843618 
0.687324 0.861041 0.510343 0.339083 0.969871 
0.626239 0.200105 0.160766 0.987424 0.627540 
0.064570 0.227199 0.531197 0.831893 0.633590 
0.754370 0.699159 0.760491 0.568205 0.820217 
0.385026 0.123806 0.807916 0.648821 0.727156 
0.316325 0.473018 0.010053 0.963345 0.940543 
0.699973 0.442393 0.298681 0.932372 0.372651 
0.152905 0.878271 0.105994 0.447891 0.707080 
0.899844 0.671879 0.276667 0.939309 0.972155 
0.003545 0.582666 0.862628 0.187822 0.725242 
0.141057 0.736822 0.768186 0.894590 0.371197 
0.706529 0.627067 0.122034 0.023666 0.759205 
0.956062 0.532073 0.556839 0.799706 0.654630 
0.365816 0.277622 0.986199 0.054527 0.443172 
0.384457 0.561063 0.783020 0.218633 0.559664 
0.274086 0.563693 0.981196 0.962663 0.475514 
0.968753 0.826987 0.171473 0.952640 0.024538 
0.412586 0.340642 0.177267 0.326691 0.693218 
0.909825 0.424156 0.796797 0.760515 0.975834 
0.834375 0.332627 0.457277 0.456710 0.919081 
0.998947 0.306238 0.947019 0.554845 0.285549 
0.222865 0.699060 0.096198 0.794481 0.837241 
0.517172 0.105236 0.699025 0.517093 0.787385 
0.577031 0.159310 0.526271 0.032992 0.497761 
0.871525 0.718777 0.493168 0.673549 0.337957 
0.047941 0.742779 0.878554 0.857062 0.646024 
0.718367 0.590279 0.818256 0.421360 0.796984 
0.908312 0.000376 0.317383 0.250287 0.571233 
0.717288 0.451901 0.103531 0.037851 0.168538 
0.624420 0.628060 0.808933 0.740202 0.579659 
0.331041 0.804115 0.758459 0.413632 0.914324 
0.045964 0.519387 0.338695 0.439236 0.234301 
0.895052 0.144683 0.693837 0.324100 0.155016 
0.352855 0.438311 0.691805 0.160050 0.956862 
0.975749 0.408582 0.041458 0.790890 0.492976 
0.449304 0.452300 0.812146 0.730630 0.694223 
0.803152 0.581392 0.463229 0.491374 0.516529 
0.303492 0.795350 0.452743 0.258858 0.620670 
0.602238 0.817176 0.280118 0.939428 0.973256 
0.505982 0.040682 0.738909 0.844454 0.742717 
0.837843 0.619684 0.028305 0.717074 0.866884 
0.720454 0.663519 0.761258 0.468746 0.212538 
0.128628 0.858211 0.954334 0.490890 0.390981 
0.220322 0.948504 0.502227 0.928261 0.281526 
0.611480 0.138776 0.410575 0.538154 0.761849 
0.404259 0.382284 0.040312 0.531487 0.700091 
0.426260 0.154909 0.547468 0.301342 0.656081 
0.747618 0.210536 0.470647 0.156514 0.528571 
0.695992 0.535740 0.190069 0.483592 0.726104 
0.636173 0.164251 0.562554 0.841474 0.645634 
0.169057 0.349178 0.638904 0.066063 0.320769 
0.168254 0.842368 0.671825 0.356176 0.253895 
0.207790 0.326929 0.696805 0.196887 0.082331 
0.730432 0.373580 0.766559 0.554844 0.257405 
0.212979 0.542321 0.790323 0.963495 0.460007 
0.344732 0.907714 0.949150 0.361440 0.713914 
0.755757 0.007926 0.204961 0.784952 0.695866 
0.418340 0.036100 0.730488 0.308863 0.058393 
0.413267 0.782771 0.028919 0.040924 0.810139 
0.012620 0.097691 0.884568 0.939982 0.283277 
0.044161 0.219411 0.634991 0.299830 0.240956 
0.748997 0.399794 0.333092 0.279991 0.816706 
0.373591 0.941259 0.741351 0.879407 0.201224 
0.972595 0.397281 0.093418 0.078217 0.599103 
0.122537 0.482524 0.773697 0.522370 0.474408 
0.378543 0.172677 0.181504 0.534779 0.022496 
0.088526 0.852410 0.449348 0.195015 0.616703 
0.920101 0.133092 0.881216 0.589216 0.950263 
0.074140 0.066147 0.724624 0.759002 0.547036 
0.039238 0.479387 0.057942 0.835823 0.685517 
0.489602 0.735097 0.767480 0.042172 0.782539 
0.138885 0.235630 0.229585 0.633748 0.404473 
0.972677 0.789850 0.006676 0.200011 0.593026 
0.995392 0.547424 0.563394 0.958037 0.721788 
0.089596 0.847831 0.494835 0.691708 0.541838 
0.677634 0.996910 0.072705 0.956382 0.913688 
0.359949 0.664985 0.410244 0.970209 0.307080 
0.087469 0.084329 0.313531 0.521721 0.560599 
0.985280 0.595719 0.241738 0.884345 0.188835 
0.747572 0.435655 0.045780 0.429169 0.037660 
0.944583 0.605661 0.349662 0.766839 0.268259 
0.627239 0.007061 0.666972 0.793520 0.695543 
0.986033 0.262736 0.809536 0.876344 0.720604 
0.185159 0.973522 0.992347 0.367744 0.666988 
0.070128 0.635589 0.344936 0.334349 0.402008 
0.550867 0.418474 0.300848 0.346394 0.843368 
0.481668 0.399826 0.878355 0.517691 0.839503 
0.528282 0.834690 0.627862 0.477819 0.706048 
0.553189 0.451341 0.683157 0.816859 0.954767 
0.761478 0.154637 0.986166 0.499959 0.807042 
0.946931 0.071365 0.429344 0.989649 0.025204 
0.599113 0.299671 0.577283 0.388954 0.150806 
0.595293 0.081807 0.933476 0.926641 0.050332 
0.926810 0.891046 0.803159 0.688027 0.665593 
0.613889 0.624576 0.257102 0.114264 0.435639 
0.790625 0.034200 0.792945 0.032982 0.328187 
0.842269 0.018261 0.920760 0.205816 0.149267 
0.732241 0.780958 0.563329 0.866086 0.306511 
0.523833 0.064125 0.744337 0.068113 0.782895 
0.114607 0.203775 0.850478 0.979527 0.902625 
0.412929 0.094980 0.335999 0.139835 0.202714 
0.021132 0.165904 0.350868 0.043592 0.658225 
0.786115 0.235101 0.344840 0.727439 0.063347 
0.666114 0.373388 0.531662 0.646257 0.642767 
0.978001 0.261780 0.732961 0.871141 0.269990 
0.723418 0.488956 0.884955 0.434124 0.314510 
0.961596 0.549928 0.634950 0.596584 0.781465 
0.077166 0.933540 0.000207 0.483345 0.575671 
0.305592 0.083416 0.976493 0.916733 0.523696 
0.750454 0.885717 0.244740 0.337645 0.800047 
0.394317 0.285809 0.597602 0.902649 0.825566 
0.293322 0.871007 0.009390 0.822540 0.425272 
0.546249 0.814200 0.267294 0.406470 0.549649 
0.943902 0.161749 0.507394 0.774593 0.579107 
0.053514 0.410832 0.853027 0.832898 0.508518 
0.666266 0.937479 0.204889 0.573125 0.516288 
0.245856 0.108323 0.584214 0.887411 0.717063 
0.679372 0.206587 0.115604 0.962748 0.898505 
0.169393 0.986669 0.938460 0.691747 0.183796 
0.064707 0.523463 0.849776 0.189031 0.040947 
0.194594 0.543387 0.697933 0.154999 0.064986 
0.215387 0.016844 0.090897 0.712335 0.218957 
0.013509 0.039443 0.910491 0.618878 0.475890 
0.279303 0.244785 0.099260 0.268363 0.370641 
0.364747 0.308544 0.696908 0.925349 0.334380 
0.921444 0.713866 0.943709 0.910103 0.107941 
0.164564 0.832846 0.651085 0.780811 0.085195 
0.872386 0.192896 0.004711 0.178838 0.726537 
0.907880 0.737810 0.379960 0.979897 0.136163 
0.498891 0.866397 0.534424 0.056322 0.596482 
0.070010 0.656731 0.672893 0.306658 0.009402 
0.018723 0.683007 0.304861 0.797057 0.143634 
0.056394 0.817043 0.045760 0.084754 0.454217 
0.021169 0.789306 0.861845 0.029927 0.975833 
0.827644 0.210129 0.636700 0.017596 0.739257 
0.694047 0.847868 0.123363 0.359936 0.449659 
0.411079 0.000980 0.466000 0.062466 0.860235 
0.975005 0.916766 0.078585 0.779634 0.303061 
0.539093 0.534778 0.006358 0.857607 0.794235 
0.712776 0.628971 0.122860 0.914102 0.314046 
0.172027 0.252464 0.168979 0.037581 0.615603 
0.436932 0.521111 0.305238 0.129208 0.605727 
0.454870 0.007130 0.829438 0.364269 0.265259 
0.207428 0.246044 0.255400 0.507280 0.854730 
0.438911 0.778742 0.322920 0.320320 0.611777 
0.134849 0.399165 0.774052 0.494665 0.829002 
0.044305 0.629698 0.327606 0.070906 0.722085 
0.075103 0.260407 0.663548 0.246845 0.730811 
0.744754 0.076064 0.401456 0.277050 0.374103 
0.552339 0.165822 0.969232 0.888625 0.117066 
0.526426 0.638077 0.165922 0.659071 0.001690 
0.395813 0.428310 0.608910 0.957598 0.344425 
0.755897 0.358576 0.579630 0.843474 0.262989 
0.058096 0.427714 0.580968 0.326574 0.733886 
0.424563 0.631745 0.736270 0.482629 0.543536 
0.214705 0.550759 0.602076 0.090211 0.173982 
0.110200 0.131839 0.819149 0.434512 0.842148 
0.974562 0.458142 0.988031 0.840318 0.223536 
0.968632 0.802697 0.922570 0.636054 0.167916 
0.166630 0.547099 0.087283 0.967673 0.677848 
0.592290 0.611814 0.752161 0.573743 0.899446 
0.982470 0.377621 0.669086 0.320846 0.461014 
0.254213 0.558945 0.184967 0.746170 0.886188 
0.156635 0.570737 0.377203 0.654882 0.603592 
0.569919 0.622430 0.176061 0.050282 0.090914 
0.997583 0.376722 0.560687 0.460801 0.677993 
0.024342 0.111017 0.861639 0.560888 0.851239 
0.768581 0.539154 0.558717 0.358256 0.213120 
0.908295 0.715981 0.497237 0.064089 0.142739 
0.021414 0.912988 0.596267 0.451770 0.895743 
0.753967 0.929568 0.256805 0.121455 0.298307 
0.642147 0.558489 0.532140 0.676942 0.356407 
0.132737 0.914047 0.391873 0.205988 0.032955 
0.882585 0.606763 0.873637 0.216848 0.570387 
0.489034 0.199973 0.939439 0.143166 0.191363 
0.232227 0.033273 0.221178 0.346652 0.176461 
0.772687 0.553275 0.899845 0.696986 0.249891 
0.921183 0.321778 0.120843 0.003735 0.781757 
0.985834 0.908112 0.635867 0.011487 0.055907 
0.631420 0.278527 0.211454 0.905288 0.169258 
0.719448 0.756612 0.385960 0.827079 0.723701 
0.236776 0.494905 0.869201 0.665140 0.009569 
0.826559 0.969108 0.803884 0.870287 0.914331 
0.167836 0.825824 0.624772 0.539090 0.485722 
0.527502 0.723447 0.975208 0.327732 0.192792 
0.247206 0.790057 0.484174 0.516955 0.461443 
0.467159 0.546791 0.917614 0.339404 0.360299 
0.540898 0.876977 0.356428 0.487726 0.205042 
0.138077 0.658671 0.289310 0.433359 0.456466 
0.819465 0.743224 0.370761 0.376265 0.887777 
0.865607 0.264955 0.104205 0.373596 0.027036 
0.395509 0.313739 0.006670 0.101517 0.189963 
0.702412 0.435514 0.687711 0.356677 0.665293 
0.577135 0.902563 0.384740 0.318063 0.686796 
0.978753 0.906899 0.258028 0.679449 0.498690 
0.478276 0.379021 0.200685 0.909221 0.272495 
0.816418 0.541043 0.303214 0.123055 0.182449 
0.415139 0.243813 0.758107 0.496693 0.926505 
0.776646 0.094750 0.455263 0.601433 0.281283 
0.518617 0.400164 0.562491 0.782464 0.872907 
0.946095 0.023877 0.305708 0.041683 0.572615 
0.946820 0.207805 0.571996 0.539565 0.466341 
0.793912 0.270937 0.642582 0.874626 0.845723 
0.065761 0.251630 0.142874 0.275182 0.981378 
0.016504 0.388910 0.409868 0.649813 0.414744 
0.608186 0.786740 0.746244 0.118903 0.410570 
0.453825 0.442182 0.756912 0.427112 0.473329 
0.246254 0.794351 0.658936 0.736136 0.231515 
0.066457 0.944672 0.096013 0.696045 0.421529 
0.636931 0.893958 0.748035 0.232104 0.964959 
0.072217 0.750129 0.412846 0.711020 0.114309 
0.183895 0.723936 0.192239 0.956108 0.310249 
0.359114 0.636892 0.237247 0.412232 0.389518 
0.632390 0.573326 0.884804 0.899100 0.172628 
0.352895 0.102997 0.064614 0.964458 0.653916 
0.364455 0.393318 0.493669 0.092429 0.457427 
0.982263 0.900239 0.325209 0.786510 0.868998 
0.246355 0.489112 0.509269 0.290630 0.624332 
0.147883 0.461675 0.372431 0.456159 0.661731 
0.710082 0.351328 0.766325 0.622977 0.382634 
0.921978 0.678494 0.456222 0.714753 0.856401 
0.536218 0.224275 0.389237 0.903236 0.681000 
0.568420 0.429034 0.774516 0.293923 0.970247 
0.949664 0.997564 0.059308 0.782613 0.375748 
0.204592 0.583494 0.783297 0.873139 0.844566 
0.626907 0.428800 0.845397 0.588915 0.896714 
0.072033 0.664763 0.665240 0.691667 0.848751 
0.954192 0.100787 0.934322 0.155371 0.326065 
0.182826 0.763389 0.279136 0.436731 0.130101 
0.612391 0.455208 0.676567 0.066244 0.370877 
0.338125 0.859744 0.718538 0.469475 0.465909 
0.529710 0.842116 0.450680 0.581679 0.278974 
0.717787 0.850198 0.278618 0.730176 0.076152 
0.893241 0.694848 0.304567 0.853985 0.928945 
0.779738 0.062921 0.520748 0.214342 0.450973 
0.496913 0.613751 0.306312 0.185801 0.750566 
0.762762 0.741697 0.695699 0.613087 0.157469 
0.581222 0.590177 0.100884 0.558357 0.298713 
0.475264 0.754402 0.227290 0.061972 0.570952 
0.989769 0.050973 0.708659 0.425663 0.118780 
0.327919 0.327636 0.576709 0.746257 0.335866 
0.901133 0.344567 0.141139 0.130268 0.413676 
0.644180 0.733935 0.249314 0.215397 0.180728 
0.492181 0.087782 0.352720 0.159460 0.044804 
0.024754 0.046049 0.942628 0.748544 0.778288 
0.678091 0.682710 0.310636 0.851385 0.230592 
0.565010 0.125368 0.058107 0.597898 0.870171 
0.964305 0.081005 0.448141 0.899252 0.721449 
0.395897 0.843881 0.111727 0.803434 0.311087 
0.431662 0.944525 0.633454 0.462543 0.962506 
0.831571 0.215473 0.459017 0.690656 0.860661 
0.137417 0.565114 0.867666 0.868965 0.699120 
0.103890 0.073931 0.556106 0.473558 0.083656 
0.008020 0.793699 0.692870 0.065061 0.477820 
0.719760 0.007394 0.271865 0.238188 0.225059 
0.571261 0.183645 0.525621 0.113470 0.081912 
0.702681 0.964415 0.922651 0.999682 0.654433 
0.059942 0.452834 0.786894 0.321503 0.496554 
0.586233 0.821085 0.968885 0.058214 0.411033 
0.229550 0.049298 0.557068 0.634032 0.173948 
0.547688 0.984854 0.442221 0.414930 0.729726 
0.502004 0.173396 0.265371 0.090445 0.106333 
0.140315 0.270371 0.119284 0.800182 0.666359 
0.494934 0.356267 0.787847 0.351191 0.458869 
0.205361 0.509885 0.644933 0.381121 0.500357 
0.503510 0.493062 0.897589 0.783072 0.088228 
0.854842 0.337040 0.638501 0.281712 0.736815 
0.649867 0.306309 0.129936 0.833834 0.251972 
0.897055 0.803158 0.682415 0.352998 0.844873 
0.772432 0.262993 0.120527 0.704650 0.044623 
0.978677 0.618139 0.061992 0.906648 0.040116 
0.230058 0.588767 0.410777 0.935159 0.212642 
0.871937 0.637444 0.528642 0.890476 0.227580 
0.941158 0.042676 0.260180 0.844068 0.254711 
0.932236 0.096822 0.279491 0.406630 0.234132 
0.062924 0.565288 0.795895 0.600861 0.674814 
0.592099 0.403041 0.916711 0.169670 0.638608 
0.078967 0.206022 0.611661 0.181254 0.331103 
0.840342 0.624684 0.069501 0.109091 0.493732 
0.153575 0.139971 0.485478 0.437026 0.103861 
0.586747 0.460332 0.797856 0.571594 0.780258 
0.803309 0.212555 0.415301 0.955853 0.021681 
0.386572 0.122120 0.476358 0.145751 0.637941 
0.876310 0.147612 0.909076 0.841069 0.840238 
0.879991 0.008080 0.792641 0.913073 0.017175 
0.663358 0.064409 0.520019 0.952590 0.172920 
0.259707 0.903113 0.621812 0.792519 0.868317 
0.796956 0.438855 0.837692 0.087736 0.580774 
0.061264 0.669455 0.527642 0.082354 0.122244 
0.549868 0.635804 0.956398 0.183612 0.966724 
0.736943 0.794644 0.579460 0.990457 0.609237 
0.449549 0.567272 0.145009 0.163749 0.136536 
0.759541 0.599258 0.722676 0.018803 0.018679 
0.938399 0.668159 0.751098 0.711433 0.048660 
0.821097 0.173929 0.216726 0.514869 0.404356 
0.018151 0.068790 0.155932 0.750665 0.434224 
0.004035 0.813150 0.604462 0.190829 0.256727 
0.814772 0.880736 0.533158 0.791114 0.246949 
0.470151 0.834328 0.558474 0.265425 0.000659 
0.082632 0.794891 0.739363 0.481762 0.972512 
0.002269 0.140371 0.207563 0.506338 0.026305 
0.102357 0.306080 0.280912 0.286550 0.043306 
0.844875 0.810265 0.116661 0.716655 0.819387 
0.441449 0.427383 0.031814 0.694034 0.625474 
0.345575 0.079101 0.447510 0.297260 0.056741 
0.646186 0.442671 0.973567 0.741674 0.321732 
0.342956 0.068359 0.901968 0.373271 0.574084 
0.625460 0.105947 0.655103 0.323755 0.347521 
0.789466 0.553819 0.030612 0.493666 0.044321 
0.894644 0.276348 0.577879 0.405001 0.844391 
0.685742 0.264940 0.854106 0.952038 0.903360 
0.771893 0.203900 0.946912 0.743761 0.389070 
0.106467 0.389332 0.495323 0.887091 0.336692 
0.790771 0.482554 0.285361 0.068346 0.683557 
0.548218 0.896357 0.076228 0.170653 0.161091 
0.449650 0.269868 0.664668 0.079172 0.638135 
0.140971 0.294407 0.090755 0.322499 0.234583 
0.639139 0.011109 0.705176 0.898618 0.073016 
0.185954 0.332188 0.080635 0.224487 0.945516 
0.279555 0.472590 0.812415 0.263412 0.171906 
0.226397 0.060998 0.198587 0.645401 0.252813 
0.023832 0.536126 0.667900 0.390073 0.962048 
0.139815 0.877286 0.548363 0.341002 0.219733 
0.049094 0.116298 0.623928 0.361309 0.520989 
0.262133 0.663462 0.813947 0.003331 0.988734 
0.658010 0.179028 0.915462 0.163499 0.926787 
0.504063 0.785686 0.027265 0.251169 0.405067 
0.968649 0.089009 0.969474 0.945556 0.965692 
0.390476 0.731012 0.120478 0.875610 0.378263 
0.462502 0.268314 0.561301 0.779000 0.650965 
0.769465 0.399793 0.327003 0.943592 0.955765 
0.543788 0.448348 0.391104 0.278696 0.044474 
0.479991 0.206207 0.728802 0.972280 0.108064 
0.225435 0.889372 0.666946 0.368149 0.485219 
0.081167 0.169416 0.377416 0.225608 0.798668 
0.208933 0.534569 0.498759 0.646330 0.867750 
0.272601 0.606810 0.651609 0.599141 0.761834 
0.146748 0.394440 0.358396 0.566196 0.059678 
0.012152 0.245901 0.861689 0.411701 0.455726 
0.378762 0.853645 0.217863 0.630361 0.480393 
0.970531 0.707556 0.896648 0.958435 0.415963 
0.095156 0.281696 0.464074 0.689488 0.216436 
0.631489 0.428378 0.743288 0.439225 0.046640 
0.881968 0.240268 0.180974 0.631282 0.951646 
0.317048 0.620130 0.522585 0.093791 0.344048 
0.409979 0.521513 0.071392 0.887805 0.341740 
0.629373 0.865191 0.271672 0.987459 0.215527 
0.367055 0.099450 0.456959 0.101673 0.818300 
0.169342 0.126472 0.620165 0.110784 0.947797 
0.617643 0.719294 0.176008 0.168000 0.572981 
0.098401 0.830050 0.644479 0.753808 0.244318 
0.247080 0.668594 0.062093 0.604689 0.004783 
0.383183 0.155990 0.721675 0.196061 0.200754 
0.076367 0.502840 0.238117 0.035216 0.881330 
0.506512 0.946065 0.510366 0.716815 0.509678 
0.161509 0.490072 0.638712 0.833592 0.188897 
0.791265 0.788930 0.549127 0.176161 0.745372 
0.465835 0.287501 0.032845 0.018336 0.174090 
0.930285 0.296774 0.881668 0.191892 0.125346 
0.685016 0.059999 0.408857 0.653866 0.534030 
0.444769 0.235352 0.561531 0.656935 0.098839 
0.184191 0.705561 0.362072 0.344581 0.374921 
0.295538 0.100255 0.982271 0.024084 0.779169 
0.485128 0.548685 0.755120 0.299277 0.943276 
0.645910 0.810658 0.728268 0.998549 0.617103 
0.651796 0.730808 0.686995 0.327187 0.034179 
0.439076 0.551891 0.633544 0.976554 0.947622 
0.681150 0.083494 0.281094 0.345251 0.641668 
0.516895 0.454823 0.208386 0.345856 0.796296 
0.350095 0.048712 0.709405 0.975958 0.932006 
0.222143 0.551337 0.323718 0.726820 0.659026 
0.251321 0.947299 0.256834 0.610212 0.833176 
0.194518 0.259228 0.846116 0.678128 0.292690 
0.234306 0.974592 0.963224 0.910727 0.585391 
0.668450 0.635066 0.552746 0.993922 0.849422 
0.240763 0.507362 0.237172 0.142271 0.147250 
0.823573 0.792369 0.343491 0.048812 0.383888 
0.011883 0.713111 0.252468 0.232850 0.517470 
0.110637 0.480659 0.434535 0.231157 0.060321 
0.820681 0.192838 0.035854 0.589892 0.321281 
0.773449 0.350422 0.546447 0.138678 0.757403 
0.679627 0.494037 0.278243 0.425958 0.072425 
0.250159 0.427082 0.967159 0.039806 0.020138 
0.461654 0.015056 0.046139 0.455903 0.369108 
0.600966 0.433000 0.424667 0.383067 0.210198 
0.796787 0.600857 0.604955 0.485802 0.869935 
0.005634 0.689309 0.208910 0.158723 0.659559 
0.211942 0.112465 0.191559 0.529805 0.428005 
0.478843 0.910537 0.389806 0.474173 0.425960 
0.117380 0.803214 0.624053 0.453517 0.254818 
0.721704 0.685929 0.413990 0.924694 0.331898 
0.205041 0.128607 0.497948 0.006870 0.466699 
0.808108 0.878849 0.819239 0.944453 0.427614 
0.909373 0.828094 0.771145 0.636136 0.541342 
0.338458 0.458275 0.222984 0.691865 0.168579 
0.310855 0.544383 0.440532 0.025973 0.528518 
0.803355 0.993314 0.625046 0.142795 0.958841 
0.246177 0.490548 0.647271 0.689906 0.247387 
0.839609 0.314862 0.886354 0.943997 0.753984 
0.212703 0.899367 0.655196 0.884129 0.562494 
0.844973 0.465221 0.965804 0.262481 0.517634 
0.868705 0.317965 0.039314 0.748198 0.964156 
0.570658 0.044905 0.714131 0.398384 0.640661 
0.590071 0.315854 0.551175 0.592432 0.011825 
0.735660 0.235031 0.172951 0.785193 0.744822 
0.229960 0.938327 0.458938 0.373604 0.155522 
0.851377 0.086313 0.665886 0.541253 0.842925 
0.033876 0.357571 0.696805 0.209949 0.618899 
0.835715 0.860651 0.955078 0.997726 0.774870 
0.238192 0.288022 0.792767 0.028462 0.365932 
0.225894 0.608566 0.176619 0.431062 0.862236 
0.604030 0.928647 0.764656 0.569044 0.919523 
0.420357 0.934610 0.983028 0.752993 0.547796 
0.804015 0.085697 0.316021 0.366390 0.918668 
0.046666 0.315964 0.405234 0.762906 0.157047 
0.493262 0.260807 0.385233 0.607730 0.117384 
0.869206 0.750682 0.717593 0.592730 0.015050 
0.949788 0.094194 0.111987 0.159192 0.535540 
0.818124 0.216797 0.706669 0.978735 0.596615 
0.310879 0.950845 0.855559 0.388381 0.523120 
0.069830 0.638656 0.887189 0.981866 0.217678 
0.521727 0.670943 0.536555 0.875156 0.749948 
0.369625 0.294403 0.029616 0.749298 0.445806 
0.664309 0.033450 0.196013 0.386076 0.781848 
0.522432 0.511285 0.162405 0.543788 0.444232 
0.202227 0.830297 0.794505 0.244424 0.033675 
0.983334 0.889439 0.798154 0.576972 0.167279 
0.453935 0.280377 0.300289 0.960347 0.547114 
0.352840 0.176362 0.122035 0.049916 0.936946 
0.256313 0.844616 0.458154 0.188817 0.442273 
0.278077 0.637767 0.946172 0.320495 0.565683 
0.442227 0.515922 0.093344 0.833081 0.594698 
0.093803 0.539785 0.170061 0.210621 0.911192 
0.396413 0.510990 0.215224 0.271760 0.474782 
0.656786 0.602485 0.970521 0.542756 0.105443 
0.177165 0.620135 0.615438 0.658109 0.845590 
0.835144 0.272018 0.803179 0.025132 0.392741 
0.801931 0.061709 0.140319 0.343297 0.788394 
0.530575 0.368288 0.820052 0.617966 0.149581 
0.012622 0.142778 0.673766 0.982244 0.566687 
0.316216 0.643283 0.659025 0.239464 0.667550 
0.514771 0.755262 0.690812 0.471350 0.986635 
0.366070 0.544073 0.232952 0.228658 0.058788 
0.050725 0.533979 0.591014 0.172657 0.843749 
0.889993 0.119211 0.583432 0.749512 0.046703 
0.937558 0.530981 0.204410 0.526475 0.465559 
0.656263 0.809786 0.080138 0.875825 0.983081 
0.636183 0.324112 0.353414 0.835785 0.033229 
0.472649 0.809518 0.572235 0.556770 0.629155 
0.205346 0.255802 0.270640 0.654336 0.423824 
0.215147 0.983078 0.594124 0.440039 0.730413 
0.049976 0.942095 0.785982 0.991751 0.353247 
0.017885 0.589532 0.265182 0.912219 0.662870 
0.863814 0.120998 0.606308 0.226288 0.224071 
0.964332 0.520228 0.480349 0.225538 0.625503 
0.826028 0.052377 0.302634 0.370209 0.104679 
0.331675 0.464616 0.799671 0.068732 0.183921 
0.151991 0.520023 0.033600 0.720565 0.530397 
0.390629 0.295486 0.239057 0.827139 0.725640 
0.835952 0.843858 0.717740 0.059641 0.383562 
0.525371 0.909027 0.009055 0.189518 0.233794 
0.371205 0.840399 0.580934 0.751070 0.234173 
0.742801 0.252944 0.230234 0.537821 0.164728 
0.576615 0.168852 0.894666 0.648445 0.410478 
0.904439 0.906264 0.571277 0.460495 0.543339 
0.896137 0.371679 0.810938 0.426672 0.078905 
0.160176 0.085493 0.886443 0.455323 0.621639 
0.889656 0.450392 0.738111 0.435724 0.207198 
0.373854 0.356263 0.706860 0.198159 0.454995 
0.093796 0.434513 0.855272 0.563432 0.608267 
0.144302 0.290975 0.418091 0.862454 0.258827 
0.102643 0.116041 0.300900 0.227886 0.075984 
0.064712 0.622835 0.985072 0.109807 0.521672 
0.740208 0.668175 0.023425 0.700309 0.091451 
0.011087 0.342722 0.120574 0.479335 0.181045 
0.815889 0.642797 0.494220 0.362748 0.704407 
0.975193 0.064203 0.052389 0.504797 0.122815 
0.145756 0.723233 0.375126 0.734413 0.278214 
0.938422 0.057451 0.572218 0.275764 0.764872 
0.196253 0.422816 0.262981 0.924751 0.286879 
0.577488 0.845627 0.445695 0.797946 0.085574 
0.239224 0.630466 0.245975 0.106309 0.734611 
0.614509 0.050592 0.294644 0.078306 0.088633 
0.657452 0.798654 0.984105 0.848529 0.224669 
0.003990 0.063321 0.232055 0.156120 0.904888 
0.451290 0.839012 0.282568 0.120320 0.216899 
0.413177 0.267288 0.314698 0.137545 0.715894 
0.030302 0.278768 0.259174 0.933937 0.685844 
0.981177 0.644130 0.887537 0.832139 0.766618 
0.544911 0.313757 0.308658 0.618610 0.976925 
0.176402 0.792137 0.446875 0.620238 0.339258 
0.908250 0.962646 0.195902 0.518196 0.315641 
0.978210 0.777549 0.269688 0.649583 0.540903 
0.954576 0.553598 0.314495 0.721100 0.525236 
0.639004 0.736680 0.377026 0.680330 0.299528 
0.166323 0.384090 0.397672 0.670253 0.937719 
0.242372 0.550348 0.701112 0.593213 0.136294 
0.687175 0.358113 0.804931 0.467808 0.447131 
0.934344 0.519603 0.963188 0.298916 0.881879 
0.733598 0.578303 0.539495 0.297449 0.230639 
0.349251 0.869429 0.489417 0.634367 0.811196 
0.769571 0.186773 0.087094 0.795598 0.623087 
0.221572 0.961444 0.994235 0.101769 0.434226 
0.039535 0.468557 0.030203 0.627827 0.888916 
0.013642 0.275115 0.863514 0.079611 0.013925 
0.035575 0.906992 0.817284 0.084519 0.502636 
0.802709 0.128498 0.658336 0.655154 0.168901 
0.718649 0.341394 0.805615 0.966278 0.239320 
0.251292 0.458824 0.457325 0.259633 0.643842 
0.060162 0.140573 0.603440 0.015689 0.686816 
0.311898 0.075927 0.109778 0.039615 0.801685 
0.913960 0.927199 0.435088 0.519328 0.344996 
0.349351 0.537752 0.005102 0.754084 0.883868 
0.163269 0.059645 0.446799 0.350699 0.200030 
0.902121 0.948797 0.424019 0.491704 0.067311 
0.295893 0.069669 0.930959 0.627087 0.452941 
0.572887 0.507833 0.142290 0.463638 0.370197 
0.893124 0.733724 0.697152 0.027955 0.837538 
0.498155 0.488971 0.127862 0.972454 0.036894 
0.085741 0.046675 0.471216 0.720337 0.705682 
0.399714 0.996951 0.754186 0.609285 0.247118 
0.320186 0.372183 0.281393 0.380166 0.452301 
0.822007 0.468243 0.756929 0.702319 0.868112 
0.351804 0.767590 0.886072 0.216964 0.508399 
0.665361 0.723486 0.637006 0.163097 0.178836 
0.702361 0.587652 0.672970 0.609702 0.261901 
0.771237 0.178072 0.853287 0.187826 0.789966 
0.958564 0.592837 0.804777 0.879643 0.163668 
0.765505 0.838276 0.903310 0.933916 0.321386 
0.529459 0.615486 0.468193 0.927428 0.275229 
0.771223 0.941622 0.833631 0.839832 0.052180 
0.994788 0.397899 0.492831 0.018817 0.260655 
0.823733 0.473511 0.295877 0.808879 0.828782 
0.346541 0.313245 0.703002 0.349826 0.521588 
0.333543 0.855361 0.056445 0.677498 0.704802 
0.600692 0.825671 0.049552 0.819128 0.088086 
0.453493 0.860580 0.768702 0.579034 0.830894 
0.840644 0.700805 0.426589 0.676224 0.300096 
0.721623 0.316549 0.247198 0.661470 0.318315 
0.921511 0.839775 0.101449 0.047360 0.974570 
0.592106 0.520351 0.536618 0.937844 0.345435 
0.727089 0.185266 0.763413 0.684495 0.304930 
0.952159 0.937324 0.601502 0.448664 0.695097 
0.490023 0.816168 0.343596 0.825140 0.121050 
0.485045 0.157603 0.834042 0.742494 0.092878 
0.998831 0.348002 0.877048 0.547179 0.436040 
0.532393 0.921049 0.062775 0.053673 0.083537 
0.007678 0.050427 0.528570 0.677843 0.499610 
0.941326 0.873936 0.238881 0.869820 0.067786 
0.275275 0.553108 0.092808 0.827740 0.822611 
0.630267 0.893339 0.343238 0.793506 0.446946 
0.819731 0.215282 0.246746 0.057815 0.701009 
0.859970 0.514656 0.821312 0.782597 0.106999 
0.328485 0.852335 0.196417 0.178973 0.005067 
0.161831 0.893288 0.486117 0.169561 0.818875 
0.833233 0.145742 0.493537 0.872581 0.473812 
0.355492 0.752771 0.824291 0.859777 0.275189 
0.094657 0.894450 0.020343 0.911877 0.922808 
0.630007 0.531961 0.674652 0.882422 0.863879 
0.219640 0.486395 0.834602 0.153640 0.230818 
0.353928 0.462439 0.217898 0.217065 0.210681 
0.923509 0.414696 0.792600 0.233838 0.115618 
0.188656 0.736760 0.717018 0.922727 0.264768 
0.948660 0.126643 0.494759 0.414218 0.760218 
0.976498 0.994527 0.009310 0.467357 0.868028 
0.951079 0.791957 0.423532 0.309603 0.492083 
0.444988 0.913299 0.824305 0.088863 0.517785 
0.418043 0.042461 0.650150 0.066220 0.965769 
0.679135 0.217057 0.070409 0.371732 0.700506 
0.406286 0.446642 0.710121 0.007999 0.444439 
0.687536 0.421953 0.757033 0.449023 0.734745 
0.858822 0.221333 0.943652 0.966087 0.019935 
0.050601 0.453934 0.266908 0.923756 0.563587 
0.210237 0.460424 0.347603 0.158251 0.723738 
0.867832 0.649839 0.837540 0.542577 0.097456 
0.943671 0.270603 0.023734 0.898082 0.071917 
0.707349 0.406737 0.022559 0.157506 0.204279 
0.313491 0.840584 0.695359 0.898484 0.816087 
0.976298 0.647400 0.848841 0.472398 0.590158 
0.788354 0.859863 0.711382 0.199545 0.760310 
0.530102 0.429313 0.466213 0.646395 0.959560 
0.320198 0.571677 0.179613 0.759829 0.444164 
0.058888 0.737902 0.924196 0.963952 0.133496 
0.673721 0.235545 0.809396 0.523636 0.751497 
0.402438 0.781415 0.234806 0.389864 0.443774 
0.510996 0.305141 0.509408 0.624328 0.088152 
0.565276 0.592613 0.038352 0.582175 0.613572 
0.306817 0.670806 0.232808 0.806452 0.034122 
0.492743 0.528700 0.860406 0.837203 0.864343 
0.012176 0.636680 0.674989 0.541043 0.315463 
0.979693 0.704778 0.202596 0.024539 0.429233 
0.121518 0.349787 0.875521 0.889132 0.636014 
0.488055 0.742049 0.623970 0.067623 0.543293 
0.131250 0.920568 0.991589 0.631979 0.671258 
0.840978 0.321061 0.079934 0.458988 0.215533 
0.464619 0.849517 0.832905 0.634218 0.294682 
0.714558 0.584658 0.347725 0.219779 0.829437 
0.354541 0.763788 0.990013 0.143930 0.025724 
0.341011 0.378272 0.610068 0.413310 0.499651 
0.627237 0.977226 0.244923 0.426032 0.321240 
0.077324 0.590318 0.475459 0.044044 0.242705 
0.135840 0.063603 0.977136 0.727844 0.878103 
0.274375 0.418452 0.923484 0.988863 0.821547 
0.748257 0.961940 0.323268 0.167431 0.019450 
0.893482 0.747326 0.308192 0.778607 0.049955 
0.589736 0.691684 0.128935 0.007007 0.771322 
0.609045 0.222471 0.064936 0.380087 0.120253 
0.090465 0.442405 0.504475 0.718511 0.014599 
0.358124 0.992779 0.637799 0.486075 0.454810 
0.998835 0.421578 0.463794 0.992813 0.205931 
0.077191 0.356359 0.329212 0.060876 0.149048 
0.055593 0.353458 0.561884 0.583061 0.512021 
0.534158 0.585453 0.714241 0.240469 0.558319 
0.659150 0.338754 0.443077 0.797159 0.856098 
0.445204 0.550777 0.905176 0.285670 0.256900 
0.712509 0.141410 0.670517 0.378409 0.914902 
0.765767 0.244616 0.256488 0.797575 0.849460 
0.877329 0.264899 0.151658 0.909401 0.303272 
0.087952 0.213273 0.484102 0.301277 0.565273 
0.536857 0.963149 0.649860 0.190032 0.873018 
0.805562 0.086962 0.574209 0.726527 0.740552 
0.459900 0.538171 0.040077 0.572628 0.151488 
0.052502 0.406777 0.699165 0.862367 0.795593 
0.534696 0.633793 0.154935 0.999645 0.028590 
0.509176 0.717640 0.370444 0.056596 0.206260 
0.616453 0.725136 0.352496 0.406098 0.283904 
0.579941 0.074431 0.963677 0.520924 0.168288 
0.416040 0.391696 0.226293 0.308565 0.046292 
0.035287 0.067173 0.980634 0.508878 0.719705 
0.075860 0.986631 0.314714 0.393107 0.950828 
0.566493 0.040176 0.240544 0.827208 0.880742 
0.629642 0.388966 0.349361 0.708978 0.788831 
0.887323 0.231454 0.044889 0.448723 0.688913 
0.552975 0.846797 0.113298 0.207248 0.215407 
0.351546 0.435945 0.929544 0.850499 0.337184 
0.048005 0.820548 0.947359 0.265982 0.355691 
0.094631 0.459828 0.332354 0.881520 0.705032 
0.467012 0.071467 0.145980 0.488100 0.496574 
0.919050 0.465525 0.085212 0.155075 0.337804 
0.468949 0.621603 0.279152 0.713690 0.989348 
0.973533 0.166076 0.243565 0.593930 0.185756 
0.002725 0.800954 0.630740 0.840993 0.572484 
0.731379 0.279964 0.351021 0.612121 0.913378 
0.141201 0.163247 0.691719 0.723841 0.588897 
0.598678 0.981523 0.458488 0.809566 0.382499 
0.663976 0.448162 0.253504 0.647892 0.115201 
0.183453 0.287962 0.772044 0.738595 0.564206 
0.617039 0.572696 0.300579 0.825171 0.646998 
0.087484 0.346465 0.040207 0.766382 0.588118 
0.491130 0.414705 0.954113 0.779172 0.542652 
0.351428 0.454238 0.377746 0.782471 0.995930 
0.588587 0.383937 0.827132 0.609888 0.392065 
0.441143 0.282289 0.432200 0.977196 0.735497 
0.499864 0.215213 0.081587 0.238068 0.203062 
0.862930 0.259419 0.053488 0.968313 0.443410 
0.396770 0.512759 0.941129 0.547165 0.208199 
0.204304 0.738909 0.840134 0.133858 0.743705 
0.444811 0.940790 0.851603 0.898256 0.987130 
0.691903 0.810780 0.775599 0.494701 0.435757 
0.774406 0.443511 0.096383 0.916521 0.970923 
0.303065 0.605312 0.476003 0.182989 0.496373 
0.537831 0.326452 0.673469 0.997230 0.440992 
0.750639 0.983104 0.034388 0.966773 0.552208 
0.954497 0.230268 0.116049 0.439591 0.209029 
0.157899 0.803700 0.791049 0.160813 0.787451 
0.683320 0.551815 0.360984 0.063740 0.277838 
0.628349 0.663458 0.736356 0.937700 0.917570 
0.600602 0.324636 0.154088 0.763174 0.661984 
0.959495 0.240316 0.987669 0.757257 0.214626 
0.220746 0.070359 0.521757 0.170563 0.645874 
0.207714 0.057069 0.164527 0.210940 0.263825 
0.115093 0.369762 0.589400 0.039073 0.698373 
0.551841 0.796240 0.406290 0.512227 0.996786 
0.980599 0.932545 0.276986 0.299934 0.990917 
0.335351 0.238626 0.585290 0.968742 0.652850 
0.455687 0.734221 0.059103 0.341554 0.498747 
0.434556 0.586741 0.348188 0.992890 0.502932 
0.782518 0.781564 0.746374 0.312995 0.503325 
0.383481 0.172066 0.920852 0.759162 0.243307 
0.254169 0.824542 0.073541 0.009552 0.533758 
0.877378 0.097570 0.851552 0.026445 0.466757 
0.792642 0.937984 0.701955 0.755099 0.947779 
0.318135 0.899680 0.915933 0.086101 0.103573 
0.749300 0.479632 0.170629 0.759653 0.481883 
0.006076 0.123451 0.849263 0.564591 0.081471 
0.286484 0.940211 0.119787 0.262522 0.215167 
0.305611 0.397911 0.690972 0.161000 0.920597 
0.469122 0.541660 0.685598 0.837428 0.646819 
0.093647 0.933291 0.825098 0.414117 0.071256 
0.595665 0.343576 0.476240 0.166454 0.599782 
0.534722 0.070598 0.541967 0.843887 0.209753 
0.314230 0.267747 0.024564 0.854174 0.097263 
0.696361 0.743084 0.019054 0.243995 0.822537 
0.380716 0.701622 0.153101 0.172093 0.362588 
0.015001 0.118902 0.384915 0.272956 0.567936 
0.301780 0.016108 0.725117 0.034002 0.475809 
0.925318 0.812823 0.111705 0.419589 0.040267 
0.768635 0.448805 0.064295 0.609250 0.659303 
0.911532 0.123249 0.445935 0.831266 0.084693 
0.442017 0.975953 0.841776 0.722983 0.177578 
0.546347 0.453340 0.278567 0.873940 0.315978 
0.648571 0.535815 0.437725 0.843164 0.059753 
0.264254 0.318937 0.379161 0.553057 0.222203 
0.564187 0.286570 0.389592 0.865849 0.323350 
0.550398 0.535841 0.887546 0.977538 0.475646 
0.180586 0.115908 0.058395 0.442374 0.971805 
0.125112 0.760765 0.171495 0.321834 0.056618 
0.582450 0.243316 0.406157 0.288388 0.928898 
0.995114 0.873509 0.064777 0.704016 0.404353 
0.962647 0.202797 0.402987 0.003930 0.048976 
0.145485 0.172731 0.095890 0.620718 0.414709 
0.018039 0.179825 0.326924 0.605706 0.097033 
0.836380 0.042897 0.962937 0.081630 0.955511 
0.272101 0.202815 0.717012 0.826141 0.956924 
0.023379 0.925365 0.614282 0.238899 0.182609 
0.107027 0.797582 0.964281 0.668219 0.750581 
0.007743 0.137541 0.653494 0.279517 0.837534 
0.441672 0.180754 0.924251 0.894452 0.055742 
0.857293 0.525680 0.104554 0.238176 0.027052 
0.665221 0.368994 0.677283 0.102363 0.414498 
0.473891 0.687078 0.723584 0.269415 0.051873 
0.825729 0.029578 0.112497 0.742136 0.081663 
0.506816 0.056973 0.552921 0.949605 0.015879 
0.879927 0.940234 0.513751 0.611702 0.875875 
0.835951 0.835108 0.658493 0.292891 0.612714 
0.891599 0.112656 0.413174 0.218765 0.780412 
0.384547 0.085076 0.873430 0.731813 0.582553 
0.972693 0.048128 0.885222 0.931249 0.506030 
0.846993 0.419533 0.082773 0.172558 0.182477 
0.889855 0.799890 0.754530 0.379095 0.456058 
0.965052 0.632991 0.673529 0.004225 0.013579 
0.220629 0.119629 0.596525 0.788400 0.641842 
0.441022 0.260918 0.246891 0.501396 0.955374 
0.976087 0.093446 0.539245 0.095589 0.565252 
0.185845 0.493351 0.751159 0.731616 0.262420 
0.486056 0.135925 0.491657 0.282725 0.764169 
0.391725 0.713884 0.244304 0.013470 0.397156 
0.998831 0.356901 0.435513 0.670430 0.921240 
0.288741 0.877643 0.552503 0.922856 0.443551 
0.753501 0.092289 0.104985 0.485441 0.808099 
0.727206 0.143056 0.335731 0.622658 0.011381 
0.274899 0.234661 0.953382 0.494183 0.728906 
0.722021 0.011359 0.907318 0.299366 0.438215 
0.073437 0.250066 0.865917 0.466869 0.668161 
0.785073 0.716971 0.131363 0.821319 0.916506 
0.718554 0.735548 0.356092 0.843849 0.570651 
0.938450 0.537137 0.654792 0.081567 0.890107 
0.033001 0.650305 0.674554 0.222112 0.042889 
0.839773 0.071458 0.994556 0.494975 0.044800 
0.956297 0.485016 0.662875 0.935840 0.663262 
0.442089 0.183452 0.280957 0.045723 0.471832 
0.072338 0.790361 0.604224 0.195647 0.241249 
0.676714 0.537342 0.112106 0.162554 0.052398 
0.646079 0.642966 0.333032 0.275414 0.889295 
0.385645 0.527626 0.804291 0.716169 0.648376 
0.255267 0.269220 0.782681 0.518555 0.352417 
0.072641 0.875560 0.545146 0.264954 0.081767 
0.254757 0.706577 0.445580 0.870069 0.250683 
0.224602 0.884819 0.159616 0.670982 0.187255 
0.189938 0.287646 0.458894 0.628056 0.734285 
0.132779 0.616096 0.726083 0.270204 0.325739 
0.702083 0.902655 0.916845 0.418546 0.495879 
0.245879 0.486830 0.146262 0.227608 0.413393 
0.901275 0.729716 0.334378 0.897049 0.710580 
0.721919 0.297642 0.472462 0.668781 0.194778 
0.629762 0.413914 0.647438 0.496411 0.172064 
0.885727 0.417569 0.086621 0.832377 0.765180 
0.384713 0.873314 0.788909 0.195109 0.195853 
0.694228 0.885767 0.094284 0.633010 0.002166 
0.407487 0.636663 0.398319 0.548695 0.911718 
0.238880 0.850168 0.776400 0.950311 0.882627 
0.314275 0.021223 0.693580 0.000963 0.180064 
0.329376 0.819789 0.192436 0.265747 0.404713 
0.004580 0.980630 0.444906 0.529824 0.757957 
0.980453 0.475315 0.620718 0.408135 0.526297 
0.471355 0.060813 0.081226 0.171317 0.318903 
0.796534 0.353956 0.939597 0.813766 0.962349 
0.191925 0.676439 0.918368 0.008762 0.257896 
0.458889 0.545135 0.091420 0.494390 0.217948 
0.057202 0.397625 0.888031 0.130407 0.757235 
0.845613 0.214035 0.279417 0.168037 0.195319 
0.720239 0.054060 0.585669 0.338992 0.440896 
0.140872 0.633150 0.353693 0.514388 0.322981 
0.334257 0.858382 0.826760 0.358357 0.900728 
0.533090 0.647212 0.683834 0.196259 0.531047 
0.299053 0.190751 0.959553 0.215614 0.832214 
0.025693 0.818116 0.075570 0.107282 0.080696 
0.254985 0.526080 0.832328 0.935460 0.274565 
0.619476 0.536523 0.343667 0.018755 0.212195 
0.363944 0.806523 0.230954 0.645919 0.961386 
0.014530 0.201449 0.759994 0.216021 0.665777 
0.719259 0.582769 0.603659 0.689559 0.418401 
0.073454 0.538155 0.771899 0.298779 0.579517 
0.947082 0.604620 0.843686 0.831547 0.817205 
0.764053 0.447020 0.072748 0.678239 0.170040 
0.861236 0.801253 0.663619 0.451801 0.420212 
0.495764 0.309025 0.778096 0.452336 0.410260 
0.243013 0.319761 0.222184 0.251977 0.981126 
0.782079 0.394786 0.172716 0.830537 0.832011 
0.616260 0.485316 0.706641 0.515711 0.557993 
0.188808 0.291740 0.280260 0.325000 0.269535 
0.075451 0.104694 0.586079 0.231957 0.506274 
0.949921 0.315740 0.639302 0.752318 0.210087 
0.929533 0.657673 0.509160 0.444077 0.598597 
0.628164 0.549549 0.270436 0.225737 0.954981 
0.368784 0.157335 0.324457 0.142815 0.283808 
0.958216 0.734737 0.718049 0.251138 0.870722 
0.226164 0.135636 0.631717 0.262422 0.527246 
0.419304 0.242468 0.158370 0.718140 0.773922 
0.309699 0.109309 0.150454 0.685867 0.370265 
0.045267 0.806130 0.623448 0.289826 0.100859 
0.136852 0.068057 0.839426 0.234247 0.982185 
0.577074 0.889057 0.372713 0.184444 0.953362 
0.154276 0.911229 0.027273 0.377479 0.293430 
0.682944 0.243488 0.299918 0.727865 0.218753 
0.588142 0.895706 0.129126 0.215639 0.239092 
0.412223 0.227606 0.378629 0.610420 0.330875 
0.010492 0.344981 0.093875 0.749734 0.780570 
0.037827 0.762937 0.678550 0.382238 0.265846 
0.078123 0.019828 0.243806 0.640163 0.222226 
0.954300 0.919158 0.292482 0.740325 0.639066 
0.790000 0.521781 0.578223 0.186183 0.177737 
0.225141 0.944390 0.357037 0.723795 0.820465 
0.560949 0.872963 0.895285 0.058361 0.874790 
0.588333 0.115936 0.535897 0.825904 0.963723 
0.286961 0.955454 0.309372 0.607958 0.950724 
0.814763 0.726283 0.634909 0.920080 0.786595 
0.308721 0.674786 0.132973 0.870238 0.086090 
0.918331 0.381392 0.057261 0.380656 0.691910 
0.936902 0.507055 0.074468 0.582633 0.318437 
0.970799 0.220374 0.821433 0.832503 0.879083 
0.741291 0.870839 0.189542 0.625934 0.072080 
0.445067 0.245794 0.053501 0.184204 0.913296 
0.769583 0.376648 0.325373 0.536320 0.933937 
0.687519 0.130264 0.343669 0.038665 0.844328 
0.623884 0.612459 0.590806 0.678089 0.642890 
0.046369 0.331506 0.618721 0.845306 0.061028 
0.695099 0.534218 0.610058 0.246851 0.822435 
0.657640 0.947571 0.818551 0.383098 0.729298 
0.303661 0.635062 0.492256 0.338358 0.775887 
0.333894 0.749384 0.901620 0.534432 0.201853 
0.541652 0.550976 0.255934 0.479672 0.852728 
0.804040 0.508133 0.199674 0.919261 0.018188 
0.691073 0.857005 0.685438 0.164863 0.859849 
0.477014 0.168942 0.403332 0.793252 0.181622 
0.514419 0.848318 0.676748 0.110029 0.258215 
0.826401 0.317151 0.355909 0.762467 0.775779 
0.522206 0.724496 0.603612 0.908644 0.577901 
0.774405 0.427992 0.256950 0.551167 0.467711 
0.825633 0.409245 0.186529 0.994255 0.451600 
0.041818 0.841832 0.670803 0.192948 0.884497 
0.736216 0.587621 0.145160 0.701270 0.238972 
0.406340 0.355581 0.245761 0.498908 0.153460 
0.208955 0.903934 0.424671 0.439511 0.860726 
0.222371 0.385609 0.922272 0.619454 0.155708 
0.977972 0.774987 0.214076 0.975706 0.690435 
0.134018 0.446526 0.756871 0.727599 0.757363 
0.998162 0.104210 0.456023 0.383021 0.430762 
0.816928 0.111214 0.179667 0.663861 0.505610 
0.785261 0.873291 0.400557 0.158523 0.304160 
0.016032 0.442680 0.120499 0.232109 0.056050 
0.040533 0.240474 0.641732 0.588896 0.580278 
0.736183 0.030376 0.523106 0.846724 0.890929 
0.846269 0.242555 0.622042 0.652203 0.570068 
0.140071 0.172515 0.459563 0.875902 0.291884 
0.700494 0.202143 0.414976 0.500897 0.577958 
0.743818 0.356120 0.310183 0.249758 0.681573 
0.205247 0.590633 0.764684 0.043564 0.187156 
0.526647 0.350758 0.193400 0.467419 0.909922 
0.050664 0.506080 0.680995 0.480850 0.652722 
0.306566 0.457597 0.837628 0.015328 0.615353 
0.241991 0.135128 0.096936 0.199847 0.833707 
0.112039 0.045794 0.662332 0.811444 0.938342 
0.710392 0.551199 0.998918 0.821465 0.364884 
0.605583 0.037728 0.087413 0.148099 0.105625 
0.235053 0.538568 0.704504 0.603054 0.529523 
0.692590 0.356287 0.109895 0.999635 0.862272 
0.199640 0.348938 0.596491 0.220034 0.104592 
0.871314 0.171037 0.624576 0.247366 0.481256 
0.462619 0.229861 0.271756 0.407718 0.509479 
0.820479 0.797540 0.260299 0.844175 0.051849 
0.428377 0.724536 0.274684 0.616288 0.956252 
0.729967 0.554764 0.912381 0.391785 0.722859 
0.095951 0.651608 0.572163 0.351078 0.575202 
0.427436 0.909729 0.813881 0.896886 0.965473 
0.711190 0.975277 0.480040 0.027491 0.041214 
0.683580 0.935607 0.753795 0.028466 0.434883 
0.073808 0.491455 0.884281 0.110424 0.892668 
0.067099 0.726802 0.365991 0.213457 0.572826 
0.478595 0.739309 0.563322 0.749997 0.206499 
0.630089 0.906718 0.207904 0.246503 0.970103 
0.514262 0.200187 0.550752 0.493211 0.399578 
0.703950 0.286865 0.339567 0.096867 0.043900 
0.833936 0.961556 0.879959 0.474133 0.758582 
0.495572 0.070575 0.151353 0.792881 0.948122 
0.086146 0.854928 0.771575 0.857378 0.959244 
0.012746 0.220648 0.430367 0.172865 0.342113 
0.886680 0.431416 0.816452 0.106333 0.146114 
0.739872 0.022827 0.659930 0.446882 0.743691 
0.216328 0.826603 0.709827 0.066305 0.380401 
0.397417 0.390254 0.999055 0.115429 0.011353 
0.814756 0.601945 0.894069 0.618326 0.211950 
0.235620 0.070193 0.735155 0.746481 0.104091 
0.452293 0.683887 0.089358 0.834203 0.444790 
0.591906 0.160084 0.524203 0.281549 0.993993 
0.048172 0.620698 0.063352 0.760578 0.034491 
0.687901 0.553349 0.143322 0.815380 0.090298 
0.630093 0.978760 0.013244 0.593493 0.844567 
0.636682 0.719498 0.596445 0.442930 0.322994 
0.552057 0.423488 0.567272 0.132878 0.280178 
0.948287 0.851836 0.810040 0.335937 0.099648 
0.778368 0.028970 0.894170 0.322878 0.616056 
0.052373 0.234325 0.308394 0.181426 0.233324 
0.472168 0.723893 0.463322 0.052672 0.252961 
