5
1000
0.623777 0.816737 0.903006 0.814938 0.663370 
0.267581 0.240999 0.466754 0.730344 0.897191 
0.083590 0.900049 0.120569 0.403012 0.424535 
0.152787 0.886711 0.948121 0.072763 0.925310 
0.686474 0.565653 0.927268 0.592537 0.774354 
0.571701 0.576011 0.017261 0.098128 0.229420 
0.865710 0.988024 0.726718 0.952541 0.357381 
0.496032 0.806119 0.443465 0.315312 0.445264 
0.559768 0.019899 0.435018 0.349207 0.130291 
0.797629 0.756529 0.975437 0.166136 0.243297 
0.099450 0.454008 0.511927 0.955094 0.258242 
0.273224 0.072552 0.374964 0.015798 0.522898 
0.340072 0.595725 0.348028 0.299046 0.064716 
0.675013 0.947506 0.730490 0.342101 0.699379 
0.469071 0.669881 0.691376 0.960588 0.608624 
0.151072 0.069526 0.525297 0.673305 0.244610 
0.153986 0.047164 0.686555 0.936551 0.612390 
0.443194 0.766062 0.212075 0.342925 0.540415 
0.757393 0.505052 0.412135 0.745926 0.776115 
0.166427 0.146549 0.049873 0.210784 0.654177 
0.760401 0.064313 0.913461 0.533128 0.290406 
0.853877 0.108453 0.774838 0.708926 0.913561 
0.227248 0.354641 0.448735 0.891960 0.169350 
0.271276 0.332321 0.320455 0.892537 0.877069 
0.902160 0.595497 0.522991 0.915082 0.786362 
0.385487 0.886195 0.274641 0.897507 0.394251 
0.181571 0.667998 0.036530 0.961153 0.098262 
0.481489 0.390399 0.441907 0.136780 0.856175 
0.739083 0.772526 0.843857 0.701430 0.934890 
0.702070 0.698496 0.622104 0.698111 0.148538 
0.479724 0.717495 0.940404 0.362604 0.287351 
0.502392 0.694522 0.838897 0.335031 0.862505 
0.121708 0.538399 0.869629 0.853895 0.414112 
0.983154 0.874784 0.494464 0.451705 0.805663 
0.776221 0.953477 0.090480 0.702327 0.005957 
0.126866 0.244130 0.090846 0.846316 0.036548 
0.262186 0.567745 0.084602 0.909074 0.800927 
0.182923 0.380293 0.591553 0.229480 0.871406 
0.725339 0.766226 0.953143 0.480155 0.970434 
0.086347 0.238447 0.582758 0.417086 0.960227 
0.543126 0.312959 0.899982 0.003856 0.802173 
0.123532 0.200063 0.460673 0.537661 0.464654 
0.434319 0.599511 0.975103 0.549839 0.148072 
0.652979 0.615538 0.349153 0.215474 0.477111 
0.806023 0.820166 0.536522 0.322967 0.101305 
0.636118 0.234345 0.637180 0.083906 0.212909 
0.364210 0.275536 0.938740 0.396999 0.359717 
0.762437 0.276026 0.176745 0.546647 0.499438 
0.056699 0.939058 0.740437 0.521496 0.784955 
0.736297 0.942553 0.493194 0.117069 0.584411 
0.201550 0.445755 0.797898 0.274152 0.664424 
0.981872 0.317598 0.864669 0.484091 0.122789 
0.714476 0.201879 0.988241 0.360243 0.606829 
0.973500 0.616829 0.053131 0.968024 0.578148 
0.930771 0.464216 0.086618 0.794028 0.230018 
0.918634 0.487668 0.229446 0.295096 0.677233 
0.257115 0.333379 0.099094 0.472830 0.861943 
0.677291 0.233322 0.436307 0.017747 0.279736 
0.517767 0.113479 0.249436 0.269036 0.696337 
0.328725 0.882399 0.475817 0.049953 0.552099 
0.126461 0.422940 0.358523 0.693677 0.634318 
0.984911 0.404513 0.643671 0.182116 0.828974 
0.569072 0.392126 0.461231 0.917596 0.029894 
0.435391 0.617221 0.640210 0.010490 0.308784 
0.731604 0.075119 0.523710 0.989354 0.076700 
0.097200 0.632922 0.519969 0.123480 0.322719 
0.943085 0.425437 0.326215 0.694238 0.055764 
0.226580 0.136214 0.341682 0.644651 0.649149 
0.254428 0.169210 0.908949 0.703272 0.898793 
0.019417 0.348594 0.823440 0.554450 0.639122 
0.729352 0.213265 0.351414 0.209617 0.032640 
0.582521 0.427406 0.415815 0.595609 0.400608 
0.014298 0.303604 0.679987 0.541355 0.554074 
0.324338 0.149610 0.502999 0.905970 0.636439 
0.623559 0.163482 0.641954 0.317801 0.285590 
0.914364 0.720331 0.604440 0.826887 0.486503 
0.656080 0.732301 0.791084 0.751031 0.578206 
0.903088 0.192864 0.469427 0.651818 0.100526 
0.532107 0.122608 0.666411 0.363371 0.183853 
0.021214 0.545779 0.909834 0.573554 0.721634 
0.510510 0.148202 0.828169 0.044535 0.491956 
0.305290 0.008172 0.351638 0.977395 0.086146 
0.852337 0.232567 0.752017 0.146050 0.666790 
0.745157 0.858599 0.468644 0.495002 0.503331 
0.492229 0.889633 0.056804 0.702746 0.044070 
0.692063 0.509484 0.898782 0.833111 0.091547 
0.638745 0.388059 0.115036 0.405921 0.316176 
0.976829 0.558676 0.668252 0.315566 0.720669 
0.285750 0.606518 0.746386 0.501195 0.592516 
0.424664 0.331789 0.374610 0.070716 0.525193 
0.914016 0.865213 0.633610 0.084009 0.939258 
0.101056 0.453111 0.443489 0.726994 0.595996 
0.910926 0.934138 0.057240 0.040327 0.771193 
0.439466 0.106068 0.691149 0.142416 0.583301 
0.538586 0.016166 0.700853 0.244663 0.058143 
0.213215 0.502613 0.410342 0.613027 0.141113 
0.689440 0.416221 0.418802 0.806605 0.601899 
0.120268 0.345675 0.758139 0.038427 0.840663 
0.021443 0.398231 0.070669 0.737351 0.662572 
0.855454 0.618080 0.070055 0.412766 0.354765 
0.536388 0.070796 0.866625 0.359366 0.861832 
0.807572 0.855734 0.324835 0.501231 0.186718 
0.168153 0.154666 0.468576 0.357682 0.563496 
0.682413 0.311112 0.854630 0.772748 0.567487 
0.750273 0.835084 0.261837 0.694712 0.023775 
0.585613 0.403530 0.123693 0.903526 0.558832 
0.284107 0.979724 0.221138 0.671244 0.596882 
0.788987 0.505541 0.620024 0.738165 0.346556 
0.574982 0.721251 0.058616 0.157950 0.668264 
0.507430 0.369545 0.950224 0.414502 0.535211 
0.285648 0.891283 0.793198 0.283178 0.370954 
0.624146 0.017554 0.029476 0.400503 0.245593 
0.684249 0.166408 0.822091 0.887790 0.080942 
0.395658 0.829040 0.673326 0.584806 0.838561 
0.699309 0.290490 0.262827 0.330302 0.378572 
0.657575 0.868244 0.573726 0.608719 0.748254 
0.906717 0.192635 0.616278 0.784119 0.687855 
0.771307 0.361380 0.709165 0.934515 0.396662 
0.701025 0.127013 0.715525 0.830510 0.383748 
0.657907 0.434882 0.061685 0.739421 0.451637 
0.661369 0.636217 0.899319 0.854692 0.804545 
0.983324 0.733530 0.433877 0.163348 0.398001 
0.197798 0.394426 0.124490 0.296322 0.283414 
0.335660 0.431477 0.828487 0.389256 0.225932 
0.247081 0.687064 0.491273 0.833249 0.419094 
0.713863 0.899670 0.746970 0.316793 0.340272 
0.951602 0.567743 0.060755 0.113433 0.471510 
0.675971 0.038521 0.422912 0.884534 0.370614 
0.909190 0.756972 0.422313 0.818470 0.019025 
0.745126 0.340845 0.586269 0.424912 0.503854 
0.275638 0.644661 0.820218 0.407401 0.190342 
0.083532 0.929548 0.908688 0.320639 0.973576 
0.884279 0.071769 0.227532 0.132412 0.453801 
0.028606 0.774036 0.219466 0.565758 0.694360 
0.115109 0.633237 0.809037 0.492245 0.155064 
0.160889 0.057248 0.163295 0.492920 0.510288 
0.416941 0.529983 0.429151 0.748311 0.861018 
0.121294 0.595635 0.829305 0.128181 0.340733 
0.699613 0.399552 0.262464 0.240236 0.643342 
0.642925 0.644038 0.346235 0.174756 0.121281 
0.363880 0.732322 0.143380 0.793026 0.396179 
0.580126 0.177289 0.698240 0.318172 0.516891 
0.380519 0.388626 0.628927 0.371944 0.257943 
0.250197 0.067819 0.834336 0.691929 0.247789 
0.582613 0.984681 0.541824 0.431409 0.686558 
0.973664 0.364582 0.523632 0.684988 0.594315 
0.647387 0.625985 0.933880 0.728609 0.725847 
0.312777 0.848551 0.604099 0.087497 0.564946 
0.049101 0.244557 0.265200 0.221329 0.879351 
0.251619 0.966608 0.781117 0.238311 0.298233 
0.405189 0.011073 0.110967 0.023591 0.494534 
0.633338 0.512455 0.823372 0.409045 0.820752 
0.379238 0.849158 0.800684 0.094779 0.958968 
0.373478 0.039819 0.241108 0.299564 0.775723 
0.573964 0.606085 0.462775 0.858660 0.499416 
0.679390 0.502291 0.007854 0.998636 0.076439 
0.713924 0.921606 0.425194 0.237344 0.039898 
0.566394 0.382457 0.958562 0.552703 0.278999 
0.135551 0.205791 0.735111 0.015568 0.658518 
0.715648 0.889417 0.424289 0.016832 0.901037 
0.737133 0.989446 0.619958 0.639030 0.179590 
0.363533 0.896723 0.227794 0.529822 0.722363 
0.746593 0.982310 0.679918 0.382739 0.699917 
0.512440 0.584081 0.641173 0.188026 0.151454 
0.490874 0.123562 0.705639 0.670250 0.885869 
0.804526 0.665089 0.143988 0.010265 0.531684 
0.016593 0.879364 0.466242 0.127372 0.745868 
0.800879 0.374185 0.922956 0.115584 0.618098 
0.368928 0.577819 0.410809 0.467626 0.386058 
0.480032 0.899170 0.347640 0.778718 0.908044 
0.502170 0.973647 0.091355 0.407910 0.747585 
0.659559 0.210361 0.541831 0.559284 0.882478 
0.809023 0.249087 0.407524 0.259133 0.256299 
0.617995 0.649960 0.881107 0.769053 0.469950 
0.455567 0.722265 0.113754 0.858956 0.474733 
0.829766 0.872874 0.400519 0.524666 0.058698 
0.540987 0.368495 0.301941 0.727608 0.912583 
0.787114 0.024565 0.864090 0.755640 0.048304 
0.852802 0.035144 0.665284 0.428066 0.502313 
0.370168 0.409000 0.069225 0.463131 0.848094 
0.921766 0.120807 0.403101 0.914206 0.055382 
0.803737 0.414231 0.988732 0.616836 0.158724 
0.675862 0.205155 0.038351 0.559784 0.283960 
0.519990 0.472778 0.985742 0.364220 0.439475 
0.260788 0.061683 0.704030 0.637759 0.814102 
0.620320 0.725871 0.721251 0.068790 0.157075 
0.955183 0.752601 0.966954 0.597166 0.572503 
0.059343 0.370976 0.992048 0.345899 0.524462 
0.625904 0.567889 0.517680 0.639727 0.894702 
0.253235 0.124595 0.061317 0.553858 0.692316 
0.750578 0.963101 0.845998 0.680737 0.139164 
0.933212 0.498473 0.838263 0.679906 0.187753 
0.567464 0.361443 0.774694 0.278220 0.038858 
0.081886 0.255318 0.132907 0.766829 0.099491 
0.146376 0.133893 0.335527 0.200813 0.059649 
0.515929 0.223982 0.461841 0.158736 0.881805 
0.490512 0.036799 0.479355 0.521046 0.212019 
0.404809 0.631902 0.369843 0.948339 0.734455 
0.984097 0.726148 0.368275 0.603567 0.151208 
0.350764 0.291323 0.268224 0.043713 0.681114 
0.489754 0.298334 0.103088 0.608060 0.663196 
0.335111 0.215622 0.952975 0.653764 0.808237 
0.047106 0.705755 0.620941 0.153413 0.408662 
0.375870 0.246844 0.711621 0.214097 0.331814 
0.791333 0.931784 0.486178 0.198940 0.589536 
0.334445 0.021644 0.769972 0.917481 0.111049 
0.395107 0.571142 0.176815 0.737523 0.552358 
0.473735 0.060431 0.668816 0.789206 0.187847 
0.149345 0.042258 0.233626 0.560184 0.018418 
0.550545 0.007237 0.627210 0.514970 0.097004 
0.353282 0.609848 0.713214 0.984937 0.832247 
0.578407 0.279790 0.434634 0.896898 0.168536 
0.590641 0.910967 0.616363 0.206233 0.156262 
0.303193 0.759551 0.778341 0.570344 0.779785 
0.850998 0.718325 0.892261 0.226007 0.493884 
0.709018 0.463942 0.468466 0.502152 0.663919 
0.483389 0.327284 0.668614 0.396139 0.900562 
0.751145 0.488114 0.727217 0.337666 0.154370 
0.504600 0.805561 0.065025 0.873789 0.764809 
0.144232 0.113333 0.795572 0.174018 0.714826 
0.083662 0.108315 0.450454 0.775074 0.666501 
0.889967 0.681733 0.884151 0.923212 0.421629 
0.314521 0.150384 0.504453 0.346532 0.155066 
0.192766 0.810659 0.743772 0.574908 0.471246 
0.237707 0.142705 0.445143 0.522572 0.865183 
0.125256 0.178518 0.351160 0.940387 0.089973 
0.168501 0.990993 0.617177 0.892181 0.891775 
0.063299 0.869295 0.248102 0.842599 0.559026 
0.544791 0.305323 0.555314 0.158407 0.345470 
0.316869 0.609905 0.669283 0.641136 0.578407 
0.278522 0.125513 0.488836 0.867215 0.282349 
0.439578 0.995135 0.230149 0.110245 0.882944 
0.632215 0.632888 0.953958 0.179103 0.190213 
0.906894 0.166061 0.978900 0.380549 0.880575 
0.831214 0.211286 0.087936 0.933207 0.404353 
0.964822 0.770302 0.461267 0.508667 0.158268 
0.016139 0.251135 0.820281 0.465119 0.259334 
0.631616 0.577577 0.335290 0.216753 0.959368 
0.093034 0.622425 0.103033 0.671181 0.537653 
0.333202 0.125629 0.452519 0.487487 0.191320 
0.509579 0.491605 0.403754 0.886721 0.113594 
0.176218 0.688637 0.926213 0.863353 0.381344 
0.256858 0.011063 0.935609 0.787910 0.401685 
0.118482 0.329733 0.823843 0.327374 0.177906 
0.063969 0.120132 0.053136 0.051547 0.349423 
0.750769 0.178424 0.778576 0.526465 0.290163 
0.762893 0.938911 0.272031 0.029267 0.888756 
0.319289 0.286942 0.641663 0.433294 0.368170 
0.832334 0.045146 0.776666 0.428067 0.518122 
0.076500 0.731751 0.542491 0.652951 0.145651 
0.951891 0.427535 0.581841 0.993856 0.729578 
0.024809 0.964231 0.824395 0.609339 0.153115 
0.397617 0.755491 0.537965 0.581103 0.605629 
0.800869 0.205597 0.467461 0.621338 0.835606 
0.029867 0.977987 0.022731 0.042760 0.662180 
0.260361 0.880919 0.599569 0.954197 0.190212 
0.885090 0.701783 0.862473 0.581281 0.591052 
0.810921 0.144985 0.770834 0.413420 0.349945 
0.528035 0.676289 0.391812 0.190767 0.214153 
0.271401 0.428951 0.373134 0.269116 0.036861 
0.515692 0.228800 0.446363 0.020678 0.538411 
0.069460 0.408240 0.284804 0.696973 0.020657 
0.179368 0.641891 0.258479 0.251352 0.467189 
0.049025 0.960555 0.044140 0.856565 0.280057 
0.925882 0.303540 0.594337 0.013997 0.250595 
0.753988 0.276738 0.141549 0.017942 0.559509 
0.664031 0.369036 0.384271 0.436917 0.265674 
0.174908 0.682703 0.182721 0.997776 0.617206 
0.387254 0.577640 0.389165 0.700691 0.505239 
0.543848 0.460314 0.490186 0.558067 0.423832 
0.349323 0.066918 0.691768 0.537900 0.491931 
0.886266 0.474995 0.242688 0.849332 0.728255 
0.777501 0.463815 0.335076 0.616482 0.209142 
0.043928 0.306038 0.584013 0.504205 0.167391 
0.343878 0.551609 0.895914 0.628804 0.310674 
0.492991 0.698464 0.089324 0.263183 0.316230 
0.871993 0.587808 0.293794 0.800355 0.571750 
0.399564 0.475631 0.934971 0.065502 0.896568 
0.625283 0.137593 0.528968 0.359574 0.360086 
0.962729 0.589465 0.136753 0.399311 0.220700 
0.311843 0.142406 0.413946 0.192388 0.472599 
0.970649 0.694413 0.000310 0.214765 0.549004 
0.115416 0.793452 0.539658 0.038565 0.157096 
0.312902 0.950284 0.419416 0.118746 0.764623 
0.026872 0.639249 0.861662 0.946721 0.532656 
0.355360 0.532008 0.450754 0.827183 0.465655 
0.259972 0.349493 0.922314 0.333007 0.850466 
0.782012 0.283465 0.201413 0.141601 0.889229 
0.266849 0.937735 0.512272 0.762510 0.506253 
0.601663 0.147243 0.713675 0.738748 0.133556 
0.683660 0.266341 0.386988 0.112610 0.634114 
0.552720 0.559825 0.974465 0.835962 0.019145 
0.769581 0.352042 0.770567 0.913187 0.937923 
0.667324 0.722582 0.435395 0.687995 0.136428 
0.949419 0.881927 0.545732 0.123041 0.948174 
0.962989 0.954098 0.525058 0.642209 0.602222 
0.543105 0.958315 0.396650 0.504286 0.530095 
0.308936 0.283494 0.680934 0.461881 0.827320 
0.760432 0.586371 0.141619 0.186146 0.547456 
0.092448 0.780977 0.885963 0.379864 0.380313 
0.916872 0.860720 0.117834 0.435372 0.301983 
0.429641 0.983718 0.340120 0.400049 0.618053 
0.613613 0.997424 0.696769 0.602044 0.552743 
0.947919 0.670304 0.792679 0.561887 0.631350 
0.100174 0.618995 0.456767 0.888095 0.218648 
0.823601 0.254453 0.597578 0.498245 0.004977 
0.655114 0.501390 0.860699 0.763464 0.535863 
0.248599 0.210318 0.815975 0.087122 0.266871 
0.302538 0.751653 0.037788 0.106203 0.948133 
0.272836 0.557326 0.980930 0.497625 0.588925 
0.065177 0.422923 0.069323 0.109330 0.506452 
0.945236 0.589556 0.663818 0.789458 0.419956 
0.208283 0.620235 0.292464 0.443815 0.198425 
0.926763 0.102883 0.158666 0.698450 0.845407 
0.756478 0.120758 0.581982 0.364087 0.211793 
0.607846 0.073984 0.447780 0.836836 0.709224 
0.934850 0.030591 0.150887 0.952275 0.892742 
0.317870 0.438414 0.430558 0.384290 0.768873 
0.440958 0.174649 0.328048 0.505096 0.151664 
0.014603 0.434220 0.934693 0.388347 0.941307 
0.550660 0.939004 0.836382 0.065437 0.791767 
0.224958 0.867891 0.641745 0.805272 0.205507 
0.956526 0.330573 0.938919 0.411348 0.533434 
0.419096 0.750287 0.076536 0.334139 0.874507 
0.838995 0.987655 0.513387 0.497148 0.558906 
0.532248 0.494639 0.402317 0.735633 0.783137 
0.181063 0.133890 0.286205 0.249672 0.234908 
0.102798 0.724852 0.581049 0.683565 0.676359 
0.564563 0.602169 0.649263 0.159069 0.468408 
0.531369 0.716678 0.199224 0.364921 0.220485 
0.698666 0.486367 0.371664 0.561934 0.420405 
0.739974 0.747579 0.563068 0.480971 0.683814 
0.861807 0.395208 0.261215 0.236014 0.684430 
0.213746 0.427585 0.420882 0.765509 0.909355 
0.529502 0.341452 0.781884 0.121509 0.202816 
0.727398 0.376786 0.645187 0.652104 0.907489 
0.173122 0.667105 0.036088 0.533357 0.135055 
0.871538 0.933744 0.441595 0.884934 0.081131 
0.565651 0.894749 0.053028 0.234241 0.880403 
0.928140 0.241841 0.627747 0.546522 0.389144 
0.339042 0.275586 0.777515 0.696368 0.848913 
0.673025 0.539162 0.689621 0.459301 0.467739 
0.290402 0.780794 0.808588 0.932340 0.833994 
0.933098 0.586366 0.052015 0.210009 0.622122 
0.007088 0.128876 0.022239 0.766053 0.058169 
0.652321 0.561754 0.402549 0.637328 0.579735 
0.613548 0.901458 0.802607 0.410750 0.481519 
0.887828 0.720646 0.899848 0.741260 0.359159 
0.380491 0.905574 0.985105 0.655853 0.913151 
0.323537 0.687880 0.193579 0.482739 0.394324 
0.402383 0.852957 0.643923 0.419281 0.861324 
0.268087 0.738949 0.512497 0.545237 0.796934 
0.077645 0.974156 0.635301 0.501235 0.254956 
0.046128 0.277470 0.439076 0.555225 0.668642 
0.864422 0.332578 0.639993 0.360107 0.322100 
0.541621 0.021937 0.696069 0.826708 0.479761 
0.337093 0.524015 0.124752 0.700995 0.619043 
0.255386 0.267073 0.696936 0.400362 0.888893 
0.630870 0.024973 0.718416 0.418958 0.433878 
0.179690 0.048902 0.901711 0.055902 0.542481 
0.483103 0.512572 0.805188 0.802372 0.467254 
0.141594 0.767317 0.302723 0.873631 0.119167 
0.847253 0.779008 0.787676 0.471548 0.313561 
0.027508 0.321695 0.734832 0.319144 0.857223 
0.340721 0.494202 0.058764 0.645178 0.508873 
0.634429 0.840121 0.911041 0.862876 0.361288 
0.171534 0.968354 0.130221 0.626906 0.413414 
0.242106 0.068852 0.190555 0.651645 0.191002 
0.175525 0.043634 0.352017 0.347958 0.135703 
0.761735 0.477501 0.357296 0.077252 0.372809 
0.799447 0.302096 0.334932 0.200552 0.677782 
0.481415 0.138165 0.132729 0.774018 0.917767 
0.915563 0.864795 0.611173 0.989002 0.151364 
0.969334 0.599093 0.963740 0.580802 0.541709 
0.511193 0.627161 0.696652 0.637414 0.016399 
0.610704 0.103637 0.831373 0.894220 0.162476 
0.726892 0.880128 0.303178 0.512089 0.685017 
0.085662 0.721264 0.283718 0.447813 0.388541 
0.202524 0.820828 0.654341 0.511754 0.042197 
0.208873 0.528356 0.079951 0.736871 0.596239 
0.987189 0.681101 0.266437 0.999087 0.660825 
0.485196 0.682844 0.553689 0.844543 0.227144 
0.610120 0.281145 0.198827 0.678994 0.855755 
0.672811 0.934367 0.910553 0.670319 0.051576 
0.831919 0.055408 0.246538 0.559209 0.626651 
0.124000 0.063482 0.948706 0.895451 0.846302 
0.791833 0.338627 0.300530 0.012277 0.343094 
0.385089 0.191863 0.638326 0.351535 0.252010 
0.528447 0.614217 0.141783 0.952391 0.841751 
0.304789 0.587406 0.531561 0.942190 0.394003 
0.008778 0.533956 0.191290 0.011665 0.057523 
0.793156 0.565328 0.461950 0.992783 0.710154 
0.552926 0.026014 0.219305 0.854688 0.741472 
0.920290 0.310238 0.172463 0.592182 0.805918 
0.065236 0.423673 0.674755 0.606274 0.640171 
0.359117 0.681752 0.211849 0.541939 0.372074 
0.454195 0.647382 0.544544 0.151657 0.899626 
0.012574 0.336905 0.359259 0.057822 0.821253 
0.806547 0.634826 0.521938 0.218433 0.195938 
0.121969 0.929845 0.906396 0.800627 0.130986 
0.474971 0.844865 0.652023 0.554122 0.132645 
0.372370 0.420675 0.291595 0.836719 0.728323 
0.931445 0.789912 0.050596 0.367883 0.008927 
0.043238 0.705387 0.434462 0.004170 0.092047 
0.040689 0.859756 0.919441 0.044497 0.854530 
0.078597 0.977101 0.132993 0.216977 0.736256 
0.256525 0.416837 0.776947 0.148447 0.956587 
0.359318 0.055019 0.708530 0.258674 0.541385 
0.059493 0.903159 0.385712 0.669869 0.481395 
0.801732 0.717830 0.568033 0.924546 0.850328 
0.466252 0.304256 0.631418 0.236766 0.325816 
0.995288 0.812154 0.873469 0.390394 0.355888 
0.404950 0.998079 0.715483 0.127820 0.263440 
0.634053 0.532787 0.555274 0.488877 0.550770 
0.792765 0.008419 0.497657 0.120664 0.005579 
0.759724 0.676586 0.380974 0.031490 0.250551 
0.016149 0.420223 0.694194 0.318105 0.395435 
0.067781 0.190798 0.734223 0.088960 0.158216 
0.133051 0.184810 0.093751 0.677484 0.468101 
0.371827 0.298306 0.634962 0.806800 0.886454 
0.636120 0.276083 0.128204 0.727090 0.194063 
0.611887 0.984877 0.827678 0.782534 0.047449 
0.479651 0.492606 0.224257 0.084838 0.872504 
0.167599 0.830189 0.980102 0.575923 0.540620 
0.205950 0.395255 0.052069 0.129506 0.602238 
0.809577 0.556925 0.246661 0.623977 0.188995 
0.431312 0.058587 0.666814 0.145907 0.251041 
0.239167 0.675007 0.849723 0.297365 0.809206 
0.324631 0.075206 0.993807 0.915941 0.224816 
0.479330 0.098030 0.594570 0.937145 0.592271 
0.300661 0.204318 0.972949 0.346151 0.755412 
0.217250 0.316279 0.696298 0.673807 0.668749 
0.666850 0.748263 0.056905 0.402789 0.682411 
0.280151 0.491140 0.598093 0.147565 0.123082 
0.632543 0.153335 0.105892 0.727193 0.940517 
0.269311 0.312525 0.604617 0.791562 0.789878 
0.485759 0.154175 0.217219 0.804567 0.361095 
0.931026 0.747174 0.746566 0.539783 0.138763 
0.191006 0.245508 0.254535 0.974808 0.597438 
0.140340 0.694779 0.150459 0.765594 0.345713 
0.396684 0.075024 0.923295 0.827057 0.344364 
0.731723 0.060544 0.555957 0.969910 0.276767 
0.621055 0.075146 0.986389 0.240314 0.952138 
0.575699 0.766463 0.949147 0.307101 0.447051 
0.588005 0.600060 0.202032 0.551322 0.065096 
0.060611 0.681154 0.157711 0.653939 0.750522 
0.020869 0.748607 0.844787 0.332482 0.019966 
0.564113 0.042827 0.798913 0.334862 0.020336 
0.779330 0.198828 0.698271 0.833327 0.728720 
0.589642 0.116259 0.966795 0.922465 0.875716 
0.162456 0.395140 0.124826 0.949175 0.791647 
0.214591 0.624713 0.547027 0.887235 0.752466 
0.691375 0.932961 0.280232 0.864285 0.034560 
0.856949 0.747378 0.177114 0.761536 0.130851 
0.220633 0.174217 0.072597 0.135522 0.726512 
0.492503 0.501243 0.383089 0.582796 0.047805 
0.459036 0.020436 0.468440 0.078878 0.705723 
0.080749 0.152200 0.018113 0.426464 0.586584 
0.710662 0.100597 0.731326 0.394809 0.558720 
0.405786 0.042107 0.699417 0.098232 0.992670 
0.803228 0.844694 0.766840 0.280061 0.986224 
0.459886 0.311371 0.206514 0.885996 0.929315 
0.990729 0.188516 0.393231 0.041736 0.465048 
0.069264 0.127089 0.987889 0.454880 0.163399 
0.244454 0.535737 0.132443 0.970858 0.204117 
0.595252 0.399082 0.366065 0.451964 0.164724 
0.509621 0.205385 0.913108 0.603315 0.922926 
0.613804 0.204349 0.489301 0.683261 0.572150 
0.118354 0.167534 0.747575 0.489406 0.447309 
0.926521 0.046766 0.989969 0.417353 0.452086 
0.209715 0.675974 0.098048 0.899329 0.018615 
0.863517 0.136798 0.160543 0.243664 0.263506 
0.747487 0.019293 0.257647 0.267195 0.747335 
0.459327 0.904834 0.544332 0.582433 0.959805 
0.449782 0.485591 0.327869 0.501938 0.076984 
0.873554 0.829648 0.892052 0.712491 0.840040 
0.544909 0.284267 0.674272 0.497756 0.783228 
0.709452 0.753923 0.182761 0.657985 0.750401 
0.985418 0.926818 0.035012 0.440772 0.047929 
0.534769 0.867221 0.378809 0.642817 0.830731 
0.093025 0.466446 0.554915 0.457110 0.640524 
0.282160 0.269046 0.853318 0.713680 0.813951 
0.080163 0.295201 0.435458 0.747373 0.091431 
0.685831 0.763784 0.918988 0.438502 0.907425 
0.091064 0.515592 0.555452 0.483418 0.802345 
0.012354 0.639196 0.963570 0.722456 0.310724 
0.335421 0.425980 0.446205 0.363383 0.381665 
0.638809 0.470298 0.291918 0.265480 0.915069 
0.563185 0.453921 0.044827 0.407479 0.506965 
0.554094 0.657295 0.161731 0.220221 0.258532 
0.153020 0.804223 0.582590 0.583604 0.624795 
0.925462 0.243247 0.251048 0.363160 0.628185 
0.904843 0.691405 0.440548 0.295020 0.403061 
0.247516 0.008899 0.564366 0.302744 0.211613 
0.578548 0.663092 0.584955 0.340824 0.224010 
0.935313 0.800306 0.736981 0.447543 0.856361 
0.853250 0.579193 0.490795 0.799473 0.748027 
0.095025 0.080600 0.644999 0.493068 0.994683 
0.640872 0.127856 0.868379 0.847388 0.046166 
0.917221 0.732492 0.001077 0.106376 0.856709 
0.713346 0.208056 0.798658 0.048203 0.143014 
0.632257 0.348571 0.426995 0.507791 0.451527 
0.806919 0.888854 0.973830 0.164583 0.140407 
0.823083 0.558762 0.118079 0.559282 0.851000 
0.764039 0.204481 0.716694 0.469305 0.602452 
0.404549 0.256069 0.750963 0.434225 0.024595 
0.362919 0.579643 0.064725 0.836260 0.020555 
0.466943 0.910769 0.302772 0.685187 0.930109 
0.341138 0.504438 0.086360 0.444375 0.605040 
0.904323 0.962499 0.714676 0.567070 0.737924 
0.292286 0.449203 0.763010 0.906726 0.344255 
0.897848 0.126026 0.116860 0.070998 0.257696 
0.104515 0.580675 0.405932 0.506498 0.712761 
0.368901 0.122160 0.149246 0.370162 0.316727 
0.238703 0.876383 0.363039 0.596037 0.592000 
0.747076 0.099194 0.150757 0.774494 0.924738 
0.069705 0.535405 0.553541 0.363184 0.039875 
0.187112 0.798168 0.813438 0.450010 0.313139 
0.935463 0.329600 0.593202 0.953149 0.571395 
0.437968 0.933193 0.181685 0.583212 0.043280 
0.406363 0.747995 0.550458 0.549763 0.871075 
0.158239 0.517537 0.241728 0.716415 0.782515 
0.724173 0.179774 0.459167 0.221908 0.601329 
0.544353 0.942681 0.644194 0.962763 0.151163 
0.603808 0.193285 0.540669 0.016472 0.843209 
0.806052 0.313118 0.575646 0.879790 0.638515 
0.513334 0.597655 0.789377 0.056963 0.376327 
0.930954 0.537389 0.898351 0.580289 0.918671 
0.096982 0.972404 0.191850 0.424604 0.317617 
0.181871 0.710645 0.806498 0.804323 0.258012 
0.404063 0.078538 0.993804 0.856829 0.719902 
0.392331 0.913584 0.603626 0.138410 0.264285 
0.835454 0.478565 0.237506 0.754959 0.603554 
0.935991 0.193128 0.900568 0.848246 0.477451 
0.522450 0.809853 0.197485 0.131224 0.488114 
0.739567 0.904296 0.499569 0.254508 0.512262 
0.582621 0.110193 0.013332 0.073961 0.058723 
0.961850 0.813053 0.978142 0.638452 0.470775 
0.317359 0.848802 0.814239 0.919864 0.158784 
0.677019 0.650552 0.826771 0.543309 0.401737 
0.998064 0.467129 0.039188 0.639751 0.289417 
0.230042 0.323414 0.622070 0.136710 0.679919 
0.398752 0.826232 0.480930 0.982250 0.682940 
0.178521 0.404739 0.448085 0.964008 0.087304 
0.315500 0.611767 0.959624 0.399627 0.526494 
0.776861 0.703324 0.767082 0.347785 0.225460 
0.303676 0.882837 0.847090 0.047253 0.180414 
0.211863 0.778264 0.287125 0.712504 0.046765 
0.984045 0.843247 0.458857 0.011565 0.371175 
0.345944 0.286554 0.118024 0.636138 0.574276 
0.849470 0.045471 0.222739 0.576400 0.548835 
0.274600 0.207111 0.919808 0.213679 0.305260 
0.507449 0.695490 0.104487 0.109355 0.937255 
0.442785 0.884516 0.060330 0.962041 0.028368 
0.779183 0.728575 0.163123 0.614272 0.070280 
0.200963 0.590360 0.180490 0.494151 0.192549 
0.174324 0.867418 0.696477 0.695051 0.727257 
0.011798 0.293290 0.324632 0.093324 0.503787 
0.142262 0.999871 0.835485 0.988547 0.502856 
0.508964 0.163451 0.114715 0.011627 0.421850 
0.030927 0.789848 0.980935 0.572226 0.407122 
0.495108 0.275981 0.406630 0.228294 0.935734 
0.883718 0.642896 0.156502 0.331261 0.496815 
0.969963 0.161593 0.888769 0.546058 0.594354 
0.305874 0.820866 0.298874 0.174758 0.162901 
0.881837 0.041426 0.244782 0.049195 0.821132 
0.763395 0.379853 0.196526 0.014993 0.980939 
0.636786 0.462336 0.483411 0.680919 0.203571 
0.422622 0.006773 0.838767 0.158948 0.438201 
0.839898 0.162468 0.603103 0.346932 0.893797 
0.042953 0.905623 0.808212 0.616569 0.680491 
0.016562 0.351006 0.350164 0.212071 0.275462 
0.684681 0.439516 0.940915 0.958548 0.317740 
0.251523 0.352568 0.611531 0.997110 0.422876 
0.285050 0.839118 0.052721 0.074167 0.517462 
0.982715 0.495512 0.065544 0.594751 0.979826 
0.932781 0.248586 0.992056 0.490139 0.765897 
0.431992 0.489821 0.417865 0.057531 0.926979 
0.729967 0.557354 0.451389 0.497146 0.536053 
0.441907 0.127098 0.143931 0.055300 0.422313 
0.810784 0.848917 0.740700 0.946416 0.408842 
0.406991 0.306041 0.630486 0.575591 0.951794 
0.808361 0.123465 0.075563 0.979735 0.409362 
0.155049 0.904880 0.324660 0.557600 0.588455 
0.161185 0.042997 0.653542 0.085398 0.283580 
0.121698 0.384838 0.966688 0.121868 0.239874 
0.557189 0.676589 0.432049 0.447095 0.330884 
0.166910 0.259215 0.621844 0.331271 0.666577 
0.156125 0.996636 0.468781 0.800205 0.038065 
0.750644 0.075440 0.917213 0.598364 0.706464 
0.542364 0.510748 0.148431 0.685521 0.548026 
0.664685 0.361211 0.865407 0.889967 0.669211 
0.423690 0.954696 0.581418 0.886941 0.815686 
0.233067 0.162985 0.280817 0.684132 0.207335 
0.677577 0.030354 0.155870 0.699091 0.622396 
0.606129 0.205474 0.400141 0.177676 0.200959 
0.514820 0.577759 0.391581 0.301476 0.904949 
0.473352 0.621842 0.292804 0.158348 0.355967 
0.731238 0.917809 0.615804 0.813776 0.130561 
0.333605 0.901629 0.685653 0.774995 0.347688 
0.588825 0.384495 0.209071 0.848803 0.828100 
0.873287 0.335809 0.946402 0.181329 0.603490 
0.859325 0.671151 0.031999 0.808248 0.221368 
0.526146 0.929045 0.457250 0.003970 0.721113 
0.742269 0.313407 0.427870 0.203835 0.848590 
0.256724 0.760575 0.981553 0.966302 0.638950 
0.833830 0.177786 0.050361 0.420309 0.137815 
0.252355 0.330745 0.836515 0.304342 0.069897 
0.750689 0.828430 0.430886 0.897623 0.352957 
0.143810 0.011983 0.405047 0.617660 0.013824 
0.337589 0.863090 0.953396 0.727847 0.921109 
0.074521 0.469698 0.205959 0.544833 0.002276 
0.258423 0.323559 0.057018 0.304895 0.363366 
0.086446 0.901903 0.281939 0.550292 0.752517 
0.555601 0.993217 0.997936 0.305102 0.856752 
0.425100 0.649123 0.813475 0.067150 0.593886 
0.437540 0.727103 0.420941 0.760827 0.227562 
0.636352 0.171979 0.455302 0.256030 0.101883 
0.347766 0.897198 0.214228 0.528809 0.684607 
0.191014 0.375261 0.019525 0.155445 0.557975 
0.888369 0.819129 0.103151 0.663735 0.400825 
0.670206 0.155966 0.327328 0.401530 0.515385 
0.072170 0.960049 0.541596 0.598139 0.924841 
0.798511 0.575117 0.991187 0.884076 0.658784 
0.176576 0.718667 0.635070 0.629577 0.300388 
0.626870 0.809108 0.683332 0.759504 0.979268 
0.562175 0.476389 0.672528 0.183385 0.159337 
0.970691 0.406292 0.545982 0.319266 0.906354 
0.090564 0.102081 0.670905 0.894346 0.278875 
0.044024 0.915750 0.013203 0.895663 0.409225 
0.843734 0.639135 0.938488 0.166040 0.636833 
0.258442 0.638758 0.609898 0.553641 0.038779 
0.754166 0.264173 0.956813 0.147899 0.735966 
0.377293 0.155886 0.972904 0.603452 0.213931 
0.538989 0.794710 0.683769 0.103902 0.275804 
0.441813 0.557238 0.505159 0.206142 0.626951 
0.161701 0.701568 0.249312 0.188318 0.059981 
0.097766 0.158326 0.978078 0.560675 0.270432 
0.152834 0.680485 0.905208 0.831356 0.597640 
0.537994 0.063208 0.333378 0.088716 0.053723 
0.929286 0.507216 0.783965 0.096426 0.636586 
0.105121 0.770733 0.710699 0.725681 0.522927 
0.836288 0.486107 0.992271 0.093360 0.105869 
0.344304 0.717308 0.790133 0.772121 0.033061 
0.651290 0.226119 0.387216 0.936112 0.236671 
0.732430 0.953925 0.613398 0.375810 0.242995 
0.017225 0.497446 0.572642 0.401626 0.131749 
0.308480 0.616031 0.636042 0.950147 0.127675 
0.829009 0.147362 0.719292 0.138488 0.575843 
0.201067 0.329669 0.743913 0.954139 0.221917 
0.766865 0.700110 0.750851 0.553134 0.522601 
0.356913 0.644485 0.860911 0.338948 0.705914 
0.295650 0.981737 0.061154 0.810356 0.646833 
0.327304 0.993956 0.421992 0.413806 0.837129 
0.622173 0.860593 0.982362 0.560651 0.856190 
0.989245 0.246386 0.012375 0.994247 0.306867 
0.513502 0.432609 0.853914 0.728427 0.672264 
0.740129 0.342412 0.916727 0.425545 0.135053 
0.839371 0.313435 0.903721 0.832892 0.407785 
0.643395 0.541377 0.919041 0.326013 0.292600 
0.734601 0.440552 0.360175 0.455147 0.661824 
0.271247 0.851618 0.137970 0.858043 0.127316 
0.805670 0.903314 0.995619 0.365307 0.721819 
0.613126 0.805093 0.201653 0.174983 0.940651 
0.514485 0.952423 0.370211 0.130858 0.325577 
0.964419 0.984362 0.175141 0.602399 0.516233 
0.322501 0.280078 0.268302 0.344847 0.838393 
0.874569 0.882766 0.656308 0.572787 0.830642 
0.594291 0.243092 0.646925 0.874146 0.780094 
0.035897 0.319130 0.617767 0.810555 0.993764 
0.199328 0.098782 0.233608 0.257351 0.295244 
0.158208 0.999032 0.731725 0.108214 0.752625 
0.361927 0.914720 0.706298 0.755550 0.535146 
0.205304 0.546545 0.790128 0.677617 0.714269 
0.717024 0.025776 0.222824 0.003937 0.172930 
0.440974 0.449824 0.196679 0.588225 0.290302 
0.110671 0.039211 0.023399 0.271792 0.002936 
0.352881 0.872048 0.516024 0.807006 0.347173 
0.936046 0.126689 0.254089 0.473499 0.099788 
0.129597 0.137435 0.867486 0.830111 0.680588 
0.646967 0.566107 0.562095 0.124853 0.411894 
0.700296 0.868055 0.396462 0.344405 0.411208 
0.171310 0.210030 0.974364 0.128319 0.657612 
0.488726 0.021108 0.754268 0.989363 0.226066 
0.495886 0.360496 0.857737 0.986206 0.158790 
0.789585 0.558559 0.698120 0.308157 0.192913 
0.288041 0.109844 0.150411 0.959956 0.977339 
0.140423 0.089094 0.396644 0.387375 0.618616 
0.076633 0.967823 0.203942 0.649555 0.074843 
0.879292 0.256661 0.699139 0.432112 0.505690 
0.132108 0.342790 0.276059 0.718376 0.750813 
0.921366 0.397729 0.628490 0.029886 0.291206 
0.296550 0.123359 0.299110 0.137969 0.846515 
0.372154 0.799031 0.311670 0.229478 0.838426 
0.425099 0.645398 0.201487 0.399017 0.276423 
0.840335 0.502530 0.027704 0.621222 0.882473 
0.722534 0.624990 0.213109 0.716526 0.645558 
0.900027 0.759906 0.747121 0.864472 0.178757 
0.374109 0.651938 0.115714 0.802563 0.670204 
0.112929 0.001031 0.327863 0.398309 0.385131 
0.903483 0.843251 0.521061 0.473905 0.922276 
0.697193 0.720557 0.405637 0.546748 0.191045 
0.897304 0.984607 0.297251 0.897725 0.061406 
0.053735 0.120187 0.976945 0.508984 0.490444 
0.895041 0.957594 0.283012 0.578873 0.123612 
0.552045 0.218962 0.090254 0.898993 0.376280 
0.142071 0.791420 0.393084 0.564291 0.046674 
0.448918 0.969179 0.986119 0.705488 0.143092 
0.939464 0.579173 0.161540 0.004726 0.432123 
0.683975 0.562922 0.032030 0.326064 0.156045 
0.641078 0.597723 0.935979 0.000615 0.334055 
0.468531 0.601506 0.513944 0.851788 0.994015 
0.416919 0.155124 0.163713 0.520194 0.895649 
0.168924 0.107487 0.533322 0.544837 0.080783 
0.713976 0.800546 0.776492 0.493053 0.742964 
0.990991 0.593878 0.304186 0.454731 0.661856 
0.821230 0.406604 0.790776 0.578764 0.279391 
0.724571 0.869629 0.855867 0.561635 0.395696 
0.454617 0.751808 0.629420 0.660906 0.850130 
0.136171 0.633090 0.344850 0.898883 0.530134 
0.956302 0.563178 0.330765 0.166193 0.202129 
0.188489 0.928846 0.115539 0.867651 0.605037 
0.850290 0.825609 0.015532 0.046559 0.512917 
0.598063 0.653173 0.881005 0.044340 0.224502 
0.199505 0.075393 0.132111 0.385147 0.158568 
0.054380 0.965327 0.257655 0.404845 0.233953 
0.045734 0.643354 0.854503 0.636603 0.380515 
0.322422 0.950777 0.706523 0.536477 0.572136 
0.892062 0.883928 0.175289 0.079492 0.015407 
0.940608 0.798732 0.295546 0.241075 0.741693 
0.630646 0.270992 0.566031 0.281325 0.228899 
0.112127 0.523507 0.575187 0.163538 0.587051 
0.558022 0.673088 0.586995 0.626386 0.677863 
0.840652 0.831983 0.131456 0.377030 0.734958 
0.433289 0.291472 0.762011 0.112989 0.005373 
0.309140 0.718096 0.039261 0.857526 0.437714 
0.662571 0.825291 0.671444 0.967143 0.775157 
0.069832 0.667684 0.760845 0.522006 0.351018 
0.555411 0.790565 0.025036 0.784391 0.260317 
0.145576 0.703608 0.544940 0.799766 0.673764 
0.953513 0.691467 0.489078 0.938649 0.870497 
0.440291 0.966764 0.402395 0.058156 0.433191 
0.635224 0.209133 0.892285 0.629855 0.975290 
0.699248 0.269399 0.790683 0.015125 0.213160 
0.581645 0.701122 0.756737 0.486839 0.304777 
0.393969 0.443589 0.401047 0.397342 0.133738 
0.738706 0.436556 0.191323 0.567557 0.923539 
0.927980 0.566898 0.853289 0.225870 0.195154 
0.956036 0.091128 0.586318 0.240248 0.847547 
0.726893 0.898105 0.445477 0.137514 0.204370 
0.852006 0.670515 0.345201 0.800067 0.732385 
0.192106 0.725100 0.753748 0.239154 0.454335 
0.010249 0.249700 0.710086 0.419605 0.301989 
0.523808 0.646384 0.783357 0.878436 0.873453 
0.130543 0.038246 0.797043 0.896399 0.777667 
0.244915 0.288092 0.967724 0.533521 0.881743 
0.452900 0.888385 0.081344 0.145205 0.464450 
0.014845 0.503728 0.164545 0.510150 0.085004 
0.662166 0.022956 0.813653 0.067725 0.261095 
0.228832 0.977132 0.650394 0.180151 0.804106 
0.616747 0.658902 0.168755 0.268025 0.703019 
0.644708 0.602370 0.030873 0.875032 0.660417 
0.621720 0.251851 0.865494 0.355650 0.408485 
0.410404 0.658152 0.565804 0.468560 0.096187 
0.622919 0.397388 0.892904 0.035694 0.908414 
0.712770 0.522353 0.183572 0.302798 0.123299 
0.283951 0.371469 0.280173 0.863543 0.560666 
0.115611 0.072309 0.296001 0.888298 0.629865 
0.147016 0.901396 0.761379 0.491878 0.993849 
0.615627 0.834614 0.350739 0.878474 0.518362 
0.107362 0.428005 0.485213 0.982296 0.452539 
0.815380 0.098492 0.350158 0.097532 0.219932 
0.400791 0.094835 0.892395 0.490856 0.819781 
0.066392 0.849669 0.380999 0.444206 0.764271 
0.107210 0.876280 0.641692 0.911837 0.246226 
0.319760 0.207463 0.829398 0.687515 0.061180 
0.259613 0.310486 0.339614 0.887479 0.859721 
0.327979 0.339233 0.493515 0.512177 0.158668 
0.730405 0.914196 0.893008 0.789247 0.870612 
0.374445 0.294961 0.412485 0.641209 0.798874 
0.675819 0.486272 0.766359 0.188519 0.434743 
0.718165 0.195677 0.749564 0.924516 0.347414 
0.979524 0.861857 0.232590 0.146857 0.227462 
0.955295 0.644313 0.965726 0.959594 0.895890 
0.228297 0.995903 0.146233 0.736613 0.258716 
0.245782 0.855040 0.648972 0.273536 0.319537 
0.465042 0.958326 0.578942 0.282447 0.089260 
0.187809 0.497988 0.678302 0.225081 0.944305 
0.932317 0.453304 0.672008 0.432284 0.392298 
0.346047 0.009381 0.662866 0.791318 0.686466 
0.434209 0.750116 0.201151 0.745389 0.745949 
0.156477 0.902931 0.565208 0.446284 0.698523 
0.070633 0.128749 0.889553 0.718784 0.607871 
0.491372 0.489559 0.024274 0.979410 0.944389 
0.342958 0.087314 0.486491 0.449362 0.424703 
0.987709 0.425097 0.597164 0.534099 0.603416 
0.615660 0.395850 0.057065 0.091734 0.777972 
0.378724 0.210216 0.101687 0.050008 0.477097 
0.577641 0.415971 0.217615 0.453467 0.420550 
0.188102 0.425399 0.685877 0.535488 0.939513 
0.390087 0.186383 0.538975 0.548242 0.295745 
0.581095 0.465850 0.535973 0.094543 0.976105 
0.398478 0.224538 0.813022 0.454143 0.788923 
0.427638 0.315076 0.483955 0.839837 0.141675 
0.129395 0.744759 0.157090 0.212177 0.058950 
0.778919 0.291548 0.050278 0.022144 0.175039 
0.872756 0.401977 0.035086 0.683622 0.643299 
0.926750 0.884121 0.414412 0.018484 0.656920 
0.846658 0.773582 0.590869 0.737521 0.518657 
0.072019 0.423914 0.721348 0.693482 0.349591 
0.575228 0.850787 0.183303 0.772574 0.658472 
0.943647 0.870456 0.759702 0.309169 0.207972 
0.384034 0.461458 0.725422 0.162262 0.137641 
0.335107 0.146366 0.975088 0.302268 0.213220 
0.589822 0.135915 0.323132 0.879533 0.314766 
0.278434 0.636961 0.396145 0.001749 0.403208 
0.709324 0.614773 0.485279 0.077691 0.744443 
0.847485 0.688256 0.518240 0.063169 0.678507 
0.664293 0.778389 0.379497 0.208626 0.374049 
0.638165 0.631402 0.978363 0.342665 0.174365 
0.560748 0.497591 0.014939 0.083794 0.328593 
0.668648 0.960138 0.039727 0.693083 0.651221 
0.065414 0.412470 0.377593 0.211556 0.621751 
0.773878 0.567501 0.986246 0.830935 0.517907 
0.454840 0.488750 0.424040 0.845753 0.573771 
0.369458 0.484337 0.255245 0.902758 0.657289 
0.054948 0.518640 0.779516 0.330620 0.728036 
0.103451 0.706860 0.194598 0.605301 0.293375 
0.748703 0.446179 0.937003 0.202967 0.260856 
0.211110 0.132824 0.369008 0.924378 0.013410 
0.385731 0.975856 0.214298 0.703014 0.562038 
0.168714 0.571854 0.153688 0.040088 0.755835 
0.319570 0.017490 0.947715 0.247425 0.477959 
0.063014 0.078853 0.283357 0.380937 0.399777 
0.046444 0.576963 0.016175 0.853859 0.808422 
0.142192 0.823294 0.102104 0.062434 0.335274 
0.946328 0.934174 0.662336 0.884417 0.396678 
0.974416 0.005029 0.520640 0.396918 0.008886 
0.340203 0.797416 0.163975 0.921470 0.143878 
0.155940 0.888926 0.180789 0.527657 0.326380 
0.470478 0.323814 0.346917 0.638861 0.331042 
0.817858 0.738815 0.256578 0.303956 0.585233 
0.011718 0.949041 0.525679 0.078790 0.215778 
0.574331 0.788987 0.499248 0.863642 0.231486 
0.591850 0.230123 0.678065 0.234744 0.350718 
0.513953 0.014341 0.033875 0.339461 0.318364 
0.739234 0.302494 0.012328 0.189093 0.093836 
0.104771 0.882987 0.358831 0.864215 0.863282 
0.174651 0.366069 0.515671 0.882319 0.136944 
0.617459 0.638420 0.931092 0.866102 0.572599 
0.677092 0.889474 0.390172 0.621418 0.176271 
0.584514 0.925284 0.248980 0.603296 0.589757 
0.050163 0.085783 0.753185 0.781965 0.479588 
0.429041 0.896537 0.099578 0.612826 0.763871 
0.371563 0.851982 0.255224 0.555549 0.114856 
0.380435 0.964187 0.093796 0.425278 0.640682 
0.949152 0.401111 0.478962 0.919135 0.905444 
0.802088 0.689068 0.165026 0.583590 0.389581 
0.688777 0.280894 0.979983 0.576607 0.028799 
0.025947 0.091204 0.866367 0.034726 0.631624 
0.707870 0.176387 0.534156 0.566764 0.602002 
0.854959 0.301803 0.410987 0.464217 0.100534 
0.668215 0.696281 0.398569 0.747816 0.538879 
0.940424 0.698700 0.046125 0.217348 0.965788 
0.995140 0.318328 0.146504 0.288109 0.243251 
0.321352 0.967111 0.230794 0.958978 0.539498 
0.350919 0.896808 0.644813 0.367130 0.355183 
0.563528 0.220014 0.773317 0.139817 0.908959 
0.881792 0.275741 0.376817 0.158103 0.244125 
0.013490 0.726818 0.633543 0.964283 0.696370 
0.892005 0.920087 0.902066 0.017247 0.875710 
0.057019 0.318059 0.609925 0.014598 0.351425 
0.396432 0.839643 0.881562 0.406055 0.569772 
0.151387 0.355597 0.515089 0.108812 0.799413 
0.735945 0.022875 0.467150 0.385889 0.632228 
0.849585 0.972237 0.379264 0.295066 0.166163 
0.708012 0.550234 0.786829 0.239460 0.608117 
0.616808 0.688445 0.701710 0.636950 0.210574 
0.109255 0.245413 0.656046 0.170806 0.744012 
0.602795 0.183141 0.050407 0.185000 0.300481 
0.181571 0.659185 0.924981 0.149560 0.658213 
0.585580 0.842356 0.469669 0.735108 0.968422 
0.274882 0.949187 0.981022 0.034450 0.006694 
0.504269 0.256078 0.907897 0.029953 0.422515 
0.215364 0.628288 0.634329 0.174904 0.615858 
0.718473 0.372719 0.286430 0.022279 0.447229 
0.581098 0.517144 0.634636 0.331824 0.969070 
0.154952 0.283045 0.143436 0.733498 0.897567 
0.404878 0.787692 0.738858 0.986715 0.727287 
0.516951 0.399826 0.870153 0.666089 0.965125 
0.862944 0.494625 0.158635 0.175061 0.255825 
0.650556 0.893186 0.772980 0.468501 0.103084 
0.529906 0.126844 0.860364 0.135404 0.739342 
0.127329 0.020700 0.904043 0.251846 0.777682 
0.501667 0.516770 0.355924 0.009749 0.843733 
0.627967 0.234064 0.917245 0.143095 0.999594 
0.183999 0.477231 0.813690 0.682808 0.947403 
0.006708 0.749650 0.360350 0.401564 0.087539 
0.273710 0.242733 0.618140 0.079797 0.155116 
0.042224 0.659108 0.634232 0.542926 0.961661 
0.629873 0.271260 0.063783 0.995869 0.562722 
0.673743 0.592709 0.667896 0.328120 0.708917 
0.768085 0.202842 0.162912 0.060083 0.814551 
0.155995 0.805950 0.594964 0.558864 0.820988 
0.340453 0.990636 0.611644 0.896601 0.170210 
0.719168 0.060736 0.792309 0.344525 0.433996 
0.164958 0.450394 0.770160 0.082966 0.410992 
0.546144 0.038100 0.344728 0.845862 0.406010 
0.812578 0.001922 0.296280 0.573476 0.411359 
0.717095 0.216371 0.540383 0.219181 0.782899 
0.189733 0.835004 0.905965 0.562143 0.935337 
0.202158 0.676251 0.758416 0.706034 0.319823 
0.257574 0.043660 0.787226 0.901281 0.836460 
0.378271 0.598039 0.239730 0.134270 0.681985 
0.113983 0.704654 0.118457 0.906170 0.998749 
0.967337 0.032766 0.701080 0.048968 0.998506 
0.893070 0.827939 0.171241 0.045991 0.964520 
0.681933 0.247541 0.419204 0.564447 0.667365 
0.403429 0.433737 0.817394 0.946005 0.502470 
0.017382 0.145075 0.280220 0.659704 0.636778 
0.333827 0.632929 0.641528 0.168405 0.384584 
0.696934 0.366169 0.200297 0.391217 0.182546 
0.058356 0.786273 0.895949 0.219742 0.202905 
0.228449 0.535325 0.212352 0.995506 0.467022 
0.231305 0.542227 0.215595 0.508218 0.624339 
0.268988 0.877409 0.609187 0.608300 0.701963 
0.884531 0.319719 0.518954 0.055561 0.820505 
0.233125 0.127436 0.813987 0.683591 0.121742 
0.117010 0.589844 0.510970 0.877015 0.997783 
0.746388 0.549985 0.599088 0.868243 0.556711 
0.645568 0.062284 0.801330 0.956661 0.599007 
0.509123 0.835960 0.980921 0.339024 0.975648 
0.723322 0.878000 0.541257 0.901419 0.147305 
0.751749 0.647891 0.112282 0.119858 0.447177 
0.695545 0.016415 0.892430 0.069397 0.356157 
0.923019 0.184721 0.600723 0.345177 0.396391 
0.144810 0.825192 0.009945 0.152409 0.543282 
0.940075 0.847017 0.820383 0.185207 0.765950 
0.324934 0.162221 0.451496 0.285683 0.472164 
0.659372 0.065797 0.842396 0.141274 0.387322 
0.727936 0.418653 0.304131 0.525678 0.074102 
0.424643 0.966743 0.057558 0.371673 0.707089 
0.051761 0.951885 0.331576 0.797020 0.517000 
0.220311 0.765711 0.305647 0.010356 0.049045 
0.299883 0.128020 0.636519 0.973827 0.114995 
0.716981 0.307762 0.551526 0.504863 0.233877 
0.776312 0.477193 0.182454 0.502505 0.600142 
0.580318 0.408116 0.207177 0.018043 0.253800 
0.622097 0.587211 0.258080 0.552308 0.645126 
0.628649 0.710934 0.665139 0.989354 0.064452 
0.240561 0.110593 0.732513 0.342753 0.651593 
0.318260 0.002155 0.227340 0.899856 0.875013 
0.339958 0.675447 0.236329 0.977192 0.668347 
0.905642 0.121548 0.863455 0.095171 0.533243 
0.220123 0.600148 0.690326 0.303266 0.995585 
0.804298 0.830089 0.312420 0.846337 0.380540 
0.742589 0.688471 0.133851 0.627460 0.714044 
0.934939 0.521194 0.706479 0.786335 0.938218 
0.633140 0.186083 0.501117 0.279400 0.883032 
0.115226 0.596826 0.850856 0.333951 0.721263 
0.264152 0.603342 0.375235 0.577194 0.902734 
0.256375 0.900213 0.880405 0.967858 0.796116 
0.324757 0.195941 0.182874 0.556912 0.027014 
0.015953 0.125627 0.415359 0.946069 0.577250 
0.838752 0.912762 0.785537 0.518883 0.863918 
0.876883 0.766767 0.058349 0.674419 0.957881 
0.108477 0.175220 0.919091 0.170634 0.850697 
0.660972 0.962789 0.600436 0.530536 0.716806 
0.351492 0.519736 0.195300 0.402246 0.542190 
0.585823 0.925482 0.575273 0.610172 0.163349 
0.401382 0.022123 0.815926 0.261347 0.451769 
0.873782 0.658934 0.701034 0.284535 0.176587 
0.898830 0.634954 0.664094 0.426425 0.928676 
0.249578 0.650397 0.225286 0.382531 0.192640 
0.694213 0.637413 0.005653 0.009321 0.657530 
0.104742 0.404803 0.531513 0.134634 0.798871 
0.629213 0.178743 0.136665 0.926983 0.805844 
0.816210 0.044988 0.110175 0.714420 0.251218 
0.224653 0.737361 0.833954 0.269939 0.863425 
0.590644 0.949731 0.123027 0.719394 0.850366 
0.099320 0.264401 0.790325 0.987287 0.334883 
0.384911 0.204115 0.561552 0.997366 0.729547 
0.504496 0.068999 0.671365 0.631268 0.721637 
0.552992 0.135316 0.253858 0.597451 0.352521 
0.815753 0.366349 0.229321 0.198286 0.599185 
0.501614 0.624634 0.231915 0.803466 0.856545 
0.957807 0.857455 0.254398 0.675155 0.322997 
0.606098 0.691915 0.022021 0.112039 0.037952 
0.861468 0.694911 0.370910 0.877620 0.154094 
0.860213 0.599019 0.709885 0.043302 0.768646 
0.632208 0.520823 0.464370 0.666495 0.778974 
0.212821 0.889471 0.347041 0.716668 0.035340 
0.963637 0.845039 0.564904 0.340416 0.366303 
0.447670 0.993233 0.273236 0.278338 0.029565 
0.902140 0.269466 0.921813 0.908570 0.339166 
0.367911 0.484411 0.490019 0.751131 0.264577 
0.744912 0.738454 0.189302 0.606765 0.893281 
0.376697 0.139745 0.700865 0.445739 0.526996 
0.225153 0.141802 0.266205 0.112442 0.811393 
0.081746 0.899479 0.548685 0.741979 0.447330 
