5
1006
0.463431 0.686871 0.427762 0.535035 0.790749 
0.322783 0.440233 0.66895 0.833531 0.138741 
0.325175 0.510055 0.291843 0.237712 0.862224 
0.836615 0.185079 0.258864 0.482186 0.457676 
0.530946 0.128763 0.337387 0.5092410000000001 0.657438 
0.526135 0.040237 0.78647 0.504678 0.58279 
0.873545 0.522653 0.525358 0.116001 0.402632 
0.50138 0.160127 0.786608 0.479465 0.288614 
0.208824 0.398782 0.622682 0.590295 0.898745 
0.301941 0.749772 0.430731 0.818348 0.103059 
0.876185 0.330022 0.315049 0.853954 0.263488 
0.347997 0.287363 0.833788 0.262452 0.883849 
0.763496 0.85372 0.39739 0.296376 0.304537 
0.19427 0.361504 0.676998 0.705412 0.307867 
0.4701 0.216343 0.783471 0.841894 0.344652 
0.46387 0.298024 0.119979 0.719495 0.652397 
0.307262 0.891212 0.190665 0.772056 0.542831 
0.369022 0.941717 0.174792 0.696147 0.516496 
0.291562 0.454392 0.892375 0.679685 0.307341 
0.610779 0.511067 0.075082 0.6136779999999999 0.449769 
0.462642 0.525387 0.091665 0.87385 0.345957 
0.633526 0.464099 0.486135 0.913005 0.327151 
0.830196 0.343371 0.205012 0.5649110000000001 0.755599 
0.309209 0.762675 0.10458 0.686167 0.79984 
0.081135 0.6110910000000001 0.779303 0.247636 0.66584 
0.156393 0.745044 0.231027 0.5980839999999999 0.807789 
0.659213 0.438268 0.27179 0.78248 0.100757 
0.807688 0.607347 0.349045 0.38032 0.677535 
0.458254 0.372056 0.478506 0.112489 0.857696 
0.530224 0.771122 0.251418 0.144593 0.575847 
0.7415079999999999 0.661917 0.7328170000000001 0.494728 0.110007 
0.883514 0.488713 0.539964 0.392761 0.145305 
0.64131 0.133202 0.678299 0.243062 0.867201 
0.825697 0.739775 0.564458 0.411669 0.137677 
0.48309 0.19155 0.184083 0.690157 0.685437 
0.776375 0.157309 0.84097 0.3803 0.252192 
0.288926 0.249687 0.5267500000000001 0.353641 0.922493 
0.401775 0.821209 0.260383 0.685402 0.658687 
0.315497 0.721591 0.767123 0.6620740000000001 0.36189 
0.618106 0.70458 0.785598 0.479133 0.192936 
0.486797 0.711189 0.465795 0.490588 0.771835 
0.456797 0.381469 0.403707 0.62232 0.188128 
0.551994 0.806607 0.180492 0.903087 0.222716 
0.646728 0.750914 0.07441300000000001 0.71541 0.461683 
0.513023 0.705703 0.102498 0.610846 0.747041 
0.221673 0.630634 0.614738 0.824092 0.121991 
0.182655 0.6544410000000001 0.631278 0.8499100000000001 0.289066 
0.178681 0.478839 0.826202 0.54109 0.274862 
0.579013 0.6389359999999999 0.6876989999999999 0.45353 0.591346 
0.546297 0.851688 0.213233 0.571697 0.171379 
0.352118 0.765907 0.555117 0.05397 0.597201 
0.680024 0.512595 0.576341 0.811217 0.171419 
0.52977 0.459455 0.669778 0.197139 0.306956 
0.456886 0.291776 0.870178 0.181569 0.78793 
0.054302 0.517915 0.658524 0.557539 0.576922 
0.910312 0.448993 0.155494 0.5465950000000001 0.367804 
0.804208 0.401526 0.063386 0.758613 0.539129 
0.124719 0.672586 0.859797 0.376484 0.506336 
0.5210939999999999 0.398028 0.713101 0.321498 0.228502 
0.229816 0.269312 0.715997 0.369647 0.909505 
0.703284 0.146697 0.921588 0.307237 0.524573 
0.918681 0.356327 0.655447 0.448825 0.336736 
0.632805 0.61472 0.573897 0.595294 0.030232 
0.138691 0.768782 0.311188 0.347667 0.815614 
0.436884 0.693272 0.639367 0.587623 0.06252099999999999 
0.881673 0.375635 0.343737 0.265462 0.432124 
0.164099 0.768053 0.217893 0.5148779999999999 0.789901 
0.449083 0.898701 0.148167 0.30112 0.682951 
0.134894 0.338451 0.775421 0.323807 0.821991 
0.538744 0.656114 0.384357 0.090624 0.461544 
0.801975 0.457871 0.322316 0.554495 0.104203 
0.26755 0.558173 0.157053 0.474159 0.860518 
0.9108849999999999 0.59168 0.6608039999999999 0.30658 0.28483 
0.734579 0.141441 0.338859 0.848369 0.638679 
0.340092 0.829687 0.318737 0.844459 0.385637 
0.280604 0.389315 0.839491 0.15669 0.820361 
0.689376 0.32134 0.660029 0.110904 0.44318 
0.183815 0.339265 0.830115 0.432163 0.864718 
0.411465 0.710468 0.340927 0.092502 0.829303 
0.597059 0.897259 0.50844 0.33614 0.106727 
0.460209 0.954938 0.340567 0.557508 0.354179 
0.111936 0.358041 0.6323299999999999 0.528944 0.556102 
0.176682 0.831022 0.5215340000000001 0.191231 0.592014 
0.292238 0.307203 0.852513 0.334511 0.405411 
0.54044 0.383016 0.718309 0.313842 0.842266 
0.10822 0.401927 0.387043 0.576729 0.745428 
0.853472 0.6668190000000001 0.289792 0.676279 0.201507 
0.406043 0.58629 0.145438 0.5880300000000001 0.901379 
0.180515 0.543811 0.305163 0.871458 0.650013 
0.21121 0.247395 0.449766 0.520567 0.885422 
0.503813 0.706249 0.211741 0.905853 0.188806 
0.782782 0.098999 0.655911 0.6275849999999999 0.537439 
0.500257 0.455073 0.956894 0.316883 0.358211 
0.471896 0.838839 0.256218 0.838025 0.167726 
0.5457070000000001 0.734772 0.09093900000000001 0.875355 0.366862 
0.877593 0.387443 0.439904 0.169524 0.699831 
0.720594 0.420417 0.444459 0.788523 0.052345 
0.422982 0.7142579999999999 0.887634 0.241076 0.444162 
0.180222 0.468152 0.783914 0.664888 0.221965 
0.264257 0.257142 0.900989 0.371367 0.7870239999999999 
0.6769770000000001 0.057839 0.55785 0.705654 0.339372 
0.121322 0.461942 0.919073 0.56343 0.4214 
0.558045 0.795003 0.787206 0.278954 0.330225 
0.223985 0.649218 0.403939 0.919036 0.392189 
0.569566 0.128013 0.305261 0.868797 0.489212 
0.191591 0.5608030000000001 0.50045 0.642723 0.841963 
0.8963370000000001 0.390459 0.696993 0.341386 0.20395 
0.58474 0.144831 0.866343 0.376784 0.275364 
0.659026 0.2701 0.860426 0.270032 0.636788 
0.901847 0.271916 0.364808 0.338247 0.561147 
0.72139 0.285701 0.888512 0.489079 0.177434 
0.316007 0.526234 0.146732 0.891825 0.421438 
0.543023 0.718356 0.427438 0.229794 0.245161 
0.873212 0.578574 0.348031 0.301864 0.240941 
0.407671 0.9399690000000001 0.319674 0.486617 0.263399 
0.641455 0.682104 0.618637 0.27814 0.08379300000000001 
0.082177 0.592784 0.544529 0.577283 0.402428 
0.123876 0.430283 0.802565 0.797848 0.35063 
0.5108740000000001 0.08497499999999999 0.588174 0.676866 0.774655 
0.333576 0.811351 0.283789 0.69207 0.681549 
0.311452 0.6601 0.57409 0.401961 0.858409 
0.392223 0.204185 0.639051 0.494697 0.913947 
0.297075 0.402563 0.174112 0.501082 0.809909 
0.738857 0.38249 0.071286 0.6488159999999999 0.545822 
0.926197 0.436892 0.28722 0.740752 0.233575 
0.401836 0.94123 0.492473 0.144284 0.450543 
0.683986 0.117478 0.781371 0.783585 0.395346 
0.6830310000000001 0.378244 0.868497 0.452607 0.427271 
0.409284 0.726391 0.35515 0.114516 0.662473 
0.301903 0.806621 0.06715599999999999 0.75079 0.523438 
0.691024 0.418865 0.759029 0.088701 0.37847 
0.829752 0.285574 0.731916 0.625888 0.118129 
0.5115459999999999 0.887417 0.143707 0.338025 0.414012 
0.655617 0.105642 0.48184 0.471739 0.461525 
0.317382 0.817065 0.672136 0.141835 0.409528 
0.225789 0.735327 0.835208 0.551431 0.278101 
0.595659 0.715047 0.74651 0.493872 0.074382 
0.701709 0.13004 0.767763 0.335168 0.767548 
0.548865 0.868892 0.264404 0.268792 0.350939 
0.512648 0.868081 0.20311 0.8429179999999999 0.244157 
0.574177 0.511873 0.771788 0.250584 0.724035 
0.583205 0.270293 0.492242 0.886252 0.126919 
0.141382 0.588502 0.861892 0.610535 0.290153 
0.712952 0.046858 0.54409 0.6526960000000001 0.331201 
0.314973 0.790419 0.105071 0.616737 0.833221 
0.641087 0.232183 0.234506 0.8593730000000001 0.690259 
0.518361 0.630197 0.045416 0.538283 0.76696 
0.881874 0.574033 0.637888 0.369474 0.36369 
0.314001 0.9477640000000001 0.209742 0.281678 0.766212 
0.388282 0.615055 0.194613 0.660177 0.257689 
0.619455 0.70212 0.146009 0.19771 0.8213 
0.5336610000000001 0.50302 0.300309 0.946929 0.161965 
0.194656 0.569958 0.233432 0.5273099999999999 0.898494 
0.702722 0.430781 0.748586 0.707091 0.091304 
0.496431 0.7147210000000001 0.792268 0.504406 0.400341 
0.374597 0.603371 0.468562 0.754551 0.08505500000000001 
0.582613 0.528784 0.077477 0.425367 0.8089229999999999 
0.876062 0.461284 0.439752 0.255863 0.26799 
0.302854 0.842807 0.398481 0.805557 0.261245 
0.717386 0.470684 0.89528 0.202774 0.378203 
0.936872 0.184415 0.428423 0.63885 0.384913 
0.456818 0.442157 0.400807 0.559752 0.9322820000000001 
0.317785 0.673457 0.685876 0.689123 0.495061 
0.130724 0.827837 0.672195 0.459633 0.589104 
0.750159 0.811654 0.570732 0.350832 0.264201 
0.749237 0.84118 0.16634 0.412649 0.287759 
0.655385 0.18973 0.474805 0.418179 0.895584 
0.5422 0.858012 0.464525 0.090895 0.536443 
0.5651080000000001 0.575167 0.085714 0.372703 0.617029 
0.360145 0.604204 0.519106 0.368849 0.261949 
0.463868  0.313 0.274813 0.944181 0.434069 
0.868642 0.298837 0.460664 0.712964 0.467109 
0.852267 0.568576 0.704792 0.319753 0.373046 
0.846739 0.194485 0.223382 0.757876 0.594655 
0.472598 0.759852 0.56196 0.681903 0.404078 
0.53945 0.604894 0.291139 0.916092 0.460812 
0.143466 0.605715 0.683129 0.301746 0.8664539999999999 
0.535084 0.915779 0.501287 0.424243 0.217129 
0.205774 0.202238 0.638545 0.690156 0.5391899999999999 
0.5411589999999999 0.220963 0.587748 0.448982 0.901572 
0.315826 0.253475 0.283482 0.583381 0.736355 
0.305371 0.634061 0.883916 0.443411 0.242869 
0.122158 0.849535 0.533673 0.226485 0.820991 
0.866646 0.414406 0.263736 0.703993 0.543453 
0.195758 0.272612 0.60853 0.900409 0.618313 
0.758628 0.132167 0.694976 0.277358 0.78515 
0.254634 0.224592 0.8541339999999999 0.641974 0.543679 
0.496696 0.163201 0.427107 0.774026 0.34638 
0.719859 0.849939 0.189483 0.347587 0.430962 
0.266678 0.2726 0.852921 0.270009 0.592538 
0.816901 0.536071 0.688936 0.423715 0.426183 
0.916243 0.201973 0.385998 0.660635 0.535455 
0.6825830000000001 0.474959 0.35688 0.106709 0.7742250000000001 
0.831971 0.175064 0.696549 0.663783 0.441258 
0.80945 0.093807 0.560383 0.802883 0.217796 
0.306436 0.504186 0.275361 0.330821 0.9237069999999999 
0.266107 0.470676 0.675316 0.131692 0.911199 
0.125395 0.7638470000000001 0.291766 0.490205 0.7932129999999999 
0.444539 0.850186 0.193594 0.67236 0.150391 
0.776389 0.682793 0.572549 0.133704 0.199793 
0.942236 0.389556 0.491171 0.287805 0.3921 
0.480735 0.5283409999999999 0.610242 0.236289 0.890162 
0.173126 0.875059 0.418145 0.730395 0.464481 
0.253297 0.7465000000000001 0.342295 0.877777 0.297663 
0.166167 0.288074 0.750872 0.809107 0.465754 
0.623844 0.326555 0.881061 0.518494 0.13669 
0.445018 0.443099 0.277073 0.638054 0.916716 
0.533434 0.899742 0.346728 0.165305 0.61508 
0.710909 0.8805269999999999 0.409299 0.421336 0.131085 
0.200994 0.781899 0.797891 0.532823 0.488371 
0.323412 0.624849 0.231802 0.865572 0.295129 
0.162693 0.902501 0.184659 0.668385 0.613622 
0.726539 0.216367 0.900681 0.59766 0.222743 
0.544543 0.674576 0.806056 0.513431 0.341216 
0.820931 0.251252 0.256295 0.9033949999999999 0.242076 
0.45117 0.911559 0.377845 0.417601 0.572733 
0.210211 0.771871 0.267219 0.240424 0.873911 
0.768725 0.31028 0.611446 0.848349 0.242432 
0.341677 0.130477 0.676426 0.553736 0.796835 
0.415114 0.141452 0.656953 0.355174 0.900898 
0.523979 0.345876 0.5040559999999999 0.100042 0.851102 
0.917926 0.516908 0.48692 0.376145 0.201577 
0.60687 0.212918 0.95455 0.358069 0.314628 
0.474069 0.532618 0.82981 0.196757 0.280354 
0.756844 0.723234 0.07806299999999999 0.402055 0.669905 
0.303406 0.280168 0.814201 0.209725 0.655077 
0.590354 0.432536 0.882408 0.336802 0.536008 
0.268392 0.440209 0.943438 0.247804 0.599701 
0.627461 0.701917 0.450654 0.8002590000000001 0.113388 
0.351618 0.448598 0.92442 0.155162 0.650494 
0.134188 0.758134 0.595337 0.693347 0.233594 
0.246298 0.6064889999999999 0.425654 0.761379 0.709273 
0.21234 0.850236 0.1871 0.419489 0.761392 
0.115915 0.507394 0.369237 0.462654 0.719047 
0.33025 0.189836 0.625006 0.614197 0.400754 
0.678671 0.533304 0.615222 0.544703 0.030175 
0.41432 0.504063 0.520375 0.540763 0.122738 
0.828026 0.092364 0.492726 0.819872 0.383703 
0.269979 0.69994 0.52798 0.08752500000000001 0.850257 
0.279252 0.274498 0.935869 0.473143 0.423698 
0.682403 0.606258 0.312773 0.785411 0.066931 
0.523706 0.157979 0.362504 0.423923 0.900543 
0.254217 0.378438 0.580693 0.322829 0.524155 
0.114386 0.833526 0.444768 0.7750320000000001 0.457604 
0.77606 0.529725 0.332011 0.099962 0.584537 
0.890631 0.411482 0.563825 0.145498 0.34228 
0.816886 0.693955 0.617563 0.394915 0.345707 
0.329353 0.724627 0.684216 0.048449 0.576021 
0.666391 0.802433 0.351945 0.136501 0.5629960000000001 
0.606135 0.381178 0.730599 0.10258 0.454592 
0.194079 0.91334 0.543543 0.552863 0.263698 
0.8031239999999999 0.381938 0.234309 0.709362 0.653906 
0.217583 0.910257 0.290915 0.593476 0.396055 
0.167601 0.853016 0.248357 0.42466 0.627674 
0.605089 0.922349 0.369312 0.223155 0.487498 
0.255247 0.702999 0.632217 0.70294 0.521252 
0.465812 0.697147 0.218128 0.805157 0.142387 
0.787837 0.668782 0.097731 0.471032 0.657819 
0.86795 0.506887 0.295421 0.812192 0.102064 
0.367354 0.353047 0.8196290000000001 0.696979 0.163786 
0.139148 0.67362 0.500198 0.204029 0.840178 
0.926796 0.228534 0.276498 0.469452 0.497353 
0.852181 0.281243 0.68654 0.7285779999999999 0.170522 
0.599199 0.5041949999999999 0.803717 0.382609 0.07789 
0.489999 0.07897 0.4129 0.799163 0.569834 
0.20913 0.452131 0.563268 0.916167 0.432675 
0.597449 0.136401 0.514115 0.555401 0.36296 
0.82684 0.537137 0.214304 0.649819 0.557808 
0.688665 0.573996 0.829142 0.463091 0.137913 
0.794471 0.252425 0.825787 0.225678 0.331567 
0.170897 0.396563 0.295617 0.783769 0.767915 
0.365577 0.569459 0.094901 0.5024420000000001 0.847469 
0.441588 0.122766 0.722641 0.354271 0.63736 
0.134051 0.377631 0.565116 0.543889 0.885579 
0.163944 0.547397 0.637562 0.813153 0.208452 
0.49236 0.470415 0.670519 0.145138 0.370059 
0.342074 0.658455 0.61947 0.497687 0.752614 
0.478531 0.312226 0.333054 0.730511 0.8692569999999999 
0.429479 0.752317 0.414618 0.79605 0.081855 
0.082579 0.432827 0.750441 0.578547 0.454231 
0.892801 0.357226 0.34085 0.433002 0.255378 
0.5641119999999999 0.262415 0.309675 0.9613 0.523429 
0.701507 0.063388 0.549832 0.49581 0.638452 
0.08766400000000001 0.404303 0.719507 0.516628 0.521701 
0.454673 0.293278 0.815361 0.614179 0.141933 
0.315564 0.369838 0.826395 0.639209 0.642176 
0.530972 0.111242 0.509033 0.810763 0.35127 
0.123289 0.870079 0.308722 0.546658 0.497556 
0.592702 0.107041 0.374179 0.474136 0.636916 
0.441427 0.928626 0.414085 0.393899 0.196446 
0.19718 0.428265 0.890499 0.458951 0.397521 
0.348964 0.193314 0.9404670000000001 0.311005 0.646218 
0.216234 0.456508 0.282867 0.775267 0.820398 
0.702392 0.230104 0.456135 0.177124 0.785803 
0.85182 0.270579 0.285123 0.528151 0.743138 
0.581958 0.559117 0.188562 0.441465 0.911525 
0.153507 0.8401999999999999 0.664151 0.621555 0.387872 
0.426248 0.145232 0.638284 0.280976 0.834219 
0.351545 0.056315 0.654138 0.637908 0.676545 
0.174709 0.349077 0.8580140000000001 0.67907 0.592515 
0.5628840000000001 0.041675 0.646877 0.715178 0.459809 
0.424123 0.291124 0.361841 0.336715 0.7742830000000001 
0.652759 0.845932 0.606781 0.153882 0.287062 
0.260749 0.240042 0.58021 0.849648 0.726346 
0.499058 0.151244 0.640514 0.840653 0.599253 
0.501794 0.772004 0.618935 0.06687800000000001 0.625749 
0.5290589999999999 0.8843 0.546975 0.447376 0.340061 
0.767651 0.130861 0.673959 0.858336 0.196646 
0.430951 0.32694 0.876426 0.190267 0.774739 
0.441016 0.575339 0.652826 0.812233 0.329344 
0.768992 0.254691 0.607943 0.65961 0.059886 
0.134032 0.483677 0.386683 0.865889 0.483428 
0.871787 0.186915 0.600558 0.450962 0.208117 
0.157593 0.831408 0.5310510000000001 0.301229 0.864883 
0.07320699999999999 0.363609 0.551785 0.756341 0.615103 
0.832198 0.720591 0.282222 0.587768 0.151954 
0.927423 0.494762 0.464656 0.510087 0.179564 
0.630181 0.227405 0.485309 0.14853 0.68781 
0.531089 0.886006 0.31459 0.481036 0.605948 
0.702558 0.665342 0.6481980000000001 0.08278199999999999 0.289566 
0.414894 0.28725 0.480574 0.317405 0.9577870000000001 
0.057764 0.676763 0.506809 0.673951 0.711351 
0.54165 0.377169 0.864184 0.164846 0.313215 
0.499543 0.828552 0.491415 0.08479299999999999 0.440444 
0.601954 0.137952 0.766452 0.195379 0.5643899999999999 
0.424742 0.322658 0.24714 0.77464 0.362706 
0.541015 0.7605769999999999 0.347316 0.220912 0.834282 
0.448412 0.72788 0.453587 0.54962 0.072862 
0.751297 0.674075 0.378516 0.435855 0.075471 
0.5184569999999999 0.166115 0.852021 0.218608 0.796687 
0.318074 0.831515 0.564022 0.467873 0.667073 
0.677396 0.821749 0.441507 0.092386 0.307758 
0.785003 0.497306 0.323158 0.239487 0.36496 
0.762693 0.7861939999999999 0.505853 0.204309 0.447191 
0.784519 0.297562 0.08780399999999999 0.600091 0.589452 
0.701076 0.454999 0.882275 0.294035 0.143422 
0.853694 0.174053 0.488547 0.838035 0.231385 
0.360479 0.248138 0.32306 0.549054 0.637373 
0.299288 0.276944 0.781427 0.316367 0.946551 
0.523038 0.91694 0.167025 0.436679 0.436657 
0.606588 0.150021 0.732958 0.6723789999999999 0.666238 
0.559594 0.618415 0.377743 0.08808000000000001 0.598235 
0.497162 0.422509 0.259493 0.97058 0.447989 
0.194298 0.538235 0.354674 0.256577 0.8541339999999999 
0.314325 0.856599 0.759902 0.191659 0.462789 
0.8196639999999999 0.332793 0.484618 0.673881 0.075443 
0.491984 0.906802 0.147578 0.399583 0.485371 
0.379172 0.838627 0.07420300000000001 0.795669 0.5010250000000001 
0.346536 0.857662 0.671468 0.518528 0.419382 
0.872962 0.218641 0.797404 0.298741 0.419552 
0.759207 0.559548 0.701343 0.14873 0.242852 
0.656861 0.074306 0.793949 0.32586 0.753874 
0.416373 0.175396 0.693584 0.283525 0.9392470000000001 
0.586043 0.305091 0.925863 0.488032 0.171178 
0.861811 0.402938 0.767324 0.157697 0.478556 
0.716259 0.478751 0.462731 0.699211 0.031974 
0.202332 0.550692 0.5516990000000001 0.187551 0.909605 
0.954524 0.343797 0.261365 0.667513 0.326036 
0.9349499999999999 0.426605 0.471292 0.498157 0.208187 
0.234438 0.63193 0.254529 0.8946730000000001 0.479168 
0.246704 0.383615 0.826801 0.252258 0.917658 
0.26161 0.62127 0.414158 0.840962 0.208566 
0.153922 0.387131 0.403907 0.506163 0.882153 
0.072077 0.667199 0.682986 0.642144 0.411073 
0.572841 0.047796 0.715365 0.654571 0.56287 
0.711808 0.786346 0.26002 0.5700769999999999 0.10525 
0.37086 0.902576 0.472242 0.549822 0.51966 
0.371955 0.770814 0.208775 0.613706 0.797279 
0.6939959999999999 0.471188 0.861803 0.250045 0.159396 
0.17494 0.853563 0.41286 0.661575 0.629663 
0.877765 0.544251 0.172146 0.788503 0.228992 
0.71253 0.633973 0.102083 0.786075 0.395955 
0.561886 0.423954 0.520697 0.431729 0.161487 
0.456049 0.213039 0.289988 0.7963479999999999 0.794275 
0.751478 0.6380209999999999 0.803888 0.175385 0.322995 
0.068929 0.5684 0.739761 0.576268 0.499991 
0.817395 0.193531 0.211052 0.649644 0.38327 
0.787167 0.417135 0.32497 0.636814 0.688028 
0.5976 0.243424 0.730245 0.777626 0.089986 
0.536961 0.774072 0.6554140000000001 0.610999 0.17272 
0.486385 0.803877 0.610113 0.040566 0.569746 
0.367822 0.879105 0.6458970000000001 0.31156 0.263622 
0.454845 0.878309 0.077497 0.582266 0.48221 
0.7436700000000001 0.809522 0.196329 0.295397 0.529677 
0.217018 0.6450129999999999 0.63695 0.104714 0.631192 
0.186851 0.594312 0.866543 0.635469 0.48133 
0.421899 0.8232080000000001 0.708968 0.506333 0.174106 
0.43874 0.293547 0.594807 0.128489 0.894833 
0.169716 0.692905 0.239961 0.689348 0.379264 
0.627532 0.148755 0.80637 0.142024 0.815774 
0.803249 0.496878 0.126621 0.31239 0.618807 
0.49857 0.4835 0.421555 0.789282 0.06726500000000001 
0.203992 0.679959 0.086933 0.651967 0.690882 
0.294127 0.481101 0.620329 0.103906 0.858027 
0.649146 0.596368 0.253516 0.629807 0.750651 
0.559683 0.401544 0.633215 0.701221 0.680617 
0.5221749999999999 0.225413 0.200434 0.645536 0.855573 
0.704202 0.480843 0.078973 0.683111 0.6612710000000001 
0.689755 0.389141 0.57001 0.12153 0.428233 
0.242968 0.425809 0.596435 0.89476 0.256932 
0.149926 0.839475 0.146424 0.694919 0.470272 
0.713207 0.553994 0.7516659999999999 0.548479 0.084942 
0.908816 0.26706 0.335134 0.728272 0.225646 
0.268736 0.5545 0.677129 0.661367 0.687764 
0.582335 0.151864 0.887361 0.5359120000000001 0.208522 
0.673706 0.129514 0.57038 0.859034 0.216901 
0.511445 0.788531 0.134476 0.336532 0.434125 
0.177534 0.5683859999999999 0.862564 0.667228 0.281863 
0.19437 0.375524 0.911184 0.410203 0.683253 
0.905881 0.515536 0.476234 0.282093 0.247999 
0.157189 0.863984 0.357197 0.730851 0.301881 
0.6903280000000001 0.373737 0.786994 0.71743 0.118441 
0.321276 0.697742 0.221373 0.323476 0.913682 
0.46282 0.773744 0.821817 0.164763 0.361649 
0.765837 0.532138 0.236183 0.171576 0.668286 
0.118505 0.790496 0.181518 0.729895 0.5579769999999999 
0.764926 0.272256 0.655155 0.111313 0.567385 
0.699987 0.244176 0.87108 0.146699 0.465291 
0.628779 0.415232 0.200017 0.903267 0.558299 
0.158549 0.492233 0.8843220000000001 0.480311 0.67837 
0.617557 0.079537 0.764235 0.273049 0.6719889999999999 
0.251797 0.1934 0.488901 0.851735 0.526999 
0.493863 0.273599 0.947092 0.411262 0.313401 
0.721992 0.198463 0.189507 0.875739 0.468949 
0.192622 0.559208 0.647604 0.259152 0.919537 
0.702313 0.057738 0.6809190000000001 0.419807 0.43496 
0.421378 0.402718 0.619332 0.175971 0.935613 
0.646447 0.475632 0.267144 0.402516 0.301066 
0.646373 0.819444 0.556534 0.131687 0.252448 
0.906896 0.54157 0.452174 0.530965 0.163514 
0.383774 0.845533 0.129232 0.326217 0.856685 
0.518072 0.437758 0.5963349999999999 0.920303 0.152405 
0.847484 0.654896 0.225019 0.657527 0.154787 
0.394401 0.681279 0.111375 0.446325 0.581862 
0.348239 0.264913 0.863283 0.206456 0.787987 
0.191937 0.735924 0.636613 0.800719 0.340575 
0.877192 0.162035 0.669162 0.481042 0.474092 
0.796028 0.391786 0.734936 0.219349 0.130132 
0.385554 0.916007 0.248109 0.729351 0.242211 
0.678221 0.332351 0.725743 0.828249 0.32767 
0.721357 0.431424 0.493564 0.817397 0.410724 
0.732645 0.513164 0.511914 0.440294 0.708817 
0.247064 0.491015 0.877172 0.214025 0.734963 
0.546979 0.25297 0.319409 0.952825 0.583257 
0.350996 0.349818 0.845316 0.598861 0.178175 
0.05303 0.398426 0.691939 0.489833 0.858829 
0.606896 0.830145 0.405013 0.534701 0.078344 
0.602322 0.258479 0.167036 0.455905 0.862389 
0.408771 0.671469 0.104311 0.373989 0.696711 
0.092117 0.875129 0.291005 0.550428 0.619507 
0.357801 0.572999 0.500369 0.806028 0.09653 
0.766636 0.501467 0.17785 0.27583 0.541125 
0.919113 0.452117 0.184518 0.853283 0.148415 
0.695834 0.041755 0.6180290000000001 0.4624 0.531712 
0.062739 0.6713479999999999 0.666988 0.520097 0.549633 
0.184224 0.874911 0.726591 0.458077 0.537851 
0.513777 0.673275 0.810059 0.090404 0.491805 
0.526192 0.7975370000000001 0.666205 0.126946 0.597747 
0.593451 0.256137 0.284313 0.382192 0.8995109999999999 
0.125765 0.474519 0.380106 0.436473 0.789552 
0.102402 0.809365 0.425214 0.766348 0.400237 
0.319889 0.727657 0.538362 0.065951 0.864526 
0.573368 0.165796  0.665 0.125316 0.702789 
0.812267 0.493889 0.470511 0.796605 0.19239 
0.6828109999999999 0.642384 0.308796 0.11764 0.48343 
0.801683 0.07413699999999999 0.36731 0.765512 0.540138 
0.253923 0.541077 0.713997 0.122934 0.8001779999999999 
0.371902 0.716933 0.750785 0.405693 0.114964 
0.098912 0.631291 0.580264 0.7748 0.441286 
0.278529 0.624377 0.260672 0.923223 0.589748 
0.219464 0.82355 0.689195 0.285227 0.763039 
0.244855 0.5463750000000001 0.82938 0.531479 0.222019 
0.321958 0.772216 0.233274 0.44931 0.930719 
0.568706 0.497388 0.24956 0.749065 0.754262 
0.352322 0.446798 0.313606 0.318573 0.647612 
0.25137 0.632418 0.092005 0.683395 0.734935 
0.232811 0.832512 0.249422 0.331696 0.665333 
0.67772 0.154584 0.91391 0.355257 0.565848 
0.439777 0.795432 0.291532 0.862614 0.129796 
0.419997 0.8762760000000001 0.280823 0.757683 0.465992 
0.448174 0.108174 0.352334 0.884875 0.708232 
0.7694299999999999 0.405323 0.282749 0.188978 0.765693 
0.689854 0.7131729999999999 0.467512 0.716397 0.217685 
0.859764 0.112054 0.544478 0.804439 0.416657 
0.104409 0.363209 0.632625 0.786083 0.447653 
0.7538899999999999 0.249547 0.204978 0.347112 0.821447 
0.869381 0.115557 0.364301 0.52602 0.615501 
0.852486 0.249973 0.222078 0.804027 0.543054 
0.07836600000000001 0.455065 0.479906 0.41806 0.82326 
0.63787 0.8532650000000001 0.566255 0.478822 0.119921 
0.693379 0.319729 0.705062 0.286855 0.819246 
0.723868 0.445631 0.086156 0.65061 0.366629 
0.635988 0.780823 0.361542 0.187206 0.274614 
0.359903 0.932619 0.720444 0.198257 0.416204 
0.747229 0.326426 0.312152 0.320652 0.443198 
0.577932 0.253963 0.327142 0.414175 0.9203789999999999 
0.810279 0.223646 0.264502 0.294358 0.758667 
0.829684 0.243361 0.290347 0.7794180000000001 0.119792 
0.471938 0.455245 0.642086 0.810266 0.071344 
0.345269 0.169202 0.850975 0.474419 0.707028 
0.612442 0.064457 0.486098 0.745561 0.682132 
0.432416 0.238766 0.717558 0.239823 0.93397 
0.075653 0.763447 0.5490930000000001 0.62719 0.584079 
0.564037 0.7561290000000001 0.5447689999999999 0.176018 0.7346200000000001 
0.891983 0.293991 0.211502 0.80017 0.31136 
0.299594 0.519598 0.326494 0.727136 0.8560410000000001 
0.671515 0.769056 0.27432 0.866446 0.147627 
0.531494 0.441536 0.435888 0.473548 0.939509 
0.6976020000000001 0.649073 0.582168 0.073489 0.426288 
0.397097 0.720048 0.291462 0.219978 0.937912 
0.581999 0.378489 0.351282 0.872992 0.6559120000000001 
0.234356 0.580505 0.8290999999999999 0.337534 0.797242 
0.539849 0.906266 0.297392 0.380556 0.224565 
0.618291 0.341656 0.645057 0.519826 0.08652700000000001 
0.505782 0.240048 0.674055 0.857975 0.157429 
0.576129 0.328565 0.776066 0.710747 0.077378 
0.595675 0.457751 0.601696 0.905879 0.205813 
0.091335 0.761453 0.384061 0.783763 0.433057 
0.567865 0.091407 0.488908 0.440132 0.855661 
0.712978 0.195188 0.860026 0.599087 0.466844 
0.666427 0.568603 0.332568 0.888065 0.117375 
0.656839 0.460497 0.320323 0.920071 0.260044 
0.230398 0.240362 0.541868 0.404095 0.736382 
0.112186 0.321106 0.797222 0.681658 0.384404 
0.305041 0.498966 0.431595 0.140352 0.904501 
0.279196 0.122166 0.707747 0.65886 0.60655 
0.530848 0.31407 0.952719 0.425704 0.418926 
0.594426 0.267522 0.151034 0.485082 0.870298 
0.280516 0.284143 0.543596 0.90587 0.408777 
0.105556 0.677305 0.528625 0.705376 0.333625 
0.762101 0.071587 0.443107 0.683825 0.408801 
0.148386 0.711358 0.20508 0.736145 0.745862 
0.474717 0.649877 0.233838 0.535706 0.886248 
0.349483 0.8644309999999999 0.272412 0.488369 0.259316 
0.525532 0.502125 0.921849 0.348104 0.413631 
0.842197 0.330898 0.342342 0.224308 0.5514 
0.075387 0.756395 0.568306 0.431458 0.628047 
0.889033 0.478539 0.292647 0.715634 0.104874 
0.29076 0.382327 0.282854 0.396583 0.797617 
0.5572589999999999 0.401538 0.089488 0.838623 0.438577 
0.541178 0.442635 0.359994 0.274216 0.950507 
0.531363 0.437986 0.606371 0.070324 0.675628 
0.442372 0.908824 0.134563 0.68843 0.36671 
0.240136 0.885034 0.455035 0.748317 0.337388 
0.589395 0.692094 0.284377 0.142645 0.792815 
0.842229 0.64697 0.436755 0.679779 0.212123 
0.877204 0.112407 0.463706 0.41331 0.440115 
0.662937 0.243736 0.8443929999999999 0.100845 0.671399 
0.752101 0.442013 0.888212 0.41323 0.146034 
0.605526 0.51548 0.729699 0.170531 0.7776999999999999 
0.146384 0.762837 0.387075 0.420385 0.917266 
0.558872 0.666288 0.465957 0.808148 0.352673 
0.740702 0.259835 0.138418 0.578579 0.47249 
0.22265 0.946619 0.231566 0.5686369999999999 0.584018 
0.703657 0.401624 0.579685 0.057046 0.613347 
0.423597 0.527122 0.377864 0.934465 0.400689 
0.649213 0.487284 0.071879 0.460941 0.610921 
0.529456 0.39648 0.50746 0.940056 0.229613 
0.295054 0.373947 0.834704 0.175711 0.575856 
0.495171 0.8432500000000001 0.453902 0.09544999999999999 0.61512 
0.468528 0.926088 0.155186 0.50639 0.344123 
0.866933 0.195359 0.242527 0.481174 0.493978 
0.365301 0.6073229999999999 0.495947 0.102289 0.900757 
0.261754 0.585947 0.356986 0.875796 0.632996 
0.663375 0.268801 0.69362 0.111597 0.781192 
0.557548 0.890801 0.104955 0.5116540000000001 0.361398 
0.370386 0.47533 0.955138 0.451514 0.310888 
0.484504 0.224034 0.858105 0.740841 0.407576 
0.6812240000000001 0.116791 0.503531 0.465479 0.798161 
0.807736 0.534901 0.65183 0.348883 0.54771 
0.721804 0.643683 0.336482 0.36842 0.148606 
0.205453 0.395673 0.262805 0.6775640000000001 0.8529369999999999 
0.520628 0.486232 0.336142 0.173343 0.652151 
0.8837970000000001 0.526668 0.307694 0.416614 0.6362989999999999 
0.153622 0.624997 0.284158 0.478431 0.903184 
0.284799 0.6354379999999999 0.819086 0.131884 0.799129 
0.491681 0.200777 0.774003 0.78868 0.540239 
0.359067 0.48009 0.61832 0.187858 0.450315 
0.289399 0.553592 0.424663 0.530987 0.926034 
0.26253 0.716238 0.217946 0.614706 0.896518 
0.707885 0.883463 0.402238 0.33343 0.152108 
0.6113690000000001 0.379513 0.128577 0.504981 0.9176 
0.223365 0.813975 0.359604 0.691889 0.24805 
0.837394 0.746014 0.393664 0.380645 0.400145 
0.665484 0.39301 0.907426 0.49298 0.216851 
0.696814 0.644197 0.485319 0.482835 0.038101 
0.932471 0.515971 0.211863 0.599164 0.226687 
0.668345 0.892435 0.355535 0.421988 0.301192 
0.334588 0.457594 0.15527 0.750064 0.804574 
0.559957 0.426842 0.8940439999999999 0.399687 0.522773 
0.662033 0.459287 0.145745 0.745801 0.736787 
0.478694 0.598302 0.800739 0.613511 0.09969699999999999 
0.536693 0.299002 0.92783 0.560569 0.207418 
0.697982 0.092986 0.587431 0.335624 0.733086 
0.336993 0.88245 0.421686 0.171602 0.556273 
0.195042 0.876395 0.348942 0.439737 0.428451 
0.257727 0.459794 0.60693 0.415198 0.9516210000000001 
0.484677 0.483556 0.193794 0.266312 0.863263 
0.299205 0.271763 0.7650940000000001 0.529544 0.891954 
0.409596 0.84191 0.203231 0.798619 0.158978 
0.16565 0.26098 0.602591 0.601324 0.586237 
0.742656 0.523043 0.045276 0.5164800000000001 0.603612 
0.080917 0.423884 0.765103 0.751539 0.379291 
0.474482 0.12597 0.935673 0.492586 0.605636 
0.448914 0.490888 0.788097 0.552308 0.634892 
0.8131699999999999 0.611811 0.266869 0.214752 0.40385 
0.144479 0.623004 0.816177 0.490012 0.302636 
0.893963 0.420063 0.574554 0.39022 0.540564 
0.730066 0.621528 0.318093 0.581286 0.074014 
0.471615 0.317585 0.23648 0.630952 0.426992 
0.325213 0.255124 0.925773 0.4694 0.715212 
0.120838 0.622113 0.604701 0.795023 0.5405489999999999 
0.563428 0.627374 0.107043 0.742935 0.66517 
0.675357 0.304931 0.875068 0.131065 0.385851 
0.6461710000000001 0.181937 0.666793 0.447553 0.226963 
0.778068 0.294601 0.39907 0.89881 0.325891 
0.252807 0.203074 0.430604 0.785558 0.780966 
0.303482 0.826254 0.166896 0.409106 0.894298 
0.658327 0.656589 0.128846 0.223551 0.782115 
0.480506 0.173531 0.878262 0.247056 0.535395 
0.155866 0.496193 0.384693 0.795291 0.734948 
0.677134 0.200033 0.458781 0.939895 0.345441 
0.67076 0.609707 0.72683 0.268745 0.076907 
0.783247 0.300243 0.236612 0.885998 0.501492 
0.250877 0.624194 0.8970089999999999 0.242482 0.5108780000000001 
0.680512 0.663702 0.41602 0.745235 0.041592 
0.6902779999999999 0.644388 0.430222 0.105294 0.655817 
0.872234 0.272988 0.131115 0.5123799999999999 0.577198 
0.796252 0.34223 0.151097 0.861625 0.261021 
0.730978 0.536257 0.873508 0.270247 0.308729 
0.607984 0.383101 0.295026 0.944983 0.321891 
0.16581 0.793922 0.240158 0.663561 0.803132 
0.650984 0.124027 0.519801 0.714052 0.714445 
0.306549 0.679851 0.735165 0.442389 0.144791 
0.660346 0.31822 0.769282 0.333117 0.152021 
0.232348 0.851094 0.467268 0.447711 0.748213 
0.713031 0.54492 0.212381 0.208809 0.805734 
0.508859 0.385946 0.626063 0.799256 0.081374 
0.624456 0.28991 0.852556 0.738518 0.229636 
0.64206 0.786695 0.700526 0.250677 0.16946 
0.528612 0.083232 0.472352 0.700172 0.463881 
0.473719 0.765208 0.690114 0.302468 0.113695 
0.262934 0.476072 0.473421 0.752887 0.232244 
0.466812 0.734065 0.12564 0.342886 0.863883 
0.854544 0.125682 0.699296 0.503614 0.458974 
0.349467 0.9513 0.31377 0.663045 0.369678 
0.309037 0.92034 0.42148 0.335828 0.357906 
0.648963 0.679368 0.300975 0.890479 0.254802 
0.250159 0.671886 0.48036 0.225014 0.536278 
0.163973 0.911534 0.550796 0.449757 0.461381 
0.710906 0.06482 0.585182 0.809682 0.486783 
0.787409 0.623789 0.295315 0.162523 0.488554 
0.525332 0.793977 0.25589 0.562462 0.120838 
0.175516 0.45497 0.919669 0.431486 0.457978 
0.649223 0.698962 0.732151 0.522544 0.237621 
0.042967 0.700897 0.49209 0.655271 0.720654 
0.106387 0.663528 0.578376 0.322926 0.570169 
0.280965 0.672967 0.296798 0.324432 0.56596 
0.903718 0.363156 0.442336 0.552443 0.147221 
0.711238 0.614523 0.218856 0.558873 0.116836 
0.284825 0.721819 0.863743 0.280999 0.482596 
0.878349 0.470139 0.15555 0.39217 0.434334 
0.852222 0.08751399999999999 0.629111 0.332072 0.620611 
0.56173 0.88772 0.218708 0.641442 0.480569 
0.073379 0.575477 0.384849 0.48177 0.746584 
0.693918 0.177074 0.804101 0.765136 0.242601 
0.242873 0.203203 0.794388 0.624185 0.681964 
0.267314 0.48797 0.935481 0.506696 0.323389 
0.497901 0.378015 0.511344 0.592052 0.125098 
0.121543 0.726666 0.301477 0.406628 0.664674 
0.723751 0.58702 0.445454 0.06712799999999999 0.5536720000000001 
0.200126 0.287269 0.739882 0.828167 0.480836 
0.876645 0.208944 0.65617 0.615511 0.134964 
0.151804 0.392893 0.561026 0.693277 0.841549 
0.121543 0.860318 0.635296 0.398378 0.462652 
0.485203 0.190753 0.316094 0.933178 0.531598 
0.670434 0.083635 0.828573 0.376797 0.6879420000000001 
0.322868 0.355438 0.496999 0.810832 0.750839 
0.310097 0.514045 0.348783 0.17212 0.841876 
0.731612 0.170842 0.524587 0.175445 0.7491 
0.684841 0.499032 0.503154 0.057882 0.518351 
0.449591 0.471886 0.181886 0.7504999999999999 0.8315129999999999 
0.393349 0.406141 0.685875 0.57703 0.150747 
0.872295 0.370257 0.202612 0.367212 0.528746 
0.788551 0.458623 0.651265 0.574352 0.048034 
0.889011 0.513678 0.255805 0.768056 0.292566 
0.532765 0.89198 0.242082 0.496195 0.208264 
0.563785 0.424063 0.901661 0.176853 0.5655790000000001 
0.583259 0.822321 0.463107 0.540006 0.50398 
0.467194 0.649856 0.646494 0.173335 0.839862 
0.128813 0.370526 0.871354 0.271206 0.7941550000000001 
0.191115 0.933324 0.335562 0.510687 0.522802 
0.951806 0.415625 0.408816 0.473249 0.40435 
0.821746 0.812551 0.37661 0.501163 0.165734 
0.063974 0.484318 0.7113080000000001 0.299913 0.811501 
0.763868 0.203488 0.466465 0.165744 0.7165859999999999 
0.711495 0.334076 0.547436 0.259142 0.271891 
0.640217 0.429775 0.846336 0.122421 0.317195 
0.5838680000000001 0.248228 0.135404 0.566536 0.568704 
0.856923 0.518382 0.435243 0.589521 0.093636 
0.512242 0.758997 0.062471 0.669342 0.381678 
0.383252 0.1663 0.828039 0.522638 0.727298 
0.07012 0.766527 0.302183 0.539381 0.648702 
0.601762 0.238229 0.453584 0.613653 0.158118 
0.419974 0.634594 0.234125 0.164327 0.905953 
0.738629 0.181407 0.768332 0.339925 0.195328 
0.849523 0.193924 0.47792 0.377172 0.734723 
0.565549 0.271229 0.127283 0.683904 0.802272 
0.64263 0.712378 0.517489 0.121923 0.679509 
0.728899 0.856414 0.467896 0.253795 0.292759 
0.496828 0.508177 0.031864 0.793793 0.66347 
0.867607 0.388294 0.427663 0.393666 0.7170609999999999 
0.096292 0.534803 0.422413 0.715786 0.777158 
0.568148 0.346185 0.094165 0.814634 0.49896 
0.804419 0.164637 0.524766 0.26584 0.739907 
0.502529 0.835871 0.509811 0.621293 0.344361 
0.152024 0.877372 0.259957 0.741055 0.531985 
0.489534 0.728734 0.304385 0.117279 0.854065 
0.588085 0.272259 0.279043 0.944401 0.574116 
0.913054 0.123987 0.523558 0.48179 0.387992 
0.6629 0.871205 0.281204 0.6848340000000001 0.14057 
0.091061 0.6122610000000001 0.22797 0.795941 0.713943 
0.140211 0.718631 0.601324 0.793888 0.244379 
0.590654 0.417851 0.913794 0.131152 0.48229 
0.799674 0.332618 0.56706 0.8121080000000001 0.092518 
0.749391 0.11623 0.705214 0.809718 0.220516 
0.401362 0.15713 0.697669 0.878447 0.472681 
0.330251 0.5121830000000001 0.66185 0.182983 0.9347299999999999 
0.261718 0.944089 0.396396 0.53729 0.294978 
0.679814 0.141473 0.730599 0.553209 0.162175 
0.646346 0.612717 0.194656 0.88511 0.118865 
0.417784 0.388269 0.317245 0.303397 0.89747 
0.364643 0.903143 0.20218 0.623618 0.295594 
0.295704 0.320175 0.638742 0.844765 0.669427 
0.337965 0.21732 0.651783 0.742366 0.74944 
0.202522 0.530297 0.278925 0.900989 0.5012489999999999 
0.7410949999999999 0.552953 0.681643 0.212723 0.608559 
0.08292099999999999 0.728423 0.491774 0.575807 0.475146 
0.6873320000000001 0.571423 0.07764600000000001 0.783361 0.256717 
0.892261 0.222667 0.668926 0.659165 0.137844 
0.07034 0.5308040000000001 0.765561 0.596868 0.564159 
0.798234 0.059606 0.663662 0.493295 0.306951 
0.6689889999999999 0.077291 0.678875 0.272097 0.694695 
0.554242 0.8477980000000001 0.128934 0.780771 0.187346 
0.35325 0.358767 0.949797 0.595364 0.480614 
0.451148 0.198644 0.735359 0.72655 0.193465 
0.485362 0.09934999999999999 0.781821 0.741356 0.421973 
0.659114 0.885229 0.374653 0.214791 0.344008 
0.361841 0.690558 0.864615 0.200703 0.353607 
0.295967 0.8050310000000001 0.657899 0.189646 0.779891 
0.749024 0.42906 0.623201 0.162429 0.706623 
0.329389 0.160241 0.765254 0.7296899999999999 0.374704 
0.412616 0.169306 0.603781 0.664713 0.336643 
0.307644 0.773516 0.503087 0.860535 0.191234 
0.68694 0.45779 0.769001 0.258767 0.114997 
0.527353 0.6674870000000001 0.276312 0.8183510000000001 0.095516 
0.607342 0.779942 0.353898 0.103823 0.456444 
0.413939 0.710742 0.288237 0.293982 0.426315 
0.717327 0.087911 0.285644 0.703684 0.5252250000000001 
0.302851 0.073599 0.483195 0.778309 0.709221 
0.212823 0.696387 0.596853 0.602152 0.197272 
0.380265 0.197667 0.800961 0.444023 0.384869 
0.78306 0.572357 0.074712 0.696476 0.41497 
0.841455 0.153389 0.696066 0.224644 0.514961 
0.876798 0.186744 0.555041 0.366552 0.349721 
0.668743 0.253615 0.867763 0.191252 0.359156 
0.488318 0.8566240000000001 0.573515 0.604325 0.155224 
0.645247 0.691452 0.434932 0.705172 0.419155 
0.485869 0.576372 0.360495 0.641217 0.093832 
0.785793 0.213303 0.569672 0.433517 0.16693 
0.502258 0.146812 0.487665 0.630305 0.856747 
0.362897 0.275868 0.942914 0.151294 0.68441 
0.212461 0.447316 0.295169 0.710458 0.510121 
0.745317 0.546816 0.499124 0.096217 0.368033 
0.637726 0.334007 0.231579 0.888263 0.216957 
0.870417 0.667088 0.275178 0.235971 0.45824 
0.437863 0.678183 0.698285 0.197097 0.8140500000000001 
0.19653 0.300378 0.732804 0.228474 0.850083 
0.590637 0.878333 0.230867 0.359797 0.636398 
0.526403 0.603458 0.433952 0.182876 0.892827 
0.925079 0.266706 0.720011 0.215928 0.50224 
0.695561 0.782366 0.214997 0.758598 0.204253 
0.80646 0.41437 0.307499 0.234184 0.762138 
0.512528 0.5994159999999999 0.765938 0.650832 0.136572 
0.838881 0.25848 0.446129 0.765965 0.084632 
0.356917 0.792825 0.768775 0.552265 0.223413 
0.77841 0.229047 0.8892060000000001 0.327683 0.233317 
0.345966 0.705273 0.81226 0.127348 0.6718150000000001 
0.687621 0.253837 0.161975 0.6973510000000001 0.799506 
0.914303 0.400161 0.442706 0.657187 0.379363 
0.806478 0.07628600000000001 0.693303 0.577219 0.467545 
0.71064 0.736999 0.705607 0.305782 0.397856 
0.39571 0.9621499999999999 0.451926 0.48826 0.17752 
0.5053879999999999 0.132165 0.875508 0.702576 0.378613 
0.801904 0.792351 0.5112 0.332134 0.218599 
0.63956 0.63148 0.753184 0.080539 0.6044119999999999 
0.451221 0.272908 0.7155359999999999 0.8849900000000001 0.342759 
0.149774 0.656998 0.742994 0.74975 0.242453 
0.143007 0.285133 0.604336 0.535962 0.732129 
0.06476899999999999 0.55216 0.6973009999999999 0.610907 0.654752 
0.834773 0.203288 0.656321 0.491376 0.164916 
0.444177 0.515034 0.954906 0.246216 0.397265 
0.449565 0.268715 0.771254 0.872486 0.329302 
0.410704 0.742638 0.652637 0.696721 0.288344 
0.580838 0.886877 0.274708 0.618668 0.454392 
0.846946 0.193659 0.73791 0.475319 0.50039 
0.778556 0.058304 0.7008490000000001 0.379177 0.441513 
0.344039 0.43225 0.449171 0.945469 0.20274 
0.487016 0.07949000000000001 0.6137590000000001 0.417425 0.823225 
0.695232 0.228331 0.22796 0.633247 0.844878 
0.600873 0.371081 0.709765 0.06688 0.689263 
0.237491 0.773451 0.816371 0.308246 0.350208 
0.315689 0.147364 0.745404 0.480378 0.803113 
0.726899 0.548543 0.655794 0.206323 0.125257 
0.7005169999999999 0.400719 0.465233 0.147927 0.8559059999999999 
0.762418 0.06396499999999999 0.79281 0.57026 0.32638 
0.214205 0.439714 0.692816 0.144179 0.77305 
0.161404 0.887958 0.51274 0.359097 0.433244 
0.400991 0.70856 0.719662 0.246307 0.2396 
0.177091 0.316681 0.469286 0.910073 0.5543439999999999 
0.136847 0.458282 0.4015 0.760243 0.479984 
0.377716 0.164622 0.436542 0.5071290000000001 0.655146 
0.234138 0.791981 0.8201929999999999 0.457921 0.365106 
0.486807 0.096139 0.813794 0.587287 0.602251 
0.8335900000000001 0.339676 0.265339 0.877599 0.175792 
0.388036 0.416212 0.410652 0.932017 0.202244 
0.23863 0.366996 0.5192020000000001 0.8326210000000001 0.724004 
0.832547 0.521497 0.079015 0.378578 0.618146 
0.750076 0.046146 0.533332 0.622023 0.437559 
0.651598 0.326357 0.862787 0.134361 0.6003270000000001 
0.281683 0.52578 0.379759 0.413506 0.944069 
0.094264 0.710789 0.826562 0.473122 0.514954 
0.782477 0.483194 0.108308 0.470181 0.437513 
0.310098 0.799531 0.758548 0.123427 0.581834 
0.503312 0.642813 0.646084 0.306768 0.773546 
0.300901 0.664643 0.443285 0.360037 0.357498 
0.391166 0.758672 0.166963 0.278198 0.8942329999999999 
0.744731 0.165617 0.832243 0.469399 0.607499 
0.8928199999999999 0.70788 0.22327 0.35277 0.401754 
0.205742 0.677597 0.433083 0.4039 0.427211 
0.8518250000000001 0.248586 0.784784 0.635435 0.279384 
0.682163 0.35673 0.4963 0.158442 0.485123 
0.628327 0.278561 0.913367 0.579778 0.218379 
0.268032 0.266681 0.562407 0.6779849999999999 0.844553 
0.244521 0.273066 0.516647 0.916537 0.5265069999999999 
0.226094 0.257276 0.758691 0.391285 0.5300280000000001 
0.688061 0.225961 0.468834 0.393686 0.329771 
0.470975 0.31267 0.339457 0.771326 0.829364 
0.478885 0.886664 0.600884 0.332017 0.176727 
0.123831 0.816033 0.253253 0.484823 0.620581 
0.078497 0.697288 0.745696 0.386453 0.734156 
0.419257 0.616911 0.238807 0.446466 0.9527600000000001 
0.858425 0.306926 0.275711 0.76562 0.121042 
0.252867 0.571721 0.104546 0.637852 0.607938 
0.452995 0.084587 0.423774 0.8575660000000001 0.575346 
0.72041 0.159941 0.239302 0.495397 0.642161 
0.482194 0.25014 0.8030620000000001 0.830423 0.23092 
0.295133 0.64873 0.600363 0.163092 0.93359 
0.671907 0.501414 0.696535 0.6816680000000001 0.042805 
0.429384 0.500228 0.610155 0.5946090000000001 0.083053 
0.132996 0.419344 0.829224 0.480654 0.7894060000000001 
0.738066 0.356486 0.28925 0.538255 0.835319 
0.452139 0.86289 0.602216 0.1572 0.661393 
0.402808 0.758529 0.226939 0.8853799999999999 0.469095 
0.45324 0.685243 0.457228 0.068588 0.816191 
0.522886 0.08999500000000001 0.806883 0.662327 0.426825 
0.197611 0.799285 0.183131 0.826908 0.626659 
0.256484 0.673741 0.298229 0.201993 0.902515 
0.513615 0.650721 0.418035 0.894251 0.088603 
0.617745 0.486275 0.489392 0.7051230000000001 0.030298 
0.39294 0.509899 0.226825 0.931877 0.630838 
0.301394 0.162437 0.570916 0.436152 0.896822 
0.130125 0.429889 0.789198 0.82653 0.449743 
0.219636 0.861002 0.149199 0.665647 0.74944 
0.508441 0.880061 0.120368 0.497591 0.367401 
0.891945 0.406111 0.772153 0.301576 0.219608 
0.642995 0.513827 0.122283 0.290925 0.64336 
0.382956 0.155048 0.847962 0.220583 0.719388 
0.194556 0.509547 0.244112 0.660581 0.582983 
0.478593 0.258947 0.862274 0.114091 0.737236 
0.541168 0.648054 0.094041 0.665121 0.243467 
0.694516 0.075013 0.7186940000000001 0.424383 0.383369 
0.692597 0.566894 0.485191 0.276937 0.804596 
0.470758 0.87808 0.620169 0.135328 0.508979 
0.894037 0.371287 0.790559 0.327715 0.288758 
0.159235 0.5806480000000001 0.709024 0.175437 0.824767 
0.519849 0.7858810000000001 0.257639 0.346256 0.830356 
0.550385 0.239114 0.285847 0.507568 0.461921 
0.649773 0.797606 0.221779 0.165092 0.560553 
0.57718 0.547664 0.388138 0.102244 0.534283 
0.797889 0.779762 0.20579 0.291828 0.392206 
0.108272 0.852768 0.450561 0.70286 0.412555 
0.196064 0.7723989999999999 0.620768 0.170948 0.846862 
0.474968 0.21947 0.607288 0.899192 0.220958 
0.47898 0.867186 0.048709 0.705328 0.513947 
0.744035 0.423433 0.108172 0.819784 0.300716 
0.624749 0.721519 0.229249 0.153389 0.63306 
0.383464 0.790168 0.270793 0.17798 0.652205 
0.75492 0.582196 0.280142 0.282308 0.79957 
0.423014 0.697651 0.815241 0.447184 0.141077 
0.612134 0.373403 0.472265 0.938747 0.19324 
0.407578 0.632754 0.547806 0.218224 0.352417 
0.134783 0.256777 0.692149 0.818334 0.595622 
0.723154 0.364111 0.432312 0.899907 0.402199 
0.6499200000000001 0.164773 0.931069 0.431936 0.389613 
0.481508 0.6219 0.881412 0.330803 0.272214 
0.13986 0.648548 0.509993 0.397302 0.472429 
0.790274 0.698497 0.469795 0.582887 0.053099 
0.392167 0.454545 0.222811 0.8005989999999999 0.304587 
0.861067 0.175402 0.274348 0.571317 0.615917 
0.23609 0.948882 0.362551 0.5826440000000001 0.485096 
0.597351 0.795893 0.616335 0.096178 0.252984 
0.638476 0.214157 0.841368 0.201388 0.721446 
0.065479 0.63693 0.652342 0.509692 0.804859 
0.701057 0.14127 0.586218 0.231918 0.8350610000000001 
0.278319 0.792367 0.845606 0.25874 0.405045 
0.506831 0.756528 0.525687 0.691738 0.080862 
0.306714 0.396632 0.534156 0.422643 0.955913 
0.785874 0.295289 0.714139 0.424263 0.11493 
0.692527 0.26208 0.331585 0.769154 0.107093 
0.806693 0.30835 0.805867 0.586432 0.140881 
0.664469 0.823762 0.5086079999999999 0.479143 0.408024 
0.53355 0.513672 0.88641 0.579774 0.123188 
0.524217 0.310771 0.768414 0.158335 0.467374 
0.145177 0.483677 0.777552 0.804383 0.48207 
0.910668 0.126627 0.669586 0.295813 0.483923 
0.58674 0.431744 0.204786 0.282866 0.8666970000000001 
0.721305 0.626548 0.482702 0.310677 0.741901 
0.6406500000000001 0.173835 0.191108 0.516086 0.73671 
0.191112 0.922538 0.28088 0.375188 0.769652 
0.584404 0.5934120000000001 0.043431 0.702342 0.484755 
0.684557 0.715865 0.059004 0.5226420000000001 0.39138 
0.767823 0.661102 0.445993 0.087649 0.453223 
0.814149 0.247662 0.811002 0.250481 0.588051 
0.595405 0.395543 0.762122 0.517644 0.073785 
0.807245 0.592927 0.061248 0.613666 0.480047 
0.572165 0.537361 0.107357 0.779768 0.252184 
0.860317 0.315138 0.837352 0.329365 0.456668 
0.815843 0.784436 0.45235 0.356776 0.08445999999999999 
0.779566 0.303961 0.59011 0.826368 0.340752 
0.709682 0.639463 0.08945400000000001 0.781348 0.171331 
0.311429 0.903094 0.476162 0.413619 0.247971 
0.787283 0.322991 0.398776 0.216311 0.497088 
0.098885 0.650714 0.66694 0.57328 0.291152 
0.161355 0.847727 0.393483 0.24995 0.870094 
0.839818 0.746759 0.206703 0.356308 0.50763 
0.70318 0.123605 0.857176 0.596926 0.201872 
0.517302 0.461426 0.34602 0.102296 0.855673 
0.151891 0.7538280000000001 0.640317 0.325564 0.427665 
0.192519 0.829672 0.693632 0.256275 0.688578 
0.249492 0.271358 0.317687 0.862034 0.654516 
0.7246 0.305351 0.570622 0.621629 0.064137 
0.700933 0.179901 0.283427 0.872117 0.27785 
0.812001 0.449118 0.38668 0.673674 0.558814 
0.717318 0.192753 0.397563 0.871719 0.575232 
0.7979000000000001 0.644966 0.6708150000000001 0.112709 0.439942 
0.497731 0.283641 0.800849 0.756569 0.120124 
0.319359 0.501246 0.319242 0.954669 0.299518 
0.565563 0.6432099999999999 0.405766 0.212008 0.277717 
0.407121 0.759306 0.658972 0.583576 0.540639 
0.261331 0.408684 0.752936 0.578285 0.232403 
0.889423 0.124646 0.683862 0.651326 0.215828 
0.056896 0.49133 0.714523 0.560881 0.701863 
0.911732 0.405307 0.200241 0.593701 0.508538 
0.87416 0.66048 0.178615 0.421748 0.21143 
0.8132740000000001 0.466198 0.6840580000000001 0.106313 0.412636 
0.296203 0.300371 0.346673 0.9024529999999999 0.381225 
0.666622 0.616913 0.136154 0.493881 0.259536 
0.466794 0.452558 0.611466 0.640909 0.790787 
0.121374 0.651031 0.225966 0.653164 0.736012 
0.164385 0.710514 0.316759 0.579004 0.390423 
0.6173149999999999 0.66214 0.265784 0.747088 0.535646 
0.13994 0.45862 0.809957 0.348553 0.540027 
0.33907 0.961327 0.403902 0.271296 0.418971 
0.54949 0.293181 0.23851 0.83838 0.730074 
0.176503 0.331095 0.904844 0.675517 0.351881 
0.6021879999999999 0.111973 0.685221 0.757821 0.282162 
0.133431 0.897241 0.467025 0.51571 0.513042 
0.767593 0.19291 0.784969 0.7090880000000001 0.131133 
0.752847 0.538754 0.080608 0.604946 0.2708 
0.804433 0.439896 0.128498 0.608611 0.709921 
0.7653759999999999 0.466053 0.165918 0.408818 0.841378 
0.64553 0.247926 0.685495 0.105482 0.591187 
0.305106 0.491155 0.880344 0.251687 0.385559 
0.89753 0.494811 0.137442 0.528271 0.5688879999999999 
0.913167 0.258429 0.59222 0.517151 0.396585 
0.66396 0.49536 0.662798 0.756016 0.09775499999999999 
0.166666 0.8025369999999999 0.128051 0.690468 0.464652 
0.527414 0.570423 0.106867 0.391115 0.845357 
0.289388 0.25032 0.63919 0.200691 0.8536280000000001 
0.436234 0.458227 0.345135 0.88796 0.661652 
0.725704 0.105716 0.455209 0.726899 0.252189 
0.144575 0.580137 0.561191 0.668396 0.763915 
0.810259 0.455413 0.482917 0.773128 0.092124 
0.462942 0.732546 0.10822 0.357467 0.589444 
0.451786 0.307641 0.115701 0.850812 0.630671 
0.808368 0.498378 0.361481 0.84429 0.095278 
0.609334 0.37449 0.443445 0.602884 0.820776 
0.630202 0.8137799999999999 0.059747 0.45991 0.451452 
0.80366 0.382507 0.787821 0.41512 0.13002 
0.65167 0.388975 0.964085 0.196841 0.283427 
0.351467 0.7647929999999999 0.664405 0.682713 0.150822 
0.756794 0.377668 0.682913 0.259215 0.744225 
0.766033 0.103007 0.337001 0.814631 0.578682 
0.504337 0.531909 0.917141 0.164414 0.507148 
0.9214020000000001 0.380894 0.68876 0.31088 0.257637 
