5
183
0.452191 0.469348 0.804843 0.458871 0.320486 
0.615712 0.425284 0.235955 0.762362 0.467274 
0.787476 0.517346 0.491261 0.305402 0.322282 
0.32834 0.468547 0.343102 0.517696 0.822952 
0.475972 0.317602 0.389559 0.699441 0.564943 
0.373153 0.169934 0.599946 0.485918 0.765788 
0.530385 0.275327 0.642892 0.7349059999999999 0.413139 
0.367467 0.712721 0.537534 0.475439 0.678332 
0.420984 0.450492 0.75641 0.184101 0.516876 
0.626707 0.360141 0.582229 0.5360740000000001 0.673011 
0.391432 0.800465 0.493161 0.6345420000000001 0.385661 
0.660962 0.658907 0.228462 0.416522 0.469427 
0.686735 0.635065 0.624873 0.45779 0.4017 
0.542517 0.856192 0.347857 0.477311 0.371338 
0.755178 0.239227 0.422065 0.5776019999999999 0.513388 
0.194387 0.411077 0.685752 0.677177 0.44608 
0.355478 0.649779 0.671747 0.568137 0.423279 
0.25582 0.858194 0.380266 0.425875 0.620391 
0.402908 0.732194 0.444488 0.326516 0.409228 
0.302873 0.473887 0.608075 0.322277 0.756389 
0.265621 0.778269 0.501637 0.575424 0.288573 
0.538292 0.846227 0.348069 0.293217 0.482088 
0.702676 0.171629 0.624198 0.592047 0.417852 
0.618075 0.512332 0.569142 0.237599 0.39245 
0.463857 0.495116 0.710313 0.725257 0.20387 
0.332406 0.740903 0.49445 0.7191340000000001 0.215898 
0.366215 0.547874 0.329518 0.37949 0.761844 
0.536185 0.660225 0.107656 0.676718 0.499609 
0.546217 0.75206 0.293158 0.403206 0.351409 
0.242636 0.5386879999999999 0.447959 0.451194 0.8193240000000001 
0.585769 0.5431859999999999 0.699987 0.560829 0.440743 
0.471355 0.430803 0.399971 0.373207 0.866577 
0.687019 0.305351 0.796897 0.470835 0.278113 
0.702782 0.430278 0.659616 0.474896 0.153095 
0.74482 0.292908 0.685512 0.326224 0.420539 
0.419401 0.54691 0.489919 0.753209 0.17869 
0.374279 0.584267 0.5929140000000001 0.163416 0.730627 
0.474469 0.63325 0.403627 0.22922 0.761311 
0.166029 0.758528 0.378264 0.390195 0.7363229999999999 
0.139893 0.600853 0.641688 0.471472 0.666019 
0.7685689999999999 0.508499 0.629937 0.549838 0.168693 
0.329829 0.828673 0.412595 0.527408 0.368041 
0.523189 0.711324 0.290889 0.381587 0.406809 
0.535156 0.70222 0.450131 0.52057 0.222471 
0.329211 0.363218 0.6636570000000001 0.607217 0.40293 
0.753342 0.551395 0.27123 0.510752 0.395876 
0.564394 0.675059 0.256719 0.268261 0.704331 
0.48315 0.70597 0.275939 0.544385 0.343969 
0.56329 0.742139 0.409914 0.613942 0.228057 
0.6369050000000001 0.402487 0.340548 0.409739 0.82034 
0.555903 0.536744 0.350669 0.582474 0.695945 
0.6440709999999999 0.311237 0.677337 0.416702 0.617027 
0.539239 0.62991 0.442364 0.230437 0.401705 
0.249717 0.621229 0.7514690000000001 0.506413 0.456975 
0.567986 0.696347 0.241915 0.333343 0.752548 
0.457521 0.377886 0.71429 0.322465 0.432721 
0.685248 0.41746 0.423609 0.484785 0.254113 
0.377183 0.719678 0.689379 0.385012 0.560763 
0.636331 0.458934 0.333048 0.645346 0.628263 
0.651724 0.317153 0.673729 0.254174 0.699709 
0.312128 0.613884 0.356609 0.343156 0.794735 
0.505232 0.21891 0.5284799999999999 0.5393559999999999 0.563142 
0.511265 0.608572 0.394203 0.425467 0.789355 
0.265494 0.801748 0.291749 0.730261 0.325394 
0.5105769999999999 0.536054 0.523008 0.779415 0.305543 
0.46109 0.887808 0.427817 0.248451 0.5036350000000001 
0.412387 0.428855 0.374264 0.6476 0.368836 
0.314624 0.408954 0.516104 0.387932 0.800925 
0.663154 0.566074 0.264496 0.259161 0.769787 
0.768963 0.402176 0.25314 0.425916 0.61053 
0.163869 0.784749 0.300543 0.516882 0.622225 
0.507718 0.5079979999999999 0.7951549999999999 0.510796 0.35117 
0.350045 0.436417 0.55388 0.759996 0.316397 
0.744098 0.274177 0.507168 0.7240799999999999 0.40913 
0.323759 0.310583 0.55689 0.465963 0.825875 
0.330419 0.47566 0.799665 0.348956 0.494925 
0.293869 0.728788 0.631616 0.413141 0.297816 
0.452473 0.512343 0.635639 0.202004 0.748726 
0.828715 0.377127 0.365687 0.648529 0.285662 
0.416414 0.420401 0.485133 0.869557 0.488592 
0.697055 0.550534 0.242027 0.379671 0.61263 
0.601787 0.572393 0.702761 0.189176 0.463616 
0.463755 0.343114 0.570698 0.853608 0.458653 
0.725823 0.200138 0.529964 0.398311 0.534389 
0.749342 0.577524 0.380572 0.40063 0.280236 
0.625519 0.433285 0.492678 0.409719 0.303579 
0.580768 0.390702 0.455868 0.249658 0.727451 
0.802272 0.382952 0.597997 0.389929 0.336856 
0.415888 0.496331 0.6516110000000001 0.473819 0.261466 
0.367212 0.349362 0.821347 0.371154 0.447202 
0.638808 0.406833 0.275347 0.698276 0.294725 
0.635875 0.406634 0.495559 0.658743 0.574067 
0.7225510000000001 0.389332 0.401843 0.470173 0.680439 
0.605231 0.430811 0.725472 0.298708 0.639574 
0.592016 0.471674 0.367552 0.250763 0.6072 
0.441119 0.371482 0.830973 0.562548 0.467972 
0.343419 0.440046 0.696892 0.250236 0.606097 
0.8354 0.305739 0.652764 0.433139 0.480239 
0.523563 0.222663 0.782779 0.304004 0.5326419999999999 
0.292796 0.76251 0.46757 0.211612 0.661025 
0.5209 0.172185 0.740741 0.406714 0.6188090000000001 
0.584293 0.284135 0.573447 0.262916 0.83727 
0.651105 0.207879 0.431431 0.536859 0.553067 
0.431613 0.328413 0.747339 0.457567 0.64434 
0.326904 0.446909 0.356352 0.582975 0.60875 
0.305338 0.601447 0.372348 0.756016 0.311219 
0.602731 0.541785 0.70701 0.598958 0.17679 
0.302333 0.431983 0.776927 0.628804 0.368713 
0.386828 0.243823 0.786227 0.391585 0.608447 
0.437061 0.550871 0.25994 0.384841 0.62231 
0.6619390000000001 0.280456 0.412144 0.395322 0.561442 
0.79048 0.50421 0.325017 0.481545 0.596816 
0.496478 0.378358 0.514792 0.5164339999999999 0.819983 
0.428362 0.612087 0.401196 0.585553 0.261436 
0.42707 0.635815 0.300817 0.372174 0.891236 
0.338823 0.775766 0.162929 0.462947 0.646947 
0.69538 0.405351 0.722353 0.554063 0.167084 
0.328675 0.69525 0.576278 0.161972 0.553785 
0.73499 0.578753 0.403618 0.326028 0.371623 
0.243005 0.46172 0.527253 0.483167 0.752292 
0.7867420000000001 0.467342 0.488016 0.225744 0.494882 
0.52629 0.314463 0.484468 0.766124 0.392999 
0.135744 0.7944329999999999 0.453587 0.473762 0.665123 
0.746491 0.384158 0.410725 0.690822 0.299791 
0.51542 0.675376 0.71535 0.418693 0.416645 
0.214961 0.557129 0.551796 0.772397 0.48845 
0.473693 0.331436 0.440145 0.426758 0.821258 
0.795485 0.640338 0.451103 0.422325 0.292222 
0.41485 0.585827 0.282084 0.394404 0.578542 
0.401324 0.728428 0.26359 0.439551 0.796171 
0.349681 0.510694 0.498105 0.33943 0.888593 
0.443593 0.489446 0.401197 0.736997 0.603486 
0.303619 0.401393 0.47012 0.462922 0.768392 
0.326446 0.21964 0.63381 0.472777 0.683901 
0.304084 0.600057 0.369801 0.559432 0.76104 
0.635043 0.693577 0.446819 0.344133 0.256203 
0.474621 0.434817 0.203977 0.7036480000000001 0.6811469999999999 
0.641777 0.549329 0.251339 0.7572680000000001 0.242183 
0.782196 0.335867 0.563588 0.5243910000000001 0.5378039999999999 
0.703855 0.771813 0.302208 0.50103 0.388139 
0.746826 0.427885 0.436023 0.396226 0.3682 
0.657955 0.632361 0.342188 0.544153 0.575399 
0.5658300000000001 0.52329 0.17211 0.47242 0.5756559999999999 
0.584905 0.6696569999999999 0.251373 0.648017 0.290591 
0.669557 0.64528 0.275085 0.371809 0.495212 
0.316385 0.318315 0.714666 0.465534 0.66342 
0.608536 0.538579 0.458637 0.736691 0.453052 
0.358308 0.393892 0.779286 0.278941 0.629981 
0.778705 0.517324 0.620748 0.311402 0.351785 
0.485792 0.759016 0.354316 0.577441 0.223244 
0.351606 0.514777 0.738916 0.231886 0.470271 
0.735634 0.64808 0.52007 0.273621 0.548585 
0.416704 0.821616 0.321719 0.289734 0.718043 
0.784894 0.579815 0.435183 0.457539 0.468193 
0.332828 0.576698 0.277007 0.816654 0.48125 
0.637791 0.317294 0.268789 0.6359669999999999 0.465102 
0.511525 0.850465 0.321853 0.452069 0.417105 
0.194232 0.645355 0.304607 0.548528 0.5767330000000001 
0.397719 0.5720420000000001 0.657291 0.6329 0.4585 
0.700332 0.443274 0.425557 0.423456 0.724013 
0.129233 0.614389 0.628932 0.483015 0.57074 
0.276319 0.712937 0.684628 0.286183 0.629204 
0.458973 0.207513 0.631128 0.587161 0.727972 
0.423872 0.570028 0.343176 0.82098 0.200416 
0.582363 0.570679 0.278013 0.622528 0.296491 
0.638927 0.346631 0.818418 0.416435 0.311727 
0.208442 0.773279 0.586511 0.434292 0.461249 
0.271772 0.685344 0.296714 0.6525030000000001 0.6148940000000001 
0.381979 0.647652 0.669947 0.530417 0.236114 
0.657042 0.237538 0.592938 0.299676 0.558666 
0.557235 0.241819 0.57006 0.575797 0.377727 
0.5239780000000001 0.336943 0.730863 0.657457 0.389599 
0.31775 0.431264 0.371593 0.510822 0.779708 
0.536488 0.417668 0.365523 0.280545 0.8752220000000001 
0.69074 0.50805 0.492883 0.32322 0.677756 
0.142031 0.546932 0.574381 0.539475 0.432518 
0.33096 0.577861 0.342133 0.86646 0.341262 
0.363761 0.537988 0.268981 0.840344 0.302562 
0.6070759999999999 0.391773 0.765864 0.302232 0.216546 
0.151887 0.692758 0.384991 0.5551779999999999 0.704027 
0.251024 0.432751 0.521347 0.598421 0.65346 
0.250989 0.447786 0.802525 0.471354 0.43894 
0.294777 0.526429 0.796351 0.5260359999999999 0.574294 
