5
53
0.6767300000000001 0.493445 0.251339 0.471314 0.644512 
0.532081 0.618323 0.62353 0.343503 0.57221 
0.306203 0.579663 0.5409389999999999 0.526985 0.380596 
0.654758 0.358467 0.579291 0.300147 0.661591 
0.489152 0.637386 0.400045 0.621664 0.587728 
0.348239 0.544457 0.344852 0.573058 0.645466 
0.666538 0.405636 0.5474329999999999 0.334058 0.366614 
0.685086 0.540177 0.42312 0.295736 0.457301 
0.454013 0.466312 0.479963 0.66274 0.644473 
0.365947 0.43699 0.383221 0.401928 0.75558 
0.6046550000000001 0.376893 0.608718 0.614852 0.426043 
0.598673 0.456103 0.488132 0.624422 0.201408 
0.349811 0.747817 0.538724 0.551305 0.396718 
0.440625 0.217715 0.661392 0.640451 0.5408579999999999 
0.512356 0.390624 0.223672 0.529617 0.669104 
0.440011 0.321418 0.702032 0.652259 0.475393 
0.650367 0.264673 0.498984 0.442405 0.521089 
0.345095 0.588656 0.375956 0.763379 0.387166 
0.380766 0.6523870000000001 0.291176 0.555871 0.5354989999999999 
0.656952 0.645016 0.305004 0.626398 0.43744 
0.524624 0.355415 0.50291 0.5353560000000001 0.365984 
0.637815 0.287397 0.598422 0.516225 0.514198 
0.5329120000000001 0.287824 0.470269 0.56208 0.696257 
0.255521 0.747275 0.509971 0.509257 0.468841 
0.516201 0.607268 0.725894 0.432071 0.34808 
0.400333 0.494614 0.570706 0.272519 0.601239 
0.253368 0.56159 0.555003 0.740141 0.34339 
0.268675 0.51655 0.499127 0.57476 0.533975 
0.530021 0.507372 0.326842 0.51056 0.7070109999999999 
0.401395 0.562092 0.334369 0.514711 0.508274 
0.777598 0.392889 0.554704 0.362921 0.448282 
0.336587 0.488979 0.773555 0.36061 0.5629110000000001 
0.155462 0.610616 0.646632 0.437542 0.696228 
0.587885 0.29417 0.423587 0.716124 0.55854 
0.676334 0.412685 0.617382 0.265178 0.54237 
0.564711 0.419995 0.573728 0.283589 0.465206 
0.323413 0.704955 0.580182 0.413637 0.440112 
0.641475 0.698125 0.438997 0.558241 0.406065 
0.688051 0.465516 0.31589 0.61575 0.480543 
0.498683 0.565488  0.478 0.601265 0.60665 
0.534784 0.549261 0.178295 0.562397 0.656247 
0.318656 0.6532790000000001 0.436718 0.463291 0.680654 
0.359572 0.618993 0.605635 0.345306 0.486828 
0.471732 0.776115 0.355547 0.384425 0.571734 
0.577395 0.376512 0.74781 0.508475 0.393251 
0.539564 0.496078 0.436082 0.728186 0.497269 
0.338898 0.7007949999999999 0.415846 0.633714 0.423036 
0.564017 0.633512 0.5970259999999999 0.270177 0.495415 
0.668419 0.374743 0.499147 0.411128 0.356496 
0.531618 0.541833 0.486594 0.599654 0.258276 
0.436166 0.778054 0.367518 0.403495 0.612287 
0.385788 0.435273 0.674339 0.406579 0.672135 
0.611931 0.447527 0.631051 0.63034 0.422432 
