5
63
5.656600000000000517e-01 4.083579999999999988e-01 3.558230000000000004e-01 4.894490000000000229e-01 6.174790000000000001e-01
3.261379999999999835e-01 7.130959999999999521e-01 5.351460000000000106e-01 4.981110000000000260e-01 4.615070000000000006e-01
6.767300000000000537e-01 4.934450000000000225e-01 2.513389999999999791e-01 4.713140000000000107e-01 6.445119999999999738e-01
5.320810000000000262e-01 6.183229999999999560e-01 6.235300000000000287e-01 3.435030000000000028e-01 5.722099999999999964e-01
3.062030000000000030e-01 5.796630000000000393e-01 5.409389999999999477e-01 5.269850000000000367e-01 3.805959999999999899e-01
6.547579999999999512e-01 3.584669999999999801e-01 5.792910000000000004e-01 3.001469999999999971e-01 6.615910000000000402e-01
4.891519999999999757e-01 6.373860000000000081e-01 4.000449999999999839e-01 6.216639999999999944e-01 5.877280000000000282e-01
3.482390000000000208e-01 5.444569999999999688e-01 3.448519999999999919e-01 5.730579999999999563e-01 6.454659999999999842e-01
6.665379999999999638e-01 4.056359999999999966e-01 5.474329999999999474e-01 3.340580000000000216e-01 3.666139999999999954e-01
6.850859999999999728e-01 5.401770000000000183e-01 4.231199999999999961e-01 2.957359999999999989e-01 4.573010000000000130e-01
4.540129999999999999e-01 4.663120000000000043e-01 4.799629999999999730e-01 6.627399999999999958e-01 6.444729999999999626e-01
3.659470000000000223e-01 4.369899999999999896e-01 3.832209999999999783e-01 4.019280000000000075e-01 7.555800000000000294e-01
6.046550000000000535e-01 3.768929999999999780e-01 6.087179999999999813e-01 6.148519999999999541e-01 4.260430000000000050e-01
5.986730000000000107e-01 4.561029999999999807e-01 4.881320000000000103e-01 6.244220000000000326e-01 2.014080000000000037e-01
6.317009999999999570e-01 3.988979999999999748e-01 5.651789999999999869e-01 4.132230000000000070e-01 5.932279999999999776e-01
3.498109999999999831e-01 7.478169999999999540e-01 5.387239999999999807e-01 5.513050000000000450e-01 3.967180000000000151e-01
5.742340000000000222e-01 3.711590000000000167e-01 5.133440000000000225e-01 5.104959999999999498e-01 6.314659999999999718e-01
4.406249999999999889e-01 2.177149999999999919e-01 6.613919999999999799e-01 6.404509999999999925e-01 5.408579999999999499e-01
5.123560000000000336e-01 3.906240000000000268e-01 2.236720000000000097e-01 5.296170000000000044e-01 6.691040000000000321e-01
4.400109999999999855e-01 3.214179999999999815e-01 7.020319999999999894e-01 6.522590000000000332e-01 4.753930000000000100e-01
6.503670000000000284e-01 2.646729999999999916e-01 4.989839999999999831e-01 4.424049999999999927e-01 5.210890000000000244e-01
3.450949999999999851e-01 5.886559999999999571e-01 3.759560000000000124e-01 7.633790000000000298e-01 3.871660000000000101e-01
3.807659999999999934e-01 6.523870000000000502e-01 2.911759999999999904e-01 5.558710000000000040e-01 5.354989999999999473e-01
6.569519999999999804e-01 6.450160000000000338e-01 3.050039999999999973e-01 6.263980000000000103e-01 4.374399999999999955e-01
5.246239999999999792e-01 3.554149999999999809e-01 5.029099999999999682e-01 5.353560000000000541e-01 3.659839999999999760e-01
6.378150000000000208e-01 2.873970000000000136e-01 5.984220000000000095e-01 5.162250000000000449e-01 5.141980000000000439e-01
5.329120000000000523e-01 2.878240000000000243e-01 4.702689999999999926e-01 5.620800000000000241e-01 6.962570000000000148e-01
2.555209999999999981e-01 7.472750000000000226e-01 5.099709999999999521e-01 5.092569999999999597e-01 4.688410000000000077e-01
5.162010000000000209e-01 6.072680000000000300e-01 7.258940000000000392e-01 4.320709999999999829e-01 3.480800000000000005e-01
4.003329999999999944e-01 4.946139999999999981e-01 5.707060000000000466e-01 2.725190000000000112e-01 6.012389999999999679e-01
2.533679999999999821e-01 5.615900000000000336e-01 5.550030000000000241e-01 7.401410000000000489e-01 3.433899999999999730e-01
2.686749999999999972e-01 5.165499999999999536e-01 4.991269999999999873e-01 5.747600000000000486e-01 5.339749999999999774e-01
5.047490000000000032e-01 4.532030000000000225e-01 6.315720000000000223e-01 3.245100000000000207e-01 6.089710000000000401e-01
5.300209999999999644e-01 5.073720000000000452e-01 3.268420000000000214e-01 5.105600000000000138e-01 7.070109999999999451e-01
4.569699999999999873e-01 5.436619999999999786e-01 4.967429999999999901e-01 4.633709999999999773e-01 3.916830000000000034e-01
3.852070000000000216e-01 5.474520000000000497e-01 5.250329999999999719e-01 3.913260000000000072e-01 5.592359999999999554e-01
4.013950000000000018e-01 5.620920000000000361e-01 3.343690000000000273e-01 5.147110000000000296e-01 5.082740000000000036e-01
7.775980000000000114e-01 3.928889999999999882e-01 5.547039999999999749e-01 3.629209999999999936e-01 4.482820000000000138e-01
3.365870000000000251e-01 4.889789999999999970e-01 7.735549999999999926e-01 3.606099999999999861e-01 5.629110000000000502e-01
1.554619999999999891e-01 6.106160000000000476e-01 6.466319999999999846e-01 4.375419999999999865e-01 6.962279999999999580e-01
5.878849999999999909e-01 2.941699999999999871e-01 4.235869999999999913e-01 7.161239999999999828e-01 5.585400000000000365e-01
6.763339999999999907e-01 4.126850000000000240e-01 6.173819999999999864e-01 2.651780000000000248e-01 5.423700000000000188e-01
5.647109999999999630e-01 4.199950000000000072e-01 5.737280000000000157e-01 2.835889999999999800e-01 4.652060000000000084e-01
3.234130000000000060e-01 7.049549999999999983e-01 5.801819999999999755e-01 4.136369999999999769e-01 4.401120000000000032e-01
6.414750000000000174e-01 6.981249999999999956e-01 4.389970000000000261e-01 5.582409999999999872e-01 4.060650000000000093e-01
4.579050000000000065e-01 3.890089999999999937e-01 7.064350000000000351e-01 4.638619999999999965e-01 4.901590000000000114e-01
6.880509999999999682e-01 4.655159999999999854e-01 3.158900000000000041e-01 6.157500000000000195e-01 4.805429999999999979e-01
4.986829999999999874e-01 5.654879999999999907e-01 4.779999999999999805e-01 6.012650000000000494e-01 6.066500000000000226e-01
5.642519999999999758e-01 4.366110000000000269e-01 6.447009999999999685e-01 4.402889999999999859e-01 5.322480000000000544e-01
5.347840000000000371e-01 5.492609999999999992e-01 1.782950000000000090e-01 5.623970000000000358e-01 6.562470000000000248e-01
3.186559999999999948e-01 6.532790000000000541e-01 4.367179999999999951e-01 4.632910000000000084e-01 6.806539999999999813e-01
3.595720000000000027e-01 6.189930000000000154e-01 6.056350000000000344e-01 3.453060000000000018e-01 4.868279999999999830e-01
4.717319999999999847e-01 7.761149999999999993e-01 3.555470000000000019e-01 3.844250000000000167e-01 5.717339999999999645e-01
5.773949999999999916e-01 3.765120000000000133e-01 7.478099999999999747e-01 5.084750000000000103e-01 3.932510000000000172e-01
5.395640000000000436e-01 4.960780000000000189e-01 4.360820000000000252e-01 7.281859999999999999e-01 4.972690000000000166e-01
3.388979999999999770e-01 7.007949999999999458e-01 4.158459999999999934e-01 6.337139999999999995e-01 4.230360000000000231e-01
5.640169999999999906e-01 6.335119999999999640e-01 5.970259999999999456e-01 2.701770000000000005e-01 4.954149999999999943e-01
6.684189999999999854e-01 3.747429999999999928e-01 4.991470000000000073e-01 4.111279999999999935e-01 3.564959999999999796e-01
5.316180000000000350e-01 5.418330000000000091e-01 4.865940000000000265e-01 5.996540000000000203e-01 2.582760000000000056e-01
4.361659999999999981e-01 7.780540000000000234e-01 3.675180000000000113e-01 4.034949999999999926e-01 6.122870000000000257e-01
3.857880000000000198e-01 4.352730000000000210e-01 6.743390000000000217e-01 4.065790000000000237e-01 6.721350000000000380e-01
6.119310000000000027e-01 4.475270000000000081e-01 6.310510000000000286e-01 6.303400000000000114e-01 4.224319999999999742e-01
5.871499999999999497e-01 3.285460000000000047e-01 5.709250000000000158e-01 4.805349999999999899e-01 4.863199999999999745e-01
