5
738
0.267027 0.07109500000000001 0.626134 0.901745 0.526355 
0.682559 0.100205 0.819806 0.09298099999999999 0.531077 
0.893694 0.224518 0.453067 0.367293 0.221889 
0.421664 0.447062 0.454199 0.234923 0.472119 
0.027963 0.492386 0.522601 0.883433 0.605444 
0.5675 0.717607 0.620869 0.728427 0.038771 
0.967574 0.280777 0.552071 0.622829 0.403046 
0.762148 0.684682 0.572899 0.045764 0.389046 
0.7900199999999999 0.06414400000000001 0.439201 0.438752 0.710376 
0.29726 0.329212 0.512218 0.155763 0.9476290000000001 
0.7908539999999999 0.044723 0.753788 0.604627 0.20968 
0.35441 0.7898230000000001 0.39984 0.489025 0.841843 
0.103184 0.444496 0.5560619999999999 0.714803 0.87925 
0.208467 0.650403 0.412759 0.905392 0.127716 
0.12419 0.322175 0.454384 0.9353939999999999 0.5211980000000001 
0.459004 0.269796 0.95646 0.697203 0.408981 
0.335321 0.070369 0.66099 0.868386 0.608644 
0.239641 0.783938 0.819834 0.239539 0.74477 
0.809998 0.715275 0.276199 0.276487 0.729661 
0.274325 0.262513 0.706133 0.955241 0.440902 
0.087864 0.62101 0.8162970000000001 0.184566 0.826431 
0.776869 0.678397 0.774898 0.206906 0.119459 
0.902869 0.190136 0.65874 0.512633 0.08554100000000001 
0.204606 0.559123 0.569887 0.230066 0.44123 
0.388569 0.707056 0.208412 0.469662 0.332071 
0.343941 0.385968 0.386975 0.417223 0.981439 
0.927988 0.29049 0.628729 0.115343 0.608666 
0.7603799999999999 0.077254 0.7723 0.128995 0.507664 
0.778131 0.6769849999999999 0.061459 0.304956 0.452983 
0.124691 0.920859 0.752767 0.283534 0.478898 
0.801709 0.396803 0.269734 0.210962 0.595588 
0.426177 0.095152 0.667233 0.627738 0.299306 
0.366358 0.815527 0.6925829999999999 0.262819 0.126948 
0.861915 0.666332 0.06317 0.69936 0.222962 
0.92384 0.334405 0.528088 0.441205 0.588854 
0.744054 0.118313 0.253045 0.505677 0.7743719999999999 
0.434242 0.379708 0.481805 0.8041740000000001 0.099597 
0.562102 0.049204 0.424545 0.692814 0.367044 
0.714201 0.592616 0.077406 0.833159 0.06514300000000001 
0.825842 0.330615 0.402578 0.9046999999999999 0.241334 
0.146508 0.853584 0.454188 0.176379 0.863904 
0.166465 0.714165 0.106545 0.394587 0.770059 
0.295591 0.776724 0.07278999999999999 0.728285 0.687291 
0.244156 0.301037 0.544045 0.957821 0.489841 
0.095955 0.4431 0.563395 0.683806 0.904837 
0.03405 0.745031 0.545494 0.540169 0.797917 
0.605272 0.558409 0.897682 0.341944 0.129692 
0.862388 0.108714 0.788616 0.214339 0.373456 
0.819889 0.122762 0.757515 0.586265 0.151517 
0.421387 0.388929 0.147458 0.469075 0.811094 
0.926318 0.384973 0.822166 0.31025 0.219603 
0.255103 0.127319 0.770019 0.73239 0.737572 
0.408903 0.202787 0.5312519999999999 0.871242 0.695666 
0.029017 0.722224 0.337923 0.627169 0.662937 
0.0825 0.621017 0.606304 0.375859 0.901753 
0.097569 0.7584340000000001 0.796021 0.488703 0.552572 
0.417072 0.229494 0.9134989999999999 0.699048 0.149799 
0.073888 0.275329 0.763529 0.587443 0.677348 
0.666676 0.468703 0.7010110000000001 0.535573 0.010612 
0.333025 0.387927 0.154248 0.57277 0.936022 
0.138356 0.8751060000000001 0.526427 0.243623 0.842491 
0.271957 0.224984 0.861907 0.129937 0.791891 
0.754881 0.144294 0.927307 0.300462 0.302132 
0.228143 0.072773 0.844316 0.677789 0.63723 
0.189142 0.587722 0.953337 0.35458 0.660826 
0.628367 0.824287 0.055714 0.617797 0.30568 
0.784534 0.084465 0.903119 0.554718 0.350342 
0.439119 0.088126 0.749351 0.287739 0.873726 
0.037161 0.527601 0.765576 0.7904910000000001 0.425414 
0.051214 0.385336 0.450855 0.8122549999999999 0.60329 
0.07260800000000001 0.789164 0.5127969999999999 0.611998 0.317951 
0.064314 0.315323 0.457047 0.878175 0.591939 
0.555724 0.244102 0.451797 0.2412 0.971832 
0.294055 0.273723 0.427805 0.944983 0.307738 
0.190833 0.294398 0.496777 0.260928 0.8573539999999999 
0.332623 0.355365 0.938487 0.130096 0.765087 
0.838993 0.152449 0.884271 0.31623 0.196465 
0.096567 0.519196 0.221775 0.906149 0.689365 
0.10484 0.925694 0.510197 0.452109 0.719086 
0.324899 0.843959 0.651197 0.04677 0.433045 
0.241988 0.722677 0.8559909999999999 0.589715 0.116254 
0.121579 0.692133 0.936464 0.430057 0.407304 
0.753227 0.623681 0.051684 0.707064 0.5294410000000001 
0.508873 0.117229 0.7073390000000001 0.110563 0.85473 
0.258415 0.541461 0.528467 0.960516 0.153386 
0.7775609999999999 0.138401 0.576043 0.156897 0.83989 
0.885806 0.100599 0.493649 0.690142 0.256974 
0.071497 0.719627 0.350681 0.782111 0.417967 
0.732029 0.454224 0.385309 0.07706 0.7537430000000001 
0.255805 0.603751 0.7836689999999999 0.24796 0.899278 
0.300843 0.607721 0.932647 0.433206 0.6083809999999999 
0.340986 0.738693 0.235406 0.154302 0.794467 
0.983697 0.460757 0.438851 0.612915 0.23566 
0.328182 0.393099 0.648725 0.577566 0.908524 
0.733456 0.393186 0.416662 0.71347 0.641556 
0.277617 0.265641 0.688613 0.441721 0.9764350000000001 
0.09797599999999999 0.366024 0.533578 0.830728 0.427206 
0.379633 0.183002 0.312641 0.595401 0.676951 
0.920419 0.323837 0.461789 0.715035 0.04416 
0.158685 0.668633 0.375741 0.937596 0.267485 
0.06642099999999999 0.588573 0.706295 0.269328 0.5643590000000001 
0.406401 0.132431 0.523602 0.82799 0.736252 
0.310918 0.721897 0.82531 0.122038 0.249019 
0.061805 0.440785 0.485557 0.86894 0.444324 
0.668161 0.252526 0.826195 0.746214 0.102482 
0.599603 0.678277 0.779018 0.351546 0.04317 
0.625043 0.103341 0.364347 0.461594 0.885942 
0.310325 0.827901 0.025391 0.6590780000000001 0.483016 
0.451323 0.867687 0.192336 0.195601 0.564269 
0.893885 0.578301 0.081514 0.395643 0.298858 
0.9303900000000001 0.540305 0.099512 0.75734 0.388244 
0.223579 0.804041 0.435578 0.862578 0.428034 
0.716018 0.699632 0.273387 0.39322 0.758084 
0.896409 0.684751 0.590695 0.3144 0.179832 
0.102243  0.886 0.378211 0.818161 0.268214 
0.573198 0.309351 0.702834 0.780565 0.054692 
0.600537 0.5585059999999999 0.569551 0.182162 0.193593 
0.486092 0.915188 0.147461 0.774371 0.220705 
0.5358039999999999 0.15154 0.246246 0.733002 0.547148 
0.729918 0.792595 0.543623 0.133917 0.624831 
0.473412 0.420787 0.962585 0.157032 0.635919 
0.526911 0.455932 0.119038 0.953978 0.460366 
0.972919 0.414895 0.212406 0.582655 0.370601 
0.141445 0.838248 0.43465 0.441648 0.891027 
0.835847 0.269191 0.246047 0.839477 0.570493 
0.936079 0.613643 0.303016 0.189435 0.537304 
0.481984 0.849415 0.531884 0.490014 0.058445 
0.163545 0.613046 0.334739 0.981913 0.482846 
0.972383 0.522305 0.531037 0.320219 0.386218 
0.897834 0.217592 0.685238 0.771165 0.07498299999999999 
0.679018 0.322071 0.06579500000000001 0.9082 0.408232 
0.735507 0.354276 0.632737 0.297789 0.842905 
0.34521 0.992618 0.263755 0.447832 0.63223 
0.664081 0.196153 0.515339 0.643011 0.826336 
0.556098 0.332093 0.7305700000000001 0.859511 0.068231 
0.069438 0.67054 0.506095 0.520349 0.381412 
0.336053 0.919216 0.373117 0.86327 0.201891 
0.478712 0.8025679999999999 0.253794 0.966186 0.086366 
0.729144 0.292474 0.116168 0.852073 0.13512 
0.719018 0.851845 0.100542 0.486195 0.5108740000000001 
0.231733 0.7788040000000001 0.110514 0.544032 0.88969 
0.072474 0.403304 0.756602 0.743567 0.7229 
0.123879 0.169582 0.544947 0.8390649999999999 0.767292 
0.414223 0.621994 0.848804 0.06937 0.391646 
0.660601 0.402737 0.401942 0.949838 0.102048 
0.243514 0.91693 0.068498 0.892259 0.336814 
0.676685 0.346061 0.199029 0.946615 0.2927 
0.699557 0.329781 0.871824 0.28711 0.707836 
0.345155 0.594703 0.358556 0.282892 0.9548 
0.273906 0.148376 0.637947 0.7504690000000001 0.791833 
0.707514 0.610864 0.445716 0.786797 0.037731 
0.433677 0.628673 0.591354 0.084478 0.348049 
0.103869 0.866135 0.608913 0.369476 0.771116 
0.665861 0.041364 0.7733370000000001 0.242969 0.597404 
0.70919 0.206905 0.981792 0.41091 0.490739 
0.549296 0.140557 0.784565 0.728623 0.650556 
0.437858 0.801409 0.186848 0.55084 0.19562 
0.134091 0.558707 0.89857 0.62758 0.372403 
0.318566 0.778162 0.616686 0.034353 0.820052 
0.337554 0.159555 0.597159 0.909785 0.6522559999999999 
0.864567 0.231872 0.31087 0.813716 0.084754 
0.7857 0.900501 0.232506 0.170274 0.262702 
0.154817 0.937322 0.114229 0.423155 0.833802 
0.570701 0.497968 0.281176 0.081673 0.838245 
0.122488 0.8272119999999999 0.181392 0.855841 0.476526 
0.418985 0.06837799999999999 0.607189 0.407904 0.744464 
0.09964099999999999 0.17008 0.782671 0.599044 0.544809 
0.039214 0.411416 0.778112 0.5948369999999999 0.513459 
0.828227 0.391139 0.328988 0.90634 0.336609 
0.948508 0.401739 0.209272 0.604534 0.127807 
0.372728 0.296171 0.29567 0.484629 0.938295 
0.211446 0.362662 0.5062410000000001 0.271382 0.9706090000000001 
0.780985 0.5629189999999999 0.032923 0.70582 0.315929 
0.859969 0.07625700000000001 0.567555 0.231009 0.52064 
0.861789 0.636565 0.151758 0.869575 0.126239 
0.072101 0.321846 0.5329660000000001 0.659494 0.856563 
0.189543 0.657657 0.266411 0.373899 0.934689 
0.605748 0.161725 0.966524 0.430522 0.210604 
0.09854599999999999 0.4572 0.25082 0.7929079999999999 0.796356 
0.664878 0.146159 0.762441 0.800077 0.51983 
0.150349 0.7692639999999999 0.675381 0.09464500000000001 0.880749 
0.034186 0.672521 0.7037409999999999 0.525264 0.652103 
0.210981 0.62491 0.655069 0.546647 0.155286 
0.950895 0.190985 0.870068 0.417169 0.235433 
0.331383 0.500868 0.887523 0.124204 0.798822 
0.506487 0.882908 0.460204 0.843652 0.07001599999999999 
0.08285099999999999 0.81158 0.204258 0.693223 0.602922 
0.340399 0.390669 0.904834 0.555694 0.111935 
0.820157 0.438788 0.784616 0.692258 0.098277 
0.741297 0.660079 0.344422 0.276539 0.134946 
0.673221 0.056439 0.811025 0.565455 0.194259 
0.931305 0.343693 0.165459 0.469486 0.473797 
0.5122370000000001 0.689426 0.20579 0.402446 0.919776 
0.58672 0.577736 0.323933 0.841103 0.017655 
0.847707 0.052734 0.420277 0.486469 0.59229 
0.899413 0.7483070000000001 0.382839 0.287249 0.471451 
0.142994 0.576704 0.8489409999999999 0.772195 0.219124 
0.514621 0.390745 0.590594 0.103305 0.478002 
0.138475 0.350798 0.899762 0.421015 0.422555 
0.724322 0.046479 0.745803 0.50159 0.711508 
0.127005 0.2552 0.35903 0.909956 0.628625 
0.864225 0.476354 0.256834 0.213452 0.454249 
0.340494 0.563436 0.534563 0.200924 0.950313 
0.120488 0.400817 0.636798 0.945373 0.466478 
0.174381 0.38889 0.72695 0.436822 0.387136 
0.127346 0.9277260000000001 0.6914130000000001 0.469282 0.363184 
0.463478 0.31847 0.591881 0.574852 0.925473 
0.646468 0.247456 0.296803 0.879522 0.088091 
0.673106 0.414513 0.957815 0.246029 0.519871 
0.806473 0.495493 0.801291 0.065613 0.40188 
0.211968 0.742996 0.288674 0.892497 0.586521 
0.277639 0.974404 0.336839 0.734361 0.241758 
0.152249 0.571113 0.743706 0.194195 0.905558 
0.80687 0.310158 0.575841 0.420471 0.09336800000000001 
0.117437 0.700296 0.5776019999999999 0.222577 0.919394 
0.216755 0.179973 0.483679 0.611783 0.9342510000000001 
0.085225 0.710639 0.347978 0.30406 0.734571 
0.851719 0.779338 0.156459 0.791952 0.074403 
0.427239 0.125507 0.806086 0.206911 0.520313 
0.33026 0.864857 0.777042 0.193172 0.545227 
0.131794 0.771069 0.143601 0.931078 0.455472 
0.305739 0.681512 0.325112 0.126116 0.863525 
0.467339 0.064764 0.68366 0.792659 0.335988 
0.350709 0.672144 0.077955 0.887185 0.497408 
0.15487 0.263932 0.761755 0.199869 0.901029 
0.544253 0.759023 0.030256 0.7535500000000001 0.290091 
0.362613 0.472987 0.475132 0.334256 0.973333 
0.358686 0.688615 0.9052249999999999 0.471951 0.427185 
0.184895 0.332415 0.944462 0.316138 0.798126 
0.882292 0.214845 0.196446 0.757638 0.309948 
0.840283 0.626964 0.132564 0.258228 0.498867 
0.55044 0.53324 0.6112610000000001 0.250322 0.12228 
0.863461 0.145336 0.631736 0.256671 0.300454 
0.248711 0.908558 0.57328 0.342622 0.783352 
0.809802 0.421749 0.376557 0.916397 0.213379 
0.582416 0.609334 0.067342 0.22135 0.73144 
0.430136 0.148605 0.941795 0.231046 0.469652 
0.812636 0.223895 0.527755 0.8947349999999999 0.144858 
0.6794249999999999 0.115671 0.671564 0.562988 0.793513 
0.833232 0.142972 0.661735 0.822551 0.126502 
0.556209 0.635884 0.882143 0.519506 0.249957 
0.568681 0.162924 0.939064 0.310041 0.699565 
0.491861 0.403341 0.349695 0.777196 0.848406 
0.117807 0.821883 0.205143 0.311243 0.762409 
0.548525 0.07319199999999999 0.869138 0.140258 0.798281 
0.055913 0.843434 0.385631 0.498919 0.684791 
0.09649000000000001 0.546978 0.395626 0.413421 0.611583 
0.522585 0.538137 0.421475 0.053825 0.578257 
0.92836 0.11796 0.569672 0.494501 0.62837 
0.890981 0.230439 0.773675 0.170915 0.239974 
0.172143 0.964212 0.331353 0.380485 0.6263339999999999 
0.912115  0.375 0.574468 0.260704 0.159744 
0.049847 0.550472 0.788853 0.413324 0.7883829999999999 
0.165148 0.321166 0.792149 0.390424 0.892051 
0.841104 0.546589 0.543127 0.071572 0.592602 
0.296334 0.329615 0.691177 0.950981 0.210482 
0.264949 0.239919 0.93771 0.476832 0.658402 
0.87627 0.050978 0.705035 0.397482 0.435926 
0.811618 0.07556599999999999 0.359849 0.860222 0.299272 
0.651814 0.7141999999999999 0.200738 0.66214 0.039832 
0.47201 0.249013 0.907462 0.033203 0.790983 
0.07831299999999999 0.537714 0.808104 0.26022 0.579541 
0.915896 0.715046 0.181221 0.6924400000000001 0.097357 
0.6608540000000001 0.533547 0.807076 0.06089 0.630816 
0.533732 0.045547 0.8909010000000001 0.242215 0.560531 
0.768971 0.442507 0.842378 0.09492399999999999 0.279818 
0.8069460000000001 0.675138 0.745543 0.129799 0.300963 
0.6728420000000001 0.73759 0.094735 0.216038 0.60356 
0.674894 0.256796 0.6039099999999999 0.323411 0.151128 
0.948744 0.57435 0.230159 0.701559 0.277519 
0.116561 0.89777 0.160132 0.466141 0.739011 
0.386101 0.155873 0.8260150000000001 0.789961 0.5648300000000001 
0.786456 0.294701 0.37551 0.204092 0.925709 
0.096307 0.514539 0.594827 0.266031 0.558553 
0.579847 0.469935 0.259323 0.08566600000000001 0.92597 
0.61126 0.457189 0.5185340000000001 0.939739 0.143724 
0.384977 0.30931 0.272235 0.810407 0.86071 
0.870599 0.313954 0.808859 0.388331 0.13073 
0.935986 0.128515 0.439506 0.399903 0.381763 
0.589049 0.760217 0.657474 0.04769 0.556047 
0.397038 0.74473 0.91011 0.401055 0.236512 
0.610542 0.243797 0.5842850000000001 0.708098 0.08860999999999999 
0.785569 0.90433 0.296428 0.505105 0.373576 
0.68429 0.373832 0.024213 0.620154 0.670953 
0.5522359999999999 0.081938 0.30727 0.794832 0.80293 
0.493874 0.209409 0.409816 0.316248 0.6534720000000001 
0.5649690000000001 0.843318 0.720798 0.585592 0.130594 
0.777681 0.530208 0.33031 0.60937 0.049997 
0.532482 0.497131 0.651047 0.243967 0.90702 
0.491205 0.8038380000000001 0.594691 0.031211 0.555501 
0.697419 0.166006 0.749422 0.481086 0.105845 
0.496723 0.325375 0.406934 0.972552 0.219248 
0.079454 0.497599 0.728804 0.137373 0.7082619999999999 
0.858194 0.133151 0.511341 0.173155 0.518504 
0.72634 0.9111860000000001 0.214543 0.200772 0.48201 
0.314105 0.82738 0.394839 0.7343730000000001 0.04255 
0.220674 0.091081 0.751657 0.553319 0.632012 
0.834588 0.328215 0.239444 0.569647 0.776604 
0.376487 0.826574 0.122822 0.898984 0.168837 
0.046149 0.536157 0.315837 0.718301 0.780829 
0.361952 0.471053 0.7741 0.388912 0.864134 
0.54704 0.459373 0.875871 0.051431 0.6187589999999999 
0.488289 0.883124 0.757764 0.303947 0.356052 
0.449776 0.8862370000000001 0.063843 0.636312 0.349003 
0.7117599999999999 0.240124 0.799386 0.02536 0.663483 
0.276318 0.139289 0.608105 0.360058 0.936229 
0.445167 0.682586 0.800345 0.625092 0.032975 
0.619106 0.957307 0.511157 0.443171 0.21153 
0.872922 0.199942 0.80508 0.507202 0.430582 
0.149096 0.735031 0.07965 0.813634 0.628819 
0.588195 0.037558 0.65059 0.785238 0.390137 
0.635931 0.033199 0.7507470000000001 0.71184 0.274289 
0.458014 0.254295 0.845676 0.840659 0.141608 
0.350215 0.9021130000000001 0.094927 0.684154 0.557627 
0.370506 0.5151520000000001 0.656263 0.404901 0.124351 
0.646916 0.6287239999999999 0.468905 0.7816109999999999 0.512969 
0.025968 0.621792 0.651286 0.390507 0.649887 
0.143489 0.48691 0.954897 0.2964 0.438144 
0.423804 0.881456 0.346245 0.880811 0.06802800000000001 
0.468576 0.6095660000000001 0.125894 0.7524189999999999 0.175757 
0.440904 0.7682 0.270255 0.121725 0.872262 
0.101615 0.8708050000000001 0.17284 0.64378 0.510829 
0.570035 0.528241 0.699188 0.758408 0.393712 
0.062629 0.643277 0.256124 0.756421 0.665203 
0.215668 0.615654 0.450147 0.420979 0.969424 
0.718496 0.609829 0.033525 0.719982 0.478945 
0.363647 0.972079 0.246643 0.293789 0.484341 
0.640556 0.341828 0.8349760000000001 0.516341 0.601772 
0.536252 0.813871 0.049585 0.872079 0.265753 
0.910779 0.188802 0.212949 0.575728 0.245843 
0.726255 0.79358 0.601988 0.117516 0.460939 
0.636467 0.052553 0.361312 0.855339 0.374531 
0.427724 0.5021099999999999 0.517572 0.973406 0.311557 
0.173432 0.678235 0.89251 0.584773 0.232912 
0.785341 0.818411 0.370045 0.185968 0.6506999999999999 
0.735268 0.782098 0.08531 0.24746 0.456102 
0.205412 0.68118 0.41078 0.588991 0.9257 
0.860949 0.310928 0.294348 0.87257 0.043783 
0.804569 0.845407 0.433129 0.213228 0.441672 
0.3174 0.319642 0.302825 0.887471 0.788575 
0.166163 0.161168 0.888227 0.571161 0.52295 
0.944535 0.350289  0.251 0.461033 0.189151 
0.048201 0.887859 0.63785 0.596911 0.407082 
0.276676 0.702188 0.655676 0.051824 0.902759 
0.698759 0.06357 0.766035 0.197959 0.684822 
0.367547 0.9353 0.186025 0.655095 0.573271 
0.486288 0.6084310000000001 0.448128 0.965179 0.172921 
0.948346 0.167889 0.849058 0.442782 0.327345 
0.311429 0.88266 0.41994 0.170751 0.464634 
0.09893399999999999 0.866079 0.656218 0.378072 0.696773 
0.136903 0.375762 0.278767 0.500509 0.895958 
0.910291 0.42094 0.177174 0.303518 0.818716 
0.785234 0.268545 0.9509 0.151459 0.586515 
0.19851 0.904613 0.518366 0.117245 0.837352 
0.350814 0.9175 0.327953 0.838333 0.257108 
0.94376 0.076614 0.866458 0.354151 0.293303 
0.369733 0.20319 0.645355 0.582722 0.280427 
0.73348 0.235435 0.958128 0.298158 0.59417 
0.922886 0.781258 0.228286 0.223416 0.373978 
0.986751 0.465882 0.473126 0.410239 0.37434 
0.355647 0.659542 0.519293 0.042289 0.572701 
0.550746 0.753996 0.4519 0.304384 0.125151 
0.5363599999999999 0.874726 0.291206 0.402767 0.699728 
0.166233 0.8741950000000001 0.182465 0.800156 0.288387 
0.792677 0.341833 0.158909 0.392778 0.43249 
0.588583 0.635812 0.02809 0.572811 0.374025 
0.233571 0.778376 0.251533 0.574642 0.901571 
0.291073 0.949541 0.619366 0.393941 0.394004 
0.802727 0.529299 0.291725 0.811577 0.486496 
0.587585 0.899802 0.207291 0.605925 0.13871 
0.230875 0.703001 0.653369 0.817573 0.08122699999999999 
0.047588 0.560792 0.412875 0.921078 0.521542 
0.694576 0.355472 0.669917 0.23095 0.160846 
0.212134 0.254145 0.969428 0.495651 0.522359 
0.596037 0.165837 0.593086 0.931217 0.374924 
0.756575 0.294209 0.75116 0.414734 0.073491 
0.428837 0.677534 0.700753 0.173442 0.843673 
0.260544 0.739943 0.839886 0.469141 0.110009 
0.864852 0.248929 0.44767 0.106619 0.778882 
0.353618 0.711631 0.918803 0.129001 0.329249 
0.459326 0.443293 0.890216 0.114751 0.792851 
0.081383 0.392637 0.896079 0.631136 0.405094 
0.725204 0.186686 0.368895 0.338344 0.8999779999999999 
0.488654 0.812891 0.494447 0.138514 0.254879 
0.690388 0.210664 0.818183 0.657089 0.51646 
0.171347 0.630456 0.414354 0.954968 0.497316 
0.965002 0.214466 0.375316 0.440922 0.210021 
0.422538 0.27208 0.491722 0.18034 0.902702 
0.487653 0.946509 0.686206 0.392687 0.109426 
0.249174 0.356142 0.18634 0.676555 0.901716 
0.543633 0.188208 0.6200020000000001 0.948238 0.345334 
0.943085 0.645883 0.186348 0.255278 0.394816 
0.779162 0.625932 0.482723 0.395257 0.052735 
0.254262 0.909169 0.505008 0.454551 0.141235 
0.832376 0.728251 0.207267 0.231245 0.703369 
0.09493500000000001 0.946985 0.569983 0.262004 0.592987 
0.476924 0.19668 0.866568 0.518113 0.769976 
0.516888 0.9764080000000001 0.534967 0.212221 0.396483 
0.629617 0.400895 0.929762 0.272556 0.161922 
0.406795 0.451376 0.420103 0.507858 0.963515 
0.309454 0.964087 0.537211 0.177752 0.386727 
0.791775 0.11723 0.307685 0.810006 0.581324 
0.337501 0.423095 0.774576 0.147231 0.414998 
0.096925 0.499895 0.626387 0.726548 0.810612 
0.580688 0.068124 0.730119 0.609297 0.7462839999999999 
0.875876 0.727452 0.19076 0.80719 0.213237 
0.240992 0.703415 0.720617 0.024984 0.654798 
0.864023 0.422657 0.125434 0.339183 0.739052 
0.09432699999999999 0.549609 0.826692 0.370641 0.834216 
0.203821 0.959053 0.464308 0.161479 0.793384 
0.90711 0.6610239999999999 0.709978 0.203861 0.455734 
0.391994 0.9448220000000001 0.411558 0.643448 0.530183 
0.297046 0.75928 0.526344 0.781046 0.524069 
0.420159 0.278326 0.114347 0.852461 0.5862039999999999 
0.433422 0.291368 0.768828 0.609747 0.107333 
0.278621 0.772963 0.374318 0.778316 0.70137 
0.630451 0.106374 0.746519 0.895947 0.33375 
0.741609 0.404736 0.938418 0.230049 0.5087739999999999 
0.700012 0.334484 0.869578 0.154964 0.262841 
0.561592 0.300151 0.313516 0.933061 0.12289 
0.159407 0.663353 0.522991 0.836533 0.595235 
0.707191 0.715503 0.289873 0.103606 0.514829 
0.65471 0.494334 0.235338 0.862793 0.036004 
0.623685 0.232932 0.284038 0.6548890000000001 0.199259 
0.673356 0.27843 0.287273 0.924163 0.510087 
0.665203 0.887583 0.568549 0.263597 0.161872 
0.267813 0.741513 0.905506 0.128766 0.317648 
 0.956 0.533185 0.192317 0.701711 0.236644 
0.815187 0.8498289999999999 0.212286 0.651901 0.135425 
0.942881 0.164387 0.812497 0.283727 0.534417 
0.910492 0.234067 0.52507 0.829115 0.188711 
0.788919 0.06119 0.660266 0.364547 0.245041 
0.156268 0.827386 0.861538 0.131198 0.584165 
0.079448 0.464654 0.546606 0.76375 0.362465 
0.766455 0.174252 0.764884 0.804519 0.336777 
0.514634 0.320313 0.1294 0.927834 0.647319 
0.607048 0.462747 0.244668 0.8915920000000001 0.716244 
0.044799 0.524374 0.493998 0.578436 0.559357 
0.676155 0.962544 0.494935 0.251268 0.225223 
0.673868 0.871133 0.265133 0.137771 0.750729 
0.509849 0.09054 0.278932 0.789849 0.714004 
0.734691 0.318937 0.797329 0.733093 0.051963 
0.774556 0.785897 0.480088 0.051401 0.306912 
0.349036 0.636544 0.67179 0.531871 0.739034 
0.336997 0.076375 0.6464029999999999 0.69046 0.483379 
0.554547 0.512814 0.581748 0.037563 0.8512999999999999 
0.361164 0.239715 0.861297 0.038896 0.916717 
0.304451 0.6134269999999999 0.136518 0.317214 0.87491 
0.163403 0.7199989999999999 0.830507 0.30616 0.808552 
0.296452 0.544099 0.949242 0.476774 0.283543 
0.205555 0.5121 0.505842 0.848931 0.710735 
0.695343 0.513887 0.084164 0.789525 0.120573 
0.238001 0.345505 0.291334 0.820484 0.423261 
0.776375 0.304875 0.279392 0.307387 0.435662 
0.423274 0.389625 0.389147 0.98445 0.416784 
0.181898 0.784948 0.285533 0.836155 0.162411 
0.440811 0.879198 0.173086 0.536397 0.245637 
0.194887 0.377164 0.603528 0.439539 0.421641 
0.45236 0.616144 0.138308 0.940922 0.207904 
0.964996 0.469658 0.491843 0.233405 0.23193 
0.641845 0.225924 0.282328 0.910835 0.54433 
0.855534 0.499272 0.46021 0.833156 0.176685 
0.641673 0.9181009999999999 0.596997 0.533035 0.106367 
0.937714 0.215216 0.935707 0.377883 0.30953 
0.538123 0.625341 0.814464 0.548805 0.466413 
0.525774 0.703665 0.089769 0.922588 0.393727 
0.8831290000000001 0.566629 0.6570009999999999 0.121183 0.248309 
0.239927 0.642176 0.26537 0.672484 0.880006 
0.911332 0.097015 0.9151010000000001 0.287552 0.446387 
0.656982 0.296069 0.89234 0.497915 0.07698000000000001 
0.422335 0.65272 0.456871 0.776769 0.020749 
0.519605 0.889205 0.358025 0.100813 0.726078 
0.781541 0.32581 0.566226 0.8929589999999999 0.029636 
0.383291 0.058562 0.43203 0.570182 0.694663 
0.317333 0.300652 0.267291 0.632831 0.47715 
0.129805 0.9361969999999999 0.471424 0.226126 0.584975 
0.226683 0.09827 0.579435 0.792618 0.629709 
0.8251309999999999 0.267185 0.15462 0.832279 0.608263 
0.556485 0.441842 0.945543 0.654174 0.231856 
0.712943 0.304911 0.295604 0.963851 0.398999 
0.390085 0.627977 0.164879 0.595289 0.925692 
0.394428 0.863984 0.055477 0.530233 0.471666 
0.246964 0.8668090000000001 0.389038 0.833362 0.41871 
0.700969 0.261654 0.384863 0.432111 0.9267300000000001 
0.151627 0.94031 0.489833 0.674123 0.30802 
0.925943 0.662409 0.380937 0.689524 0.114625 
0.584095 0.880911 0.410724 0.039407 0.572607 
0.146694 0.739225 0.7675650000000001 0.284972 0.367124 
0.379546 0.336758 0.74435 0.079684 0.695065 
0.221843 0.519717 0.519641 0.113986 0.7735919999999999 
0.873272 0.795364 0.336592 0.581947 0.100039 
0.36598 0.462835 0.98023 0.471949 0.389293 
0.846762 0.837422 0.350082 0.10682 0.38086 
0.201729 0.5909799999999999 0.138892 0.704169 0.484194 
0.242648 0.565464 0.673486 0.06704599999999999 0.840988 
0.64541 0.472222 0.929841 0.41688 0.157552 
0.333513 0.711769 0.06704300000000001 0.733946 0.744098 
0.8917040000000001 0.346405 0.797924 0.127558 0.274519 
0.072814 0.817142 0.581824 0.478239 0.329716 
0.125485 0.349448 0.951439 0.465545 0.473242 
0.42702 0.958945 0.333775 0.676198 0.156114 
0.381344 0.627758 0.424484 0.983375 0.189522 
0.630537 0.234097 0.562473 0.084485 0.609337 
0.493364 0.611097 0.233827 0.948655 0.46717 
0.799086 0.137152 0.338178 0.518032 0.278703 
0.571628 0.771294 0.118045 0.895856 0.464619 
0.148338 0.729867 0.25395 0.559106 0.922104 
0.589406 0.404971 0.655629 0.034919 0.59458 
0.351653 0.444299 0.202281 0.366787 0.68279 
0.306105 0.544067 0.773938 0.213857 0.284644 
0.146539 0.571757 0.384684 0.6012999999999999 0.942879 
0.4909 0.493725 0.203609 0.446872 0.96471 
0.552145 0.075252 0.943617 0.223356 0.586598 
0.051946 0.729406 0.488994 0.246199 0.922112 
0.436215 0.188827 0.937245 0.558059 0.561534 
0.659913 0.690129 0.059096 0.219373 0.74482 
0.406191 0.056464 0.506961 0.528585 0.77743 
0.386047 0.078004 0.917639 0.525878 0.435238 
0.025849 0.5295339999999999 0.574581 0.62439 0.809819 
0.511112 0.362838 0.429746 0.110135 0.742692 
0.650386 0.221304 0.89589 0.536534 0.109281 
0.864237 0.123402 0.342041 0.9060820000000001 0.270953 
0.465696 0.730566 0.419721 0.021555 0.686296 
0.349446 0.116682 0.617433 0.490139 0.507467 
0.730559 0.796839 0.044087 0.691758 0.423411 
0.37645 0.298928 0.468827 0.967832 0.248242 
0.445507 0.638611 0.344233 0.965072 0.351228 
0.546199 0.257709 0.729756 0.952395 0.140927 
0.829825 0.396509 0.152811 0.569643 0.216244 
0.544611 0.532504 0.021952 0.839839 0.439074 
0.088565 0.884645 0.55744 0.223934 0.670021 
0.222631 0.940647 0.634944  0.424 0.29722 
0.136292 0.692148 0.512774 0.8738899999999999 0.489605 
0.375958 0.81025 0.732857 0.652616 0.104071 
0.289513 0.323142 0.556913 0.513341 0.337365 
0.823942 0.199997 0.532728 0.134125 0.426658 
0.912128 0.569662 0.478849 0.68491 0.159956 
0.171273 0.830751 0.741542 0.36813 0.730907 
0.4461 0.19405 0.421739 0.952151 0.28372 
0.3806 0.37815 0.778331 0.349761 0.181506 
0.313997 0.410406 0.278413 0.289559 0.909303 
0.505776 0.823829 0.518459 0.093768 0.829607 
0.154992 0.320259 0.913196 0.163192 0.773662 
0.953259 0.5940839999999999 0.342388 0.13151 0.491674 
0.34934 0.587371 0.071717 0.848655 0.385098 
0.395737 0.5506799999999999 0.691798 0.932267 0.154446 
0.732952 0.08115600000000001 0.913716 0.10167 0.502936 
0.784146 0.270638 0.637817 0.154908 0.884166 
0.720984 0.281128 0.127414 0.406205 0.760531 
0.574206 0.867758 0.69028 0.406925 0.337089 
0.167253 0.14823 0.775081 0.517198 0.906223 
0.525508 0.237485 0.238548 0.428973 0.896425 
0.030984 0.5537029999999999 0.786709 0.319661 0.802325 
0.936459 0.4781 0.232377 0.755202 0.262719 
0.310478 0.848678 0.331723 0.144747 0.918625 
0.70119 0.65099 0.412499 0.041646 0.628637 
0.169065 0.793353 0.239006 0.254087 0.778979 
0.20363 0.83267 0.85266 0.06716999999999999 0.582237 
0.255996 0.910353 0.150714 0.790199 0.622163 
0.94684 0.488131 0.402415 0.178342 0.384956 
0.274266 0.376008 0.349357 0.436721 0.962016 
0.324678 0.887308 0.373985 0.942553 0.055212 
0.6850039999999999 0.08137999999999999 0.810165 0.135322 0.466181 
0.330839 0.79686 0.209711 0.958716 0.138009 
0.327268 0.199505 0.282215 0.683804 0.834248 
0.244875 0.134411 0.897563 0.756371 0.503381 
0.453313 0.54755 0.735589 0.04555 0.810125 
0.355853 0.700867 0.229007 0.61771 0.891072 
0.533076 0.6568889999999999 0.592229 0.790673 0.018104 
0.555522 0.536171 0.838002 0.704075 0.065342 
0.41584 0.494755 0.593993 0.918134 0.434972 
0.164924 0.64842 0.506614 0.916141 0.161059 
0.363607 0.805374 0.388336 0.581858 0.041162 
0.142655 0.739917 0.339951 0.536407 0.309508 
0.740558 0.326923 0.722263 0.209723 0.174087 
0.50065 0.049125 0.574794 0.793581 0.636189 
0.085289 0.577725 0.8618 0.309305 0.776952 
0.887943 0.140396 0.295313 0.438117 0.365302 
0.138839 0.664589 0.182615 0.94653 0.451844 
0.94258 0.590365 0.116691 0.274192 0.600677 
0.904542 0.376302 0.184843 0.771051 0.209618 
0.7455310000000001 0.829627 0.46725 0.146311 0.15041 
0.195005 0.576083 0.836184 0.043554 0.738935 
0.7331839999999999 0.710924 0.515775 0.834865 0.195818 
0.01571 0.652398 0.68594 0.6666 0.417784 
0.933719 0.701281 0.271666 0.360478 0.239889 
0.184518 0.611455 0.311117 0.270237 0.930528 
0.28026 0.216232 0.618652 0.88297 0.34372 
0.035148 0.784837 0.47356 0.783775 0.562549 
0.109181 0.504931 0.90612 0.353212 0.501308 
0.958583 0.375796 0.420422 0.70858 0.07037499999999999 
0.96484 0.431905 0.342781 0.233381 0.477699 
0.939154 0.427035 0.5203449999999999 0.08257200000000001 0.42951 
0.278631 0.882171 0.208956 0.6221640000000001 0.762656 
0.343364 0.895364 0.5797020000000001 0.606995 0.03852 
0.345512 0.184802 0.359972 0.844438 0.851706 
0.590899 0.918784 0.113583 0.35014 0.553594 
0.354062 0.559714 0.490035 0.062115 0.879162 
0.518644 0.029744 0.916606 0.533698 0.386552 
0.69294 0.6324880000000001 0.061646 0.280252 0.638566 
0.616494 0.5666949999999999 0.815373 0.424105 0.559608 
0.52475 0.555391 0.045821 0.66621 0.775984 
0.847873 0.354281 0.250817 0.882266 0.45497 
0.880684 0.134145 0.861527 0.287532 0.621152 
0.092339 0.810789 0.376179 0.804835 0.615244 
0.032801 0.801176 0.50173 0.678489 0.624242 
0.902701 0.778376 0.279519 0.201278 0.250155 
0.360271 0.696588 0.049275 0.698703 0.776519 
0.06376999999999999 0.552428 0.202049 0.8353930000000001 0.6273300000000001 
0.189748 0.568282 0.868708 0.3554 0.302829 
0.419853 0.139206 0.49712 0.355962 0.873073 
0.171039 0.169619 0.707546 0.857221 0.5230669999999999 
0.419057 0.40587 0.313491 0.98924 0.487045 
0.551863 0.103734 0.875557 0.501391 0.655411 
0.935788 0.111625 0.7668199999999999 0.36292 0.238242 
0.387408 0.980082 0.31184 0.585558 0.42792 
0.036106 0.347754 0.75775 0.539348 0.589413 
0.08941200000000001 0.775479 0.263848 0.949153 0.416789 
0.433354 0.873914 0.856999 0.29172 0.187492 
0.618908 0.404284 0.034336 0.600236 0.744234 
0.94046 0.36635 0.483534 0.166389 0.679079 
0.894851 0.266079 0.17631 0.676777 0.493825 
0.865994 0.278504 0.147256 0.47813 0.616749 
0.688728 0.068995 0.786624 0.871795 0.29331 
0.858433 0.384447 0.641656 0.039992 0.591262 
0.104455 0.849362 0.699582 0.479597 0.2363 
0.716279 0.346306 0.8388910000000001 0.699203 0.34884 
0.46178 0.523158 0.436885 0.129846 0.954022 
0.354209 0.5173990000000001 0.723899 0.6532750000000001 0.053974 
0.217615 0.885412 0.53585 0.6676339999999999 0.136615 
0.639107 0.132866 0.403721 0.391995 0.902078 
0.55863 0.329638 0.078829 0.6225039999999999 0.901474 
0.197394 0.953897 0.220079 0.6157629999999999 0.329486 
0.189126 0.701599 0.325217 0.811912 0.769689 
0.188381 0.776433 0.277715 0.973067 0.359431 
0.774997 0.619023 0.411116 0.133295 0.243148 
0.89957 0.221184 0.459538 0.731623 0.118755 
0.206072 0.421717 0.796417 0.878015 0.432489 
0.522362 0.077357 0.715569 0.935527 0.321122 
0.469085 0.301835 0.339017 0.969228 0.222795 
0.833256 0.037905 0.549513 0.610822 0.7149799999999999 
0.424575 0.176845 0.446199 0.851759 0.268546 
0.386057 0.038647 0.667862 0.58162 0.639887 
0.367808 0.721132 0.395859 0.464997 0.146743 
0.269984 0.356773 0.788174 0.243677 0.944811 
0.672303 0.524574 0.167453 0.232358 0.863232 
0.383781 0.178085 0.348854 0.528247 0.851853 
0.386587 0.258557 0.79292 0.399843 0.9245679999999999 
0.286315 0.264435 0.778948 0.9117150000000001 0.330393 
0.740451 0.6458469999999999 0.08751 0.889164 0.108266 
0.13922 0.982396 0.448977 0.5440970000000001 0.480463 
0.275235 0.781979 0.6731740000000001 0.161267 0.34217 
0.9416949999999999 0.478346 0.073245 0.549586 0.500421 
0.332673 0.483899 0.7758080000000001 0.861466 0.370721 
 0.576 0.442537 0.103509 0.9488799999999999 0.514293 
0.588025 0.821711 0.163252 0.872287 0.123179 
0.471553 0.452129 0.103009 0.622679 0.9055569999999999 
0.510841 0.473431 0.469994 0.056909 0.919027 
0.8462150000000001 0.052163 0.71928 0.366396 0.321165 
0.951773 0.07126200000000001 0.588149 0.482257 0.452486 
0.643625 0.159402 0.199518 0.612408 0.661453 
0.07409499999999999 0.718709 0.305514 0.498425 0.871186 
0.107451 0.28312 0.453251 0.469322 0.81436 
0.26081 0.434083 0.166089 0.922686 0.502163 
0.15971 0.498908 0.9615089999999999 0.547173 0.372771 
0.42565 0.32446 0.125339 0.852583 0.369303 
0.452987 0.980348 0.258935 0.270499 0.59979 
0.197139 0.691358 0.450161 0.955284 0.332893 
0.348265 0.584762 0.262209 0.143888 0.881153 
0.584735  0.281 0.893974 0.306069 0.12352 
0.943492 0.363187 0.73201 0.10355 0.259898 
0.771858 0.281916 0.083944 0.898763 0.435385 
0.736308 0.08570899999999999 0.454066 0.882153 0.376587 
0.819549 0.115013 0.894238 0.083081 0.580553 
0.696361 0.613367 0.920833 0.307823 0.312501 
0.823725 0.03069 0.604885 0.416888 0.610333 
0.596783 0.057312 0.400596 0.559791 0.523284 
0.721642 0.474541 0.694129 0.261031 0.054111 
0.913181 0.5547029999999999 0.317987 0.273555 0.659878 
0.570585 0.509059 0.873986 0.058205 0.513916 
0.61524 0.461885 0.090271 0.260806 0.833164 
0.916306 0.469911 0.111398 0.452828 0.668164 
0.706341 0.6034119999999999 0.286621 0.756572 0.606909 
0.589108 0.122488 0.498863 0.479865 0.958449 
0.613457 0.206403 0.654512 0.560535 0.119893 
0.650089 0.130682 0.912978 0.648114 0.21621 
0.514332 0.966896 0.470916 0.463702 0.220829 
0.952834 0.582328 0.614193 0.365272 0.163826 
0.848737 0.076319 0.796695 0.711615 0.25057 
0.390149 0.628203 0.417048 0.217243 0.390115 
0.804521 0.827272 0.185655 0.417506 0.137219 
0.294167 0.240541 0.637548 0.6819 0.865442 
0.09776799999999999 0.551149 0.435862 0.558535 0.941754 
0.263519 0.923292 0.462481 0.719556 0.135625 
0.529137 0.641864 0.878434 0.133296 0.152708 
0.413479 0.532897 0.971222 0.254543 0.58791 
0.297593 0.328814 0.58439 0.6927179999999999 0.170733 
0.411073 0.34971 0.608626 0.710577 0.842726 
0.605473 0.232504 0.43083 0.459873 0.966823 
0.1448 0.560565 0.175179 0.487093 0.908686 
0.793164 0.886077 0.417778 0.416931 0.157439 
0.42327 0.353743 0.901506 0.179312 0.8681680000000001 
0.701751 0.845039 0.165405 0.687223 0.060981 
0.566547 0.671385 0.9383860000000001 0.115723 0.198693 
0.278363 0.840286 0.212814 0.785398 0.139558 
0.056579 0.546569 0.495081 0.814207 0.382612 
0.450876 0.096471 0.778299 0.859697 0.5078279999999999 
0.710773 0.846488 0.067314 0.633887 0.321168 
0.763702 0.849149 0.061196 0.214886 0.702848 
0.457881 0.076361 0.784357 0.555137 0.345329 
0.75153 0.398947 0.336052 0.40192 0.864235 
0.181446 0.794575 0.797445 0.052382 0.673332 
0.446882 0.673424 0.234187 0.213515 0.501702 
0.458533 0.324819 0.8609830000000001 0.042731 0.660821 
0.539215 0.577273 0.065663 0.386041 0.874692 
0.08812200000000001 0.461223 0.319971 0.7797809999999999 0.584236 
0.833272 0.577937 0.131135 0.627042 0.65786 
0.406797 0.172133 0.362461 0.9235409999999999 0.429387 
0.828225 0.168524 0.126872 0.645271 0.88652 
0.157577 0.599142 0.410686 0.893999 0.686142 
0.298131 0.902816 0.840499 0.418259 0.160896 
0.843877 0.045263 0.823059 0.336554 0.618968 
0.929665 0.06964099999999999 0.8250999999999999 0.351731 0.381293 
0.151949 0.938188 0.162678 0.498129 0.471523 
0.630622 0.677413 0.054276 0.837584 0.146606 
0.747651 0.718271 0.405747 0.346631 0.074584 
0.455548 0.449267 0.08045099999999999 0.898385 0.495289 
0.631874 0.660435 0.596217 0.061634 0.74281 
0.399526 0.469551 0.974241 0.563294 0.395786 
0.080873 0.391866 0.363823 0.91738 0.683411 
0.9507949999999999 0.615892 0.238217 0.631995 0.315871 
0.845868 0.874039 0.127614 0.553579 0.219056 
0.674175 0.272834 0.339898 0.959291 0.270301 
0.601384 0.140011 0.723291 0.946339 0.148485 
0.728113 0.091464 0.36873 0.559813 0.858298 
0.150671 0.661835 0.478749 0.343818 0.967028 
0.242168 0.968384 0.384025 0.742232 0.285288 
0.70466 0.224541 0.713094 0.08722299999999999 0.840974 
