5
1150
0.09682399999999999 0.41979 0.701668 0.903233 0.147754 
0.673047 0.12142 0.5181 0.129962 0.943106 
0.977469 0.519693 0.080663 0.6679310000000001 0.431349 
0.071508 0.842049 0.249928 0.886606 0.21656 
0.976383 0.197706 0.904351 0.318549 0.353718 
0.449716 0.480613 0.133943 0.568031 0.988588 
0.350837 0.028956 0.537504 0.9533199999999999 0.284174 
0.418965 0.784508 0.067319 0.298477 0.962869 
0.036055 0.528906 0.85034 0.187692 0.7526929999999999 
0.544059 0.659294 0.781188 0.019679 0.782567 
0.323624 0.043129 0.371534 0.811789 0.845766 
0.7178909999999999 0.015272 0.589134 0.32884 0.861202 
0.671452 0.418335 0.352053 0.056904 0.589967 
0.924816 0.01463 0.58002 0.509379 0.268018 
0.053487 0.705688 0.831986 0.09193800000000001 0.799872 
0.433641 0.972445 0.015676 0.627381 0.466301 
0.553494 0.895539 0.689155 0.210684 0.043003 
0.305783 0.013206 0.9177419999999999 0.72704 0.717043 
0.709704 0.285243 0.994876 0.366294 0.269414 
0.357225 0.419544 0.270535 0.494715 0.35484 
0.923912 0.176241 0.209963 0.927839 0.12851 
0.784693 0.865856 0.313614 0.0229 0.533973 
0.477392 0.09606199999999999 0.174785 0.836018 0.864689 
0.044789 0.352591 0.904021 0.712004 0.221805 
0.298286 0.930735 0.19797 0.922668 0.123099 
0.871614 0.162656 0.689379 0.114052 0.8199340000000001 
0.176132 0.205867 0.92789 0.294407 0.984773 
0.815667 0.04989 0.650015 0.93023 0.104944 
0.072015 0.700226 0.654267 0.410304 0.9340039999999999 
0.037374 0.780134 0.224219 0.454875 0.939391 
0.817111 0.817973 0.03474 0.12739 0.622974 
0.299966 0.09414599999999999 0.987438 0.378092 0.837322 
0.353537 0.19926 0.440077 0.986437 0.707135 
0.93651 0.201408 0.226068 0.784077 0.659653 
0.501005 0.511301 0.618433 0.474781 0.003043 
0.866579 0.216799 0.921475 0.22127 0.06322800000000001 
0.018879 0.386104 0.62055 0.852752 0.377843 
0.501781 0.463666 0.386353 0.927325 0.711074 
0.919115 0.248824 0.506893 0.949606 0.076516 
0.316064 0.927187 0.067347 0.936362 0.2376 
0.905516 0.05049 0.272427 0.720437 0.766369 
0.006182 0.5552 0.6708460000000001 0.533103 0.397328 
0.852645 0.316545 0.505024 0.065512 0.444044 
0.717983 0.444798 0.369605 0.018156 0.797835 
0.682177 0.8475470000000001 0.25888 0.967975 0.04505 
0.37978 0.687486 0.173924 0.988536 0.116251 
0.190005 0.744204 0.989012 0.295211 0.493322 
0.619431 0.607653 0.090422 0.939493 0.069575 
0.6112 0.691751 0.596068 0.01382 0.259532 
0.011001 0.739312 0.521865 0.160362 0.850814 
0.54552 0.961037 0.319885 0.870058 0.182329 
0.107898 0.081163 0.993621 0.585815 0.517062 
0.82287 0.04176 0.276771 0.840271 0.216269 
0.220275 0.564294 0.335963 0.130071 0.977302 
0.158268 0.220827 0.783933 0.227637 0.989788 
0.07047100000000001 0.126257 0.692017 0.545868 0.968318 
0.646412 0.044366 0.154294 0.944513 0.730873 
0.321453 0.374408 0.923988 0.208573 0.256043 
0.668308 0.933744 0.423823 0.07559299999999999 0.284357 
0.01308 0.682606 0.594363 0.271309 0.541275 
0.262693 0.536728 0.510591 0.99031 0.394847 
0.361577 0.038268 0.7341569999999999 0.609501 0.361446 
0.924866 0.485476 0.615831 0.511396 0.011684 
0.411425 0.893917 0.406796 0.168453 0.193698 
0.375975 0.198908 0.128936 0.72424 0.944155 
0.107424 0.346994 0.98976 0.597213 0.650792 
0.7713140000000001 0.858693 0.726098 0.052269 0.311793 
0.975614 0.336537 0.378065 0.205031 0.404235 
0.951047 0.504783 0.07582 0.485072 0.746372 
0.435096 0.4727 0.996777 0.459307 0.127549 
0.016923 0.386917 0.693652 0.398981 0.960907 
0.354576 0.568491 0.620559 0.72846 0.842123 
0.009235999999999999 0.827318 0.354698 0.166881 0.796116 
0.118353 0.806423 0.062648 0.930958 0.434002 
0.255818 0.184133 0.574986 0.873369 0.875288 
0.8819630000000001 0.530907 0.7181999999999999 0.048959 0.297545 
0.982124 0.127662 0.412424 0.889205 0.166274 
0.893231 0.266457 0.03538 0.724631 0.219759 
0.403225 0.513782 0.317129 0.9902879999999999 0.104274 
0.938874 0.806947 0.128378 0.5837020000000001 0.029487 
0.125843 0.386966 0.268688 0.781718 0.433184 
0.549063 0.113039 0.9518450000000001 0.32701 0.880534 
0.632077 0.018649 0.851917 0.197456 0.851061 
0.163581 0.699511 0.138411 0.7559 0.257083 
0.845714 0.481791 0.60037 0.8575 0.170419 
0.516038 0.813871 0.370376 0.040084 0.847811 
0.429097 0.211849 0.753027 0.932943 0.566501 
0.45107 0.014066 0.521084 0.397004 0.685925 
0.97048 0.654918 0.194617 0.343452 0.314249 
0.79003 0.657936 0.012801 0.6680779999999999 0.660013 
0.901811 0.935862 0.163069 0.397223 0.282647 
0.743032 0.09572 0.693748 0.403101 0.965469 
0.177929 0.518344 0.48589 0.9910099999999999 0.336157 
0.117109 0.673922 0.045884 0.368232 0.950323 
0.456146 0.263015 0.82756 0.020838 0.470656 
0.397996 0.177921 0.7245279999999999 0.703843 0.869719 
0.149568 0.542274 0.500559 0.05985 0.777481 
0.512746 0.030834 0.397238 0.9740490000000001 0.513966 
0.369759 0.972398 0.53544 0.454821 0.035657 
0.771016 0.125764 0.187297 0.970062 0.236207 
0.981562 0.056444 0.416946 0.45497 0.446535 
0.059371 0.936492 0.22651 0.715763 0.834198 
0.9232050000000001 0.039479 0.6583830000000001 0.145778 0.769757 
0.08842800000000001 0.804472 0.93544 0.403753 0.426659 
0.692822 0.104325 0.955434 0.04512 0.524018 
0.893663 0.8539639999999999 0.214473 0.156264 0.330343 
0.379592 0.013632 0.471285 0.871272 0.5878949999999999 
0.021961 0.682238 0.535957 0.492995 0.346104 
0.223867 0.499991 0.684034 0.952974 0.168727 
0.682733 0.073652 0.788436 0.9418609999999999 0.253152 
0.374377 0.997275 0.290816 0.387769 0.420124 
0.771613 0.811371 0.061581 0.5499000000000001 0.066103 
0.62386 0.548646 0.007979 0.776656 0.265022 
0.597398 0.757884 0.009018999999999999 0.492678 0.5187580000000001 
0.25435 0.236234 0.241694 0.647208 0.950962 
0.22868 0.648416 0.07453899999999999 0.942701 0.370201 
0.911666 0.012631 0.610217 0.64069 0.341955 
0.768907 0.746722 0.259535 0.813357 0.011785 
0.020951 0.817341 0.102663 0.402228 0.829423 
0.251238 0.449022 0.227323 0.702502 0.9780180000000001 
0.530166 0.615837 0.006735 0.412615 0.865224 
0.018602 0.337094 0.8530450000000001 0.289716 0.947435 
0.977962 0.630618 0.487562 0.018185 0.347648 
0.304411 0.304416 0.324674 0.338217 0.980039 
0.034773 0.971957 0.525604 0.52362 0.735545 
0.519723 0.853473 0.101443 0.9787090000000001 0.320002 
0.895666 0.250329 0.109398 0.435504 0.366199 
0.013715 0.942238 0.544246 0.403538 0.489945 
0.10175 0.54627 0.162946 0.528022 0.962709 
0.434311 0.200626 0.276885 0.987716 0.286432 
0.191074 0.971121 0.477569 0.402342 0.801095 
0.173059 0.991402 0.252234 0.4833 0.533869 
0.025434 0.889282 0.448348 0.779807 0.432347 
0.983468 0.250334 0.451787 0.305333 0.563983 
0.437056 0.297109 0.159775 0.8609869999999999 0.277536 
0.936136 0.611241 0.655088 0.503651 0.016124 
0.601989 0.541566 0.257723 0.9920949999999999 0.264084 
0.815862 0.031764 0.673973 0.385307 0.901528 
0.724061 0.856968 0.413556 0.693244 0.410779 
0.08529200000000001 0.889564 0.809233 0.606572 0.325988 
0.333331 0.264478 0.283216 0.246178 0.788659 
0.202516 0.78625 0.296103 0.880765 0.811959 
0.024958 0.648614 0.243679 0.821646 0.423487 
0.977328 0.302337 0.114789 0.521945 0.481329 
0.041664 0.843695 0.124177 0.558816 0.882875 
0.697055 0.314355 0.035385 0.946568 0.199256 
0.648494 0.713131 0.9183210000000001 0.087257 0.382364 
0.857681 0.056981 0.081427 0.8189920000000001 0.655507 
0.903928 0.021625 0.422196 0.9327029999999999 0.642576 
0.50861 0.578735 0.924654 0.137371 0.796274 
0.765525 0.9060240000000001 0.692898 0.12991 0.039767 
0.044697 0.664361 0.416881 0.853652 0.787784 
0.994572 0.5643319999999999 0.5056850000000001 0.597517 0.087256 
0.586122 0.252258 0.8890400000000001 0.125955 0.9679990000000001 
0.012861 0.375509 0.834337 0.450539 0.748225 
0.494083 0.962595 0.392453 0.07277400000000001 0.620904 
0.422971 0.54975 0.7429210000000001 0.8212739999999999 0.006556 
0.787091 0.781782 0.545011 0.09160500000000001 0.069246 
0.548041 0.034542 0.190606 0.954039 0.484486 
0.9185179999999999 0.078941 0.396323 0.794978 0.026287 
0.264149 0.559671 0.204911 0.166197 0.830346 
0.731001 0.040223 0.121802 0.869122 0.676196 
0.946038 0.594102 0.323998 0.836852 0.180609 
0.388569 0.153218 0.09445000000000001 0.8410029999999999 0.6961580000000001 
0.918801 0.08404 0.7184 0.830783 0.11523 
0.246378 0.658408 0.589628 0.885562 0.699278 
0.5549539999999999 0.389552 0.191639 0.224821 0.998829 
0.048042 0.518702 0.982027 0.435654 0.427807 
0.441595 0.202307 0.233783 0.660359 0.9826589999999999 
0.026586 0.928739 0.174251 0.621607 0.406206 
0.147696 0.17505 0.957506 0.581214 0.8360069999999999 
0.756943 0.20353 0.01943 0.737994 0.616098 
0.453777 0.231556 0.90355 0.017297 0.747354 
0.722512 0.091781 0.062975 0.816181 0.82242 
0.312826 0.150371 0.95824 0.280364 0.434803 
0.500183 0.705211 0.976092 0.251046 0.5211710000000001 
0.228623 0.147237 0.270441 0.925165 0.801328 
0.486375 0.420294 0.428908 0.044915 0.96088 
0.944704 0.031471 0.651125 0.8133629999999999 0.183583 
0.992902 0.6874440000000001 0.262663 0.441107 0.2332 
0.415295 0.225718 0.063621 0.616074 0.974534 
0.291872 0.816254 0.265129 0.026068 0.836275 
0.466375 0.830531 0.011677 0.908127 0.423151 
0.400238 0.861586 0.03923 0.915066 0.148916 
0.620376 0.009174 0.87042 0.687554 0.238263 
0.411252 0.388139 0.99326 0.298277 0.314464 
0.973504 0.350922 0.082409  0.485 0.709508 
0.113482 0.9685049999999999 0.821854 0.351011 0.35726 
0.90434 0.377915 0.131317 0.364695 0.908787 
0.650181 0.622564 0.783825 0.298925 0.01656 
0.741911 0.015235 0.805087 0.137116 0.664054 
0.9200199999999999 0.35459 0.647252 0.050804 0.273621 
0.085212 0.57055 0.550893 0.079764 0.901179 
0.508973 0.234549 0.589933 0.994646 0.272517 
0.6345420000000001 0.605182 0.799861 0.750438 0.073075 
0.021172 0.9649799999999999 0.172674 0.573202 0.646294 
0.538418 0.028359 0.819177 0.58413 0.868694 
0.579599 0.312631 0.560972 0.985517 0.460275 
0.813043 0.181179 0.922575 0.198396 0.704263 
0.180128 0.20649 0.759943 0.900666 0.738915 
0.721379 0.455082 0.950039 0.451247 0.016455 
0.704917 0.131226 0.377338 0.225248 0.970727 
0.81687 0.066006 0.690757 0.07234 0.708892 
0.626669 0.761511 0.321267 0.061721 0.865861 
0.968534 0.234954 0.732044 0.158825 0.168445 
0.403556 0.439415 0.931055 0.833485 0.348385 
0.302459 0.699994 0.796407 0.879856 0.216942 
0.320674 0.247273 0.097786 0.92208 0.809406 
0.836851 0.438486 0.064086 0.934879 0.129968 
0.608396 0.769631 0.005704 0.672451 0.168039 
0.062602 0.784488 0.419766 0.8035409999999999 0.118988 
0.932972 0.201911 0.71333 0.094972 0.681958 
0.898689 0.117779 0.566223 0.948192 0.155571 
0.301304 0.587713 0.018869 0.943615 0.588156 
0.677975 0.914138 0.487977 0.648166 0.398275 
0.843695 0.939918 0.093302 0.189329 0.487367 
0.757845 0.286017 0.841627 0.012642 0.46808 
0.488069 0.624022 0.042147 0.259822 0.826754 
0.496555 0.640194 0.017221 0.676396 0.82902 
0.465904 0.298562 0.985858 0.154221 0.818169 
0.437199 0.957516 0.7370989999999999 0.09780700000000001 0.673516 
0.323626 0.5602009999999999 0.272311 0.483225 0.257605 
0.308274 0.468282 0.97161 0.747637 0.071023 
0.09024699999999999 0.438271 0.260576 0.647846 0.553808 
0.490544 0.331739 0.895649 0.550238 0.805883 
0.420031 0.907592 0.827874 0.080261 0.265968 
0.912348 0.125671 0.5788180000000001 0.060111 0.653703 
0.779249 0.829206 0.078698 0.630974 0.740847 
0.686843 0.12853 0.763819 0.464214 0.06296 
0.342378 0.714587 0.310852 0.671575 0.046795 
0.16792 0.331949 0.778172 0.64211 0.196044 
0.245527 0.990936 0.320074 0.188985 0.519635 
0.313115 0.982961 0.373839 0.11238 0.787901 
0.2595 0.390495 0.7695109999999999 0.9603429999999999 0.370563 
0.13139 0.646352 0.226114 0.216387 0.963716 
0.031132 0.764133 0.844189 0.188933 0.7865 
0.5906169999999999 0.631806 0.973091 0.228401 0.153898 
0.941212 0.136384 0.732281 0.294169 0.081638 
0.158769 0.681128 0.045672 0.759541 0.571197 
0.895966 0.453189 0.024489 0.861668  0.315 
0.475405 0.387545 0.19417 0.526552 0.371562 
0.452023 0.302499 0.904802 0.010608 0.596521 
0.6955480000000001 0.296532 0.215524 0.828939 0.046206 
0.51773 0.96867 0.168425 0.542485 0.114177 
0.683619 0.630096 0.631787 0.138769 0.8504119999999999 
0.011012 0.665424 0.828421 0.339241 0.65589 
0.966199 0.330572 0.326549 0.394732 0.839993 
0.826919 0.05015 0.706766 0.7005130000000001 0.06808599999999999 
0.967421 0.05397 0.21616 0.711313 0.483692 
0.019369 0.821893 0.078912 0.896329 0.647021 
0.181322 0.558594 0.125948 0.462923 0.673807 
0.359614 0.706156 0.280741 0.9925349999999999 0.20672 
0.06559 0.165565 0.544672 0.7176439999999999 0.7869429999999999 
0.164426 0.614274 0.840751 0.28537 0.964101 
0.974696 0.06325699999999999 0.687326 0.589107 0.346447 
0.806183 0.046308 0.692601 0.864009 0.388713 
0.471634 0.519991 0.047771 0.360897 0.704987 
0.829277 0.262847 0.929415 0.371244 0.5879760000000001 
0.277782 0.969173 0.177671 0.144251 0.728025 
0.150801 0.969301 0.433481 0.80423 0.389587 
0.742906 0.240478 0.241987 0.345904 0.401713 
0.510409 0.341371 0.536068 0.985958 0.166173 
0.212042 0.573555 0.151933 0.967985 0.731515 
0.526676 0.08842800000000001 0.888557 0.11364 0.970147 
0.944399 0.357704 0.258867 0.422166 0.163276 
0.99318 0.329144 0.367792 0.558925 0.370576 
0.031786 0.628735 0.269226 0.97758 0.541204 
0.096748 0.717657 0.53263 0.102328 0.986637 
0.428133 0.572389 0.183442 0.49185 0.270285 
0.9834619999999999 0.500851 0.188476 0.491931 0.22312 
0.871927 0.281017 0.674362 0.018326 0.750145 
0.189245 0.216205 0.274423 0.823814 0.488795 
0.921638 0.340094 0.918618 0.136075 0.523448 
0.484314 0.873086 0.915309 0.201373 0.176838 
0.028108 0.364128 0.95851 0.267141 0.771949 
0.102142 0.81193 0.129142 0.743554 0.307587 
0.107931 0.111718 0.709634 0.875333 0.514885 
0.5571430000000001 0.863532 0.12443 0.127556 0.466424 
0.710283 0.8382849999999999 0.048679 0.876539 0.116677 
0.0915 0.119885 0.645661 0.899156 0.713465 
0.379408 0.813209 0.625097 0.32195 0.062415 
0.067549 0.58524 0.837818 0.090014 0.98819 
0.695511 0.50166 0.002551 0.6583020000000001 0.387954 
0.47487 0.081468 0.413548 0.521163 0.386106 
0.66471 0.186908 0.667499 0.969318 0.31075 
0.439246 0.800972 0.961035 0.339666 0.119249 
0.507512 0.962297 0.724475 0.249883 0.066048 
0.347244 0.986896 0.535137 0.371952 0.098681 
0.253494 0.986038 0.069271 0.901362 0.489308 
0.753901 0.294021 0.993794 0.168464 0.59756 
0.164035 0.82701 0.770618 0.122349 0.337235 
0.258955 0.954051 0.019088 0.766998 0.535165 
0.905766 0.82568 0.141391 0.216212 0.351519 
0.19673 0.991325 0.689245 0.476425 0.237447 
0.269201 0.588548 0.05425 0.927298 0.787583 
0.754316 0.00426 0.307988 0.586481 0.691905 
0.417453 0.513428 0.014846 0.907239 0.709973 
0.503236 0.80764 0.9265370000000001 0.123818 0.213829 
0.192755 0.107839 0.828332 0.108718 0.920084 
0.200649 0.568058 0.914402 0.08562 0.959251 
0.646294 0.469363 0.0458 0.645574 0.974252 
0.478495 0.906986 0.419163 0.391724 0.049388 
0.326732 0.445778 0.921001 0.248594 0.974063 
0.80325 0.627011 0.237909 0.09449299999999999 0.409928 
0.727124 0.40076 0.382324 0.83518 0.74856 
0.415997 0.482908 0.990131 0.612227 0.07953 
0.977488 0.380347 0.267159 0.257717 0.49641 
0.058758 0.313874 0.968352 0.683404 0.615077 
0.283786 0.798123 0.021632 0.558851 0.7576889999999999 
0.203783 0.114948 0.369072 0.927812 0.542075 
0.490852 0.413519 0.899326 0.006663 0.762791 
0.202177 0.712328 0.036242 0.635224 0.907793 
0.7219640000000001 0.266901 0.692769 0.195781 0.9706900000000001 
0.758121 0.441635 0.823198 0.016705 0.385745 
0.719264 0.885085 0.369052 0.289398 0.062622 
0.062878 0.461101 0.77186 0.858823 0.668791 
0.542361 0.182279 0.784243 0.638841 0.012811 
0.565752 0.01907 0.258421 0.62693 0.926963 
0.22436 0.663482 0.8345939999999999 0.6904 0.071635 
0.042728 0.915141 0.5561160000000001 0.127442 0.718805 
0.104303 0.761673 0.544737 0.061274 0.684644 
0.577017 0.046453 0.547528 0.99218 0.359727 
0.9137960000000001 0.82309 0.327926 0.108972 0.334893 
0.282802 0.175885 0.943406 0.834985 0.314392 
0.273425 0.818356 0.728169 0.331326 0.894919 
0.255214 0.06823899999999999 0.803708 0.711212 0.875242 
0.679009 0.031607 0.403422 0.969327 0.09929499999999999 
0.274001 0.235931 0.981135 0.164638 0.850375 
0.898726 0.094856 0.958318 0.338658 0.488997 
0.916421 0.797092 0.372554 0.694141 0.017742 
0.301486 0.246127 0.48252 0.957985 0.175603 
0.015903 0.490858 0.865629 0.767552 0.266412 
0.581734 0.871903 0.071507 0.444522 0.197316 
0.02517 0.447792 0.896961 0.329101 0.903318 
0.972992 0.228562 0.378698 0.65635 0.057935 
0.9635 0.402992 0.151193 0.713963 0.585731 
0.54816 0.360225 0.49144 0.939439 0.676497 
0.807747 0.009389 0.389065 0.270277 0.772369 
0.982931 0.198923 0.1037 0.605946 0.610206 
0.295922 0.06392399999999999 0.5256769999999999 0.267423 0.8870440000000001 
0.892906 0.126205 0.601741 0.9356100000000001 0.162192 
0.032537 0.400772 0.6364340000000001 0.20655 0.852925 
0.17578 0.394545 0.586811 0.200021 0.556967 
0.498622 0.335364 0.7965989999999999 0.915921 0.08086500000000001 
0.57764 0.296731 0.177909 0.470544 0.992935 
0.063446 0.90625 0.760623 0.255986 0.456844 
0.533026 0.247726 0.474609 0.769517 0.896102 
0.257036 0.620052 0.991865 0.404219 0.395911 
0.226249 0.831251 0.025294 0.7047949999999999 0.817022 
0.041769 0.5965859999999999 0.939572 0.677522 0.289768 
0.771255 0.937603 0.102986 0.252627 0.362107 
0.782756 0.256787 0.12059 0.748682 0.851656 
0.5243640000000001 0.050058 0.9480420000000001  0.766 0.239771 
0.196396 0.706448 0.814948 0.010877 0.809975 
0.94401 0.309494 0.795469 0.60402 0.054953 
0.505705 0.316049 0.846356 0.007024 0.748648 
0.9813460000000001 0.511311 0.471858 0.7539169999999999 0.019069 
0.032132 0.855192 0.5629 0.6566920000000001 0.205138 
0.08204400000000001 0.238082 0.888279 0.306672 0.544095 
0.722905 0.317951 0.802486 0.00511 0.6297509999999999 
0.935488 0.032831 0.307579 0.639128 0.308707 
0.869909 0.168973 0.035026 0.922627 0.381135 
0.687826 0.763273 0.277853 0.023729 0.7108409999999999 
0.068166 0.978841 0.438874 0.147228 0.809279 
0.622878 0.806442 0.123701 0.906247 0.451672 
0.784006 0.5469270000000001 0.062626 0.109173 0.951649 
0.061259 0.93676 0.361009 0.310309 0.905452 
0.709056 0.978785 0.135508 0.540003 0.338909 
0.904358 0.507147 0.173995 0.183319 0.313321 
0.012257 0.785487 0.052562 0.892283 0.695295 
0.910601 0.162636 0.866072 0.641977 0.055654 
0.799411 0.016204 0.912225 0.349909 0.416949 
0.009668 0.790616 0.159562 0.81113 0.568414 
0.032424 0.851646 0.531467 0.764551 0.340879 
0.034153 0.809689 0.431356 0.872319 0.335333 
0.837523 0.756737 0.108564 0.82254 0.072412 
0.09196600000000001 0.322624 0.279041 0.577925 0.759484 
0.947831 0.117244 0.096654 0.9053949999999999 0.382424 
0.074864 0.424555 0.9792149999999999 0.522586 0.660639 
0.872996 0.377373 0.112143 0.579144 0.8950129999999999 
0.888235 0.54319 0.825089 0.124725 0.172163 
0.411781 0.0369 0.95214 0.085813 0.873204 
0.163617 0.462142 0.089298 0.53038 0.862906 
0.040554 0.621713 0.333319 0.98483 0.497952 
0.935573 0.590039 0.534975 0.011771 0.541333 
0.05592 0.835407 0.77968 0.294002 0.738334 
0.397536 0.940223 0.09170200000000001 0.9064489999999999 0.145286 
0.882727 0.651596 0.150025 0.365309 0.872117 
0.799769 0.799109 0.026209 0.485274 0.49709 
0.6373180000000001 0.976676 0.067775 0.624233 0.164637 
0.503849 0.611028 0.918066 0.030797 0.747801 
0.09327199999999999 0.712925 0.161687 0.461341 0.6260019999999999 
0.982641 0.146344 0.733975 0.566987 0.387117 
0.101521 0.386353 0.927548 0.316046 0.441393 
0.198008 0.939673 0.873929 0.199393 0.503633 
0.015372 0.671042 0.7140919999999999 0.495605 0.397181 
0.9665049999999999 0.472103 0.435256 0.825472 0.019058 
0.228169 0.424175 0.9859019999999999 0.10215 0.917879 
0.6224690000000001 0.990831 0.393384 0.541441 0.111869 
0.750684 0.891325 0.231459 0.64388 0.55677 
0.68884 0.117179 0.03368 0.572522 0.713643 
0.614585 0.375052 0.973808 0.109353 0.6994359999999999 
0.8704809999999999 0.364786 0.937288 0.553043 0.245211 
0.113478 0.330944 0.504498 0.213384 0.923216 
0.725934 0.782452 0.5594440000000001 0.161494 0.043108 
0.374148 0.357911 0.23058 0.867375 0.9185219999999999 
0.027805 0.923822 0.17111 0.261113 0.854302 
0.04914 0.919424 0.666077 0.106048 0.676118 
0.101058 0.287837 0.711707 0.973058 0.261682 
0.108027 0.300301 0.327275 0.953087 0.570414 
0.942161 0.60043 0.752081 0.200643 0.32947 
0.953912 0.037617 0.382007 0.770788 0.477406 
0.710623 0.092358 0.527098 0.795053 0.802953 
0.848081 0.0499 0.522204 0.945503 0.246059 
0.960389 0.182787 0.74325 0.803424 0.289637 
0.7311299999999999 0.73542 0.025918 0.441181 0.199475 
0.089128 0.648703 0.065869 0.639196 0.9052 
0.043699 0.6282140000000001 0.845044 0.164319 0.731324 
0.955734 0.820469 0.259078 0.533956 0.008154 
0.501842 0.213758 0.490338 0.209199 0.995048 
0.021696 0.32805 0.842615 0.662689 0.40351 
0.766513 0.8482460000000001 0.153943 0.878766 0.090576 
0.599766 0.511431 0.439254 0.068884 0.966853 
0.378209 0.209698 0.074375 0.779178 0.731896 
0.438475 0.409291 0.982062 0.160811 0.220926 
0.057541 0.226111 0.583639 0.483802 0.9456059999999999 
0.659596 0.409479 0.022328 0.292763 0.947798 
0.177062 0.745032 0.411304 0.36542 0.987653 
0.417563 0.75581 0.024022 0.976648 0.281853 
0.274675 0.78521 0.068839 0.468774 0.484041 
0.71152 0.5180169999999999 0.824879 0.023444 0.770721 
0.520914 0.531649 0.620261 0.003897 0.671824 
0.973172 0.5239509999999999 0.032826 0.628853 0.463079 
0.019579 0.9020820000000001 0.301643 0.9326989999999999 0.657644 
0.963357 0.271895 0.794003 0.32807 0.476519 
0.668407 0.014893 0.434447 0.228988 0.876356 
0.067606 0.121072 0.8264359999999999 0.761512 0.709972 
0.9659140000000001 0.5024420000000001 0.03895 0.554586 0.455183 
0.652319 0.044057 0.91109 0.661554 0.507804 
0.920841 0.237413 0.693155 0.043133 0.549407 
0.169888 0.195452 0.895124 0.311225 0.472671 
0.776915 0.844338 0.684682 0.505962 0.186347 
0.259283 0.582692 0.687536 0.38192 0.979407 
0.052801 0.98203 0.357381 0.798312 0.57376 
0.787641 0.869711 0.050359 0.322299 0.25664 
0.201794 0.283885 0.156687 0.659385 0.878427 
0.778907 0.218695 0.976882 0.369899 0.139142 
0.515123 0.766445 0.055406 0.167413 0.948313 
0.374985 0.921229 0.208197 0.781075 0.721879 
0.328161 0.819506 0.090616 0.950203 0.56043 
0.359385 0.97305 0.02267 0.6701009999999999 0.601007 
0.07767499999999999 0.7275509999999999 0.432805 0.574425 0.9791260000000001 
0.742893 0.661722 0.160502 0.7337050000000001 0.008522999999999999 
0.162264 0.590953 0.967661 0.209427 0.575563 
0.485273 0.156153 0.857939 0.463573 0.133933 
0.885014 0.90185 0.403678 0.09635299999999999 0.243057 
0.023491 0.596256 0.916838 0.418646 0.70844 
0.721074 0.449613 0.013867 0.264203 0.936544 
0.8345050000000001 0.227051 0.054434 0.451201 0.94773 
0.267032 0.466986 0.099762 0.386153 0.833367 
0.696947 0.294933 0.920144 0.331629 0.831149 
0.022965 0.938903 0.478181 0.565209 0.434395 
0.603912 0.990285 0.644078 0.242793 0.178127 
0.880722 0.759389 0.524887 0.104019 0.050767 
0.364386 0.988995 0.69515 0.11349 0.506501 
0.527852 0.608236 0.10691 0.990021 0.507098 
0.040129 0.769041 0.861799 0.157803 0.786373 
0.665368 0.398516 0.020223 0.449929 0.653084 
0.251915 0.974477 0.292987 0.791153 0.535268 
0.476207 0.621019 0.01542 0.831603 0.237673 
0.7319329999999999 0.310549 0.576546 0.941215 0.396306 
0.100666 0.371255 0.63916 0.867861 0.874177 
0.576793 0.765944 0.128912 0.361714 0.188165 
0.76334 0.252629 0.834515 0.874198 0.104555 
0.015569 0.769802 0.810808 0.361831 0.550526 
0.484979 0.979197 0.164298 0.769371 0.186695 
0.274385 0.139813 0.958233 0.69423 0.27286 
0.04007 0.748368 0.171546 0.81213 0.377619 
0.4869 0.140894 0.284133 0.869526 0.921944 
0.802782 0.532193 0.924181 0.103776 0.417068 
0.898983 0.518647 0.088173 0.92482 0.367637 
0.08555500000000001 0.953182 0.184887 0.811343 0.628365 
0.769472 0.77178 0.07173599999999999 0.864337 0.104183 
0.252186 0.042503 0.395319 0.63973 0.849597 
0.186694 0.995788 0.574342 0.500691 0.428023 
0.200269 0.995704 0.58286 0.568833 0.25969 
0.559369 0.908254 0.128597 0.906282 0.191835 
0.390623 0.06277099999999999 0.401944 0.558327 0.965832 
0.051124 0.847813 0.629162 0.113544 0.662309 
0.106841 0.955268 0.113295 0.8466630000000001 0.546188 
0.320158 0.782054 0.307881 0.269339 0.98788 
0.806874 0.417513 0.029518 0.424812 0.904511 
0.129734 0.947091 0.521546 0.08193599999999999 0.684669 
0.708026 0.132523 0.909118 0.140805 0.818724 
0.875389 0.253056 0.046829 0.854603 0.218994 
0.114691 0.801876 0.843849 0.102883 0.7182539999999999 
0.157889 0.60129 0.231561 0.484784 0.509867 
0.73307 0.220713 0.357639 0.57701 0.976168 
0.010044 0.345793 0.522648 0.819788 0.5337190000000001 
0.680211 0.588911 0.004649 0.716736 0.341246 
0.088273 0.619117 0.680652 0.922464 0.118938 
0.436257 0.224536 0.873617 0.716236 0.039291 
0.876352 0.779408 0.369617 0.464318 0.00576 
0.701648 0.48652 0.669892 0.822086 0.00551 
0.226839 0.025481 0.706561 0.868514 0.624149 
0.839651 0.610205 0.249209 0.366886 0.90401 
0.056132 0.562254 0.589093 0.271602 0.550565 
0.614195 0.822861 0.016749 0.8813260000000001 0.31029 
0.335843 0.031078 0.925355 0.251557 0.901788 
0.574643 0.207285 0.104961 0.713403 0.46647 
0.561291 0.983588 0.61552 0.095689 0.361164 
0.103532 0.843587 0.637811 0.816031 0.443848 
0.761222 0.044987 0.556625 0.915417 0.088723 
0.781378 0.127832 0.813457 0.210932 0.167002 
0.747521 0.014796 0.425724 0.230058 0.855321 
0.102694 0.894998 0.5571430000000001 0.042339 0.794493 
0.970278 0.494218 0.347206 0.287585 0.137109 
0.521999 0.215791 0.739873 0.462413 0.064597 
0.838785 0.223954 0.9727980000000001 0.710616 0.142513 
0.245913 0.490855 0.5109900000000001 0.760182 0.089834 
0.69038 0.891216 0.779622 0.127545 0.49434 
0.75829 0.604229 0.843149 0.153071 0.084815 
0.806149 0.8653729999999999 0.438271 0.591975 0.313918 
0.90349 0.00454 0.45667 0.7749200000000001 0.43951 
0.944909 0.08540300000000001 0.6031029999999999 0.324043 0.7269 
0.741404 0.215581 0.68952 0.730805 0.004707 
0.72529 0.095445 0.932692 0.07484399999999999 0.410856 
0.663064 0.970916 0.309674 0.656725 0.0796 
0.953018 0.240124 0.57335 0.338632 0.804727 
0.30806 0.763371 0.354314 0.982378 0.366459 
0.981403 0.716598 0.459856 0.08436 0.448982 
0.818268 0.61463 0.044105 0.829211 0.139113 
0.903152 0.485491 0.654374 0.213022 0.719089 
0.8232699999999999 0.588134 0.848325 0.089395 0.53997 
0.93547 0.471938 0.637382 0.170254 0.711991 
0.564887 0.87876 0.7729510000000001 0.432737 0.017347 
0.379027 0.640948 0.05496 0.41873 0.982968 
0.682944 0.272445 0.200188 0.135366 0.7397359999999999 
0.689762 0.00158 0.633271 0.776046 0.391054 
0.619881 0.33734 0.536582 0.272748 0.116134 
0.743851 0.050097 0.91683 0.297317 0.166333 
0.313835 0.8693920000000001 0.053913 0.945623 0.245257 
0.02758 0.204424 0.891143 0.974235 0.358904 
0.614671 0.066132 0.114815 0.816653 0.580627 
0.456048 0.7119490000000001 0.849822 0.710776 0.199362 
0.727537 0.7844139999999999 0.018494 0.827171 0.260497 
0.318907 0.55431 0.535582 0.833479 0.00812 
0.014861 0.728777 0.556727 0.672601 0.333799 
0.6408239999999999 0.792331 0.805144 0.346405 0.028092 
0.18842 0.227567 0.543469 0.986244 0.485126 
0.475906 0.628405 0.451559 0.696009 0.003428 
0.153231 0.796394 0.039636 0.475971 0.7626230000000001 
0.407591 0.734782 0.23109 0.001788 0.8375590000000001 
0.624188 0.671412 0.199512 0.904612 0.609728 
0.30813 0.506349 0.902904 0.071935 0.400189 
0.462818 0.502409 0.214365 0.19973 0.993325 
0.679952 0.96318 0.047772 0.368533 0.5382169999999999 
0.908084 0.018842 0.6165040000000001 0.322795 0.485401 
0.93524 0.886518 0.19511 0.417742 0.19884 
0.611415 0.347996 0.992862 0.124419 0.597118 
0.734369 0.883383 0.448251 0.015782 0.536803 
0.066778 0.941454 0.654825 0.662427 0.227651 
0.353355 0.835696 0.941612 0.282394 0.407806 
0.015116 0.432856 0.517725 0.717939 0.478561 
0.933157 0.098964 0.664328 0.066777 0.66043 
0.6454569999999999 0.452607 0.5147 0.983031 0.371604 
0.644664 0.089306 0.982454 0.336679 0.248896 
0.565689 0.21361 0.443639 0.076664 0.790832 
0.376801 0.89899 0.010638 0.883125 0.24778 
0.559429 0.5873429999999999 0.344919 0.105086 0.993608 
0.044793 0.817197 0.152659 0.394035 0.714241 
0.507769 0.268396 0.9639489999999999 0.566318 0.717477 
0.926021 0.333692 0.022009 0.395666 0.603539 
0.80274 0.334306 0.803231 0.851065 0.19713 
0.62893 0.798634 0.819971 0.261652 0.495426 
0.10042 0.981196 0.29327 0.193812 0.790482 
0.754756 0.727074 0.029381 0.883039 0.305802 
0.531809 0.007315 0.8526010000000001 0.117455 0.735282 
0.200645 0.485422 0.372414 0.05465 0.87996 
0.712833 0.923997 0.070546 0.753336 0.097731 
0.690991 0.32545 0.28167 0.068951 0.870157 
0.617957 0.025346 0.280219 0.866918 0.787014 
0.468317 0.079624 0.74346 0.027025 0.916709 
0.6166779999999999 0.451245 0.944626 0.036143 0.379619 
0.122455 0.956645 0.062039 0.84906 0.381928 
0.736456 0.269102 0.584466 0.8976229999999999 0.005304 
0.01743 0.931488 0.355415 0.445593 0.504042 
0.8364200000000001 0.743295 0.784476 0.193514 0.319985 
0.056398 0.896888 0.272447 0.296838 0.972915 
0.647102 0.757586 0.472712 0.971242 0.107139 
0.602585 0.923148 0.518776 0.606635 0.023247 
0.349042 0.391461 0.034751 0.899985 0.687656 
0.31112 0.37964 0.952153 0.044669 0.5856710000000001 
0.417298 0.256295 0.95561 0.881324 0.086296 
0.923499 0.024502 0.7911280000000001 0.466338 0.768459 
0.5646 0.780324 0.8269030000000001 0.468536 0.336888 
0.197763 0.642555 0.860839 0.509094 0.037388 
0.647083 0.761489 0.610604 0.032513 0.092561 
0.685477 0.946858 0.636728 0.130517 0.277849 
0.978789 0.291272 0.824234 0.389029 0.103699 
0.793812 0.044928 0.271009 0.301815 0.864797 
0.416128 0.806023 0.14602 0.620509 0.08217099999999999 
0.027803 0.219404 0.686352 0.928751 0.664243 
0.530326 0.721315 0.442845 0.718525 0.006109 
0.891678 0.043071 0.9137459999999999 0.147132 0.339569 
0.578104 0.960481 0.607393 0.232757 0.47718 
0.641743 0.160554 0.990053 0.260474 0.287084 
0.053526 0.9634740000000001 0.562079 0.173014 0.658516 
0.334529 0.06909800000000001 0.8677009999999999 0.862618 0.647081 
0.816686 0.504086 0.478513 0.940792 0.19534 
0.898442 0.377325 0.311739 0.958357 0.230461 
0.023355 0.852884 0.229114 0.430055 0.543578 
0.425347 0.031598 0.810164 0.733218 0.313221 
0.5337809999999999 0.71791 0.872206 0.047324 0.267739 
0.182029 0.936427 0.6172339999999999 0.018908 0.62647 
0.632697 0.936254 0.290536 0.226155 0.78156 
0.04975 0.551387 0.254478 0.955828 0.646624 
0.922017 0.6532790000000001 0.337293 0.164219 0.769312 
0.491131 0.02571 0.970831 0.187482 0.774487 
0.881578 0.569261 0.059725 0.225879 0.501675 
0.395248 0.975444 0.522093 0.110521 0.696256 
0.386214 0.228147 0.5361900000000001 0.71767 0.976091 
0.841753 0.186757 0.964832 0.15972 0.209789 
0.739366 0.029036 0.625171 0.12271 0.691096 
0.316247 0.102024 0.345118 0.564392 0.581315 
0.743382 0.467928 0.00569 0.67943 0.430886 
0.129876 0.884846 0.821181 0.570217 0.438848 
0.004715 0.956991 0.19064 0.543933 0.703738 
0.07233299999999999 0.110755 0.81628 0.257524 0.7690630000000001 
0.619606 0.123312 0.437208 0.976976 0.569143 
0.357666 0.919763 0.681349 0.013561 0.570981 
0.149587 0.990714 0.47403 0.257451 0.368591 
0.115136 0.836924 0.666347 0.241027 0.953771 
0.41132 0.792053 0.481022 0.035123 0.923828 
0.220829 0.278141 0.930135 0.082208 0.765912 
0.06940399999999999 0.838434 0.64919 0.401546 0.177061 
0.158405 0.677032 0.753823 0.047062 0.55684 
0.06342399999999999 0.938046 0.168857 0.171555 0.847781 
0.264341 0.842117 0.643584 0.684536 0.018928 
0.314089 0.489304 0.060658 0.547235 0.9963959999999999 
0.229579 0.857353 0.053602 0.878282 0.28184 
0.883571 0.08483599999999999 0.312575 0.966738 0.481898 
0.106556 0.145836 0.834775 0.845722 0.350216 
0.764495 0.357363 0.9809639999999999 0.109319 0.341142 
0.345844 0.975302 0.054503 0.510668 0.256746 
0.512886 0.183643 0.963919 0.28607 0.938605 
0.432679 0.957023 0.306892 0.610209 0.030635 
0.822171 0.700588 0.156072 0.96108 0.18238 
0.873363 0.34557 0.080597 0.934206 0.101764 
0.958229 0.531145 0.485317 0.014149 0.629486 
0.98947 0.412016 0.450024 0.30783 0.55217 
0.450502 0.110469 0.8992059999999999 0.560509 0.824603 
0.012004 0.869828 0.405999 0.7955449999999999 0.539225 
0.880877 0.299692 0.366142 0.970283 0.13999 
0.220397 0.541389 0.938155 0.022005 0.758476 
0.983783 0.378641 0.583983 0.108705 0.610162 
0.560931 0.494038 0.020364 0.633278 0.938932 
0.336668 0.814879 0.053444 0.34494 0.908711 
0.225716 0.039037 0.80482 0.959212 0.538439 
0.933192 0.345276 0.03838 0.903498 0.311291 
0.255566 0.85721 0.9153019999999999 0.072141 0.672802 
0.8028999999999999 0.01896 0.5411280000000001 0.872676 0.265264 
0.140065 0.243505 0.984895 0.191566 0.819358 
0.109964 0.8639520000000001 0.913283 0.377422 0.192818 
0.757641 0.651326 0.179511 0.5254760000000001 0.065613 
0.732823 0.526183 0.289133 0.077844 0.436925 
0.533731 0.07757500000000001 0.923522 0.686213 0.108871 
0.431097 0.543211 0.136965 0.936642 0.81762 
0.024022 0.614846 0.570453 0.885206 0.733084 
0.256631 0.589097 0.337882 0.13827 0.991781 
0.840372 0.225486 0.839678 0.043881 0.44984 
0.329668 0.5803120000000001 0.081801 0.232501 0.903572 
0.017715 0.251583 0.629407 0.488438 0.66396 
0.983986 0.519567 0.274727 0.317516 0.47844 
0.191189 0.298512 0.437946 0.897216 0.211118 
0.360632 0.271044 0.236193 0.993308 0.657899 
0.968263 0.630841 0.360222 0.446873 0.561096 
0.06111 0.45533 0.907794 0.897684 0.28671 
0.204802 0.6119599999999999 0.855653 0.484343 0.883377 
0.874402 0.259559 0.888008 0.208928 0.010834 
0.214597 0.992754 0.21889 0.538907 0.725758 
0.657761 0.241813 0.40291 0.994929 0.274382 
0.294624 0.861808 0.038764 0.876545 0.640482 
0.234308 0.982826 0.461662 0.738754 0.331583 
0.251609 0.292672 0.527921 0.742325 0.956829 
0.332337 0.957933 0.634372 0.466979 0.056129 
0.026307 0.440237 0.608897 0.928239 0.332575 
0.343365 0.642472 0.284199 0.998935 0.152699 
0.028944 0.641856 0.861214 0.425214 0.779578 
0.116711 0.150258 0.7811090000000001 0.688658 0.873952 
0.145992 0.95694 0.472689 0.678182 0.138335 
0.177186 0.820974 0.22386 0.122489 0.764872 
0.5065460000000001 0.460871 0.994736 0.048002 0.503253 
0.02402 0.723913 0.878728 0.268611 0.702039 
0.07641000000000001 0.415938 0.142966 0.536405 0.916504 
0.691279 0.034092 0.552046 0.75495 0.084618 
0.918558 0.769361 0.250885 0.73563 0.0977 
0.431688 0.597908 0.354265 0.941119 0.651147 
0.837913 0.451653 0.716701 0.510842 0.602887 
0.957176 0.398083 0.818079 0.524181 0.09041299999999999 
0.728175 0.099621 0.251967 0.6797800000000001 0.9282629999999999 
0.375643 0.594381 0.447858 0.84628 0.008822 
0.337889 0.012315 0.828971 0.546863 0.873336 
0.675054 0.34789 0.505001 0.360328 0.9835 
0.146156 0.955028 0.176205 0.721229 0.748951 
0.294211 0.297828 0.573777 0.979236 0.140764 
0.618999 0.238408 0.418723 0.356529 0.996712 
0.557108 0.749994 0.07141699999999999 0.206934 0.475144 
0.15525 0.934321 0.662201 0.076309 0.504569 
0.383468 0.942767 0.216479 0.5766559999999999 0.052707 
0.316615 0.6278049999999999 0.241444 0.244537 0.528327 
0.790466 0.8723379999999999 0.198002 0.5089900000000001 0.017086 
0.276401 0.5390779999999999 0.06963999999999999 0.902155 0.905783 
0.07421800000000001 0.229338 0.94685 0.504777 0.922254 
0.938785 0.577708 0.844388 0.375013 0.09526800000000001 
0.223842 0.601037 0.883313 0.814951 0.261563 
0.161357 0.576825 0.983496 0.388621 0.289136 
0.986001 0.09063 0.7713449999999999 0.222652 0.329183 
0.320121 0.613672 0.6613059999999999 0.06929 0.308925 
0.469273 0.023062 0.594125 0.263834 0.910233 
0.926673 0.233232 0.95691 0.158192 0.46728 
0.05916 0.9251470000000001 0.256113 0.148106 0.8292929999999999 
0.894647 0.880637 0.428033 0.202922 0.09332799999999999 
0.094037 0.991708 0.309974 0.259576 0.823044 
0.025029 0.928866 0.674647 0.197441 0.732777 
0.467873 0.678831 0.678728 0.819951 0.020431 
0.041805 0.753014 0.453427 0.911201 0.263855 
0.038511 0.429409 0.342413 0.82831 0.493458 
0.626642 0.912145 0.626867 0.519041 0.084034 
0.251127 0.731307 0.671432 0.598604 0.009790999999999999 
0.9499610000000001 0.23068 0.160288 0.932369 0.13291 
0.8137180000000001 0.252089 0.441058 0.981523 0.062165 
0.45859 0.26477 0.639776 0.056504 0.990622 
0.698783 0.013203 0.64264 0.87052 0.408041 
0.775105 0.039103 0.869983 0.347364 0.179796 
0.044452 0.207244 0.948832 0.245617 0.884027 
0.719511 0.506506 0.89418 0.24722 0.025462 
0.09391099999999999 0.543924 0.914492 0.807922 0.34286 
0.841444 0.8157720000000001 0.063194 0.104597 0.606299 
0.137498 0.812659 0.493496 0.909341 0.145884 
0.7063970000000001 0.095113 0.814756 0.933889 0.29619 
0.970674 0.420172 0.21266 0.898749 0.0597 
0.475054 0.45649 0.158052 0.7892709999999999 0.123238 
0.8961170000000001 0.001442 0.165126 0.639387 0.372888 
0.162147 0.851763 0.81609 0.072793 0.597981 
0.264238 0.889178 0.253338 0.71496 0.043227 
0.864821 0.012703 0.878572 0.371349 0.464367 
0.7153 0.716199 0.7821709999999999 0.052336 0.6357930000000001 
0.264996 0.867692 0.592946 0.58279 0.015735 
0.7409750000000001 0.324328 0.025728 0.43537 0.9114100000000001 
0.584839 0.873186 0.80791 0.29212 0.403715 
0.825827 0.484354 0.957971 0.309243 0.192213 
0.908908 0.09408900000000001 0.79369 0.489691 0.025738 
0.488201 0.979207 0.161528 0.368523 0.614627 
0.947273 0.921623 0.379531 0.378672 0.151806 
0.108242 0.214269 0.710903 0.121749 0.809326 
0.182698 0.307938 0.49192 0.987653 0.408018 
0.660198 0.918739 0.170075 0.586362 0.703525 
0.6920460000000001 0.784405 0.86098 0.306478 0.227201 
0.269789 0.452429 0.957384 0.75418 0.090436 
0.560829 0.477471 0.273496 0.905181 0.7589089999999999 
0.835365 0.0032 0.78818 0.372532 0.453973 
0.784338 0.913528 0.395582 0.374271 0.003355 
0.92182 0.016418 0.628046 0.297954 0.637471 
0.113323 0.887085 0.288047 0.526887 0.979803 
0.68186 0.270617 0.925316 0.059933 0.8431110000000001 
0.540269 0.418004 0.006895 0.702184 0.618068 
0.461098 0.7764259999999999 0.936715 0.068076 0.227299 
0.550684 0.324823 0.990788 0.156888 0.340951 
0.105229 0.991307 0.367249 0.475279 0.636375 
0.987229 0.656493 0.542984 0.35377 0.089319 
0.199716 0.947529 0.227063 0.357969 0.956315 
0.928801 0.166696 0.159755 0.236606 0.735792 
0.336624 0.393218 0.945263 0.8976229999999999 0.288044 
0.087091 0.927486 0.126648 0.6959610000000001 0.78971 
0.496746 0.287746 0.057247 0.7948460000000001 0.9495440000000001 
0.088531 0.410183 0.984201 0.367934 0.641181 
0.983117 0.586935 0.500776 0.100926 0.357824 
0.397186 0.448416 0.014333 0.8089499999999999 0.648613 
0.838162 0.588233 0.277879 0.296361 0.932751 
0.5770149999999999 0.614555 0.183486 0.677215 0.030956 
0.847284 0.418117 0.501756 0.461236 0.815923 
0.016454 0.428926 0.61113 0.625337 0.436511 
0.496582 0.747488 0.09114999999999999 0.707524 0.08282100000000001 
0.966122 0.036021 0.600145 0.288569 0.600092 
0.9592270000000001 0.653408 0.345997 0.06641 0.41746 
0.107498 0.975532 0.495539 0.489617 0.319985 
0.965211 0.44388 0.130776 0.663089 0.161747 
0.534726 0.2704 0.245316 0.132733 0.886964 
0.437776 0.667649 0.002032 0.742314 0.469804 
0.639197 0.774663 0.567905 0.002049 0.627939 
0.420992 0.970263 0.62863 0.154464 0.258017 
0.320269 0.359715 0.84959 0.946228 0.323739 
0.992372 0.09075999999999999 0.603984 0.713086 0.271055 
0.582267 0.002398 0.473606 0.530956 0.781891 
0.9489 0.115181 0.729997 0.108383 0.637101 
0.207431 0.864951 0.487083 0.86936 0.465336 
0.349475 0.890452 0.8799709999999999 0.069064 0.50395 
0.04756 0.95259 0.50691 0.407394 0.438664 
0.427919 0.978118 0.221091 0.094915 0.6202299999999999 
0.156701 0.847516 0.695848 0.798017 0.126601 
0.028111 0.946703 0.450195 0.372829 0.811118 
0.913471 0.526184 0.140708 0.318026 0.272525 
0.987215 0.310219 0.649428 0.234123 0.246015 
0.978888 0.44971 0.120253 0.805083 0.23073 
0.672718 0.045989 0.809594 0.767281 0.615695 
0.343688 0.115253 0.402385 0.870629 0.949059 
0.923022 0.439498 0.054574 0.569509 0.72558 
0.629785 0.409796 0.79359 0.124486 0.946468 
0.855484 0.478145 0.010654 0.435713 0.45277 
0.835823 0.848831 0.089989 0.715104 0.235268 
0.133585 0.497352 0.135367 0.786532 0.945329 
0.084095 0.259417 0.542273 0.692685 0.932625 
0.48782 0.536655 0.968087 0.62146 0.318157 
0.7899350000000001 0.158058 0.208584 0.8299029999999999 0.06122 
0.06922 0.410939 0.981436 0.779392 0.452963 
0.152694 0.4717 0.952087 0.44372 0.161356 
0.946649 0.037777 0.689431 0.333882 0.391013 
0.197196 0.714401 0.78969 0.458285 0.912158 
0.202017 0.176079 0.92036 0.227548 0.605433 
0.209467 0.622081 0.822828 0.037555 0.504023 
0.186334 0.049038 0.523904 0.803797 0.604442 
0.055443 0.269442 0.937493 0.737571 0.623826 
0.436491 0.096328 0.790106 0.196455 0.46175 
0.295365 0.032053 0.889951 0.606748 0.845733 
0.153899 0.893926 0.477501 0.9244059999999999 0.266494 
0.968567 0.544662 0.285043 0.269018 0.71418 
0.174781 0.970253 0.348901 0.89302 0.330991 
0.648365 0.090767 0.399426 0.989425 0.171648 
0.296154 0.788555 0.018328 0.665723 0.5114030000000001 
0.870269 0.168038 0.830443 0.077875 0.614318 
0.101018 0.06798800000000001 0.686236 0.696074 0.7073739999999999 
0.352976 0.891726 0.829406 0.123095 0.183861 
0.351703 0.576971 0.675085 0.916454 0.043684 
0.117523 0.584033 0.976644 0.26522 0.865276 
0.374234 0.440452  0.007 0.843649 0.838823 
0.042238 0.664482 0.901821 0.461291 0.6353 
0.158477 0.776178 0.053507 0.661365 0.917856 
0.344547 0.370939 0.138774 0.391598 0.963296 
0.508947 0.687307 0.00288 0.495434 0.852837 
0.300229 0.750538 0.369517 0.681142 0.9588719999999999 
0.062843 0.6291909999999999 0.310487 0.591846 0.970311 
0.442947 0.270481 0.494098 0.927497 0.050306 
0.937186 0.398609 0.593344 0.854385 0.102358 
0.455166 0.797817 0.23455 0.691895 0.022469 
0.691464 0.661438 0.5192020000000001 0.912779 0.055661 
0.652276 0.435214 0.25433 0.185463 0.426972 
0.925199 0.82927 0.480065 0.454815 0.194296 
0.215157 0.697966 0.009238 0.919992 0.482034 
0.694087 0.752396 0.119864 0.968761 0.12905 
0.172777 0.096203 0.385441 0.871893 0.6394069999999999 
0.417822 0.749352 0.097175 0.163658 0.744765 
0.637242 0.94474 0.398068 0.031447 0.456153 
0.700454 0.111779 0.974201 0.818514 0.008356000000000001 
0.773118 0.902989 0.577749 0.092471 0.425633 
0.956853 0.57622 0.37002 0.07342799999999999 0.337384 
0.711636 0.032044 0.414212  0.708 0.163302 
0.654639 0.686819 0.09026000000000001 0.674652 0.857287 
0.334543 0.863805 0.795113 0.5467109999999999 0.11568 
0.926779 0.306672 0.649609 0.038427 0.60412 
0.126114 0.957627 0.902552 0.391889 0.315897 
0.9068079999999999 0.672392 0.695775 0.488903 0.213416 
0.747551 0.56194 0.07083 0.082617 0.896995 
0.238649 0.985227 0.740702 0.18055 0.479082 
0.257955 0.472701 0.182045 0.959579 0.845475 
0.579564 0.169752 0.378762 0.966303 0.69108 
0.958075 0.174853 0.742169 0.249364 0.600009 
0.7711789999999999 0.061882 0.719651 0.052841 0.525972 
0.01144 0.566511 0.405861 0.843402 0.465223 
0.851566 0.08595800000000001 0.131123 0.452437 0.910851 
0.197631 0.924056 0.884371 0.229017 0.415371 
0.07105499999999999 0.735388 0.64886 0.105117 0.632918 
0.251878 0.726619 0.829617 0.05216 0.8561530000000001 
0.00324 0.631937 0.319336 0.49425 0.748854 
0.35404 0.626043 0.443843 0.9786589999999999 0.044493 
0.263808 0.7919079999999999 0.387271 0.487647 0.100438 
0.48225 0.575766 0.318756 0.051166 0.574333 
0.144978 0.662401 0.132509 0.324355 0.983181 
0.038517 0.861063 0.210951 0.955064 0.57269 
0.973247 0.499418 0.109193 0.494565 0.566636 
0.070608 0.858217 0.156127 0.458816 0.974877 
0.886029 0.229296 0.433246 0.148264 0.455392 
0.894049 0.018616 0.648146 0.577082 0.227436 
0.779106 0.439464 0.133919 0.997018 0.121699 
0.483321 0.734707 0.007599 0.459098 0.620594 
0.06394 0.379889 0.608231 0.6758110000000001 0.356013 
0.379086 0.522599 0.022276 0.951362 0.506266 
0.452281 0.1512 0.60338 0.992383 0.474221 
0.144334 0.243648 0.945228 0.533529 0.337678 
0.433405 0.990384 0.485529 0.654135 0.30564 
0.290454 0.833369 0.545941 0.00467 0.754782 
0.698643 0.986751 0.296608 0.217952 0.387374 
0.494187 0.820989 0.6641899999999999 0.792868 0.034485 
0.282621 0.9768 0.062706 0.324853 0.719539 
0.017235 0.24871 0.889069 0.397259 0.920617 
0.7484189999999999 0.544361 0.92396 0.076623 0.369363 
0.509671 0.590791 0.994933 0.289142 0.320492 
0.057655 0.522461 0.175195 0.7356819999999999 0.6123 
0.731515 0.878095 0.090186 0.174364 0.422169 
0.109391 0.22539 0.328726 0.692037 0.643085 
0.654779 0.229755 0.01769 0.9438879999999999 0.575182 
0.5386300000000001 0.452109 0.065724 0.94223 0.165389 
0.692843 0.918479 0.037093 0.425605 0.336932 
0.661068 0.191597 0.016089 0.893824 0.789168 
0.522855 0.394382 0.120229 0.27449 0.963294 
0.971381 0.034071 0.499135 0.5227889999999999 0.368498 
0.618186 0.019374 0.578449 0.543646 0.884171 
0.686571 0.609271 0.134992 0.241935 0.9805160000000001 
0.136839 0.954816 0.166332 0.211274 0.955555 
0.110473 0.105027 0.640035 0.309293 0.891756 
0.179135 0.215009 0.473944 0.51479 0.56724 
0.109897 0.632836 0.367384 0.9938 0.495565 
0.460848 0.032817 0.872069 0.361419 0.937447 
0.275244 0.565614 0.098272 0.968167 0.713982 
0.7150260000000001 0.845352 0.175442 0.81974 0.026925 
0.839015 0.107652 0.170901 0.97432 0.253987 
0.145035 0.747545 0.797445 0.018272 0.592821 
0.062615 0.892633 0.593421 0.8115520000000001 0.201794 
0.289483 0.481517 0.76159 0.151994 0.295474 
0.250721 0.766607 0.208328 0.96345 0.612058 
0.857995 0.03314 0.697815 0.217256 0.44415 
0.735438 0.039512 0.934229 0.484587 0.58221 
0.930497 0.81103 0.085853 0.121517 0.647902 
0.380503 0.034597 0.211853 0.972751 0.710554 
0.507957 0.552048 0.020951 0.927907 0.307688 
0.2331 0.361822 0.733555 0.793999 0.066611 
0.086905 0.861079 0.502072 0.794062 0.080271 
0.01461 0.781401 0.63427 0.114592 0.938369 
0.020218 0.648847 0.117421 0.911046 0.589793 
0.149762 0.5805360000000001 0.263098 0.315084 0.9987470000000001 
0.487809 0.820472 0.055908 0.949226 0.468003 
0.749433 0.061864 0.957245 0.063445 0.655544 
0.209429 0.808884 0.697946 0.04661 0.843852 
0.419885 0.627149 0.992831 0.351561 0.06762799999999999 
0.415095 0.640769 0.662738 0.904779 0.36688 
0.454287 0.010307 0.765651 0.845371 0.573289 
0.184584 0.746267 0.893104 0.689868 0.465141 
0.497649 0.418948 0.170242 0.205806 0.6643 
0.568988 0.099985 0.06651 0.689026 0.692914 
0.982048 0.325392 0.79735 0.263154 0.06750100000000001 
0.671681 0.933239 0.579111 0.047717 0.137779 
0.158622 0.280957 0.985221 0.211226 0.897862 
0.153221 0.891779 0.6265309999999999 0.043346 0.520995 
0.98629 0.162181 0.351003 0.675801 0.186447 
0.293716 0.254286 0.998247 0.639548 0.388484 
0.651463 0.016216 0.698153 0.085213 0.777168 
0.032888 0.458692 0.6024040000000001 0.628739 0.91947 
0.851546 0.908358 0.053876 0.504294 0.380369 
0.904222 0.396924 0.021648 0.338781 0.610282 
0.797378 0.574563 0.821537 0.515272 0.015874 
0.538095 0.014501 0.449605 0.8817970000000001 0.473304 
0.382987 0.510729 0.021339 0.491235 0.84337 
0.290788 0.200333 0.993792 0.535191 0.619019 
0.979675 0.683795 0.321236 0.6674369999999999 0.284095 
0.942364 0.157035 0.132832 0.916922 0.348151 
0.662694 0.01722 0.172036 0.757722 0.693269 
0.75357 0.014393 0.55111 0.199124 0.848015 
0.700754 0.020917 0.697838 0.879798 0.230694 
0.897315 0.805683 0.490564 0.377554 0.007929 
0.428659 0.64036 0.989778 0.408824 0.434192 
0.75118 0.047056 0.613013 0.230749 0.398946 
0.940635 0.009368 0.6275849999999999 0.462214 0.510058 
0.587773 0.652899 0.039505 0.203276 0.935477 
0.20309 0.272078 0.993248 0.487306 0.671105 
0.685959 0.715211 0.438036 0.075739 0.113151 
0.300391 0.111128 0.788702 0.954277 0.257564 
0.386573 0.36445 0.835767 0.579319 0.850101 
0.859035 0.700616 0.550282 0.713629 0.027045 
0.730785 0.141178 0.483243 0.911147 0.015584 
0.43132 0.00831 0.818092 0.690918 0.445153 
0.403305 0.850956 0.062676 0.216665 0.810981 
0.822139 0.855422 0.421605 0.07055 0.138676 
0.650941 0.022364 0.886737 0.394572 0.811818 
0.262714 0.055932 0.690089 0.605921 0.957469 
0.619297 0.944033 0.057859 0.464262 0.22877 
0.670013 0.03673 0.424978 0.971245 0.388535 
0.8999470000000001 0.220287 0.26729 0.979226 0.027881 
0.242185 0.976534 0.330402 0.588792 0.157639 
0.425586 0.564034 0.875377 0.8286480000000001 0.054342 
0.830878 0.432043 0.376208 0.82682 0.004779 
0.4978 0.022511 0.342215 0.486183 0.928424 
0.294775 0.836835 0.523792 0.057987 0.935924 
0.155052 0.929303 0.037411 0.747988 0.791307 
0.239889 0.914821 0.692603 0.011663 0.548287 
0.787839 0.005349 0.865857 0.274104 0.697399 
0.115251 0.679414 0.199528 0.777869 0.896987 
0.591442 0.979396 0.465235 0.24796 0.15756 
0.6692900000000001 0.851195 0.140777 0.156273 0.896334 
0.771603 0.903434 0.327546 0.191956 0.68867 
0.003608 0.653509 0.705211 0.579322 0.453835 
0.41782 0.585887 0.827863 0.867096 0.174769 
0.685967 0.914204 0.052103 0.421904 0.693752 
0.089292 0.6817569999999999 0.508283 0.985386 0.276556 
0.343088 0.11075 0.5798489999999999 0.196131 0.695678 
0.917077 0.5274219999999999 0.478739 0.010943 0.479473 
0.049128 0.173858 0.913722 0.588875 0.5248930000000001 
0.260799 0.641142 0.310267 0.03417 0.955371 
0.211994 0.686276 0.479673 0.023702 0.975077 
0.061452 0.848981 0.263897 0.5373520000000001 0.325986 
0.174145 0.924207 0.202196 0.587295 0.942673 
0.589077 0.231235 0.985921 0.518544 0.089105 
0.254398 0.88186 0.031371 0.909701 0.472538 
0.346763 0.266118 0.803352 0.9094449999999999 0.075956 
0.8484350000000001 0.843625 0.221656 0.727427 0.145731 
0.686275 0.72587 0.422861 0.062169 0.178943 
0.105558 0.275799 0.419307 0.977019 0.524133 
0.878017 0.458075 0.1577 0.144589 0.9576249999999999 
0.644473 0.621803 0.828268 0.007483 0.581579 
0.390895 0.52812 0.931709 0.035978 0.43373 
0.653809 0.327396 0.75974 0.773159 0.566414 
0.319433 0.818982 0.946726 0.096832 0.563794 
0.123248 0.7284389999999999 0.94678 0.5367459999999999 0.447495 
0.829155 0.06292 0.495596 0.645508 0.843284 
0.261345 0.190412 0.808964 0.818828 0.09990599999999999 
0.913892 0.813757 0.424886 0.172456 0.127908 
0.472383 0.61312 0.292567 0.082123 0.476583 
0.946353 0.299329 0.556262 0.197189 0.181113 
0.182525 0.209353 0.63273 0.969746 0.287672 
0.215716 0.993204 0.178062 0.62001 0.590419 
0.971512 0.499307 0.354012 0.571111 0.006847 
0.376341 0.276142 0.13945 0.972911 0.418122 
0.246982 0.356866 0.379483 0.18204 0.942849 
0.585124 0.707435 0.320115 0.045228 0.408837 
0.95436 0.167905 0.6639429999999999 0.578942 0.05699 
0.405309 0.5738490000000001 0.788612 0.018667 0.893328 
0.517317 0.09744999999999999 0.690307 0.870383 0.069687 
0.783066 0.262383 0.141161 0.206365 0.9651690000000001 
0.069207 0.302959 0.974151 0.597646 0.443872 
0.45062 0.930329 0.122255 0.934283 0.04535 
0.9658910000000001 0.065812 0.840233 0.244785 0.361439 
0.322949 0.954905 0.169761 0.053454 0.788754 
0.69751 0.257454 0.0317 0.992003 0.540811 
0.922394 0.406918 0.152495 0.9315099999999999 0.094913 
0.96058 0.361175 0.720739 0.59982 0.042599 
0.950048 0.674816 0.509584 0.042793 0.278186 
0.358378 0.896107 0.796759 0.507475 0.407351 
0.801003 0.51149 0.815778 0.68031 0.043278 
0.86738 0.187375 0.061985 0.50119 0.814968 
0.91287 0.039818 0.710307 0.327256 0.217509 
0.100616 0.291006 0.551269 0.977131 0.776999 
0.48472 0.992935 0.220928 0.593109 0.130374 
0.847943 0.536616 0.09486700000000001 0.72686 0.076956 
0.671913 0.177494 0.817089 0.531493 0.013756 
0.446054 0.9958129999999999 0.493437 0.159439 0.41025 
0.037561 0.864021 0.196975 0.812188 0.314143 
0.448068 0.882561 0.068316 0.369701 0.903761 
0.142003 0.938313 0.56982 0.124113 0.976757 
0.490398 0.959994 0.114543 0.36852 0.747871 
0.212248 0.7668 0.004705 0.770983 0.761494 
0.611808 0.119325 0.943705 0.098594 0.379222 
0.896258 0.693989 0.258076 0.133817 0.196997 
0.051161 0.607457 0.504017 0.478995 0.971623 
0.322781 0.016304 0.393663 0.739229 0.734681 
0.581161 0.344079 0.987721 0.155718 0.781378 
0.976648 0.6129019999999999 0.18588 0.874924 0.122774 
0.260533 0.384457 0.815823 0.870184 0.077934 
0.941786 0.360319 0.236873 0.936949 0.126367 
0.548798 0.666853 0.397839 0.529322 0.943266 
0.948371 0.609555 0.382114 0.177848 0.692874 
0.218216 0.820545 0.288592 0.94619 0.151649 
0.718161 0.355285 0.8752450000000001 0.008135999999999999 0.378278 
0.049101 0.830169 0.110099 0.752176 0.849254 
0.054437 0.759838 0.092712 0.772398 0.863546 
0.173893 0.514983 0.523388 0.408442 0.991154 
0.541699 0.025373 0.950084 0.6402600000000001 0.404863 
0.305887 0.861384 0.138962 0.899827 0.108209 
0.517313 0.897264 0.460651 0.081305 0.185004 
0.503265 0.544179 0.692604 0.919681 0.027266 
0.296652 0.850376 0.350298 0.03368 0.518074 
0.045101 0.54556 0.760076 0.363394 0.96556 
0.662982 0.164312 0.564264 0.906182 0.02167 
0.29168 0.248659 0.886143 0.8609059999999999 0.618193 
0.738689 0.175992 0.453617 0.978002 0.476801 
0.231762 0.727119 0.514253 0.914602 0.035748 
0.47511 0.663521 0.92508 0.53006 0.016873 
0.941729 0.528382 0.800114 0.234261 0.202559 
0.157169 0.323177 0.421427 0.991761 0.657327 
0.719825 0.333989 0.944032 0.040648 0.247059 
0.947836 0.10135 0.981037 0.456703 0.266183 
0.386632 0.047127 0.602095 0.348465 0.962838 
0.12234 0.744874 0.724458 0.013353 0.6417929999999999 
0.269414 0.080649 0.918215 0.215807 0.957414 
0.305719 0.156063 0.980336 0.583337 0.643486 
0.396264 0.03994 0.6966560000000001 0.353099 0.979371 
0.447306 0.406633 0.458608 0.613722 0.039053 
0.507502 0.07251100000000001 0.352815 0.946861 0.753236 
0.059804 0.151853 0.726043 0.799519 0.389716 
0.825535 0.470117 0.057828 0.325443 0.340191 
0.204039 0.431198 0.279781 0.622846 0.991054 
0.479698 0.343173 0.413598 0.984753 0.610416 
0.288971 0.023139 0.847181 0.769665 0.490299 
0.6722900000000001 0.733399 0.53549 0.007173 0.472819 
0.902994 0.381591 0.399265 0.032608 0.923215 
0.008656 0.905861 0.446074 0.40641 0.76632 
0.933555 0.243405 0.660849 0.78943 0.017818 
0.293404 0.717834 0.159201 0.567335 0.262172 
0.918089 0.379979 0.485015 0.083167 0.89977 
0.006229 0.852391 0.594942 0.123772 0.831615 
0.046843 0.366321 0.188005 0.843031 0.78418 
0.641115 0.596622 0.083666 0.988941 0.15144 
0.703159 0.072126 0.931064 0.846815 0.006961 
0.627456 0.691434 0.307712 0.9633429999999999 0.033186 
0.466985 0.49917 0.107574 0.338896 0.99758 
0.5941109999999999 0.126815 0.696319 0.829775 0.750235 
0.593272 0.750912 0.761772 0.043101 0.749444 
0.169391 0.471963 0.174419 0.962069 0.655318 
0.712737 0.57296 0.915273 0.109898 0.206369 
0.305766 0.359465 0.837699 0.865978 0.06999900000000001 
0.988723 0.399335 0.147923 0.442914 0.423207 
0.001194 0.788299 0.359347 0.376656 0.9350540000000001 
0.258677 0.055433 0.654848 0.982872 0.462616 
0.273009 0.765111 0.164331 0.956142 0.059403 
0.11203 0.26911 0.70274 0.386595 0.509833 
0.077542 0.454299 0.9018659999999999 0.039118 0.969433 
0.106565 0.585396 0.44477 0.898933 0.823066 
0.343325 0.02524 0.601207 0.438566 0.960834 
0.954242 0.232757 0.262955 0.187692 0.636588 
0.5020790000000001 0.199355 0.683805 0.622376 0.04954 
0.023856 0.402876 0.822224 0.88701 0.370076 
0.445898 0.451592 0.8862679999999999 0.869748 0.062351 
0.451072 0.79923 0.717727 0.034064 0.130501 
0.978846 0.290933 0.213015 0.428952 0.425491 
0.042585 0.160956 0.645138 0.675186 0.783762 
0.545001 0.091326 0.573133 0.9836 0.529083 
0.970857 0.11645 0.234972 0.877529 0.257434 
0.408162 0.987892 0.379438 0.772439 0.036926 
0.732729 0.725268 0.732845 0.026081 0.429311 
0.469551 0.761653 0.173536 0.07636 0.900913 
0.698821 0.785521 0.138171 0.07606499999999999 0.599679 
0.106986 0.579072 0.170259 0.957657 0.365027 
0.090892 0.669126 0.980863 0.262083 0.717947 
0.053642 0.41277 0.90159 0.173014 0.787613 
0.504343 0.273416 0.5803430000000001 0.705357 0.904714 
0.363382 0.209161 0.939101 0.016698 0.686445 
0.737317 0.098067 0.481241 0.8198530000000001 0.012367 
0.598902 0.136302 0.345515 0.623093 0.987299 
0.514945 0.939951 0.467408 0.757869 0.153348 
0.010485 0.606278 0.465849 0.742765 0.851325 
0.931628 0.61261 0.08518199999999999 0.851418 0.298853 
0.536342 0.199721 0.723373 0.217506 0.257119 
0.409308 0.104094 0.672802 0.371159 0.9927240000000001 
5.3e-05 0.954256 0.25403 0.364037 0.723347 
0.126632 0.353989 0.9657289999999999 0.833897 0.32444 
0.943375 0.554365 0.340093 0.172024 0.144434 
0.314271 0.35779 0.293567 0.993246 0.460684 
0.162166 0.023214 0.885725 0.745394 0.666096 
0.668137 0.895309 0.016794 0.820147 0.349659 
0.299246 0.02821 0.538031 0.571029 0.670221 
0.311865 0.684849 0.551714 0.525624 0.015583 
0.443759 0.103932 0.114141 0.750135 0.757275 
