5
356
6.258799999999999919e-01 5.074830000000000174e-01 2.828479999999999883e-01 6.463440000000000296e-01 3.424139999999999961e-01
5.154130000000000100e-01 3.788830000000000253e-01 5.614109999999999934e-01 2.870829999999999771e-01 4.474020000000000219e-01
5.966219999999999857e-01 3.384269999999999778e-01 4.894569999999999754e-01 3.548000000000000043e-01 4.985919999999999797e-01
2.269049999999999956e-01 4.904519999999999991e-01 5.993150000000000421e-01 3.287780000000000147e-01 6.204460000000000530e-01
3.397459999999999924e-01 5.079380000000000006e-01 5.066030000000000255e-01 3.146530000000000160e-01 7.490329999999999488e-01
5.373320000000000318e-01 2.891040000000000276e-01 5.741979999999999862e-01 2.924610000000000265e-01 6.173480000000000079e-01
4.419540000000000135e-01 7.248360000000000358e-01 5.785810000000000120e-01 2.740310000000000246e-01 5.029639999999999667e-01
6.701740000000000475e-01 3.373450000000000060e-01 5.858870000000000466e-01 3.092099999999999849e-01 6.843089999999999451e-01
3.864879999999999982e-01 5.161059999999999537e-01 6.797189999999999621e-01 3.874270000000000214e-01 4.787449999999999761e-01
5.719250000000000167e-01 4.098570000000000269e-01 3.357740000000000169e-01 4.013249999999999873e-01 7.264939999999999731e-01
2.187969999999999915e-01 5.306910000000000238e-01 5.598629999999999995e-01 5.918510000000000160e-01 4.289180000000000215e-01
3.761860000000000204e-01 5.059109999999999996e-01 5.425119999999999942e-01 3.226760000000000184e-01 7.501619999999999955e-01
2.867580000000000129e-01 3.433620000000000005e-01 6.316619999999999457e-01 5.270650000000000057e-01 5.652019999999999822e-01
6.190330000000000554e-01 4.303179999999999783e-01 3.119730000000000003e-01 4.661509999999999820e-01 4.952540000000000275e-01
2.192000000000000060e-01 5.811089999999999867e-01 5.722490000000000077e-01 5.714200000000000390e-01 5.380120000000000458e-01
4.649059999999999859e-01 5.212849999999999984e-01 6.853110000000000035e-01 5.115300000000000402e-01 2.953430000000000222e-01
3.607130000000000059e-01 5.976860000000000506e-01 2.274919999999999998e-01 5.665820000000000300e-01 5.997850000000000126e-01
5.271829999999999572e-01 3.453749999999999876e-01 6.981859999999999733e-01 3.070899999999999741e-01 4.061330000000000218e-01
5.206849999999999534e-01 5.560319999999999707e-01 2.513589999999999991e-01 6.702069999999999972e-01 5.176929999999999588e-01
6.299700000000000299e-01 5.499270000000000547e-01 6.440759999999999819e-01 2.323199999999999987e-01 5.925890000000000324e-01
4.261199999999999988e-01 6.290470000000000228e-01 3.098710000000000075e-01 4.971630000000000216e-01 6.624499999999999833e-01
5.122940000000000271e-01 2.944100000000000050e-01 5.318530000000000202e-01 5.663700000000000401e-01 4.087749999999999995e-01
6.839929999999999621e-01 6.973150000000000182e-01 2.970889999999999920e-01 4.373759999999999870e-01 3.854409999999999781e-01
7.479170000000000540e-01 5.563550000000000439e-01 3.038739999999999775e-01 5.210160000000000347e-01 4.558200000000000029e-01
5.353320000000000300e-01 4.325649999999999773e-01 3.446279999999999899e-01 8.293310000000000404e-01 3.471119999999999761e-01
3.707070000000000087e-01 5.298929999999999474e-01 5.913310000000000510e-01 7.715680000000000316e-01 3.901379999999999848e-01
5.250470000000000415e-01 5.953060000000000018e-01 6.961659999999999515e-01 4.062760000000000260e-01 3.313639999999999919e-01
5.442620000000000235e-01 6.133189999999999475e-01 3.650370000000000004e-01 4.818419999999999925e-01 5.080540000000000056e-01
5.300219999999999931e-01 5.468229999999999480e-01 8.116370000000000529e-01 4.266710000000000225e-01 3.737770000000000259e-01
3.373900000000000232e-01 4.134840000000000182e-01 4.970609999999999751e-01 5.201369999999999605e-01 4.714940000000000242e-01
5.967949999999999644e-01 5.618589999999999973e-01 3.696679999999999966e-01 2.838310000000000000e-01 6.520420000000000105e-01
5.645270000000000010e-01 4.720730000000000204e-01 4.485469999999999735e-01 6.096970000000000445e-01 5.449950000000000072e-01
6.197129999999999583e-01 3.096189999999999776e-01 7.328829999999999512e-01 6.561409999999999743e-01 2.902649999999999952e-01
4.077489999999999726e-01 4.585730000000000084e-01 5.808780000000000054e-01 6.465530000000000443e-01 3.839540000000000175e-01
3.011579999999999813e-01 4.017160000000000175e-01 7.894679999999999476e-01 4.774680000000000035e-01 5.154119999999999813e-01
2.444260000000000044e-01 6.336060000000000025e-01 6.579409999999999981e-01 3.961830000000000074e-01 6.083279999999999799e-01
5.222200000000000175e-01 3.091579999999999884e-01 7.477420000000000178e-01 6.568969999999999532e-01 3.876580000000000026e-01
6.194060000000000121e-01 4.010340000000000016e-01 6.485239999999999894e-01 2.615979999999999972e-01 5.700650000000000439e-01
2.983720000000000261e-01 6.516530000000000378e-01 3.131109999999999727e-01 7.108640000000000514e-01 6.041950000000000376e-01
3.804500000000000104e-01 3.356190000000000007e-01 4.580940000000000012e-01 5.866440000000000543e-01 7.864839999999999609e-01
5.983129999999999837e-01 1.980750000000000011e-01 6.757739999999999858e-01 6.126500000000000279e-01 3.704629999999999868e-01
5.130559999999999565e-01 7.049290000000000278e-01 5.537079999999999780e-01 2.950539999999999830e-01 3.553970000000000184e-01
4.885320000000000218e-01 6.998720000000000496e-01 4.223879999999999857e-01 3.082730000000000192e-01 4.749610000000000221e-01
5.326870000000000216e-01 7.195559999999999734e-01 3.202340000000000186e-01 2.956139999999999879e-01 7.180900000000000061e-01
3.985250000000000181e-01 6.224079999999999613e-01 3.902530000000000165e-01 7.414880000000000360e-01 4.078479999999999883e-01
4.610179999999999834e-01 4.030489999999999906e-01 6.232670000000000154e-01 5.480469999999999509e-01 4.106060000000000265e-01
5.916529999999999845e-01 4.011609999999999898e-01 1.939490000000000103e-01 7.074270000000000280e-01 5.313820000000000210e-01
4.312509999999999954e-01 6.150510000000000144e-01 3.601989999999999914e-01 5.459450000000000136e-01 7.331579999999999764e-01
4.030560000000000254e-01 3.038359999999999950e-01 7.546089999999999742e-01 5.371829999999999661e-01 5.761060000000000070e-01
4.446849999999999969e-01 4.764220000000000121e-01 4.547840000000000216e-01 5.520920000000000272e-01 5.635419999999999874e-01
3.470360000000000111e-01 7.238130000000000397e-01 6.185850000000000515e-01 3.150649999999999840e-01 4.874100000000000099e-01
1.909869999999999901e-01 6.145730000000000359e-01 3.966029999999999833e-01 5.827820000000000222e-01 6.672709999999999475e-01
6.223910000000000275e-01 4.171690000000000120e-01 3.983889999999999931e-01 7.915039999999999853e-01 4.191349999999999798e-01
6.987929999999999975e-01 5.897799999999999709e-01 4.239600000000000035e-01 2.318340000000000123e-01 6.441320000000000379e-01
6.812880000000000047e-01 3.935719999999999774e-01 5.218819999999999570e-01 3.626530000000000031e-01 6.119130000000000402e-01
7.235549999999999482e-01 5.515259999999999607e-01 5.354719999999999480e-01 3.588120000000000198e-01 2.819639999999999924e-01
4.548920000000000186e-01 4.775670000000000193e-01 5.206129999999999924e-01 3.300100000000000255e-01 4.954620000000000135e-01
6.988480000000000247e-01 2.376320000000000099e-01 3.798329999999999762e-01 6.027900000000000480e-01 4.201110000000000122e-01
5.496400000000000174e-01 4.326889999999999903e-01 1.851770000000000083e-01 5.550270000000000481e-01 5.810729999999999507e-01
3.729069999999999885e-01 6.070619999999999905e-01 3.814770000000000105e-01 5.510450000000000070e-01 4.413540000000000241e-01
3.702579999999999760e-01 6.209670000000000467e-01 5.012029999999999541e-01 6.637920000000000487e-01 3.228980000000000183e-01
4.721580000000000221e-01 4.138999999999999901e-01 6.555609999999999493e-01 7.176120000000000276e-01 2.392489999999999895e-01
4.232839999999999936e-01 4.939390000000000169e-01 5.099059999999999704e-01 4.551830000000000043e-01 4.639630000000000143e-01
6.604870000000000463e-01 4.707759999999999723e-01 3.222300000000000164e-01 4.019209999999999727e-01 5.865620000000000278e-01
3.844440000000000079e-01 6.816090000000000204e-01 3.426810000000000134e-01 4.346110000000000251e-01 4.558409999999999962e-01
5.384219999999999562e-01 3.440019999999999745e-01 3.702440000000000175e-01 5.946069999999999967e-01 6.816969999999999974e-01
4.162460000000000049e-01 4.641049999999999898e-01 3.776180000000000092e-01 6.449460000000000193e-01 6.820460000000000411e-01
3.559499999999999886e-01 4.980450000000000155e-01 3.364770000000000261e-01 6.414539999999999687e-01 6.024340000000000250e-01
4.514110000000000067e-01 4.887719999999999843e-01 5.211799999999999766e-01 3.924110000000000098e-01 4.824789999999999912e-01
5.295769999999999644e-01 6.180400000000000338e-01 6.730720000000000036e-01 2.773320000000000229e-01 3.472959999999999936e-01
6.116289999999999782e-01 2.907950000000000257e-01 7.342030000000000500e-01 5.321069999999999967e-01 4.487300000000000177e-01
3.369829999999999770e-01 4.581870000000000109e-01 6.064819999999999656e-01 3.358530000000000126e-01 6.769370000000000109e-01
4.964189999999999992e-01 4.072810000000000041e-01 7.296510000000000495e-01 4.120289999999999786e-01 4.269660000000000122e-01
4.692029999999999812e-01 4.104400000000000270e-01 3.215210000000000012e-01 6.441780000000000284e-01 6.245600000000000041e-01
6.045570000000000110e-01 4.130679999999999907e-01 4.394830000000000125e-01 4.275709999999999789e-01 4.768649999999999833e-01
3.502219999999999778e-01 6.696659999999999835e-01 2.795560000000000267e-01 4.403170000000000139e-01 6.177589999999999471e-01
4.448989999999999889e-01 2.677249999999999908e-01 6.402170000000000361e-01 3.484670000000000267e-01 6.192100000000000382e-01
4.047370000000000134e-01 2.656000000000000028e-01 7.013150000000000217e-01 7.136470000000000313e-01 3.860359999999999903e-01
5.785249999999999559e-01 4.235389999999999988e-01 7.003800000000000026e-01 5.105100000000000193e-01 2.272949999999999970e-01
6.105070000000000219e-01 4.767179999999999751e-01 4.777980000000000005e-01 6.886130000000000306e-01 2.564799999999999858e-01
4.387150000000000216e-01 3.690939999999999777e-01 5.500469999999999526e-01 2.929019999999999957e-01 8.028840000000000421e-01
5.082229999999999803e-01 4.453880000000000061e-01 5.100890000000000146e-01 3.275150000000000006e-01 5.307619999999999560e-01
2.994490000000000207e-01 6.265249999999999986e-01 4.513499999999999734e-01 4.576109999999999900e-01 4.145849999999999813e-01
5.965489999999999959e-01 3.604780000000000206e-01 2.421079999999999899e-01 6.645750000000000268e-01 6.844959999999999933e-01
5.227979999999999849e-01 5.082879999999999621e-01 5.372430000000000261e-01 1.704249999999999932e-01 6.532310000000000061e-01
4.998029999999999973e-01 4.057060000000000111e-01 6.527739999999999654e-01 6.401900000000000368e-01 3.680530000000000190e-01
5.240839999999999943e-01 1.901619999999999977e-01 4.808640000000000136e-01 5.235589999999999966e-01 6.632449999999999735e-01
3.025269999999999904e-01 5.319439999999999724e-01 3.649270000000000014e-01 6.509979999999999656e-01 4.913919999999999955e-01
3.375929999999999764e-01 4.633050000000000224e-01 4.408770000000000189e-01 5.780980000000000008e-01 5.606839999999999602e-01
5.753740000000000521e-01 6.396180000000000199e-01 4.190409999999999968e-01 2.308159999999999934e-01 5.473299999999999832e-01
6.257390000000000452e-01 2.583190000000000208e-01 6.779509999999999703e-01 1.932629999999999904e-01 6.382499999999999840e-01
2.363319999999999865e-01 6.225279999999999703e-01 5.290839999999999987e-01 5.973199999999999621e-01 4.103899999999999770e-01
5.038679999999999826e-01 7.531729999999999814e-01 2.073440000000000005e-01 3.674669999999999881e-01 5.933079999999999465e-01
2.094840000000000035e-01 6.761329999999999840e-01 6.318200000000000482e-01 4.591709999999999958e-01 4.503750000000000253e-01
2.363840000000000108e-01 5.117509999999999559e-01 5.590289999999999981e-01 7.026949999999999585e-01 6.172199999999999909e-01
5.326149999999999496e-01 4.329549999999999788e-01 6.425100000000000255e-01 2.527760000000000007e-01 4.706089999999999995e-01
6.449270000000000280e-01 3.422109999999999874e-01 7.261400000000000077e-01 3.104040000000000132e-01 3.110140000000000127e-01
6.178879999999999928e-01 4.291269999999999807e-01 4.685650000000000093e-01 4.016120000000000245e-01 7.220490000000000519e-01
4.789840000000000209e-01 2.395519999999999872e-01 7.566640000000000033e-01 3.693440000000000056e-01 6.310989999999999656e-01
3.127780000000000005e-01 6.881680000000000019e-01 6.031819999999999959e-01 4.257929999999999771e-01 5.262419999999999876e-01
4.087720000000000242e-01 7.639639999999999764e-01 3.248570000000000069e-01 4.932110000000000105e-01 3.563040000000000096e-01
6.655759999999999454e-01 2.951380000000000114e-01 6.837459999999999649e-01 3.535449999999999982e-01 4.690139999999999865e-01
2.062829999999999941e-01 7.400860000000000216e-01 3.132409999999999917e-01 5.916709999999999470e-01 5.839739999999999931e-01
4.213689999999999936e-01 3.927990000000000093e-01 4.094459999999999766e-01 5.551500000000000323e-01 7.852970000000000228e-01
5.069339999999999957e-01 4.082890000000000130e-01 3.386259999999999826e-01 8.253939999999999610e-01 3.630160000000000053e-01
5.281940000000000524e-01 3.214489999999999847e-01 5.593029999999999946e-01 6.224260000000000348e-01 4.825860000000000150e-01
7.368289999999999562e-01 3.793659999999999810e-01 4.175929999999999920e-01 3.578270000000000062e-01 5.095530000000000337e-01
1.828809999999999880e-01 5.976350000000000273e-01 5.782370000000000010e-01 4.048800000000000177e-01 5.976320000000000521e-01
4.676989999999999759e-01 3.254480000000000151e-01 3.888989999999999947e-01 7.451050000000000173e-01 4.869620000000000060e-01
5.667870000000000408e-01 6.287120000000000486e-01 4.947940000000000116e-01 5.601589999999999625e-01 3.712400000000000144e-01
6.162619999999999765e-01 4.565250000000000141e-01 2.597280000000000144e-01 5.252459999999999907e-01 5.399119999999999475e-01
6.009630000000000249e-01 5.278129999999999766e-01 2.359030000000000016e-01 6.359470000000000400e-01 3.742719999999999936e-01
4.125229999999999730e-01 7.600400000000000489e-01 2.479939999999999922e-01 4.777680000000000260e-01 5.841349999999999598e-01
2.403780000000000083e-01 4.132689999999999975e-01 6.094640000000000057e-01 6.040919999999999623e-01 5.588170000000000082e-01
5.625839999999999730e-01 2.888609999999999789e-01 4.864510000000000223e-01 6.034150000000000347e-01 7.028600000000000403e-01
4.191420000000000146e-01 5.468359999999999888e-01 6.577920000000000433e-01 5.700690000000000479e-01 4.526430000000000176e-01
3.031510000000000038e-01 7.710960000000000036e-01 2.506059999999999954e-01 4.587129999999999819e-01 6.285020000000000051e-01
5.911999999999999478e-01 2.401200000000000001e-01 6.899990000000000290e-01 4.700579999999999758e-01 5.363080000000000069e-01
6.936449999999999561e-01 3.239230000000000165e-01 3.629640000000000088e-01 7.667559999999999931e-01 3.253759999999999986e-01
3.112440000000000206e-01 5.964139999999999997e-01 4.167409999999999726e-01 7.840559999999999752e-01 3.662409999999999832e-01
3.744399999999999951e-01 6.167730000000000157e-01 4.740340000000000109e-01 3.746709999999999763e-01 6.818729999999999514e-01
6.782839999999999980e-01 2.940200000000000036e-01 5.589699999999999669e-01 4.140960000000000196e-01 3.429940000000000211e-01
5.887259999999999716e-01 2.570680000000000187e-01 6.432729999999999837e-01 6.419270000000000254e-01 4.339290000000000092e-01
3.327450000000000130e-01 4.930309999999999970e-01 8.095869999999999456e-01 3.160499999999999976e-01 5.888750000000000373e-01
4.443090000000000095e-01 5.349249999999999838e-01 4.233060000000000156e-01 6.638340000000000352e-01 4.649139999999999939e-01
4.334850000000000092e-01 5.533639999999999670e-01 4.561230000000000007e-01 7.179950000000000498e-01 4.878009999999999846e-01
7.460900000000000309e-01 4.046750000000000069e-01 5.563200000000000367e-01 2.760279999999999956e-01 4.593610000000000193e-01
6.276169999999999805e-01 2.964870000000000005e-01 3.636889999999999845e-01 5.685710000000000486e-01 4.672200000000000242e-01
3.366600000000000148e-01 8.147109999999999630e-01 4.693109999999999782e-01 3.922930000000000028e-01 4.518119999999999914e-01
5.366940000000000044e-01 3.640889999999999960e-01 5.973859999999999726e-01 7.417949999999999822e-01 3.894940000000000069e-01
4.379810000000000092e-01 5.456260000000000554e-01 4.467479999999999785e-01 4.688760000000000150e-01 4.546789999999999998e-01
7.505439999999999889e-01 2.831370000000000275e-01 4.463409999999999878e-01 6.689500000000000446e-01 2.688289999999999846e-01
7.110689999999999511e-01 2.560490000000000266e-01 4.664300000000000113e-01 6.577910000000000146e-01 3.336779999999999746e-01
5.301190000000000069e-01 6.393360000000000154e-01 6.271719999999999517e-01 5.776879999999999793e-01 3.136200000000000099e-01
4.339830000000000076e-01 6.342219999999999525e-01 2.941949999999999843e-01 7.948150000000000492e-01 4.015889999999999738e-01
6.336570000000000258e-01 4.921579999999999844e-01 4.469589999999999952e-01 3.178050000000000042e-01 3.565559999999999841e-01
3.072059999999999791e-01 7.176700000000000301e-01 2.290969999999999951e-01 5.423799999999999732e-01 6.140470000000000095e-01
6.938060000000000338e-01 3.399179999999999979e-01 6.264319999999999888e-01 5.937940000000000440e-01 2.019259999999999944e-01
6.138419999999999987e-01 3.603830000000000089e-01 4.347059999999999813e-01 4.372360000000000135e-01 4.167699999999999738e-01
3.254319999999999991e-01 6.429399999999999560e-01 3.096789999999999821e-01 5.144130000000000091e-01 6.829269999999999508e-01
6.252950000000000452e-01 2.980789999999999829e-01 7.058210000000000317e-01 6.093180000000000263e-01 3.251209999999999933e-01
4.005940000000000056e-01 4.444489999999999830e-01 8.053460000000000063e-01 5.508110000000000506e-01 4.682910000000000128e-01
3.149350000000000205e-01 5.240320000000000533e-01 5.572230000000000238e-01 4.398119999999999807e-01 6.284189999999999499e-01
4.062450000000000228e-01 3.499889999999999946e-01 5.268289999999999917e-01 7.571520000000000472e-01 3.495670000000000166e-01
1.617860000000000131e-01 5.347530000000000339e-01 6.147519999999999651e-01 4.837400000000000033e-01 6.079029999999999712e-01
5.834080000000000377e-01 4.350580000000000003e-01 6.355920000000000458e-01 6.140750000000000375e-01 2.774639999999999884e-01
3.183150000000000146e-01 4.331420000000000270e-01 6.218160000000000354e-01 6.517870000000000053e-01 4.308080000000000243e-01
4.848350000000000160e-01 2.762069999999999803e-01 5.577360000000000095e-01 4.379399999999999959e-01 6.658589999999999787e-01
6.990009999999999835e-01 3.546889999999999765e-01 5.665390000000000148e-01 2.399799999999999989e-01 5.328709999999999836e-01
5.556349999999999900e-01 6.583259999999999668e-01 6.043119999999999603e-01 2.698769999999999780e-01 6.039250000000000451e-01
4.670670000000000099e-01 4.843180000000000263e-01 2.471540000000000126e-01 6.325239999999999752e-01 4.489609999999999990e-01
5.646780000000000133e-01 5.631610000000000227e-01 6.250780000000000225e-01 4.790710000000000246e-01 5.459819999999999673e-01
3.457500000000000018e-01 4.908890000000000198e-01 7.566599999999999993e-01 5.856980000000000519e-01 3.943470000000000031e-01
6.726159999999999917e-01 5.850260000000000460e-01 4.515600000000000169e-01 2.460779999999999912e-01 4.997949999999999893e-01
3.800959999999999894e-01 7.042880000000000251e-01 4.330129999999999812e-01 6.358489999999999975e-01 5.642509999999999470e-01
2.428780000000000105e-01 4.923500000000000099e-01 7.407099999999999795e-01 5.329570000000000141e-01 5.175429999999999753e-01
6.866330000000000489e-01 3.666440000000000254e-01 4.787739999999999774e-01 5.046049999999999702e-01 4.248759999999999759e-01
6.974139999999999784e-01 2.514520000000000088e-01 5.188030000000000141e-01 3.180450000000000221e-01 5.401519999999999655e-01
3.611380000000000146e-01 5.621110000000000273e-01 4.091049999999999964e-01 2.645790000000000086e-01 7.072110000000000340e-01
5.702509999999999524e-01 6.075199999999999489e-01 2.183779999999999888e-01 5.684909999999999686e-01 4.766290000000000249e-01
6.192769999999999664e-01 6.354549999999999921e-01 2.260409999999999919e-01 4.268870000000000164e-01 6.407119999999999482e-01
3.541860000000000008e-01 4.560480000000000089e-01 5.931330000000000213e-01 6.434330000000000327e-01 5.512569999999999970e-01
6.311930000000000041e-01 3.367850000000000010e-01 5.244510000000000005e-01 7.170109999999999539e-01 4.127580000000000138e-01
6.507680000000000131e-01 5.524059999999999526e-01 3.812920000000000198e-01 5.422690000000000010e-01 4.108800000000000230e-01
4.586219999999999741e-01 7.966929999999999845e-01 3.389110000000000178e-01 3.817409999999999970e-01 4.922670000000000101e-01
3.008649999999999936e-01 7.517319999999999558e-01 5.137150000000000327e-01 6.849560000000000093e-01 3.651929999999999898e-01
2.051099999999999868e-01 5.329530000000000101e-01 4.591459999999999986e-01 3.639700000000000157e-01 7.089140000000000441e-01
5.044929999999999692e-01 5.508499999999999508e-01 3.246820000000000261e-01 7.657030000000000225e-01 2.974800000000000222e-01
7.736370000000000191e-01 3.261549999999999727e-01 5.800119999999999720e-01 5.016760000000000108e-01 3.859890000000000265e-01
2.147010000000000030e-01 6.748009999999999842e-01 6.338300000000000045e-01 4.007290000000000019e-01 5.962389999999999635e-01
5.499380000000000379e-01 4.639840000000000075e-01 6.431970000000000187e-01 6.337739999999999485e-01 2.083160000000000012e-01
6.733689999999999953e-01 5.593810000000000171e-01 5.161229999999999984e-01 4.831520000000000259e-01 3.921399999999999886e-01
6.215469999999999606e-01 2.178759999999999863e-01 6.314400000000000013e-01 4.859899999999999776e-01 5.496370000000000422e-01
5.347730000000000539e-01 3.861069999999999780e-01 7.212079999999999602e-01 3.946109999999999896e-01 5.292569999999999775e-01
4.548539999999999806e-01 4.843799999999999772e-01 5.842340000000000311e-01 6.010210000000000274e-01 4.248290000000000122e-01
3.275759999999999783e-01 3.899290000000000256e-01 5.969839999999999591e-01 5.712479999999999780e-01 5.663460000000000161e-01
5.886249999999999538e-01 2.905840000000000090e-01 5.082510000000000083e-01 5.639110000000000511e-01 6.550949999999999829e-01
2.974450000000000149e-01 7.545439999999999925e-01 4.379939999999999944e-01 6.217129999999999601e-01 5.694259999999999877e-01
3.041789999999999772e-01 6.271830000000000460e-01 3.632170000000000121e-01 5.665019999999999500e-01 4.444110000000000005e-01
3.833920000000000106e-01 4.461539999999999950e-01 3.889170000000000127e-01 7.889960000000000306e-01 6.056620000000000337e-01
4.626179999999999737e-01 3.606460000000000221e-01 7.804170000000000273e-01 2.757760000000000211e-01 7.095320000000000515e-01
6.875970000000000137e-01 4.543289999999999829e-01 6.855679999999999552e-01 2.388919999999999932e-01 3.726709999999999745e-01
3.368689999999999740e-01 5.623449999999999838e-01 6.327369999999999939e-01 6.538859999999999673e-01 2.850619999999999821e-01
3.656789999999999763e-01 3.674720000000000208e-01 5.723340000000000094e-01 3.596239999999999992e-01 5.627159999999999940e-01
5.595299999999999718e-01 6.246209999999999818e-01 3.419690000000000230e-01 4.813149999999999928e-01 4.808709999999999929e-01
3.459200000000000053e-01 5.784420000000000117e-01 7.576749999999999874e-01 4.057810000000000028e-01 5.599610000000000420e-01
3.502399999999999958e-01 6.838469999999999827e-01 3.792229999999999768e-01 7.106040000000000134e-01 4.897389999999999799e-01
5.643380000000000063e-01 5.584940000000000460e-01 5.701779999999999626e-01 3.421350000000000224e-01 3.052799999999999958e-01
5.339019999999999877e-01 2.021000000000000019e-01 4.470750000000000002e-01 6.004660000000000553e-01 5.093600000000000350e-01
4.799700000000000077e-01 6.158989999999999743e-01 5.632200000000000539e-01 5.460610000000000186e-01 4.698430000000000106e-01
2.897669999999999968e-01 4.654889999999999861e-01 7.199349999999999916e-01 4.617419999999999858e-01 5.702129999999999699e-01
5.730650000000000466e-01 3.950460000000000083e-01 4.908339999999999925e-01 5.676980000000000359e-01 6.814369999999999594e-01
4.962940000000000129e-01 6.668539999999999468e-01 3.101280000000000148e-01 7.764140000000000486e-01 3.325830000000000175e-01
5.144879999999999454e-01 5.328979999999999828e-01 6.494969999999999910e-01 5.308610000000000273e-01 4.709459999999999757e-01
5.789149999999999574e-01 3.722179999999999933e-01 3.430739999999999901e-01 6.419289999999999718e-01 4.617200000000000193e-01
4.104030000000000178e-01 3.330940000000000012e-01 7.290649999999999631e-01 5.273250000000000437e-01 5.011360000000000259e-01
5.558269999999999600e-01 3.681929999999999925e-01 8.330499999999999572e-01 5.240580000000000238e-01 3.062079999999999802e-01
4.747899999999999898e-01 3.642739999999999867e-01 6.877969999999999917e-01 1.906559999999999921e-01 6.175699999999999523e-01
5.696750000000000425e-01 6.055089999999999639e-01 5.849950000000000427e-01 5.527619999999999756e-01 2.524959999999999982e-01
3.841609999999999747e-01 4.604159999999999919e-01 5.707140000000000546e-01 4.204060000000000019e-01 5.386879999999999447e-01
5.384940000000000282e-01 7.726309999999999567e-01 3.375920000000000032e-01 4.215269999999999850e-01 3.926319999999999810e-01
5.742099999999999982e-01 4.420029999999999792e-01 7.255840000000000067e-01 3.799040000000000195e-01 6.252769999999999717e-01
6.011739999999999862e-01 5.642660000000000453e-01 4.298910000000000231e-01 2.452330000000000065e-01 6.951690000000000369e-01
5.984220000000000095e-01 3.340969999999999773e-01 3.060030000000000250e-01 6.279310000000000169e-01 5.996700000000000363e-01
3.504050000000000220e-01 3.687699999999999867e-01 5.684970000000000301e-01 6.329280000000000461e-01 3.511560000000000237e-01
3.148859999999999992e-01 4.585440000000000071e-01 7.451579999999999870e-01 6.289289999999999603e-01 3.962109999999999799e-01
6.424530000000000518e-01 5.136770000000000502e-01 3.964289999999999758e-01 2.056689999999999907e-01 6.226260000000000128e-01
1.920090000000000130e-01 5.233959999999999724e-01 5.070620000000000127e-01 6.180740000000000123e-01 5.189580000000000304e-01
2.903859999999999775e-01 5.801119999999999610e-01 4.032270000000000021e-01 4.939419999999999922e-01 4.771150000000000113e-01
7.046019999999999506e-01 3.263659999999999894e-01 4.026109999999999967e-01 6.328780000000000516e-01 3.203269999999999729e-01
3.485460000000000225e-01 6.792610000000000037e-01 3.402709999999999901e-01 3.718639999999999723e-01 7.807570000000000343e-01
4.467050000000000187e-01 4.203049999999999842e-01 7.878509999999999680e-01 2.148639999999999994e-01 6.724729999999999874e-01
7.359999999999999876e-01 5.506750000000000256e-01 5.691640000000000033e-01 1.497799999999999965e-01 4.638619999999999965e-01
4.629699999999999926e-01 5.674040000000000195e-01 3.047710000000000141e-01 6.524579999999999824e-01 5.751089999999999813e-01
4.721639999999999726e-01 7.321710000000000163e-01 5.062079999999999913e-01 4.097290000000000099e-01 5.103309999999999791e-01
5.587509999999999977e-01 6.726259999999999462e-01 5.987679999999999669e-01 5.928590000000000249e-01 1.989829999999999932e-01
7.476399999999999713e-01 4.688849999999999962e-01 5.668760000000000465e-01 5.061489999999999601e-01 1.893680000000000085e-01
4.356030000000000180e-01 4.842460000000000098e-01 3.463069999999999760e-01 5.983889999999999487e-01 6.136470000000000535e-01
7.970279999999999587e-01 4.260249999999999870e-01 3.619970000000000132e-01 4.644789999999999752e-01 5.177680000000000060e-01
5.725660000000000194e-01 3.596409999999999885e-01 5.953460000000000418e-01 1.977129999999999999e-01 5.717440000000000300e-01
4.730679999999999885e-01 6.412390000000000034e-01 5.443949999999999623e-01 4.233410000000000228e-01 2.946250000000000258e-01
2.788880000000000248e-01 6.114220000000000210e-01 5.098949999999999871e-01 2.808240000000000181e-01 6.345589999999999842e-01
4.834069999999999756e-01 4.223020000000000107e-01 5.775679999999999703e-01 5.316130000000000022e-01 3.335710000000000064e-01
4.476220000000000199e-01 6.489139999999999908e-01 2.514500000000000068e-01 6.134800000000000253e-01 3.083580000000000210e-01
4.340289999999999981e-01 3.952950000000000075e-01 6.139369999999999550e-01 4.957599999999999785e-01 5.880170000000000119e-01
3.045450000000000101e-01 4.716429999999999789e-01 5.974690000000000278e-01 5.151850000000000041e-01 7.231149999999999523e-01
4.733439999999999870e-01 7.488860000000000516e-01 1.902439999999999964e-01 4.687970000000000192e-01 5.524719999999999631e-01
4.029900000000000149e-01 7.033080000000000442e-01 3.363590000000000191e-01 5.289620000000000433e-01 7.149839999999999529e-01
5.037409999999999943e-01 3.978559999999999874e-01 2.881000000000000227e-01 4.157719999999999749e-01 7.005310000000000148e-01
5.112250000000000405e-01 5.939640000000000475e-01 3.906839999999999757e-01 6.579779999999999518e-01 3.184980000000000033e-01
4.291119999999999934e-01 3.271629999999999816e-01 6.621869999999999701e-01 6.963049999999999518e-01 4.586149999999999949e-01
7.101349999999999607e-01 4.850970000000000004e-01 5.621509999999999563e-01 3.968220000000000081e-01 4.561060000000000114e-01
5.749610000000000554e-01 5.963730000000000420e-01 3.428620000000000001e-01 6.479610000000000092e-01 2.306290000000000007e-01
6.514830000000000343e-01 4.116549999999999931e-01 5.256830000000000114e-01 7.058050000000000157e-01 3.842840000000000145e-01
7.084089999999999554e-01 2.952060000000000239e-01 6.418260000000000076e-01 3.183989999999999876e-01 3.691579999999999862e-01
4.715520000000000267e-01 7.716889999999999583e-01 6.269580000000000153e-01 4.589309999999999778e-01 3.455090000000000106e-01
5.009620000000000184e-01 3.362620000000000053e-01 5.341360000000000552e-01 3.521880000000000011e-01 6.568289999999999962e-01
4.654490000000000016e-01 5.566689999999999694e-01 6.738730000000000553e-01 3.331500000000000017e-01 4.994720000000000271e-01
5.339279999999999582e-01 4.284129999999999883e-01 5.820920000000000538e-01 4.061710000000000043e-01 3.272220000000000129e-01
2.749759999999999982e-01 6.556990000000000318e-01 3.967229999999999923e-01 6.781610000000000138e-01 4.020130000000000092e-01
4.581200000000000272e-01 5.351669999999999483e-01 7.005099999999999660e-01 2.369860000000000022e-01 5.305889999999999773e-01
1.730829999999999869e-01 6.649270000000000458e-01 5.648210000000000175e-01 3.896660000000000124e-01 6.246329999999999938e-01
7.675359999999999960e-01 3.217280000000000140e-01 6.278789999999999649e-01 3.265950000000000242e-01 4.551799999999999735e-01
4.549909999999999788e-01 3.313789999999999791e-01 5.600100000000000078e-01 3.145999999999999908e-01 6.590200000000000502e-01
5.155089999999999950e-01 5.363510000000000222e-01 2.630020000000000135e-01 4.886229999999999740e-01 5.183219999999999494e-01
3.512759999999999772e-01 5.331050000000000511e-01 5.158939999999999637e-01 7.248010000000000286e-01 2.953319999999999834e-01
4.741940000000000044e-01 2.944970000000000088e-01 7.154380000000000184e-01 6.987050000000000205e-01 5.210569999999999924e-01
8.104470000000000285e-01 5.721739999999999604e-01 3.655610000000000248e-01 4.673530000000000184e-01 3.868920000000000137e-01
5.556590000000000140e-01 6.197169999999999623e-01 4.734740000000000060e-01 2.299420000000000075e-01 6.147690000000000099e-01
6.102060000000000262e-01 2.606700000000000128e-01 6.944869999999999655e-01 5.341099999999999737e-01 3.961879999999999846e-01
5.219650000000000123e-01 7.588270000000000293e-01 4.155139999999999945e-01 3.125279999999999725e-01 5.011120000000000019e-01
4.050770000000000204e-01 5.201379999999999892e-01 2.967960000000000043e-01 4.656520000000000103e-01 6.422060000000000546e-01
4.697760000000000269e-01 4.826540000000000274e-01 3.122289999999999788e-01 5.341190000000000104e-01 7.810160000000000435e-01
5.995819999999999483e-01 4.788490000000000246e-01 4.390350000000000086e-01 4.978500000000000147e-01 3.544059999999999988e-01
4.656939999999999968e-01 3.747539999999999760e-01 6.697760000000000380e-01 4.667100000000000137e-01 2.897719999999999740e-01
5.378840000000000288e-01 4.959879999999999844e-01 3.158090000000000064e-01 7.427240000000000508e-01 3.532460000000000044e-01
5.323849999999999971e-01 7.056050000000000377e-01 4.543639999999999901e-01 4.444350000000000245e-01 5.313149999999999817e-01
2.718599999999999905e-01 5.661709999999999798e-01 4.109189999999999787e-01 5.465299999999999603e-01 6.478289999999999882e-01
2.990329999999999933e-01 7.254639999999999977e-01 6.198090000000000543e-01 4.665690000000000115e-01 3.885629999999999917e-01
5.402130000000000543e-01 5.247410000000000130e-01 3.880410000000000248e-01 8.410039999999999738e-01 2.550810000000000022e-01
3.233539999999999748e-01 6.263849999999999696e-01 4.905800000000000161e-01 3.295319999999999916e-01 7.428869999999999640e-01
4.944669999999999899e-01 2.963250000000000051e-01 7.406420000000000226e-01 3.274380000000000068e-01 7.379719999999999613e-01
5.427849999999999620e-01 4.689389999999999947e-01 6.589139999999999997e-01 3.712759999999999949e-01 3.241220000000000212e-01
3.098670000000000035e-01 7.972639999999999727e-01 5.619399999999999951e-01 2.908419999999999894e-01 5.897569999999999757e-01
4.582879999999999732e-01 6.506750000000000034e-01 3.995170000000000110e-01 5.065990000000000215e-01 5.249390000000000445e-01
4.879680000000000129e-01 5.339949999999999974e-01 5.877240000000000242e-01 5.449859999999999705e-01 4.125090000000000146e-01
3.734330000000000149e-01 4.953859999999999930e-01 6.398179999999999978e-01 3.038959999999999995e-01 7.380999999999999783e-01
5.342510000000000314e-01 7.403359999999999941e-01 5.084450000000000358e-01 4.265860000000000207e-01 5.653799999999999937e-01
6.639399999999999746e-01 6.541599999999999637e-01 5.408269999999999467e-01 2.811290000000000178e-01 4.923089999999999966e-01
5.853230000000000377e-01 4.389049999999999896e-01 7.877030000000000420e-01 3.696570000000000134e-01 4.763410000000000144e-01
3.089859999999999829e-01 6.143330000000000179e-01 5.457859999999999934e-01 7.383880000000000443e-01 4.078669999999999796e-01
6.147270000000000234e-01 4.914549999999999752e-01 3.093279999999999919e-01 4.216070000000000095e-01 7.464560000000000084e-01
5.635289999999999466e-01 1.701560000000000017e-01 7.152579999999999494e-01 5.510690000000000310e-01 5.076889999999999459e-01
2.286990000000000134e-01 6.187629999999999519e-01 4.998210000000000153e-01 6.615560000000000329e-01 4.244850000000000012e-01
5.056819999999999649e-01 6.420909999999999673e-01 4.042129999999999890e-01 6.120029999999999637e-01 3.427350000000000119e-01
4.529670000000000085e-01 6.475440000000000085e-01 3.439249999999999807e-01 4.317730000000000179e-01 5.551869999999999861e-01
4.240380000000000260e-01 4.237250000000000183e-01 5.816999999999999948e-01 3.791539999999999910e-01 7.836060000000000247e-01
5.442179999999999795e-01 4.884100000000000108e-01 2.577820000000000111e-01 7.188550000000000217e-01 5.756940000000000390e-01
5.222020000000000550e-01 2.939399999999999791e-01 5.163459999999999717e-01 6.376530000000000253e-01 5.151360000000000383e-01
5.618499999999999606e-01 3.004919999999999813e-01 8.313500000000000334e-01 4.974970000000000225e-01 3.923730000000000273e-01
5.421110000000000095e-01 3.809600000000000208e-01 4.868540000000000090e-01 4.487760000000000082e-01 3.538749999999999951e-01
6.217150000000000176e-01 5.982530000000000348e-01 5.170749999999999513e-01 6.001919999999999478e-01 2.469639999999999891e-01
6.023410000000000153e-01 5.883530000000000149e-01 4.712310000000000110e-01 6.300229999999999997e-01 3.887459999999999805e-01
4.307529999999999970e-01 5.818189999999999751e-01 6.694649999999999768e-01 2.387569999999999970e-01 6.887159999999999949e-01
5.768429999999999946e-01 2.490880000000000039e-01 6.822129999999999583e-01 2.678920000000000190e-01 6.626410000000000355e-01
6.344319999999999959e-01 3.937709999999999821e-01 4.118530000000000246e-01 4.434839999999999893e-01 7.571820000000000217e-01
6.150980000000000336e-01 5.449929999999999497e-01 5.507880000000000553e-01 4.839539999999999953e-01 4.394759999999999778e-01
5.411359999999999504e-01 6.015920000000000156e-01 3.852630000000000221e-01 3.159379999999999966e-01 7.597089999999999677e-01
7.269529999999999603e-01 5.557269999999999710e-01 4.292679999999999829e-01 6.182379999999999542e-01 1.866649999999999976e-01
4.778999999999999915e-01 2.795540000000000247e-01 6.111320000000000086e-01 5.420519999999999783e-01 4.960439999999999849e-01
3.586340000000000083e-01 4.756009999999999960e-01 7.059149999999999592e-01 4.031580000000000163e-01 6.139850000000000030e-01
3.752099999999999880e-01 3.611639999999999850e-01 7.809979999999999700e-01 3.330969999999999764e-01 5.114950000000000330e-01
6.603569999999999718e-01 5.908090000000000286e-01 2.401500000000000024e-01 5.978170000000000428e-01 4.616160000000000263e-01
3.885170000000000012e-01 4.373150000000000093e-01 7.616260000000000252e-01 3.208480000000000221e-01 4.750110000000000166e-01
4.402030000000000109e-01 3.635180000000000078e-01 6.399620000000000308e-01 4.537619999999999987e-01 5.225400000000000045e-01
3.439440000000000275e-01 4.799370000000000025e-01 6.738589999999999858e-01 5.194159999999999888e-01 3.236939999999999817e-01
4.889709999999999890e-01 6.221659999999999968e-01 2.977420000000000067e-01 5.476609999999999534e-01 7.203370000000000051e-01
7.789030000000000120e-01 4.486760000000000193e-01 4.153859999999999775e-01 5.296870000000000189e-01 4.520620000000000194e-01
7.437850000000000295e-01 4.042049999999999810e-01 5.121559999999999446e-01 6.832209999999999672e-01 3.127550000000000052e-01
6.538350000000000550e-01 5.487300000000000511e-01 2.316610000000000058e-01 3.892059999999999964e-01 5.940659999999999830e-01
4.809950000000000059e-01 6.982639999999999958e-01 4.038269999999999915e-01 4.204570000000000252e-01 6.848790000000000155e-01
6.561230000000000118e-01 7.104510000000000547e-01 3.703830000000000178e-01 6.591550000000000464e-01 2.890380000000000171e-01
5.063710000000000155e-01 3.101949999999999985e-01 5.698499999999999677e-01 4.555310000000000192e-01 5.104349999999999721e-01
6.895599999999999508e-01 5.780030000000000445e-01 5.919379999999999642e-01 2.896090000000000053e-01 2.835030000000000050e-01
4.577030000000000265e-01 5.273839999999999639e-01 6.377599999999999936e-01 4.457119999999999971e-01 4.324189999999999978e-01
6.033209999999999962e-01 6.024589999999999668e-01 5.153950000000000475e-01 5.903739999999999544e-01 3.715579999999999994e-01
3.200100000000000167e-01 5.914580000000000393e-01 5.628659999999999775e-01 4.534440000000000137e-01 7.579700000000000326e-01
6.834980000000000500e-01 3.183369999999999811e-01 4.579300000000000037e-01 6.298550000000000537e-01 3.469929999999999959e-01
6.202509999999999968e-01 3.062840000000000007e-01 8.182899999999999618e-01 2.817870000000000097e-01 3.588600000000000123e-01
6.695020000000000415e-01 2.541530000000000178e-01 6.668030000000000346e-01 1.987929999999999975e-01 5.435449999999999449e-01
6.186289999999999845e-01 6.239200000000000301e-01 3.946950000000000180e-01 5.329420000000000268e-01 2.127390000000000114e-01
2.202759999999999996e-01 6.192530000000000534e-01 6.091609999999999525e-01 6.443680000000000518e-01 4.970220000000000193e-01
4.906499999999999750e-01 7.572060000000000457e-01 2.715350000000000263e-01 4.084479999999999777e-01 5.819800000000000528e-01
3.464229999999999809e-01 5.033790000000000209e-01 5.906360000000000499e-01 7.439489999999999714e-01 4.565660000000000274e-01
6.294840000000000435e-01 6.111090000000000133e-01 2.873979999999999868e-01 4.415729999999999933e-01 4.584770000000000234e-01
5.037559999999999816e-01 3.199420000000000042e-01 5.078939999999999566e-01 8.118600000000000261e-01 4.365339999999999776e-01
3.217149999999999732e-01 7.301400000000000112e-01 5.666409999999999503e-01 3.169029999999999903e-01 6.543600000000000527e-01
5.154149999999999565e-01 4.058700000000000085e-01 4.699869999999999881e-01 6.568399999999999794e-01 4.601190000000000002e-01
7.213699999999999557e-01 4.933239999999999847e-01 4.078010000000000246e-01 3.547540000000000138e-01 6.756980000000000208e-01
3.468629999999999769e-01 5.649830000000000130e-01 5.670539999999999470e-01 4.666950000000000265e-01 5.605780000000000207e-01
4.695829999999999727e-01 4.008430000000000049e-01 3.978249999999999842e-01 5.325050000000000061e-01 6.446380000000000443e-01
6.670770000000000310e-01 2.654810000000000225e-01 7.114869999999999806e-01 6.216300000000000159e-01 3.036769999999999747e-01
6.127949999999999786e-01 3.981520000000000059e-01 3.946879999999999833e-01 6.600240000000000551e-01 5.377300000000000413e-01
3.202650000000000219e-01 4.900950000000000029e-01 3.942189999999999861e-01 7.484349999999999614e-01 6.739880000000000315e-01
6.849720000000000253e-01 3.266109999999999847e-01 5.177009999999999668e-01 5.673409999999999842e-01 5.961990000000000345e-01
4.530500000000000083e-01 4.327280000000000015e-01 6.184060000000000112e-01 3.703569999999999918e-01 4.628970000000000029e-01
5.908320000000000238e-01 3.888809999999999767e-01 6.581890000000000240e-01 4.408940000000000081e-01 2.472509999999999986e-01
3.931290000000000062e-01 6.467669999999999808e-01 6.786050000000000137e-01 6.195410000000000084e-01 3.147880000000000122e-01
6.097759999999999847e-01 3.732509999999999994e-01 7.764259999999999495e-01 4.776619999999999755e-01 4.775539999999999785e-01
5.253430000000000044e-01 4.135300000000000087e-01 7.500970000000000137e-01 3.178670000000000107e-01 6.344600000000000239e-01
7.709350000000000369e-01 2.611959999999999837e-01 5.778809999999999780e-01 3.563140000000000196e-01 4.619409999999999905e-01
4.394210000000000060e-01 5.015269999999999451e-01 4.908100000000000240e-01 6.278120000000000367e-01 5.175579999999999625e-01
6.346000000000000529e-01 4.889640000000000097e-01 2.919780000000000153e-01 6.598690000000000389e-01 2.530850000000000044e-01
7.124770000000000270e-01 6.007379999999999942e-01 3.300620000000000220e-01 5.229190000000000227e-01 5.356389999999999763e-01
5.618880000000000541e-01 5.865839999999999943e-01 5.605350000000000055e-01 6.553959999999999786e-01 2.295030000000000125e-01
3.288470000000000004e-01 6.328570000000000029e-01 4.183580000000000076e-01 7.486580000000000457e-01 3.067079999999999806e-01
7.181619999999999671e-01 2.687510000000000177e-01 3.083580000000000210e-01 6.848140000000000338e-01 3.925710000000000033e-01
5.569150000000000489e-01 4.613789999999999836e-01 7.021020000000000039e-01 2.441780000000000062e-01 5.795679999999999721e-01
6.158940000000000525e-01 3.065829999999999944e-01 6.107810000000000183e-01 3.070499999999999896e-01 6.088919999999999888e-01
2.229899999999999938e-01 7.039830000000000254e-01 5.738659999999999872e-01 3.846180000000000154e-01 5.227969999999999562e-01
6.092079999999999718e-01 5.550840000000000218e-01 3.319420000000000148e-01 4.231139999999999901e-01 6.942639999999999922e-01
5.955129999999999590e-01 7.304490000000000149e-01 2.757629999999999804e-01 4.671819999999999862e-01 4.379100000000000215e-01
6.803050000000000486e-01 3.288800000000000057e-01 5.958820000000000228e-01 3.996950000000000225e-01 6.924390000000000267e-01
4.260220000000000118e-01 4.021890000000000187e-01 4.648990000000000067e-01 5.279040000000000399e-01 6.322119999999999962e-01
7.558709999999999596e-01 2.325180000000000025e-01 4.993529999999999913e-01 4.219260000000000232e-01 5.874160000000000492e-01
5.400169999999999693e-01 1.871690000000000020e-01 5.881589999999999874e-01 5.333090000000000330e-01 5.005849999999999467e-01
6.815130000000000354e-01 4.113879999999999759e-01 4.446379999999999777e-01 7.150600000000000289e-01 2.493599999999999983e-01
5.874239999999999462e-01 3.895819999999999839e-01 3.555209999999999759e-01 6.486309999999999576e-01 6.082189999999999541e-01
4.390410000000000146e-01 6.357329999999999925e-01 7.496199999999999530e-01 2.828330000000000011e-01 4.802609999999999935e-01
4.850650000000000239e-01 5.270359999999999490e-01 5.796620000000000106e-01 5.176929999999999588e-01 3.558390000000000164e-01
4.822670000000000012e-01 4.109999999999999765e-01 2.652639999999999998e-01 6.936489999999999601e-01 6.881760000000000099e-01
3.707420000000000160e-01 6.043469999999999676e-01 6.116540000000000310e-01 2.352470000000000117e-01 5.111550000000000260e-01
6.868459999999999566e-01 3.950640000000000263e-01 7.611560000000000548e-01 4.853859999999999841e-01 2.869639999999999969e-01
3.649290000000000034e-01 4.377900000000000125e-01 7.233370000000000077e-01 4.728559999999999985e-01 4.177259999999999862e-01
4.678269999999999929e-01 4.087279999999999802e-01 8.540780000000000038e-01 4.151989999999999847e-01 4.168680000000000163e-01
5.195750000000000091e-01 5.275530000000000497e-01 4.408679999999999821e-01 3.583729999999999971e-01 7.917039999999999633e-01
