5
312
0.758135 0.532765 0.834033 0.036042 0.434365 
0.351826 0.668096 0.975292 0.737802 0.054785 
0.795135 0.908559 0.692205 0.030797 0.169443 
0.975976 0.486266 0.290259 0.8009810000000001 0.242939 
0.210246 0.549627 0.972464 0.287075 0.394756 
0.641458 0.720499 0.044733 0.969628 0.017976 
0.45714 0.362046 0.984472 0.214442 0.368499 
0.5430120000000001 0.521325 0.680235 0.050728 0.263452 
0.963383 0.539979 0.167399 0.6998220000000001 0.07531400000000001 
0.566501 0.719144 0.960788 0.507477 0.138059 
0.747578 0.127055 0.9541269999999999 0.07112400000000001 0.755221 
0.568485 0.366785 0.563752 0.005105 0.781201 
0.420898 0.320392 0.922169 0.242506 0.949444 
0.96823 0.705661 0.528142 0.044672 0.180938 
0.974888 0.437052 0.08908199999999999 0.5991379999999999 0.69273 
0.151831 0.9645089999999999 0.830493 0.1237 0.473419 
0.059886 0.963135 0.273766 0.737109 0.470693 
0.174272 0.345244 0.967117 0.133068 0.916911 
0.870081 0.100735 0.950937 0.217841 0.680979 
0.588477 0.649679 0.834795 0.273664 0.748973 
0.046843 0.12126 0.679235 0.915391 0.630753 
0.993174 0.859186 0.439515 0.223519 0.471247 
0.371084 0.108896 0.801656 0.04485 0.6936330000000001 
0.462316 0.566281 0.582856 0.587029 0.88293 
0.372176 0.947738 0.6782899999999999 0.061275 0.74758 
0.14174 0.607123 0.095333 0.716652 0.5564789999999999 
0.758912 0.026937 0.81998 0.822638 0.263459 
0.192254 0.725567 0.334671 0.987524 0.209814 
0.07310899999999999 0.73088 0.947722 0.715684 0.358478 
0.719645 0.054256 0.09905600000000001 0.764288 0.764697 
0.51285 0.250527 0.58158 0.171832 0.385447 
0.06646299999999999 0.96214 0.946807 0.01654 0.648028 
0.895844 0.663321 0.136143 0.330729 0.8779 
0.500471 0.031021 0.367275 0.314016 0.950871 
0.009674 0.385805 0.499739 0.862581 0.36662 
0.914901 0.015552 0.65138 0.743494 0.116019 
0.595835 0.926862 0.416273 0.830934 0.114662 
0.289165 0.25775 0.791436 0.869152 0.6223649999999999 
0.102099 0.998471 0.147033 0.441706 0.754074 
0.291826 0.111844 0.442115 0.9464900000000001 0.442888 
0.756136 0.889693 0.099581 0.172537 0.569407 
0.210314 0.532045 0.287193 0.945509 0.161057 
0.344501 0.063309 0.77005 0.09298099999999999 0.817275 
0.002832 0.822223 0.368074 0.737075 0.57625 
0.965728 0.066751 0.219308 0.678063 0.245615 
0.536287 0.078468 0.626734 0.093349 0.977762 
0.512198 0.566876 0.715117 0.239643 0.074419 
0.800019 0.388657 0.360069 0.135158 0.347633 
0.208086 0.555713 0.6774289999999999 0.997315 0.379965 
0.277507 0.06708500000000001 0.69437 0.428507 0.874181 
0.622679 0.498022 0.565286 0.013614 0.495785 
0.337556 0.977442 0.483558 0.0315 0.535231 
0.720764 0.942592 0.313563 0.060136 0.602106 
0.522118 0.076275 0.676557 0.065967 0.942198 
0.445304 0.037968 0.676725 0.126995 0.675597 
0.9517330000000001 0.294832 0.881538 0.235861 0.049029 
0.825284 0.699139 0.296266 0.391186 0.074143 
0.931287 0.891896 0.201889 0.90974 0.015409 
0.525363 0.514471 0.007414 0.666025 0.907925 
0.8497980000000001 0.287329 0.789531 0.346984 0.004741 
0.138087 0.935029 0.692263 0.219243 0.340261 
0.992999 0.01951 0.70535 0.640916 0.112493 
0.410363 0.861241 0.598422 0.49884 0.010518 
0.185603 0.060496 0.945181 0.395923 0.7405119999999999 
0.447996 0.167533 0.359992 0.834633 0.180353 
0.808118 0.053343 0.128228 0.371049 0.995733 
0.915936 0.289208 0.261122 0.8732529999999999 0.06712799999999999 
0.359199 0.461393 0.895302 0.160245 0.965271 
0.13688 0.662012 0.192213 0.575734 0.979066 
0.5824319999999999 0.142153 0.902988 0.019729 0.689557 
0.682135 0.574793 0.518609 0.924186 0.58266 
0.351216 0.67332 0.810534 0.857136 0.240656 
0.983279 0.490723 0.510316 0.580278 0.077054 
0.493068 0.516371 0.014637 0.896228 0.418447 
0.876501 0.937496 0.401663 0.206813 0.09666 
0.571079 0.037639 0.833948 0.06937400000000001 0.763745 
0.175221 0.299022 0.811528 0.460343 0.974077 
0.441764 0.309113 0.080675 0.9641459999999999 0.514917 
0.088223 0.905543 0.06780700000000001 0.954715 0.794682 
0.947404 0.463573 0.106553 0.093971 0.942539 
0.7238599999999999 0.289947 0.932902 0.749162 0.034657 
0.7689240000000001 0.022277 0.802803 0.306449 0.328666 
0.475107 0.135599 0.480171 0.475135 0.987134 
0.537511 0.631613 0.001368 0.392614 0.790252 
0.86575 0.030772 0.763896 0.236433 0.442026 
0.997379 0.044916 0.737818 0.559091 0.035356 
0.270612 0.81435 0.906631 0.631768 0.275828 
0.892049 0.109225 0.8763609999999999 0.131843 0.830436 
0.499051 0.000276 0.988753 0.490148 0.301387 
0.330174 0.973395 0.350215 0.728698 0.029143 
0.146927 0.719606 0.081244 0.7562219999999999 0.913968 
0.413131 0.839793 0.286605 0.925145 0.054783 
0.011602 0.599305 0.255307 0.882591 0.628748 
0.927724 0.677197 0.578723 0.112395 0.452205 
0.607425 0.902078 0.098174 0.888501 0.066242 
0.005256 0.890267 0.503501 0.298354 0.512958 
0.9671380000000001 0.482305 0.139973 0.9317569999999999 0.226099 
0.401155 0.779359 0.042037 0.971596 0.378306 
0.174759 0.961377 0.301889 0.329064 0.9432 
0.13936 0.205369 0.685288 0.173097 0.680179 
0.199399 0.759606 0.985712 0.497495 0.463071 
0.372448 0.026763 0.621644 0.552715 0.846607 
0.895221 0.212822 0.071989 0.385752 0.87674 
0.19677 0.012467 0.898706 0.564553 0.356955 
0.006164 0.873596 0.492946 0.211192 0.974758 
0.883667 0.318173 0.186938 0.981908 0.111836 
0.485075 0.557153 0.195621 0.667873 0.958191 
0.937541 0.156473 0.822671 0.06076 0.647374 
0.478051 0.738228 0.035404 0.458093 0.972716 
0.543852 0.861809 0.143759 0.33835 0.959301 
0.990244 0.413921 0.595162 0.522821 0.557657 
0.047832 0.957875 0.591766 0.338025 0.920319 
0.35859 0.998773 0.317868 0.796776 0.262303 
0.035266 0.479257 0.7627 0.996144 0.09187099999999999 
0.390607 0.065882 0.640636 0.94193 0.543874 
0.873271 0.70352 0.494551 0.304017 0.030737 
0.30706 0.621833 0.025435 0.855861 0.816815 
0.734775 0.122585 0.132523 0.855731 0.490154 
0.897703 0.857524 0.085981 0.498909 0.119994 
0.322395 0.955403 0.094351 0.329404 0.799666 
0.934754 0.491142 0.126086 0.594576 0.1602 
0.956703 0.576214 0.473127 0.171515 0.135857 
0.852451 0.733275 0.063136 0.231315 0.72564 
0.816146 0.959162 0.420721 0.013107 0.365857 
0.06446300000000001 0.838995 0.256879 0.359551 0.917998 
0.6179829999999999 0.790315 0.003924 0.115127 0.858044 
0.532465 0.910594 0.145343 0.645736 0.6800310000000001 
0.765924 0.8098610000000001 0.139194 0.09690600000000001 0.496976 
0.747591 0.485275 0.010116 0.738386 0.200085 
0.904209 0.120026 0.631359 0.908209 0.065652 
0.729237 0.89697 0.178346 0.162083 0.319978 
0.380389 0.906203 0.059131 0.300415 0.919524 
0.022053 0.332609 0.767454 0.26669 0.9273709999999999 
0.436198 0.384192 0.594734 0.024394 0.989208 
0.8911790000000001 0.083705 0.8346789999999999 0.815295 0.295522 
0.845973 0.656589 0.164976 0.7621869999999999 0.016436 
0.391225 0.87382 0.887409 0.033729 0.343411 
0.500333 0.9372819999999999 0.170858 0.455374 0.80231 
0.307976 0.958414 0.889425 0.449692 0.046314 
0.842467 0.036442 0.495334 0.556773 0.993041 
0.667095 0.9534629999999999 0.552866 0.546279 0.174445 
0.482618 0.235409 0.973807 0.746001 0.471028 
0.5833739999999999 0.915975 0.066103 0.397752 0.335203 
0.136571 0.058671 0.790195 0.519649 0.570089 
0.805337 0.287983 0.411454 0.589742 0.906438 
0.478641 0.019492 0.721285 0.928953 0.255204 
0.987212 0.101098 0.699314 0.9253440000000001 0.244699 
0.764747 0.937633 0.001487 0.656384 0.436043 
0.559048 0.981047 0.479043 0.643284 0.116756 
0.513804 0.904151 0.135647 0.999317 0.218302 
0.125951 0.998157 0.311957 0.295883 0.901253 
0.09957199999999999 0.199257 0.76575 0.458368 0.958637 
0.992139 0.214497 0.023133 0.831974 0.640358 
0.807492 0.599122 0.071795 0.650756 0.125912 
0.290856 0.920301 0.06712700000000001 0.280328 0.713604 
0.811689 0.218271 0.995812 0.304876 0.346089 
0.022908 0.9112980000000001 0.424595 0.079362 0.895418 
0.305761 0.946942 0.361792 0.94143 0.375597 
0.151902 0.85668 0.701655 0.603222 0.039692 
0.410111 0.029688 0.992222 0.500868 0.239794 
0.694489 0.594861 0.072468 0.996358 0.058375 
0.233296 0.678352 0.801494 0.092247 0.950075 
0.710448 0.522003 0.988368 0.21724 0.198816 
0.868666 0.045745 0.547643 0.241984 0.7089220000000001 
0.388871 0.370827 0.8917 0.005431 0.776249 
0.77436 0.627544 0.542462 0.868561 0.312997 
0.108925 0.866633 0.5833390000000001 0.321303 0.307382 
0.671337 0.407799 0.448725 0.842417 0.016681 
0.899635 0.450382 0.40813 0.111765 0.162844 
0.629779 0.25347 0.6690469999999999 0.247407 0.996821 
0.637297 0.818751 0.305286 0.002117 0.661381 
0.998924 0.569406 0.295823 0.283111 0.20494 
0.437915 0.313321 0.018346 0.68433 0.835241 
0.080079 0.263453 0.307499 0.886848 0.882605 
0.033502 0.936541 0.471636 0.130792 0.870107 
0.637163 0.625763 0.620841 0.056098 0.851769 
0.116521 0.85721 0.013509 0.875393 0.543365 
0.199551 0.781164 0.195356 0.923459 0.136458 
0.238565 0.527037 0.886016 0.732904 0.055431 
0.870438 0.458598 0.07266499999999999 0.745732 0.162438 
0.108573 0.951301 0.173469 0.9667 0.414745 
0.002926 0.53147 0.528715 0.508943 0.966668 
0.9063639999999999 0.911451 0.216574 0.384332 0.171258 
0.745366 0.757301 0.839502 0.254414 0.059234 
0.929844 0.8317020000000001 0.188465 0.374117 0.104673 
0.893971 0.05124 0.788859 0.390316 0.059362 
0.112724 0.979089 0.455075 0.6369629999999999 0.287329 
0.327718 0.895451 0.1595 0.147116 0.8542110000000001 
0.210428 0.73193 0.865425 0.470235 0.056609 
0.163401 0.930912 0.010722 0.889687 0.908067 
0.860653 0.832616 0.09928099999999999 0.155435 0.808619 
0.200582 0.934401 0.396151 0.610782 0.02524 
0.234969 0.744379 0.485336 0.024684 0.847082 
0.520994 0.44499 0.313021 0.189946 0.974728 
0.936252 0.367105 0.171859 0.739831 0.020699 
0.029414 0.648903 0.750298 0.250003 0.506825 
0.54159 0.419923 0.530525 0.054468 0.98617 
0.039946 0.788967 0.034039 0.811382 0.754618 
0.847776 0.477747 0.064252 0.219877 0.599149 
0.647695 0.487029 0.815914 0.767419 0.02245 
0.952214 0.182718 0.339557 0.887371 0.240534 
0.073643 0.899773 0.023421 0.673278 0.630648 
0.712782 0.5747100000000001 0.408001 0.015318 0.729497 
0.982797 0.635682 0.23256 0.480895 0.167521 
0.678188 0.420078 0.531767 0.101742 0.148812 
0.5868949999999999 0.193024 0.001126 0.451918 0.775554 
0.257283 0.143832 0.377051 0.979802 0.49335 
0.423357 0.086019 0.743167 0.198149 0.990139 
0.476918 0.047749 0.948137 0.652004 0.48932 
0.991198 0.103235 0.45043 0.401387 0.81764 
0.25365 0.052508 0.532969 0.788857 0.940123 
0.002707 0.8007339999999999 0.514504 0.769381 0.50432 
0.893618 0.983986 0.489041 0.253976 0.087328 
0.985731 0.137349 0.211262 0.498693 0.716359 
0.496896 0.039727 0.919831 0.077778 0.721448 
0.627556 0.321803 0.76855 0.314429 0.048854 
0.501071 0.925736 0.363594 0.24847 0.179966 
0.002626 0.480277 0.455224 0.802235 0.774876 
0.653465  0.615 0.8573190000000001 0.63734 0.023361 
0.580111 0.416116 0.616642 0.499002 0.019115 
0.970688 0.06175 0.903838 0.015427 0.273467 
0.365337 0.99295 0.272644 0.370958 0.298287 
0.2823 0.783085 0.56433 0.997061 0.165584 
0.6074310000000001 0.681805 0.018128 0.323791 0.285464 
0.254945 0.963544 0.500354 0.7389559999999999 0.530971 
0.206841 0.151983 0.994673 0.743978 0.396071 
0.559402 0.449389 0.022932 0.760041 0.878174 
0.873324 0.381708 0.020916 0.322077 0.630453 
0.131657 0.336212 0.909285 0.125062 0.758067 
0.086366 0.598658 0.623013 0.108219 0.850558 
0.961816 0.666838 0.638933 0.183324 0.113853 
0.008421 0.620435 0.289933 0.698192 0.868328 
0.572742 0.028764 0.520352 0.91348 0.556274 
0.148276 0.213644 0.308084 0.976325 0.641137 
0.053531 0.364734 0.935619 0.820223 0.476027 
0.114305 0.471925 0.887595 0.760862 0.219744 
0.961151 0.494801 0.119317 0.875059 0.421426 
0.988269 0.743299 0.474493 0.151999 0.194229 
0.001692 0.485426 0.655573 0.847334 0.804278 
0.698723 0.382418 0.127559 0.951638 0.6101490000000001 
0.493059 0.38919 0.40779 0.952634 0.045248 
0.338019 0.906989 0.193399 0.117265 0.750187 
0.47702 0.525219 0.274567 0.325402 0.991603 
0.6982 0.059968 0.898115 0.003801 0.8739400000000001 
0.144029 0.5742119999999999 0.924399 0.651774 0.204254 
0.021571 0.89724 0.828532 0.423007 0.890169 
0.051516 0.81057 0.187695 0.105069 0.75464 
0.805043 0.311168 0.964296 0.09384000000000001 0.622827 
0.134029 0.697029 0.278987 0.589636 0.353368 
0.950581 0.000858 0.696361 0.917419 0.112198 
0.441434 0.344836 0.432121 0.896058 0.933285 
0.875405 0.599433 0.290251 0.9264790000000001 0.001501 
0.180679 0.605168 0.238409 0.086966 0.889804 
0.44159 0.123342 0.977745 0.484851 0.164639 
0.25645 0.402665 0.92397 0.275954 0.322351 
0.867648 0.02269 0.242981 0.446039 0.705413 
0.614619 0.807769 0.857436 0.115748 0.141263 
0.793928 0.242603 0.978661 0.732056 0.183581 
0.602618 0.802527 0.738977 0.419751 0.033389 
0.753292 0.071063 0.9214 0.385133 0.134545 
0.384368 0.694089 0.9908 0.180139 0.196004 
0.11925 0.7117059999999999 0.418962 0.953978 0.08437 
0.60945 0.038553 0.846052 0.82751 0.033315 
0.859506 0.078488 0.321026 0.893541 0.291527 
0.406268 0.99636 0.757007 0.105241 0.782239 
0.129345 0.359252 0.538948 0.9858710000000001 0.497541 
0.76908 0.266913 0.030171 0.438123 0.617346 
0.120544 0.7139259999999999 0.574169 0.91196 0.123461 
0.803658 0.978154 0.186784 0.233178 0.406891 
0.812204 0.072049 0.936151 0.310728 0.193982 
0.832691 0.209157 0.294076 0.141125 0.932466 
0.638316 0.159843 0.301427 0.908959 0.173217 
0.53067 0.04751 0.051095 0.697535 0.864332 
0.088232 0.323046 0.961091 0.674305 0.7361760000000001 
0.408059 0.302503 0.940757 0.649197 0.017627 
0.302738 0.704745 0.642672 0.03563 0.513904 
0.248377 0.342103 0.099482 0.61451 0.993908 
0.020354 0.749412 0.300046 0.981705 0.363181 
0.021896 0.268549 0.831943 0.749492 0.819946 
0.012086 0.75804 0.733807 0.495194 0.464831 
0.587992 0.558631 0.833997 0.132534 0.106249 
0.58668 0.475878 0.9208190000000001 0.009306999999999999 0.414938 
0.714489 0.084705 0.506973 0.281656 0.405349 
0.665003 0.020859 0.800453 0.88971 0.244808 
0.277322 0.057697 0.943537 0.386913 0.83623 
0.774216 0.286096 0.329616 0.680653 0.903156 
0.423153 0.057398 0.238295 0.948364 0.935605 
0.868322 0.020588 0.217633 0.571813 0.750055 
0.658852 0.08845500000000001 0.824623 0.882103 0.059089 
0.796732 0.877263 0.121877 0.172786 0.5766210000000001 
0.391674 0.6783670000000001 0.527837 0.023792 0.847529 
0.400003 0.998566 0.561746 0.465635 0.299155 
0.668529 0.141908 0.694676 0.747251 0.896238 
0.7745919999999999 0.108071 0.619887 0.927982 0.528419 
0.224992 0.810697 0.002841 0.818821 0.5371 
0.206057 0.998578 0.423826 0.351998 0.373749 
0.526735 0.625401 0.976463 0.08523 0.548833 
0.058991 0.281715 0.488982 0.911144 0.446512 
0.23864 0.309669 0.884605 0.07877000000000001 0.934592 
0.512406 0.902625 0.174497 0.855303 0.033966 
0.08501300000000001 0.707991 0.7758080000000001 0.924137 0.320464 
0.76371 0.411953 0.003456 0.936897 0.225915 
0.985802 0.5515600000000001 0.247726 0.302722 0.604441 
0.634219 0.245137 0.044087 0.863377 0.612982 
0.140191 0.925746 0.743665 0.6749000000000001 0.529929 
0.6273609999999999 0.015547 0.941292 0.618784 0.587512 
0.647863 0.303465 0.66947 0.009611 0.974287 
0.416364 0.246019 0.031096 0.722644 0.733391 
0.890643 0.067867 0.899246 0.525045 0.007605 
0.174811 0.343995 0.0648 0.7654 0.886672 
0.694107 0.949776 0.042014 0.652707 0.09743 
0.000282 0.699451 0.927911 0.310167 0.70267 
