5
456
0.21102 0.998604 0.554691 0.006218 0.655735 
0.844241 0.903107 0.230282 0.184718 0.178102 
0.068249 0.177802 0.503664 0.697773 0.365945 
0.091193 0.903002 0.689372 0.089994 0.921679 
0.93392 0.012168 0.478003 0.554451 0.361328 
0.935426 0.331715 0.262503 0.08258699999999999 0.7828850000000001 
0.982206 0.408081 0.658148 0.412345 0.015731 
0.823901 0.410168 0.76645 0.80177 0.005911 
0.895861 0.471673 0.387349 0.9838479999999999 0.093337 
0.132117 0.316563 0.291761 0.739497 0.963202 
0.126728 0.854362 0.031364 0.92353 0.66145 
0.335276 0.192807 0.951532 0.803868 0.441643 
0.196154 0.9246 0.782378 0.58363 0.145841 
0.763714 0.028922 0.749182 0.696723 0.094819 
0.245423 0.2078 0.871012 0.931357 0.109369 
0.86732 0.111093 0.112311 0.348359 0.860215 
0.073258 0.729322 0.273724 0.984428 0.708709 
0.6114889999999999 0.082104 0.919723 0.81163 0.20167 
0.21738 0.865667 0.962619 0.258616 0.519838 
0.654349 0.012657 0.843402 0.132216 0.754219 
0.374403 0.183121 0.112543 0.524255 0.701216 
0.092178 0.492301 0.809801 0.929084 0.331713 
0.469599 0.00752 0.812545 0.066481 0.935348 
0.892093 0.208225 0.834705 0.77016 0.311746 
0.177442 0.668909 0.988105 0.177655 0.851589 
0.006751 0.604208 0.912656 0.347471 0.58656 
0.060496 0.375284 0.7821399999999999 0.065621 0.86215 
0.922647 0.014127 0.405747 0.911886 0.391377 
0.838849 0.750105 0.624341 0.308344 0.05028 
0.72066 0.634396 0.305145 0.913977 0.006542 
0.006691 0.43378 0.525324 0.457952 0.861812 
0.996461 0.286591 0.302079 0.555337 0.469267 
0.108373 0.859695 0.152711 0.960232 0.7184160000000001 
0.343334 0.153092 0.064292 0.808318 0.825565 
0.516721 0.323472 0.340264 0.951686 0.747268 
0.570978 0.005961 0.939858 0.288949 0.8880940000000001 
0.169691 0.408102 0.9531539999999999 0.093958 0.905142 
0.317171 0.846569 0.95596 0.119192 0.127755 
0.396087 0.549305 0.999434 0.421624 0.151953 
0.003149 0.686875 0.571309 0.343185 0.352445 
0.931249 0.472955 0.661021 0.355708 0.63112 
0.6538890000000001 0.704484 0.996187 0.09379700000000001 0.121738 
0.976174 0.338028 0.705556 0.042913 0.433169 
0.087044 0.844225 0.8395280000000001 0.686217 0.329637 
0.8462499999999999 0.022489 0.753931 0.921906 0.087891 
0.872773 0.230943 0.450567 0.472347 0.018587 
0.838135 0.57523 0.399389 0.038051 0.8858740000000001 
0.510901 0.885744 0.325985 0.934926 0.216139 
0.502065 0.886832 0.094981 0.9693619999999999 0.307005 
0.644466 0.450354 0.006587 0.712833 0.77025 
0.5309970000000001 0.428526 0.067344 0.9615320000000001 0.7003200000000001 
0.892855 0.53388 0.422375 0.916202 0.051925 
0.211975 0.814931 0.757377 0.299552 0.06472600000000001 
0.532477 0.968496 0.292431 0.612845 0.394186 
0.030795 0.8163859999999999 0.870576 0.449976 0.114845 
0.445971 0.94672 0.649017 0.038602 0.643167 
0.503193 0.195942 0.815282 0.610337 0.986604 
0.907613 0.810675 0.496252 0.121835 0.483338 
0.687454 0.899881 0.319166 0.80097 0.139402 
0.365214 0.427994 0.089472 0.9792459999999999 0.5386879999999999 
0.041345 0.962803 0.530185 0.762598 0.67743 
0.482472 0.864321 0.6752280000000001 0.327977 0.015794 
0.035949 0.313234 0.5026080000000001 0.539482 0.53581 
0.482825 0.423541 0.019641 0.899254 0.811458 
0.805339 0.907178 0.242995 0.055023 0.237843 
0.8923410000000001 0.76254 0.001925 0.417034 0.2074 
0.516105 0.307812 0.990918 0.511512 0.235358 
0.707748 0.44446 0.961672 0.713093 0.029565 
0.9194020000000001 0.177357 0.353996 0.994801 0.226133 
0.9034489999999999 0.600132 0.025402 0.725007 0.206827 
0.100982 0.255366 0.328689 0.558862 0.873116 
0.571414 0.9555900000000001 0.374703 0.138884 0.923982 
0.796331 0.702118 0.337673 0.023223 0.439445 
0.99973 0.798833 0.44401 0.343401 0.114391 
0.5354989999999999 0.00838 0.779297 0.174896 0.624144 
0.56358 0.804643 0.06887500000000001 0.942408 0.221757 
0.979994 0.84016 0.08926099999999999 0.461093 0.272944 
0.921486 0.862703 0.154245 0.081736 0.627972 
0.361471 0.690303 0.3966 0.009658999999999999 0.749427 
0.931862 0.244905 0.105904 0.857309 0.302468 
0.951067 0.226401 0.324587 0.964749 0.026508 
0.700166 0.668111 0.138927 0.99416 0.091763 
0.119888 0.951829 0.890586 0.059552 0.5340240000000001 
0.90485 0.875203 0.116023 0.489648 0.148877 
0.178143 0.230076 0.807364 0.109394 0.991703 
0.292572 0.107747 0.960476 0.486737 0.933986 
0.069108 0.850718 0.139624 0.943261 0.889622 
0.664458 0.475845 0.6432290000000001 0.9893 0.12676 
0.06251 0.928125 0.151551 0.953318 0.5595909999999999 
0.247106 0.213338 0.542392 0.975531 0.643761 
0.032082 0.607278 0.938384 0.104389 0.718955 
0.8900169999999999 0.310167 0.753396 0.362159 0.005342 
0.337178 0.895873 0.214117 0.977723 0.34503 
0.745376 0.521734 0.536164 0.009918 0.849707 
0.59029 0.010278 0.764783 0.728235 0.57672 
0.004843 0.573417 0.830965 0.741634 0.5006699999999999 
0.642134 0.045999 0.975207 0.499911 0.569901 
0.248247 0.071926 0.9176569999999999 0.513074 0.67662 
0.508833 0.8728320000000001 0.129416 0.084887 0.591298 
0.740976 0.777132 0.163732 0.351544 0.145498 
0.630373 0.753113 0.734936 0.671865 0.002714 
0.9604009999999999 0.26471 0.732582 0.126283 0.129526 
0.511433 0.648474 0.023697 0.624099 0.233593 
0.623972 0.881149 0.346902 0.062595 0.9939789999999999 
0.736258 0.148389 0.94535 0.807778 0.061844 
0.092406 0.865592 0.483966 0.006295 0.795482 
0.062247 0.9991989999999999 0.378501 0.587943 0.389226 
0.063489 0.608585 0.12612 0.635374 0.656239 
0.344991 0.867125 0.000253 0.421342 0.757784 
0.636666 0.248112 0.992887 0.012535 0.680359 
0.937483 0.88663 0.224183 0.103733 0.257013 
0.615063 0.993762 0.248992 0.289455 0.508472 
0.611412 0.466192 0.424668 0.077193 0.99852 
0.9242 0.293307 0.042904 0.577454 0.804389 
0.803141 0.033064 0.620472 0.744744 0.772382 
0.812523 0.905492 0.357181 0.294507 0.407791 
0.64593 0.278594 0.447927 0.003571 0.864545 
0.036608 0.584977 0.258878 0.89747 0.827616 
0.591766 0.912399 0.053994 0.187009 0.581222 
0.00139 0.904231 0.08757 0.567767 0.929263 
0.960226 0.451082 0.333608 0.06947200000000001 0.465202 
0.466807 0.028656 0.726739 0.109181 0.838718 
0.415105 0.6563909999999999 0.756812 0.013504 0.507253 
0.990487 0.622256 0.60103 0.293414 0.400966 
0.251955 0.215855 0.11272 0.971924 0.890158 
0.743073 0.052048 0.59732 0.086412 0.776509 
0.874295 0.772272 0.269148 0.040177 0.471416 
0.990604 0.170479 0.821908 0.19557 0.299307 
0.913791 0.199228 0.884289 0.027748 0.453137 
0.324995 0.709543 0.9820759999999999 0.371935 0.394514 
0.687018 0.782699 0.660699 0.090915 0.096502 
0.880586 0.434729 0.294224 0.141276 0.975197 
0.019014 0.290958 0.935462 0.46741 0.444024 
0.606165 0.511944 0.5350470000000001 0.687124 0.003544 
0.244631 0.472752 0.9210429999999999 0.988911 0.300503 
0.07285899999999999 0.350268 0.949406 0.011298 0.845376 
0.403658 0.787957 0.020999 0.879352 0.601104 
0.592161 0.011907 0.9586479999999999 0.261729 0.321612 
0.872712 0.323362 0.092221 0.926546 0.526609 
0.9003640000000001 0.399953 0.037837 0.178644 0.958883 
0.257298 0.519668 0.913432 0.873938 0.432873 
0.351878 0.261675 0.311326 0.250816 0.8401 
0.134403 0.269166 0.5935859999999999 0.703024 0.951668 
0.008257 0.9282010000000001 0.100168 0.738137 0.704288 
0.996677 0.287187 0.690315 0.41795 0.112049 
0.410947 0.160454 0.205344 0.988316 0.659893 
0.986785 0.794895 0.454962 0.207255 0.472278 
0.563647 0.179754 0.054607 0.921145 0.512722 
0.19937 0.703186 0.087745 0.328125 0.827089 
0.008123 0.692534 0.87414 0.233657 0.963808 
0.056451 0.537513 0.680738 0.7956530000000001 0.057531 
0.368264 0.951836 0.494416 0.039493 0.211827 
0.498705 0.647173 0.139564 0.998152 0.471552 
0.28515 0.259476 0.759463 0.427782 0.993686 
0.123151 0.841703 0.182109 0.250433 0.901623 
0.076862 0.75793 0.222801 0.830618 0.993637 
0.921004 0.010805 0.774972 0.6581939999999999 0.501842 
0.722456 0.029113 0.845207 0.034339 0.5931999999999999 
0.323541 0.662369 0.02117 0.691819 0.988374 
0.135944 0.9607290000000001 0.639384 0.554177 0.0413 
0.32216 0.041749 0.36974 0.927582 0.727397 
0.465141 0.606541 0.952658 0.017866 0.620448 
0.696476 0.373907 0.054713 0.990491 0.470936 
0.921625 0.001589 0.82069 0.77834 0.171782 
0.972056 0.036237 0.804086 0.268282 0.594479 
0.446777 0.092098 0.9783849999999999 0.157112 0.641362 
0.950389 0.258608 0.164862 0.202808 0.9349690000000001 
0.62174 0.939998 0.648355 0.012052 0.4529 
0.022656 0.540964 0.173683 0.94034 0.399629 
0.637697 0.089971 0.428518 0.894658 0.117409 
0.426207 0.414535 0.63534 0.002821 0.941349 
0.53944 0.373527 0.744961 0.467259 0.008144999999999999 
0.477421 0.978266 0.752504 0.126205 0.337575 
0.654882 0.333834 0.038451 0.736832 0.898778 
0.114128 0.486435 0.109142 0.507086 0.979955 
0.221698 0.578967 0.928443 0.010328 0.662265 
0.641076 0.40019 0.6843129999999999 0.970469 0.09618 
0.422778 0.6780929999999999 0.111962 0.984758 0.382309 
0.040358 0.459318 0.697631 0.829084 0.700511 
0.377416 0.273663 0.203979 0.973994 0.259235 
0.017028 0.403343 0.977054 0.5594749999999999 0.6710700000000001 
0.6734250000000001 0.298287 0.813107 0.243562 0.929243 
0.13523 0.9592039999999999 0.183553 0.45906 0.8817430000000001 
0.413019 0.847781 0.08276799999999999 0.216705 0.580825 
0.931168 0.480424 0.041246 0.434179 0.791997 
0.979414 0.479765 0.607955 0.226787 0.101446 
0.906255 0.117009 0.241878 0.943902 0.044893 
0.496344 0.84826 0.025414 0.50992 0.942648 
0.335808 0.81458 0.043996 0.902309 0.288762 
0.015114 0.971414 0.412716 0.132364 0.657353 
0.309935 0.101527 0.948776 0.109703 0.73571 
0.372147 0.980785 0.467884 0.018678 0.864078 
0.839521 0.150829 0.015702 0.949594 0.506451 
0.16128 0.9562 0.427929 0.946758 0.217734 
0.517806 0.163277 0.325253 0.746068 0.975553 
0.663516 0.270002 0.976934 0.268082 0.288272 
0.409523 0.063883 0.949891 0.622586 0.268036 
0.182142 0.9080549999999999 0.074902 0.960389 0.396336 
0.567323 0.190009 0.419403 0.146927 0.7065129999999999 
0.747289 0.485586 0.134298 0.129686 0.646965 
0.939461 0.434863 0.444942 0.783285 0.440773 
0.384499 0.157805 0.284478 0.980317 0.726179 
0.205948 0.581778 0.507258 0.886989 0.82558 
0.150505 0.622882 0.483794 0.996883 0.030194 
0.855111 0.356155 0.009641 0.532044 0.580908 
0.533246 0.93752 0.587168 0.470009 0.014934 
0.96946 0.488081 0.383107 0.105786 0.319782 
0.201427 0.982851 0.104444 0.643934 0.615681 
0.008595999999999999 0.994516 0.756704 0.307876 0.722367 
0.610953 0.914428 0.673358 0.048657 0.256277 
0.564703 0.536043 0.951923 0.441019 0.032431 
0.935132 0.074064 0.688791 0.104046 0.45669 
0.142791 0.822315 0.078597 0.657921 0.971102 
0.997263 0.277957 0.350394 0.119374 0.501677 
0.930781 0.787825 0.509346 0.241765 0.109361 
0.580999 0.016784 0.4226 0.9044759999999999 0.656332 
0.442665 0.615088 0.849459 0.704775 0.012124 
0.720869 0.222428 0.982668 0.397133 0.412915 
0.571572 0.082734 0.922945 0.745236 0.141327 
0.895891 0.473473 0.408108 0.416004 0.03945 
0.850728 0.237347 0.442599 0.991352 0.117504 
0.841086 0.57699 0.021362 0.863397 0.453871 
0.233073 0.82133 0.21376 0.986737 0.329496 
0.807077 0.178717 0.8700329999999999 0.640756 0.017076 
0.964631 0.6564449999999999 0.756142 0.199414 0.117134 
0.028732 0.942178 0.495747 0.68362 0.284931 
0.843554 0.007382 0.210042 0.523369 0.923847 
0.9936430000000001 0.051486 0.775485 0.237794 0.233612 
0.203062 0.782255 0.822514 0.829904 0.148166 
0.533423 0.958491 0.08879099999999999 0.386355 0.961792 
0.979082 0.151704 0.272468 0.605029 0.665554 
0.08394600000000001 0.22428 0.36851 0.647136 0.8348370000000001 
0.689486 0.133246 0.655855 0.017304 0.7914060000000001 
0.812542 0.398204 0.18838 0.261818 0.402836 
0.303538 0.401582 0.967709 0.374591 0.150762 
0.087393 0.467024 0.8827 0.611874 0.09701700000000001 
0.984229 0.262744 0.6054929999999999 0.070164 0.56404 
0.008987 0.7652910000000001 0.339633 0.534926 0.927314 
0.324408 0.375645 0.995241 0.755394 0.258147 
0.00163 0.6508429999999999 0.497397 0.845199 0.342957 
0.658515 0.375967 0.574484 0.004413 0.655477 
0.864496 0.220329 0.903767 0.527116 0.005885 
0.462145 0.974461 0.163931 0.17446 0.467037 
0.870411 0.572551 0.148133 0.137413 0.389168 
0.780655 0.395506 0.012605 0.961827 0.064569 
0.466175 0.932813 0.657377 0.737576 0.172798 
0.74454 0.642456 0.860845 0.257544 0.00946 
0.886972 0.003284 0.34097 0.344319 0.830137 
0.48438 0.382347 0.872104 0.821771 0.043763 
0.566005 0.999756 0.6001919999999999 0.466321 0.051456 
0.58531 0.48174 0.0254 0.455041 0.483152 
0.97366 0.226432 0.657838 0.09679500000000001 0.368786 
0.4693 0.001948 0.443246 0.957587 0.575241 
0.919246 0.115072 0.522057 0.042451 0.548549 
0.281992 0.424292 0.621266 0.860147 0.8659829999999999 
0.235693 0.75547 0.223477 0.9667559999999999 0.719159 
0.043569 0.611528 0.309016 0.41036 0.62538 
0.605011 0.617401 0.332762 0.784632 0.005021 
0.389563 0.336749 0.08151799999999999 0.971562 0.312748 
0.088448 0.9611189999999999 0.30252 0.331726 0.88406 
0.404571 0.607278 0.029181 0.958436 0.58313 
0.40467 0.347051 0.922926 0.008274 0.6243919999999999 
0.327698 0.78404 0.475908 0.719505 0.00946 
0.977401 0.237791 0.964686 0.68444 0.078776 
0.942654 0.597308 0.884555 0.150727 0.238734 
0.168011 0.637315 0.9398069999999999 0.671851 0.046313 
0.202238 0.96695 0.10055 0.464443 0.279028 
0.36401 0.362171 0.9960329999999999 0.288959 0.666069 
0.846131 0.61956 0.047993 0.093241 0.72676 
0.534085 0.965394 0.131329 0.669077 0.058572 
0.9277069999999999 0.42959 0.189752 0.414387 0.896139 
0.090782 0.754202 0.973706 0.287634 0.495778 
0.282182 0.953694 0.052428 0.401578 0.64014 
0.13429 0.338654 0.987959 0.65343 0.620766 
0.725368 0.943171 0.317402 0.07531599999999999 0.437569 
0.046438 0.849703 0.025997 0.738089 0.533868 
0.7138370000000001 0.926913 0.068123 0.283515 0.404312 
0.321123 0.910228 0.6622130000000001 0.342062 0.977953 
0.179883 0.160031 0.97249 0.662578 0.577831 
0.503134 0.300173 0.614594 0.005237 0.9182979999999999 
0.037778 0.5399080000000001 0.20953 0.901458 0.234768 
0.378666 0.055127 0.291961 0.973925 0.653549 
0.36423 0.163043 0.8248760000000001 0.784381 0.780892 
0.450484 0.739649 0.014251 0.787272 0.444319 
0.856846 0.625332 0.52617 0.09280099999999999 0.830604 
0.95867 0.334831 0.054075 0.709693 0.527522 
0.049773 0.188373 0.6247470000000001 0.905402 0.6384570000000001 
0.5295609999999999 0.970175 0.371428 0.065426 0.299593 
0.976909 0.607591  0.262 0.15545 0.32881 
0.9456870000000001 0.295219 0.8240189999999999 0.28125 0.07142900000000001 
0.089752 0.151674 0.759803 0.836492 0.574651 
0.562253 0.002255 0.628316 0.053794 0.9203480000000001 
0.034576 0.905201 0.6617499999999999 0.497019 0.141172 
0.136649 0.148588 0.9168539999999999 0.413219 0.746028 
0.994652 0.288566 0.330219 0.155201 0.936994 
0.163289 0.471157 0.744509 0.941066 0.578796 
0.246066 0.076788 0.837205 0.64769 0.294172 
0.915848 0.216292 0.771695 0.291469 0.039906 
0.025062 0.580549 0.970459 0.354632 0.913429 
0.419522 0.28578 0.428614 0.129784 0.800366 
0.614568 0.287677 0.772153 0.607453 0.014471 
0.721489 0.103745 0.729742 0.127291 0.275189 
0.003809 0.516328 0.536573 0.981871 0.202943 
0.171876 0.558185 0.019469 0.817706 0.770864 
0.197261 0.738686 0.6859189999999999 0.08365400000000001 0.988939 
0.21916 0.880294 0.086044 0.891328 0.130331 
0.359929 0.30932 0.8738860000000001 0.627346 0.071912 
0.376762 0.946957 0.351399 0.873927 0.254607 
0.581905 0.877269 0.708333 0.177412 0.053497 
0.636341 0.510179 0.742919 0.915734 0.098634 
0.381734 0.962457 0.120146 0.811631 0.281751 
0.125143 0.950789 0.572705 0.075993 0.984168 
0.024036 0.855518 0.020882 0.829224 0.7571369999999999 
0.984493 0.298353 0.028424 0.501956 0.412622 
0.820901 0.056623 0.9077730000000001 0.871185 0.361513 
0.015232 0.57046 0.2396 0.662145 0.366292 
0.439413 0.544023 0.049744 0.206245 0.9555399999999999 
0.984889 0.021081 0.346295 0.722699 0.247615 
0.055889 0.938321 0.369725 0.9881180000000001 0.08173800000000001 
0.628597 0.951691 0.692477 0.47838 0.036138 
0.458591 0.025072 0.718873 0.584443 0.994951 
0.684233 0.200111 0.7742019999999999 0.030978 0.804912 
0.884992 0.508795 0.036167 0.837562 0.284176 
0.589853 0.010524 0.182573 0.725544 0.987255 
0.944472 0.368757 0.023234 0.68116 0.437094 
0.067873 0.110549 0.681023 0.826669 0.799578 
0.9447990000000001 0.775474 0.469131 0.342105 0.08709799999999999 
0.420015 0.5131520000000001 0.920634 0.09240900000000001 0.117848 
0.8911559999999999 0.410427 0.141578 0.06368600000000001 0.84066 
0.184767 0.09023100000000001 0.869903 0.678603 0.6611629999999999 
0.201579 0.837299 0.679262 0.038176 0.872718 
0.321355 0.714279 0.552453 0.352636 0.100415 
0.334828 0.583446 0.998268 0.408226 0.374991 
0.854444 0.027037 0.254717 0.602262 0.263984 
0.393667 0.020713 0.553719 0.949803 0.590209 
0.202662 0.440116 0.6378509999999999 0.072503 0.7378980000000001 
0.910654 0.5890919999999999 0.717124 0.029601 0.63491 
0.610777 0.586928 0.010178 0.875974 0.711089 
0.942364 0.11212 0.441469 0.284709 0.31169 
0.6135659999999999 0.222976 0.439617 0.880212 0.007591 
0.176528 0.279028 0.993773 0.231847 0.692092 
0.75714 0.000792 0.480769 0.863069 0.188318 
0.985502 0.45188 0.649709 0.011176 0.665616 
0.552476 0.504268 0.006623 0.75885 0.684735 
0.113563 0.95711 0.789031 0.400079 0.16344 
0.8653650000000001 0.822525 0.034875 0.760997 0.304175 
0.770872 0.224052 0.952303 0.388042 0.063845 
0.341996 0.582322 0.702595 0.020834 0.964302 
0.010221 0.534695 0.909003 0.817249 0.482653 
0.005973 0.771461 0.771786 0.454945 0.399286 
0.439849 0.125832 0.915216 0.010545 0.53496 
0.131496 0.643129 0.111923 0.976664 0.852027 
0.264889 0.056389 0.872042 0.153836 0.980416 
0.620675 0.975759 0.701168 0.344076 0.023901 
0.39954 0.379616 0.473388 0.429286 0.185554 
0.9973109999999999 0.011792 0.89266 0.869849 0.112091 
0.06667099999999999 0.962494 0.651243 0.636239 0.271341 
0.010088 0.94276 0.427347 0.820389 0.567618 
0.001928 0.766253 0.175553 0.876583 0.38486 
0.17583 0.334243 0.965123 0.6610510000000001 0.253007 
0.555388 0.861713 0.061439 0.186602 0.518493 
0.55789 0.97494 0.434684 0.214906 0.01354 
0.267211 0.444703 0.226712 0.992748 0.466259 
0.299413 0.830445 0.961405 0.456788 0.07958899999999999 
0.757123 0.02923 0.931284 0.445067 0.070183 
0.998013 0.659395 0.10782 0.478124 0.402008 
0.101846 0.8927580000000001 0.56304 0.248267 0.270713 
0.489922 0.525979 0.795944 0.945155 0.040071 
0.748799 0.70458 0.012433 0.390122 0.85855 
0.808316 0.753041 0.259999 0.550042 0.015646 
0.998065 0.441491 0.217871 0.338788 0.578943 
0.772629 0.051928 0.212094 0.998185 0.320839 
0.527697 0.412637 0.996177 0.09635000000000001 0.672011 
0.986223 0.05011 0.756153 0.809957 0.040678 
0.117711 0.396532 0.260342 0.967611 0.454328 
0.571964 0.176013 0.973652 0.67703 0.343643 
0.921961 0.526554 0.351459 0.596394 0.01361 
0.175106 0.886402 0.970726 0.133524 0.407682 
0.222735 0.462839 0.714498 0.047649 0.979028 
0.5759030000000001 0.011807 0.457656 0.125577 0.962556 
0.837911 0.358398 0.216148 0.662179 0.041503 
0.092504 0.442141 0.104124 0.9291430000000001 0.846619 
0.569018 0.891161 0.025324 0.111555 0.998572 
0.906341 0.580725 0.001444 0.570701 0.409736 
0.712491 0.987897 0.138857 0.496172 0.194331 
0.514741 0.548256 0.010386 0.692311 0.294248 
0.569446 0.288767 0.775551 0.883472 0.037092 
0.909282 0.757499 0.015064 0.527532 0.612552 
0.563841 0.986075 0.011171 0.472842 0.379421 
0.017834 0.293707 0.792129 0.393952 0.9885429999999999 
0.5394949999999999 0.001319 0.581942 0.621076 0.601959 
0.928489 0.368373 0.779407 0.171633 0.051676 
0.860718 0.773289 0.091849 0.948043 0.045009 
0.185027 0.083533 0.756522 0.867281 0.813912 
0.912676 0.717625 0.012219 0.581992 0.313422 
0.258509 0.44128 0.966522 0.006688 0.674311 
0.537363 0.8991980000000001 0.182476 0.939766 0.026253 
0.784231 0.73907 0.235394 0.274314 0.142047 
0.233228 0.06682200000000001 0.407381 0.568977 0.945833 
0.5743279999999999 0.957585 0.302565 0.156972 0.14154 
0.77296 0.028299 0.96271 0.159423 0.772134 
0.727179 0.047209 0.167274 0.563596 0.615789 
0.1451 0.985637 0.049722 0.61433 0.452424 
0.006331 0.791697 0.071626 0.951644 0.70484 
0.939289 0.372162 0.603369 0.386128 0.69714 
0.214947 0.029337 0.270114 0.832106 0.9099 
0.927238 0.527417 0.063014 0.666127 0.805019 
0.932052 0.266649 0.874282 0.095816 0.662781 
0.412011 0.811644 0.198215 0.125516 0.462797 
0.144332 0.909364 0.025335 0.45005 0.996353 
0.305177 0.957168 0.806276 0.119436 0.323383 
0.978053 0.517466 0.129088 0.266767 0.795184 
0.847543 0.670959 0.714939 0.534371 0.117339 
0.874598 0.322289 0.8725579999999999 0.422142 0.579969 
0.200097 0.010925 0.664144 0.915364 0.629539 
0.005911 0.547446 0.965908 0.539493 0.672948 
0.864988 0.405098 0.337828 0.047532 0.914822 
0.288929 0.994208 0.291291 0.115966 0.687961 
0.366532 0.027932 0.721284 0.844051 0.412367 
0.253691 0.685227 0.992444 0.060872 0.300983 
0.589085 0.354352 0.024532 0.378695 0.999155 
0.338307 0.9453780000000001 0.082327 0.7449480000000001 0.607656 
0.153293 0.983687 0.27066 0.024039 0.874631 
0.25679 0.901932 0.094375 0.917941 0.204929 
0.328472 0.273864 0.933748 0.012686 0.931238 
0.21666 0.516052 0.007406 0.76946 0.944937 
0.705328 0.5349080000000001 0.015183 0.636054 0.884587 
0.885231 0.031808 0.607195 0.810237 0.066543 
0.996853 0.154591 0.541842 0.512871 0.188453 
0.091723 0.780571 0.059801 0.714615 0.301232 
0.121476 0.567307 0.868367 0.005164 0.878261 
0.472243 0.130248 0.5021060000000001 0.990891 0.089592 
0.679298 0.983636 0.131709 0.702896 0.063292 
0.337461 0.955109 0.366052 0.015969 0.690194 
0.491585 0.117178 0.212129 0.911278 0.8798820000000001 
0.001812 0.730123 0.695374 0.202586 0.773443 
0.048964 0.837438 0.6218669999999999 0.031859 0.9746089999999999 
0.854968 0.563178 0.822871 0.070463 0.33849 
0.749762 0.084698 0.094933 0.597729 0.683171 
0.140897 0.987108 0.326724 0.19182 0.853464 
0.691234 0.152662 0.717766 0.367358 0.124347 
0.135025 0.613437 0.892483 0.851558 0.081484 
0.8791679999999999 0.690091 0.103408 0.916253 0.038318 
0.435022 0.466153 0.972719 0.217698 0.928633 
0.939253 0.033296 0.285687 0.536419 0.722511 
0.08371000000000001 0.788789 0.818206 0.6693750000000001 0.054734 
0.314664 0.713775 0.19949 0.76225 0.018967 
0.024235 0.5886710000000001 0.7999270000000001 0.8564000000000001 0.344668 
0.09975000000000001 0.309339 0.76785 0.948062 0.534734 
0.235822 0.339216 0.273726 0.869971 0.233906 
0.984242 0.020083 0.925736 0.418284 0.285228 
0.668138 0.017897 0.824923 0.231497 0.8988660000000001 
0.643042 0.222305 0.951325 0.817864 0.173871 
0.015702 0.682178 0.943953 0.330894 0.496563 
0.786764 0.903116 0.273784 0.057383 0.546795 
0.980142 0.380188 0.534257 0.822066 0.106848 
