5
10
5.656600000000000517e-01 4.083579999999999988e-01 3.558230000000000004e-01 4.894490000000000229e-01 6.174790000000000001e-01
3.261379999999999835e-01 7.130959999999999521e-01 5.351460000000000106e-01 4.981110000000000260e-01 4.615070000000000006e-01
6.317009999999999570e-01 3.988979999999999748e-01 5.651789999999999869e-01 4.132230000000000070e-01 5.932279999999999776e-01
5.742340000000000222e-01 3.711590000000000167e-01 5.133440000000000225e-01 5.104959999999999498e-01 6.314659999999999718e-01
5.047490000000000032e-01 4.532030000000000225e-01 6.315720000000000223e-01 3.245100000000000207e-01 6.089710000000000401e-01
4.569699999999999873e-01 5.436619999999999786e-01 4.967429999999999901e-01 4.633709999999999773e-01 3.916830000000000034e-01
3.852070000000000216e-01 5.474520000000000497e-01 5.250329999999999719e-01 3.913260000000000072e-01 5.592359999999999554e-01
4.579050000000000065e-01 3.890089999999999937e-01 7.064350000000000351e-01 4.638619999999999965e-01 4.901590000000000114e-01
5.642519999999999758e-01 4.366110000000000269e-01 6.447009999999999685e-01 4.402889999999999859e-01 5.322480000000000544e-01
5.871499999999999497e-01 3.285460000000000047e-01 5.709250000000000158e-01 4.805349999999999899e-01 4.863199999999999745e-01
