5
136
6.258799999999999919e-01 5.074830000000000174e-01 2.828479999999999883e-01 6.463440000000000296e-01 3.424139999999999961e-01
5.966219999999999857e-01 3.384269999999999778e-01 4.894569999999999754e-01 3.548000000000000043e-01 4.985919999999999797e-01
3.864879999999999982e-01 5.161059999999999537e-01 6.797189999999999621e-01 3.874270000000000214e-01 4.787449999999999761e-01
3.761860000000000204e-01 5.059109999999999996e-01 5.425119999999999942e-01 3.226760000000000184e-01 7.501619999999999955e-01
6.190330000000000554e-01 4.303179999999999783e-01 3.119730000000000003e-01 4.661509999999999820e-01 4.952540000000000275e-01
2.192000000000000060e-01 5.811089999999999867e-01 5.722490000000000077e-01 5.714200000000000390e-01 5.380120000000000458e-01
4.649059999999999859e-01 5.212849999999999984e-01 6.853110000000000035e-01 5.115300000000000402e-01 2.953430000000000222e-01
5.206849999999999534e-01 5.560319999999999707e-01 2.513589999999999991e-01 6.702069999999999972e-01 5.176929999999999588e-01
4.261199999999999988e-01 6.290470000000000228e-01 3.098710000000000075e-01 4.971630000000000216e-01 6.624499999999999833e-01
5.122940000000000271e-01 2.944100000000000050e-01 5.318530000000000202e-01 5.663700000000000401e-01 4.087749999999999995e-01
5.250470000000000415e-01 5.953060000000000018e-01 6.961659999999999515e-01 4.062760000000000260e-01 3.313639999999999919e-01
5.442620000000000235e-01 6.133189999999999475e-01 3.650370000000000004e-01 4.818419999999999925e-01 5.080540000000000056e-01
5.967949999999999644e-01 5.618589999999999973e-01 3.696679999999999966e-01 2.838310000000000000e-01 6.520420000000000105e-01
5.645270000000000010e-01 4.720730000000000204e-01 4.485469999999999735e-01 6.096970000000000445e-01 5.449950000000000072e-01
4.077489999999999726e-01 4.585730000000000084e-01 5.808780000000000054e-01 6.465530000000000443e-01 3.839540000000000175e-01
6.194060000000000121e-01 4.010340000000000016e-01 6.485239999999999894e-01 2.615979999999999972e-01 5.700650000000000439e-01
3.985250000000000181e-01 6.224079999999999613e-01 3.902530000000000165e-01 7.414880000000000360e-01 4.078479999999999883e-01
4.610179999999999834e-01 4.030489999999999906e-01 6.232670000000000154e-01 5.480469999999999509e-01 4.106060000000000265e-01
4.446849999999999969e-01 4.764220000000000121e-01 4.547840000000000216e-01 5.520920000000000272e-01 5.635419999999999874e-01
6.812880000000000047e-01 3.935719999999999774e-01 5.218819999999999570e-01 3.626530000000000031e-01 6.119130000000000402e-01
4.548920000000000186e-01 4.775670000000000193e-01 5.206129999999999924e-01 3.300100000000000255e-01 4.954620000000000135e-01
3.729069999999999885e-01 6.070619999999999905e-01 3.814770000000000105e-01 5.510450000000000070e-01 4.413540000000000241e-01
3.702579999999999760e-01 6.209670000000000467e-01 5.012029999999999541e-01 6.637920000000000487e-01 3.228980000000000183e-01
4.232839999999999936e-01 4.939390000000000169e-01 5.099059999999999704e-01 4.551830000000000043e-01 4.639630000000000143e-01
6.604870000000000463e-01 4.707759999999999723e-01 3.222300000000000164e-01 4.019209999999999727e-01 5.865620000000000278e-01
5.384219999999999562e-01 3.440019999999999745e-01 3.702440000000000175e-01 5.946069999999999967e-01 6.816969999999999974e-01
4.162460000000000049e-01 4.641049999999999898e-01 3.776180000000000092e-01 6.449460000000000193e-01 6.820460000000000411e-01
3.559499999999999886e-01 4.980450000000000155e-01 3.364770000000000261e-01 6.414539999999999687e-01 6.024340000000000250e-01
4.514110000000000067e-01 4.887719999999999843e-01 5.211799999999999766e-01 3.924110000000000098e-01 4.824789999999999912e-01
6.116289999999999782e-01 2.907950000000000257e-01 7.342030000000000500e-01 5.321069999999999967e-01 4.487300000000000177e-01
3.369829999999999770e-01 4.581870000000000109e-01 6.064819999999999656e-01 3.358530000000000126e-01 6.769370000000000109e-01
4.964189999999999992e-01 4.072810000000000041e-01 7.296510000000000495e-01 4.120289999999999786e-01 4.269660000000000122e-01
4.692029999999999812e-01 4.104400000000000270e-01 3.215210000000000012e-01 6.441780000000000284e-01 6.245600000000000041e-01
6.045570000000000110e-01 4.130679999999999907e-01 4.394830000000000125e-01 4.275709999999999789e-01 4.768649999999999833e-01
6.105070000000000219e-01 4.767179999999999751e-01 4.777980000000000005e-01 6.886130000000000306e-01 2.564799999999999858e-01
5.082229999999999803e-01 4.453880000000000061e-01 5.100890000000000146e-01 3.275150000000000006e-01 5.307619999999999560e-01
4.998029999999999973e-01 4.057060000000000111e-01 6.527739999999999654e-01 6.401900000000000368e-01 3.680530000000000190e-01
3.375929999999999764e-01 4.633050000000000224e-01 4.408770000000000189e-01 5.780980000000000008e-01 5.606839999999999602e-01
5.326149999999999496e-01 4.329549999999999788e-01 6.425100000000000255e-01 2.527760000000000007e-01 4.706089999999999995e-01
6.178879999999999928e-01 4.291269999999999807e-01 4.685650000000000093e-01 4.016120000000000245e-01 7.220490000000000519e-01
3.127780000000000005e-01 6.881680000000000019e-01 6.031819999999999959e-01 4.257929999999999771e-01 5.262419999999999876e-01
6.655759999999999454e-01 2.951380000000000114e-01 6.837459999999999649e-01 3.535449999999999982e-01 4.690139999999999865e-01
5.281940000000000524e-01 3.214489999999999847e-01 5.593029999999999946e-01 6.224260000000000348e-01 4.825860000000000150e-01
5.667870000000000408e-01 6.287120000000000486e-01 4.947940000000000116e-01 5.601589999999999625e-01 3.712400000000000144e-01
6.162619999999999765e-01 4.565250000000000141e-01 2.597280000000000144e-01 5.252459999999999907e-01 5.399119999999999475e-01
4.191420000000000146e-01 5.468359999999999888e-01 6.577920000000000433e-01 5.700690000000000479e-01 4.526430000000000176e-01
5.911999999999999478e-01 2.401200000000000001e-01 6.899990000000000290e-01 4.700579999999999758e-01 5.363080000000000069e-01
3.744399999999999951e-01 6.167730000000000157e-01 4.740340000000000109e-01 3.746709999999999763e-01 6.818729999999999514e-01
5.887259999999999716e-01 2.570680000000000187e-01 6.432729999999999837e-01 6.419270000000000254e-01 4.339290000000000092e-01
4.443090000000000095e-01 5.349249999999999838e-01 4.233060000000000156e-01 6.638340000000000352e-01 4.649139999999999939e-01
4.334850000000000092e-01 5.533639999999999670e-01 4.561230000000000007e-01 7.179950000000000498e-01 4.878009999999999846e-01
7.460900000000000309e-01 4.046750000000000069e-01 5.563200000000000367e-01 2.760279999999999956e-01 4.593610000000000193e-01
6.276169999999999805e-01 2.964870000000000005e-01 3.636889999999999845e-01 5.685710000000000486e-01 4.672200000000000242e-01
4.379810000000000092e-01 5.456260000000000554e-01 4.467479999999999785e-01 4.688760000000000150e-01 4.546789999999999998e-01
3.254319999999999991e-01 6.429399999999999560e-01 3.096789999999999821e-01 5.144130000000000091e-01 6.829269999999999508e-01
6.252950000000000452e-01 2.980789999999999829e-01 7.058210000000000317e-01 6.093180000000000263e-01 3.251209999999999933e-01
3.149350000000000205e-01 5.240320000000000533e-01 5.572230000000000238e-01 4.398119999999999807e-01 6.284189999999999499e-01
5.834080000000000377e-01 4.350580000000000003e-01 6.355920000000000458e-01 6.140750000000000375e-01 2.774639999999999884e-01
3.183150000000000146e-01 4.331420000000000270e-01 6.218160000000000354e-01 6.517870000000000053e-01 4.308080000000000243e-01
4.848350000000000160e-01 2.762069999999999803e-01 5.577360000000000095e-01 4.379399999999999959e-01 6.658589999999999787e-01
6.990009999999999835e-01 3.546889999999999765e-01 5.665390000000000148e-01 2.399799999999999989e-01 5.328709999999999836e-01
6.726159999999999917e-01 5.850260000000000460e-01 4.515600000000000169e-01 2.460779999999999912e-01 4.997949999999999893e-01
6.866330000000000489e-01 3.666440000000000254e-01 4.787739999999999774e-01 5.046049999999999702e-01 4.248759999999999759e-01
5.702509999999999524e-01 6.075199999999999489e-01 2.183779999999999888e-01 5.684909999999999686e-01 4.766290000000000249e-01
3.541860000000000008e-01 4.560480000000000089e-01 5.931330000000000213e-01 6.434330000000000327e-01 5.512569999999999970e-01
6.507680000000000131e-01 5.524059999999999526e-01 3.812920000000000198e-01 5.422690000000000010e-01 4.108800000000000230e-01
6.733689999999999953e-01 5.593810000000000171e-01 5.161229999999999984e-01 4.831520000000000259e-01 3.921399999999999886e-01
6.215469999999999606e-01 2.178759999999999863e-01 6.314400000000000013e-01 4.859899999999999776e-01 5.496370000000000422e-01
5.347730000000000539e-01 3.861069999999999780e-01 7.212079999999999602e-01 3.946109999999999896e-01 5.292569999999999775e-01
4.548539999999999806e-01 4.843799999999999772e-01 5.842340000000000311e-01 6.010210000000000274e-01 4.248290000000000122e-01
3.275759999999999783e-01 3.899290000000000256e-01 5.969839999999999591e-01 5.712479999999999780e-01 5.663460000000000161e-01
5.886249999999999538e-01 2.905840000000000090e-01 5.082510000000000083e-01 5.639110000000000511e-01 6.550949999999999829e-01
5.595299999999999718e-01 6.246209999999999818e-01 3.419690000000000230e-01 4.813149999999999928e-01 4.808709999999999929e-01
3.502399999999999958e-01 6.838469999999999827e-01 3.792229999999999768e-01 7.106040000000000134e-01 4.897389999999999799e-01
4.799700000000000077e-01 6.158989999999999743e-01 5.632200000000000539e-01 5.460610000000000186e-01 4.698430000000000106e-01
2.897669999999999968e-01 4.654889999999999861e-01 7.199349999999999916e-01 4.617419999999999858e-01 5.702129999999999699e-01
5.144879999999999454e-01 5.328979999999999828e-01 6.494969999999999910e-01 5.308610000000000273e-01 4.709459999999999757e-01
5.789149999999999574e-01 3.722179999999999933e-01 3.430739999999999901e-01 6.419289999999999718e-01 4.617200000000000193e-01
4.104030000000000178e-01 3.330940000000000012e-01 7.290649999999999631e-01 5.273250000000000437e-01 5.011360000000000259e-01
5.696750000000000425e-01 6.055089999999999639e-01 5.849950000000000427e-01 5.527619999999999756e-01 2.524959999999999982e-01
3.841609999999999747e-01 4.604159999999999919e-01 5.707140000000000546e-01 4.204060000000000019e-01 5.386879999999999447e-01
5.984220000000000095e-01 3.340969999999999773e-01 3.060030000000000250e-01 6.279310000000000169e-01 5.996700000000000363e-01
7.046019999999999506e-01 3.263659999999999894e-01 4.026109999999999967e-01 6.328780000000000516e-01 3.203269999999999729e-01
4.629699999999999926e-01 5.674040000000000195e-01 3.047710000000000141e-01 6.524579999999999824e-01 5.751089999999999813e-01
4.721639999999999726e-01 7.321710000000000163e-01 5.062079999999999913e-01 4.097290000000000099e-01 5.103309999999999791e-01
4.356030000000000180e-01 4.842460000000000098e-01 3.463069999999999760e-01 5.983889999999999487e-01 6.136470000000000535e-01
4.834069999999999756e-01 4.223020000000000107e-01 5.775679999999999703e-01 5.316130000000000022e-01 3.335710000000000064e-01
4.340289999999999981e-01 3.952950000000000075e-01 6.139369999999999550e-01 4.957599999999999785e-01 5.880170000000000119e-01
5.112250000000000405e-01 5.939640000000000475e-01 3.906839999999999757e-01 6.579779999999999518e-01 3.184980000000000033e-01
4.291119999999999934e-01 3.271629999999999816e-01 6.621869999999999701e-01 6.963049999999999518e-01 4.586149999999999949e-01
7.101349999999999607e-01 4.850970000000000004e-01 5.621509999999999563e-01 3.968220000000000081e-01 4.561060000000000114e-01
5.009620000000000184e-01 3.362620000000000053e-01 5.341360000000000552e-01 3.521880000000000011e-01 6.568289999999999962e-01
4.654490000000000016e-01 5.566689999999999694e-01 6.738730000000000553e-01 3.331500000000000017e-01 4.994720000000000271e-01
5.339279999999999582e-01 4.284129999999999883e-01 5.820920000000000538e-01 4.061710000000000043e-01 3.272220000000000129e-01
4.581200000000000272e-01 5.351669999999999483e-01 7.005099999999999660e-01 2.369860000000000022e-01 5.305889999999999773e-01
5.155089999999999950e-01 5.363510000000000222e-01 2.630020000000000135e-01 4.886229999999999740e-01 5.183219999999999494e-01
5.556590000000000140e-01 6.197169999999999623e-01 4.734740000000000060e-01 2.299420000000000075e-01 6.147690000000000099e-01
6.102060000000000262e-01 2.606700000000000128e-01 6.944869999999999655e-01 5.341099999999999737e-01 3.961879999999999846e-01
4.050770000000000204e-01 5.201379999999999892e-01 2.967960000000000043e-01 4.656520000000000103e-01 6.422060000000000546e-01
5.995819999999999483e-01 4.788490000000000246e-01 4.390350000000000086e-01 4.978500000000000147e-01 3.544059999999999988e-01
5.378840000000000288e-01 4.959879999999999844e-01 3.158090000000000064e-01 7.427240000000000508e-01 3.532460000000000044e-01
5.323849999999999971e-01 7.056050000000000377e-01 4.543639999999999901e-01 4.444350000000000245e-01 5.313149999999999817e-01
2.718599999999999905e-01 5.661709999999999798e-01 4.109189999999999787e-01 5.465299999999999603e-01 6.478289999999999882e-01
5.427849999999999620e-01 4.689389999999999947e-01 6.589139999999999997e-01 3.712759999999999949e-01 3.241220000000000212e-01
4.582879999999999732e-01 6.506750000000000034e-01 3.995170000000000110e-01 5.065990000000000215e-01 5.249390000000000445e-01
4.879680000000000129e-01 5.339949999999999974e-01 5.877240000000000242e-01 5.449859999999999705e-01 4.125090000000000146e-01
5.056819999999999649e-01 6.420909999999999673e-01 4.042129999999999890e-01 6.120029999999999637e-01 3.427350000000000119e-01
4.529670000000000085e-01 6.475440000000000085e-01 3.439249999999999807e-01 4.317730000000000179e-01 5.551869999999999861e-01
5.222020000000000550e-01 2.939399999999999791e-01 5.163459999999999717e-01 6.376530000000000253e-01 5.151360000000000383e-01
6.217150000000000176e-01 5.982530000000000348e-01 5.170749999999999513e-01 6.001919999999999478e-01 2.469639999999999891e-01
6.023410000000000153e-01 5.883530000000000149e-01 4.712310000000000110e-01 6.300229999999999997e-01 3.887459999999999805e-01
6.150980000000000336e-01 5.449929999999999497e-01 5.507880000000000553e-01 4.839539999999999953e-01 4.394759999999999778e-01
4.778999999999999915e-01 2.795540000000000247e-01 6.111320000000000086e-01 5.420519999999999783e-01 4.960439999999999849e-01
3.586340000000000083e-01 4.756009999999999960e-01 7.059149999999999592e-01 4.031580000000000163e-01 6.139850000000000030e-01
4.402030000000000109e-01 3.635180000000000078e-01 6.399620000000000308e-01 4.537619999999999987e-01 5.225400000000000045e-01
5.063710000000000155e-01 3.101949999999999985e-01 5.698499999999999677e-01 4.555310000000000192e-01 5.104349999999999721e-01
4.577030000000000265e-01 5.273839999999999639e-01 6.377599999999999936e-01 4.457119999999999971e-01 4.324189999999999978e-01
6.033209999999999962e-01 6.024589999999999668e-01 5.153950000000000475e-01 5.903739999999999544e-01 3.715579999999999994e-01
6.834980000000000500e-01 3.183369999999999811e-01 4.579300000000000037e-01 6.298550000000000537e-01 3.469929999999999959e-01
3.464229999999999809e-01 5.033790000000000209e-01 5.906360000000000499e-01 7.439489999999999714e-01 4.565660000000000274e-01
6.294840000000000435e-01 6.111090000000000133e-01 2.873979999999999868e-01 4.415729999999999933e-01 4.584770000000000234e-01
5.154149999999999565e-01 4.058700000000000085e-01 4.699869999999999881e-01 6.568399999999999794e-01 4.601190000000000002e-01
3.468629999999999769e-01 5.649830000000000130e-01 5.670539999999999470e-01 4.666950000000000265e-01 5.605780000000000207e-01
4.695829999999999727e-01 4.008430000000000049e-01 3.978249999999999842e-01 5.325050000000000061e-01 6.446380000000000443e-01
6.127949999999999786e-01 3.981520000000000059e-01 3.946879999999999833e-01 6.600240000000000551e-01 5.377300000000000413e-01
4.530500000000000083e-01 4.327280000000000015e-01 6.184060000000000112e-01 3.703569999999999918e-01 4.628970000000000029e-01
5.253430000000000044e-01 4.135300000000000087e-01 7.500970000000000137e-01 3.178670000000000107e-01 6.344600000000000239e-01
4.394210000000000060e-01 5.015269999999999451e-01 4.908100000000000240e-01 6.278120000000000367e-01 5.175579999999999625e-01
5.618880000000000541e-01 5.865839999999999943e-01 5.605350000000000055e-01 6.553959999999999786e-01 2.295030000000000125e-01
5.569150000000000489e-01 4.613789999999999836e-01 7.021020000000000039e-01 2.441780000000000062e-01 5.795679999999999721e-01
6.158940000000000525e-01 3.065829999999999944e-01 6.107810000000000183e-01 3.070499999999999896e-01 6.088919999999999888e-01
6.092079999999999718e-01 5.550840000000000218e-01 3.319420000000000148e-01 4.231139999999999901e-01 6.942639999999999922e-01
4.260220000000000118e-01 4.021890000000000187e-01 4.648990000000000067e-01 5.279040000000000399e-01 6.322119999999999962e-01
5.874239999999999462e-01 3.895819999999999839e-01 3.555209999999999759e-01 6.486309999999999576e-01 6.082189999999999541e-01
4.850650000000000239e-01 5.270359999999999490e-01 5.796620000000000106e-01 5.176929999999999588e-01 3.558390000000000164e-01
3.649290000000000034e-01 4.377900000000000125e-01 7.233370000000000077e-01 4.728559999999999985e-01 4.177259999999999862e-01
