5
641
0.700168 0.538007 0.561369 0.689947 0.466204 
0.157734 0.702294 0.732866 0.628918 0.349413 
0.627808 0.7608819999999999 0.356746 0.136126 0.347985 
0.260857 0.616032 0.411115 0.949696 0.441161 
0.527273 0.291728 0.762132 0.516672 0.777295 
0.238444 0.679422 0.603912 0.344722 0.870961 
0.125093 0.463902 0.744818 0.768414 0.591079 
0.567612 0.523299 0.639109 0.036903 0.719068 
0.132546 0.172479 0.6309669999999999 0.735032 0.713167 
0.410733 0.105548 0.677592 0.397234 0.854116 
0.706195 0.207283 0.770726 0.804056 0.159355 
0.662915 0.517436 0.165869 0.648767 0.744049 
0.684524 0.699289 0.739896 0.347189 0.397781 
0.217989 0.630494 0.663059 0.18476 0.892628 
0.612219 0.7942129999999999 0.742855 0.282382 0.218875 
0.66684 0.182549 0.623871 0.178412 0.605156 
0.644001 0.187826 0.717494 0.723288 0.607837 
0.686299 0.363666 0.113632 0.71295 0.766498 
0.690878 0.378311 0.272708 0.913978 0.314584 
0.306881 0.326656 0.468455 0.654249 0.292438 
0.954944 0.393007 0.639536 0.462151 0.252964 
0.195028 0.7355930000000001 0.665585 0.729695 0.365041 
0.561823 0.074032 0.925988 0.462135 0.410114 
0.688358 0.530548 0.413969 0.175785 0.864606 
0.659204 0.488239 0.232445 0.343895 0.884028 
0.760772 0.555825 0.136857 0.548021 0.278079 
0.353304 0.638555 0.434219 0.966924 0.270392 
0.884618 0.205464 0.396742 0.622595 0.511526 
0.52635 0.264367 0.30642 0.837678 0.205318 
0.34562 0.829512 0.811199 0.17003 0.509656 
0.456045 0.891919 0.434639 0.728469 0.313618 
0.422007 0.680681 0.474044 0.767323 0.086826 
0.264112 0.776441 0.06514399999999999 0.52051 0.618148 
0.490813 0.646355 0.886472 0.415866 0.285343 
0.690572 0.531532 0.168707 0.423242 0.826306 
0.53665 0.676355 0.209856 0.83912 0.145321 
0.771282 0.328347 0.454397 0.124766 0.787277 
0.120619 0.77257 0.633933 0.577056 0.608811 
0.81918 0.674632 0.120011 0.623547 0.277818 
0.6374109999999999 0.211427 0.665415 0.424331 0.803628 
0.383398 0.073507 0.823441 0.564425 0.477678 
0.526925 0.7050729999999999 0.69817 0.084859 0.620213 
0.5729070000000001 0.066085 0.777188 0.644171 0.367268 
0.530119 0.522827 0.887545 0.579693 0.253596 
0.574888 0.139831 0.562617 0.562744 0.8495549999999999 
0.136461 0.847218 0.453891 0.430683 0.850959 
0.756903 0.357887 0.761585 0.699811 0.061347 
0.795465 0.377142 0.177888 0.34389 0.503718 
0.352798 0.552018 0.429233 0.262704 0.959512 
0.416135 0.445097 0.51947 0.133062 0.602642 
0.5285260000000001 0.443297 0.814893 0.080095 0.426528 
0.6976290000000001 0.089085 0.448705 0.83585 0.322862 
0.398763 0.685334 0.089117 0.9003989999999999 0.377094 
0.615323 0.567622 0.830871 0.384535 0.117442 
0.33547 0.170138 0.511151 0.494438 0.888898 
0.785793 0.276599 0.402138 0.855398 0.098091 
0.107769 0.619965 0.806412 0.266313 0.6082109999999999 
0.345175 0.636373 0.396271 0.64092 0.822245 
0.798909 0.373858 0.430631 0.134884 0.582909 
0.84576 0.161606 0.888029 0.325374 0.269349 
0.837056 0.449069 0.5141829999999999 0.107504 0.592726 
0.831214 0.567952 0.161765 0.595222 0.177458 
0.573587 0.09574299999999999 0.530725 0.689983 0.775209 
0.63304 0.243765 0.822659 0.721229 0.388557 
0.091613 0.654649 0.263348 0.557358 0.851359 
0.370851 0.493312 0.264446 0.653438 0.8847739999999999 
0.911473 0.218266 0.397615 0.496548 0.5366300000000001 
0.620606 0.411875 0.89947 0.103198 0.497422 
0.43598 0.456381 0.09962500000000001 0.849449 0.362926 
0.313071 0.475119 0.476233 0.651302 0.876117 
0.281013 0.87757 0.193301 0.493902 0.464541 
0.726747 0.841796 0.327845 0.343778 0.476102 
0.822603 0.647151 0.421617 0.225482 0.271222 
0.850988 0.287191 0.802359 0.507871 0.380832 
0.831879 0.064679 0.510514 0.686686 0.360056 
0.215519 0.367003 0.759839 0.134348 0.731952 
0.310833 0.242604 0.408075 0.873754 0.679386 
0.679607 0.441235 0.749668 0.09050800000000001 0.696875 
0.070369 0.335077 0.712979 0.530092 0.606379 
0.82975 0.147708 0.412255 0.5735209999999999 0.243479 
0.268885 0.300503 0.574713 0.810341 0.266696 
0.749219 0.563068 0.814622 0.180604 0.421541 
0.774993 0.349928 0.8935999999999999 0.192451 0.526425 
0.518475 0.875386 0.503995 0.641811 0.31055 
0.599344 0.837774 0.350306 0.368331 0.176007 
0.788038 0.05302 0.521872 0.523102 0.670105 
0.413962 0.665439 0.06127 0.7168949999999999 0.403101 
0.147638 0.389933 0.362849 0.721931 0.826911 
0.3641 0.078169 0.603648 0.518123 0.706346 
0.139914 0.79971 0.740355 0.358528 0.363206 
0.048223 0.742865 0.403232 0.519904 0.70047 
0.38557 0.5412090000000001 0.633737 0.790216 0.06981999999999999 
0.6084310000000001 0.440606 0.575442 0.892765 0.083482 
0.722979 0.45419 0.623817 0.342077 0.065799 
0.281225 0.468273 0.489318 0.5910570000000001 0.23071 
0.749988 0.259991 0.166193 0.746793 0.282072 
0.62448 0.478091 0.08210000000000001 0.834013 0.571754 
0.312808 0.952214 0.483119 0.220365 0.54197 
0.584574 0.27143 0.401992 0.295945 0.961384 
0.552826 0.880927 0.490219 0.135224 0.475615 
0.259846 0.53408 0.357421 0.728425 0.847214 
0.570036 0.7617930000000001 0.069129 0.504564 0.393277 
0.724678 0.643468 0.418696 0.836856 0.195932 
0.249612 0.798459 0.708637 0.091186 0.71821 
0.297974 0.746426 0.468301 0.780438 0.571094 
0.615681 0.538818 0.633862 0.54818 0.028009 
0.679323 0.206942 0.227029 0.523192 0.786759 
0.389264 0.88398 0.457052 0.29019 0.747027 
0.726108 0.553724 0.57659 0.687821 0.358638 
0.485331 0.15347 0.807299 0.5488499999999999 0.300774 
0.399335 0.655354 0.521883 0.121348 0.837406 
0.843286 0.562411 0.330148 0.8204 0.203084 
0.5471200000000001 0.127532 0.80743 0.742162 0.559138 
0.717628 0.50973 0.670106 0.047932 0.509147 
0.22246 0.86697 0.8163049999999999 0.282193 0.363914 
0.684907 0.871987 0.342993 0.139886 0.534813 
0.499931 0.356619 0.756908 0.049531 0.721598 
0.386227 0.436982 0.8972 0.542165 0.204653 
0.175229 0.5291979999999999 0.855173 0.515978 0.523454 
0.475141 0.603913 0.758858 0.13685 0.748319 
0.228447 0.35913 0.253253 0.573939 0.785772 
0.2292 0.457446 0.78347 0.824267 0.436885 
0.663655 0.895749 0.282843 0.464779 0.389673 
0.160963 0.577646 0.278457 0.937786 0.410237 
0.932272 0.651188 0.193656 0.284208 0.514089 
0.72068 0.201594 0.631401 0.813268 0.480871 
0.594813 0.367904 0.239706 0.265711 0.903787 
0.470156 0.141015 0.6487039999999999 0.208455 0.892555 
0.492394 0.692647 0.603122 0.786239 0.137236 
0.179927 0.608537 0.872112 0.244757 0.434899 
0.446899 0.916339 0.475377 0.538508 0.225942 
0.923391 0.316356 0.666234 0.555885 0.377772 
0.53574 0.32013 0.608515 0.654999 0.753309 
0.154135 0.610004 0.567157 0.626333 0.301466 
0.13747 0.601949 0.377671 0.694299 0.808713 
0.725846 0.704182 0.687242 0.162116 0.368021 
0.69824 0.4836 0.384152 0.706183 0.06787899999999999 
0.499425 0.07445400000000001 0.658405 0.472848 0.525064 
0.6124540000000001 0.132943 0.750559 0.6322719999999999 0.219001 
0.786527 0.506807 0.275763 0.855721 0.390353 
0.853892 0.777466 0.22162 0.369949 0.425283 
0.288007 0.6323839999999999 0.328541 0.614244 0.903973 
0.309696 0.267711 0.906487 0.358578 0.599187 
0.240112 0.613693 0.216486 0.830456 0.336979 
0.268798 0.85725 0.134795 0.431869 0.809019 
0.806209 0.113412 0.725473 0.468766 0.669844 
0.669274 0.163432 0.729965 0.68793 0.180406 
0.430593 0.283018 0.712556 0.851959 0.242445 
0.066397 0.66191 0.657631 0.225971 0.86981 
0.093571 0.355372 0.62353 0.459417 0.861935 
0.247159 0.79821 0.262296 0.771711 0.660129 
0.583491 0.886255 0.217884 0.193756 0.678716 
0.364394 0.687623 0.188172 0.887033 0.548844 
0.555198 0.223181 0.520007 0.919259 0.205773 
0.740202 0.182244 0.76076 0.627041 0.151336 
0.6029409999999999 0.343777 0.439137 0.332289 0.334661 
0.404226 0.679972 0.051994 0.641553 0.52022 
0.915652 0.545804 0.176319 0.697936 0.399349 
0.9192979999999999 0.398589 0.439283 0.263576 0.610418 
0.477324 0.42517 0.905145 0.071784 0.577568 
0.0914 0.881116 0.365598 0.616816 0.5446569999999999 
0.530928 0.68853 0.520776 0.60531 0.060194 
0.831086 0.167524 0.337466 0.753076 0.434432 
0.454102 0.300566 0.91333 0.130169 0.703893 
0.431275 0.16716 0.854572 0.7923 0.417274 
0.873884 0.217218 0.464272 0.789888 0.169157 
0.06851699999999999 0.834406 0.550502 0.54428 0.602594 
0.150398 0.654339 0.420153 0.395087 0.881336 
0.82697 0.75171 0.13839 0.490666 0.2767 
0.875702 0.272157 0.420637 0.827005 0.142881 
0.5646600000000001 0.4859 0.356293 0.104861 0.679485 
0.671902 0.366829 0.74054 0.780793 0.12396 
0.356387 0.236595 0.882148 0.23809 0.717434 
0.6559160000000001 0.199993 0.859086 0.313481 0.73789 
0.837178 0.218719 0.807971 0.167589 0.346389 
0.271392 0.562698 0.295229 0.847823 0.682701 
0.145943 0.6887450000000001 0.581349 0.176364 0.782089 
0.626082 0.864228 0.103152 0.5419620000000001 0.506197 
0.883456 0.494593 0.335378 0.161976 0.52394 
0.7744799999999999 0.315373 0.5275260000000001 0.277687 0.782169 
0.221835 0.898875 0.34758 0.291967 0.540262 
0.431001 0.918093 0.23902 0.365483 0.452852 
0.351311 0.142346 0.889166 0.416634 0.670102 
0.483559 0.710513 0.341703 0.905056 0.349924 
0.730171 0.278879 0.571187 0.246945 0.318672 
0.728643 0.435106 0.5684900000000001 0.214538 0.789359 
0.822079 0.47301 0.185802 0.360044 0.342567 
0.80074 0.6090680000000001 0.122409 0.561652 0.655988 
0.207275 0.670343 0.534168 0.589639 0.818815 
0.448596 0.437977 0.591207 0.154066 0.928965 
0.6471209999999999 0.081466 0.47756 0.603903 0.819215 
0.23202 0.227012 0.532236 0.865637 0.5922809999999999 
0.86255 0.221121 0.444981 0.382947 0.284059 
0.557354 0.277058 0.738545 0.786968 0.479343 
0.250146 0.811021 0.192295 0.409123 0.845765 
0.458444 0.718175 0.068971 0.80588 0.337932 
0.5585020000000001 0.523307 0.410032 0.921886 0.36366 
0.560318 0.815792 0.724585 0.215649 0.271165 
0.1192 0.412508 0.448425 0.74086 0.46511 
0.113974 0.672354 0.299523 0.406048 0.811207 
0.824859 0.5481009999999999 0.571448 0.664293 0.105134 
0.223868 0.926251 0.5346109999999999 0.274413 0.554823 
0.220654 0.8007649999999999 0.384591 0.231329 0.612273 
0.763467 0.629759 0.260087 0.170343 0.696311 
0.4001 0.495644 0.640005 0.553555 0.090321 
0.668081 0.885119 0.26569 0.185293 0.487597 
0.859648 0.727541 0.295192 0.19226 0.387202 
0.369758 0.175983 0.907222 0.349865 0.713642 
0.234189 0.440057 0.254388 0.481804 0.8509949999999999 
0.305614 0.804825 0.582425 0.595692 0.56717 
0.901545 0.149014 0.346192 0.531655 0.543098 
0.17726 0.435938 0.50601 0.774926 0.788091 
0.573388 0.340595 0.110904 0.573431 0.637027 
0.231014 0.209588 0.439779 0.719226 0.6558389999999999 
0.500274 0.367519 0.220236 0.819647 0.764394 
0.380443 0.179436 0.698461 0.253581 0.887862 
0.660345 0.765646 0.318932 0.52481 0.60018 
0.570543 0.672382 0.5431550000000001 0.193849 0.8230150000000001 
0.731646 0.816587 0.602881 0.37287 0.346821 
0.50501 0.2376 0.7133119999999999 0.092517 0.670674 
0.484127 0.85514 0.275233 0.339011 0.291003 
0.542899 0.326726 0.239993 0.515182 0.474867 
0.295455 0.942353 0.25712 0.537914 0.596624 
0.436958 0.187101 0.709638 0.282839 0.896008 
0.133222 0.7871359999999999 0.323705 0.59824 0.420933 
0.306952 0.944157 0.327657 0.230985 0.763005 
0.889752 0.536708 0.124252 0.6630509999999999 0.263261 
0.633614 0.116371 0.390781 0.477461 0.857042 
0.830213 0.308662 0.293076 0.886595 0.337291 
0.736043 0.255778 0.55887 0.148355 0.567989 
0.378337 0.847401 0.474287 0.377316 0.156175 
0.463398 0.300789 0.733829 0.410675 0.210827 
0.132816 0.553944 0.227088 0.862615 0.713618 
0.888444 0.124766 0.5484599999999999 0.498512 0.6705179999999999 
0.60493 0.478373 0.148125 0.838381 0.637074 
0.122243 0.382008 0.658842 0.8454469999999999 0.49812 
0.6535530000000001 0.124351 0.696443 0.71265 0.249188 
0.196885 0.693403 0.306114 0.894011 0.541372 
0.83458 0.160879 0.8769670000000001 0.500066 0.279359 
0.232466 0.601019 0.673717 0.841329 0.188442 
0.344941 0.687962 0.426153 0.925396 0.192776 
0.489362 0.760165 0.290209 0.33935 0.835703 
0.768136 0.119492 0.551951 0.264155 0.696736 
0.105684 0.811817 0.433818 0.627824 0.701148 
0.677502 0.621147 0.816254 0.429381 0.14943 
0.701858 0.817817 0.581963 0.200786 0.144256 
0.509818 0.7031269999999999 0.152305 0.454073 0.388528 
0.567543 0.401836 0.055759 0.677442 0.64797 
0.661021 0.683644 0.205285 0.860385 0.175408 
0.527749 0.6464490000000001 0.382154 0.877723 0.08740199999999999 
0.329342 0.8275169999999999 0.528336 0.165753 0.816106 
0.14188 0.5286459999999999 0.515362 0.694836 0.791867 
0.739935 0.696508 0.6157049999999999 0.498478 0.414095 
0.332882 0.802059 0.788431 0.206293 0.630516 
0.243712 0.422877 0.699506 0.582103 0.831446 
0.493874 0.209409 0.409816 0.316248 0.6534720000000001 
0.696165 0.131368 0.730122 0.497184 0.191876 
0.428029 0.761926 0.217437 0.570262 0.238438 
0.348007 0.885008 0.574564 0.467492 0.514115 
0.352622 0.331386 0.527042 0.546937 0.941817 
0.367114 0.6521670000000001 0.485024 0.866401 0.426762 
0.639846 0.10717 0.732386 0.432361 0.326522 
0.398749 0.782905 0.233472 0.602963 0.7564689999999999 
0.283786 0.677611 0.818617 0.126993 0.735608 
0.301291 0.41555 0.898435 0.437856 0.282093 
0.612692 0.888128 0.392838 0.110883 0.545477 
0.582917 0.208539 0.302914 0.75127 0.797461 
0.226116 0.237356 0.638826 0.564186 0.912947 
0.463185 0.541399 0.904173 0.466458 0.226052 
0.134602 0.495589 0.769745 0.777206 0.346111 
0.79573 0.372083 0.684598 0.093505 0.605345 
0.374949 0.581294 0.541048 0.113325 0.852886 
0.157984 0.383854 0.404847 0.839915 0.478188 
0.712687 0.144403 0.343642 0.823034 0.474835 
0.398922 0.213572 0.452907 0.873834 0.404096 
0.6155 0.642161 0.5892579999999999 0.769937 0.074411 
0.44361 0.301357 0.478245 0.943252 0.287705 
0.800711 0.427622 0.881294 0.295711 0.337545 
0.470513 0.247981 0.954306 0.624999 0.462967 
0.414005 0.55649 0.869132 0.498778 0.176284 
0.674663 0.460961 0.862967 0.085942 0.460055 
0.396534 0.600332 0.6376230000000001 0.691995 0.567653 
0.827991 0.665937 0.644265 0.198763 0.557806 
0.418894 0.169204 0.698309 0.658473 0.7429249999999999 
0.6479470000000001 0.725865 0.09424100000000001 0.435372 0.737663 
0.336849 0.605746 0.798324 0.140715 0.381589 
0.263944 0.314573 0.502941 0.536326 0.927295 
0.104626 0.399108 0.764965 0.719519 0.400671 
0.522108 0.162215 0.818453 0.080933 0.769939 
0.895322 0.141789 0.757152 0.464699 0.21537 
0.505427 0.916218 0.356639 0.456508 0.290741 
0.533506 0.548942 0.929364 0.230677 0.445708 
0.437648 0.735442 0.28966 0.481456 0.850577 
0.640556 0.341828 0.8349760000000001 0.516341 0.601772 
0.751478 0.184846 0.575138 0.842943 0.220153 
0.360882 0.725396 0.467837 0.891119 0.267075 
0.512055 0.394954 0.181092 0.389115 0.666502 
0.529725 0.36067 0.936101 0.343839 0.279479 
0.415883 0.258025 0.778805 0.286176 0.429039 
0.811356 0.579329 0.389792 0.256968 0.260176 
0.255287 0.801189 0.338169 0.7055900000000001 0.185729 
0.448678 0.553353 0.715214 0.558474 0.055915 
0.761204 0.242727 0.246055 0.598328 0.322434 
0.484869 0.337613 0.100293 0.853035 0.561544 
0.207053 0.598421 0.640487 0.516136 0.236641 
0.256091 0.591735 0.621931 0.094149 0.7924290000000001 
0.355951 0.514286 0.465363 0.418715 0.326164 
0.395756 0.563685 0.382256 0.119918 0.830871 
0.331035 0.19007 0.694644 0.414219 0.940327 
0.115121 0.915651 0.473803 0.572097 0.433643 
0.334427 0.555111 0.28448 0.956306 0.277158 
0.790554 0.299738 0.120948 0.477385 0.710219 
0.519773 0.133929 0.390044 0.8316480000000001 0.733449 
0.028435 0.497802 0.642702 0.592124 0.698921 
0.781575 0.447162 0.424011 0.287727 0.225238 
0.8051199999999999 0.606439 0.110846 0.786862 0.180305 
0.596166 0.707863 0.155451 0.356854 0.801534 
0.246162 0.410223 0.317016 0.902313 0.677196 
0.464844 0.09045599999999999 0.653722 0.593668 0.451971 
0.833006 0.5986320000000001 0.5534480000000001 0.283079 0.180636 
0.396494 0.758772 0.789512 0.154414 0.282381 
0.720994 0.185522 0.932347 0.38999 0.377654 
0.116716 0.635081 0.318823 0.910563 0.568167 
0.105645 0.501754 0.420431 0.737857 0.453639 
0.418621 0.440703 0.765965 0.06392 0.648879 
0.343106 0.473123 0.587466 0.312869 0.338645 
0.920702 0.526747 0.621571 0.475815 0.147905 
0.417645 0.883781 0.316323 0.54294 0.226548 
0.490216 0.784442 0.439678 0.18464 0.314239 
0.795705 0.139576 0.287557 0.694483 0.302172 
0.533439 0.797105 0.10388 0.863379 0.362668 
0.687703 0.687077 0.059837 0.322597 0.726366 
0.29637 0.865021 0.615193 0.203058 0.431588 
0.860251 0.153324 0.819384 0.155754 0.463778 
0.471141 0.589944 0.629874 0.759759 0.067847 
0.047652 0.599672 0.543129 0.656748 0.59232 
0.123482 0.837915 0.500919 0.524719 0.389169 
0.710175 0.285747 0.153072 0.764598 0.668277 
0.192292 0.799786 0.7854719999999999 0.153807 0.568126 
0.179304 0.803736 0.472888 0.252155 0.860421 
0.602452 0.285122 0.670235 0.101455 0.537408 
0.421668 0.259898 0.824372 0.487812 0.75612 
0.269656 0.818645 0.446656 0.145575 0.792065 
0.797395 0.720808 0.581294 0.361726 0.24105 
0.465371 0.083731 0.840737 0.404271 0.513031 
0.254647 0.9054 0.316689 0.240495 0.797992 
0.582058 0.108309 0.767575 0.87168 0.332988 
0.833144 0.515041 0.7624109999999999 0.18168 0.5492320000000001 
0.243742 0.805941 0.536341 0.096528 0.78034 
0.553127 0.864553 0.461977 0.366099 0.130614 
0.8533269999999999 0.67406 0.193237 0.544828 0.25615 
0.133595 0.421561 0.575306 0.493416 0.515967 
0.758132 0.562515 0.447806 0.120222 0.402809 
0.250464 0.854588 0.6919459999999999 0.531794 0.288568 
0.717166 0.404402 0.665963 0.036644 0.652548 
0.121912 0.6487619999999999 0.591307 0.759744 0.511076 
0.375007 0.627545 0.806944 0.673106 0.297662 
0.268482 0.859064 0.684551 0.182389 0.50931 
0.149492 0.854868 0.681299 0.232556 0.509149 
0.5908679999999999 0.340009 0.855608 0.230954 0.24129 
0.59713 0.887863 0.308025 0.692761 0.097606 
0.188756 0.297677 0.5471279999999999 0.519665 0.925229 
0.506556 0.280719 0.746687 0.374772 0.866298 
0.06467299999999999 0.420602 0.660797 0.737325 0.671198 
0.567565 0.466937 0.292763 0.434055 0.910108 
0.580372 0.491455 0.874227 0.210643 0.609613 
0.447942 0.653253 0.180115 0.723797 0.158507 
0.727282 0.767867 0.072528 0.338245 0.48168 
0.388151 0.585896 0.08291 0.793435 0.469186 
0.870305 0.438361 0.286728 0.42269 0.236552 
0.375083 0.219828 0.408121 0.793378 0.390052 
0.806017 0.266793 0.721626 0.760731 0.195174 
0.275762 0.517768 0.859414 0.299034 0.800951 
0.237489 0.509309 0.357262 0.561483 0.924358 
0.17927 0.728036 0.89427 0.192313 0.473086 
0.553175 0.701788 0.235008 0.819834 0.10398 
0.583907 0.343826 0.794839 0.482505 0.102387 
0.246978 0.365621 0.775753 0.8854610000000001 0.345688 
0.181517 0.134655 0.722003 0.630252 0.751803 
0.095029 0.766427 0.443471 0.367548 0.826535 
0.641971 0.889683 0.167089 0.558107 0.378094 
0.492125 0.820513 0.218814 0.175785 0.705145 
0.217284 0.158333 0.634616 0.7936530000000001 0.624437 
0.87612 0.126447 0.796008 0.298306 0.359639 
0.937206 0.465152 0.374648 0.462258 0.420451 
0.129575 0.605451 0.781977 0.415929 0.823238 
0.207325 0.425289 0.830324 0.167856 0.78308 
0.35259 0.76408 0.165865 0.8420800000000001 0.550022 
0.635292 0.06068 0.430706 0.736574 0.570882 
0.5017509999999999 0.081872 0.356076 0.80613 0.6033230000000001 
0.223795 0.911422 0.36894 0.725527 0.380942 
0.046866 0.427109 0.51032 0.813763 0.646401 
0.068354 0.660048 0.675268 0.42636 0.754426 
0.373787 0.893394 0.33865 0.377507 0.759781 
0.585307 0.621725 0.693845 0.704198 0.097529 
0.497284 0.766994 0.208274 0.466209 0.796465 
0.119961 0.647184 0.6536650000000001 0.163962 0.814964 
0.547721 0.630996 0.781985 0.222555 0.636144 
0.450777 0.884002 0.222279 0.334064 0.389968 
0.381604 0.415219 0.53798 0.963475 0.29527 
0.152841 0.8444430000000001 0.469443 0.607062 0.28574 
0.177265 0.310131 0.851413 0.5019749999999999 0.677309 
0.430881 0.469501 0.443901 0.438278 0.933744 
0.445649 0.956768 0.395782 0.517829 0.357068 
0.805292 0.477221 0.244042 0.857366 0.179697 
0.134399 0.71389 0.249865 0.927221 0.431641 
0.875571 0.215988 0.390084 0.704294 0.157634 
0.397138 0.464115 0.831106 0.147024 0.789502 
0.710266 0.100164 0.297244 0.679724 0.596674 
0.216365 0.466105 0.435804 0.6680970000000001 0.315537 
0.590491 0.767079 0.538751 0.551881 0.061191 
0.327099 0.087814 0.759141 0.737069 0.465049 
0.423706 0.295119 0.414396 0.501396 0.929065 
0.259212 0.290324 0.262208 0.733204 0.796777 
0.909233 0.531673 0.6322449999999999 0.381654 0.380032 
0.542853 0.583755 0.588829 0.236732 0.210086 
0.337928 0.335977 0.824031 0.677682 0.618837 
0.176257 0.66347 0.139283 0.5770729999999999 0.814613 
0.425845 0.547671 0.776046 0.245954 0.807353 
0.37232 0.83156 0.357907 0.494406 0.155147 
0.937617 0.307789 0.417821 0.712705 0.163949 
0.736185 0.249337 0.593756 0.776586 0.073411 
0.581869 0.038851 0.748957 0.55132 0.480402 
0.496969 0.13308 0.92199 0.595854 0.439175 
0.114737 0.688833 0.740551 0.270482 0.82209 
0.546651 0.758373 0.780596 0.360986 0.174756 
0.268154 0.663118 0.214978 0.946721 0.415749 
0.700874 0.467725 0.7352109999999999 0.5104919999999999 0.07345400000000001 
0.196411 0.835941 0.327826 0.815761 0.232243 
0.73139 0.343389 0.8478059999999999 0.392354 0.151084 
0.126325 0.9100780000000001 0.654854 0.45823 0.462759 
0.109867 0.715268 0.489511 0.284849 0.857185 
0.779038 0.288244 0.43391 0.305314 0.347955 
0.160236 0.573774 0.806436 0.186511 0.689012 
0.328627 0.389243 0.869147 0.105814 0.7330449999999999 
0.297883 0.615914 0.457608 0.951388 0.352663 
0.259697 0.822465 0.193411 0.47079 0.5001060000000001 
0.312985 0.854171 0.167986 0.496561 0.776542 
0.822622 0.09626899999999999 0.681235 0.291899 0.496215 
0.429421 0.457998 0.205548 0.857753 0.684384 
0.594023 0.657992 0.84237 0.461021 0.15566 
0.106946 0.456085 0.323353 0.819994 0.678531 
0.114864 0.717813 0.364958 0.88001 0.531227 
0.168594 0.895226 0.583774 0.223835 0.759725 
0.563853 0.334157 0.081798 0.666811 0.846319 
0.5193410000000001 0.293684 0.491068 0.738865 0.761396 
0.159702 0.465458 0.274288 0.454598 0.835952 
0.573693 0.532664 0.255705 0.8708979999999999 0.15201 
0.570455 0.411561 0.271158 0.862317 0.685157 
0.719311 0.554671 0.087548 0.487575 0.524908 
0.428426 0.675055 0.052548 0.47315 0.650518 
0.371378 0.811825 0.843552 0.411514 0.315638 
0.380989 0.661233 0.089446 0.860305 0.373354 
0.862352 0.414997 0.7756 0.392469 0.173973 
0.309766 0.373779 0.28423 0.59329 0.895455 
0.132929 0.351128 0.787102 0.362919 0.714893 
0.406423 0.567682 0.633471 0.711894 0.58016 
0.211066 0.885906 0.553445 0.419611 0.337148 
0.5469810000000001 0.694951 0.076075 0.692651 0.247125 
0.681683 0.306851 0.22629 0.817339 0.731089 
0.26426 0.647643 0.474931 0.169947 0.695985 
0.93088 0.225208 0.727666 0.359809 0.339111 
0.226715 0.751158 0.596989 0.107026 0.737452 
0.165694 0.296438 0.387038 0.726089 0.775554 
0.473964 0.101822 0.749302 0.321214 0.738772 
0.738637 0.081164 0.751238 0.302555 0.36438 
0.562586 0.622964 0.748278 0.234668 0.11441 
0.932416 0.384859 0.179223 0.549658 0.345559 
0.783262 0.701693 0.475458 0.399757 0.089739 
0.438585 0.646253 0.1285 0.772406 0.674617 
0.187591 0.662569 0.125682 0.436377 0.810826 
0.241741 0.603764 0.8664809999999999 0.110226 0.600566 
0.565531 0.090375 0.60743 0.584826 0.822536 
0.348376 0.662002 0.628372 0.838234 0.209416 
0.775207 0.807698 0.39297 0.261137 0.248083 
0.833453 0.334534 0.265304 0.540463 0.19432 
0.226351 0.943792 0.481036 0.648322 0.354143 
0.5878060000000001 0.574051 0.343749 0.490547 0.823838 
0.748471 0.153777 0.244779 0.695642 0.812217 
0.672078 0.888113 0.51956 0.534058 0.15128 
0.15455 0.631435 0.566018 0.44151 0.330409 
0.269678 0.236907 0.580663 0.851461 0.685786 
0.6828920000000001 0.903437 0.327323 0.17491 0.459404 
0.420121 0.5624209999999999 0.57491 0.19744 0.898299 
0.157726 0.503829 0.505831 0.835369 0.31098 
0.612812 0.196318 0.869904 0.713233 0.361298 
0.157225 0.647934 0.185408 0.5477109999999999 0.600974 
0.814046 0.781749 0.236405 0.258848 0.553235 
0.753566 0.08477999999999999 0.717688 0.554684 0.595541 
0.345198 0.273951 0.719353 0.440518 0.308582 
0.467421 0.473518 0.106287 0.485848 0.712754 
0.15551 0.874463 0.527572 0.538179 0.316238 
0.73461 0.6625180000000001 0.339846 0.260969 0.262797 
0.633785 0.188595 0.496146 0.443547 0.324584 
0.732952 0.08115600000000001 0.913716 0.10167 0.502936 
0.597699 0.83226 0.161371 0.536165 0.258658 
0.697075 0.651827 0.763748 0.244703 0.488825 
0.376312 0.254631 0.38643 0.450661 0.861669 
0.380404 0.435356 0.71273 0.111858 0.892234 
0.541597 0.246218 0.93187 0.339453 0.329029 
0.082609 0.29536 0.472546 0.8124440000000001 0.6957410000000001 
0.832275 0.139726 0.53204 0.512282 0.237756 
0.590378 0.174734 0.825898 0.672411 0.207068 
0.152659 0.715956 0.271066 0.960444 0.406559 
0.123416 0.808624 0.421788 0.489074 0.439004 
0.5824510000000001 0.603723 0.426148 0.304544 0.87444 
0.24961 0.128428 0.787323 0.490366 0.825531 
0.708233 0.42279 0.849471 0.213134 0.637285 
0.776982 0.170038 0.605687 0.153464 0.764613 
0.933573 0.436164 0.489579 0.377476 0.482062 
0.42717 0.601333 0.125755 0.740851 0.731196 
0.740558 0.326923 0.722263 0.209723 0.174087 
0.82616 0.133781 0.346506 0.545899 0.469125 
0.481789 0.838896 0.622106 0.289934 0.561916 
0.330913 0.800713 0.564681 0.08863500000000001 0.659299 
0.525179 0.616101 0.717428 0.066936 0.487448 
0.762327 0.516496 0.71935 0.634684 0.130553 
0.472274 0.854926 0.49114 0.276738 0.218351 
0.166725 0.940937 0.253097 0.5992150000000001 0.552747 
0.553266 0.851817 0.558576 0.451731 0.09653 
0.772189 0.478103 0.908226 0.351437 0.330658 
0.7485309999999999 0.30079 0.077317 0.639825 0.742505 
0.884101 0.175472 0.300634 0.568163 0.462857 
0.823886 0.254988 0.219115 0.7939040000000001 0.149873 
0.542991 0.941318 0.20378 0.336486 0.491869 
0.566181 0.168462 0.295601 0.727929 0.462608 
0.380869 0.584076 0.269093 0.330189 0.931527 
0.490395 0.939874 0.505275 0.247098 0.479311 
0.706129 0.830613 0.429839 0.44696 0.153704 
0.106014 0.679709 0.31318 0.873978 0.600843 
0.676245 0.192281 0.30189 0.826022 0.223519 
0.198144 0.857619 0.400706 0.734418 0.241542 
0.454842 0.449598 0.407888 0.141365 0.719813 
0.331681 0.05809 0.760842 0.619121 0.586681 
0.180927 0.772451 0.393974 0.21928 0.809319 
0.206647 0.932809 0.562895 0.523598 0.291976 
0.9275060000000001 0.386776 0.1649 0.583892 0.535133 
0.656178 0.522859 0.555929 0.07668800000000001 0.420623 
0.8453580000000001 0.165551 0.82975 0.463187 0.197149 
0.115649 0.373589 0.763411 0.342262 0.843014 
0.047348 0.722388 0.480855 0.596662 0.651861 
0.697819 0.229572 0.667198 0.860287 0.306027 
0.479349 0.657672 0.212565 0.380528 0.924133 
0.764794 0.771325 0.297884 0.6121180000000001 0.434156 
0.795103 0.723692 0.315583 0.616219 0.096821 
0.462387 0.103384 0.902013 0.569949 0.467675 
0.538883 0.065957 0.563098 0.680637 0.707771 
0.688451 0.057603 0.7747000000000001 0.407241 0.64008 
0.753603 0.705591 0.186813 0.59155 0.172744 
0.807101 0.144319 0.66999 0.211381 0.5334179999999999 
0.684945 0.120512 0.936798 0.405199 0.395026 
0.240824 0.925737 0.458301 0.6144309999999999 0.521665 
0.410753 0.82308 0.053322 0.577549 0.462748 
0.353865 0.664395 0.657957 0.327164 0.8219689999999999 
0.543354 0.100107 0.50691 0.632719 0.827349 
0.852032 0.445851 0.53446 0.787408 0.176273 
0.333205 0.651601 0.204693 0.447983 0.523211 
0.526657 0.246065 0.522932 0.891269 0.162564 
0.07059 0.7629899999999999 0.310158 0.506013 0.692654 
0.065941 0.492481 0.431663 0.549712 0.760562 
0.424588 0.924127 0.193597 0.706998 0.390705 
0.062337 0.461917 0.574304 0.814733 0.635199 
0.355558 0.535174 0.712031 0.869207 0.191336 
0.7925990000000001 0.241808 0.224026 0.467653 0.59611 
0.468093 0.647436 0.239897 0.786904 0.6525260000000001 
0.488699 0.351562 0.496066 0.143043 0.649865 
0.422643 0.07276299999999999 0.476849 0.738532 0.531423 
0.484442 0.340742 0.232889 0.898939 0.601736 
0.8898200000000001 0.426136 0.757753 0.152446 0.30262 
0.274775 0.722231 0.425721 0.145285 0.818561 
0.399748 0.660072 0.221241 0.952639 0.293401 
0.642703 0.572939 0.662788 0.404896 0.627098 
0.323222 0.372297 0.338102 0.810242 0.7910700000000001 
0.414647 0.797506 0.270928 0.16198 0.637535 
0.914987 0.176947 0.546849 0.547417 0.383787 
0.858387 0.426012 0.189722 0.426022 0.353348 
0.362684 0.663439 0.547685 0.649019 0.657817 
0.219091 0.753323 0.864317 0.225729 0.404652 
0.65609 0.7740629999999999 0.191601 0.532519 0.213156 
0.443206 0.615366 0.168628 0.621488 0.805989 
0.6907720000000001 0.253202 0.409957 0.808161 0.085505 
0.388943 0.378081 0.908413 0.681277 0.186418 
0.573047 0.555674 0.113139 0.731503 0.254477 
0.918872 0.415785 0.483459 0.143422 0.560824 
0.523598 0.227254 0.893719 0.358755 0.732951 
0.205093 0.5835939999999999 0.787155 0.763859 0.179681 
0.415564 0.951138 0.369836 0.574167 0.454584 
0.876034 0.537155 0.448797 0.742321 0.128707 
0.236099 0.525845 0.664921 0.785265 0.58533 
0.680312 0.71794 0.221166 0.86399 0.213035 
0.475292 0.54261 0.126623 0.471949 0.909764 
0.5979 0.743135 0.059801 0.464915 0.553817 
0.52217 0.247995 0.192534 0.7134819999999999 0.596371 
0.294515 0.295341 0.396395 0.8192700000000001 0.783917 
0.665628 0.198064 0.304442 0.468312 0.484736 
0.06873700000000001 0.789461 0.495761 0.390735 0.599139 
0.621035 0.420146 0.882826 0.230901 0.156074 
0.393602 0.385086 0.129076 0.766872 0.61294 
0.27068 0.87928 0.128935 0.879987 0.283751 
0.469761 0.809113 0.557101 0.433092 0.113073 
0.481378 0.690271 0.782134 0.60415 0.078125 
0.264232 0.683687 0.388356 0.260066 0.880451 
0.154004 0.889422 0.303349 0.397826 0.798004 
0.806494 0.193066 0.390546 0.896559 0.244908 
0.634233 0.502033 0.205296 0.403514 0.891199 
0.594908 0.787062 0.141122 0.260677 0.475731 
0.221506 0.156353 0.839979 0.5208970000000001 0.5885 
0.220469 0.898844 0.528958 0.303809 0.431526 
0.408103 0.88471 0.381794 0.889748 0.101844 
0.469743 0.218815 0.51088 0.897047 0.582118 
0.457361 0.142865 0.333411 0.833719 0.583604 
0.886983 0.309846 0.352512 0.298007 0.424963 
0.843132 0.328611 0.902535 0.452163 0.248632 
0.203043 0.707002 0.509147 0.728627 0.68991 
0.297593 0.328814 0.58439 0.6927179999999999 0.170733 
0.118874 0.556904 0.405951 0.359404 0.678698 
0.731276 0.241214 0.228341 0.48149 0.878291 
0.546612 0.830637 0.679769 0.373974 0.185285 
0.132465 0.7301609999999999 0.445957 0.7827499999999999 0.397182 
0.873232 0.255291 0.314389 0.824147 0.144882 
0.148661 0.777892 0.13935 0.653509 0.678588 
0.695385 0.705028 0.294079 0.523599 0.090419 
0.202127 0.552972 0.181294 0.669455 0.506147 
0.768779 0.528606 0.839465 0.25335 0.490562 
0.460676 0.069953 0.401251 0.62743 0.743378 
0.831103 0.147031 0.209503 0.602586 0.701646 
0.6309630000000001 0.5448229999999999 0.725285 0.052692 0.59655 
0.530398 0.812994 0.291034 0.812236 0.411051 
0.623851 0.077583 0.487481 0.567827 0.46153 
0.356833 0.499127 0.395707 0.913697 0.174113 
0.22585 0.762894 0.327096 0.7288520000000001 0.196694 
0.56249 0.713901 0.599672 0.070919 0.729386 
0.259546 0.499883 0.725913 0.15514 0.501268 
0.388362 0.558397 0.90915 0.440756 0.5703510000000001 
0.605347 0.613771 0.352852 0.89967 0.283374 
0.427597 0.191342 0.623274 0.354682 0.940837 
0.88289 0.31767 0.199618 0.399638 0.668233 
0.79335 0.330277 0.341224 0.171516 0.852253 
0.587315 0.8226 0.675897 0.203096 0.407201 
0.584774 0.511678 0.68859 0.627104 0.02828 
0.725456 0.636808 0.503643 0.165121 0.268373 
