5
35
3.864879999999999982e-01 5.161059999999999537e-01 6.797189999999999621e-01 3.874270000000000214e-01 4.787449999999999761e-01
5.442620000000000235e-01 6.133189999999999475e-01 3.650370000000000004e-01 4.818419999999999925e-01 5.080540000000000056e-01
4.077489999999999726e-01 4.585730000000000084e-01 5.808780000000000054e-01 6.465530000000000443e-01 3.839540000000000175e-01
4.610179999999999834e-01 4.030489999999999906e-01 6.232670000000000154e-01 5.480469999999999509e-01 4.106060000000000265e-01
4.446849999999999969e-01 4.764220000000000121e-01 4.547840000000000216e-01 5.520920000000000272e-01 5.635419999999999874e-01
4.232839999999999936e-01 4.939390000000000169e-01 5.099059999999999704e-01 4.551830000000000043e-01 4.639630000000000143e-01
4.514110000000000067e-01 4.887719999999999843e-01 5.211799999999999766e-01 3.924110000000000098e-01 4.824789999999999912e-01
6.045570000000000110e-01 4.130679999999999907e-01 4.394830000000000125e-01 4.275709999999999789e-01 4.768649999999999833e-01
5.082229999999999803e-01 4.453880000000000061e-01 5.100890000000000146e-01 3.275150000000000006e-01 5.307619999999999560e-01
4.998029999999999973e-01 4.057060000000000111e-01 6.527739999999999654e-01 6.401900000000000368e-01 3.680530000000000190e-01
5.281940000000000524e-01 3.214489999999999847e-01 5.593029999999999946e-01 6.224260000000000348e-01 4.825860000000000150e-01
5.667870000000000408e-01 6.287120000000000486e-01 4.947940000000000116e-01 5.601589999999999625e-01 3.712400000000000144e-01
4.443090000000000095e-01 5.349249999999999838e-01 4.233060000000000156e-01 6.638340000000000352e-01 4.649139999999999939e-01
4.379810000000000092e-01 5.456260000000000554e-01 4.467479999999999785e-01 4.688760000000000150e-01 4.546789999999999998e-01
3.149350000000000205e-01 5.240320000000000533e-01 5.572230000000000238e-01 4.398119999999999807e-01 6.284189999999999499e-01
6.866330000000000489e-01 3.666440000000000254e-01 4.787739999999999774e-01 5.046049999999999702e-01 4.248759999999999759e-01
5.347730000000000539e-01 3.861069999999999780e-01 7.212079999999999602e-01 3.946109999999999896e-01 5.292569999999999775e-01
4.548539999999999806e-01 4.843799999999999772e-01 5.842340000000000311e-01 6.010210000000000274e-01 4.248290000000000122e-01
5.595299999999999718e-01 6.246209999999999818e-01 3.419690000000000230e-01 4.813149999999999928e-01 4.808709999999999929e-01
3.841609999999999747e-01 4.604159999999999919e-01 5.707140000000000546e-01 4.204060000000000019e-01 5.386879999999999447e-01
4.356030000000000180e-01 4.842460000000000098e-01 3.463069999999999760e-01 5.983889999999999487e-01 6.136470000000000535e-01
4.340289999999999981e-01 3.952950000000000075e-01 6.139369999999999550e-01 4.957599999999999785e-01 5.880170000000000119e-01
4.654490000000000016e-01 5.566689999999999694e-01 6.738730000000000553e-01 3.331500000000000017e-01 4.994720000000000271e-01
5.995819999999999483e-01 4.788490000000000246e-01 4.390350000000000086e-01 4.978500000000000147e-01 3.544059999999999988e-01
4.582879999999999732e-01 6.506750000000000034e-01 3.995170000000000110e-01 5.065990000000000215e-01 5.249390000000000445e-01
4.879680000000000129e-01 5.339949999999999974e-01 5.877240000000000242e-01 5.449859999999999705e-01 4.125090000000000146e-01
6.150980000000000336e-01 5.449929999999999497e-01 5.507880000000000553e-01 4.839539999999999953e-01 4.394759999999999778e-01
4.402030000000000109e-01 3.635180000000000078e-01 6.399620000000000308e-01 4.537619999999999987e-01 5.225400000000000045e-01
4.577030000000000265e-01 5.273839999999999639e-01 6.377599999999999936e-01 4.457119999999999971e-01 4.324189999999999978e-01
5.154149999999999565e-01 4.058700000000000085e-01 4.699869999999999881e-01 6.568399999999999794e-01 4.601190000000000002e-01
3.468629999999999769e-01 5.649830000000000130e-01 5.670539999999999470e-01 4.666950000000000265e-01 5.605780000000000207e-01
4.695829999999999727e-01 4.008430000000000049e-01 3.978249999999999842e-01 5.325050000000000061e-01 6.446380000000000443e-01
4.394210000000000060e-01 5.015269999999999451e-01 4.908100000000000240e-01 6.278120000000000367e-01 5.175579999999999625e-01
4.260220000000000118e-01 4.021890000000000187e-01 4.648990000000000067e-01 5.279040000000000399e-01 6.322119999999999962e-01
4.850650000000000239e-01 5.270359999999999490e-01 5.796620000000000106e-01 5.176929999999999588e-01 3.558390000000000164e-01
