5
34
0.386488 0.516106 0.679719 0.387427 0.478745 
0.544262 0.6133189999999999 0.365037 0.481842 0.508054 
0.407749 0.458573 0.580878 0.646553 0.383954 
0.461018 0.403049 0.623267 0.548047 0.410606 
0.423284 0.493939 0.509906 0.455183 0.463963 
0.451411 0.488772 0.52118 0.392411 0.482479 
0.604557 0.413068 0.439483 0.427571 0.476865 
0.508223 0.445388 0.510089 0.327515 0.530762 
0.499803 0.405706 0.652774 0.64019 0.368053 
0.5281940000000001 0.321449 0.559303 0.622426 0.482586 
0.566787 0.628712 0.494794 0.560159 0.37124 
0.444309 0.534925 0.423306 0.663834 0.464914 
0.437981 0.5456260000000001 0.446748 0.468876 0.454679 
0.314935 0.5240320000000001 0.557223 0.439812 0.6284189999999999 
0.686633 0.366644 0.478774 0.504605 0.424876 
0.5347730000000001 0.386107 0.721208 0.394611 0.529257 
0.454854 0.48438 0.584234 0.601021 0.424829 
0.55953 0.624621 0.341969 0.481315 0.480871 
0.384161 0.460416 0.5707140000000001 0.420406 0.5386879999999999 
0.435603 0.484246 0.346307 0.5983889999999999 0.6136470000000001 
0.434029 0.395295 0.613937 0.49576 0.588017 
0.465449 0.556669 0.6738730000000001 0.33315 0.499472 
0.5995819999999999 0.478849 0.439035 0.49785 0.354406 
0.458288 0.650675 0.399517 0.506599 0.524939 
0.487968 0.533995 0.587724 0.544986 0.412509 
0.615098 0.5449929999999999 0.5507880000000001 0.483954 0.439476 
0.440203 0.363518 0.639962 0.453762 0.52254 
0.457703 0.527384 0.63776 0.445712 0.432419 
0.515415 0.40587 0.469987 0.65684 0.460119 
0.346863 0.564983 0.5670539999999999 0.466695 0.560578 
0.469583 0.400843 0.397825 0.532505 0.644638 
0.439421 0.5015269999999999 0.49081 0.627812 0.517558 
0.426022 0.402189 0.464899 0.527904 0.632212 
0.485065 0.5270359999999999 0.579662 0.517693 0.355839 
