5
301
0.817886 0.09726700000000001 0.923741 0.555562 0.120587 
0.55962 0.06410399999999999 0.681637 0.206194 0.614663 
0.456384 0.594546 0.6550049999999999 0.352755 0.076691 
0.850821 0.351211 0.44993 0.087048 0.848893 
0.215391 0.228361 0.619327 0.785178 0.850394 
0.803716 0.588892 0.263373 0.908717 0.165669 
0.079475 0.882692 0.6085159999999999 0.433468 0.55625 
0.884378 0.32022 0.196759 0.875009 0.106203 
0.122362 0.20223 0.579793 0.6173070000000001 0.667372 
0.539976 0.027365 0.585623 0.415377 0.834058 
0.89863 0.619888 0.604036 0.121675 0.398171 
0.740608 0.252605 0.104698 0.684662 0.479484 
0.208104 0.438233 0.959467 0.330309 0.636747 
0.438327 0.388989 0.454627 0.54894 0.955839 
0.162883 0.561963 0.84617 0.194834 0.9014720000000001 
0.135728 0.680802 0.189658 0.31338 0.794007 
0.77737 0.358016 0.788131 0.083825 0.306295 
0.693666 0.548437 0.273989 0.384658 0.155218 
0.534761 0.586916 0.026774 0.599537 0.412577 
0.292514 0.821356 0.518664 0.739821 0.041103 
0.913974 0.532431 0.620842 0.44069 0.148056 
0.388004 0.954299 0.307851 0.539054 0.595418 
0.733128 0.9378030000000001 0.441957 0.117397 0.544875 
0.06695 0.737434 0.56206 0.765826 0.313557 
0.412576 0.281226 0.340353 0.855047 0.730077 
0.899707 0.481323 0.740634 0.403948 0.265056 
0.264269 0.701058 0.434771 0.084077 0.882118 
0.311136 0.486436 0.257986 0.607006 0.955363 
0.40173 0.800049 0.06973699999999999 0.567966 0.360942 
0.357166 0.909699 0.423403 0.287382 0.369577 
0.4908 0.055943 0.421702 0.48824 0.8626819999999999 
0.891209 0.6196 0.673735 0.284116 0.10789 
0.682025 0.080259 0.841079 0.179589 0.427014 
0.700138 0.692353 0.079732 0.485972 0.670816 
0.52512 0.047744 0.754317 0.212643 0.820819 
0.260808 0.201636 0.894433 0.471699 0.41157 
0.870449 0.572089 0.11435 0.68082 0.259951 
0.120209 0.388372 0.581439 0.782246 0.867571 
0.70386 0.582268 0.5507609999999999 0.019209 0.513992 
0.390893 0.09389699999999999 0.433236 0.84643 0.647921 
0.446699 0.07779899999999999 0.873708 0.108113 0.657083 
0.321683 0.299293 0.823744 0.650942 0.754852 
0.337619 0.07029000000000001 0.826153 0.589979 0.317713 
0.510746 0.740106 0.671437 0.664457 0.381381 
0.93787 0.39843 0.636343 0.413615 0.607109 
0.649194 0.5059900000000001 0.094696 0.182945 0.893745 
0.7523339999999999 0.331333 0.636616 0.07513499999999999 0.641166 
0.18028 0.585114 0.39188 0.152569 0.863237 
0.728512 0.148963 0.519244 0.948047 0.190915 
0.972404 0.353528 0.228837 0.549323 0.510835 
0.844627 0.445606 0.803872 0.327438 0.350456 
0.931982 0.513622 0.210232 0.395841 0.666166 
0.157732 0.938147 0.391342 0.547966 0.241445 
0.311489 0.977833 0.566259 0.210853 0.416324 
0.34924 0.904953 0.856863 0.132901 0.422161 
0.153916 0.951114 0.427485 0.354679 0.43755 
0.311768 0.717574 0.614113 0.466576 0.117957 
0.315033 0.266827 0.547964 0.890053 0.6798729999999999 
0.671531 0.370933 0.136534 0.7789970000000001 0.6966599999999999 
0.6144539999999999 0.681461 0.382231 0.099494 0.866255 
0.461071 0.6724020000000001 0.100623 0.923327 0.356106 
0.903031 0.202464 0.795308 0.416515 0.0531 
0.050039 0.738625 0.466881 0.392883 0.636508 
0.523321 0.844445 0.77757 0.119685 0.278035 
0.547609 0.695983 0.642653 0.682241 0.089964 
0.394435 0.351611 0.494263 0.518046 0.952173 
0.142707 0.823646 0.212985 0.564169 0.825252 
0.418019 0.189351 0.365567 0.782731 0.443709 
0.148577 0.948287 0.744362 0.213406 0.602081 
0.51792 0.703553 0.01483 0.685961 0.732888 
0.032982 0.67672 0.736621 0.590209 0.502824 
0.167002 0.802184 0.714836 0.409613 0.225818 
0.331109 0.823542 0.10202 0.707971 0.772817 
0.475263 0.866056 0.114971 0.718824 0.55093 
0.49042 0.565057 0.081451 0.32301 0.568258 
0.20328 0.93606 0.773692 0.431496 0.485808 
0.045407 0.502444 0.91571 0.642389 0.558463 
0.755877 0.835694 0.513052 0.486219 0.042856 
0.081693 0.600683 0.178972 0.837234 0.7336 
0.5635289999999999 0.471591 0.013641 0.628923 0.703931 
0.608317 0.613846 0.06279 0.259481 0.821165 
0.509234 0.980324 0.346526 0.669071 0.28275 
0.834016 0.799183 0.15772 0.373352 0.497666 
0.443932 0.06833599999999999 0.922845 0.540883 0.5726290000000001 
0.7591290000000001 0.407759 0.442326 0.04373 0.706498 
0.527166 0.911218 0.253589 0.637952 0.181072 
0.55198 0.71108 0.152811 0.885028 0.642929 
0.511668 0.146901 0.885518 0.252883 0.411401 
0.477975 0.192652 0.560222 0.477476 0.959009 
0.356227 0.733384 0.171812 0.176917 0.714564 
0.441764 0.309113 0.080675 0.9641459999999999 0.514917 
0.961137 0.697392 0.5584789999999999 0.162637 0.262466 
0.335621 0.389716 0.972003 0.384627 0.627908 
0.07441200000000001 0.970661 0.353461 0.278133 0.781674 
0.603755 0.67019 0.623543 0.061066 0.670318 
0.462152 0.14638 0.125828 0.677222 0.8705000000000001 
0.777504 0.235163 0.524883 0.838054 0.533612 
0.398694 0.639021 0.337033 0.07049800000000001 0.885416 
0.507237 0.49716 0.067111 0.882072 0.500804 
0.876396 0.528468 0.06460299999999999 0.393075 0.597543 
0.977579 0.477662 0.470224 0.5613089999999999 0.161784 
0.753132 0.256936 0.130671 0.289025 0.814615 
0.375418 0.983892 0.470802 0.126683 0.613326 
0.917544 0.410996 0.55127 0.121843 0.184125 
0.612243 0.886913 0.01936 0.671284 0.339242 
0.63396 0.579173 0.085539 0.332368 0.913429 
0.745447 0.631877 0.107168 0.817438 0.296243 
0.154741 0.693279 0.203282 0.8909280000000001 0.293159 
0.135689 0.911473 0.767352 0.510105 0.455015 
0.93297 0.155239 0.29916 0.584875 0.325051 
0.08991200000000001 0.82437 0.149851 0.7231109999999999 0.553609 
0.853389 0.700923 0.217082 0.535948 0.395675 
0.845381 0.365193 0.550725 0.256413 0.096831 
0.439627 0.436412 0.667154 0.573616 0.07326100000000001 
0.874062 0.430305 0.34684 0.203974 0.803936 
0.360142 0.809339 0.487504 0.915216 0.371892 
0.362669 0.325147 0.973955 0.644611 0.160109 
0.727866 0.478109 0.49486 0.633877 0.6321600000000001 
0.802364 0.511565 0.187523 0.390876 0.8541260000000001 
0.474438 0.142277 0.388994 0.632981 0.387464 
0.124816 0.6673289999999999 0.277183 0.320461 0.643335 
0.8534929999999999 0.328023 0.626684 0.165523 0.745673 
0.186356 0.446398 0.175171 0.896672 0.678943 
0.665497 0.920562 0.6433759999999999 0.119105 0.402887 
0.705296 0.20576 0.556543 0.682759 0.7519 
0.55509 0.380597 0.375388 0.950112 0.620269 
0.898991 0.319617 0.718157 0.526477 0.209941 
0.251991 0.940123 0.372423 0.150711 0.826968 
0.163594 0.674123 0.136769 0.620085 0.76483 
0.6999 0.193986 0.133627 0.90987 0.533954 
0.581993 0.791191 0.121883 0.848902 0.31135 
0.2206 0.852594 0.220442 0.525213 0.3349 
0.070017 0.398928 0.515106 0.728046 0.741881 
0.95807 0.083233 0.418282 0.823972 0.253288 
0.157044 0.369329 0.4324 0.286278 0.850168 
0.936364 0.119782 0.768408 0.437855 0.370312 
0.115558 0.78277 0.650035 0.827326 0.334647 
0.039964 0.792314 0.374412 0.492089 0.478469 
0.677234 0.768691 0.064483 0.414537 0.349103 
0.5248429999999999 0.7503069999999999 0.310421 0.082147 0.600611 
0.8045330000000001 0.363166 0.723813 0.76642 0.216773 
0.840777 0.217581 0.884261 0.387768 0.353493 
0.970895 0.278076 0.318336 0.456862 0.267562 
0.668192 0.479857 0.704313 0.587858 0.521886 
0.876444 0.287852 0.705319 0.109606 0.566954 
0.048704 0.404959 0.794139 0.792987 0.319884 
0.546671 0.365019 0.179167 0.49666 0.9550149999999999 
0.601309 0.10596 0.866936 0.607807 0.55299 
0.867154 0.360815 0.103088 0.382488 0.5267810000000001 
0.719305 0.104234 0.607027 0.423912 0.901359 
0.286604 0.936039 0.877742 0.057835 0.467944 
0.820623 0.544068 0.05176 0.300695 0.690463 
0.73009 0.639022 0.309922 0.601265 0.650153 
0.762995 0.071783 0.485739 0.420835 0.6919960000000001 
0.369861 0.911689 0.432473 0.709714 0.418508 
0.273587 0.425559 0.783108 0.914453 0.388165 
0.09057900000000001 0.437251 0.822263 0.343822 0.70396 
0.484379 0.957089 0.194397 0.625457 0.517941 
0.701963 0.180747 0.65488 0.110589 0.440651 
0.233747 0.28169 0.121768 0.796974 0.809963 
0.547853 0.728806 0.08398600000000001 0.451715 0.936134 
0.274232 0.438253 0.405337 0.338052 0.965968 
0.907129 0.2847 0.412078 0.448453 0.660452 
0.83755 0.850349 0.582028 0.14316 0.251499 
0.262931 0.613197 0.583333 0.930375 0.113783 
0.275383 0.895714 0.07847800000000001 0.339915 0.714206 
0.28537 0.518052 0.04995 0.667886 0.848341 
0.432911 0.062954 0.8251540000000001 0.480079 0.617099 
0.540102 0.789519 0.542574 0.880823 0.179468 
0.301797 0.732374 0.506754 0.092734 0.719603 
0.620963 0.07405200000000001 0.693241 0.173171 0.879518 
0.598544 0.166034 0.111486 0.694669 0.884763 
0.943706 0.436421 0.6620200000000001 0.107857 0.417854 
0.175111 0.937213 0.41008 0.282948 0.791121 
0.524424 0.304644 0.781796 0.614276 0.021772 
0.446497 0.9111 0.5956979999999999 0.275734 0.732577 
0.379615 0.110893 0.959972 0.45791 0.574037 
0.578498 0.05762 0.279458 0.685606 0.760123 
0.474651 0.158765 0.900033 0.221995 0.797933 
0.576173 0.888504 0.423343 0.657699 0.305956 
0.132569 0.548336 0.368838 0.951454 0.554362 
0.244593 0.483572 0.170625 0.835398 0.843468 
0.375308 0.663533 0.274667 0.251238 0.9191550000000001 
0.579009 0.166504 0.209247 0.556321 0.688777 
0.100834 0.421441 0.830524 0.329632 0.874436 
0.524736 0.465896 0.043671 0.777173 0.655527 
0.6549469999999999 0.510953 0.909657 0.516556 0.311335 
0.119853 0.385328 0.935301 0.625076 0.463923 
0.477711 0.115997 0.382289 0.39705 0.664998 
0.349242 0.350086 0.343307 0.284858 0.896405 
0.318629 0.84484 0.244444 0.975967 0.330062 
0.54758 0.153357 0.88021 0.673474 0.181646 
0.461264 0.697103 0.296279 0.938517 0.085243 
0.661571 0.157276 0.758421 0.198077 0.830568 
0.516014 0.468696 0.916839 0.356566 0.212853 
0.287742 0.552385 0.853143 0.630694 0.091491 
0.39311 0.280612 0.590608 0.072658 0.853082 
0.044413 0.8622379999999999 0.411598 0.765219 0.586848 
0.829541 0.701718 0.158941 0.410444 0.283253 
0.058149 0.689553 0.681161 0.212221 0.918611 
0.512628 0.06351 0.896138 0.775971 0.332974 
0.80106 0.499188 0.547116 0.820322 0.174631 
0.285174 0.16546 0.834402 0.271528 0.831801 
0.84138 0.706927 0.452737 0.422144 0.379662 
0.742011 0.037252 0.675215 0.632376 0.685273 
0.140892 0.78471 0.725868 0.329661 0.765998 
0.437755 0.5697179999999999 0.8184940000000001 0.514397 0.029547 
0.770296 0.095183 0.602792 0.737842 0.197871 
0.578758 0.790571 0.108353 0.193569 0.874105 
0.088436 0.627817 0.807216 0.629676 0.7299290000000001 
0.692017 0.832186 0.326708 0.189604 0.400703 
0.132333 0.664593 0.155006 0.960118 0.758111 
0.559291 0.122116 0.867851 0.28254 0.834963 
0.438434 0.899724 0.695616 0.087149 0.579636 
0.599841 0.427827 0.470059 0.054395 0.602642 
0.623412 0.086393 0.950039 0.538017 0.373789 
0.232846 0.837569 0.527386 0.81481 0.434104 
0.062289 0.583896 0.761805 0.271635 0.706751 
0.360448 0.684918 0.075818 0.726667 0.441049 
0.074494 0.609697 0.380992 0.371644 0.909268 
0.052171 0.540415 0.419479 0.691221 0.703013 
0.756478 0.860632 0.546748 0.340476 0.110836 
0.633247 0.09891800000000001 0.563439 0.888591 0.228615 
0.7815530000000001 0.058326 0.698108 0.577265 0.336173 
0.704699 0.341438 0.940221 0.110855 0.449685 
0.586846 0.573248 0.114697 0.812252 0.228934 
0.56198 0.834018 0.487652 0.388015 0.093171 
0.52941 0.79996 0.077722 0.619415 0.683254 
0.406359 0.9588680000000001 0.448384 0.367789 0.590357 
0.7026019999999999 0.759033 0.204387 0.278804 0.366033 
0.519378 0.827243 0.7559439999999999 0.172862 0.709524 
0.119225 0.800172 0.507676 0.149381 0.896694 
0.89379 0.460128 0.445744 0.791616 0.215885 
0.684813 0.743831 0.109545 0.845882 0.349906 
0.577063 0.041123 0.825638 0.464416 0.472195 
0.258136 0.144263 0.961145 0.662669 0.493903 
0.086772 0.584304 0.824478 0.288216 0.638902 
0.917228 0.390871 0.193337 0.280859 0.781524 
0.26911 0.947202 0.439324 0.61854 0.075034 
0.312114 0.392412 0.385198 0.890326 0.291541 
0.253244 0.6199789999999999 0.19625 0.463575 0.939144 
0.072827 0.346703 0.587821 0.5462399999999999 0.782967 
0.636731 0.789995 0.61181 0.48534 0.358285 
0.661488 0.08178000000000001 0.456164 0.432326 0.985881 
0.317951 0.51709 0.722325 0.344014 0.9185449999999999 
0.08089200000000001 0.800208 0.659415 0.680558 0.349433 
0.8360300000000001 0.148063 0.211709 0.8289339999999999 0.309488 
0.576937 0.228242 0.430206 0.51415 0.231275 
0.329265 0.77388 0.227049 0.9149389999999999 0.187966 
0.632065 0.530363 0.075187 0.244154 0.8424199999999999 
0.806437 0.15337 0.647584 0.278937 0.829877 
0.738553 0.317722 0.872942 0.768582 0.122509 
0.193311 0.651726 0.860577 0.542188 0.087529 
0.624549 0.699464 0.54838 0.083658 0.392951 
0.679822 0.8067260000000001 0.771728 0.281613 0.149916 
0.91555 0.122169 0.759274 0.244529 0.209072 
0.058749 0.652057 0.5458730000000001 0.562346 0.812827 
0.686569 0.291584 0.678778 0.926785 0.267803 
0.621684 0.094565 0.919255 0.260005 0.5244 
0.5530969999999999 0.539712 0.904593 0.5316070000000001 0.182242 
0.180501 0.466369 0.806735 0.161824 0.776371 
0.574163 0.881153 0.207825 0.704535 0.166077 
0.169644 0.846822 0.113577 0.531514 0.604897 
0.811951 0.239792 0.435921 0.507288 0.152182 
0.752104 0.231585 0.422461 0.907568 0.116248 
0.963414 0.231214 0.581444 0.401153 0.395558 
0.453663 0.373164 0.266134 0.70508 0.941532 
0.052608 0.726787 0.811642 0.280777 0.505989 
0.721838 0.390262 0.409636 0.047241 0.80016 
0.330593 0.862355 0.764937 0.520509 0.23135 
0.9419110000000001 0.497451 0.18913 0.756352 0.234794 
0.659058 0.196854 0.748327 0.866466 0.112857 
0.172988 0.287676 0.7145049999999999 0.888516 0.23966 
0.13878 0.896948 0.222632 0.869776 0.5449619999999999 
0.042873 0.408884 0.546577 0.602372 0.895143 
0.643878 0.668232 0.267725 0.221101 0.378597 
0.803841 0.044252 0.678355 0.830185 0.38873 
0.628806 0.80014 0.371979 0.377976 0.159321 
0.650456 0.573237 0.09259000000000001 0.6427659999999999 0.255529 
0.839252 0.673044 0.530486 0.068728 0.330909 
0.479792 0.6863320000000001 0.167765 0.720911 0.204663 
0.871559 0.061272 0.745049 0.174385 0.567887 
0.621521 0.7704490000000001 0.325092 0.024474 0.592221 
0.628067 0.460531 0.201031 0.301838 0.96538 
0.076001 0.344283 0.546704 0.429349 0.812325 
0.280319 0.339947 0.913565 0.296802 0.330927 
0.162718 0.242159 0.510781 0.833515 0.744976 
0.945091 0.242901 0.46339 0.311224 0.5902770000000001 
0.248396 0.787864 0.369781 0.858415 0.077638 
0.413751 0.414028 0.878744 0.227644 0.309381 
0.5943659999999999 0.381542 0.798924 0.62039 0.04941 
0.142403 0.7753060000000001 0.355022 0.599587 0.323094 
0.410216 0.6681009999999999 0.929574 0.54757 0.279107 
0.158377 0.801248 0.872526 0.114599 0.54229 
0.761452 0.055324 0.537446 0.355073 0.949008 
0.736336 0.251339 0.832661 0.240593 0.705425 
0.954481 0.30271 0.160479 0.648747 0.502759 
0.293355 0.97723 0.359291 0.59976 0.254324 
0.555744 0.599299 0.068925 0.805486 0.660071 
0.670337 0.57769 0.253003 0.808274 0.063137 
0.746067 0.843675 0.195832 0.63301 0.208316 
