5
311
0.681601 0.42813 0.529224 0.609151 0.467053 
0.471291 0.7532759999999999 0.267362 0.619754 0.488482 
0.401196 0.345894 0.455055 0.434985 0.846204 
0.596991 0.5904779999999999 0.466499 0.659904 0.150542 
0.415622 0.695208 0.416741 0.55719 0.262921 
0.679911 0.416406 0.672164 0.248401 0.554882 
0.390416 0.262938 0.551988 0.697947 0.575751 
0.324756 0.501217 0.618207 0.279324 0.772153 
0.499219 0.631537 0.407822 0.683239 0.503656 
0.320007 0.749189 0.576721 0.522356 0.457371 
0.482267 0.440878 0.520035 0.753598 0.209467 
0.55281 0.549905 0.6442329999999999 0.375971 0.265094 
0.563014 0.7091460000000001 0.303633 0.657069 0.458574 
0.183848 0.478905 0.647993 0.432409 0.705224 
0.50632 0.6571129999999999 0.286183 0.619003 0.629451 
0.642232 0.410809 0.247619 0.522826 0.55925 
0.672865 0.683783 0.393257 0.624622 0.262834 
0.31536 0.731429 0.471036 0.575969 0.547149 
0.22623 0.532342 0.6437889999999999 0.566173 0.558971 
0.515608 0.348906 0.271191 0.625788 0.590046 
0.217697 0.596742 0.448542 0.693557 0.461952 
0.370862 0.462035 0.392625 0.476264 0.569754 
0.77149 0.328899 0.406559 0.574506 0.403442 
0.479573 0.688424 0.285698 0.391829 0.535146 
0.287297 0.712948 0.523307 0.412917 0.524304 
0.7030149999999999 0.276336 0.59995 0.521359 0.48198 
0.661485 0.457245 0.483223 0.23763 0.566011 
0.489273 0.6229789999999999 0.244493 0.480145 0.6989570000000001 
0.4232 0.338257 0.454411 0.543282 0.821268 
0.69865 0.63347 0.317602 0.475181 0.33476 
0.223002 0.666506 0.349614 0.622519  0.555 
0.364337 0.430096 0.7276899999999999 0.406807 0.410194 
0.300165 0.656706 0.407939 0.742281 0.479844 
0.360107 0.517912 0.335481 0.460744 0.80333 
0.569782 0.485282 0.398769 0.347496 0.500732 
0.57246 0.488482 0.625278 0.297043 0.672265 
0.422587 0.700238 0.304861 0.73958 0.433969 
0.408789 0.702867 0.42119 0.342201 0.423496 
0.364237 0.548226 0.567181 0.337397 0.460137 
0.681046 0.397873 0.427836 0.444092 0.696029 
0.588954 0.213834 0.468427 0.666057 0.445641 
0.6707649999999999 0.442306 0.312503 0.7239679999999999 0.296664 
0.582626 0.416916 0.695945 0.6125930000000001 0.226243 
0.214608 0.5596410000000001 0.480778 0.433571 0.710739 
0.388715 0.367052 0.634497 0.296439 0.809012 
0.583852 0.244198 0.66079 0.64988 0.321459 
0.737954 0.306194 0.609803 0.501468 0.455154 
0.489785 0.35633 0.388112 0.79696 0.474683 
0.5925589999999999 0.358957 0.572159 0.285684 0.538983 
0.558101 0.351915 0.691715 0.629667 0.459788 
0.507405 0.756419 0.438619 0.641212 0.220434 
0.735335 0.330937 0.44241 0.66964 0.250753 
0.312005 0.470352 0.7208059999999999 0.311402 0.633555 
0.389636 0.358094 0.565858 0.508035 0.784006 
0.544341 0.744645 0.465445 0.577915 0.202005 
0.546313 0.441827 0.462672 0.766876 0.199725 
0.6442600000000001 0.5064419999999999 0.313939 0.459789 0.384704 
0.5565 0.698334 0.233157 0.499338 0.629567 
0.657471 0.488915 0.261528 0.463653 0.44698 
0.328704 0.711676 0.465016 0.310036 0.7443380000000001 
0.542821 0.252326 0.508163 0.5125960000000001 0.707223 
0.561269 0.297007 0.368185 0.711533 0.562096 
0.54286 0.473928 0.228108 0.715371 0.419358 
0.578634 0.324165 0.494289 0.314536 0.601843 
0.337712 0.53706 0.644354 0.480349 0.345112 
0.636922 0.2915 0.433406 0.618304 0.376422 
0.596079 0.683674 0.664363 0.288944 0.376155 
0.437585 0.316004 0.7869119999999999 0.535687 0.475832 
0.673052 0.547458 0.379113 0.365943 0.451866 
0.503694 0.615435 0.734827 0.266357 0.374833 
0.359979 0.759346 0.31584 0.442295 0.508321 
0.421006 0.518005 0.584691 0.38204 0.380133 
0.495055 0.540291 0.642618 0.466386 0.200216 
0.509226 0.283334 0.581165 0.669439 0.603275 
0.528002 0.38023 0.694847 0.616231 0.280621 
0.585175 0.6533060000000001 0.441675 0.398749 0.587205 
0.36845 0.749797 0.607692 0.47569 0.428155 
0.699343 0.596567 0.352592 0.45966 0.33034 
0.507491 0.387318 0.807125 0.362491 0.5552820000000001 
0.228417 0.45655 0.658363 0.570862 0.551607 
0.544882 0.371072 0.741289 0.588465 0.398043 
0.491718 0.250188 0.764307 0.38127 0.5693550000000001 
0.457641 0.421002 0.53157 0.635729 0.673484 
0.635983 0.427289 0.460013 0.747719 0.288083 
0.380339 0.485295 0.224996 0.706493 0.607962 
0.40696 0.323145 0.54275 0.678426 0.416417 
0.5632 0.267137 0.536385 0.465022 0.727939 
0.43271 0.597114 0.275782 0.747993 0.348598 
0.488074 0.441584 0.412569 0.721257 0.612878 
0.796335 0.492496 0.461594 0.5941610000000001 0.245798 
0.6286310000000001 0.483554 0.518966 0.6056820000000001 0.512514 
0.439806 0.486111 0.736169 0.272328 0.534558 
0.487429 0.7501679999999999 0.322566 0.628815 0.509853 
0.479533 0.492709 0.257984 0.488994 0.7379599999999999 
0.486741 0.657991 0.612822 0.619502 0.276923 
0.639254 0.34891 0.627506 0.6249169999999999 0.207842 
0.515175 0.51888 0.512802 0.267688 0.522584 
0.325466 0.564011 0.27797 0.7939850000000001 0.502197 
0.485496 0.433118 0.487664 0.29898 0.824541 
0.433882 0.779607 0.321546 0.727865 0.366124 
0.766046 0.47926 0.304257 0.667596 0.258139 
0.629327 0.46168 0.221009 0.444737 0.63571 
0.320461 0.382409 0.436622 0.483292 0.821204 
0.66884 0.306242 0.490177 0.656411 0.504851 
0.468231 0.409784 0.634454 0.471503 0.679854 
0.515683 0.277421 0.471046 0.474849 0.5735710000000001 
0.516191 0.511416 0.52017 0.222664 0.686634 
0.574696 0.534598 0.68669 0.271799 0.530269 
0.34108 0.693864 0.55143 0.290723 0.558411 
0.488172 0.827312 0.345455 0.474115 0.357469 
0.307999 0.7526389999999999 0.389972 0.654469 0.496589 
0.345111 0.529598 0.6391250000000001 0.649213 0.27834 
0.248466 0.656318 0.481609 0.449585 0.589105 
0.531763 0.593724 0.667625 0.262218 0.405957 
0.386777 0.409936 0.757341 0.408793 0.393185 
0.633584 0.498136 0.186632 0.596251 0.635072 
0.643171 0.520492 0.205595 0.501535 0.487841 
0.709302 0.6059059999999999 0.457159 0.623465 0.275409 
0.651563 0.320911 0.732083 0.376602 0.47302 
0.645293 0.538218 0.5112100000000001 0.452422 0.267001 
0.787088 0.537247 0.339694 0.462357 0.493051 
0.370308 0.355332 0.597276 0.384331 0.536991 
0.235244 0.598697 0.658093 0.409951 0.457465 
0.286533 0.54103 0.653162 0.291182 0.6020990000000001 
0.260161 0.634508 0.50624 0.602305 0.618252 
0.552606 0.507763 0.610627 0.5717989999999999 0.169124 
0.301441 0.53506 0.773751 0.551102 0.410726 
0.402059 0.7798850000000001 0.438155 0.540785 0.515675 
0.367714 0.673504 0.506036 0.662039 0.475157 
0.790957 0.447075 0.537704 0.475809 0.43065 
0.543558 0.625286 0.582288 0.199191 0.572724 
0.370183 0.473313 0.506329 0.748524 0.342871 
0.7011269999999999 0.406425 0.312224 0.631141 0.371927 
0.642444 0.624204 0.564084 0.270097 0.411159 
0.287744 0.717336 0.526554 0.478649 0.575966 
0.335925 0.303461 0.5538999999999999 0.526174 0.776483 
0.558779 0.350785 0.626116 0.273242 0.70566 
0.25489 0.716568 0.332367 0.570168 0.521581 
0.766941 0.312913 0.472478 0.478942 0.353821 
0.401012 0.613513 0.34893 0.312414 0.643078 
0.305407 0.605557 0.74551 0.400785 0.486044 
0.718982 0.54619 0.342485 0.642392 0.210407 
0.509755 0.230979 0.594306 0.443785 0.537085 
0.545153 0.436323 0.725658 0.203901 0.491819 
0.635191 0.323814 0.57962 0.495591 0.608645 
0.791655 0.421404 0.581217 0.311611 0.39667 
0.268446 0.643141 0.289813 0.6600009999999999 0.467517 
0.393467 0.571863 0.351285 0.467342 0.448864 
0.378534 0.823307 0.299916 0.431256 0.5338310000000001 
0.560225 0.5957750000000001 0.733366 0.440515 0.288761 
0.595491 0.685896 0.208482 0.441737 0.5370509999999999 
0.372345 0.615077 0.6634949999999999 0.267718 0.620144 
0.232112 0.637711 0.418727 0.710083 0.395824 
0.637729 0.291614 0.432456 0.770409 0.457623 
0.62321 0.280893 0.651618 0.377685 0.430061 
0.293562 0.705055 0.285309 0.503102 0.529694 
0.524586 0.578088 0.535867 0.375251 0.292585 
0.54033 0.403466 0.277769 0.58008 0.458614 
0.520898 0.662486 0.200114 0.665137 0.36429 
0.295441 0.70386 0.346236 0.512588 0.736805 
0.5163990000000001 0.297457 0.764147 0.479465 0.501373 
0.499136 0.31967 0.546357 0.811785 0.390938 
0.472119 0.558947 0.197704 0.5927559999999999 0.5644400000000001 
0.6273 0.298823 0.393153 0.547557 0.660845 
0.739021 0.324319 0.676875 0.397249 0.394733 
0.451392 0.598249 0.710023 0.402588 0.518134 
0.726523 0.372702 0.408379 0.410477 0.461344 
0.626359 0.424513 0.22337 0.538612 0.701172 
0.543907 0.611662 0.275142 0.737408 0.227017 
0.597136 0.7018489999999999 0.289696 0.638545 0.457469 
0.236873 0.545473 0.626142 0.569152 0.613232 
0.7501640000000001 0.541919 0.544987 0.284388 0.478755 
0.609109 0.656284 0.525161 0.203801 0.5584480000000001 
0.341224 0.534519 0.483665 0.273667 0.759123 
0.715599 0.38203 0.339759 0.461393 0.531362 
0.503475 0.444358 0.521081 0.404935 0.755569 
0.347188 0.603497 0.588229 0.6218399999999999 0.531263 
0.723109 0.464089 0.545229 0.572976 0.394179 
0.475321 0.482442 0.247732 0.434292 0.624301 
0.393115 0.372895 0.329123 0.726095 0.502263 
0.64093 0.685331 0.501628 0.428369 0.446549 
0.626813 0.560115 0.252075 0.350414 0.653644 
0.412231 0.266579 0.627838 0.5803779999999999 0.629448 
0.650459 0.68327 0.5893620000000001 0.475779 0.292461 
0.583738 0.356476 0.528765 0.751578 0.241538 
0.283994 0.583049 0.5899990000000001 0.442479 0.723518 
0.578828 0.48054 0.175258 0.599947 0.651044 
0.295758 0.730769 0.373085 0.651925 0.345539 
0.5356109999999999 0.322503 0.595451 0.597159 0.2898 
0.533639 0.290814 0.565106 0.6883860000000001 0.579144 
0.73813 0.287195 0.629275 0.638329 0.339533 
0.346366 0.68291 0.541138 0.235598 0.639053 
0.7052890000000001 0.324788 0.658721 0.536813 0.234302 
0.640046 0.368201 0.749086 0.390863 0.42685 
0.47743 0.52668 0.544475 0.662489 0.571175 
0.408313 0.756323 0.492312 0.302936 0.617625 
0.707624 0.471178 0.358161 0.552275 0.264165 
0.329727 0.382885 0.722434 0.399419 0.701743 
0.30384 0.660295 0.245455 0.596213 0.627397 
0.35551 0.631861 0.645974 0.397669 0.324585 
0.350933 0.529813 0.460549 0.470366 0.794986 
0.453372 0.388915 0.598795 0.773681 0.357315 
0.311086 0.717789 0.409933 0.347791 0.636172 
0.501173 0.795593 0.314766 0.5061560000000001 0.491068 
0.464689 0.611371 0.601447 0.622454 0.217789 
0.465876 0.490092 0.269787 0.7818580000000001 0.446124 
0.702355 0.30734 0.57759 0.676512 0.375497 
0.42789 0.63235 0.40627 0.524566 0.290285 
0.624465 0.471091 0.508199 0.446157 0.646792 
0.357897 0.455988 0.73459 0.392447 0.638774 
0.396183 0.597668 0.587795 0.528282 0.232958 
0.5422360000000001 0.206773 0.504741 0.570275 0.612667 
0.6732399999999999 0.226647 0.720558 0.433647 0.462822 
0.597291 0.340445 0.689415 0.33454 0.630866 
0.474336 0.688235 0.513982 0.239181 0.618457 
0.7672909999999999 0.439157 0.335429 0.471087 0.430291 
0.444033 0.722742 0.541075 0.262287 0.578052 
0.748838 0.359722 0.438644 0.430869 0.517139 
0.485322 0.47963 0.715952 0.5917 0.298339 
0.505054 0.684186 0.285283 0.772015 0.333634 
0.331228 0.51885 0.253166 0.69825 0.591234 
0.273059 0.5013 0.544827 0.435753 0.5692739999999999 
0.296729 0.460217 0.454065 0.70653 0.660529 
0.588035 0.226049 0.506794 0.427309 0.579443 
0.483931 0.420807 0.738716 0.28731 0.585252 
0.533489 0.723836 0.615216 0.355454 0.45562 
0.733668 0.386333 0.534797 0.306206 0.538445 
0.615239 0.381624 0.313813 0.452395 0.523921 
0.283436 0.484229 0.307208 0.614382 0.665528 
0.375771 0.5724359999999999 0.437995 0.255659 0.657053 
0.547974 0.446856 0.603958 0.452578 0.268165 
0.323581 0.785654 0.368302 0.407118 0.567273 
0.597301 0.287941 0.604731 0.300392 0.688032 
0.258061 0.673638 0.41721 0.456242 0.699588 
0.708021 0.57253 0.342028 0.703228 0.280221 
0.505837 0.568835 0.488579 0.549434 0.640608 
0.488966 0.495544 0.362165 0.783878 0.445014 
0.658514 0.269052 0.64932 0.42888 0.375878 
0.370376 0.46251 0.588396 0.57814 0.30132 
0.528157 0.304087 0.430747 0.679893 0.401315 
0.659487 0.679709 0.291661 0.511562 0.394908 
0.527805 0.266683 0.637006 0.464709 0.439858 
0.431897 0.81141 0.397757 0.569224 0.451976 
0.497871 0.284356 0.543223 0.480486 0.805597 
0.576092 0.452707 0.240064 0.47007 0.552756 
0.598168 0.297526 0.388535 0.681477 0.637259 
0.589136 0.62966 0.357063 0.6952469999999999 0.214177 
0.426638 0.633113 0.596509 0.401889 0.640126 
0.715533 0.613667 0.255635 0.677509 0.296923 
0.544262 0.342052 0.605073 0.534863 0.29797 
0.359675 0.373307 0.367017 0.697408 0.548817 
0.676117 0.236514 0.374666 0.6569199999999999 0.5636910000000001 
0.484624 0.688801 0.345553 0.588639 0.602285 
0.673173 0.400781 0.614001 0.273147 0.61666 
0.465403 0.51313 0.243252 0.779591 0.529982 
0.213424 0.649462 0.443578 0.550862 0.496682 
0.446666 0.324759 0.58878 0.577754 0.341376 
0.311336 0.678107 0.6096780000000001 0.384055 0.499254 
0.481542 0.420175 0.598131 0.652653 0.186294 
0.722252 0.398835 0.649855 0.543328 0.213277 
0.26991 0.5678569999999999 0.547739 0.328943 0.734088 
0.218551 0.692248 0.379536 0.67293 0.453084 
0.698403 0.463164 0.328374 0.552843 0.595207 
0.529743 0.613372 0.628701 0.265056 0.583024 
0.285851 0.668316 0.548926 0.661732 0.411625 
0.555809 0.363427 0.6310480000000001 0.516895 0.642114 
0.355637 0.763634 0.554558 0.566492 0.358131 
0.428243 0.637931 0.350523 0.401837 0.472551 
0.693181 0.260651 0.481383 0.5689959999999999 0.36351 
0.416735 0.437364 0.801464 0.330602 0.470048 
0.478218 0.676895 0.541324 0.475443 0.232591 
0.65434 0.5116889999999999 0.372229 0.7446469999999999 0.351044 
0.574176 0.294263 0.36481 0.414719 0.710087 
0.408143 0.317141 0.451382 0.571456 0.603921 
0.734802 0.440491 0.412898 0.703197 0.411368 
0.303948 0.583514 0.6902239999999999 0.5485679999999999 0.509984 
0.467947 0.463535 0.815496 0.371883 0.381079 
0.315965 0.552984 0.596885 0.610905 0.640353 
0.532481 0.7306009999999999 0.209432 0.678319 0.413198 
0.463035 0.41263 0.7903250000000001 0.414228 0.35731 
0.651464 0.550569 0.371776 0.50199 0.29192 
0.514997 0.802508 0.511586 0.34136 0.363167 
0.290625 0.470024 0.447236 0.776482 0.491884 
0.492238 0.71696 0.350235 0.586294 0.5635790000000001 
0.29535 0.696047 0.430829 0.331398 0.617856 
0.458829 0.787554 0.494659 0.306414 0.53576 
0.404017 0.800754 0.467976 0.589338 0.275285 
0.628928 0.495274 0.6509470000000001 0.559423 0.306537 
0.392242 0.701527 0.543886 0.345824 0.64602 
0.613101 0.717882 0.362557 0.342078 0.476494 
0.465484 0.5120479999999999 0.322407 0.348391 0.786226 
0.483062 0.564936 0.779844 0.324076 0.455758 
0.427653 0.627353 0.257479 0.74415 0.364302 
0.542486 0.289078 0.352491 0.727197 0.452135 
0.285027 0.740356 0.358728 0.593421 0.559615 
0.453358 0.471557 0.315736 0.741614 0.636551 
0.676389 0.553576 0.213303 0.623524 0.506862 
0.505444 0.273843 0.64549 0.39058 0.752953 
0.632237 0.410831 0.364842 0.417452 0.434844 
0.55304 0.670183 0.352741 0.556272 0.260772 
0.414444 0.669302 0.222507 0.482104 0.644116 
0.321199 0.6984900000000001 0.466654 0.312613 0.768286 
0.546419 0.241988 0.738574 0.365473 0.6367080000000001 
0.29319 0.680904 0.632182 0.475292 0.501938 
0.655736 0.25251 0.649721 0.35385 0.520146 
0.551829 0.412175 0.735592 0.275464 0.559794 
0.685052 0.566405 0.29685 0.752214 0.316324 
0.432265 0.5318619999999999 0.449994 0.361496 0.475453 
0.815327 0.447001 0.397936 0.568972 0.370295 
0.506907 0.452233 0.341347 0.654344 0.684503 
0.354855 0.393855 0.7015130000000001 0.31086 0.680925 
