5
453
0.310972 0.352131 0.493321 0.789256 0.633206 
0.256735 0.585751 0.760354 0.30708 0.603637 
0.50558 0.671516 0.33102 0.495688 0.280594 
0.413804 0.738611 0.54238 0.548953 0.166413 
0.348493 0.657568 0.387632 0.590732 0.272796 
0.757476 0.210458 0.307997 0.588257 0.540534 
0.7385620000000001 0.21065 0.4894 0.577747 0.307024 
0.360445 0.506538 0.612359 0.359394 0.81828 
0.497495 0.851558 0.420472 0.5620270000000001 0.235471 
0.431205 0.425375 0.283473 0.730374 0.372323 
0.398691 0.517219 0.821193 0.299534 0.449939 
0.710554 0.382329 0.215114 0.7903520000000001 0.328233 
0.438336 0.5342789999999999 0.555202 0.541032 0.699731 
0.300634 0.830178 0.280551 0.671071 0.393699 
0.206664 0.444498 0.74573 0.487371 0.671229 
0.433053 0.210958 0.554832 0.494523 0.814155 
0.491484 0.583193 0.549669 0.5552 0.6298010000000001 
0.694412 0.326024 0.189764 0.665126 0.5866130000000001 
0.42353 0.7782750000000001 0.202462 0.556142 0.399627 
0.566412 0.670912 0.728336 0.385663 0.316619 
0.497198 0.693814 0.689694 0.483055 0.303622 
0.215236 0.501885 0.690028 0.459824 0.482468 
0.177986 0.691222 0.499391 0.394856 0.773972 
0.461895 0.338155 0.284382 0.454273 0.786239 
0.269418 0.538842 0.37345 0.565828 0.501604 
0.673506 0.258897 0.685536 0.588832 0.294751 
0.482188 0.822155 0.370309 0.479229 0.256386 
0.228228 0.477051 0.443971 0.721814 0.625622 
0.733057 0.499911 0.293632 0.76356 0.359383 
0.539032 0.286158 0.599476 0.784643 0.492035 
0.709777 0.586162 0.183518 0.57023 0.477491 
0.525965 0.778191 0.495842 0.462758 0.495038 
0.832971 0.378288 0.387223 0.431833 0.532546 
0.222353 0.48505 0.7896030000000001 0.482248 0.510497 
0.659558 0.6962970000000001 0.536863 0.387566 0.257882 
0.836376 0.280279 0.505243 0.39809 0.507435 
0.360536 0.808344 0.513361 0.603749 0.416149 
0.474615 0.678806 0.161703 0.452196 0.553563 
0.7880470000000001 0.562519 0.599399 0.302101 0.2714 
0.602259 0.670747 0.445765 0.622892 0.142865 
0.350422 0.311613 0.488917 0.358842 0.796759 
0.581134 0.492501 0.641437 0.520774 0.128421 
0.197506 0.44985 0.763249 0.468696 0.581272 
0.62007 0.539112 0.27205 0.452355 0.765327 
0.469086 0.493827 0.157627 0.673251 0.636969 
0.351912 0.340729 0.401535 0.543041 0.842957 
0.409291 0.272211 0.687589 0.260721 0.72568 
0.331437 0.721303 0.524948 0.22058 0.777517 
0.522439 0.213202 0.505723 0.454758 0.597002 
0.57024 0.7416700000000001 0.590071 0.363155 0.273788 
0.62221 0.303438 0.422397 0.321833 0.720646 
0.472549 0.468572 0.308179 0.8356749999999999 0.522189 
0.2576 0.722732 0.600348 0.472774 0.316104 
0.455551 0.667052 0.185624 0.617883 0.716691 
0.274587 0.774757 0.296815 0.731254 0.431827 
0.453879 0.610657 0.533012 0.521861 0.184555 
0.405498 0.303449 0.297792 0.630903 0.723797 
0.634543 0.547453 0.772745 0.204646 0.368011 
0.238643 0.7138640000000001 0.374627 0.328214 0.753603 
0.693607 0.5915280000000001 0.561536 0.6037169999999999 0.207015 
0.478912 0.631611 0.615146 0.468404 0.610804 
0.751398 0.243587 0.641197 0.591535 0.441221 
0.462159 0.831859 0.325308 0.650553 0.227749 
0.628881 0.687157 0.534188 0.174844 0.489825 
0.568838 0.343181 0.574013 0.676664 0.6355460000000001 
0.639892 0.421126 0.752865 0.288989 0.548744 
0.299334 0.694487 0.288104 0.459286 0.789073 
0.508924 0.350589 0.787763 0.19388 0.553011 
0.658774 0.610366 0.121642 0.6181990000000001 0.523911 
0.473111 0.274248 0.490713 0.316539 0.694024 
0.7513919999999999 0.340101 0.5926 0.60231 0.16323 
0.801579 0.386386 0.400584 0.422768 0.612114 
0.561644 0.76176 0.233226 0.475092 0.598885 
0.637432 0.254115 0.58282 0.243661 0.6190639999999999 
0.403097 0.450456 0.836224 0.551306 0.290185 
0.482574 0.764836 0.461533 0.671797 0.278663 
0.607042 0.479792 0.728577 0.243293 0.341325 
0.574364 0.42787 0.604367 0.161712 0.69828 
0.818809 0.46289 0.360254 0.619204 0.203496 
0.832948 0.383197 0.429188 0.535161 0.530186 
0.23296 0.442464 0.444195 0.668149 0.540362 
0.6682630000000001 0.407908 0.250851 0.47116 0.773672 
0.283717 0.583111 0.250722 0.475463 0.723577 
0.330819 0.30633 0.656737 0.48469 0.589331 
0.470822 0.568136 0.77302 0.387016 0.311943 
0.418753 0.339015 0.360738 0.493334 0.581515 
0.47715 0.48408 0.810485 0.310906 0.364474 
0.430899 0.789038 0.310456 0.736974 0.293892 
0.514559 0.730385 0.181678 0.398435 0.640279 
0.58474 0.389713 0.428939 0.75508 0.58794 
0.660061 0.430938 0.652411 0.316214 0.65149 
0.820218 0.43798 0.435088 0.6372139999999999 0.367115 
0.307694 0.820872 0.517244 0.277932 0.554321 
0.697712 0.546336 0.736209 0.44617 0.311387 
0.424445 0.51142 0.433278 0.323344 0.875634 
0.572897 0.485603 0.219662 0.766054 0.515711 
0.784689 0.206604 0.461153 0.471835 0.414038 
0.691387 0.461127 0.553792 0.239572 0.69249 
0.521933 0.520734 0.776088 0.341271 0.58852 
0.284602 0.773604 0.598992 0.55467 0.37952 
0.59537 0.656849 0.6261949999999999 0.478453 0.15737 
0.571651 0.57618 0.170559 0.686191 0.323899 
0.495544 0.737205 0.264542 0.7136670000000001 0.200849 
0.542345 0.196532 0.5225109999999999 0.489472 0.559293 
0.527948 0.469241 0.658581 0.155629 0.687611 
0.771262 0.524517 0.399066 0.277236 0.46925 
0.296901 0.31079 0.668793 0.7011579999999999 0.589112 
0.265029 0.723459 0.483187 0.444201 0.715948 
0.566184 0.442165 0.571999 0.37165 0.300606 
0.567309 0.253538 0.509548 0.816479 0.40019 
0.426228 0.492458 0.488683 0.556019 0.242439 
0.5493209999999999 0.242288 0.7537779999999999 0.585278 0.358559 
0.40517 0.520965 0.258282 0.7484229999999999 0.360644 
0.580332 0.519383 0.582487 0.690553 0.14253 
0.462428 0.645018 0.609962 0.65851 0.326008 
0.798685 0.187205 0.54695 0.444539 0.5579499999999999 
0.794677 0.32091 0.460266 0.365486 0.475346 
0.489282 0.432987 0.448101 0.837235 0.278988 
0.44069 0.395988 0.83431 0.262006 0.518574 
0.614516 0.550315 0.647777 0.553597 0.148755 
0.513813 0.640653 0.579529 0.667207 0.171108 
0.287578 0.367894 0.765123 0.365734 0.761548 
0.829956 0.463936 0.450083 0.532828 0.37537 
0.39353 0.31648 0.450464 0.569539 0.489781 
0.639057 0.559835 0.383889 0.820192 0.22033 
0.528949 0.207747 0.809971 0.428699 0.559951 
0.663232 0.280837 0.677108 0.465185 0.623285 
0.569391 0.305745 0.399192 0.566788 0.775184 
0.364308 0.692117 0.249107 0.537802 0.409738 
0.593128 0.41288 0.525074 0.781842 0.388947 
0.449064 0.843345 0.382066 0.426924 0.44768 
0.505537 0.26671 0.376508 0.745289 0.492145 
0.733649 0.592618 0.305645 0.6293339999999999 0.487316 
0.795636 0.520744 0.575481 0.281065 0.462573 
0.788077 0.34202 0.569773 0.242082 0.557508 
0.757661 0.435581 0.233598 0.45399 0.548997 
0.488399 0.835712 0.481607 0.308338 0.409555 
0.548959 0.381584 0.541813 0.700369 0.196047 
0.408693 0.574149 0.386095 0.34549 0.467694 
0.625105 0.221162 0.498212 0.659693 0.330944 
0.719773 0.421504 0.74102 0.218674 0.416768 
0.426445 0.207985 0.783779 0.475104 0.593753 
0.408196 0.492762 0.532237 0.794868 0.257627 
0.221955 0.578803 0.641095 0.6435689999999999 0.349324 
0.801841 0.382836 0.68531 0.359178 0.40574 
0.231232 0.554685 0.520343 0.786297 0.418442 
0.7120610000000001 0.69855 0.390063 0.41943 0.42061 
0.459541 0.273326 0.460452 0.730765 0.42906 
0.611561 0.609669 0.418039 0.635343 0.5107660000000001 
0.563252 0.466054 0.283625 0.492295 0.784925 
0.735825 0.526457 0.391419 0.398213 0.650939 
0.499373 0.508084 0.417411 0.270109 0.842537 
0.567763 0.185108 0.673252 0.471296 0.567265 
0.524022 0.258684 0.813706 0.474897 0.50719 
0.71975 0.426082 0.283645 0.490624 0.730866 
0.347351 0.333527 0.58313 0.35979 0.605366 
 0.306 0.6533600000000001 0.567426 0.240005 0.5666949999999999 
0.357217 0.250414 0.528272 0.743012 0.663836 
0.47768 0.736023 0.492809 0.621636 0.156555 
0.347916 0.662847 0.4088 0.789622 0.385915 
0.260037 0.682158 0.584024 0.615326 0.332013 
0.20443 0.717434 0.531282 0.352761 0.5620000000000001 
0.272684 0.80299 0.429085 0.460777 0.421006 
0.518838 0.170597 0.548357 0.642354 0.646764 
0.573948 0.582027 0.330488 0.548806 0.715403 
0.711344 0.686902 0.6064000000000001 0.354562 0.310069 
0.700588 0.402955 0.212101 0.7554070000000001 0.4588 
0.209555 0.477588 0.479522 0.673828 0.535009 
0.512204 0.247033 0.8009540000000001 0.344769 0.5952539999999999 
0.438739 0.343964 0.457278 0.526964 0.420004 
0.27291 0.585907 0.776821 0.557302 0.376072 
0.364789 0.784201 0.614351 0.3304 0.5635289999999999 
0.453368 0.603129 0.274066 0.778926 0.254218 
0.217265 0.789929 0.475276 0.59257 0.525463 
0.588152 0.414637 0.861553 0.261585 0.435772 
0.452581 0.786683 0.609698 0.463661 0.238059 
0.746799 0.26488 0.556306 0.451019 0.32773 
0.580736 0.635063 0.561784 0.206061 0.609723 
0.390509 0.428956 0.218111 0.609758 0.66421 
0.384274 0.42479 0.43945 0.284485 0.7164970000000001 
0.277712 0.34157 0.758173 0.613899 0.490918 
0.596171 0.784214 0.225482 0.65871 0.340482 
0.535517 0.540811 0.409244 0.811901 0.186404 
0.709844 0.181529 0.463385 0.526273 0.563283 
0.197011  0.778 0.477519 0.373594 0.688114 
0.513624 0.195638 0.696711 0.553342 0.465727 
0.399698 0.280762 0.653982 0.699155 0.357989 
0.428817 0.846687 0.509887 0.453812 0.265406 
0.314389 0.630426 0.350202 0.652342 0.7237130000000001 
0.463805 0.694966 0.46404 0.661676 0.5021409999999999 
0.603912 0.427308 0.204454 0.46295 0.621602 
0.635055 0.234275 0.59921 0.304786 0.606309 
0.604389 0.402584 0.681651 0.675179 0.357591 
0.235323 0.549678 0.392824 0.790113 0.473407 
0.353966 0.339206 0.395408 0.653477 0.806429 
0.440675 0.47715 0.262539 0.845286 0.462311 
0.488532 0.752345 0.501598 0.421467 0.577628 
0.5752890000000001 0.474218 0.748078 0.53413 0.415899 
0.258888 0.526551 0.598491 0.604175 0.695624 
0.167646 0.737536 0.550962 0.484062 0.582943 
0.36264 0.547418 0.628559 0.698933 0.309792 
0.413899 0.749468 0.444501 0.31883 0.409849 
0.287989 0.613683 0.278783 0.775995 0.440569 
0.545109 0.308934 0.522864 0.827762 0.305562 
0.36373 0.410175 0.803718 0.321874 0.693034 
0.760619 0.5486259999999999 0.237249 0.409415 0.555744 
0.217432 0.491185 0.722191 0.386666 0.7055900000000001 
0.351735 0.498665 0.606907 0.321337 0.462121 
0.688206 0.511823 0.151897 0.49317 0.670666 
0.475303 0.377995 0.461207 0.364889 0.868575 
0.420532 0.416732 0.5471279999999999 0.243199 0.848534 
0.744047 0.696395 0.540318 0.434414 0.278214 
0.377456 0.474163 0.40479 0.815729 0.598865 
0.539143 0.421507 0.6069600000000001 0.304107 0.370234 
0.289938 0.836852 0.541889 0.384232 0.442198 
0.416457 0.335344 0.568486 0.671448 0.282132 
0.535452 0.378967 0.634646 0.216566 0.804142 
0.326389 0.5420469999999999 0.495003 0.744374 0.598342 
0.21502 0.669164 0.738098 0.426157 0.541255 
0.500536 0.818397 0.264881 0.325087 0.541839 
0.597697 0.671526 0.55324 0.214486 0.377637 
0.42095 0.746174 0.524672 0.575111 0.516059 
0.502791 0.327218 0.250148 0.696913 0.611851 
0.771014 0.256086 0.508498 0.788224 0.224713 
0.18424 0.661339 0.750003 0.51662 0.43324 
0.561775 0.184526 0.604009 0.451003 0.48333 
0.262086 0.613583 0.659832 0.359187 0.43346 
0.383758 0.508497 0.450431 0.260738 0.883151 
0.489303 0.610347 0.738948 0.218791 0.44732 
0.63431 0.343312 0.799984 0.267983 0.540633 
0.536238 0.523093 0.571638 0.431588 0.719937 
0.378336 0.56926 0.672235 0.636476 0.498308 
0.604776 0.360539 0.276025 0.769055 0.561521 
0.657328 0.603088 0.273916 0.5903969999999999 0.213301 
0.702009 0.457007 0.44948 0.190272 0.647864 
0.247295 0.583462 0.815061 0.49452 0.403321 
0.157104 0.643764 0.515788 0.565362 0.487918 
0.300087 0.448038 0.370824 0.583962 0.814431 
0.646938 0.357268 0.433035 0.56412 0.27398 
0.395505 0.342758 0.614798 0.651838 0.288509 
0.29398 0.361287 0.444214 0.471898 0.844934 
0.629676 0.722033 0.523267 0.571742 0.26387 
0.317818 0.320444 0.652721 0.449672 0.823552 
0.403221 0.250365 0.613386 0.45348 0.818089 
0.634388 0.460984 0.592733 0.168018 0.562752 
0.287779 0.636165 0.412192 0.285585 0.696696 
0.571407 0.32164 0.3076 0.478982 0.79044 
0.562775 0.699754 0.267049 0.433232 0.352432 
0.6857490000000001 0.370047 0.408712 0.295571 0.683335 
0.324543 0.388882 0.527963 0.77153 0.443262 
0.806325 0.47693 0.321707 0.629721 0.420666 
0.726262 0.426236 0.498616 0.614229 0.529492 
0.261165 0.5415140000000001 0.825267 0.48484 0.42063 
0.235564 0.631145 0.719466 0.380544 0.440448 
0.576697 0.597126 0.485421 0.749228 0.237358 
0.496435 0.464244 0.479028 0.783206 0.154315 
0.157768 0.506702 0.583087 0.497785 0.721791 
0.308712 0.306835 0.434375 0.698204 0.6030219999999999 
0.403302 0.323791 0.653543 0.720257 0.275637 
0.389614 0.836459 0.304857 0.538258 0.329308 
0.238312 0.531478 0.340196 0.787556 0.6245540000000001 
0.354127 0.790681 0.56485 0.517589 0.300449 
0.320338 0.550302 0.23512 0.77499 0.589786 
0.667023 0.301682 0.82301 0.502643 0.307117 
0.537978 0.489286 0.715763 0.515289 0.54692 
0.675319 0.374451 0.80121 0.460408 0.381624 
0.704335 0.359707 0.351389 0.777206 0.470304 
0.301599 0.634267 0.544233 0.5448190000000001 0.276174 
0.507521 0.366919 0.211178 0.712266 0.533007 
0.575922 0.196737 0.518972 0.7302110000000001 0.597884 
0.682392 0.473176 0.725869 0.190033 0.428796 
0.828941 0.409723 0.594982 0.366115 0.292139 
0.262259 0.692145 0.338354 0.398366 0.596583 
0.344349 0.564506 0.771459 0.254829 0.511946 
0.561665 0.491926 0.264584 0.384708 0.821053 
0.622592 0.216545 0.506177 0.5389699999999999 0.7201419999999999 
0.446536 0.445255 0.61435 0.648948 0.169045 
0.806914 0.316896 0.525037 0.644757 0.371832 
0.756034 0.343007 0.379978 0.725631 0.450095 
0.379103 0.219842 0.647425 0.575197 0.641913 
0.452606 0.594135 0.7562720000000001 0.477765 0.408856 
0.465873 0.8197140000000001 0.311251 0.283149 0.627102 
0.322232 0.452181 0.247906 0.571527 0.647381 
0.207697 0.707874 0.678773 0.392462 0.452414 
0.360067 0.589615 0.437293 0.737836 0.592396 
0.467705 0.717712 0.370707 0.736425 0.435527 
0.703786 0.262395 0.717515 0.426611 0.535424 
0.24402 0.398393 0.455886 0.512592 0.795079 
0.271966 0.589703 0.672726 0.631151 0.518027 
0.813036 0.536764 0.318181 0.379287 0.560317 
0.814734 0.513649 0.337941 0.569794 0.247357 
0.72098 0.497986 0.236368 0.495265 0.390364 
0.269489 0.493819 0.533722 0.256696 0.822057 
0.200831 0.519236 0.436024 0.493742 0.74831 
0.60005 0.66457 0.5642470000000001 0.16735 0.504167 
0.54453 0.341652 0.479138 0.494483 0.823933 
0.151207 0.600414 0.498526 0.579938 0.636104 
0.414123 0.573431 0.578348 0.448978 0.735833 
0.579321 0.318544 0.75001 0.293778 0.639043 
0.294822 0.801888 0.327384 0.319899 0.682372 
0.640783 0.456103 0.201652 0.361132 0.7349059999999999 
0.305055 0.561281 0.690175 0.189691 0.707178 
0.41885 0.63339 0.211507 0.804605 0.404509 
0.261144 0.468539 0.362096 0.793075 0.533266 
0.679193 0.741895 0.315607 0.523066 0.364946 
0.570307 0.596689 0.34421 0.446575 0.770535 
0.268228 0.410858 0.421148 0.76619 0.653581 
0.307742 0.528587 0.502183 0.761984 0.3127 
0.6151450000000001 0.326899 0.340064 0.621468 0.332973 
0.585462 0.516124 0.494911 0.400328 0.264857 
0.367295 0.566924 0.171197 0.659645 0.5451240000000001 
0.6186430000000001 0.339702 0.315703 0.590192 0.339008 
0.752194 0.284907 0.717679 0.585791 0.28952 
0.776331 0.484275 0.44286 0.624003 0.162667 
0.570223 0.263666 0.59681 0.34894 0.742752 
0.454852 0.669959 0.181793 0.715546 0.464559 
0.599335 0.769545 0.267586 0.365223 0.434361 
0.450754 0.672527 0.171195 0.490671 0.6226120000000001 
0.590894 0.645235 0.732525 0.347728 0.349869 
0.354276 0.254806 0.522293 0.56207 0.680167 
0.36179 0.371132 0.751725 0.596554 0.270557 
0.656709 0.567032 0.464595 0.630068 0.455866 
0.626194 0.652303 0.260254 0.714132 0.396373 
0.771764 0.396167 0.31809 0.592742 0.6039330000000001 
0.217949 0.520137 0.562183 0.424572 0.803774 
0.557685 0.308579 0.778788 0.172846 0.635966 
0.692782 0.194281 0.617745 0.436904 0.516615 
0.635359 0.174698 0.569188 0.663733 0.340574 
0.426673 0.39449 0.363197 0.764168 0.663372 
0.78237 0.210628 0.624532 0.451695 0.549663 
0.343852 0.536146 0.286724 0.768883 0.6314109999999999 
0.673017 0.743018 0.419721 0.543546 0.275719 
0.774379 0.251168 0.391095 0.586583 0.569486 
0.709531 0.6814789999999999 0.208151 0.409869 0.49303 
0.18115 0.611439 0.785983 0.524662 0.456797 
0.526582 0.375267 0.633477 0.325433 0.770214 
0.6221719999999999 0.595884 0.660192 0.26329 0.284892 
0.297857 0.30727 0.612078 0.630806 0.7240760000000001 
0.539279 0.695505 0.354188 0.211624 0.645824 
0.336851 0.384187 0.692041 0.436671 0.776691 
0.462404 0.623509 0.41507 0.233591 0.833422 
0.37101 0.262608 0.503346 0.531462 0.811988 
0.557462 0.567571 0.329193 0.278105 0.454072 
0.364875 0.59069 0.171422 0.739228 0.476294 
0.696881 0.388263 0.690263 0.427182 0.258131 
0.808036 0.49805 0.409393 0.62869 0.185212 
0.333181 0.445938 0.521076 0.448565 0.462225 
0.413258 0.539614 0.510118 0.541346 0.73807 
0.687627 0.183646 0.689923 0.510328 0.409864 
0.289571 0.355715 0.531237 0.613641 0.773506 
0.425566 0.625609 0.634822 0.146566 0.594264 
0.467801 0.5928290000000001 0.696012 0.596336 0.169464 
0.286357 0.360016 0.540536 0.404697 0.778068 
0.322529 0.825284 0.355528 0.515038 0.394333 
0.548856 0.283515 0.414004 0.729749 0.629962 
0.801297 0.292447 0.383802 0.665728 0.444516 
0.641092 0.400002 0.828968 0.488855 0.29072 
0.549075 0.335974 0.445917 0.467548 0.381513 
0.526531 0.743494 0.208297 0.614239 0.34629 
0.750793 0.184085 0.459112 0.538839 0.609551 
0.429591 0.559347 0.446854 0.17869 0.6478660000000001 
0.197153 0.591852 0.423527 0.734049 0.426232 
0.602008 0.718978 0.329847 0.434229 0.578472 
0.301771 0.78468 0.333663 0.572353 0.6828 
0.465462 0.465431 0.5339660000000001 0.789005 0.429948 
0.700564 0.462257 0.685856 0.520188 0.231874 
0.37806 0.696986 0.223328 0.471375 0.687051 
0.398061 0.379028 0.743082 0.350923 0.398246 
0.491131 0.337146 0.256489 0.767459 0.574603 
0.718045 0.46201 0.395929 0.44645 0.270445 
0.503204 0.234513 0.8062009999999999 0.462965 0.579357 
0.346656 0.497625 0.714666 0.439303 0.698657 
0.251708 0.523631 0.450622 0.70738 0.399941 
0.701917 0.17924 0.66665 0.473428 0.623362 
0.299646 0.423485 0.68453 0.223302 0.809984 
0.448638 0.68888 0.687624 0.253017 0.38196 
0.691607 0.519871 0.235634 0.682516 0.231788 
0.460196 0.745367 0.70807 0.255658 0.458048 
0.51149 0.767357 0.308041 0.773605 0.316389 
0.735722 0.259939 0.632709 0.442576 0.344002 
0.548165 0.653308 0.73463 0.375055 0.302071 
0.592986 0.503884 0.578171 0.328215 0.707901 
0.843325 0.310563 0.504369 0.576918 0.426877 
0.732252 0.55441 0.385762 0.699727 0.362202 
0.227462 0.5737370000000001 0.412166 0.47664 0.615241 
0.540932 0.593526 0.742688 0.407703 0.27329 
0.437635 0.8299299999999999 0.294471 0.340132 0.657884 
0.255465 0.425728 0.749821 0.577759 0.434356 
0.569472 0.30483 0.601349 0.760715 0.215145 
0.574417 0.635246 0.322805 0.236691 0.461941 
0.162953 0.718693 0.464726 0.577193 0.630561 
0.436486 0.388085 0.7864679999999999 0.306419 0.438667 
0.707085 0.478205 0.378773 0.360031 0.715551 
0.506428 0.50602 0.227247 0.826284 0.418089 
0.250764 0.327138 0.596508 0.634123 0.641818 
0.587825 0.713068 0.14901 0.450732 0.560022 
0.768463 0.524525 0.515092 0.264407 0.325808 
0.608306 0.690415 0.188068 0.671797 0.417646 
0.495734 0.53076 0.682901 0.6467889999999999 0.413306 
0.748601 0.201818 0.454819 0.58774 0.400119 
0.405845 0.470824 0.764177 0.422163 0.29664 
0.468513 0.6345229999999999 0.600284 0.59872 0.5149280000000001 
0.368058 0.542017 0.467794 0.542845 0.283411 
0.493505 0.611055 0.446704 0.793253 0.357155 
0.222397 0.472415 0.395495 0.513092 0.8159960000000001 
0.446463 0.426105 0.550857 0.627139 0.689172 
0.560847 0.854168 0.446656 0.403055 0.3836 
0.538226 0.536662 0.239493 0.297972 0.668278 
0.228063 0.770241 0.23952 0.650599 0.48423 
0.778612 0.365501 0.662932 0.230858 0.535222 
0.173567 0.7524380000000001 0.593695 0.447285 0.475198 
0.377989 0.614175 0.347321 0.290943 0.600894 
0.638244 0.486563 0.543346 0.377145 0.684181 
0.550499 0.62239 0.271317 0.755038 0.164544 
0.807081 0.455374 0.443943 0.335318 0.370664 
0.482439 0.260422 0.558764 0.472641 0.459482 
0.375025 0.702354 0.222425 0.448521 0.534187 
0.143004 0.662141 0.57268 0.566582 0.567877 
0.472985 0.739015 0.346158 0.700231 0.471567 
0.481934 0.38711 0.647834 0.576326 0.204914 
0.618377 0.17945 0.368639 0.571229 0.7005710000000001 
0.51179 0.295212 0.472593 0.83468 0.516187 
0.479958 0.368036 0.661227 0.794157 0.329438 
0.582368 0.157325 0.437537 0.653189 0.648689 
0.226021 0.367617 0.770794 0.474188 0.627356 
0.472506 0.264581 0.510498 0.672797 0.376734 
0.664697 0.565958 0.721337 0.45193 0.258344 
0.419928 0.736114 0.40139 0.75048 0.324224 
0.360158 0.463669 0.734719 0.378675 0.341185 
0.42235 0.391971 0.768344 0.381383 0.695387 
0.7215780000000001 0.6410400000000001 0.242392 0.687399 0.296989 
0.384699 0.638592 0.524257 0.335158 0.356734 
0.524935 0.726095 0.42424 0.286194 0.659015 
0.520608 0.82651 0.275948 0.577435 0.294269 
0.442635 0.707117 0.607531 0.445648 0.196113 
0.14009 0.498248 0.675839 0.413679 0.724517 
0.324005 0.751723 0.28026 0.47776 0.706885 
0.173941 0.726892 0.423091 0.667073 0.402695 
0.420156 0.216027 0.7213310000000001 0.453044 0.750354 
0.391921 0.813497 0.28482 0.578435 0.591243 
0.699515 0.526273 0.237512 0.367144 0.651828 
0.409394 0.569369 0.836512 0.411294 0.38294 
0.6414069999999999  0.201 0.644479 0.5821539999999999 0.561125 
0.573922 0.309098 0.235335 0.522542 0.773483 
0.631592 0.322474 0.60948 0.40359 0.29804 
0.447736 0.45977 0.78754 0.6212760000000001 0.272524 
0.780196 0.230996 0.639487 0.360162 0.491423 
0.622286 0.571986 0.486617 0.211189 0.408315 
0.654482 0.469108 0.773099 0.328482 0.322521 
0.491985 0.274989 0.34892 0.5546759999999999 0.794432 
0.658822 0.508609 0.734579 0.5020019999999999 0.364433 
0.34052 0.626567 0.487053 0.651783 0.255114 
0.252604 0.606608 0.262518 0.595837 0.607722 
