5
22
5.179610000000000047e-01 4.026379999999999959e-01 5.080519999999999481e-01 3.677380000000000093e-01 6.482019999999999449e-01
6.574229999999999796e-01 3.422569999999999779e-01 5.652359999999999607e-01 3.958090000000000219e-01 5.120810000000000084e-01
6.768680000000000252e-01 5.316109999999999447e-01 4.894229999999999969e-01 3.966580000000000106e-01 4.368929999999999758e-01
4.821440000000000170e-01 5.066300000000000248e-01 4.537080000000000002e-01 6.953660000000000396e-01 4.627089999999999814e-01
5.025340000000000362e-01 5.484989999999999588e-01 2.861020000000000230e-01 5.646719999999999517e-01 6.120670000000000277e-01
7.171910000000000229e-01 4.325490000000000168e-01 5.018829999999999680e-01 4.369910000000000183e-01 4.036190000000000055e-01
5.305959999999999566e-01 5.149160000000000403e-01 5.395159999999999956e-01 5.133339999999999570e-01 3.453439999999999843e-01
5.348819999999999686e-01 3.796289999999999942e-01 6.223269999999999635e-01 4.556649999999999867e-01 4.559920000000000084e-01
4.228279999999999816e-01 6.408359999999999612e-01 3.308989999999999987e-01 5.984099999999999975e-01 5.474510000000000209e-01
2.825920000000000099e-01 6.150309999999999944e-01 5.285539999999999683e-01 4.374410000000000243e-01 5.473500000000000032e-01
4.089079999999999937e-01 6.457549999999999679e-01 4.329620000000000135e-01 4.970640000000000058e-01 4.818509999999999738e-01
4.263509999999999800e-01 5.186610000000000387e-01 5.660899999999999821e-01 5.319749999999999757e-01 5.026059999999999972e-01
4.363900000000000001e-01 4.193609999999999838e-01 6.210820000000000229e-01 5.955169999999999630e-01 4.420629999999999837e-01
3.503410000000000135e-01 7.080940000000000012e-01 5.090940000000000465e-01 4.416510000000000158e-01 5.623179999999999845e-01
4.694940000000000224e-01 4.791920000000000068e-01 4.986360000000000237e-01 6.361350000000000060e-01 3.763119999999999798e-01
3.316919999999999868e-01 6.054380000000000317e-01 4.911499999999999755e-01 3.629740000000000189e-01 5.941319999999999935e-01
5.588670000000000027e-01 4.029769999999999741e-01 4.426829999999999932e-01 4.040329999999999755e-01 6.307099999999999929e-01
3.901660000000000128e-01 5.984810000000000407e-01 5.674449999999999772e-01 4.457940000000000236e-01 5.429030000000000244e-01
5.516210000000000280e-01 3.938389999999999946e-01 5.282750000000000501e-01 3.615450000000000053e-01 5.923599999999999977e-01
4.772989999999999733e-01 2.840199999999999947e-01 6.361080000000000068e-01 4.656799999999999828e-01 6.191529999999999534e-01
5.597969999999999891e-01 5.338279999999999692e-01 4.373090000000000033e-01 4.173769999999999980e-01 6.434779999999999944e-01
4.448840000000000017e-01 6.031659999999999799e-01 2.414350000000000107e-01 5.761239999999999695e-01 5.903389999999999471e-01
