5
522
0.341132 0.321661 0.044833 0.834782 0.703027 
0.512109 0.900168 0.034347 0.624559 0.347614 
0.596471 0.175916 0.948455 0.386688 0.721708 
0.453183 0.452902 0.014269 0.808523 0.730066 
0.053641 0.311097 0.539412 0.717553 0.684254 
0.978472 0.072702 0.669004 0.547386 0.224765 
0.402841 0.176321 0.564828 0.959277 0.299312 
0.826684 0.405139 0.483021 0.393158 0.833752 
0.063904 0.872698 0.392847 0.937019 0.123702 
0.80333 0.465365 0.857541 0.55326 0.141891 
0.484385 0.451684 0.372384 0.083456 0.857434 
0.06611300000000001 0.660389 0.149803 0.855057 0.397985 
0.46879 0.070489 0.364955 0.797915 0.8677510000000001 
0.818168 0.771344 0.560903 0.388955 0.318724 
0.020786 0.686903 0.772333 0.718548 0.408308 
0.094152 0.50926 0.758638 0.345073 0.918776 
0.461186 0.639218 0.79543 0.048106 0.316127 
0.121404 0.764193 0.203612 0.42916 0.8878779999999999 
0.276859 0.95974 0.46479 0.765498 0.317805 
0.578986 0.814113 0.661759 0.485181 0.415543 
0.704296 0.715318 0.665027 0.425483 0.010441 
0.6143729999999999 0.465543 0.264311 0.812151 0.06612999999999999 
0.141132 0.182566 0.541026 0.744244 0.852395 
0.029648 0.908694 0.718923 0.504856 0.462794 
0.052836 0.595103 0.316346 0.9628679999999999 0.376084 
0.410579 0.063276 0.299019 0.808858 0.657483 
0.384062 0.915113 0.486925 0.168509 0.184329 
0.1455 0.247672 0.3908 0.886479 0.46929 
0.437743 0.981614 0.417932 0.58228 0.207905 
0.265359 0.4713 0.338627 0.315962 0.60251 
0.941518 0.217774 0.427334 0.155427 0.693198 
0.046746 0.767391 0.706061 0.216977 0.5462590000000001 
0.334689 0.904783 0.274022 0.633217 0.7170840000000001 
0.474385 0.136247 0.27094 0.449476 0.911926 
0.820145 0.5738529999999999 0.756391 0.44216 0.300729 
0.73792 0.334926 0.902446 0.586125 0.179528 
0.293549 0.797153 0.201459 0.936738 0.242609 
0.434218 0.394734 0.923249 0.498254 0.089194 
0.948478 0.61856 0.47372 0.43903 0.07613300000000001 
0.383959 0.135882 0.300224 0.465017 0.777296 
0.19503 0.7768080000000001 0.061861 0.7974869999999999 0.423381 
0.705874 0.278246 0.867746 0.705466 0.186776 
0.88742 0.293656 0.156255 0.614435 0.278586 
0.709887 0.656068 0.520549 0.851226 0.179244 
0.414041 0.178463 0.618154 0.520622 0.972268 
0.975903 0.333435 0.672997 0.306413 0.528523 
0.576982 0.337691 0.737595 0.881688 0.059826 
0.40846 0.980702 0.247979 0.458141 0.350906 
0.375593 0.5419119999999999 0.97938 0.184531 0.258016 
0.420543 0.7420600000000001 0.393347 0.178401 0.968813 
0.17545 0.185682 0.86838 0.519018 0.48507 
0.319533 0.691415 0.81832 0.079926 0.7584610000000001 
0.320673 0.982737 0.47081 0.029585 0.72506 
0.496677 0.567819 0.138869 0.272174 0.970681 
0.508491 0.622691 0.608277 0.048838 0.948661 
0.379215 0.237412 0.617912 0.599746 0.97592 
0.416498 0.088015 0.9696630000000001 0.235452 0.6917759999999999 
0.614565 0.081923 0.429737 0.176562 0.877893 
0.9462970000000001 0.54106 0.587788 0.381446 0.243771 
0.601386 0.273662 0.379075 0.937671 0.5456490000000001 
0.650962 0.416617 0.117096 0.937279 0.603117 
0.306897 0.599309 0.166655 0.37152 0.990924 
0.092655 0.728555 0.209791 0.7717889999999999 0.852267 
0.618201 0.163666 0.674682 0.422199 0.90716 
0.76713 0.527621 0.793144 0.44778 0.038256 
0.727732 0.729088 0.209956 0.875457 0.105821 
0.807291 0.005631 0.437734 0.276257 0.851749 
0.47225 0.850732 0.293626 0.045756 0.616414 
0.015543 0.456115 0.497929 0.642383 0.592004 
0.584722 0.893155 0.446106 0.147646 0.71755 
0.488441 0.100543 0.7765609999999999 0.336094 0.95813 
0.862729 0.059293 0.224297 0.618143 0.752705 
0.802383 0.486785 0.066541 0.433435 0.883386 
0.856521 0.896487 0.168139 0.426512 0.312583 
0.133062 0.684602 0.688916 0.124113 0.805243 
0.199432 0.989767 0.425248 0.389336 0.372451 
0.412925 0.642058 0.173136 0.335426 0.459799 
0.133403 0.831573 0.174729 0.668247 0.797864 
0.775649 0.84514 0.07745299999999999 0.391829 0.641178 
0.7333809999999999 0.574268 0.32463 0.628203 0.729572 
0.220462 0.597423 0.903235 0.707452 0.082091 
0.388721 0.650496 0.427108 0.972916 0.179336 
0.882359 0.356564 0.615774 0.232522 0.218522 
0.610971 0.122911 0.444001 0.807301 0.183357 
0.430589 0.069328 0.707395 0.83003 0.358733 
0.468986 0.411022 0.233098 0.842045 0.783751 
0.422379 0.259231 0.923484 0.729038 0.5086000000000001 
0.82534 0.605738 0.365572 0.255097 0.149109 
0.401006 0.8514350000000001 0.725575 0.128552 0.267402 
0.242543 0.72073 0.590077 0.566141 0.045195 
0.252868 0.105507 0.873902 0.193528 0.914903 
0.654827 0.404946 0.146017 0.975997 0.113432 
0.6380980000000001 0.453809 0.922264 0.105114 0.311005 
0.279962 0.327147 0.8850789999999999 0.371743 0.905415 
0.171984 0.966795 0.151838 0.584629 0.574218 
0.414619 0.768142 0.54213 0.154714 0.167722 
0.153488 0.97481 0.595211 0.148961 0.535242 
0.104744 0.902386 0.497142 0.165931 0.505431 
0.621489 0.172157 0.4201 0.417654 0.382119 
0.141007 0.730806 0.338649 0.7106710000000001 0.214476 
0.77538 0.07836899999999999 0.524564 0.884379 0.417984 
0.220684 0.728884 0.07474699999999999 0.8414970000000001 0.52458 
0.560712 0.149189 0.692226 0.246801 0.458984 
0.8990010000000001 0.099194 0.622725 0.344064 0.287079 
0.326218 0.500039 0.831873 0.094096 0.8882679999999999 
0.211317 0.232377 0.674973 0.884371 0.786808 
0.955615 0.10421 0.370405 0.710942 0.304485 
0.09128799999999999 0.913564 0.163145 0.745018 0.5853739999999999 
0.612751 0.250116 0.919315 0.448013 0.6856640000000001 
0.563511 0.134813 0.761842 0.729721 0.118556 
0.830924 0.407582 0.704336 0.180203 0.740556 
0.755919 0.563932 0.018465 0.455288 0.376462 
0.07029100000000001 0.482168 0.727721 0.208967 0.813647 
0.872297 0.405571 0.813376 0.421772 0.470517 
0.913367 0.035704 0.702438 0.664815 0.278989 
0.801928 0.236897 0.722442 0.752766 0.462428 
0.5418539999999999 0.992417 0.330286 0.416785 0.242572 
0.266134 0.461987 0.988703 0.54765 0.391243 
0.037344 0.604622 0.241964 0.941335 0.690674 
0.246622 0.839965 0.688814 0.280625 0.80953 
0.273478 0.12866 0.649501 0.855509 0.538257 
0.412781 0.211692 0.581747 0.969674 0.385999 
0.727785 0.8836349999999999 0.146685 0.613776 0.268269 
0.609773 0.398484 0.332304 0.756993 0.062207 
0.045718 0.826144 0.412236 0.905205 0.18901 
0.662626 0.327477 0.924106 0.67854 0.056177 
0.658123 0.692375 0.62691 0.595669 0.459394 
0.09285499999999999 0.820425 0.78918 0.346685 0.704726 
0.600396 0.198118 0.8911210000000001 0.048544 0.696634 
0.829093 0.496669 0.033434 0.712524 0.286326 
0.575137 0.916096 0.362068 0.096584 0.74694 
0.179716 0.415174 0.387547 0.499221 0.973114 
0.952001 0.296601 0.120688 0.5291130000000001 0.689708 
0.245608 0.386195 0.291982 0.34637 0.927926 
0.184105 0.6884400000000001 0.978809 0.245879 0.340326 
0.481923 0.172546 0.92864 0.53511 0.7591020000000001 
0.511041 0.335042 0.375259 0.166723 0.979359 
0.73931 0.842391 0.474298 0.584045 0.059398 
0.894942 0.292291 0.775102 0.706167 0.035845 
0.317524 0.292902 0.928113 0.6173070000000001 0.678047 
0.767744 0.662012 0.028604 0.848231 0.438173 
0.22193 0.966319 0.215549 0.405369 0.489263 
0.611039 0.5872889999999999 0.15355 0.8393969999999999 0.063068 
0.022394 0.885937 0.723046 0.50304 0.570581 
0.708684 0.603201 0.788709 0.300581 0.552681 
0.524676 0.856195 0.524624 0.7385659999999999 0.040443 
0.112641 0.938019 0.705411 0.312196 0.381628 
0.105728 0.474429 0.296933 0.725238 0.933504 
0.275633 0.480307 0.735568 0.907689 0.206293 
0.179242 0.475125 0.71656 0.094253 0.845476 
0.137587 0.509687 0.979985 0.406948 0.684573 
0.484405 0.23162 0.508866 0.435536 0.340151 
0.211253 0.7932169999999999 0.750602 0.481959 0.111934 
0.028469 0.603186 0.661293 0.730835 0.372013 
0.35588 0.509579 0.984059 0.400516 0.445535 
0.560289 0.905946 0.169813 0.614794 0.173073 
0.598924 0.036785 0.428916 0.39218 0.794693 
0.306396 0.469568 0.227948 0.465944 0.517002 
0.245073 0.547613 0.333894 0.583375 0.977256 
0.037552 0.790672 0.737308 0.322046 0.425326 
0.816476 0.48135 0.6201449999999999 0.10455 0.294041 
0.142783 0.454988 0.908559 0.7814140000000001 0.372676 
0.087669 0.9092710000000001 0.459148 0.253063 0.482082 
0.611277 0.845593 0.285619 0.26264 0.8648130000000001 
0.931173 0.448332 0.312853 0.108951 0.801051 
0.555346 0.881424 0.6529239999999999 0.366978 0.060073 
0.766311 0.691574 0.622533 0.255209 0.57802 
0.8102 0.077097 0.460797 0.570554 0.790666 
0.457555 0.970587 0.364876 0.652753 0.07578 
0.515494 0.373532 0.232816 0.183874 0.879208 
0.8445 0.785309 0.505723 0.185033 0.312099 
0.558635 0.147971 0.342246 0.849129 0.758725 
0.326131 0.884013 0.448585 0.879775 0.129226 
0.913371 0.585274 0.03084 0.487402 0.598317 
0.288408 0.335084 0.852928 0.921364 0.429426 
0.177547 0.740067 0.251821 0.373327 0.96753 
0.175023 0.852375 0.110665 0.6784480000000001 0.325499 
0.349212 0.856333 0.29482 0.271493 0.944844 
0.813003 0.117864 0.92418 0.422073 0.415404 
0.364647 0.140319 0.620014 0.360854 0.543184 
0.856356 0.281647 0.220292 0.930099 0.340526 
0.3521 0.463198 0.204361 0.232792 0.932317 
0.151226 0.68494 0.845034 0.654801 0.451825 
0.609081 0.941956 0.498502 0.074587 0.576225 
0.171127 0.86328 0.271264 0.208884 0.618978 
0.823852 0.837371 0.465498 0.143644 0.359078 
0.220516 0.16331 0.408558 0.938589 0.684824 
0.841787 0.449217 0.444097 0.091753 0.476804 
0.322406 0.76312 0.508746 0.636035 0.032758 
0.385696 0.849151 0.221006 0.843116 0.09012000000000001 
0.960537 0.428277 0.222725 0.570695 0.5701349999999999 
0.68724 0.454313 0.898016 0.456862 0.377639 
0.404656 0.957295 0.569338 0.134743 0.361349 
0.533732 0.097487 0.94187 0.239427 0.822582 
0.647641 0.083777 0.456145 0.766702 0.713066 
0.125315 0.78928 0.561539 0.295586 0.333546 
0.965984 0.144601 0.715822 0.233125 0.661249 
0.617799 0.338523 0.589257 0.506575 0.908473 
0.162095 0.204907 0.771367 0.345802 0.546916 
0.427165 0.497551 0.124942 0.9534859999999999 0.463877 
0.785806 0.056143 0.398983 0.876799 0.475166 
0.933913 0.097028 0.304339 0.686537 0.33025 
0.322828 0.756199 0.797096 0.088169 0.30803 
0.14625 0.290641 0.364797 0.864852 0.782043 
0.240356 0.81246 0.016614 0.63586 0.578307 
0.830053 0.306166 0.371855 0.275759 0.915874 
0.374718 0.6573020000000001 0.845471 0.046187 0.509671 
0.381927 0.930369 0.415378 0.073072 0.457659 
0.106262 0.41179 0.846248 0.435363 0.328555 
0.778793 0.361025 0.611652 0.06487999999999999 0.779068 
0.870054 0.359586 0.14996 0.646412 0.206998 
0.03509 0.654652 0.653657 0.791859 0.386974 
0.17476 0.218627 0.922078 0.542633 0.830501 
0.659929 0.267896 0.727337 0.05052 0.645868 
0.855371 0.249109 0.522106 0.466377 0.808084 
 0.482 0.72159 0.088395 0.712815 0.218176 
0.263572 0.706429 0.204882 0.182024 0.8548559999999999 
0.902471 0.174085 0.540696 0.344671 0.830165 
0.865186 0.189553 0.507576 0.92087 0.048404 
0.554385 0.185934 0.350283 0.215563 0.975262 
0.678036 0.917229 0.409904 0.068809 0.242185 
0.890648 0.37889 0.7478089999999999 0.405347 0.09779400000000001 
0.666656 0.012809 0.773034 0.604061 0.585489 
0.886887 0.068768 0.556372 0.719516 0.435029 
0.32333 0.763887 0.289367 0.792195 0.089111 
0.465232 0.868829 0.221507 0.07514 0.944321 
0.918238 0.026517 0.365707 0.464651 0.573546 
0.226787 0.29601 0.762527 0.742815 0.7804759999999999 
0.6084310000000001 0.298116 0.466265 0.239969 0.9765200000000001 
0.831862 0.263886 0.637523 0.371424 0.7731170000000001 
0.721622 0.546729 0.154254 0.949582 0.203471 
0.273967 0.058754 0.65046 0.551022 0.833407 
0.6331870000000001 0.784689 0.697881 0.069684 0.443999 
0.837306 0.025743 0.559101 0.676921 0.50105 
0.211539 0.341533 0.545683 0.96028 0.336057 
0.559229 0.371966 0.9787979999999999 0.280591 0.319009 
0.058718 0.734188 0.464975 0.602225 0.91531 
0.259091 0.808096 0.09248199999999999 0.899712 0.241334 
0.175017 0.946764 0.340025 0.256924 0.758528 
0.408749 0.758456 0.923736 0.178173 0.52844 
0.615119 0.615193 0.113728 0.567486 0.86903 
0.780048 0.091937 0.715038 0.276586 0.791782 
0.8429219999999999 0.453152 0.125389 0.308551 0.909703 
0.392033 0.520322 0.278241 0.5613669999999999 0.993023 
0.331092 0.302718 0.6774019999999999 0.951639 0.31148 
0.196125 0.637124 0.651142 0.128215 0.947989 
0.151859 0.898006 0.1041 0.805167 0.31441 
0.7506 0.88343 0.43426 0.298616 0.163821 
0.044607 0.581628 0.699487 0.255074 0.517145 
0.354594 0.111833 0.703552 0.528922 0.452808 
0.64377 0.118052 0.708463 0.26543 0.874467 
0.5858370000000001 0.127005 0.917191 0.514786 0.163326 
0.452409 0.894134 0.132623 0.887361 0.137087 
0.085449 0.263898 0.620337 0.685402 0.628964 
0.738932 0.050594 0.339802 0.520046 0.866195 
0.670448 0.398058 0.943647 0.338489 0.356551 
0.560026 0.813111 0.197238 0.282276 0.915167 
0.698551 0.301275 0.54633 0.095177 0.566107 
0.385697 0.5733009999999999 0.617612 0.938084 0.170537 
0.119176 0.381774 0.779134 0.190891 0.94931 
0.51923 0.904749 0.190518 0.58124 0.636139 
0.136644 0.526776 0.199828 0.946729 0.582812 
0.639714 0.088242 0.833731 0.279191 0.372745 
0.861692 0.666286 0.405109 0.20549 0.6819809999999999 
0.598369 0.678963 0.458546 0.440192 0.813222 
0.8127760000000001 0.122907 0.474659 0.226039 0.850641 
0.078653 0.504267 0.60163 0.261894 0.970453 
0.728416 0.534679 0.35735 0.053243 0.5710150000000001 
0.8491880000000001 0.618852 0.131251 0.7245200000000001 0.065885 
0.940681 0.715728 0.331231 0.389526 0.187535 
0.266546 0.915944 0.306538 0.229532 0.90108 
0.105586 0.539431 0.517188 0.969469 0.546422 
0.306965 0.936537 0.09697 0.565891 0.826142 
0.476905 0.055732 0.818794 0.384693 0.5804 
0.963735 0.469794 0.215918 0.566234 0.40517 
0.881676 0.41368 0.019944 0.781128 0.369767 
0.123836 0.53787 0.235369 0.553586 0.868888 
0.671477 0.221698 0.209257 0.911673 0.369992 
0.053832 0.382878 0.935686 0.463102 0.726806 
0.545833 0.426279 0.8276250000000001 0.791368 0.078697 
0.729867 0.017922 0.365088 0.505078 0.808306 
0.163369 0.403146 0.615789 0.797276 0.121607 
0.468263 0.976911 0.457252 0.283854 0.421699 
0.030425 0.832369 0.493462 0.7330680000000001 0.430166 
0.366199 0.772892 0.159402 0.745509 0.134915 
0.12372 0.613781 0.9623699999999999 0.218767 0.670446 
0.814801 0.775247 0.616646 0.246453 0.307151 
0.253926 0.6564 0.055958 0.489687 0.927382 
0.240243 0.811639 0.7772289999999999 0.400867 0.127022 
0.96958 0.258863 0.438187 0.776627 0.275808 
0.5896169999999999 0.963465 0.3528 0.240811 0.643668 
0.955888 0.404904 0.377319 0.136391 0.731962 
0.61437 0.676221 0.012477 0.521258 0.724438 
0.651526 0.028806 0.5444 0.531478 0.379855 
0.707373 0.513615 0.667394 0.076215 0.338652 
0.58218 0.793415 0.613879 0.04702 0.725445 
0.238794 0.635521 0.110093 0.850732 0.711362 
0.53914 0.882429 0.6150949999999999 0.632877 0.026779 
0.700411 0.49871 0.143343 0.620889 0.798515 
0.836311 0.484986 0.13131 0.149819 0.82261 
0.096495 0.617584 0.207281 0.698588 0.8686700000000001 
0.389788 0.403651 0.242418 0.976143 0.327929 
0.914402 0.324404 0.806351 0.631067 0.330211 
0.491017 0.102868 0.287555 0.905369 0.56569 
0.364132 0.228843 0.969438 0.470795 0.453342 
0.739362 0.835372 0.131514 0.365056 0.266818 
0.727108 0.261131 0.5283600000000001 0.553972 0.075504 
0.224558 0.212429 0.735924 0.195652 0.936754 
0.311749 0.730367 0.479251 0.857466 0.478147 
0.361639 0.598768 0.480788 0.014317 0.790096 
0.509284 0.493466 0.814228 0.84396 0.18231 
0.499473 0.9611960000000001 0.067402 0.34392 0.422328 
0.587436 0.6778459999999999 0.375819 0.903359 0.300013 
0.903715 0.809727 0.066515 0.659789 0.31644 
0.345571 0.564145 0.65855 0.035639 0.884006 
0.322062 0.6845 0.622113 0.92043 0.283888 
0.507705 0.396932 0.462453 0.149145 0.56526 
0.95186 0.55238 0.414848 0.177584 0.412742 
0.779282 0.656935 0.703221 0.290355 0.515469 
0.890469 0.418448 0.078748 0.845159 0.211149 
0.033016 0.888916 0.5129089999999999 0.791113 0.413785 
0.804028 0.343218 0.7455850000000001 0.025099 0.698609 
0.657336 0.14566 0.535076 0.518485 0.197464 
0.871035 0.26928 0.738914 0.766443 0.333771 
0.71977 0.310085 0.455413 0.868303 0.56342 
0.76513 0.334017 0.381368 0.565066 0.107143 
0.939056 0.595035 0.09391099999999999 0.245641 0.687867 
0.408687 0.417664 0.376683 0.168693 0.979957 
0.89905 0.770526 0.307737 0.126445 0.58056 
0.677059 0.900599 0.051536 0.531729 0.546818 
0.9481810000000001 0.19569 0.638311 0.239862 0.712019 
0.764289 0.349117 0.055484 0.562371 0.757943 
0.820746 0.592347 0.175352 0.318767 0.284062 
0.023968 0.872274 0.7431680000000001 0.324802 0.731762 
0.465062 0.908604 0.376599 0.766782 0.253747 
0.698631 0.031504 0.802904 0.5711619999999999 0.694734 
0.801262 0.498414 0.181578 0.820343 0.06202 
0.13375 0.912423 0.11645 0.8641259999999999 0.633833 
0.5952769999999999 0.343796 0.960057 0.066674 0.5695519999999999 
0.638802 0.11028 0.635329 0.069981 0.837595 
0.977836 0.309057 0.307523 0.326577 0.775042 
0.06426 0.359022 0.484701 0.893698 0.732337 
0.714616 0.226526 0.131679 0.802973 0.244912 
0.280543 0.616515 0.9491810000000001 0.142098 0.700568 
0.609053 0.935521 0.121614 0.286792 0.820828 
0.908087 0.187096 0.825356 0.577886 0.17457 
0.7702639999999999 0.059267 0.686023 0.168002 0.558378 
0.917875 0.175261 0.580805 0.887653 0.06625300000000001 
0.713435 0.431053 0.896244 0.511843 0.067111 
0.216864 0.890257 0.5465100000000001 0.405035 0.13299 
0.472108 0.77461 0.509529 0.071231 0.921724 
0.728477 0.653003 0.572116 0.780466 0.07856100000000001 
0.565253 0.203743 0.730233 0.9023369999999999 0.324676 
0.983348 0.536156 0.403113 0.514613 0.254578 
0.870983 0.316303 0.17231 0.310439 0.7120840000000001 
0.842993 0.100542 0.595024 0.668828 0.177173 
0.629744 0.872205 0.315426 0.367214 0.043468 
0.899293 0.314899 0.1827 0.888489 0.27652 
0.075297 0.938407 0.362747 0.676915 0.782301 
0.426039 0.759791 0.420666 0.050304 0.959749 
0.275628 0.164211 0.237985 0.921189 0.8676160000000001 
0.406056 0.06872300000000001 0.542121 0.9490690000000001 0.502996 
0.324718 0.932463 0.45657 0.054646 0.854094 
0.18503 0.70536 0.790212 0.455819 0.126347 
0.363599 0.644313 0.206578 0.212362 0.960863 
 0.371 0.320792 0.806576 0.427703 0.193597 
0.324925 0.945759 0.255273 0.717772 0.55393 
0.134509 0.525054 0.901344 0.540007 0.249561 
0.420487 0.478411 0.697952 0.032569 0.925242 
0.050552 0.634776 0.369116 0.523702 0.459969 
0.685661 0.453219 0.264727 0.968684 0.31006 
0.719774 0.480563 0.727658 0.747668 0.009448 
0.770043 0.809092 0.405866 0.059963 0.436242 
0.327912 0.861459 0.852256 0.40858 0.078124 
0.686995 0.139032 0.932167 0.381753 0.0863 
0.747179 0.887949 0.214543 0.276487 0.270506 
0.795204 0.190117 0.798739 0.580821 0.044968 
0.03887 0.6536149999999999 0.298927 0.680704 0.919731 
0.687559 0.554727 0.387267 0.768198 0.009776999999999999 
0.747192 0.20987 0.784339 0.197216 0.31907 
0.95714 0.612489 0.093386 0.52324 0.352675 
0.590388 0.16997 0.531362 0.811293 0.116561 
0.109373 0.494007 0.593384 0.593406 0.964893 
0.669341 0.608161 0.428698 0.015915 0.69441 
0.266312 0.571539 0.955142 0.117546 0.505182 
0.703843 0.630111 0.309928 0.048799 0.877284 
0.828674 0.090702 0.231213 0.515507 0.539054 
0.418973 0.187029 0.703604 0.935809 0.174273 
0.07613499999999999 0.419483 0.531401 0.804929 0.3388 
0.430093 0.894176 0.510261 0.157423 0.140269 
0.861197 0.242221 0.222088 0.644562 0.190646 
0.369175 0.747374 0.048572 0.911525 0.29659 
0.01141 0.585145 0.752475 0.7522990000000001 0.573665 
0.45867 0.37746 0.70883 0.62574 0.060641 
0.434034 0.897883 0.638225 0.28816 0.60429 
0.586781 0.030715 0.7571909999999999 0.861416 0.301455 
0.5658879999999999 0.8209340000000001 0.308314 0.898624 0.209349 
 0.222 0.683962 0.7693719999999999 0.189745 0.309454 
0.973849 0.419488 0.685537 0.261418 0.241419 
0.955261 0.145189 0.808428 0.264245 0.389709 
0.673696 0.158978 0.547441 0.966513 0.322776 
0.330438 0.600472 0.025928 0.756275 0.725301 
0.407749 0.883369 0.253614 0.860456 0.329012 
0.485452 0.165891 0.5714 0.126458 0.759396 
0.433591 0.249839 0.499338 0.953676 0.221756 
0.725104 0.183013 0.459327 0.120778 0.707894 
0.131851 0.340359 0.709039 0.255565 0.801291 
0.235926 0.231761 0.331011 0.595568 0.510508 
0.868147 0.117329 0.563102 0.442384 0.752342 
0.408076 0.597367 0.302585 0.705846 0.8478520000000001 
0.249766 0.209344 0.980078 0.388818 0.611969 
0.775154 0.504246 0.938933 0.11028 0.394616 
0.13969 0.489882 0.941256 0.049256 0.63022 
0.054245 0.771895 0.293708 0.717297 0.646571 
0.350474 0.793975 0.312563 0.049477 0.7055709999999999 
0.607897 0.754624 0.366181 0.661206 0.559057 
0.854318 0.428798 0.748003 0.032997 0.678773 
0.172321 0.817795 0.731091 0.115825 0.922008 
0.456949 0.900518 0.05835 0.233907 0.760452 
0.943265 0.152933 0.6296890000000001 0.221812 0.377411 
0.881562 0.22174 0.345287 0.30784 0.469644 
0.70258 0.023503 0.794447 0.592851 0.6864130000000001 
0.543044 0.377069 0.582669 0.789403 0.6914090000000001 
0.604382 0.478144 0.043964 0.429586 0.962069 
0.137606 0.9865080000000001 0.6595760000000001 0.186284 0.7102000000000001 
0.219814 0.9084719999999999 0.14497 0.868197 0.283512 
0.111274 0.836382 0.6389280000000001 0.428964 0.908371 
0.531261 0.061945 0.9297 0.211792 0.530489 
0.880521 0.647743 0.216508 0.147046 0.428782 
0.919125 0.678947 0.171428 0.701191 0.261312 
0.5456 0.611978 0.093557 0.845442 0.623503 
0.883036 0.5401359999999999 0.436768 0.142167 0.22827 
0.798056 0.229193 0.560424 0.085076 0.647421 
0.338434 0.939446 0.245199 0.7991200000000001 0.26331 
0.325243 0.529263 0.89777 0.652356 0.576284 
0.542901 0.593531 0.13867 0.488194 0.324641 
0.902201 0.334098 0.136574 0.564833 0.373771 
0.513265 0.5718760000000001 0.184506 0.538378 0.28067 
0.588215 0.326735 0.976063 0.25754 0.390903 
0.200476 0.632413 0.132309 0.689044 0.36522 
0.687608 0.570759 0.975737 0.154902 0.135622 
0.8501840000000001 0.565967 0.718023 0.108162 0.177398 
0.102275 0.91448 0.162263 0.5004420000000001 0.68989 
0.945248 0.434614 0.294178 0.422364 0.275419 
0.029704 0.595401 0.33388 0.68852 0.634807 
0.892692 0.67858 0.330605 0.093454 0.539161 
0.062662 0.49475 0.743335 0.815329 0.607388 
0.940228 0.519282 0.253215 0.14684 0.793344 
0.21538 0.829466 0.313327 0.933932 0.086011 
0.185149 0.860937 0.56002 0.826415 0.110809 
0.836005 0.133504 0.351707 0.392636 0.906025 
0.050718 0.324486 0.936883 0.439996 0.525948 
0.517969 0.598325 0.369729 0.493895 0.910871 
0.978928 0.323968 0.440095 0.239148 0.677406 
0.4659 0.147267 0.412668 0.414872 0.960049 
0.741156 0.021073 0.603182 0.424721 0.458993 
0.206736 0.847213 0.902233 0.119977 0.540957 
0.720526 0.465568 0.376221 0.976931 0.113488 
0.8237 0.023225 0.9215989999999999 0.467538 0.293646 
0.094607 0.822733 0.351821 0.758534 0.172146 
0.804112 0.247801 0.942848 0.330703 0.31028 
0.743905 0.935183 0.179504 0.350848 0.29157 
0.08548799999999999 0.807242 0.582422 0.559694 0.226127 
0.779051 0.091445 0.31407 0.66788 0.288868 
0.240192 0.169955 0.409147 0.696092 0.622358 
0.617974 0.053055 0.578927 0.320126 0.913505 
0.157104 0.778744 0.457988 0.21959 0.860282 
0.191875 0.533727 0.921857 0.37998 0.75959 
0.711141 0.074805 0.5540119999999999 0.518434 0.847523 
0.263923 0.278284 0.95017 0.045032 0.79322 
0.347037 0.921941 0.286003 0.8959859999999999 0.178794 
0.29092 0.232494 0.977536 0.391536 0.621112 
0.456497 0.157023 0.406183 0.564144 0.988911 
0.461006 0.07553700000000001 0.843745 0.629454 0.208269 
0.536003 0.707406 0.38075 0.882029 0.059168 
0.449859 0.972902 0.572872 0.40533 0.04987 
0.785698 0.387303 0.376805 0.7327090000000001 0.043801 
0.868615 0.421473 0.851894 0.374162 0.412102 
0.640971 0.030383 0.456812 0.611016 0.355163 
0.58539 0.454656 0.797056 0.152029 0.122466 
 0.077 0.552841 0.649249 0.175021 0.839045 
0.434173 0.747773 0.879251 0.453579 0.37708 
0.403556 0.496183 0.104493 0.746509 0.886093 
0.766903 0.321395 0.896823 0.101105 0.509235 
0.537164 0.395405 0.602839 0.978237 0.244292 
0.783711 0.185243 0.896461 0.220728 0.392732 
0.110838 0.218536 0.556396 0.62973 0.712346 
0.465027 0.741947 0.451125 0.045246 0.974168 
0.442484 0.507393 0.119092 0.302531 0.83157 
0.440125 0.967204 0.16766 0.363065 0.856949 
0.081011 0.806465 0.474778 0.533467 0.940178 
0.744919 0.63756 0.017558 0.550105 0.714168 
0.140269 0.9671149999999999 0.43827 0.477835 0.461507 
0.543454 0.488633 0.123869 0.965098 0.461191 
0.9353129999999999 0.198445 0.699943 0.613216 0.049757 
0.3985 0.445385 0.869135 0.8477 0.240865 
0.610479 0.56696 0.879535 0.079054 0.581901 
0.880174 0.115184 0.168887 0.586885 0.578833 
0.535781 0.867673 0.115547 0.862042 0.178094 
0.482346 0.471061 0.635598 0.40807 0.110842 
0.816917 0.721589 0.21222 0.08291 0.564626 
0.621727 0.5019439999999999 0.73715 0.471391 0.007065 
0.243916 0.380828 0.937073 0.046801 0.792928 
0.235363 0.487756 0.402376 0.197342 0.967683 
0.38039 0.736802 0.913203 0.405498 0.419701 
0.880962 0.473951 0.637504 0.372989 0.042702 
0.619321 0.814798 0.198616 0.121331 0.544839 
0.720646 0.573535 0.312721 0.957088 0.206938 
0.860305 0.166366 0.107889 0.698559 0.683544 
0.35807 0.273742 0.767715 0.752139 0.083958 
0.21547 0.395841 0.684441 0.9408530000000001 0.209062 
0.8541260000000001 0.032727 0.919745 0.401937 0.29471 
0.785578 0.590041 0.198839 0.091145 0.639087 
0.5612549999999999 0.875163 0.605482 0.711808 0.139272 
0.5481009999999999 0.468845 0.040297 0.481596 0.573492 
0.382393 0.197302 0.763939 0.073696 0.869711 
0.963309 0.445628 0.5846209999999999 0.31025 0.606448 
0.777366 0.685567 0.044543 0.139752 0.6859730000000001 
0.313731 0.5491819999999999 0.7898269999999999 0.854784 0.062491 
0.537106 0.5065269999999999 0.608936 0.045807 0.948215 
0.170328 0.6547809999999999 0.551547 0.213576 0.431587 
0.650273 0.167912 0.306094 0.699003 0.810204 
