5
845
0.68476 0.322845 0.814176 0.146286 0.118245 
0.100855 0.980801 0.517095 0.508528 0.372831 
0.851478 0.538314 0.878324 0.07954 0.453455 
0.661764 0.986693 0.43996 0.463853 0.09447999999999999 
0.381212 0.415484 0.053937 0.882669 0.780867 
0.859232 0.587982 0.07882 0.753732 0.033252 
0.966307 0.5948830000000001 0.158064 0.209984 0.617977 
0.306636 0.672385 0.581757 0.903998 0.464124 
0.425125 0.697613 0.363468 0.06289500000000001 0.9550380000000001 
0.142224 0.216748 0.873989 0.545629 0.886375 
0.81838 0.81243 0.391597 0.245481 0.626363 
0.310865 0.913143 0.363791 0.964286 0.088325 
0.198451 0.087857 0.750628 0.822072 0.771575 
0.143212 0.987455 0.565789 0.599482 0.202646 
0.149247 0.72745 0.014851 0.652006 0.761543 
0.958168 0.227552 0.344578 0.641361 0.657748 
0.224821 0.227197 0.826032 0.847731 0.210045 
0.300069 0.328976 0.937966 0.889373 0.174322 
0.844983 0.791256 0.338558 0.049628 0.517826 
0.414852 0.971566 0.472856 0.642308 0.06292399999999999 
0.329614 0.466963 0.602141 0.810218 0.744471 
0.023922 0.517603 0.504684 0.9006960000000001 0.69883 
0.131328 0.367392 0.971996 0.589677 0.5597569999999999 
0.371311 0.16307 0.780559 0.024836 0.880593 
0.040641 0.306668 0.445039 0.731272 0.913821 
0.144189 0.822983 0.864225 0.128974 0.763084 
0.647444 0.66316 0.421182 0.906009 0.394229 
0.188123 0.685839 0.048907 0.617047 0.850554 
0.81733 0.067514 0.771214 0.079125 0.717087 
0.039873 0.639787 0.783919 0.163556 0.588518 
0.160909 0.619059 0.827933 0.018884 0.701705 
0.907185 0.029645 0.582264 0.913139 0.026606 
0.926227 0.29684 0.201677 0.817199 0.059586 
0.325307 0.059314 0.5678879999999999 0.341812 0.888695 
0.06991 0.506943 0.909623 0.569208 0.232721 
0.164988 0.588903 0.237516 0.7220299999999999 0.927087 
0.152293 0.732522 0.042891 0.826479 0.510115 
0.078141 0.695197 0.07499599999999999 0.892414 0.572936 
0.27881 0.413204 0.986302 0.5602240000000001 0.347788 
0.676944 0.322326 0.950095 0.646077 0.06525300000000001 
0.343687 0.737716 0.089125 0.31832 0.963039 
0.457439 0.057637 0.8401459999999999 0.439549 0.8373699999999999 
0.975326 0.142475 0.6587769999999999 0.256779 0.601835 
0.35055 0.474946 0.952593 0.766716 0.341229 
0.383084 0.9807900000000001 0.366196 0.05548 0.743358 
0.178266 0.877952 0.690346 0.740065 0.188036 
0.076032 0.376779 0.747489 0.139509 0.65684 
0.059469 0.914313 0.628914 0.683833 0.391262 
0.723108 0.045756 0.392129 0.805112 0.104565 
0.105047 0.5133760000000001 0.714432 0.8864030000000001 0.473325 
0.822968 0.35076 0.125838 0.288869 0.921172 
0.071324 0.57851 0.236307 0.813173 0.410117 
0.385078 0.510956 0.09365800000000001 0.98504 0.366219 
0.51194 0.5268080000000001 0.9165180000000001 0.333169 0.058385 
0.716603 0.300911 0.120067 0.938287 0.090181 
0.122295 0.925909 0.170937 0.826589 0.188332 
0.912158 0.7502529999999999 0.491815 0.153069 0.333789 
0.790836 0.812056 0.704765 0.616655 0.121672 
0.296655 0.9404400000000001 0.444048 0.054043 0.81028 
0.471823 0.725684 0.347833 0.176524 0.352606 
0.78984 0.743761 0.819755 0.217641 0.267578 
0.362375 0.05826 0.824581 0.918164 0.563186 
0.054271 0.673069 0.751569 0.570986 0.266709 
0.051398 0.701105 0.317955 0.743911 0.355161 
0.921444 0.400083 0.82762 0.297016 0.047296 
0.942613 0.662431 0.779382 0.277165 0.070174 
0.134789 0.907331 0.7001579999999999 0.679679 0.080956 
0.811314 0.521386 0.555206 0.907382 0.059519 
0.963241 0.441382 0.344648 0.789075 0.024216 
0.248883 0.738332 0.49938 0.972309 0.332261 
0.724368 0.045625 0.522878 0.924964 0.433882 
0.273552 0.182328 0.815014 0.95606 0.431917 
0.513058 0.576444 0.950624 0.127455 0.574823 
0.473831 0.030509 0.689758 0.385956 0.964859 
0.229216 0.227495 0.640998 0.490774 0.359575 
0.812638 0.04428 0.501512 0.829515 0.650123 
0.995451 0.460519 0.244465 0.410081 0.389065 
0.263907 0.919814 0.06554699999999999 0.9501270000000001 0.371399 
0.565666 0.8713610000000001 0.5848100000000001 0.589078 0.010544 
0.163742 0.201689 0.876512 0.327559 0.927484 
0.377048 0.107149 0.958189 0.106971 0.84667 
0.830145 0.254571 0.09868200000000001 0.909122 0.51271 
0.571282 0.11437 0.773461 0.959635 0.164772 
0.858338 0.074021 0.6582 0.919493 0.172847 
0.19865 0.5948020000000001 0.025764 0.824919 0.741054 
0.039402 0.24996 0.450131 0.847407 0.90339 
0.229158 0.53021 0.97565 0.560211 0.463447 
0.635155 0.838954 0.857911 0.15535 0.13679 
0.602248 0.180273 0.672297 0.729962 0.760205 
0.585496 0.5397960000000001 0.682611 0.013598 0.331447 
0.665154 0.221636 0.859482 0.630055 0.017714 
0.829449 0.410042 0.5709 0.170583 0.866215 
0.679045 0.040819 0.944993 0.168928 0.381941 
0.6194809999999999 0.731787 0.935496 0.22234 0.243292 
0.422117 0.7237479999999999 0.080205 0.294038 0.946424 
0.273386 0.989152 0.295836 0.371719 0.776801 
0.236929 0.924864 0.634871 0.544343 0.035537 
0.259064 0.215682 0.777606 0.594284 0.91916 
0.563217 0.848909 0.343107 0.288688 0.845402 
0.06439599999999999 0.981123 0.418857 0.601875 0.570491 
0.605864 0.24592 0.193141 0.259427 0.940368 
0.722895 0.041433 0.814625 0.829085 0.362203 
0.74792 0.034888 0.849145 0.26499 0.7682330000000001 
0.486908 0.6346270000000001 0.926355 0.093107 0.19153 
0.706937 0.048988 0.985681 0.580427 0.5481780000000001 
0.103777 0.924749 0.057585 0.40902 0.834893 
0.39244 0.979644 0.46201 0.717104 0.242213 
0.956678 0.804234 0.165012 0.313005 0.476763 
0.678033 0.660036 0.660305 0.082291 0.7938 
0.209481 0.544242 0.966466 0.181803 0.776267 
0.92286 0.486964 0.694705 0.175215 0.129212 
0.414171 0.558954 0.507197 0.735429 0.010696 
0.230811 0.44075 0.944883 0.703595 0.540264 
0.796771 0.085329 0.310146 0.869763 0.186764 
0.954611 0.09017699999999999 0.518358 0.862081 0.356771 
0.833916 0.403087 0.949307 0.20399 0.135285 
0.449014 0.159846 0.911322 0.619807 0.152271 
0.039893 0.475695 0.358954 0.516402 0.9153829999999999 
0.115602 0.746795 0.393296 0.944604 0.482666 
0.428566 0.192991 0.918316 0.804065 0.124606 
0.044096 0.58266 0.868402 0.729042 0.37929 
0.209525 0.7059879999999999 0.783388 0.791113 0.055566 
0.556704 0.756459 0.885711 0.2291 0.09257799999999999 
0.024443 0.420753 0.827776 0.457582 0.583481 
0.119845 0.7245470000000001 0.076367 0.516361 0.66751 
0.5784 0.78566 0.833144 0.135432 0.501508 
0.835473 0.147202 0.622727 0.431851 0.063122 
0.68807 0.317059 0.055586 0.560407 0.854147 
0.968804 0.176155 0.353246 0.363844 0.640167 
0.116347 0.312884 0.946461 0.187957 0.793219 
0.365031 0.528209 0.66195 0.80431 0.007434 
0.9076149999999999 0.156902 0.280547 0.92202 0.110958 
0.201504 0.023179 0.66121 0.66281 0.760776 
0.937797 0.6538079999999999 0.035583 0.580426 0.492258 
0.396251 0.198521 0.313031 0.8258760000000001 0.28485 
0.604878 0.934132 0.396698 0.692374 0.033714 
0.486595 0.770106 0.126238 0.227803 0.9362740000000001 
0.761317 0.56703 0.75972 0.031401 0.190334 
0.131362 0.270152 0.754557 0.1985 0.963489 
0.230838 0.787597 0.006582 0.421236 0.775637 
0.203395 0.324775 0.650854 0.963465 0.174871 
0.91216 0.464373 0.6934979999999999 0.75461 0.188343 
0.160095 0.590882 0.683965 0.928379 0.35117 
0.280863 0.456244 0.473219 0.636616 0.9731 
0.34521 0.992618 0.263755 0.447832 0.63223 
0.938856 0.153964 0.647219 0.813869 0.07183 
0.148871 0.7488669999999999 0.8149 0.667259 0.035168 
0.319731 0.625976 0.704546 0.07535699999999999 0.356913 
0.244933 0.898321 0.033992 0.7067 0.645062 
0.377041 0.716552 0.103586 0.391378 0.9668679999999999 
0.895927 0.040153 0.897485 0.087308 0.422519 
0.696123 0.552227 0.65252 0.137577 0.858082 
0.597589 0.561401 0.781951 0.569977 0.007826 
0.108935 0.183442 0.7813330000000001 0.589315 0.416815 
0.649238 0.169968 0.74609 0.017017 0.682118 
0.670658 0.736222 0.057245 0.119568 0.698086 
0.040113 0.394576 0.644506 0.9303439999999999 0.396131 
0.12615 0.551793 0.423565 0.178549 0.972119 
0.872644 0.145965 0.491991 0.123588 0.829395 
0.7088100000000001 0.804558 0.172454 0.095024 0.773549 
0.325215 0.811411 0.095484 0.497159 0.907431 
0.205807 0.957458 0.209421 0.355256 0.92576 
0.987273 0.232794 0.6846139999999999 0.3224 0.371243 
0.757985 0.512562 0.07187399999999999 0.903555 0.033249 
0.842859 0.171618 0.309694 0.964076 0.307108 
0.287984 0.329637 0.976534 0.179601 0.391357 
0.407791 0.832126 0.08412600000000001 0.24865 0.879864 
0.072419 0.235529 0.609366 0.682972 0.908039 
0.298351 0.924912 0.823857 0.279997 0.206455 
0.607125 0.026009 0.673982 0.266392 0.56599 
0.036108 0.708501 0.677661 0.212113 0.702542 
0.864121 0.268637 0.957017 0.019607 0.430058 
0.780169 0.185603 0.479428 0.975611 0.178458 
0.172174 0.990673 0.470835 0.213069 0.681353 
0.201403 0.945038 0.351725 0.07281 0.845777 
0.580421 0.20094 0.5928099999999999 0.530722 0.968049 
0.496666 0.965288 0.36886 0.668269 0.532092 
0.457538 0.829248 0.613715 0.046027 0.886223 
0.49964 0.480599 0.104488 0.755706 0.92282 
0.538788 0.07618 0.959483 0.204417 0.527193 
0.12553 0.248792 0.649388 0.644435 0.98429 
0.858856 0.422126 0.086648 0.5711270000000001 0.801723 
0.423336 0.714688 0.318587 0.97605 0.066182 
0.158256 0.437862 0.279473 0.928715 0.830126 
0.979559 0.279715 0.702537 0.103471 0.279325 
0.950074 0.129757 0.164678 0.720159 0.5507339999999999 
0.213084 0.345087 0.456719 0.851203 0.948674 
0.173951 0.833228 0.490603 0.895163 0.05849 
0.364494 0.398832 0.408908 0.994655 0.552677 
0.84577 0.409381 0.793766 0.029149 0.5614440000000001 
0.109781 0.931312 0.7756769999999999 0.166915 0.461296 
0.376237 0.586857 0.886539 0.855437 0.203237 
0.92623 0.526792 0.666894 0.548076 0.448156 
0.216159 0.920461 0.773458 0.525217 0.417247 
0.009979 0.669982 0.590083 0.605364 0.460842 
0.344782 0.14957 0.280678 0.755285 0.865355 
0.111678 0.110396 0.628684 0.932037 0.5264720000000001 
0.575904 0.868965 0.71761 0.07678599999999999 0.467922 
0.095598 0.819292 0.8966420000000001 0.104538 0.482199 
0.876499 0.024854 0.730963 0.214054 0.390699 
0.965477 0.422409 0.326637 0.785758 0.090821 
0.379525 0.818487 0.07052700000000001 0.455199 0.429038 
0.42447 0.064121 0.500879 0.27426 0.731056 
0.029507 0.722186 0.395375 0.769016 0.382663 
0.519115 0.751643 0.740971 0.046427 0.824846 
0.024427 0.355056 0.769346 0.7431680000000001 0.503095 
0.721922 0.017269 0.609497 0.595114 0.569542 
0.886997 0.057876 0.534127 0.141319 0.476704 
0.939619 0.041016 0.23575 0.710415 0.439709 
0.381214 0.190424 0.203435 0.697184 0.878794 
0.571373 0.38458 0.292523 0.239813 0.991129 
0.25799 0.100977 0.753075 0.86447 0.308471 
0.623947 0.782582 0.607765 0.036722 0.134033 
0.07407 0.930437 0.35793 0.6072 0.28829 
0.912419 0.468058 0.356786 0.873874 0.365207 
0.5843469999999999 0.955156 0.07280499999999999 0.640029 0.313123 
0.154857 0.178018 0.612304 0.9692809999999999 0.513577 
0.393144 0.712601 0.006013 0.428251 0.726583 
0.868038 0.031014 0.411661 0.462455 0.58997 
0.329697 0.728951 0.854471 0.111314 0.178441 
0.51527 0.699219 0.919459 0.23708 0.537303 
0.498652 0.962943 0.681467 0.411125 0.359688 
0.7621520000000001 0.352154 0.025802 0.344672 0.725973 
0.043868 0.81899 0.692016 0.320052 0.487437 
0.466188 0.290491 0.128254 0.498897 0.941448 
0.335993 0.561544 0.9422779999999999 0.030783 0.73995 
0.677459 0.353462 0.326161 0.703582 0.81331 
0.476279 0.273803 0.085981 0.488652 0.878754 
0.479237 0.459275 0.965215 0.709222 0.388649 
0.119415 0.590229 0.907664 0.204584 0.9848170000000001 
0.644753 0.450411 0.922044 0.228779 0.044913 
0.345532 0.547395 0.916705 0.01812 0.434928 
0.532743 0.56981 0.580609 0.935345 0.332468 
0.230928 0.138958 0.75851 0.392775 0.940571 
0.213749 0.945345 0.59589 0.165442 0.893428 
0.228513 0.838547 0.455812 0.252957 0.319973 
0.783878 0.955803 0.423192 0.104132 0.319992 
0.112275 0.36761 0.661656 0.279152 0.980865 
0.496809 0.8685890000000001 0.318265 0.031154 0.848156 
0.89545 0.448917 0.127049 0.147528 0.740876 
0.616134 0.613021 0.86021 0.753097 0.066008 
0.089214 0.246429 0.279186 0.889929 0.7828310000000001 
0.964781 0.349235 0.213137 0.6836680000000001 0.188372 
0.258642 0.921581 0.395265 0.634747 0.032671 
0.362566 0.982931 0.444733 0.149703 0.441385 
0.014766 0.817832 0.494389 0.62285 0.606688 
0.09995900000000001 0.863735 0.835363 0.158613 0.651896 
0.841811 0.622086 0.362513 0.281331 0.08980399999999999 
0.037654 0.304773 0.570776 0.815817 0.825962 
0.297395 0.45623 0.581414 0.858598 0.04433 
0.54856 0.910202 0.05608 0.508289 0.483005 
0.655797 0.893779 0.497387 0.01753 0.271627 
0.098068 0.709183 0.734486 0.070049 0.945931 
0.936794 0.035068 0.430412 0.522664 0.457606 
0.402831 0.975837 0.080563 0.808666 0.376353 
0.8404470000000001 0.156575 0.507022 0.320906 0.211471 
0.705238 0.837716 0.118929 0.647047 0.061972 
0.429507 0.519746 0.927135 0.361153 0.727888 
0.937037 0.518078 0.173682 0.189977 0.431372 
0.9609799999999999 0.054671 0.65537 0.658343 0.471086 
0.382309 0.343933 0.143045 0.949954 0.753268 
0.15778 0.799715 0.193923 0.726059 0.230789 
0.9257300000000001 0.085753 0.971732 0.200837 0.294052 
0.779127 0.484345 0.323908 0.935013 0.013173 
0.760178 0.7027949999999999 0.8363159999999999 0.221149 0.380131 
0.094509 0.942707 0.26218 0.837456 0.55464 
0.39064 0.970612 0.201864 0.544098 0.733724 
0.283825 0.293229 0.088861 0.866888 0.587402 
0.189703 0.850034 0.423579 0.064266 0.826906 
0.172328 0.511651 0.349595 0.987521 0.6107629999999999 
0.075541 0.656097 0.935068 0.440095 0.570457 
0.027889 0.720391 0.823206 0.606835 0.403891 
0.035345 0.693038 0.849221 0.382353 0.671373 
0.491135 0.119541 0.597033 0.463574 0.973031 
0.962344 0.08165 0.926545 0.204537 0.204109 
0.149535 0.579491 0.211242 0.95395 0.393937 
0.536977 0.080496 0.9121320000000001 0.48745 0.268235 
0.7707000000000001 0.175237 0.601449 0.088321 0.935538 
0.058668 0.855582 0.427742 0.838064 0.223711 
0.563519 0.9330039999999999 0.047577 0.654637 0.461327 
0.7924290000000001 0.077375 0.867554 0.665438 0.07921300000000001 
0.305982 0.498595 0.495552 0.043072 0.880157 
0.369416 0.777269 0.05692 0.996967 0.176684 
0.795123 0.502837 0.276686 0.245238 0.9300079999999999 
0.352626 0.086146 0.711543 0.185268 0.941227 
0.411405 0.153778 0.402605 0.318568 0.97964 
0.503935 0.206746 0.694989 0.025621 0.899061 
0.8118300000000001 0.04973 0.621656 0.751594 0.664431 
0.433925 0.412944 0.231551 0.103669 0.800574 
0.594213 0.682039 0.07738299999999999 0.967928 0.249338 
0.871679 0.759533 0.223453 0.838917 0.377471 
0.500976 0.795275 0.041972 0.948777 0.18309 
0.553696 0.380146 0.598166 0.699509 0.008182999999999999 
0.759755 0.30824 0.011809 0.716387 0.569367 
0.502634 0.968915 0.230693 0.434091 0.181786 
0.63636 0.293209 0.07901900000000001 0.591279 0.948206 
0.82202 0.940959 0.127273 0.744381 0.051124 
0.808483 0.430578 0.382837 0.055292 0.792214 
0.662826 0.945107 0.230159 0.194284 0.6468390000000001 
0.110404 0.746238 0.626579 0.740444 0.622061 
0.443437 0.489798 0.026186 0.446694 0.846266 
0.728639 0.722637 0.706143 0.07871499999999999 0.603036 
0.769281 0.794153 0.243555 0.883818 0.370339 
0.766215 0.182094 0.833477 0.223778 0.850718 
0.35148 0.689299 0.113554 0.941037 0.609455 
0.6594719999999999 0.583234 0.144383 0.15817 0.911697 
0.100873 0.941346 0.044421 0.50195 0.6532559999999999 
0.512398 0.51725 0.239612 0.140523 0.978718 
0.063985 0.864166 0.34877 0.405044 0.940629 
0.067923 0.972031 0.269545 0.709916 0.590865 
0.092251 0.878129 0.144304 0.743055 0.76595 
0.6164849999999999 0.419173 0.377138 0.238645 0.295457 
0.7094 0.16047 0.465487 0.947125 0.527699 
0.719472 0.501105 0.003887 0.629258 0.525126 
0.179791 0.911704 0.333429 0.470508 0.86119 
0.446258 0.736793 0.015064 0.958737 0.386076 
0.419307 0.719218 0.516626 0.014107 0.871588 
0.788642 0.184581 0.669538 0.452666 0.052484 
0.759459 0.930771 0.105533 0.551464 0.226554 
0.058832 0.54396 0.531156 0.542469 0.963916 
0.689057 0.111266 0.73738 0.121619 0.445758 
0.748876 0.338785 0.392136 0.470922 0.08328099999999999 
0.453549 0.208863 0.71045 0.808463 0.09117699999999999 
0.398922 0.09317599999999999 0.326958 0.432516 0.9326950000000001 
0.866011 0.884457 0.308555 0.247937 0.509912 
0.624431 0.869787 0.042452 0.692732 0.493816 
0.711557 0.633462 0.662592 0.170176 0.053878 
0.294768 0.7170339999999999 0.339265 0.05332 0.870216 
0.272542 0.296395 0.274798 0.899694 0.876959 
0.989661 0.104625 0.541804 0.696294 0.090297 
0.09164600000000001 0.822238 0.736845 0.384644 0.7853290000000001 
0.440795 0.08645 0.268002 0.79801 0.679412 
0.489788 0.147095 0.432551 0.864245 0.8564349999999999 
0.054884 0.6555299999999999 0.367908 0.260316 0.850252 
0.389476 0.640211 0.982948 0.251782 0.39253 
0.932207 0.284728 0.556669 0.845739 0.151714 
0.401317 0.810175 0.156702 0.6136819999999999 0.158135 
0.95568 0.752888 0.358404 0.340757 0.154743 
0.037129 0.639647 0.511134 0.977803 0.390397 
0.947219 0.389616 0.21955 0.230357 0.818558 
0.155304 0.53185 0.399501 0.753417 0.935182 
0.672533 0.054584 0.327334 0.901903 0.608186 
0.101095 0.500833 0.561377 0.881029 0.813195 
0.826017 0.089712 0.203808 0.41937 0.953804 
0.9576210000000001 0.519559 0.205403 0.775643 0.207713 
0.373836 0.428675 0.722071 0.510881 0.06655 
0.245744 0.026048 0.875128 0.587015 0.527533 
0.432908 0.099539 0.5214299999999999 0.491066 0.97056 
0.5213179999999999 0.126319 0.2936 0.868802 0.837327 
0.257937 0.835113 0.624815 0.907004 0.057562 
0.468431 0.832909 0.24317 0.13841 0.935389 
0.841749 0.737449 0.069776 0.610191 0.520744 
0.745556 0.959132 0.306178 0.155711 0.270797 
0.692255 0.870968 0.442317 0.089964 0.635671 
0.509812 0.224538 0.13046 0.436015 0.831677 
0.044758 0.769935 0.394231 0.949697 0.408036 
0.461242 0.820771 0.378508 0.780319 0.010526 
0.855705 0.110094 0.366981 0.928982 0.0233 
0.570663 0.827582 0.164823 0.9625280000000001 0.059432 
0.048168 0.6442560000000001 0.762687 0.12998 0.823105 
0.121359 0.969533 0.098136 0.592064 0.655047 
0.404294 0.193312 0.567121 0.828673 0.885047 
0.196011 0.787023 0.762499 0.044587 0.465616 
0.247143 0.851772 0.5905010000000001 0.143684 0.341397 
0.966279 0.558493 0.351688 0.087774 0.526806 
0.587902 0.235253 0.447285 0.09671200000000001 0.881686 
0.324648 0.9728290000000001 0.753223 0.432161 0.288518 
0.922744 0.076487 0.595735 0.620638 0.585942 
0.709728 0.72289 0.017519 0.694685 0.336104 
0.284482 0.754165 0.062151 0.350127 0.687119 
0.270962 0.953654 0.819145 0.475284 0.248286 
0.385239 0.95974 0.163549 0.130175 0.740661 
0.168134 0.806476 0.682077 0.84932 0.018921 
0.841808 0.652738 0.061203 0.297584 0.732113 
0.132107 0.161529 0.894406 0.391837 0.453326 
0.316327 0.461635 0.48512 0.07384400000000001 0.687239 
0.966095 0.697557 0.103197 0.726522 0.357497 
0.203631 0.5722429999999999 0.799018 0.909158 0.21499 
0.731273 0.028446 0.92155 0.72406 0.396153 
0.156164 0.115726 0.48033 0.6427 0.882037 
0.229241 0.952755 0.695099 0.11243 0.40795 
0.474707 0.085269 0.8665040000000001 0.25395 0.3929 
0.9579220000000001 0.376837 0.5629999999999999 0.738407 0.125234 
0.757039 0.624169 0.800934 0.504482 0.01584 
0.145789 0.220975 0.232118 0.744723 0.838354 
0.520159 0.94577 0.28158 0.703635 0.052334 
0.295433 0.560693 0.014508 0.873337 0.583293 
0.525911 0.388836 0.764422 0.943388 0.081397 
0.263478 0.099367 0.982887 0.49073 0.524999 
0.170952 0.681413 0.567881 0.93765 0.044542 
0.354352 0.318475 0.924975 0.040899 0.735606 
0.318385 0.7675999999999999 0.913963 0.07367600000000001 0.296156 
0.485805 0.477215 0.452301 0.9794040000000001 0.585715 
0.394468 0.475693 0.204002 0.98207 0.548108 
0.835865 0.436953 0.05688 0.486594 0.834371 
0.590625 0.624757 0.903326 0.052514 0.285118 
0.953457 0.330756 0.499387 0.741461 0.373235 
0.792648 0.226896 0.12347 0.982183 0.295647 
0.169552 0.835649 0.179614 0.822621 0.715657 
0.284624 0.896868 0.427812 0.94376 0.057571 
0.22414 0.9236529999999999 0.674974 0.240379 0.8283160000000001 
0.9403589999999999 0.462858 0.316473 0.14484 0.773601 
0.516335 0.884348 0.195992 0.445003 0.137781 
0.423655 0.390961 0.970708 0.211806 0.200165 
0.601573 0.016489 0.605809 0.6004930000000001 0.197005 
0.773738 0.381638 0.40165 0.674451 0.008914999999999999 
0.435975 0.914104 0.191319 0.918981 0.498254 
0.655043 0.578948 0.848217 0.460723 0.028965 
0.857162 0.277243 0.972009 0.423567 0.038019 
0.833805 0.655961 0.334919 0.110938 0.721754 
0.933488 0.467512 0.434898 0.803656 0.313752 
0.213511 0.675202 0.935186 0.09660199999999999 0.491945 
0.5288389999999999 0.645653 0.282395 0.495398 0.040372 
0.926234 0.354181 0.043487 0.6061839999999999 0.389739 
0.959877 0.481297 0.634319 0.399784 0.043938 
0.410194 0.90382 0.798579 0.073709 0.292759 
0.536015 0.764041 0.167358 0.212879 0.9489030000000001 
0.744458 0.814294 0.252938 0.553758 0.041444 
0.914292 0.038631 0.658374 0.526315 0.550359 
0.469453 0.440645 0.824371 0.014745 0.6007169999999999 
0.399022 0.5789 0.384294 0.463539 0.977295 
0.622642 0.49201 0.987459 0.187456 0.387859 
0.877814 0.481023 0.889087 0.401625 0.168338 
0.866938 0.424008 0.403859 0.925407 0.254721 
0.829385 0.902381 0.24301 0.060201 0.293536 
0.9115220000000001 0.09773900000000001 0.8854070000000001 0.489322 0.099082 
0.794551 0.772391 0.039926 0.378996 0.423121 
0.316643 0.508806 0.117395 0.669836 0.322548 
0.904559 0.151458 0.437537 0.950364 0.102218 
0.796744 0.598854 0.339827 0.939429 0.209466 
0.128361 0.901076 0.044285 0.77163 0.626468 
0.265316 0.729035 0.293734 0.168549 0.960433 
0.495958 0.510561 0.035145 0.530988 0.89456 
0.186516 0.090103 0.850436 0.790598 0.520339 
0.450685 0.064485 0.780056 0.169367 0.853505 
0.874784 0.177841 0.342451 0.489227 0.188256 
0.362749 0.501425 0.273592 0.994711 0.323853 
0.079399 0.749625 0.104888 0.772278 0.806718 
0.525163 0.8046140000000001 0.908343 0.335654 0.116972 
0.33579 0.628607 0.822998 0.011038 0.81482 
0.09105100000000001 0.423832 0.862887 0.143317 0.802271 
0.767391 0.89666 0.281124 0.490931 0.5194839999999999 
0.687011 0.185996 0.959794 0.058197 0.550461 
0.134024 0.912428 0.560495 0.617178 0.096208 
0.599048 0.369821 0.01641 0.749672 0.512181 
0.298603 0.088655 0.908877 0.709481 0.45981 
0.55272 0.940859 0.611618 0.044001 0.359357 
0.09521399999999999 0.945773 0.665837 0.190587 0.475677 
0.153808 0.246567 0.513249 0.287654 0.890151 
0.812082 0.166849 0.124556 0.45585 0.795476 
0.884704 0.894548 0.279096 0.275676 0.480955 
0.049732 0.955156 0.6294110000000001 0.451748 0.355796 
0.197608 0.807345 0.49701 0.735805 0.6917180000000001 
0.618561 0.554588 0.703756 0.269713 0.812113 
0.178704 0.967961 0.186208 0.616541 0.733075 
0.267923 0.955719 0.046217 0.857951 0.231995 
0.23838 0.327714 0.708388 0.754404 0.133166 
0.164224 0.241453 0.836217 0.950751 0.258576 
0.937828 0.727206 0.036074 0.503627 0.12524 
0.82025 0.878733 0.39316 0.086344 0.410808 
0.383944 0.04593 0.330114 0.890698 0.766663 
0.59632 0.646267 0.325144 0.26807 0.192867 
0.968483 0.166131 0.357569 0.717953 0.555743 
0.10193 0.921975 0.743211 0.073194 0.658704 
0.279468 0.202585 0.62186 0.574334 0.269247 
0.705237 0.050712 0.317933 0.799438 0.775524 
0.8149 0.256456 0.769444 0.863336 0.109172 
0.143351 0.178179 0.798986 0.796794 0.357657 
0.185897 0.706798 0.212881 0.833623 0.852149 
0.193282 0.704919 0.879843 0.110425 0.9097460000000001 
0.919021 0.460805 0.027332 0.631403 0.40673 
0.404993 0.257576 0.486256 0.511805 0.987805 
0.674118 0.517296 0.06386 0.252335 0.858011 
0.83192 0.034627 0.428706 0.395312 0.832873 
0.551597 0.615305 0.476928 0.815478 0.006817 
0.8278180000000001 0.422372 0.980189 0.276853 0.431758 
0.046311 0.916956 0.318767 0.35917 0.639604 
0.584731 0.741421 0.016417 0.525073 0.523011 
0.9045840000000001 0.490809 0.133598 0.8580759999999999 0.470657 
0.875932 0.8539099999999999 0.445223 0.095236 0.14443 
0.979212 0.190092 0.37764 0.255058 0.44638 
0.786833 0.980086 0.576922 0.093289 0.090424 
0.310896 0.268049 0.87519 0.373276 0.20152 
0.016122 0.533054 0.552195 0.508307 0.612388 
0.961234 0.162513 0.351648 0.800612 0.118768 
0.04461 0.272936 0.5166849999999999 0.838203 0.649247 
0.168045 0.832808 0.713589 0.526047 0.051882 
0.287096 0.08357199999999999 0.698217 0.68335 0.306261 
0.919003 0.689862 0.262756 0.835936 0.011387 
0.568173 0.963556 0.378831 0.166238 0.819043 
0.8586819999999999 0.133632 0.31027 0.685945 0.114917 
0.725586 0.431501 0.394915 0.04456 0.857694 
0.951028 0.051146 0.639728 0.624093 0.508009 
0.90711 0.6610239999999999 0.709978 0.203861 0.455734 
0.270079 0.942299 0.091055 0.584907 0.789339 
0.93006 0.551382 0.276336 0.126667 0.654659 
0.875058 0.131958 0.442028 0.47438 0.823716 
0.91186 0.162059 0.610202 0.125521 0.827617 
0.86199 0.157567 0.524291 0.207832 0.931087 
0.685216 0.016184 0.619522 0.361539 0.731961 
0.984259 0.417374 0.6624139999999999 0.197189 0.276519 
0.082097 0.55704 0.495721 0.6470050000000001 0.945756 
0.341428 0.070523 0.912654 0.674002 0.69514 
0.370606 0.614699 0.131285 0.320858 0.585087 
0.924989 0.32455 0.029874 0.281188 0.53028 
0.379427 0.488632 0.732161 0.023336 0.547476 
0.364722 0.21483 0.794856 0.485383 0.972072 
0.309221 0.920268 0.491161 0.785673 0.445429 
0.699097 0.088008 0.914449 0.091628 0.864985 
0.775649 0.490414 0.196986 0.279067 0.327955 
0.604135 0.677122 0.584624 0.389292 0.762149 
0.221915 0.871313 0.411446 0.04373 0.729006 
0.432287 0.929968 0.195975 0.290541 0.359823 
0.640229 0.734977 0.054644 0.197218 0.791804 
0.056757 0.534717 0.659637 0.729681 0.868109 
0.043917 0.796303 0.372852 0.265536 0.886731 
0.006968 0.55415 0.606023 0.33897 0.9083329999999999 
0.966859 0.108113 0.316784 0.543057 0.18853 
0.07650700000000001 0.54472 0.546933 0.310712 0.512289 
0.837504 0.832843 0.08910999999999999 0.471674 0.478093 
0.30221 0.418866 0.916509 0.487738 0.09544999999999999 
0.817847 0.212469 0.757925 0.018629 0.664884 
0.680947 0.794413 0.022211 0.624694 0.144574 
0.246742 0.351378 0.950972 0.403291 0.810068 
0.979569 0.272296 0.942778 0.394894 0.306407 
0.507009 0.311375 0.112849 0.606572 0.367384 
0.073309 0.694999 0.799444 0.628024 0.631475 
0.274567 0.227786 0.218342 0.583154 0.943268 
0.607048 0.462747 0.244668 0.8915920000000001 0.716244 
0.018524 0.514436 0.801731 0.525406 0.7128640000000001 
0.132609 0.575103 0.7309369999999999 0.019208 0.909165 
0.488825 0.328156 0.989282 0.524864 0.201071 
0.50013 0.060711  0.597 0.553777 0.937702 
0.557388 0.521428 0.167007 0.08497499999999999 0.920403 
0.371324 0.677357 0.462884 0.010997 0.580734 
0.923584 0.180139 0.552623 0.321068 0.790815 
0.035436 0.45012 0.960084 0.4277 0.636683 
0.085406 0.194071 0.9419149999999999 0.654437 0.608028 
0.7738660000000001 0.195503 0.110685 0.812957 0.64284 
0.010486 0.618715 0.845877 0.346507 0.544801 
0.401678 0.747023 0.97479 0.214076 0.30767 
0.73085 0.178589 0.993953 0.579394 0.21692 
0.74992 0.046863 0.753058 0.307104 0.295346 
0.453597 0.7712059999999999 0.659819 0.751324 0.367275 
0.529546 0.051419 0.326033 0.86875 0.741518 
0.277999 0.347032 0.889912 0.134962 0.437609 
0.833919 0.760944 0.183766 0.340018 0.693926 
0.713759 0.610141 0.032643 0.678125 0.6308820000000001 
0.055972 0.803755 0.51029 0.39175 0.963259 
0.6534 0.123432 0.311083 0.972145 0.241541 
0.683904 0.224065 0.699168 0.525404 0.860312 
0.08078100000000001 0.942291 0.103098 0.792706 0.563877 
0.009429 0.669291 0.694737 0.769238 0.411035 
0.944214 0.46027 0.509978 0.049706 0.479984 
0.208041 0.636892 0.078663 0.966015 0.491633 
0.737241 0.7470560000000001 0.542216 0.091583 0.090777 
0.186334 0.518211 0.212104 0.604533 0.956727 
0.575662 0.453933 0.975302 0.042052 0.545212 
0.12681 0.346315 0.980815 0.206072 0.830372 
0.050844 0.264347 0.694712 0.875196 0.534921 
0.206418 0.229376 0.6547539999999999 0.982035 0.464962 
0.348266 0.5664979999999999 0.349914 0.777686 0.893366 
0.897075 0.378432 0.284721 0.720173 0.032332 
0.7316820000000001 0.639168 0.281108 0.02165 0.504811 
0.322637 0.3709 0.957844 0.500762 0.103488 
0.447869 0.424977 0.995218 0.227132 0.391779 
0.717604 0.495846 0.860961 0.075997 0.684311 
0.537826 0.252121 0.137815 0.94501 0.327257 
0.249199 0.348227 0.423301 0.609278 0.284988 
0.936914 0.158077 0.898706 0.06629500000000001 0.55559 
0.153978 0.744431 0.035248 0.592751 0.668766 
0.923887 0.356001 0.202839 0.907096 0.358598 
0.275226 0.398907 0.782575 0.033272 0.712269 
0.081911 0.868548 0.908353 0.305157 0.392197 
0.880001 0.033181 0.304708 0.626561 0.570473 
0.306094 0.620918 0.971511 0.458337 0.545419 
0.042709 0.771313 0.359156 0.957387 0.398431 
0.117018 0.485731 0.9880330000000001 0.517029 0.339623 
0.082556 0.905345 0.046422 0.618125 0.6111760000000001 
0.5593669999999999 0.679231 0.153635 0.600709 0.068991 
0.851587 0.114157 0.615032 0.374926 0.145549 
0.151824 0.339889 0.64715 0.773334 0.888855 
0.214739 0.537931 0.976289 0.625294 0.270252 
0.184224 0.557608 0.236392 0.278196 0.850479 
0.785247 0.9478569999999999 0.249553 0.310284 0.498135 
0.303266 0.19503 0.47491 0.981616 0.331949 
0.246277 0.844929 0.006588 0.718764 0.595903 
0.467827 0.197059 0.493501 0.984508 0.387933 
0.925998 0.160051 0.931172 0.157801 0.542307 
0.744224 0.024111 0.984492 0.538411 0.235491 
0.5957710000000001 0.510919 0.041793 0.616483 0.34382 
0.873355 0.525869 0.811426 0.455823 0.010341 
0.6461750000000001 0.054889 0.787824 0.197074 0.848455 
0.852429 0.571987 0.635964 0.797971 0.005126 
0.739356 0.873855 0.36212 0.825363 0.158206 
0.427083 0.982277 0.694456 0.258995 0.290509 
0.848868 0.933639 0.256761 0.127736 0.221339 
0.8896849999999999 0.6512 0.244961 0.911508 0.07087400000000001 
0.476928 0.349764 0.667171 0.796645 0.027242 
0.6228939999999999 0.204676 0.510783 0.798585 0.03445 
0.63934 0.701328 0.012944 0.513109 0.452136 
0.528468 0.928064 0.733626 0.515272 0.047804 
0.693199 0.9915350000000001 0.182879 0.606549 0.30166 
0.747721 0.16063 0.091207 0.874827 0.44408 
0.8176600000000001 0.889689 0.09301 0.297635 0.540788 
0.5707140000000001 0.827541 0.038659 0.254818 0.808652 
0.027729 0.485678 0.303104 0.530031 0.682513 
0.841119 0.015856 0.792068 0.164911 0.524953 
0.063335 0.13441 0.631194 0.866021 0.544633 
0.246109 0.491226 0.773535 0.287069 0.224419 
0.170976 0.61799 0.962353 0.393828 0.471275 
  0.79 0.85273 0.5535600000000001 0.045436 0.214615 
0.853027 0.278075 0.915646 0.252302 0.045263 
0.057543 0.682969 0.133297 0.950993 0.619935 
0.5093760000000001 0.025151 0.433881 0.7204930000000001 0.885174 
0.7345970000000001 0.795624 0.274913 0.295771 0.124608 
0.115299 0.8744729999999999 0.545851 0.224677 0.957916 
0.187357 0.73146 0.921544 0.65242  0.329 
0.976805 0.5920029999999999 0.135111 0.382568 0.54893 
0.396084 0.39415 0.668175 0.977809 0.089974 
0.211161 0.9290659999999999 0.795133 0.359717 0.18791 
0.6837220000000001 0.602089 0.374622 0.58734 0.750111 
0.686972 0.272849 0.950034 0.72439 0.165803 
0.793896 0.592746 0.021489 0.420895 0.628364 
0.015108 0.748366 0.186598 0.784684 0.644122 
0.048053 0.672793 0.402619 0.435147 0.463135 
0.130475 0.763682 0.136161 0.695879 0.335595 
0.506714 0.939405 0.130056 0.170117 0.762174 
0.043618 0.562276 0.231644 0.717123 0.887941 
0.6551670000000001 0.7215279999999999 0.808608 0.669753 0.132178 
0.322818 0.389634 0.686744 0.842306 0.048614 
0.508016 0.192272 0.19075 0.960548 0.708154 
0.047417 0.885155 0.114035 0.818434 0.56738 
0.638341 0.821361 0.793018 0.103646 0.141973 
0.805372 0.02886 0.894719 0.254377 0.638089 
0.758219 0.338812 0.046727 0.720198 0.666353 
0.223952 0.394274 0.525197 0.534941 0.988708 
0.321291 0.604427 0.142435 0.6592750000000001 0.953769 
0.247121 0.038971 0.687132 0.479383 0.904351 
0.860058 0.355416 0.048493 0.81764 0.045379 
0.390227 0.441515 0.974789 0.083658 0.5669459999999999 
0.522766 0.486963 0.022415 0.224375 0.873051 
0.956078 0.065391 0.780359 0.146795 0.464059 
0.581975 0.105645 0.936057 0.84966 0.18868 
0.110065 0.09475 0.535629 0.667782 0.788154 
0.557084 0.214822 0.990757 0.613645 0.331363 
0.078058 0.360074 0.961165 0.365349 0.794984 
0.222049 0.904833 0.57228 0.034969 0.555935 
0.699233 0.499263 0.91793 0.172097 0.07838000000000001 
0.288631 0.156983 0.577747 0.487739 0.46274 
0.89636 0.858854 0.13579 0.499386 0.117626 
0.195553 0.850427 0.254648 0.128981 0.827636 
0.418064 0.857412 0.382703 0.700684 0.653206 
0.5903080000000001 0.776859 0.459326 0.933093 0.213504 
0.486053 0.724869 0.044063 0.5866980000000001 0.86553 
0.487068 0.236696 0.292193 0.745211 0.938069 
0.218893 0.058564 0.520083 0.53195 0.8165790000000001 
0.961118 0.526118 0.474183 0.118976 0.51994 
0.833863 0.474675 0.592797 0.123334 0.806535 
0.288639 0.7478669999999999 0.719678 0.011488 0.828581 
0.947325 0.200959 0.144039 0.432353 0.61164 
0.970052 0.016846 0.882621 0.432645 0.291511 
0.250925 0.216952 0.957732 0.685123 0.627834 
0.155761 0.982511 0.448359 0.268885 0.731748 
0.18516 0.586687 0.795139 0.430469 0.121444 
0.841465 0.053689 0.439549 0.922031 0.347928 
0.481223 0.119307 0.9338610000000001 0.830854 0.480835 
0.581383 0.022159 0.472269 0.8612030000000001 0.441198 
0.647822 0.713819 0.032665 0.93788 0.285767 
0.773481 0.314875 0.402286 0.955022 0.08366899999999999 
0.890108 0.587514 0.111534 0.389139 0.752567 
0.955949 0.071571 0.942831 0.246019 0.140391 
0.718692 0.9066149999999999 0.365538 0.791391 0.193926 
0.033565 0.289705 0.754868 0.75983 0.322654 
0.5797060000000001 0.222528 0.48712 0.088687 0.876321 
0.735326 0.183651 0.816559 0.052236 0.399505 
0.152607 0.427371 0.106189 0.5883620000000001 0.905489 
0.678368 0.916035 0.410811 0.415685 0.057591 
0.465533 0.443937 0.182396 0.817155 0.082084 
0.62906 0.595689 0.565016 0.015887 0.372776 
0.806824 0.266716 0.637208 0.441716 0.8136139999999999 
0.18452 0.932642 0.410869 0.084232 0.739711 
0.940898 0.658807 0.262128 0.196451 0.333351 
0.58738 0.172158 0.797389 0.936711 0.140309 
0.539368 0.391609 0.99568 0.378812 0.151514 
0.547956 0.26085 0.054405 0.816584 0.606424 
0.382189 0.106866 0.477859 0.826468 0.868991 
0.348446 0.03771 0.4616 0.687439 0.526414 
0.395923 0.986856 0.631431 0.228634 0.328228 
0.815827 0.509486 0.884454 0.526081 0.189888 
0.665297 0.474217 0.027775 0.951944 0.492696 
0.613855 0.174304 0.49417 0.486479 0.138114 
0.104913 0.556149 0.553443 0.919104 0.158809 
0.058003 0.730094 0.41524 0.228527 0.833363 
0.720073 0.012874 0.621059 0.838503 0.204666 
0.66568 0.970672 0.290795 0.779747 0.075957 
0.17134 0.9407140000000001 0.297781 0.964831 0.217908 
0.599431 0.004907 0.675314 0.408659 0.583971 
0.452233 0.5146770000000001 0.900671 0.027633 0.298252 
0.477703 0.940497 0.265315 0.610701 0.085447 
0.935091 0.064459 0.522747 0.335554 0.485942 
0.108649 0.26504 0.803914 0.883646 0.592194 
0.58772 0.414343 0.231889 0.104265 0.949442 
0.09773999999999999 0.875671 0.163674 0.9053020000000001 0.383479 
0.126602 0.476419 0.8807 0.144913 0.593855 
0.415006 0.262308 0.213981 0.354015 0.857133 
0.262658 0.681855 0.8667820000000001 0.101177 0.232137 
0.971929 0.146911 0.5563900000000001 0.435514 0.157329 
0.06447 0.163549 0.653119 0.432221 0.8978699999999999 
0.335511 0.772191 0.42024 0.06403300000000001 0.949635 
0.070213 0.897783 0.06633699999999999 0.651552 0.5552280000000001 
0.156303 0.80391 0.309128 0.268485 0.467132 
0.655462 0.766386 0.486989 0.051938 0.7704800000000001 
0.351888 0.804918 0.348212 0.693478 0.031917 
0.941916 0.465012 0.382954 0.318052 0.117822 
0.35857 0.8489989999999999 0.49147 0.054268 0.962421 
0.356662 0.870808 0.853888 0.398804 0.08903700000000001 
0.101351 0.4118 0.633089 0.390368 0.987061 
0.447125 0.7295700000000001 0.510067 0.920676 0.375952 
0.946702 0.777407 0.06769799999999999 0.408874 0.417638 
0.09489 0.582759 0.689376 0.106389 0.621594 
0.981909 0.301519 0.398285 0.374729 0.557435 
0.511026 0.679996 0.5271940000000001 0.015151 0.8212699999999999 
0.863967 0.094025 0.107991 0.773988 0.510065 
0.852884 0.437573 0.430949 0.46825 0.732586 
0.180237 0.861453 0.272796 0.898267 0.618993 
0.730976 0.248394 0.867183 0.040077 0.372454 
0.949462 0.249846 0.486921 0.254801 0.752977 
0.753071 0.849392 0.330369 0.842042 0.009183999999999999 
0.866908 0.302789 0.0522 0.29236 0.718509 
0.344422 0.930223 0.315716 0.279984 0.280602 
0.128536 0.911744 0.372068 0.816905 0.162323 
0.022304 0.752788 0.538531 0.833492 0.536631 
0.913826 0.739412 0.365511 0.119346 0.532117 
0.453414 0.123595 0.442778 0.9646670000000001 0.430453 
0.947872 0.7886300000000001 0.214827 0.262583 0.360058 
0.762585 0.006416 0.80985 0.359016 0.273257 
0.982448 0.332542 0.209939 0.493669 0.399134 
0.89788 0.66468 0.027955 0.871011 0.06361600000000001 
0.179541 0.235253 0.872037 0.721639 0.280752 
0.92633 0.896308 0.184673 0.550239 0.12482 
0.690562 0.050412 0.710244 0.15946 0.628892 
0.238688 0.566434 0.3229 0.148809 0.85134 
0.08199099999999999 0.396669 0.273073 0.522369 0.882796 
0.6723440000000001 0.6934129999999999 0.092056 0.959664 0.157412 
0.498793 0.724137 0.041118 0.780096 0.71607 
0.635135 0.141563 0.203731 0.478922 0.7168679999999999 
0.786787 0.11326 0.408912 0.906042 0.514193 
0.389462 0.987463 0.358397 0.118871 0.526995 
0.104504 0.9049779999999999 0.6865830000000001 0.088936 0.827561 
0.795973 0.106303 0.8299260000000001 0.792609 0.054606 
0.371135 0.67655 0.06308 0.347014 0.631811 
0.212422 0.379248 0.6365229999999999 0.983971 0.246703 
0.352606 0.140044 0.68209 0.889312 0.218684 
0.616009 0.6494450000000001 0.853065 0.345523 0.044151 
0.235394 0.83312 0.537656 0.421096 0.877482 
0.7074510000000001 0.887758 0.535962 0.246511 0.502283 
0.9248189999999999 0.266311 0.188218 0.282821 0.935574 
0.989777 0.449134 0.394312 0.5078589999999999 0.479383 
0.984823 0.189353 0.881924 0.300023 0.501538 
0.653672 0.020038 0.886868 0.431867 0.614756 
0.7350100000000001 0.891718 0.118106 0.325938 0.320412 
0.782901 0.041812 0.342142 0.388689 0.866522 
0.58226 0.8920709999999999 0.099232 0.14826 0.612507 
0.278976 0.761944 0.069704 0.825929 0.273956 
0.529452 0.045996 0.885484 0.788597 0.253768 
0.869325 0.561299 0.049963 0.267829 0.510612 
0.133521 0.748743 0.83094 0.5736830000000001 0.6080719999999999 
0.07546899999999999 0.427987 0.957778 0.580199 0.600862 
0.833256 0.037905 0.549513 0.610822 0.7149799999999999 
0.346565 0.206401 0.893617 0.033646 0.957284 
0.170414 0.015981 0.869587 0.484888 0.815879 
0.575088 0.093649 0.895968 0.386135 0.823163 
0.15731 0.977166 0.156541 0.294752 0.6735 
0.132259 0.5918020000000001 0.948672 0.253541 0.336324 
0.774601 0.188779 0.9387529999999999 0.651632 0.224679 
0.191723 0.475255 0.08029600000000001 0.497521 0.906091 
0.904434 0.830608 0.168678 0.548522 0.075437 
0.160921 0.81131 0.6461519999999999 0.037038 0.754449 
0.539146 0.981167 0.110221 0.737706 0.26917 
0.6208669999999999 0.327333 0.013564 0.62453 0.714804 
0.183231 0.327797 0.333701 0.9642579999999999 0.7261300000000001 
0.830581 0.673828 0.702945 0.260111 0.011373 
0.536462 0.733826 0.173283 0.895498 0.027975 
0.682126 0.261557 0.547901 0.982778 0.152319 
0.486082 0.824738 0.706361 0.115145 0.749949 
0.87203 0.58174 0.8307020000000001 0.158378 0.135848 
0.980149 0.542983 0.372213 0.716704 0.048915 
0.581581 0.689941 0.228436 0.90834 0.013105 
0.787844 0.562477 0.311091 0.04368 0.648802 
0.137911 0.930302 0.489891 0.44343 0.216211 
0.842373 0.202762 0.629624 0.950175 0.123922 
0.087037 0.194063 0.564848 0.952713 0.681599 
0.571852 0.456314 0.571586 0.970193 0.101963 
0.177828 0.289665 0.42204 0.553971 0.978855 
0.02329 0.492705 0.914849 0.381326 0.809979 
0.313693 0.839276 0.18167 0.183303 0.657897 
0.246933 0.964261 0.370245 0.09950100000000001 0.8272080000000001 
0.147911   0.97 0.342762 0.735036 0.44687 
0.303209 0.037979 0.699333 0.819356 0.6307700000000001 
0.640972 0.029876 0.573844 0.940926 0.419908 
0.982995 0.445387 0.400281 0.11543 0.380511 
0.943256 0.612837 0.749183 0.374299 0.086562 
0.74243 0.06105 0.9532659999999999 0.068874 0.716604 
0.949649 0.035767 0.470798 0.633611 0.442106 
0.642032 0.669747 0.102659 0.334621 0.902177 
0.496526 0.793521 0.038671 0.929705 0.188852 
0.753674 0.090873 0.842465 0.8515200000000001 0.316671 
0.903626 0.259067 0.975378 0.21384 0.195392 
0.214708 0.781579 0.162605 0.172815 0.882099 
0.5893890000000001 0.512216 0.987606 0.090073 0.238645 
0.566547 0.671385 0.9383860000000001 0.115723 0.198693 
0.271123 0.847633 0.896914 0.55679 0.086838 
0.617448 0.838848 0.890155 0.152056 0.191385 
0.122235 0.9858789999999999 0.371446 0.267462 0.612604 
0.025658 0.782588 0.453779 0.329193 0.965301 
0.763702 0.849149 0.061196 0.214886 0.702848 
0.20307 0.063738 0.741859 0.909094 0.5787369999999999 
0.709445 0.589585 0.297028 0.969801 0.155751 
0.09747400000000001 0.316949 0.679473 0.73749 0.858254 
0.351526 0.027996 0.555589 0.897679 0.540833 
0.961263 0.535251 0.126582 0.538872 0.549004 
0.383227 0.8625159999999999 0.533214 0.546724 0.669612 
0.367509 0.067165 0.695863 0.748436 0.841605 
0.691304 0.521759 0.582359 0.472363 0.003877 
0.828225 0.168524 0.126872 0.645271 0.88652 
0.739337 0.093611 0.983461 0.433876 0.192749 
0.669872 0.460972 0.016229 0.89062 0.322348 
0.14936 0.56392 0.818546 0.067674 0.527864 
0.767798 0.727473 0.151424 0.184486 0.332033 
0.690086 0.030351 0.5377110000000001 0.69151 0.829757 
0.793026 0.358814 0.78156 0.066265 0.7324270000000001 
0.525631 0.573634 0.998994 0.177892 0.191358 
0.993017 0.518217 0.52178 0.250395 0.290932 
0.595112 0.045524 0.8503810000000001 0.697824 0.202507 
0.972997 0.516699 0.682918 0.288901 0.510287 
0.341316 0.948999 0.368944 0.910293 0.008085999999999999 
0.556658 0.875701 0.127097 0.907189 0.030095 
0.126232 0.212476 0.916524 0.655233 0.438325 
0.733589 0.062721 0.261568 0.6043230000000001 0.837557 
0.3658 0.152253 0.603308 0.107319 0.898288 
0.234124 0.820846 0.8681720000000001 0.041342 0.7208560000000001 
0.869217 0.437737 0.025719 0.633916 0.249113 
0.271241 0.638782 0.48434 0.9916779999999999 0.183047 
0.214926 0.878295 0.8854379999999999 0.221754 0.365767 
