5
583
5.419620000000000548e-01 4.554110000000000102e-01 5.288329999999999975e-01 5.790239999999999831e-01 4.248759999999999759e-01
4.702640000000000153e-01 6.205829999999999957e-01 4.323890000000000233e-01 3.850839999999999819e-01 6.668650000000000411e-01
6.816010000000000124e-01 4.281300000000000106e-01 5.292240000000000277e-01 6.091509999999999980e-01 4.670529999999999959e-01
4.712910000000000155e-01 7.532759999999999456e-01 2.673619999999999886e-01 6.197540000000000271e-01 4.884820000000000273e-01
5.120029999999999859e-01 5.571530000000000094e-01 4.251360000000000139e-01 5.451240000000000530e-01 5.858689999999999731e-01
4.491589999999999749e-01 6.700920000000000210e-01 2.774440000000000239e-01 5.874409999999999910e-01 4.879780000000000229e-01
5.288049999999999695e-01 5.402150000000000007e-01 3.061490000000000045e-01 6.925820000000000309e-01 4.879530000000000256e-01
4.011959999999999971e-01 3.458939999999999793e-01 4.550549999999999873e-01 4.349850000000000105e-01 8.462039999999999562e-01
5.969910000000000494e-01 5.904779999999999474e-01 4.664989999999999970e-01 6.599040000000000461e-01 1.505420000000000091e-01
5.291949999999999710e-01 2.811310000000000198e-01 5.238390000000000546e-01 5.746099999999999541e-01 6.562139999999999640e-01
4.156219999999999914e-01 6.952080000000000481e-01 4.167409999999999726e-01 5.571899999999999631e-01 2.629210000000000158e-01
3.414300000000000113e-01 6.075300000000000145e-01 2.478539999999999910e-01 6.436220000000000274e-01 5.654329999999999634e-01
6.799110000000000431e-01 4.164059999999999984e-01 6.721639999999999837e-01 2.484010000000000107e-01 5.548819999999999864e-01
3.904159999999999853e-01 2.629380000000000051e-01 5.519880000000000342e-01 6.979469999999999841e-01 5.757510000000000128e-01
3.247559999999999891e-01 5.012170000000000236e-01 6.182069999999999510e-01 2.793240000000000167e-01 7.721529999999999783e-01
4.992190000000000238e-01 6.315370000000000150e-01 4.078220000000000178e-01 6.832390000000000407e-01 5.036559999999999926e-01
3.992499999999999938e-01 5.920809999999999684e-01 3.699580000000000091e-01 5.494599999999999485e-01 5.841690000000000493e-01
3.200069999999999859e-01 7.491889999999999938e-01 5.767210000000000392e-01 5.223560000000000425e-01 4.573710000000000275e-01
4.389190000000000036e-01 5.802720000000000100e-01 3.816459999999999853e-01 6.968990000000000462e-01 3.797170000000000267e-01
7.084460000000000202e-01 5.216349999999999598e-01 4.698240000000000194e-01 3.715579999999999994e-01 5.443890000000000118e-01
4.822670000000000012e-01 4.408779999999999921e-01 5.200350000000000250e-01 7.535979999999999901e-01 2.094669999999999865e-01
5.528100000000000236e-01 5.499049999999999772e-01 6.442329999999999446e-01 3.759709999999999996e-01 2.650939999999999963e-01
5.630140000000000144e-01 7.091460000000000541e-01 3.036329999999999862e-01 6.570690000000000142e-01 4.585739999999999816e-01
1.838480000000000114e-01 4.789050000000000251e-01 6.479930000000000412e-01 4.324089999999999878e-01 7.052239999999999620e-01
5.812349999999999461e-01 6.465710000000000068e-01 2.628849999999999798e-01 6.556629999999999958e-01 3.747869999999999813e-01
6.837100000000000399e-01 3.396850000000000147e-01 5.798720000000000541e-01 5.996040000000000258e-01 2.454520000000000035e-01
5.063199999999999923e-01 6.571129999999999471e-01 2.861830000000000207e-01 6.190029999999999699e-01 6.294509999999999827e-01
6.422320000000000251e-01 4.108089999999999797e-01 2.476190000000000058e-01 5.228260000000000129e-01 5.592500000000000249e-01
6.728650000000000464e-01 6.837830000000000297e-01 3.932570000000000232e-01 6.246220000000000105e-01 2.628340000000000121e-01
3.153599999999999737e-01 7.314289999999999958e-01 4.710360000000000102e-01 5.759689999999999532e-01 5.471489999999999965e-01
2.262299999999999867e-01 5.323419999999999819e-01 6.437889999999999446e-01 5.661730000000000373e-01 5.589709999999999956e-01
4.498389999999999889e-01 4.976700000000000013e-01 6.369979999999999531e-01 5.551469999999999461e-01 5.644959999999999978e-01
5.156079999999999552e-01 3.489059999999999939e-01 2.711910000000000154e-01 6.257880000000000109e-01 5.900459999999999594e-01
2.176970000000000016e-01 5.967419999999999947e-01 4.485419999999999963e-01 6.935569999999999791e-01 4.619519999999999738e-01
4.022100000000000120e-01 4.883930000000000216e-01 3.889639999999999764e-01 5.076289999999999969e-01 4.699889999999999901e-01
3.708620000000000250e-01 4.620349999999999735e-01 3.926250000000000018e-01 4.762640000000000207e-01 5.697539999999999827e-01
4.312679999999999847e-01 6.513539999999999885e-01 2.658800000000000052e-01 7.423030000000000461e-01 4.519940000000000069e-01
7.714900000000000091e-01 3.288989999999999969e-01 4.065590000000000037e-01 5.745059999999999611e-01 4.034420000000000228e-01
5.938259999999999650e-01 3.170540000000000025e-01 3.825879999999999836e-01 6.861880000000000202e-01 4.826110000000000122e-01
4.606979999999999964e-01 5.060299999999999798e-01 4.670429999999999859e-01 6.038919999999999844e-01 5.980119999999999880e-01
4.795730000000000270e-01 6.884240000000000359e-01 2.856980000000000075e-01 3.918289999999999829e-01 5.351460000000000106e-01
2.872970000000000246e-01 7.129480000000000262e-01 5.233069999999999666e-01 4.129169999999999785e-01 5.243039999999999923e-01
6.079750000000000432e-01 6.023749999999999938e-01 3.667759999999999909e-01 6.778800000000000381e-01 3.827749999999999764e-01
5.904139999999999944e-01 3.154319999999999902e-01 6.127890000000000281e-01 3.763000000000000234e-01 5.881340000000000456e-01
7.030149999999999455e-01 2.763360000000000261e-01 5.999499999999999833e-01 5.213590000000000169e-01 4.819800000000000195e-01
5.857839999999999714e-01 4.219470000000000165e-01 4.466410000000000102e-01 5.113269999999999760e-01 4.525299999999999878e-01
6.276800000000000157e-01 5.818020000000000413e-01 2.409949999999999870e-01 5.842319999999999736e-01 3.880109999999999948e-01
6.046059999999999768e-01 5.598400000000000043e-01 4.200360000000000205e-01 5.889330000000000398e-01 3.716570000000000151e-01
5.601620000000000488e-01 6.131069999999999576e-01 4.329310000000000103e-01 6.269559999999999578e-01 4.486979999999999857e-01
5.393839999999999746e-01 6.055989999999999984e-01 4.275149999999999784e-01 3.554919999999999747e-01 5.869619999999999838e-01
6.614849999999999897e-01 4.572450000000000125e-01 4.832230000000000136e-01 2.376300000000000079e-01 5.660110000000000419e-01
7.607819999999999583e-01 5.045680000000000165e-01 4.710159999999999902e-01 4.005810000000000204e-01 4.819629999999999748e-01
4.892730000000000135e-01 6.229789999999999495e-01 2.444929999999999881e-01 4.801449999999999885e-01 6.989570000000000505e-01
4.232000000000000206e-01 3.382569999999999744e-01 4.544110000000000094e-01 5.432820000000000427e-01 8.212679999999999980e-01
4.943080000000000251e-01 4.817790000000000128e-01 5.086110000000000353e-01 4.435459999999999958e-01 5.664400000000000546e-01
6.986499999999999932e-01 6.334699999999999775e-01 3.176019999999999954e-01 4.751810000000000200e-01 3.347600000000000020e-01
6.856989999999999474e-01 6.154819999999999736e-01 4.008109999999999729e-01 4.349359999999999893e-01 3.527239999999999820e-01
4.435120000000000173e-01 6.152239999999999931e-01 6.030339999999999590e-01 4.817890000000000228e-01 3.292880000000000251e-01
2.230020000000000058e-01 6.665060000000000429e-01 3.496139999999999803e-01 6.225190000000000445e-01 5.550000000000000488e-01
3.643370000000000219e-01 4.300959999999999783e-01 7.276899999999999480e-01 4.068069999999999742e-01 4.101940000000000031e-01
3.001650000000000151e-01 6.567060000000000120e-01 4.079389999999999961e-01 7.422809999999999686e-01 4.798439999999999928e-01
3.601070000000000104e-01 5.179120000000000390e-01 3.354809999999999737e-01 4.607439999999999869e-01 8.033299999999999885e-01
5.697820000000000107e-01 4.852819999999999911e-01 3.987689999999999846e-01 3.474960000000000271e-01 5.007319999999999549e-01
5.724599999999999689e-01 4.884820000000000273e-01 6.252780000000000005e-01 2.970430000000000015e-01 6.722650000000000015e-01
5.238500000000000378e-01 4.001529999999999809e-01 6.203450000000000353e-01 4.779760000000000120e-01 3.684430000000000205e-01
5.980429999999999913e-01 5.763559999999999794e-01 3.353130000000000277e-01 6.752789999999999626e-01 2.921179999999999888e-01
4.225869999999999904e-01 7.002380000000000271e-01 3.048609999999999931e-01 7.395800000000000152e-01 4.339689999999999936e-01
4.087890000000000135e-01 7.028670000000000195e-01 4.211900000000000088e-01 3.422009999999999774e-01 4.234959999999999836e-01
3.642369999999999775e-01 5.482259999999999911e-01 5.671810000000000462e-01 3.373970000000000025e-01 4.601370000000000182e-01
6.810460000000000402e-01 3.978729999999999767e-01 4.278359999999999941e-01 4.440919999999999868e-01 6.960290000000000088e-01
4.859299999999999731e-01 3.938749999999999751e-01 4.308770000000000100e-01 7.024979999999999558e-01 5.996390000000000331e-01
5.371949999999999781e-01 3.366990000000000260e-01 5.355990000000000473e-01 4.438690000000000135e-01 6.740009999999999613e-01
5.889539999999999775e-01 2.138339999999999963e-01 4.684269999999999823e-01 6.660570000000000102e-01 4.456410000000000093e-01
6.707649999999999446e-01 4.423059999999999770e-01 3.125029999999999752e-01 7.239679999999999449e-01 2.966639999999999833e-01
5.820980000000000043e-01 4.441669999999999785e-01 3.436159999999999770e-01 4.970269999999999966e-01 4.108840000000000270e-01
6.268479999999999608e-01 3.876000000000000001e-01 5.102170000000000316e-01 6.788170000000000037e-01 4.759660000000000002e-01
3.484470000000000067e-01 5.929630000000000178e-01 3.818610000000000060e-01 7.144220000000000015e-01 4.312280000000000002e-01
6.182809999999999695e-01 6.475560000000000205e-01 3.960270000000000179e-01 5.126739999999999631e-01 4.747239999999999793e-01
5.826259999999999772e-01 4.169160000000000088e-01 6.959450000000000358e-01 6.125930000000000542e-01 2.262429999999999997e-01
2.146079999999999932e-01 5.596410000000000551e-01 4.807779999999999831e-01 4.335709999999999842e-01 7.107390000000000096e-01
3.887149999999999772e-01 3.670519999999999894e-01 6.344969999999999777e-01 2.964390000000000081e-01 8.090119999999999534e-01
5.838520000000000376e-01 2.441979999999999984e-01 6.607899999999999885e-01 6.498800000000000132e-01 3.214589999999999947e-01
2.832890000000000130e-01 4.424440000000000039e-01 5.354259999999999575e-01 6.628249999999999975e-01 5.532340000000000035e-01
4.516950000000000132e-01 4.084090000000000220e-01 5.881509999999999794e-01 4.666339999999999932e-01 6.039630000000000276e-01
5.821600000000000108e-01 2.753920000000000257e-01 5.117800000000000127e-01 3.737469999999999959e-01 6.331809999999999938e-01
4.331430000000000002e-01 4.437630000000000186e-01 5.666099999999999470e-01 3.346219999999999750e-01 6.432120000000000060e-01
7.379539999999999988e-01 3.061940000000000217e-01 6.098029999999999839e-01 5.014680000000000248e-01 4.551540000000000030e-01
5.923150000000000359e-01 3.586579999999999768e-01 4.695199999999999929e-01 4.498940000000000161e-01 5.557499999999999662e-01
4.897850000000000259e-01 3.563299999999999801e-01 3.881120000000000125e-01 7.969600000000000017e-01 4.746830000000000216e-01
5.925589999999999469e-01 3.589570000000000261e-01 5.721589999999999732e-01 2.856839999999999935e-01 5.389829999999999899e-01
5.581009999999999582e-01 3.519149999999999778e-01 6.917149999999999688e-01 6.296669999999999767e-01 4.597879999999999745e-01
5.074049999999999949e-01 7.564189999999999525e-01 4.386189999999999811e-01 6.412120000000000042e-01 2.204339999999999911e-01
7.353349999999999609e-01 3.309369999999999812e-01 4.424100000000000255e-01 6.696400000000000130e-01 2.507530000000000037e-01
5.662139999999999951e-01 4.725840000000000041e-01 3.614140000000000130e-01 6.569869999999999877e-01 3.276069999999999816e-01
4.404609999999999914e-01 5.123670000000000169e-01 4.202910000000000257e-01 5.975179999999999936e-01 4.582600000000000007e-01
4.438389999999999835e-01 4.964219999999999744e-01 5.001280000000000170e-01 5.430890000000000439e-01 5.471219999999999972e-01
4.778609999999999802e-01 4.860619999999999941e-01 3.392990000000000173e-01 5.803199999999999470e-01 5.882880000000000331e-01
3.120049999999999768e-01 4.703519999999999923e-01 7.208059999999999468e-01 3.114020000000000121e-01 6.335549999999999793e-01
4.155940000000000190e-01 5.925160000000000426e-01 3.846300000000000274e-01 4.764349999999999974e-01 6.990159999999999707e-01
5.584620000000000140e-01 3.227149999999999741e-01 6.153309999999999613e-01 3.582859999999999934e-01 6.402630000000000265e-01
7.295960000000000223e-01 5.310799999999999965e-01 4.584320000000000062e-01 4.587749999999999884e-01 3.937300000000000244e-01
4.952469999999999928e-01 4.661310000000000175e-01 6.868009999999999948e-01 4.010949999999999793e-01 4.647390000000000132e-01
3.055339999999999723e-01 6.928969999999999851e-01 3.815189999999999970e-01 6.184340000000000392e-01 5.454660000000000064e-01
3.896359999999999824e-01 3.580940000000000234e-01 5.658579999999999721e-01 5.080350000000000144e-01 7.840059999999999807e-01
5.443409999999999638e-01 7.446450000000000014e-01 4.654449999999999976e-01 5.779149999999999565e-01 2.020049999999999901e-01
5.463130000000000486e-01 4.418270000000000253e-01 4.626720000000000277e-01 7.668760000000000021e-01 1.997250000000000136e-01
6.442600000000000549e-01 5.064419999999999478e-01 3.139390000000000236e-01 4.597890000000000033e-01 3.847039999999999904e-01
5.564999999999999947e-01 6.983340000000000103e-01 2.331570000000000031e-01 4.993380000000000041e-01 6.295669999999999877e-01
6.574710000000000276e-01 4.889149999999999885e-01 2.615279999999999827e-01 4.636529999999999818e-01 4.469799999999999884e-01
3.287039999999999962e-01 7.116759999999999753e-01 4.650159999999999849e-01 3.100359999999999783e-01 7.443380000000000551e-01
4.489219999999999877e-01 3.732790000000000274e-01 6.265669999999999851e-01 3.756229999999999847e-01 5.261320000000000441e-01
3.593819999999999792e-01 4.724599999999999911e-01 5.641859999999999653e-01 5.530530000000000168e-01 6.747589999999999977e-01
5.265670000000000073e-01 5.714200000000000390e-01 4.796130000000000115e-01 4.770699999999999941e-01 5.146410000000000151e-01
4.714229999999999809e-01 4.591000000000000081e-01 6.304079999999999684e-01 4.789459999999999829e-01 6.176850000000000396e-01
5.428209999999999980e-01 2.523259999999999947e-01 5.081630000000000313e-01 5.125960000000000516e-01 7.072230000000000461e-01
5.612690000000000179e-01 2.970070000000000210e-01 3.681849999999999845e-01 7.115329999999999711e-01 5.620960000000000401e-01
5.927569999999999784e-01 4.925990000000000091e-01 5.413660000000000139e-01 5.377979999999999983e-01 4.219660000000000077e-01
5.428600000000000092e-01 4.739280000000000159e-01 2.281080000000000052e-01 7.153709999999999791e-01 4.193580000000000085e-01
4.912549999999999972e-01 5.372749999999999471e-01 4.936949999999999950e-01 4.242600000000000260e-01 7.001330000000000053e-01
5.786339999999999817e-01 3.241649999999999809e-01 4.942889999999999784e-01 3.145359999999999823e-01 6.018430000000000168e-01
6.472569999999999713e-01 3.696090000000000209e-01 3.893619999999999859e-01 6.943430000000000435e-01 3.029390000000000138e-01
3.377120000000000122e-01 5.370599999999999818e-01 6.443539999999999823e-01 4.803490000000000260e-01 3.451119999999999743e-01
4.300640000000000018e-01 4.591470000000000273e-01 4.993909999999999738e-01 4.642649999999999832e-01 4.604750000000000232e-01
6.369219999999999882e-01 2.914999999999999813e-01 4.334060000000000135e-01 6.183039999999999647e-01 3.764219999999999788e-01
6.310480000000000533e-01 4.201360000000000094e-01 5.351770000000000138e-01 3.240730000000000000e-01 5.963929999999999509e-01
3.654049999999999798e-01 3.783929999999999794e-01 4.843370000000000175e-01 4.905390000000000028e-01 7.339499999999999913e-01
5.960790000000000255e-01 6.836740000000000039e-01 6.643630000000000368e-01 2.889439999999999786e-01 3.761550000000000171e-01
5.046460000000000390e-01 3.975119999999999765e-01 3.551770000000000205e-01 6.965789999999999482e-01 4.478079999999999838e-01
4.375850000000000017e-01 3.160040000000000071e-01 7.869119999999999449e-01 5.356870000000000243e-01 4.758319999999999772e-01
4.873810000000000087e-01 6.682700000000000307e-01 3.213590000000000058e-01 7.300600000000000422e-01 3.666099999999999914e-01
6.879389999999999672e-01 4.587999999999999856e-01 3.633739999999999748e-01 5.883289999999999909e-01 4.107850000000000112e-01
6.730519999999999836e-01 5.474580000000000002e-01 3.791129999999999778e-01 3.659430000000000183e-01 4.518659999999999899e-01
5.036939999999999751e-01 6.154349999999999543e-01 7.348270000000000080e-01 2.663570000000000104e-01 3.748330000000000273e-01
3.599789999999999934e-01 7.593459999999999654e-01 3.158400000000000096e-01 4.422949999999999937e-01 5.083210000000000228e-01
5.052950000000000497e-01 4.754240000000000133e-01 5.491470000000000518e-01 6.496849999999999570e-01 5.661540000000000461e-01
4.711259999999999892e-01 4.234990000000000143e-01 3.951160000000000228e-01 6.516189999999999483e-01 4.987619999999999831e-01
5.792009999999999659e-01 2.764599999999999835e-01 6.325030000000000374e-01 6.124650000000000372e-01 3.236229999999999940e-01
4.210059999999999913e-01 5.180050000000000487e-01 5.846909999999999608e-01 3.820399999999999907e-01 3.801329999999999987e-01
4.950550000000000228e-01 5.402909999999999657e-01 6.426180000000000225e-01 4.663860000000000228e-01 2.002160000000000051e-01
4.426769999999999872e-01 3.150259999999999727e-01 6.551559999999999606e-01 5.844549999999999468e-01 4.946780000000000066e-01
5.241810000000000080e-01 6.429280000000000550e-01 4.303540000000000143e-01 5.364560000000000439e-01 2.762459999999999916e-01
5.092259999999999565e-01 2.833339999999999748e-01 5.811650000000000427e-01 6.694390000000000063e-01 6.032750000000000057e-01
5.280019999999999714e-01 3.802300000000000124e-01 6.948469999999999924e-01 6.162309999999999732e-01 2.806210000000000093e-01
6.585180000000000478e-01 4.067500000000000004e-01 4.068140000000000089e-01 4.938230000000000119e-01 5.822570000000000245e-01
4.319609999999999839e-01 5.612329999999999819e-01 4.341749999999999776e-01 6.542320000000000357e-01 4.168660000000000143e-01
5.851750000000000007e-01 6.533060000000000533e-01 4.416749999999999843e-01 3.987490000000000201e-01 5.872049999999999770e-01
3.684499999999999997e-01 7.497970000000000468e-01 6.076920000000000099e-01 4.756900000000000017e-01 4.281550000000000078e-01
4.027620000000000089e-01 5.024950000000000250e-01 5.708940000000000126e-01 6.179080000000000128e-01 2.869220000000000104e-01
6.993430000000000479e-01 5.965669999999999584e-01 3.525920000000000165e-01 4.596600000000000130e-01 3.303400000000000225e-01
5.074910000000000254e-01 3.873179999999999956e-01 8.071249999999999813e-01 3.624910000000000077e-01 5.552820000000000533e-01
2.284170000000000089e-01 4.565500000000000114e-01 6.583630000000000315e-01 5.708619999999999806e-01 5.516069999999999585e-01
5.448819999999999775e-01 3.710720000000000129e-01 7.412889999999999757e-01 5.884650000000000158e-01 3.980429999999999802e-01
4.917179999999999884e-01 2.501880000000000215e-01 7.643069999999999586e-01 3.812699999999999978e-01 5.693550000000000555e-01
4.576410000000000200e-01 4.210019999999999873e-01 5.315699999999999870e-01 6.357289999999999885e-01 6.734839999999999716e-01
6.359829999999999650e-01 4.272889999999999744e-01 4.600130000000000052e-01 7.477190000000000225e-01 2.880829999999999780e-01
3.073719999999999786e-01 5.636370000000000546e-01 4.215340000000000198e-01 5.656759999999999566e-01 7.144760000000000000e-01
5.317749999999999977e-01 3.898909999999999876e-01 5.765339999999999909e-01 2.724110000000000142e-01 6.003249999999999975e-01
7.578559999999999741e-01 3.878989999999999938e-01 4.263370000000000215e-01 4.589710000000000178e-01 4.307940000000000103e-01
6.130079999999999973e-01 4.757000000000000117e-01 4.072169999999999956e-01 6.457680000000000087e-01 4.458340000000000081e-01
5.190599999999999659e-01 6.347679999999999989e-01 4.097540000000000071e-01 6.219970000000000221e-01 4.500660000000000216e-01
4.219080000000000052e-01 6.840140000000000109e-01 4.451169999999999849e-01 5.565590000000000259e-01 5.310430000000000428e-01
3.426509999999999834e-01 5.960990000000000455e-01 3.546190000000000175e-01 4.083470000000000155e-01 6.639859999999999651e-01
3.803389999999999826e-01 4.852949999999999764e-01 2.249960000000000016e-01 7.064930000000000376e-01 6.079620000000000024e-01
5.372759999999999758e-01 5.679130000000000011e-01 5.800549999999999873e-01 3.648850000000000149e-01 3.588390000000000191e-01
5.360620000000000385e-01 2.760719999999999841e-01 4.822080000000000255e-01 6.186880000000000157e-01 4.239899999999999780e-01
4.069599999999999884e-01 3.231450000000000156e-01 5.427499999999999547e-01 6.784259999999999735e-01 4.164169999999999816e-01
5.649960000000000537e-01 4.893770000000000064e-01 2.851940000000000031e-01 5.211609999999999854e-01 6.997330000000000494e-01
5.632000000000000339e-01 2.671370000000000133e-01 5.363850000000000007e-01 4.650219999999999909e-01 7.279390000000000027e-01
4.327099999999999835e-01 5.971140000000000336e-01 2.757820000000000271e-01 7.479930000000000190e-01 3.485980000000000190e-01
4.880740000000000078e-01 4.415839999999999765e-01 4.125690000000000190e-01 7.212570000000000370e-01 6.128780000000000339e-01
4.572789999999999910e-01 4.928750000000000075e-01 4.258489999999999776e-01 3.914759999999999907e-01 7.578749999999999654e-01
2.802620000000000111e-01 4.959959999999999924e-01 5.962370000000000170e-01 4.585409999999999764e-01 6.706189999999999651e-01
5.589070000000000427e-01 4.328359999999999985e-01 5.125410000000000244e-01 6.604729999999999768e-01 4.770429999999999948e-01
5.895909999999999762e-01 4.696910000000000251e-01 4.798999999999999932e-01 6.769899999999999807e-01 2.929459999999999842e-01
6.092739999999999823e-01 5.139869999999999717e-01 3.127210000000000267e-01 4.936789999999999790e-01 5.381329999999999725e-01
7.963350000000000151e-01 4.924959999999999893e-01 4.615940000000000043e-01 5.941610000000000502e-01 2.457979999999999887e-01
4.825229999999999797e-01 3.814429999999999765e-01 5.829999999999999627e-01 3.898150000000000226e-01 6.700129999999999697e-01
6.286310000000000509e-01 4.835539999999999838e-01 5.189660000000000384e-01 6.056820000000000537e-01 5.125140000000000251e-01
3.987499999999999933e-01 5.415330000000000421e-01 4.720409999999999884e-01 7.363760000000000305e-01 3.529470000000000107e-01
5.271369999999999667e-01 6.802139999999999853e-01 5.331190000000000095e-01 3.399309999999999832e-01 4.701089999999999991e-01
6.663559999999999484e-01 5.905430000000000401e-01 3.365380000000000038e-01 3.974309999999999787e-01 5.634829999999999561e-01
5.003530000000000477e-01 4.324529999999999763e-01 6.521050000000000457e-01 5.268709999999999782e-01 5.762119999999999465e-01
3.983079999999999954e-01 4.550060000000000215e-01 3.852019999999999889e-01 6.062359999999999971e-01 4.417289999999999828e-01
4.398059999999999747e-01 4.861110000000000153e-01 7.361689999999999623e-01 2.723280000000000145e-01 5.345579999999999776e-01
4.874290000000000012e-01 7.501679999999999460e-01 3.225660000000000194e-01 6.288150000000000128e-01 5.098530000000000006e-01
4.795329999999999870e-01 4.927090000000000081e-01 2.579839999999999911e-01 4.889939999999999842e-01 7.379599999999999493e-01
4.867409999999999792e-01 6.579909999999999926e-01 6.128219999999999779e-01 6.195019999999999971e-01 2.769229999999999747e-01
3.081829999999999847e-01 4.837750000000000106e-01 7.191990000000000327e-01 3.967959999999999821e-01 6.026899999999999480e-01
6.392539999999999889e-01 3.489099999999999979e-01 6.275060000000000082e-01 6.249169999999999447e-01 2.078419999999999990e-01
5.151750000000000496e-01 5.188800000000000079e-01 5.128019999999999801e-01 2.676879999999999815e-01 5.225840000000000485e-01
6.525710000000000122e-01 6.081689999999999596e-01 5.942150000000000487e-01 3.792429999999999968e-01 4.226860000000000062e-01
4.900140000000000051e-01 6.092100000000000293e-01 4.917819999999999969e-01 4.724679999999999991e-01 6.102659999999999751e-01
3.254659999999999775e-01 5.640110000000000401e-01 2.779699999999999949e-01 7.939850000000000518e-01 5.021970000000000045e-01
4.453849999999999754e-01 3.816849999999999965e-01 4.069570000000000132e-01 5.620659999999999545e-01 7.410160000000000080e-01
7.056649999999999867e-01 4.555270000000000152e-01 4.608530000000000126e-01 3.942339999999999733e-01 5.493219999999999770e-01
4.854959999999999831e-01 4.331180000000000030e-01 4.876639999999999864e-01 2.989800000000000235e-01 8.245409999999999684e-01
5.595449999999999591e-01 3.738040000000000251e-01 4.516299999999999759e-01 4.549949999999999828e-01 5.142719999999999514e-01
5.073790000000000244e-01 6.660829999999999806e-01 5.099310000000000231e-01 2.578570000000000029e-01 5.428500000000000547e-01
4.934950000000000170e-01 6.039579999999999949e-01 3.214359999999999995e-01 4.733539999999999970e-01 5.458809999999999496e-01
4.338819999999999899e-01 7.796070000000000499e-01 3.215459999999999985e-01 7.278649999999999842e-01 3.661240000000000050e-01
7.660460000000000047e-01 4.792600000000000193e-01 3.042569999999999997e-01 6.675959999999999672e-01 2.581390000000000073e-01
6.694740000000000135e-01 3.889580000000000259e-01 6.074190000000000422e-01 3.448769999999999891e-01 4.716549999999999909e-01
6.293269999999999698e-01 4.616799999999999793e-01 2.210090000000000110e-01 4.447369999999999934e-01 6.357099999999999973e-01
3.204609999999999959e-01 3.824089999999999989e-01 4.366220000000000101e-01 4.832919999999999994e-01 8.212040000000000450e-01
6.688399999999999901e-01 3.062420000000000142e-01 4.901769999999999738e-01 6.564109999999999667e-01 5.048510000000000497e-01
5.290610000000000035e-01 6.303389999999999826e-01 3.977550000000000252e-01 4.061379999999999990e-01 6.612529999999999797e-01
4.682310000000000083e-01 4.097839999999999816e-01 6.344539999999999624e-01 4.715030000000000054e-01 6.798539999999999583e-01
5.156830000000000025e-01 2.774209999999999732e-01 4.710460000000000202e-01 4.748490000000000211e-01 5.735710000000000530e-01
4.856489999999999974e-01 5.112940000000000262e-01 5.086469999999999603e-01 4.546299999999999786e-01 4.543019999999999836e-01
5.303390000000000049e-01 6.598309999999999453e-01 3.410509999999999931e-01 4.661190000000000055e-01 5.390490000000000004e-01
5.161909999999999554e-01 5.114159999999999817e-01 5.201700000000000212e-01 2.226640000000000008e-01 6.866339999999999666e-01
6.178519999999999568e-01 5.612719999999999931e-01 5.586640000000000494e-01 5.052200000000000024e-01 3.245390000000000219e-01
5.746959999999999846e-01 5.345980000000000176e-01 6.866900000000000226e-01 2.717990000000000128e-01 5.302689999999999904e-01
3.410799999999999943e-01 6.938640000000000363e-01 5.514299999999999757e-01 2.907230000000000092e-01 5.584109999999999907e-01
4.881719999999999948e-01 8.273120000000000474e-01 3.454550000000000121e-01 4.741150000000000087e-01 3.574689999999999812e-01
4.915200000000000125e-01 4.682060000000000111e-01 5.073980000000000157e-01 4.361729999999999774e-01 4.494799999999999907e-01
6.364969999999999795e-01 3.293070000000000164e-01 4.215419999999999723e-01 5.483409999999999673e-01 4.229200000000000181e-01
3.079990000000000228e-01 7.526389999999999469e-01 3.899719999999999853e-01 6.544689999999999674e-01 4.965890000000000026e-01
3.451110000000000011e-01 5.295980000000000132e-01 6.391250000000000542e-01 6.492130000000000400e-01 2.783399999999999763e-01
5.723270000000000302e-01 5.075439999999999952e-01 3.778679999999999817e-01 4.855419999999999736e-01 4.838509999999999756e-01
4.211320000000000063e-01 5.711429999999999563e-01 2.962569999999999926e-01 5.110890000000000155e-01 6.158050000000000468e-01
2.484659999999999924e-01 6.563179999999999570e-01 4.816090000000000093e-01 4.495850000000000124e-01 5.891049999999999898e-01
5.317629999999999857e-01 5.937240000000000295e-01 6.676250000000000240e-01 2.622180000000000066e-01 4.059570000000000123e-01
4.029920000000000169e-01 7.135620000000000296e-01 5.373139999999999583e-01 3.344409999999999883e-01 4.833109999999999906e-01
3.867769999999999819e-01 4.099360000000000226e-01 7.573410000000000419e-01 4.087930000000000175e-01 3.931850000000000067e-01
6.335840000000000360e-01 4.981360000000000232e-01 1.866319999999999923e-01 5.962509999999999755e-01 6.350719999999999699e-01
5.981459999999999555e-01 3.662710000000000132e-01 6.806200000000000028e-01 4.326510000000000078e-01 5.154689999999999550e-01
5.918959999999999777e-01 6.327819999999999556e-01 3.558760000000000256e-01 6.207150000000000167e-01 2.956340000000000079e-01
6.431710000000000482e-01 5.204919999999999547e-01 2.055950000000000000e-01 5.015349999999999531e-01 4.878410000000000246e-01
4.172850000000000170e-01 6.434330000000000327e-01 3.185470000000000246e-01 5.396570000000000533e-01 5.421300000000000008e-01
4.229959999999999831e-01 5.677280000000000104e-01 4.583920000000000217e-01 4.240579999999999905e-01 6.020100000000000451e-01
5.506400000000000183e-01 2.991650000000000142e-01 5.556910000000000460e-01 4.683479999999999865e-01 5.647999999999999687e-01
3.508129999999999860e-01 5.285640000000000338e-01 4.476539999999999964e-01 4.552300000000000235e-01 7.559970000000000301e-01
7.093019999999999881e-01 6.059059999999999446e-01 4.571589999999999820e-01 6.234650000000000469e-01 2.754090000000000149e-01
5.810130000000000017e-01 4.194459999999999855e-01 5.932150000000000478e-01 4.949489999999999723e-01 4.286880000000000135e-01
6.515630000000000033e-01 3.209110000000000018e-01 7.320830000000000393e-01 3.766019999999999923e-01 4.730199999999999960e-01
6.452930000000000055e-01 5.382179999999999742e-01 5.112100000000000533e-01 4.524219999999999908e-01 2.670009999999999883e-01
7.870880000000000098e-01 5.372470000000000301e-01 3.396939999999999960e-01 4.623570000000000180e-01 4.930510000000000170e-01
3.703080000000000260e-01 3.553319999999999812e-01 5.972760000000000291e-01 3.843309999999999782e-01 5.369909999999999961e-01
4.383989999999999831e-01 4.882219999999999893e-01 6.176770000000000316e-01 6.053150000000000475e-01 5.118679999999999897e-01
2.352440000000000087e-01 5.986970000000000347e-01 6.580930000000000391e-01 4.099510000000000098e-01 4.574650000000000105e-01
5.128939999999999610e-01 6.375269999999999548e-01 5.313609999999999722e-01 4.955550000000000233e-01 5.256739999999999746e-01
2.865329999999999822e-01 5.410300000000000109e-01 6.531620000000000203e-01 2.911819999999999964e-01 6.020990000000000508e-01
2.601609999999999756e-01 6.345079999999999609e-01 5.062400000000000233e-01 6.023049999999999793e-01 6.182520000000000238e-01
3.617049999999999987e-01 6.574999999999999734e-01 4.664400000000000213e-01 5.221310000000000118e-01 3.610559999999999881e-01
4.124289999999999901e-01 4.452490000000000059e-01 5.641019999999999923e-01 5.471329999999999805e-01 7.072439999999999838e-01
5.526060000000000416e-01 5.077629999999999644e-01 6.106270000000000309e-01 5.717989999999999462e-01 1.691239999999999966e-01
3.014410000000000145e-01 5.350599999999999801e-01 7.737509999999999666e-01 5.511019999999999808e-01 4.107259999999999800e-01
5.977670000000000483e-01 6.135930000000000550e-01 6.085669999999999691e-01 3.904210000000000180e-01 3.402140000000000164e-01
2.905119999999999925e-01 3.938139999999999974e-01 6.315460000000000518e-01 5.245680000000000343e-01 5.959459999999999757e-01
4.020589999999999997e-01 7.798850000000000504e-01 4.381550000000000167e-01 5.407849999999999602e-01 5.156749999999999945e-01
4.937770000000000215e-01 4.086589999999999945e-01 5.845979999999999510e-01 4.260189999999999810e-01 4.872489999999999877e-01
4.173089999999999855e-01 5.271080000000000210e-01 5.787560000000000482e-01 3.923740000000000006e-01 4.284760000000000235e-01
3.971930000000000183e-01 6.106160000000000476e-01 4.608670000000000266e-01 4.842910000000000270e-01 5.746750000000000469e-01
3.595829999999999860e-01 5.145009999999999861e-01 3.208210000000000228e-01 6.728720000000000256e-01 5.748490000000000544e-01
4.705309999999999770e-01 5.334710000000000285e-01 2.979160000000000141e-01 4.769430000000000058e-01 6.235359999999999792e-01
2.545529999999999737e-01 4.969770000000000021e-01 5.707269999999999843e-01 4.148430000000000173e-01 7.442210000000000214e-01
3.677139999999999853e-01 6.735039999999999916e-01 5.060360000000000413e-01 6.620390000000000441e-01 4.751569999999999960e-01
7.909570000000000212e-01 4.470750000000000002e-01 5.377039999999999598e-01 4.758089999999999820e-01 4.306499999999999773e-01
5.096889999999999477e-01 7.603429999999999911e-01 4.122359999999999913e-01 3.886350000000000082e-01 4.208450000000000246e-01
3.389889999999999848e-01 4.202460000000000084e-01 4.267650000000000055e-01 7.011519999999999975e-01 5.965479999999999672e-01
5.435579999999999856e-01 6.252860000000000085e-01 5.822880000000000278e-01 1.991910000000000069e-01 5.727240000000000109e-01
3.701829999999999843e-01 4.733129999999999837e-01 5.063290000000000290e-01 7.485239999999999672e-01 3.428709999999999813e-01
7.011269999999999447e-01 4.064249999999999807e-01 3.122240000000000015e-01 6.311409999999999521e-01 3.719270000000000076e-01
6.424440000000000150e-01 6.242039999999999811e-01 5.640840000000000298e-01 2.700969999999999760e-01 4.111589999999999967e-01
2.877439999999999998e-01 7.173359999999999737e-01 5.265539999999999665e-01 4.786489999999999911e-01 5.759659999999999780e-01
3.359249999999999736e-01 3.034609999999999808e-01 5.538999999999999480e-01 5.261740000000000306e-01 7.764830000000000343e-01
4.593690000000000273e-01 4.904379999999999851e-01 5.974730000000000318e-01 6.257190000000000252e-01 4.284430000000000183e-01
5.587790000000000257e-01 3.507850000000000135e-01 6.261160000000000059e-01 2.732419999999999849e-01 7.056599999999999540e-01
2.548900000000000055e-01 7.165679999999999827e-01 3.323670000000000235e-01 5.701680000000000081e-01 5.215809999999999613e-01
4.425129999999999897e-01 4.764369999999999994e-01 4.162770000000000081e-01 7.401640000000000441e-01 4.260439999999999783e-01
7.669409999999999838e-01 3.129129999999999967e-01 4.724780000000000091e-01 4.789419999999999789e-01 3.538209999999999966e-01
4.010119999999999796e-01 6.135129999999999750e-01 3.489300000000000179e-01 3.124140000000000250e-01 6.430780000000000385e-01
4.473400000000000154e-01 4.758220000000000227e-01 3.634999999999999898e-01 5.913680000000000048e-01 5.228300000000000169e-01
3.091610000000000191e-01 6.360299999999999843e-01 2.642920000000000269e-01 6.292400000000000215e-01 6.069379999999999775e-01
3.054069999999999840e-01 6.055570000000000119e-01 7.455100000000000060e-01 4.007850000000000024e-01 4.860439999999999761e-01
6.386399999999999855e-01 3.632340000000000013e-01 5.006140000000000034e-01 3.832260000000000111e-01 5.006709999999999772e-01
7.189820000000000100e-01 5.461899999999999533e-01 3.424849999999999839e-01 6.423919999999999630e-01 2.104070000000000107e-01
5.097549999999999581e-01 2.309789999999999899e-01 5.943060000000000009e-01 4.437849999999999850e-01 5.370850000000000346e-01
5.451529999999999987e-01 4.363230000000000164e-01 7.256580000000000252e-01 2.039009999999999989e-01 4.918190000000000062e-01
6.351909999999999501e-01 3.238139999999999907e-01 5.796200000000000241e-01 4.955910000000000037e-01 6.086449999999999916e-01
4.021239999999999815e-01 5.566419999999999702e-01 4.608090000000000241e-01 6.997700000000000031e-01 2.979720000000000146e-01
4.882989999999999831e-01 4.499719999999999831e-01 3.723770000000000135e-01 4.257029999999999981e-01 5.613839999999999941e-01
4.381639999999999979e-01 5.888029999999999653e-01 4.294780000000000264e-01 3.848230000000000262e-01 6.921380000000000310e-01
7.916549999999999976e-01 4.214040000000000008e-01 5.812169999999999837e-01 3.116110000000000269e-01 3.966700000000000226e-01
2.684460000000000179e-01 6.431409999999999627e-01 2.898129999999999873e-01 6.600009999999999488e-01 4.675170000000000159e-01
5.683340000000000058e-01 5.232409999999999561e-01 5.542080000000000339e-01 6.760389999999999455e-01 2.912480000000000069e-01
5.706339999999999746e-01 3.285520000000000107e-01 4.281869999999999843e-01 5.402479999999999505e-01 5.507149999999999546e-01
5.381200000000000427e-01 4.562260000000000204e-01 6.333619999999999806e-01 4.269419999999999882e-01 2.963720000000000243e-01
3.934670000000000112e-01 5.718630000000000102e-01 3.512850000000000139e-01 4.673419999999999797e-01 4.488639999999999852e-01
3.785339999999999816e-01 8.233070000000000110e-01 2.999160000000000159e-01 4.312559999999999727e-01 5.338310000000000555e-01
6.141290000000000360e-01 4.908250000000000113e-01 3.108670000000000044e-01 5.449129999999999807e-01 4.668669999999999765e-01
5.988080000000000069e-01 5.395630000000000148e-01 2.714320000000000066e-01 5.282489999999999686e-01 6.441750000000000531e-01
5.602249999999999730e-01 5.957750000000000545e-01 7.333659999999999624e-01 4.405149999999999899e-01 2.887609999999999899e-01
5.954909999999999926e-01 6.858959999999999502e-01 2.084820000000000007e-01 4.417369999999999908e-01 5.370509999999999451e-01
5.105549999999999811e-01 6.583740000000000148e-01 5.781429999999999625e-01 3.397600000000000064e-01 4.795929999999999915e-01
3.723449999999999815e-01 6.150769999999999849e-01 6.634949999999999459e-01 2.677180000000000115e-01 6.201440000000000285e-01
2.321120000000000128e-01 6.377110000000000278e-01 4.187270000000000159e-01 7.100830000000000197e-01 3.958240000000000092e-01
6.377289999999999903e-01 2.916139999999999843e-01 4.324560000000000071e-01 7.704090000000000105e-01 4.576230000000000020e-01
5.865010000000000501e-01 2.752350000000000074e-01 4.549400000000000110e-01 5.999379999999999713e-01 5.500169999999999781e-01
6.232100000000000417e-01 2.808930000000000038e-01 6.516180000000000305e-01 3.776849999999999929e-01 4.300610000000000266e-01
2.508219999999999894e-01 6.820619999999999461e-01 4.484750000000000125e-01 5.874390000000000445e-01 4.481229999999999936e-01
4.570080000000000253e-01 5.841889999999999583e-01 4.065559999999999730e-01 4.675739999999999896e-01 3.904630000000000045e-01
4.617069999999999785e-01 3.937899999999999734e-01 4.442470000000000030e-01 5.691810000000000480e-01 4.376390000000000002e-01
2.935619999999999896e-01 7.050549999999999873e-01 2.853089999999999793e-01 5.031020000000000492e-01 5.296939999999999982e-01
5.245859999999999967e-01 5.780880000000000463e-01 5.358669999999999822e-01 3.752510000000000012e-01 2.925849999999999840e-01
6.143330000000000179e-01 3.772780000000000022e-01 5.560580000000000522e-01 3.364329999999999821e-01 6.283440000000000136e-01
5.403299999999999770e-01 4.034659999999999913e-01 2.777689999999999881e-01 5.800800000000000400e-01 4.586140000000000216e-01
5.208979999999999722e-01 6.624860000000000193e-01 2.001139999999999863e-01 6.651369999999999783e-01 3.642900000000000027e-01
4.666870000000000185e-01 6.875949999999999562e-01 5.198059999999999903e-01 4.457960000000000256e-01 5.488049999999999873e-01
4.754769999999999830e-01 5.762279999999999625e-01 6.587490000000000290e-01 3.061559999999999837e-01 5.025500000000000522e-01
2.620020000000000127e-01 5.569129999999999914e-01 4.068309999999999982e-01 6.564689999999999692e-01 5.258410000000000029e-01
2.954410000000000092e-01 7.038600000000000412e-01 3.462359999999999882e-01 5.125880000000000436e-01 7.368050000000000432e-01
5.438490000000000268e-01 6.753569999999999851e-01 3.528850000000000042e-01 4.351200000000000068e-01 5.088920000000000110e-01
6.555400000000000116e-01 3.638910000000000200e-01 4.744950000000000001e-01 4.711960000000000037e-01 3.808329999999999771e-01
5.674639999999999684e-01 3.648480000000000056e-01 5.803639999999999910e-01 4.162080000000000224e-01 4.020980000000000110e-01
5.040620000000000100e-01 3.719609999999999861e-01 5.298289999999999944e-01 7.793600000000000527e-01 3.120009999999999728e-01
5.163990000000000524e-01 2.974570000000000269e-01 7.641470000000000207e-01 4.794649999999999745e-01 5.013729999999999576e-01
6.308570000000000011e-01 6.385110000000000507e-01 4.978560000000000207e-01 4.127230000000000065e-01 4.177109999999999990e-01
6.261759999999999549e-01 4.604269999999999752e-01 5.802910000000000013e-01 4.189559999999999951e-01 4.499690000000000079e-01
4.991360000000000241e-01 3.196700000000000097e-01 5.463569999999999816e-01 8.117849999999999788e-01 3.909380000000000077e-01
5.025330000000000075e-01 6.459719999999999906e-01 4.156139999999999834e-01 2.952540000000000164e-01 5.829109999999999570e-01
4.721190000000000109e-01 5.589469999999999716e-01 1.977039999999999909e-01 5.927559999999999496e-01 5.644400000000000528e-01
6.272999999999999687e-01 2.988230000000000053e-01 3.931529999999999747e-01 5.475569999999999604e-01 6.608450000000000157e-01
5.604179999999999717e-01 3.493809999999999971e-01 7.082810000000000494e-01 3.170709999999999917e-01 5.506010000000000071e-01
5.850539999999999630e-01 3.025880000000000236e-01 5.194490000000000496e-01 5.360740000000000505e-01 5.800950000000000273e-01
7.390210000000000390e-01 3.243190000000000239e-01 6.768750000000000044e-01 3.972490000000000188e-01 3.947330000000000005e-01
4.513920000000000154e-01 5.982490000000000308e-01 7.100229999999999597e-01 4.025880000000000014e-01 5.181339999999999835e-01
7.265230000000000299e-01 3.727019999999999778e-01 4.083789999999999920e-01 4.104769999999999808e-01 4.613439999999999763e-01
6.263589999999999991e-01 4.245129999999999737e-01 2.233700000000000130e-01 5.386119999999999797e-01 7.011720000000000175e-01
5.439070000000000293e-01 6.116620000000000390e-01 2.751419999999999977e-01 7.374079999999999524e-01 2.270169999999999966e-01
5.971360000000000001e-01 7.018489999999999451e-01 2.896960000000000091e-01 6.385450000000000292e-01 4.574690000000000145e-01
3.558700000000000196e-01 5.213090000000000224e-01 5.059500000000000108e-01 5.571329999999999893e-01 4.682319999999999816e-01
5.193410000000000526e-01 6.993110000000000159e-01 3.586810000000000276e-01 5.233830000000000426e-01 3.404920000000000169e-01
2.368730000000000002e-01 5.454729999999999857e-01 6.261419999999999764e-01 5.691519999999999913e-01 6.132319999999999993e-01
7.501640000000000530e-01 5.419190000000000396e-01 5.449869999999999992e-01 2.843879999999999741e-01 4.787549999999999861e-01
6.091090000000000115e-01 6.562839999999999785e-01 5.251609999999999889e-01 2.038010000000000099e-01 5.584480000000000555e-01
3.412240000000000273e-01 5.345189999999999664e-01 4.836650000000000116e-01 2.736669999999999936e-01 7.591229999999999922e-01
5.526609999999999578e-01 6.391959999999999864e-01 3.191269999999999940e-01 5.800250000000000128e-01 3.609769999999999923e-01
7.155989999999999851e-01 3.820299999999999807e-01 3.397589999999999777e-01 4.613929999999999976e-01 5.313620000000000010e-01
5.034750000000000059e-01 4.443579999999999752e-01 5.210810000000000164e-01 4.049349999999999894e-01 7.555690000000000461e-01
3.871729999999999894e-01 6.098430000000000240e-01 5.818090000000000206e-01 4.860820000000000141e-01 5.703500000000000236e-01
3.471879999999999966e-01 6.034969999999999501e-01 5.882290000000000019e-01 6.218399999999999483e-01 5.312630000000000408e-01
3.735450000000000159e-01 6.878940000000000055e-01 4.718140000000000112e-01 3.732710000000000194e-01 4.664139999999999953e-01
7.231090000000000018e-01 4.640889999999999738e-01 5.452289999999999637e-01 5.729760000000000408e-01 3.941790000000000016e-01
4.753209999999999935e-01 4.824419999999999820e-01 2.477320000000000078e-01 4.342920000000000114e-01 6.243009999999999948e-01
3.931149999999999922e-01 3.728949999999999765e-01 3.291229999999999989e-01 7.260950000000000459e-01 5.022630000000000150e-01
6.409299999999999997e-01 6.853310000000000235e-01 5.016279999999999628e-01 4.283689999999999998e-01 4.465489999999999737e-01
4.546580000000000066e-01 4.212250000000000161e-01 4.582939999999999792e-01 5.539100000000000135e-01 3.987280000000000268e-01
5.861450000000000271e-01 5.283060000000000533e-01 3.552460000000000062e-01 5.981560000000000210e-01 4.493369999999999864e-01
4.755309999999999815e-01 5.321660000000000279e-01 4.345310000000000006e-01 5.062940000000000218e-01 3.395659999999999790e-01
6.268129999999999535e-01 5.601150000000000295e-01 2.520749999999999935e-01 3.504140000000000033e-01 6.536440000000000028e-01
6.246350000000000513e-01 2.736480000000000024e-01 4.647180000000000200e-01 5.482230000000000159e-01 5.788839999999999542e-01
6.326559999999999961e-01 5.863639999999999963e-01 2.762519999999999976e-01 6.717990000000000350e-01 3.331959999999999922e-01
4.122310000000000141e-01 2.665790000000000104e-01 6.278380000000000072e-01 5.803779999999999495e-01 6.294480000000000075e-01
4.907489999999999908e-01 3.841229999999999922e-01 5.891929999999999668e-01 4.028309999999999946e-01 5.894850000000000367e-01
7.026750000000000496e-01 4.181849999999999734e-01 4.916030000000000122e-01 5.607919999999999572e-01 2.826940000000000008e-01
5.936470000000000358e-01 4.305889999999999995e-01 2.964129999999999820e-01 5.643869999999999720e-01 5.912220000000000253e-01
6.504590000000000094e-01 6.832700000000000440e-01 5.893620000000000525e-01 4.757790000000000075e-01 2.924610000000000265e-01
5.837379999999999791e-01 3.564760000000000151e-01 5.287650000000000405e-01 7.515779999999999683e-01 2.415380000000000027e-01
4.123519999999999963e-01 6.410109999999999975e-01 4.544549999999999979e-01 3.242559999999999887e-01 7.230480000000000240e-01
6.074990000000000112e-01 3.435670000000000113e-01 7.402400000000000091e-01 4.525739999999999763e-01 4.207080000000000264e-01
5.456250000000000266e-01 6.670779999999999488e-01 3.233010000000000050e-01 6.553660000000000041e-01 2.808999999999999830e-01
2.839940000000000242e-01 5.830490000000000395e-01 5.899990000000000512e-01 4.424790000000000112e-01 7.235179999999999945e-01
5.788280000000000092e-01 4.805400000000000227e-01 1.752579999999999971e-01 5.999470000000000081e-01 6.510439999999999561e-01
2.957580000000000209e-01 7.307690000000000019e-01 3.730850000000000000e-01 6.519249999999999767e-01 3.455389999999999850e-01
5.805630000000000512e-01 7.187510000000000288e-01 4.946249999999999813e-01 4.609079999999999844e-01 4.228040000000000131e-01
5.356109999999999483e-01 3.225029999999999841e-01 5.954509999999999525e-01 5.971589999999999954e-01 2.898000000000000020e-01
5.639469999999999761e-01 4.000819999999999932e-01 5.118629999999999569e-01 6.967999999999999750e-01 4.908390000000000253e-01
5.336389999999999745e-01 2.908140000000000169e-01 5.651059999999999972e-01 6.883860000000000534e-01 5.791439999999999921e-01
7.381299999999999528e-01 2.871949999999999781e-01 6.292750000000000288e-01 6.383290000000000353e-01 3.395329999999999737e-01
3.448450000000000126e-01 5.755860000000000420e-01 3.086869999999999892e-01 5.619849999999999568e-01 6.549289999999999834e-01
3.463660000000000072e-01 6.829100000000000170e-01 5.411380000000000079e-01 2.355980000000000019e-01 6.390529999999999822e-01
3.981129999999999947e-01 6.920549999999999757e-01 5.999910000000000521e-01 3.914880000000000027e-01 4.827199999999999824e-01
7.052890000000000548e-01 3.247880000000000211e-01 6.587210000000000010e-01 5.368129999999999846e-01 2.343020000000000103e-01
6.400460000000000038e-01 3.682010000000000005e-01 7.490860000000000296e-01 3.908630000000000160e-01 4.268500000000000072e-01
4.774300000000000210e-01 5.266800000000000370e-01 5.444750000000000423e-01 6.624889999999999946e-01 5.711749999999999883e-01
4.083129999999999815e-01 7.563229999999999675e-01 4.923120000000000274e-01 3.029359999999999831e-01 6.176249999999999796e-01
5.987170000000000547e-01 4.199379999999999780e-01 3.758900000000000019e-01 6.352590000000000181e-01 6.056669999999999554e-01
6.951530000000000209e-01 4.898600000000000176e-01 5.007570000000000077e-01 3.748099999999999765e-01 5.150820000000000398e-01
5.780950000000000255e-01 3.223260000000000014e-01 6.457019999999999982e-01 3.916390000000000149e-01 6.148190000000000044e-01
6.120879999999999654e-01 3.157900000000000151e-01 5.988499999999999934e-01 6.596610000000000529e-01 2.714119999999999866e-01
7.076240000000000308e-01 4.711779999999999857e-01 3.581610000000000071e-01 5.522749999999999604e-01 2.641649999999999832e-01
3.297269999999999923e-01 3.828849999999999754e-01 7.224340000000000206e-01 3.994190000000000240e-01 7.017430000000000057e-01
3.038399999999999990e-01 6.602949999999999653e-01 2.454550000000000065e-01 5.962129999999999930e-01 6.273969999999999825e-01
5.269740000000000535e-01 5.948790000000000466e-01 7.333450000000000246e-01 3.924179999999999890e-01 3.488950000000000107e-01
5.937839999999999785e-01 5.191750000000000531e-01 4.446700000000000097e-01 5.744749999999999579e-01 3.692329999999999779e-01
4.330120000000000080e-01 6.125909999999999966e-01 5.769140000000000379e-01 3.605189999999999784e-01 4.300619999999999998e-01
3.518600000000000061e-01 4.798769999999999980e-01 4.413500000000000201e-01 4.377119999999999900e-01 7.682550000000000212e-01
3.555099999999999927e-01 6.318610000000000060e-01 6.459740000000000482e-01 3.976689999999999947e-01 3.245850000000000124e-01
3.509329999999999949e-01 5.298129999999999784e-01 4.605489999999999862e-01 4.703660000000000063e-01 7.949859999999999705e-01
4.533719999999999972e-01 3.889150000000000107e-01 5.987949999999999662e-01 7.736809999999999521e-01 3.573149999999999937e-01
4.662120000000000153e-01 5.786879999999999802e-01 3.776820000000000177e-01 3.723259999999999903e-01 6.588279999999999692e-01
3.110859999999999737e-01 7.177890000000000104e-01 4.099329999999999918e-01 3.477910000000000168e-01 6.361719999999999597e-01
5.011729999999999796e-01 7.955929999999999946e-01 3.147659999999999902e-01 5.061560000000000503e-01 4.910680000000000045e-01
4.646890000000000187e-01 6.113709999999999978e-01 6.014469999999999539e-01 6.224539999999999518e-01 2.177890000000000104e-01
4.658760000000000123e-01 4.900920000000000276e-01 2.697869999999999990e-01 7.818580000000000529e-01 4.461240000000000205e-01
4.680130000000000123e-01 6.612219999999999764e-01 4.210619999999999918e-01 4.330189999999999872e-01 5.554780000000000273e-01
7.023549999999999516e-01 3.073400000000000021e-01 5.775900000000000478e-01 6.765120000000000022e-01 3.754970000000000252e-01
4.278899999999999926e-01 6.323499999999999677e-01 4.062700000000000200e-01 5.245659999999999767e-01 2.902850000000000152e-01
6.253199999999999870e-01 4.658070000000000266e-01 4.356530000000000125e-01 4.772359999999999935e-01 4.094690000000000274e-01
3.495300000000000074e-01 4.881539999999999768e-01 5.202299999999999702e-01 5.848719999999999475e-01 4.214439999999999853e-01
6.244650000000000478e-01 4.710909999999999820e-01 5.081989999999999563e-01 4.461570000000000258e-01 6.467920000000000336e-01
3.578970000000000207e-01 4.559880000000000044e-01 7.345899999999999652e-01 3.924469999999999903e-01 6.387739999999999529e-01
4.734479999999999800e-01 4.537070000000000269e-01 6.721439999999999637e-01 6.188390000000000279e-01 3.715870000000000006e-01
3.584620000000000029e-01 3.800560000000000049e-01 5.928229999999999889e-01 4.762080000000000202e-01 5.482390000000000319e-01
5.182839999999999669e-01 4.603869999999999907e-01 5.675780000000000269e-01 6.208339999999999970e-01 2.426449999999999996e-01
3.961830000000000074e-01 5.976679999999999771e-01 5.877949999999999564e-01 5.282820000000000293e-01 2.329579999999999984e-01
5.422360000000000513e-01 2.067730000000000123e-01 5.047409999999999952e-01 5.702749999999999764e-01 6.126669999999999616e-01
6.732399999999999496e-01 2.266469999999999874e-01 7.205580000000000318e-01 4.336470000000000047e-01 4.628220000000000112e-01
5.972910000000000164e-01 3.404449999999999976e-01 6.894150000000000000e-01 3.345400000000000040e-01 6.308660000000000379e-01
4.743359999999999799e-01 6.882350000000000412e-01 5.139820000000000499e-01 2.391810000000000047e-01 6.184570000000000345e-01
5.329709999999999726e-01 5.411540000000000239e-01 4.847699999999999787e-01 4.513710000000000222e-01 5.012529999999999486e-01
4.684159999999999990e-01 4.410029999999999784e-01 6.427479999999999860e-01 4.412860000000000116e-01 6.138439999999999452e-01
7.672909999999999453e-01 4.391570000000000196e-01 3.354289999999999772e-01 4.710869999999999780e-01 4.302909999999999791e-01
4.440330000000000110e-01 7.227419999999999956e-01 5.410749999999999726e-01 2.622869999999999924e-01 5.780520000000000103e-01
7.488380000000000036e-01 3.597219999999999862e-01 4.386439999999999784e-01 4.308690000000000020e-01 5.171390000000000153e-01
4.648579999999999934e-01 4.435160000000000213e-01 4.635040000000000271e-01 7.337299999999999933e-01 3.337550000000000239e-01
4.853219999999999756e-01 4.796300000000000008e-01 7.159520000000000328e-01 5.917000000000000037e-01 2.983390000000000208e-01
5.050540000000000029e-01 6.841859999999999609e-01 2.852830000000000088e-01 7.720150000000000068e-01 3.336339999999999861e-01
3.312280000000000224e-01 5.188500000000000334e-01 2.531660000000000021e-01 6.982500000000000373e-01 5.912340000000000373e-01
6.807910000000000350e-01 4.956550000000000122e-01 2.946639999999999815e-01 6.280529999999999724e-01 4.152600000000000180e-01
3.278329999999999855e-01 6.674020000000000508e-01 3.853550000000000031e-01 4.631379999999999941e-01 6.769600000000000062e-01
2.730589999999999962e-01 5.012999999999999678e-01 5.448269999999999502e-01 4.357530000000000014e-01 5.692739999999999467e-01
2.967290000000000205e-01 4.602169999999999872e-01 4.540649999999999964e-01 7.065299999999999914e-01 6.605290000000000328e-01
4.716920000000000002e-01 6.342750000000000332e-01 3.587060000000000248e-01 3.968229999999999813e-01 6.717760000000000398e-01
4.257480000000000153e-01 5.108829999999999760e-01 4.687230000000000008e-01 6.652740000000000320e-01 3.303619999999999890e-01
7.286049999999999471e-01 5.123339999999999561e-01 4.100670000000000148e-01 5.286480000000000068e-01 2.872230000000000061e-01
4.639960000000000195e-01 6.653869999999999507e-01 4.119329999999999936e-01 4.649659999999999904e-01 4.984870000000000134e-01
4.896300000000000097e-01 6.276049999999999685e-01 4.944209999999999994e-01 6.333980000000000166e-01 4.356700000000000017e-01
5.880349999999999744e-01 2.260489999999999999e-01 5.067939999999999667e-01 4.273089999999999944e-01 5.794430000000000414e-01
4.839310000000000000e-01 4.208069999999999866e-01 7.387160000000000393e-01 2.873100000000000098e-01 5.852519999999999945e-01
4.855110000000000259e-01 4.912579999999999725e-01 3.156950000000000034e-01 5.771800000000000264e-01 4.108379999999999810e-01
5.334889999999999910e-01 7.238360000000000349e-01 6.152159999999999851e-01 3.554539999999999922e-01 4.556200000000000250e-01
6.380529999999999813e-01 6.111659999999999870e-01 4.600810000000000177e-01 5.951359999999999983e-01 2.214639999999999942e-01
3.663919999999999955e-01 6.695419999999999705e-01 5.611990000000000034e-01 3.388869999999999938e-01 5.431430000000000424e-01
3.673730000000000051e-01 6.509669999999999623e-01 4.939180000000000237e-01 4.988759999999999861e-01 4.140090000000000159e-01
5.320540000000000269e-01 6.006430000000000380e-01 5.244590000000000085e-01 3.987899999999999778e-01 3.762249999999999761e-01
7.336679999999999868e-01 3.863329999999999820e-01 5.347969999999999668e-01 3.062059999999999782e-01 5.384449999999999514e-01
6.937969999999999970e-01 6.197289999999999743e-01 2.681100000000000150e-01 5.697200000000000042e-01 4.020610000000000017e-01
6.152389999999999803e-01 3.816240000000000188e-01 3.138130000000000086e-01 4.523949999999999916e-01 5.239209999999999701e-01
2.834360000000000213e-01 4.842290000000000205e-01 3.072079999999999811e-01 6.143819999999999837e-01 6.655280000000000085e-01
6.094749999999999890e-01 5.907679999999999598e-01 4.042609999999999815e-01 6.877640000000000420e-01 2.299360000000000015e-01
5.357800000000000340e-01 6.333149999999999613e-01 5.757499999999999840e-01 5.149939999999999518e-01 3.094069999999999876e-01
3.757710000000000217e-01 5.724359999999999449e-01 4.379950000000000232e-01 2.556590000000000251e-01 6.570529999999999982e-01
5.479739999999999611e-01 4.468559999999999754e-01 6.039579999999999949e-01 4.525779999999999803e-01 2.681649999999999867e-01
3.235810000000000075e-01 7.856539999999999635e-01 3.683020000000000183e-01 4.071179999999999799e-01 5.672730000000000272e-01
4.888149999999999995e-01 5.509070000000000356e-01 3.090849999999999986e-01 6.015989999999999949e-01 4.028849999999999931e-01
6.960340000000000416e-01 3.860970000000000235e-01 3.901830000000000020e-01 5.036840000000000206e-01 4.722169999999999979e-01
4.832810000000000161e-01 3.494999999999999774e-01 6.445520000000000138e-01 6.104079999999999506e-01 4.107299999999999840e-01
5.973009999999999708e-01 2.879410000000000025e-01 6.047310000000000185e-01 3.003919999999999924e-01 6.880319999999999769e-01
2.580609999999999848e-01 6.736379999999999590e-01 4.172100000000000253e-01 4.562419999999999809e-01 6.995879999999999876e-01
4.435430000000000206e-01 7.072209999999999885e-01 2.614029999999999965e-01 6.423259999999999525e-01 4.023070000000000257e-01
6.465579999999999661e-01 5.248819999999999597e-01 4.891710000000000225e-01 3.309389999999999832e-01 5.693000000000000282e-01
7.080210000000000115e-01 5.725299999999999834e-01 3.420279999999999987e-01 7.032279999999999642e-01 2.802209999999999979e-01
5.058369999999999811e-01 5.688349999999999795e-01 4.885789999999999855e-01 5.494339999999999780e-01 6.406079999999999552e-01
5.337039999999999562e-01 6.920760000000000245e-01 4.139390000000000014e-01 5.940649999999999542e-01 2.334040000000000004e-01
4.889660000000000117e-01 4.955439999999999845e-01 3.621650000000000147e-01 7.838779999999999637e-01 4.450140000000000207e-01
4.128919999999999813e-01 4.406599999999999961e-01 7.908039999999999514e-01 4.602640000000000065e-01 4.702879999999999838e-01
5.197589999999999710e-01 4.825450000000000017e-01 7.113159999999999483e-01 3.340620000000000256e-01 3.701539999999999830e-01
6.585140000000000438e-01 2.690520000000000134e-01 6.493200000000000083e-01 4.288799999999999835e-01 3.758779999999999899e-01
3.703759999999999830e-01 4.625099999999999767e-01 5.883960000000000301e-01 5.781399999999999872e-01 3.013199999999999767e-01
5.281569999999999876e-01 3.040869999999999962e-01 4.307469999999999910e-01 6.798929999999999696e-01 4.013149999999999773e-01
6.594870000000000454e-01 6.797090000000000076e-01 2.916610000000000036e-01 5.115619999999999612e-01 3.949079999999999813e-01
5.278049999999999686e-01 2.666830000000000034e-01 6.370059999999999611e-01 4.647089999999999832e-01 4.398580000000000267e-01
4.318969999999999754e-01 8.114099999999999646e-01 3.977570000000000272e-01 5.692239999999999522e-01 4.519759999999999889e-01
4.978710000000000080e-01 2.843559999999999977e-01 5.432230000000000114e-01 4.804860000000000242e-01 8.055970000000000075e-01
5.428079999999999572e-01 4.973839999999999928e-01 5.488349999999999618e-01 3.244150000000000089e-01 5.410409999999999942e-01
3.696309999999999873e-01 5.839879999999999516e-01 4.308560000000000167e-01 5.874350000000000405e-01 4.033700000000000063e-01
7.022659999999999458e-01 4.655230000000000201e-01 3.799120000000000275e-01 6.367779999999999552e-01 4.344540000000000068e-01
4.825729999999999742e-01 4.699869999999999881e-01 5.218110000000000248e-01 5.310960000000000125e-01 4.802310000000000190e-01
3.445860000000000034e-01 4.674599999999999866e-01 4.911159999999999970e-01 5.711650000000000338e-01 6.287719999999999976e-01
5.760920000000000485e-01 4.527070000000000261e-01 2.400639999999999996e-01 4.700699999999999878e-01 5.527560000000000251e-01
3.203190000000000204e-01 6.827860000000000040e-01 5.059569999999999901e-01 3.978780000000000094e-01 4.682609999999999828e-01
6.178190000000000071e-01 6.881049999999999667e-01 3.960239999999999871e-01 4.491569999999999729e-01 4.612229999999999941e-01
3.971549999999999803e-01 7.192509999999999737e-01 5.936740000000000350e-01 3.882269999999999888e-01 5.057249999999999801e-01
5.981680000000000330e-01 2.975260000000000127e-01 3.885350000000000192e-01 6.814769999999999994e-01 6.372590000000000199e-01
5.891359999999999930e-01 6.296599999999999975e-01 3.570630000000000193e-01 6.952469999999999484e-01 2.141770000000000063e-01
4.266380000000000172e-01 6.331130000000000368e-01 5.965089999999999559e-01 4.018889999999999962e-01 6.401259999999999728e-01
7.155329999999999746e-01 6.136669999999999625e-01 2.556350000000000011e-01 6.775090000000000279e-01 2.969229999999999925e-01
5.442620000000000235e-01 3.420520000000000227e-01 6.050729999999999720e-01 5.348629999999999773e-01 2.979700000000000126e-01
4.186010000000000009e-01 4.317360000000000086e-01 5.151270000000000016e-01 6.883070000000000022e-01 3.198449999999999904e-01
3.596750000000000225e-01 3.733069999999999999e-01 3.670169999999999821e-01 6.974080000000000279e-01 5.488169999999999993e-01
6.761169999999999680e-01 2.365140000000000020e-01 3.746659999999999990e-01 6.569199999999999484e-01 5.636910000000000531e-01
4.846239999999999992e-01 6.888009999999999966e-01 3.455529999999999990e-01 5.886390000000000233e-01 6.022849999999999593e-01
6.731730000000000214e-01 4.007809999999999984e-01 6.140010000000000190e-01 2.731469999999999732e-01 6.166599999999999859e-01
4.654030000000000111e-01 5.131299999999999750e-01 2.432519999999999960e-01 7.795910000000000339e-01 5.299819999999999531e-01
2.134240000000000026e-01 6.494619999999999838e-01 4.435779999999999723e-01 5.508619999999999628e-01 4.966820000000000124e-01
4.215229999999999810e-01 4.631689999999999974e-01 6.242039999999999811e-01 4.892670000000000075e-01 5.259479999999999711e-01
5.109620000000000273e-01 5.827599999999999447e-01 4.472439999999999749e-01 4.942039999999999766e-01 3.951009999999999800e-01
3.729620000000000157e-01 5.008529999999999927e-01 3.677429999999999866e-01 6.440190000000000081e-01 4.826070000000000082e-01
4.641859999999999875e-01 4.513409999999999922e-01 3.481090000000000018e-01 7.864189999999999792e-01 4.664659999999999918e-01
3.565999999999999726e-01 6.200039999999999996e-01 3.953430000000000000e-01 3.796089999999999742e-01 6.907860000000000111e-01
4.466660000000000075e-01 3.247590000000000199e-01 5.887799999999999701e-01 5.777539999999999898e-01 3.413760000000000128e-01
3.113360000000000016e-01 6.781070000000000153e-01 6.096780000000000532e-01 3.840549999999999797e-01 4.992539999999999756e-01
7.019429999999999836e-01 4.191610000000000058e-01 6.338279999999999470e-01 4.633849999999999913e-01 3.063330000000000219e-01
4.815420000000000256e-01 4.201750000000000207e-01 5.981309999999999683e-01 6.526530000000000387e-01 1.862939999999999874e-01
7.222520000000000051e-01 3.988349999999999951e-01 6.498549999999999605e-01 5.433280000000000332e-01 2.132769999999999944e-01
2.699099999999999833e-01 5.678569999999999451e-01 5.477389999999999759e-01 3.289429999999999854e-01 7.340879999999999628e-01
2.185509999999999953e-01 6.922479999999999745e-01 3.795359999999999845e-01 6.729300000000000281e-01 4.530839999999999868e-01
6.984029999999999960e-01 4.631640000000000201e-01 3.283739999999999992e-01 5.528429999999999733e-01 5.952070000000000416e-01
5.297429999999999639e-01 6.133720000000000283e-01 6.287009999999999543e-01 2.650560000000000138e-01 5.830239999999999867e-01
2.858510000000000217e-01 6.683160000000000212e-01 5.489260000000000250e-01 6.617319999999999869e-01 4.116250000000000187e-01
3.366790000000000060e-01 5.520450000000000079e-01 4.978770000000000140e-01 7.198630000000000306e-01 4.000679999999999792e-01
5.558089999999999975e-01 3.634270000000000000e-01 6.310480000000000533e-01 5.168949999999999934e-01 6.421139999999999626e-01
3.157780000000000031e-01 5.779499999999999638e-01 2.792419999999999902e-01 6.250649999999999817e-01 6.005540000000000322e-01
3.556369999999999809e-01 7.636340000000000350e-01 5.545579999999999954e-01 5.664919999999999956e-01 3.581309999999999771e-01
4.637490000000000223e-01 5.514259999999999717e-01 6.290390000000000148e-01 4.385410000000000141e-01 3.937780000000000169e-01
4.282429999999999848e-01 6.379310000000000258e-01 3.505229999999999735e-01 4.018369999999999997e-01 4.725509999999999988e-01
6.931810000000000471e-01 2.606510000000000216e-01 4.813830000000000053e-01 5.689959999999999463e-01 3.635099999999999998e-01
4.167350000000000221e-01 4.373639999999999750e-01 8.014639999999999542e-01 3.306020000000000070e-01 4.700480000000000214e-01
5.243619999999999948e-01 5.673369999999999802e-01 6.110480000000000356e-01 2.970709999999999740e-01 4.899000000000000021e-01
3.663629999999999942e-01 4.815389999999999948e-01 6.242689999999999628e-01 5.145309999999999606e-01 4.632260000000000266e-01
6.156779999999999475e-01 4.817540000000000155e-01 6.743179999999999730e-01 4.239310000000000023e-01 3.335850000000000204e-01
7.258719999999999617e-01 2.948620000000000130e-01 5.435330000000000439e-01 5.661310000000000509e-01 3.309610000000000052e-01
4.782179999999999764e-01 6.768950000000000244e-01 5.413240000000000274e-01 4.754430000000000045e-01 2.325909999999999922e-01
6.503980000000000317e-01 5.229470000000000507e-01 4.376220000000000110e-01 3.824319999999999942e-01 5.031160000000000077e-01
7.425420000000000353e-01 4.201869999999999772e-01 6.127070000000000016e-01 3.841579999999999995e-01 4.190440000000000276e-01
4.341530000000000111e-01 4.281869999999999843e-01 4.470029999999999837e-01 4.690059999999999785e-01 5.674900000000000500e-01
3.999409999999999910e-01 6.105920000000000236e-01 5.126789999999999958e-01 5.787889999999999979e-01 2.789039999999999853e-01
6.221079999999999943e-01 4.430109999999999881e-01 6.734449999999999603e-01 4.855280000000000151e-01 2.688820000000000099e-01
6.543400000000000327e-01 5.116889999999999494e-01 3.722289999999999766e-01 7.446469999999999478e-01 3.510440000000000227e-01
5.741760000000000197e-01 2.942629999999999968e-01 3.648100000000000231e-01 4.147190000000000043e-01 7.100870000000000237e-01
4.081429999999999780e-01 3.171410000000000062e-01 4.513820000000000054e-01 5.714559999999999640e-01 6.039210000000000411e-01
7.348019999999999552e-01 4.404910000000000214e-01 4.128979999999999873e-01 7.031969999999999610e-01 4.113680000000000114e-01
3.039479999999999960e-01 5.835139999999999771e-01 6.902239999999999487e-01 5.485679999999999445e-01 5.099839999999999929e-01
4.679470000000000018e-01 4.635349999999999748e-01 8.154959999999999987e-01 3.718830000000000191e-01 3.810790000000000011e-01
3.159649999999999959e-01 5.529840000000000311e-01 5.968849999999999989e-01 6.109050000000000313e-01 6.403529999999999500e-01
5.324809999999999821e-01 7.306009999999999449e-01 2.094320000000000070e-01 6.783190000000000053e-01 4.131980000000000097e-01
4.630349999999999744e-01 4.126299999999999968e-01 7.903250000000000552e-01 4.142279999999999851e-01 3.573100000000000165e-01
6.514640000000000430e-01 5.505689999999999751e-01 3.717759999999999954e-01 5.019900000000000473e-01 2.919200000000000128e-01
5.149970000000000381e-01 8.025079999999999991e-01 5.115859999999999852e-01 3.413599999999999968e-01 3.631670000000000176e-01
2.906250000000000222e-01 4.700239999999999974e-01 4.472360000000000224e-01 7.764820000000000055e-01 4.918839999999999879e-01
3.563830000000000053e-01 6.453259999999999552e-01 3.907610000000000250e-01 3.780299999999999772e-01 6.095920000000000227e-01
4.377860000000000085e-01 4.690570000000000017e-01 5.471690000000000165e-01 5.171449999999999658e-01 4.175969999999999960e-01
4.922380000000000089e-01 7.169600000000000417e-01 3.502350000000000185e-01 5.862939999999999818e-01 5.635790000000000521e-01
2.953500000000000014e-01 6.960469999999999713e-01 4.308290000000000175e-01 3.313980000000000259e-01 6.178559999999999608e-01
5.069200000000000372e-01 4.753609999999999780e-01 4.496919999999999806e-01 3.427919999999999856e-01 7.634689999999999532e-01
4.588289999999999869e-01 7.875539999999999763e-01 4.946590000000000154e-01 3.064140000000000197e-01 5.357600000000000140e-01
4.040170000000000150e-01 8.007539999999999658e-01 4.679760000000000031e-01 5.893380000000000285e-01 2.752850000000000019e-01
6.289280000000000426e-01 4.952739999999999920e-01 6.509470000000000534e-01 5.594230000000000036e-01 3.065370000000000039e-01
3.922419999999999796e-01 7.015270000000000117e-01 5.438859999999999806e-01 3.458240000000000203e-01 6.460200000000000387e-01
6.131010000000000071e-01 7.178820000000000201e-01 3.625570000000000181e-01 3.420779999999999932e-01 4.764939999999999731e-01
4.654840000000000089e-01 5.120479999999999476e-01 3.224069999999999991e-01 3.483910000000000062e-01 7.862259999999999804e-01
6.384570000000000523e-01 4.833569999999999811e-01 5.146730000000000471e-01 3.706929999999999947e-01 6.126829999999999776e-01
4.830619999999999914e-01 5.649359999999999937e-01 7.798439999999999817e-01 3.240759999999999752e-01 4.557579999999999965e-01
4.801819999999999977e-01 5.143269999999999786e-01 5.539819999999999744e-01 6.681749999999999634e-01 3.863369999999999860e-01
5.675210000000000532e-01 5.687830000000000386e-01 2.906920000000000059e-01 4.517650000000000277e-01 6.350479999999999459e-01
4.276530000000000054e-01 6.273530000000000495e-01 2.574790000000000134e-01 7.441499999999999782e-01 3.643020000000000147e-01
5.424860000000000237e-01 2.890780000000000016e-01 3.524909999999999988e-01 7.271969999999999823e-01 4.521350000000000091e-01
5.212449999999999584e-01 6.763949999999999685e-01 3.392350000000000088e-01 3.878190000000000248e-01 5.343860000000000277e-01
2.850269999999999748e-01 7.403560000000000141e-01 3.587279999999999913e-01 5.934209999999999763e-01 5.596149999999999736e-01
4.533579999999999832e-01 4.715570000000000039e-01 3.157360000000000166e-01 7.416139999999999954e-01 6.365509999999999780e-01
6.763890000000000180e-01 5.535759999999999570e-01 2.133029999999999926e-01 6.235239999999999672e-01 5.068620000000000347e-01
5.154109999999999525e-01 5.733080000000000398e-01 3.025169999999999804e-01 4.784289999999999932e-01 5.293189999999999840e-01
6.211050000000000182e-01 6.143150000000000555e-01 2.279349999999999987e-01 5.163670000000000204e-01 5.729729999999999546e-01
3.091780000000000084e-01 6.021579999999999711e-01 4.510660000000000225e-01 5.030320000000000347e-01 5.604999999999999982e-01
5.054440000000000044e-01 2.738430000000000031e-01 6.454900000000000082e-01 3.905799999999999828e-01 7.529529999999999834e-01
6.322370000000000489e-01 4.108310000000000017e-01 3.648419999999999996e-01 4.174519999999999897e-01 4.348440000000000083e-01
4.247480000000000144e-01 5.699779999999999847e-01 4.755880000000000107e-01 3.135379999999999834e-01 6.595600000000000351e-01
5.530399999999999761e-01 6.701829999999999732e-01 3.527410000000000267e-01 5.562719999999999887e-01 2.607720000000000038e-01
4.647680000000000144e-01 5.393780000000000241e-01 6.331170000000000408e-01 5.427520000000000122e-01 3.642969999999999819e-01
6.314100000000000268e-01 5.648100000000000342e-01 2.829039999999999888e-01 5.983249999999999957e-01 4.012649999999999828e-01
5.191310000000000091e-01 3.534149999999999792e-01 6.620730000000000226e-01 5.889010000000000078e-01 3.355650000000000022e-01
6.961289999999999978e-01 5.185990000000000322e-01 3.265620000000000189e-01 5.978580000000000005e-01 2.899959999999999760e-01
5.498779999999999779e-01 3.472720000000000251e-01 5.710190000000000543e-01 5.419169999999999821e-01 3.135410000000000141e-01
4.144439999999999791e-01 6.693019999999999525e-01 2.225070000000000103e-01 4.821039999999999770e-01 6.441160000000000219e-01
3.211990000000000123e-01 6.984900000000000553e-01 4.666540000000000132e-01 3.126129999999999742e-01 7.682860000000000245e-01
6.088160000000000238e-01 4.721139999999999781e-01 4.633939999999999726e-01 3.152639999999999887e-01 5.171050000000000368e-01
5.241059999999999608e-01 6.075450000000000017e-01 3.869319999999999982e-01 5.496079999999999854e-01 4.057910000000000128e-01
5.464189999999999880e-01 2.419880000000000086e-01 7.385739999999999528e-01 3.654729999999999923e-01 6.367080000000000517e-01
3.939389999999999836e-01 4.739220000000000099e-01 5.849039999999999795e-01 4.937010000000000010e-01 3.829139999999999766e-01
4.704169999999999741e-01 6.566640000000000255e-01 4.686859999999999915e-01 6.296359999999999735e-01 2.421959999999999946e-01
2.931900000000000062e-01 6.809039999999999537e-01 6.321820000000000217e-01 4.752919999999999923e-01 5.019379999999999953e-01
6.557359999999999856e-01 2.525100000000000122e-01 6.497209999999999930e-01 3.538499999999999979e-01 5.201459999999999972e-01
5.518290000000000139e-01 4.121750000000000136e-01 7.355920000000000236e-01 2.754639999999999866e-01 5.597940000000000138e-01
6.850519999999999943e-01 5.664050000000000473e-01 2.968500000000000028e-01 7.522140000000000493e-01 3.163239999999999941e-01
4.322650000000000103e-01 5.318619999999999459e-01 4.499940000000000051e-01 3.614959999999999840e-01 4.754530000000000145e-01
8.153270000000000239e-01 4.470009999999999817e-01 3.979360000000000119e-01 5.689720000000000333e-01 3.702949999999999853e-01
5.069069999999999965e-01 4.522329999999999961e-01 3.413470000000000115e-01 6.543440000000000367e-01 6.845029999999999726e-01
4.651000000000000134e-01 5.034419999999999451e-01 5.387579999999999592e-01 5.920530000000000515e-01 3.015570000000000195e-01
4.352639999999999842e-01 5.744810000000000194e-01 5.106870000000000021e-01 2.765040000000000275e-01 7.354260000000000241e-01
3.548549999999999760e-01 3.938550000000000106e-01 7.015130000000000532e-01 3.108600000000000252e-01 6.809250000000000025e-01
