5
1261
0.944007 0.568509 0.49532 0.219211 0.6526110000000001 
0.714643 0.204683 0.462266 0.972312 0.327319 
0.795254 0.045857 0.737698 0.819235 0.205085 
0.6720120000000001 0.31324 0.068117 0.41498 0.880641 
0.569858 0.22786 0.952348 0.097733 0.826684 
0.144986 0.271287 0.862908 0.256598 0.553817 
0.07503600000000001 0.479281 0.937387 0.792251 0.404704 
0.147072 0.8070310000000001 0.365954 0.942168 0.236007 
0.730962 0.354508 0.474556 0.968243 0.339437 
0.363654 0.744345 0.367751 0.962715 0.161983 
0.355329 0.358686 0.385711 0.300175 0.986121 
0.469617 0.372264 0.8763 0.836014 0.097343 
0.770609 0.105423 0.465521 0.912669 0.5648260000000001 
0.611023 0.069496 0.8314009999999999 0.466419 0.841002 
0.163317 0.279928 0.329047 0.663567 0.614888 
0.096429 0.220436 0.434739 0.703805 0.883244 
0.399968 0.704933 0.886043 0.104754 0.351811 
0.540255 0.750556 0.756762 0.342542 0.580373 
0.748976 0.48325 0.73297 0.782602 0.075792 
0.208082 0.652949 0.793145 0.124195 0.96055 
0.80886 0.416586 0.723256 0.102389 0.187027 
0.737094 0.07427400000000001 0.863218 0.103132 0.601112 
0.275481 0.799484 0.890171 0.370861 0.560411 
0.059869 0.693472 0.439634 0.5633089999999999 0.934566 
0.374258 0.17617 0.97215 0.136598 0.711789 
0.384155 0.938078 0.555033 0.093516 0.721585 
0.651254 0.079943 0.77484 0.758289 0.119953 
0.47834 0.206222 0.694443 0.118362 0.970783 
0.06907199999999999 0.839608 0.570315 0.778241 0.261833 
0.9515670000000001 0.695715 0.469935 0.182826 0.457939 
0.424567 0.5707179999999999 0.961887 0.500248 0.332404 
0.291464 0.081678 0.796408 0.488923 0.9109699999999999 
0.121299 0.81909 0.163758 0.30957 0.88726 
0.9268189999999999 0.243153 0.174319 0.804038 0.489384 
0.529464 0.974795 0.31518 0.313813 0.458184 
0.868271 0.681545 0.035955 0.412462 0.579925 
0.860047 0.350031 0.251045 0.514204 0.14595 
0.07567599999999999 0.772871 0.834854 0.168731 0.791575 
0.420161 0.540718 0.909374 0.226672 0.82672 
0.860918 0.5189820000000001 0.157975 0.231616 0.834934 
0.730396 0.220228 0.060466 0.594252 0.765475 
0.516652 0.936186 0.500425 0.13151 0.280386 
0.135037 0.536933 0.135941 0.676271 0.854151 
0.419522 0.5287809999999999 0.117154 0.208543 0.9067770000000001 
0.549521 0.27953 0.776201 0.789693 0.015406 
0.886351 0.122229 0.476605 0.453449 0.256566 
0.034787 0.635952 0.25276 0.8991710000000001 0.560745 
0.896072 0.567812 0.484829 0.616869 0.409418 
0.64476 0.200143 0.755601 0.436536 0.071718 
0.54541 0.784213 0.660291 0.045248 0.738418 
0.057412 0.8603730000000001 0.402323 0.655237 0.242021 
0.469717 0.320927 0.655157 0.913668 0.085744 
0.734464 0.362147 0.957587 0.537991 0.127468 
0.776163 0.274104 0.641738 0.893344 0.08662599999999999 
0.795054 0.149485 0.150376 0.380156 0.692902 
0.558644 0.937066 0.622198 0.32994 0.09775 
0.371613 0.051561 0.644293 0.633279 0.898064 
0.501147 0.405956 0.484964 0.034555 0.915278 
0.113369 0.579036 0.224562 0.406838 0.972258 
0.456497 0.645648 0.397824 0.017372 0.892279 
0.691912 0.390403 0.987227 0.276294 0.308158 
0.008361 0.675693 0.491348 0.69034 0.674372 
0.79292 0.395337 0.143957 0.918941 0.093333 
0.912919 0.071034 0.372066 0.89214 0.496611 
0.551812 0.797868 0.822446 0.083632 0.213298 
0.642877 0.900343 0.061105 0.7651019999999999 0.32224 
0.770757 0.739488 0.161337 0.394779 0.833072 
0.562669 0.127883 0.649087 0.73124 0.067533 
0.754529 0.165296 0.193597 0.908836 0.248039 
0.508092 0.04848 0.692577 0.5600349999999999 0.892998 
0.9551539999999999 0.221549 0.700857 0.332519 0.130174 
0.567527 0.909189 0.437426 0.694241 0.147935 
0.8457249999999999 0.734096 0.134681 0.322855 0.257113 
0.733698 0.091645 0.925941 0.197084 0.431593 
0.92265 0.73732 0.561357 0.126189 0.417103 
0.790269 0.822205 0.08488900000000001 0.247937 0.667168 
0.881373 0.617754 0.566433 0.032935 0.261913 
0.470112 0.842797 0.346019 0.596893 0.749722 
0.767727 0.507294 0.256714 0.111058 0.523983 
0.424008 0.984266 0.122256 0.649883 0.288461 
0.469042 0.135915 0.364114 0.871922 0.818401 
0.419573 0.209302 0.218211 0.606028 0.955492 
0.14625 0.364524 0.42771 0.713455 0.924122 
0.714884 0.339442 0.9612849999999999 0.537301 0.035296 
0.375799 0.163143 0.943338 0.700831 0.526173 
0.208547 0.031982 0.833864 0.619357 0.6894439999999999 
0.726595 0.753275 0.105686 0.164739 0.837666 
0.370991 0.333915 0.768154 0.929733 0.184772 
0.420231 0.060416 0.373048 0.456816 0.929186 
0.417286 0.466558 0.942275 0.117464 0.346282 
0.356137 0.971655 0.073888 0.65143 0.30298 
0.433251 0.610694 0.018522 0.614986 0.881835 
0.377095 0.179228 0.977944 0.528612  0.278 
0.80528 0.381747 0.432662 0.137975 0.877655 
0.876923 0.313989 0.167262 0.912488 0.460396 
0.91657 0.59474 0.138258 0.676934 0.515595 
0.51497 0.088098 0.6124810000000001 0.97966 0.325345 
0.440171 0.969479 0.120391 0.826763 0.307005 
0.041258 0.341909 0.502294 0.710986 0.777919 
0.681752 0.40483 0.983999 0.222855 0.394906 
0.158029 0.09898999999999999 0.633403 0.772793 0.587849 
0.409592 0.4168 0.495124 0.872055 0.050651 
0.268107 0.075104 0.669949 0.405108 0.664959 
0.763682 0.787972 0.584768 0.029965 0.391763 
0.158631 0.93652 0.446689 0.087523 0.720819 
0.229593 0.138103 0.551897 0.961619 0.430084 
0.923685 0.773848 0.237391 0.497475 0.3876 
0.147586 0.916015 0.561545 0.361926 0.265752 
0.488588 0.317795 0.237753 0.250694 0.79933 
0.5245379999999999 0.390379 0.0594 0.538133 0.580252 
0.586668 0.852241 0.036059 0.7338980000000001 0.170466 
0.180819 0.648197 0.032271 0.7848309999999999 0.648755 
0.944067 0.546741 0.236709 0.179136 0.704022 
0.806117 0.147939 0.29784 0.271667 0.789526 
0.546006 0.746913 0.660422 0.103305 0.161147 
0.81495 0.63041 0.827375 0.238497 0.198379 
0.079443 0.590113 0.832026 0.266113 0.531785 
0.640326 0.543996 0.027022 0.474093 0.854977 
0.931688 0.5992 0.089472 0.379442 0.645514 
0.228479 0.94784 0.164762 0.686316 0.281192 
0.349007 0.894926 0.845861 0.323477 0.342421 
0.792944 0.877503 0.242438 0.125205 0.590883 
0.52764 0.191565 0.5869220000000001 0.592672 0.952182 
0.028016 0.508683 0.406116 0.581466 0.642664 
0.939761 0.262026 0.594414 0.513783 0.058391 
0.176909 0.5969680000000001 0.497031 0.978268 0.30737 
0.701298 0.82023 0.129251 0.883752 0.11597 
0.770362 0.414918 0.764895 0.194698 0.090848 
0.632298 0.039187 0.505397 0.424107 0.901349 
0.759267 0.884341 0.491327 0.508729 0.046105 
0.170998 0.483777 0.895003 0.58422 0.164415 
0.315059 0.372219 0.917469 0.806002 0.456869 
0.252255 0.06318799999999999 0.566146 0.676665 0.901046 
0.8857159999999999 0.095942 0.789008 0.711925 0.254871 
0.220238 0.324763 0.780624 0.187313 0.9777130000000001 
0.805193 0.045029 0.502718 0.821538 0.148287 
0.097509 0.896012 0.8005989999999999 0.300595 0.349049 
0.415565 0.422739 0.818872 0.080003 0.329665 
0.628179 0.564934 0.781419 0.026787 0.536417 
0.332844 0.722916 0.779341 0.776759 0.284448 
0.324674 0.7232420000000001 0.877312 0.320606 0.66948 
0.452974 0.676284 0.566571 0.70036 0.009972 
0.515891 0.354247 0.061601 0.703588 0.920256 
0.903676 0.322052 0.911056 0.152161 0.44599 
0.5870919999999999 0.763819 0.675244 0.626035 0.410496 
0.8919319999999999 0.284726 0.455371 0.943097 0.166975 
0.075381 0.365853 0.367392 0.825697 0.807894 
0.050055 0.50175 0.909393 0.644956 0.254164 
0.430829 0.690403 0.010325 0.629757 0.550159 
0.091198 0.401718 0.541431 0.944834 0.392299 
0.380777 0.895574 0.194374 0.674549 0.745193 
0.730221 0.9086109999999999 0.399126 0.295816 0.101888 
0.672941 0.411404 0.75417 0.021337 0.6125119999999999 
0.668564 0.056456 0.899369 0.314049 0.303667 
0.10556 0.479024 0.168359 0.85227 0.782326 
0.719734 0.5583129999999999 0.854947 0.110758 0.197628 
0.5969370000000001 0.105907 0.881065 0.69835 0.1522 
0.399764 0.317055 0.523142 0.400345 0.98786 
0.620588 0.882754 0.108277 0.405418 0.724178 
0.588755 0.42588 0.524119 0.027764 0.619298 
0.308493 0.324696 0.082485 0.818858 0.773097 
0.45719 0.417924 0.119337 0.699299 0.94685 
0.897581 0.265294 0.491035 0.68475 0.014254 
0.8889359999999999 0.223503 0.932428 0.336217 0.467637 
0.62749 0.63772 0.269081 0.417319 0.115884 
0.304487 0.851808 0.063753 0.914187 0.559602 
0.283287 0.311025 0.594279 0.962954 0.176446 
0.7454460000000001 0.419696 0.869568 0.074693 0.246296 
0.406595 0.913178 0.419441 0.037578 0.638746 
0.277831 0.9506520000000001 0.126619 0.615681 0.717492 
0.479846 0.445683 0.443243 0.322307 0.985765 
0.285616 0.720244 0.579885 0.024826 0.821821 
0.511178 0.791807 0.131859 0.119299 0.864045 
0.571317 0.397754 0.950756 0.06945 0.613077 
0.826955 0.119789 0.701446 0.651928 0.059857 
0.9398570000000001 0.43692 0.585631 0.735795 0.132316 
0.214946 0.73976 0.149982 0.406352 0.556852 
0.234719 0.51068 0.090169 0.894316 0.659034 
0.844011 0.128864 0.467746 0.47165 0.225713 
0.854306 0.854927 0.114192 0.405335 0.464009 
0.165272 0.934383 0.506505 0.248858 0.865567 
0.026741 0.686262 0.463906 0.307333 0.731192 
0.190647 0.959786 0.262519 0.51086 0.837647 
0.847543 0.073252 0.864739 0.52564 0.137627 
0.578439 0.316164 0.061945 0.484152 0.75287 
0.053402 0.640576 0.709214 0.553182 0.830001 
0.619967 0.166444 0.248478 0.561708 0.96454 
0.853335 0.504687 0.871879 0.411226 0.08613 
0.236311 0.814953 0.063773 0.894354 0.512803 
0.469774 0.260679 0.859286 0.071269 0.495538 
0.337329 0.653841 0.101559 0.383275 0.607142 
0.855399 0.014083 0.716658 0.532819 0.474705 
0.313076 0.476598 0.857919 0.02072 0.667584 
0.68099 0.801693 0.613585 0.16968 0.663108 
0.267229 0.675615 0.294782 0.058412 0.810755 
0.537604 0.013954 0.89829 0.313926 0.679936 
0.628263 0.438031 0.681287 0.012031 0.67436 
0.179604 0.264596 0.519269 0.312959 0.943291 
0.117797 0.920511 0.753253 0.533789 0.350839 
0.97926 0.526359 0.14843 0.560074 0.309942 
0.693782 0.435227 0.167678 0.110639 0.9124409999999999 
0.579279 0.015999 0.6258280000000001 0.689246 0.6560550000000001 
0.467548 0.616243 0.922376 0.399669 0.090133 
0.376981 0.7632330000000001 0.81048 0.072144 0.301203 
0.757333 0.103855 0.869712 0.07345 0.685122 
0.388541 0.958129 0.190696 0.157666 0.619959 
0.822603 0.449409 0.262151 0.073181 0.784043 
0.131004 0.813485 0.521394 0.793644 0.591354 
0.251937 0.9340349999999999 0.574817 0.045525 0.637753 
0.8220730000000001 0.08366899999999999 0.281178 0.772662 0.743822 
0.485965 0.69013 0.414875 0.07706300000000001 0.424368 
0.426889 0.767138 0.06219 0.958257 0.257766 
0.824251 0.556731 0.726988 0.323809 0.012636 
0.500179 0.906018 0.168214 0.092005 0.589476 
0.822371 0.567587 0.26254 0.06637899999999999 0.778549 
0.947418 0.603582 0.668597 0.495987 0.151534 
0.201436 0.639074 0.666331 0.883063 0.07187499999999999 
0.876888 0.607257 0.508777 0.075588 0.242555 
0.347712 0.517116 0.890887 0.307285 0.168022 
0.80664 0.351891 0.604917 0.074407 0.828331 
0.059624 0.404608 0.302962 0.508087 0.8700830000000001 
0.135989 0.361813 0.594643 0.922276 0.7580170000000001 
0.524607 0.017479 0.506503 0.54018 0.7686730000000001 
0.066049 0.586838 0.7201149999999999 0.859436 0.30943 
0.757452 0.643004 0.771536 0.172481 0.534554 
0.652699 0.633655 0.345021 0.10928 0.917756 
0.480736 0.493769 0.970859 0.316183 0.174686 
0.294179 0.125505 0.796806 0.297549 0.963139 
0.155829 0.300603 0.531887 0.9750760000000001 0.63679 
0.186555 0.461871 0.9132980000000001 0.459916 0.211057 
0.891751 0.158946 0.800662 0.234666 0.144678 
0.494318 0.023233 0.371959 0.866636 0.490994 
0.559165 0.9084449999999999 0.112794 0.2007 0.6465689999999999 
0.387651 0.113026 0.403201 0.753413 0.904891 
0.3579 0.04877 0.547998 0.8611180000000001 0.474865 
0.526505 0.455943 0.09275 0.282008 0.778986 
0.380337 0.018635 0.644297 0.7737579999999999 0.729321 
0.6077090000000001 0.470483 0.782521 0.182128 0.127399 
0.465904 0.298562 0.985858 0.154221 0.818169 
0.919081 0.576445 0.603742 0.613229 0.077678 
0.564291 0.192765 0.953381 0.6839 0.465734 
0.809718 0.892469 0.212839 0.383519 0.142624 
0.404048 0.463585 0.171614 0.647087 0.349009 
0.80163 0.767105 0.663274 0.068855 0.322446 
0.776454 0.103042 0.520263 0.730962 0.749308 
0.684797 0.917099 0.5130400000000001 0.139135 0.474509 
0.646519 0.735735 0.013154 0.767269 0.28516 
0.760374 0.396674 0.673292 0.262924 0.811222 
0.057446 0.7977959999999999 0.626262 0.705918 0.6191410000000001 
0.196998 0.7253579999999999 0.6714599999999999 0.422462 0.190372 
0.048047 0.868639 0.282871 0.8871019999999999 0.634262 
0.214819 0.235207 0.853064 0.674221 0.815663 
0.659199 0.24195 0.926938 0.152524 0.226033 
0.205299 0.813262 0.476286 0.345951 0.971539 
0.161084 0.43191 0.975896 0.429743 0.49763 
0.151487 0.6197 0.795942 0.829277 0.423685 
0.112629 0.698787 0.062585 0.795466 0.734622 
0.815844 0.031123 0.635304 0.854482 0.354833 
0.260659 0.370153 0.789183 0.912162 0.183887 
0.78407 0.753722 0.056207 0.673084 0.175977 
0.130733 0.112925 0.8427210000000001 0.5473789999999999 0.521042 
0.975005 0.134809 0.309221 0.653884 0.460737 
0.745331 0.408321 0.242436 0.975669 0.276845 
0.979399 0.512346 0.335914 0.6461249999999999 0.233688 
0.401671 0.825732 0.666816 0.42934 0.037348 
0.754957 0.850723 0.070364 0.63985 0.418965 
0.524616 0.906817 0.240214 0.828221 0.034205 
0.303918 0.144338 0.564711 0.8817160000000001 0.31337 
0.95183 0.275764 0.130832 0.725531 0.420684 
0.589604 0.015156 0.842444 0.483997 0.463992 
0.188959 0.723421 0.228057 0.712321 0.9076070000000001 
0.723126 0.623987 0.824976 0.516346 0.020239 
0.662256 0.879983 0.021954 0.577014 0.449436 
0.476496 0.398233 0.778891 0.351535 0.114278 
0.771163 0.202262 0.676218 0.916245 0.105008 
0.900506 0.228793 0.146688 0.419653 0.850217 
0.242632 0.294231 0.487172 0.949954 0.716018 
0.600386 0.8997039999999999 0.495135 0.423433 0.027921 
0.129154 0.642915 0.802058 0.147527 0.941383 
0.140692 0.20984  0.587 0.487398 0.731497 
0.462396 0.898361 0.270385 0.23573 0.866105 
0.796663 0.566743 0.513474 0.126059 0.7863289999999999 
0.142904 0.531035 0.663139 0.8035060000000001 0.73935 
0.214225 0.95236 0.628266 0.1902 0.685746 
0.33546 0.959836 0.088065 0.483295 0.732596 
0.085517 0.843128 0.78934 0.535026 0.376178 
0.08550099999999999 0.853559 0.155601 0.556254 0.614801 
0.219002 0.95852 0.390604 0.8561609999999999 0.33458 
0.255245 0.944303 0.409231 0.291267 0.280566 
0.550785 0.9314170000000001 0.331597 0.531166 0.515343 
0.189169 0.74121 0.367742 0.060072 0.8637590000000001 
0.713781 0.757112 0.08603 0.8473579999999999 0.08548500000000001 
0.559684 0.179653 0.676248 0.324557 0.28968 
0.631972 0.564282 0.376247 0.069564 0.929409 
0.486432 0.52229 0.88604 0.75947 0.037326 
0.241044 0.907435 0.048667 0.494221 0.652233 
0.705783 0.915758 0.286084 0.267999 0.540423 
0.084103 0.452386 0.410654 0.510817 0.947698 
0.252245 0.948637 0.127863 0.260362 0.866022 
0.300424 0.56113 0.743117 0.889319 0.138015 
0.908686 0.598135 0.130481 0.302739 0.786435 
0.589728 0.223132 0.085386 0.956452 0.6603560000000001 
0.123744 0.966863 0.625853 0.436377 0.427317 
0.658691 0.343358 0.797226 0.06833699999999999 0.320321 
0.415964 0.076764 0.484573 0.72096 0.369876 
0.580454 0.140392 0.508606 0.29497 0.9598410000000001 
0.094622 0.350549 0.508421 0.855849 0.779614 
0.964077 0.245318 0.23492 0.826556 0.137887 
0.0756 0.923651 0.189154 0.600953 0.534118 
0.728488 0.634498 0.240367 0.113407 0.414799 
0.410258 0.943554 0.626014 0.09851 0.500009 
0.774574 0.184754 0.405178 0.970453 0.330132 
0.776541 0.06504699999999999 0.448477 0.94961 0.133907 
0.909038 0.342759 0.08373800000000001 0.882918 0.328772 
0.974931 0.395295 0.42436 0.202278 0.357247 
0.822836 0.578978 0.178105 0.895421 0.0532 
0.185491 0.90361 0.227801 0.886956 0.373564 
0.325781 0.921996 0.654657 0.527239 0.164544 
0.520114 0.9103520000000001 0.162528 0.9132169999999999 0.132002 
0.610321 0.16842 0.854048 0.259169 0.902755 
0.848485 0.757489 0.12894 0.211607 0.359651 
0.393697 0.172275 0.9769099999999999 0.720931 0.294193 
0.152071 0.7202809999999999 0.913209 0.268221 0.375935 
0.657861 0.840822 0.038865 0.6257470000000001 0.635966 
0.231947 0.8690020000000001 0.442228 0.157825 0.939307 
0.498785 0.066618 0.954491 0.425445 0.63602 
0.647255 0.24079 0.295518 0.168161 0.781695 
0.400721 0.021552 0.604816 0.438812 0.822828 
0.256233 0.794507 0.265527 0.554639 0.935333 
0.813856 0.456407 0.180086 0.105932 0.747771 
0.645688 0.245397 0.606541 0.037278 0.772496 
0.293205 0.194827 0.316381 0.652169 0.937492 
0.922359 0.162878 0.870933 0.5709689999999999 0.112386 
0.843363 0.10438 0.721137 0.495677 0.122343 
0.5098279999999999 0.594863 0.923628 0.5096580000000001 0.073547 
0.913019 0.243202 0.941667 0.425877 0.193327 
0.783332 0.103432 0.532805 0.8324240000000001 0.648325 
0.327008 0.346034 0.544525 0.077832 0.853304 
0.438825 0.747398 0.451103 0.043223 0.880953 
0.225597 0.742692 0.373758 0.8445549999999999 0.079565 
0.566868 0.01494 0.59599 0.313141 0.706431 
0.464292 0.715684 0.6970229999999999 0.822047 0.115937 
0.7954639999999999 0.331791 0.08178199999999999 0.427397 0.468475 
0.408211 0.048543 0.709745 0.835789 0.5669 
0.062748 0.38173 0.615488 0.657491 0.92719 
0.336112 0.068827 0.876368 0.376646 0.887822 
0.106866 0.889074 0.647738 0.226784 0.821485 
0.845239 0.810594 0.553556 0.095183 0.423875 
0.658976 0.391421 0.761581 0.82599 0.350517 
0.050491 0.514504 0.33088 0.817912 0.533338 
0.856075 0.330572 0.507086 0.444873 0.8040119999999999 
0.832297 0.370077 0.847979 0.492613 0.443077 
0.027488 0.444092 0.483387 0.58965 0.683253 
0.7411180000000001 0.779852 0.407847 0.420437 0.016894 
0.140398 0.430664 0.785287 0.09080299999999999 0.830761 
0.127974 0.948399 0.130848 0.752014 0.41896 
0.054732 0.689012 0.755589 0.6983740000000001 0.427458 
0.287011 0.881039 0.638964 0.6923010000000001 0.084077 
0.612425 0.742767 0.352304 0.038009 0.716303 
0.07717499999999999 0.635101 0.496395 0.89195 0.317075 
0.744932 0.624071 0.011499 0.533855 0.637476 
0.43519 0.85201 0.025918 0.731241 0.32944 
0.273546 0.917424 0.219116 0.5946630000000001 0.156096 
0.435622 0.462979 0.116619 0.434097 0.972308 
0.599403 0.483519 0.131252 0.416195 0.952176 
0.192434 0.876516 0.372302 0.8337599999999999 0.155243 
0.6027670000000001 0.37468 0.599475 0.265167 0.138238 
0.515357 0.122362 0.342052 0.480346 0.499652 
0.299919 0.207797 0.221309 0.859615 0.580444 
0.942323 0.441696 0.778525 0.125947 0.386175 
0.277063 0.921573 0.576055 0.052348 0.496718 
0.466332 0.856149 0.460517 0.089702 0.841786 
0.895828 0.479056 0.053162 0.699719 0.537687 
0.768338 0.162444 0.179418 0.342992 0.876178 
0.15687 0.374637 0.493339 0.738617 0.918092 
0.463841 0.087316 0.929819 0.488546 0.37476 
0.639023 0.123423 0.955934 0.228946 0.726133 
0.887725 0.449481 0.084172 0.633404 0.174165 
0.967182 0.484516 0.672847 0.313709 0.261805 
0.42069 0.210326 0.976096 0.359897 0.314743 
0.152411 0.238883 0.955574 0.329064 0.847292 
0.836487 0.22621 0.597243 0.112776 0.387611 
0.268615 0.683364 0.295307 0.983551 0.454481 
0.350159 0.076769 0.901838 0.705336 0.464658 
0.099371 0.322875 0.855819 0.810505 0.25454 
0.524942 0.495322 0.766201 0.875382 0.053655 
0.107348 0.807514 0.514045 0.593002 0.167165 
0.135376 0.435051 0.297653 0.954345 0.607001 
0.263382 0.695338 0.976226 0.361886 0.456972 
0.524441 0.8246559999999999 0.432677 0.83064 0.05062 
0.703039 0.577553 0.671692 0.158605 0.774332 
0.513134 0.240439 0.626331 0.207995 0.440024 
0.881082 0.775737 0.171125 0.552418 0.074014 
0.727352 0.463521 0.8544580000000001 0.255568  0.055 
0.425823 0.840856 0.432515 0.078916 0.877775 
0.543206 0.301019 0.099139 0.9177070000000001 0.774231 
0.107472 0.6905210000000001 0.65968 0.120086 0.932738 
0.332082 0.336186 0.641174 0.059107 0.79308 
0.523849 0.754117 0.927797 0.22824 0.230203 
0.105224 0.760023 0.567334 0.544234 0.873931 
0.20387 0.863209 0.873426 0.134204 0.667906 
0.882575 0.499151 0.06133 0.804298 0.455478 
0.269499 0.304878 0.265713 0.969268 0.620371 
0.899295 0.349812 0.344385 0.934728 0.243589 
0.805893 0.347292 0.193199 0.968049 0.401068 
0.655076 0.578118 0.955201 0.182393 0.193607 
0.835082 0.462641 0.09456100000000001 0.212086 0.835849 
0.8366170000000001 0.709971 0.398399 0.789614 0.051593 
0.853447 0.366895 0.532334 0.114495 0.321173 
0.381414 0.369114 0.19327 0.985756 0.425612 
0.483467 0.316419 0.593824 0.756762 0.036703 
0.28794 0.524467 0.152881 0.901826 0.336528 
0.712135 0.03945 0.402388 0.6556689999999999 0.843256 
0.860733 0.247325 0.840178 0.746783 0.130537 
0.533511 0.924165 0.111743 0.702597 0.136096 
0.268521 0.821434 0.461143 0.032572 0.809608 
0.440578 0.303998 0.675699 0.785245 0.046164 
0.944261 0.279204 0.445018 0.215932 0.711276 
0.506278 0.018244 0.844622 0.226291 0.83145 
0.055763 0.565398 0.846893 0.394852 0.863625 
0.930254 0.061356 0.768077 0.394016 0.618741 
0.9229540000000001 0.187059 0.507543 0.21969 0.796034 
0.6557269999999999 0.161427 0.807248 0.459367 0.818954 
0.326006 0.6061800000000001 0.885445 0.062017 0.817352 
0.444418 0.814858 0.214913 0.297522 0.349851 
0.987025 0.467261 0.483393 0.446338 0.141897 
0.324408 0.913498 0.574691 0.035117 0.675432 
0.563403 0.068132 0.37354 0.449247 0.9545940000000001 
0.836403 0.5629459999999999 0.719381 0.125236 0.079165 
0.653146 0.281979 0.357489 0.969815 0.556553 
0.300217 0.979981 0.058908 0.700621 0.423849 
0.133337 0.847716 0.410968 0.705019 0.150854 
0.352549 0.719352 0.714869 0.035694 0.843991 
0.7294040000000001 0.620978 0.09070400000000001 0.676198 0.820116 
0.582893 0.080261 0.570502 0.560291 0.24533 
0.851677 0.151447 0.914279 0.486556 0.192517 
0.505806 0.331385 0.866016 0.896583 0.242514 
0.668185 0.536791 0.535053 0.009993999999999999 0.64036 
0.424174 0.13497 0.187522 0.810925 0.6142300000000001 
0.201667 0.225787 0.771227 0.923304 0.51975 
0.365301 0.415398 0.717481 0.572733 0.081555 
0.833754 0.615179 0.055903 0.640176 0.188274 
0.329603 0.255204 0.256469 0.849213 0.848238 
0.554921 0.958804 0.457127 0.245803 0.551614 
0.9149389999999999 0.321696 0.695928 0.119032 0.412868 
0.624689 0.64971 0.236137 0.968322 0.225652 
0.8488599999999999 0.264105 0.66701 0.760815 0.031093 
0.318975 0.292256 0.893739 0.053996 0.888729 
0.136682 0.667171 0.941353 0.509717 0.383627 
0.373196 0.323005 0.545724 0.462502 0.241165 
0.510644 0.944613 0.236126 0.526354 0.085518 
0.214575 0.555822 0.140691 0.576663 0.959476 
0.030329 0.7319639999999999 0.265088 0.715636 0.729023 
0.655336 0.021884 0.780752 0.53299 0.697596 
0.603317 0.182654 0.18524 0.9729100000000001 0.630853 
0.488454 0.654215 0.507827 0.839531 0.027441 
0.772782 0.492678 0.8187449999999999 0.280958 0.032781 
0.924521 0.413594 0.277206 0.285125 0.332019 
0.7311299999999999 0.73542 0.025918 0.441181 0.199475 
0.156854 0.359263 0.440286 0.926301 0.735769 
0.630343 0.686642 0.06992 0.792726 0.09800399999999999 
0.808359 0.024701 0.302053 0.519039 0.655677 
0.836843 0.697958 0.15971 0.207473 0.347464 
0.862943 0.334509 0.674631 0.8645040000000001 0.169549 
0.077139 0.613164 0.786027  0.838 0.221921 
0.271188 0.587917 0.204683 0.947678 0.708748 
0.703923 0.35711 0.039298 0.914849 0.240501 
0.453324 0.540986 0.071973 0.408117 0.965564 
0.956265 0.09496499999999999 0.495042 0.407851 0.583528 
0.298183 0.958649 0.076902 0.4192 0.710966 
0.706618 0.179676 0.06661300000000001 0.869214 0.540006 
0.510032 0.282117 0.269933 0.822421 0.864111 
0.775075 0.041737 0.630567 0.404878 0.271498 
0.5316650000000001 0.849426 0.421566 0.913861 0.139315 
0.035727 0.368969 0.747413 0.331749 0.86127 
0.948839 0.230494 0.502016 0.482218 0.100523 
0.893717 0.117666 0.277541 0.620603 0.749352 
0.408543 0.018316 0.489667 0.730096 0.762085 
0.220822 0.653298 0.895857 0.264082 0.308695 
0.817375 0.584911 0.448641 0.146504 0.112768 
0.062832 0.720956 0.350559 0.495581 0.966811 
0.793566 0.546029 0.253744 0.916071 0.328134 
0.6334920000000001 0.461146 0.54947 0.585625 0.833389 
0.164858 0.865833 0.570004 0.165127 0.471216 
0.697103 0.715151 0.047527 0.833711 0.433283 
0.161294 0.913297 0.403683 0.237419 0.95891 
0.074116 0.917692 0.417343 0.324137 0.879341 
0.499571 0.875988 0.10007 0.897374 0.205598 
0.800428 0.9142400000000001 0.409721 0.455236 0.22407 
0.303931 0.815456 0.142026 0.197729 0.898462 
0.817622 0.7524459999999999 0.674609 0.399376 0.2368 
0.366674 0.629036 0.425788 0.050877 0.573881 
0.433968 0.723866 0.028216 0.443124 0.893244 
0.515053 0.10585 0.541272 0.949134 0.543865 
0.444105 0.402943 0.061054 0.483483 0.912199 
0.483231 0.058053 0.232771 0.63737 0.797492 
0.10419 0.385646 0.486134 0.895678 0.365363 
0.445936 0.453978 0.8252119999999999 0.060181 0.362306 
0.135109 0.885781 0.753937 0.457076 0.583945 
0.725086 0.672219 0.511023 0.057334 0.759592 
0.887132 0.315177 0.512493 0.19294 0.299204 
0.051032 0.735882 0.070451 0.7343499999999999 0.7692909999999999 
0.901216 0.530672 0.52115 0.246782 0.108994 
0.259857 0.09191000000000001 0.705966 0.301024 0.9185680000000001 
0.520616 0.688456 0.772074 0.52893 0.030835 
0.053174 0.679477 0.271798 0.919404 0.6193419999999999 
0.734025 0.025261 0.57685 0.539535 0.283095 
0.380671 0.81293 0.124061 0.942242 0.162406 
0.171176 0.239798 0.9935040000000001 0.571879 0.481724 
0.489489 0.481062 0.525319 0.915805 0.604765 
0.930375 0.09360400000000001 0.7067059999999999 0.273927 0.291678 
0.980334 0.517607 0.354669 0.26042 0.573348 
0.766625 0.045366 0.858856 0.326889 0.446463 
0.339885 0.656398 0.0397 0.770858 0.376856 
0.14283 0.600009 0.485442 0.617018 0.952454 
0.171639 0.239897 0.814398 0.52091 0.9380309999999999 
0.419957 0.8985300000000001 0.832372 0.091057 0.354995 
0.849486 0.455093 0.755257 0.354672 0.587847 
0.060594 0.863048 0.248974 0.39852 0.744624 
0.563183 0.6729619999999999 0.149871 0.115376 0.820483 
0.360784 0.500026 0.948859 0.100523 0.523481 
0.341221 0.114795 0.867822 0.166473 0.690248 
0.744406 0.195951 0.484009 0.23441 0.384452 
0.425079 0.070895 0.739418 0.555161 0.915253 
0.97772 0.16828 0.522348 0.377887 0.391487 
0.913066 0.64305 0.332449 0.308588 0.690072 
0.280515 0.881036 0.129925 0.8457440000000001 0.266743 
0.794938 0.823841 0.651168 0.31321 0.091708 
0.206779 0.657262 0.227561 0.383711 0.980528 
0.036127 0.74105 0.831195 0.371163 0.623983 
0.763455 0.106748 0.16971 0.876293 0.568489 
0.081141 0.960666 0.367492 0.584574 0.476073 
0.707661 0.202589 0.96961 0.5229200000000001 0.073171 
0.854165 0.659948 0.11335 0.8641180000000001 0.193037 
0.875348 0.39009 0.506481 0.044992 0.69371 
0.460465 0.9631189999999999 0.340789 0.09666 0.623586 
0.732232 0.042988 0.275053 0.89947 0.6683210000000001 
0.662155 0.9266760000000001 0.34538 0.164882 0.596088 
0.510651 0.6125620000000001 0.796051 0.016835 0.7206360000000001 
0.807939 0.567733 0.045803 0.423541 0.278036 
0.7559360000000001 0.08126700000000001 0.861046 0.7385429999999999 0.280116 
0.265022 0.629354 0.162247 0.19321 0.856043 
0.593496 0.111841 0.6762550000000001 0.470584 0.958606 
0.9565090000000001 0.124493 0.713178 0.6778189999999999 0.240463 
0.48829 0.873201 0.7622910000000001 0.122811 0.233989 
0.73307 0.220713 0.357639 0.57701 0.976168 
0.8797199999999999 0.7733409999999999 0.586568 0.297581 0.154839 
0.388373 0.688049 0.268769 0.047036 0.861393 
0.688739 0.433399 0.01536 0.43837 0.75014 
0.274329 0.38728 0.922781 0.073196 0.865525 
0.450147 0.159979 0.977425 0.228072 0.769523 
0.326599 0.262539 0.636742 0.180027 0.957925 
0.285037 0.732908 0.808016 0.48083 0.080999 
0.394876 0.416129 0.510351 0.988975 0.346411 
0.36882 0.919422 0.209812 0.89423 0.244791 
0.5974699999999999 0.054259 0.251667 0.925378 0.608878 
0.09909999999999999 0.279421 0.796327 0.29331 0.971785 
0.956936 0.14998 0.721016 0.328409 0.212079 
0.944079 0.055975 0.573156 0.767024 0.296252 
0.735111 0.086372 0.865032 0.145301 0.7802750000000001 
0.484876 0.649007 0.648282 0.199669 0.921937 
0.412135 0.905914 0.512431 0.668114 0.380083 
0.405434 0.834597 0.141818 0.789467 0.672356 
0.11908 0.933925 0.435744 0.766485 0.408998 
0.606996 0.123688 0.138697 0.898464 0.766424 
0.28151 0.699296 0.279354 0.840458 0.820898 
0.947492 0.15989 0.412085 0.8699170000000001 0.361057 
0.224504 0.404372 0.250696 0.449362 0.979814 
0.8121969999999999 0.224947 0.109654 0.769427 0.290511 
0.96224 0.1258 0.543144 0.329503 0.370337 
0.33799 0.2867 0.576264 0.983449 0.380989 
0.29731 0.232135 0.79579 0.776062 0.165494 
0.728058 0.260939 0.175268 0.977688 0.368954 
0.03143 0.585215 0.551351 0.7968460000000001 0.334811 
0.333315 0.715118 0.400101 0.429536 0.965828 
0.073726 0.972696 0.339589 0.402826 0.589504 
0.288956 0.693276 0.937235 0.193884 0.733692 
0.530133 0.694695 0.847237 0.056306 0.404748 
0.636706 0.806771 0.130345 0.584687 0.053733 
0.952267 0.493981 0.342314 0.461565 0.097193 
0.052416 0.294871 0.65657 0.599463 0.924681 
0.222381 0.5519849999999999 0.277206 0.462587 0.992111 
0.759381 0.669569 0.485696 0.03555 0.426655 
0.756826 0.575919 0.218895 0.929664 0.035161 
0.695576 0.08855200000000001 0.825607 0.86221 0.162916 
0.605001 0.262274 0.99144 0.259277 0.528015 
0.296208 0.135032 0.353429 0.611787 0.68991 
0.184516 0.978086 0.435653 0.196762 0.660652 
0.807557 0.710489 0.176748 0.6188 0.654924 
0.187691 0.725782 0.719105 0.828176 0.327874 
0.216558 0.780652 0.911524 0.129062 0.741425 
0.612499 0.77356 0.854025 0.136405 0.212445 
0.396379 0.569973 0.09341099999999999 0.823856 0.853838 
0.148682 0.608667 0.593731 0.271526 0.985161 
0.225929 0.068021 0.768496 0.6930500000000001 0.482878 
0.032598 0.256915 0.887111 0.682059 0.6505069999999999 
0.8554079999999999 0.850129 0.228262 0.503477 0.085244 
0.563562 0.356874 0.36347 0.99032 0.448409 
0.024783 0.716594 0.666301 0.65552 0.316491 
0.623102 0.264718 0.365569 0.897574 0.696505 
0.668026 0.811924 0.219244 0.922774 0.041978 
0.89659 0.499734 0.044929 0.629196 0.646524 
0.208119 0.638923 0.362596 0.8104749999999999 0.138195 
0.862639 0.490303 0.09622699999999999 0.259568 0.51001 
0.453067 0.698242 0.895193 0.319085 0.083173 
0.432549 0.737941 0.246582 0.821564 0.030028 
0.145231 0.8045949999999999 0.184027 0.402972 0.624584 
0.075417 0.579278 0.93046 0.324305 0.494006 
0.402118 0.684581 0.888799 0.168498 0.726352 
0.581024 0.559972 0.667631 0.170779 0.907191 
0.310572 0.860069 0.433903 0.045077 0.801167 
0.790117 0.696731 0.663588 0.03543 0.518732 
0.507629 0.886213 0.497965 0.548464 0.475222 
0.091735 0.559689 0.710144 0.8846619999999999 0.457626 
0.141012 0.562815 0.235633 0.706184 0.947397 
0.508143 0.8046450000000001 0.257152 0.9656709999999999 0.278331 
0.945925 0.062761 0.315706 0.73202 0.46756 
0.261832 0.53647 0.972228 0.631493 0.198826 
0.333528 0.20332 0.933873 0.350398 0.910204 
0.564681 0.944325 0.591917 0.269275 0.460672 
0.886858 0.538107 0.346865 0.244595 0.838558 
0.163654 0.349413 0.79333 0.452117 0.957245 
0.455313 0.8842989999999999 0.038981 0.412545 0.560653 
0.667994 0.014113 0.657942 0.370576 0.834496 
0.777435 0.141666 0.8214939999999999 0.766513 0.404974 
0.194916 0.548466 0.8344780000000001 0.176322 0.482359 
0.897764 0.100944 0.870825 0.476786 0.202779 
0.5921689999999999 0.537705 0.950735 0.481668 0.166929 
0.432767 0.161063 0.755603 0.702334 0.804107 
0.163097 0.480739 0.171053 0.701497 0.9119620000000001 
0.956683 0.362288 0.468383 0.6429510000000001 0.426711 
0.627553 0.072327 0.931758 0.343973 0.267129 
0.488114 0.139902 0.676968 0.788295 0.09950000000000001 
0.55216 0.570137 0.788255 0.029423 0.792163 
0.403173 0.8878200000000001 0.494698 0.388079 0.104538 
0.97485 0.110569 0.263058 0.55771 0.550278 
0.657492 0.290585 0.236597 0.991662 0.31582 
0.478781 0.730774 0.418918 0.667398 0.769672 
0.805155 0.479815 0.022232 0.640501 0.449512 
0.91782 0.70045 0.196108 0.638418 0.05575 
0.955138 0.32823 0.829975 0.301251 0.166754 
0.619059 0.9652539999999999 0.169196 0.5818680000000001 0.142909 
0.136952 0.935187 0.099151 0.488349 0.738089 
0.729955 0.6267 0.61594 0.435078 0.007556 
0.259602 0.453908 0.197034 0.967298 0.625596 
0.042431 0.405483 0.670376 0.893977 0.569837 
0.153945 0.78771 0.08909400000000001 0.772393 0.381072 
0.931779 0.187433 0.655417 0.79232 0.110996 
0.781288 0.564214 0.86857 0.335863 0.090793 
0.969072 0.163914 0.549612 0.469708 0.566731 
0.935551 0.394274 0.5532280000000001 0.25322 0.713873 
0.18982 0.903199 0.23831 0.619237 0.873076 
0.747511 0.020306 0.5910570000000001 0.397342 0.803611 
0.060939 0.209816 0.844658 0.90288 0.381339 
0.891639 0.381495 0.447048 0.08134 0.700481 
0.895862 0.5586140000000001 0.618927 0.623568 0.283757 
0.756539 0.109373 0.231547 0.456643 0.475499 
0.667694 0.643082 0.082482 0.838495 0.590078 
0.107762 0.717574 0.158626 0.9338920000000001 0.6139289999999999 
0.9771260000000001 0.484271 0.202861 0.735861 0.263748 
0.136096 0.335189 0.65427 0.117064 0.882989 
0.778708 0.046523 0.778749 0.681124 0.489467 
0.596723 0.540726 0.018773 0.831708 0.396111 
0.474843 0.762611 0.43042 0.905025 0.064372 
0.167764 0.779142 0.526105 0.546053 0.866371 
0.824998 0.826827 0.589606 0.411168 0.132028 
0.502925 0.158284 0.833005 0.233216 0.96962 
0.357804 0.2913 0.9598 0.471969 0.735691 
0.323539 0.599902 0.912211 0.142123 0.364612 
0.700605 0.095516 0.735907 0.241496 0.92421 
0.047963 0.211361 0.77947 0.466539 0.824482 
0.70491 0.689754 0.079469 0.174116 0.684832 
0.843481 0.533694 0.08229300000000001 0.351444 0.29822 
0.6489549999999999 0.233835 0.958759 0.179823 0.230527 
0.126287 0.448861 0.566982 0.970702 0.349769 
0.003808 0.683299 0.560279 0.476481 0.636303 
0.360789 0.074672 0.713569 0.905286 0.387859 
0.50003 0.299246 0.704404 0.724783 0.017704 
0.822443 0.271971 0.5956979999999999 0.141498 0.842233 
0.907135 0.432258 0.803739 0.427104 0.09474100000000001 
0.944125 0.112787 0.597844 0.452223 0.688688 
0.071366 0.85929 0.294513 0.579763 0.310153 
0.186346 0.939672 0.186211 0.855199 0.504616 
0.327399 0.602402 0.69048 0.168564 0.291005 
0.350798 0.429145 0.06457 0.6841390000000001 0.645645 
0.183653 0.67142 0.901397 0.213491 0.810802 
0.043552 0.586035 0.654104 0.794235 0.311176 
0.131219 0.719878 0.937459 0.283009 0.436933 
0.519046 0.865507 0.030305 0.728075 0.345357 
0.426665 0.293252 0.739143 0.175093  0.412 
0.965176 0.169931 0.287075 0.552534 0.619903 
0.449142 0.313091 0.974817 0.100434 0.805653 
0.435946 0.986081 0.304112 0.524373 0.489436 
0.725907 0.146609 0.122016 0.735486 0.417014 
0.593315 0.225813 0.934924 0.362055 0.808929 
0.169618 0.75275 0.841686 0.70892 0.458856 
0.358283 0.591712 0.191108 0.2914 0.964969 
0.756076 0.132953 0.488487 0.398739 0.24442 
0.913721 0.06271699999999999 0.540992 0.628833 0.154067 
0.881217 0.153013 0.517229 0.161168 0.664561 
0.9340850000000001 0.246599 0.224756 0.862302 0.422246 
0.409613 0.51512 0.073048 0.975136 0.50435 
0.291838 0.706632 0.043972 0.535918 0.810088 
0.83534 0.050093 0.651761 0.358956 0.765584 
0.234125 0.183317 0.983649 0.624875 0.506044 
0.186652 0.873682 0.125897 0.921544 0.50779 
0.622079 0.042122 0.304552 0.957604 0.607746 
0.940118 0.243806 0.754815 0.160595 0.609746 
0.381174 0.5145729999999999 0.705514 0.096053 0.945347 
0.524611 0.667134 0.849288 0.619776 0.205903 
0.751018 0.110331 0.964268 0.261191 0.372551 
0.665579 0.778046 0.614984 0.699754 0.039231 
0.618972 0.849832 0.065924 0.739675 0.101671 
0.8140849999999999 0.6610279999999999 0.188869 0.8868 0.066235 
0.139139 0.5663820000000001 0.112675 0.514732 0.771571 
0.191862 0.417544 0.928496 0.580864 0.17159 
0.841569 0.236966 0.376524 0.49234 0.141517 
0.777728 0.843449 0.044148 0.222742 0.555194 
0.218063 0.756521 0.611652 0.032187 0.62553 
0.276219 0.905134 0.382081 0.611774 0.748462 
0.209912 0.990895 0.254934 0.374654 0.729297 
0.389596 0.025434 0.452705 0.587449 0.870577 
0.839778 0.385005 0.700509 0.068968 0.695933 
0.142936 0.656174 0.720904 0.629827 0.083369 
0.867807 0.017588 0.6558079999999999 0.516835 0.450855 
0.420436 0.28883 0.497638 0.991113 0.402533 
0.961013 0.186664 0.742858 0.19849 0.507761 
0.403109 0.910023 0.359544 0.07152500000000001 0.471223 
0.268844 0.485418 0.051478 0.871756 0.736793 
0.750394 0.050486 0.503504 0.167842 0.768831 
0.726757 0.219712 0.946313 0.558931 0.392756 
0.142283 0.91498 0.538344 0.718541 0.140601 
0.164331 0.892116 0.122301 0.395344 0.752817 
0.281093 0.058033 0.695864 0.410282 0.866538 
0.198016 0.892151 0.233975 0.171269 0.9573390000000001 
0.524778 0.360733 0.597094 0.015147 0.752525 
0.013219 0.828782 0.247698 0.581851 0.6225889999999999 
0.072174 0.900377 0.68716 0.523647 0.250996 
0.867417 0.242305 0.765807 0.261481 0.069135 
0.089282 0.826549 0.091338 0.88227 0.484077 
0.631673 0.812677 0.7386509999999999 0.41181 0.356726 
0.272357 0.975236 0.543611 0.198149 0.70604 
0.032576 0.749512 0.650457 0.153395 0.71284 
0.438522 0.5972150000000001 0.7618819999999999 0.853688 0.120462 
0.62149 0.191114 0.733289 0.213899 0.314705 
0.139065 0.431645 0.308149 0.385839 0.75601 
0.564814 0.350367 0.918694 0.718495 0.040598 
0.048194 0.402381 0.529874 0.826254 0.723854 
0.874076 0.802287 0.521891 0.197093 0.168101 
0.893277 0.19662 0.560344 0.093962 0.656287 
0.223401 0.27094 0.309803 0.458683 0.762695 
0.544086 0.419931 0.754126 0.710089 0.65449 
0.051233 0.834901 0.632042 0.384943 0.339775 
0.135677 0.126139 0.952025 0.635276 0.68166 
0.202419 0.727915 0.166368 0.575292 0.354962 
0.758605 0.07979 0.653995 0.7753139999999999 0.082188 
0.424231 0.433658 0.951144 0.162957 0.844077 
0.16196 0.867789 0.784234 0.5642200000000001 0.298661 
0.388357 0.940581 0.499834 0.700313 0.069204 
0.016136 0.515555 0.558149 0.601256 0.688702 
0.27899 0.889918 0.484674 0.135825 0.881076 
 0.764 0.531392 0.420986 0.044599 0.774599 
0.437297 0.470141 0.799111 0.825559 0.04248 
0.695871 0.371101 0.641076 0.746961 0.598624 
0.7166090000000001 0.45987 0.028723 0.930281 0.395794 
0.742004 0.939557 0.546808 0.257834 0.107614 
0.660323 0.205202 0.929403 0.406646 0.089699 
0.739522 0.827211 0.13845 0.399551 0.770557 
0.755915 0.371514 0.102342 0.955773 0.199458 
0.272495 0.341508 0.798044 0.161833 0.98198 
0.36289 0.767026 0.696142 0.604297 0.047293 
0.786826 0.051991 0.861074 0.610841 0.318701 
0.08494699999999999 0.5319970000000001 0.415043 0.833823 0.793651 
0.584695 0.18053 0.889419 0.755325 0.518821 
0.873942 0.033454 0.295927 0.637229 0.650436 
0.353061 0.101764 0.939769 0.256815 0.817398 
0.161359 0.259717 0.652026 0.380693 0.977907 
0.6063539999999999 0.871609 0.07949299999999999 0.86024 0.249972 
0.07655000000000001 0.761312 0.196662 0.890741 0.421613 
0.103318 0.565554 0.713544 0.5192290000000001 0.259857 
0.563183 0.864724 0.7251880000000001 0.530744 0.048291 
0.58536 0.403172 0.08436299999999999 0.974291 0.5226 
0.228453 0.334298 0.194021 0.88265 0.768995 
0.213962 0.6906409999999999 0.288905 0.337476 0.509397 
0.180482 0.554307 0.76583 0.8999470000000001 0.375935 
0.383566 0.773984 0.286914 0.955324 0.097729 
0.42755 0.553912 0.30286 0.690609 0.08391999999999999 
0.2075 0.906919 0.103674 0.417321 0.6676339999999999 
0.308881 0.375602 0.334171 0.977124 0.30903 
0.802015 0.017215 0.642922 0.39943 0.451571 
0.350113 0.196079 0.559655 0.163504 0.830942 
0.357781 0.151873 0.341324 0.895073 0.817068 
0.345775 0.803418 0.5507609999999999 0.060506 0.904573 
0.370464 0.718278 0.945258 0.293696 0.540256 
0.883391 0.074489 0.820694  0.494 0.603139 
0.073296 0.670173 0.793138 0.109455 0.704273 
0.298909 0.060358 0.91989 0.55548 0.6856989999999999 
0.846035 0.489203 0.041991 0.491984 0.447624 
0.037537 0.378367 0.9072750000000001 0.491313 0.703162 
0.900301 0.197279 0.167195 0.803551 0.360967 
0.209255 0.310979 0.284701 0.940989 0.591855 
0.356481 0.511146 0.08069900000000001 0.376867 0.833938 
0.31137 0.139081 0.852955 0.820557 0.677453 
0.521155 0.620853 0.84391 0.129246 0.154045 
0.308615 0.09381399999999999 0.702373 0.8548789999999999 0.679961 
0.743174 0.630255 0.091447 0.212037 0.858235 
0.524572 0.102788 0.40588 0.949638 0.682357 
0.5266110000000001 0.66584 0.051973 0.868954 0.6523060000000001 
0.11454 0.536399 0.172172 0.841251 0.859814 
0.461921 0.185374 0.92713 0.161049 0.479153 
0.125872 0.571456 0.616516 0.874775 0.171281 
0.117874 0.422907 0.95543 0.583481 0.589453 
0.480797 0.979256 0.412805 0.32658 0.243408 
0.270494 0.06331000000000001 0.911036 0.426039 0.796943 
0.822017 0.367972 0.507962 0.525096 0.030595 
0.612968 0.082096 0.430761 0.7252150000000001 0.853192 
0.486935 0.780412 0.008579 0.708129 0.549617 
0.300435 0.935288 0.691854 0.21457 0.712418 
0.206131 0.508103 0.603591 0.720688 0.893518 
0.7277130000000001 0.818937 0.736581 0.126624 0.204713 
0.730765 0.259387 0.851066 0.686978 0.410852 
0.100767 0.836778 0.7488050000000001 0.149739 0.652053 
0.657928 0.106169 0.858815 0.881282 0.08248 
0.5729340000000001 0.502211 0.905105 0.031343 0.655378 
0.284312 0.126577 0.673419 0.363201 0.9550110000000001 
0.669947 0.01305 0.5471780000000001 0.416909 0.839129 
0.870271 0.149902 0.33164 0.919221 0.53003 
0.557012 0.957562 0.282311 0.67161 0.326893 
0.87899 0.192764 0.59018 0.084703 0.663479 
0.141362 0.636664 0.857508 0.349958 0.855226 
0.406759 0.082439 0.828457 0.848619 0.484497 
0.727862 0.077307 0.513319 0.280551 0.508003 
0.4167 0.593311 0.53115 0.9416679999999999 0.139697 
0.41997 0.099547 0.701692 0.165393 0.8660679999999999 
0.7839159999999999 0.378334 0.496162 0.409716 0.898587 
0.289882 0.11036 0.728139 0.955929 0.314888 
0.576942 0.094613 0.95641 0.29101 0.462936 
0.405821 0.601175 0.142798 0.488317 0.391255 
0.033193 0.729823 0.844367 0.390144 0.605051 
0.787713 0.409089 0.937968 0.501142 0.072797 
0.960947 0.388179 0.260794 0.307934 0.374437 
0.896637 0.229915 0.654276 0.162254 0.291201 
0.106956 0.175864 0.955494 0.644737 0.566211 
0.142379 0.476209 0.190453 0.911734 0.708639 
0.840648 0.489413 0.039941 0.704245 0.391144 
0.119684 0.905254 0.13329 0.815302 0.7265740000000001 
0.9277840000000001 0.285018 0.118424 0.377774 0.605993 
0.154075 0.838525 0.553889 0.046862 0.76531 
0.624551 0.441271 0.971095 0.320555 0.182469 
0.020569 0.600315 0.65843 0.369039 0.871891 
0.290225 0.084518 0.414481 0.803362 0.570845 
0.489789 0.372589 0.111406 0.51525 0.97787 
0.888342 0.474069 0.262103 0.19517 0.416344 
0.603479 0.436209 0.585955 0.949561 0.174792 
0.057706 0.605961 0.593352 0.188102 0.905058 
0.560419 0.685137 0.052066 0.717658 0.153278 
0.269765 0.227716 0.476016 0.983342 0.486181 
0.713929 0.582535 0.057225 0.37785 0.391685 
0.191827 0.273805 0.384611 0.938842 0.553338 
0.751947 0.298974 0.6215039999999999 0.025658 0.688499 
0.433834 0.949778 0.169795 0.274156 0.743713 
0.603303 0.031558 0.798975 0.700522 0.272897 
0.192997 0.405325 0.266788 0.391162 0.82947 
0.749017 0.479964 0.623906 0.8067029999999999 0.040927 
0.917791 0.59294 0.183793 0.875761 0.143098 
0.638609 0.551839 0.114797 0.896384 0.644584 
0.350206 0.420323 0.66279 0.21287 0.980421 
0.965193 0.524825 0.182379 0.410516 0.486055 
0.325818 0.900574 0.219349 0.9184099999999999 0.26465 
0.7992860000000001 0.051426 0.667387 0.903402 0.268147 
0.020002 0.458465 0.7210569999999999 0.420757 0.7304310000000001 
0.472514 0.24819 0.872375 0.150276 0.936151 
0.335454 0.304778 0.347269 0.6793090000000001 0.975846 
0.420992 0.970263 0.62863 0.154464 0.258017 
0.491517 0.80652 0.349144 0.784536 0.022801 
0.902493 0.024636 0.494809 0.488529 0.557119 
0.803939 0.826414 0.549206 0.198725 0.040557 
0.032964 0.823991 0.467266 0.8566550000000001 0.504838 
0.617181 0.897976 0.196118 0.852297 0.217485 
0.454088 0.787046 0.849384 0.499827 0.121315 
0.327774 0.770133 0.494245 0.021897 0.626177 
0.498603 0.944578 0.592537 0.542891 0.196065 
0.423171 0.668131 0.665868 0.541671 0.72728 
0.122594 0.673393 0.261581 0.97489 0.436878 
0.531851 0.501721 0.448526 0.5918330000000001 0.023159 
0.349475 0.890452 0.8799709999999999 0.069064 0.50395 
0.742079 0.548091 0.150168 0.474261 0.9071129999999999 
0.83369 0.262886 0.60399 0.839125 0.041857 
0.800922 0.023783 0.547644 0.298117 0.824371 
0.510679 0.166065 0.716955 0.10326 0.906841 
0.327055 0.904583 0.808103 0.139561 0.291527 
0.06038 0.219567 0.690863 0.438996 0.947448 
0.839295 0.188714 0.911863 0.277038 0.253336 
0.510657 0.66048 0.342851 0.052705 0.905103 
0.612487 0.593593 0.049185 0.599285 0.8655969999999999 
0.564122 0.739412 0.513227 0.278032 0.06894599999999999 
0.463559 0.24423 0.86209 0.488262 0.118773 
0.967642 0.230096 0.881435 0.309798 0.350432 
0.239058 0.876034 0.333871 0.097154 0.624418 
0.313833 0.187225 0.221894 0.706136 0.926057 
0.7899350000000001 0.158058 0.208584 0.8299029999999999 0.06122 
0.8042319999999999 0.807001 0.356072 0.402137 0.556443 
0.193944 0.733662 0.445243 0.348557 0.299675 
0.245137 0.7799430000000001 0.134178 0.58099 0.924796 
0.309084 0.254723 0.459279 0.8663650000000001 0.199496 
0.947421 0.399161 0.200738 0.57774 0.6280559999999999 
0.377859 0.715352 0.406982 0.677069 0.021926 
0.334383 0.114219 0.961851 0.398773 0.492493 
0.757602 0.753431 0.07378700000000001 0.643061 0.121439 
0.70455 0.6241409999999999 0.140538 0.947214 0.395595 
0.056963 0.360142 0.594172 0.71945 0.8768 
0.53691 0.74322 0.59672 0.843201 0.151251 
0.754116 0.156954 0.392601 0.842154 0.7108139999999999 
0.032543 0.764259 0.632498 0.440329 0.347346 
0.33147 0.602023 0.228208 0.349727 0.982158 
0.242778 0.299074 0.406205 0.75657 0.31715 
0.138162 0.297729 0.457254 0.5061 0.966689 
0.876921 0.680261 0.358369 0.686991 0.286013 
0.95508 0.485753 0.628381 0.542805 0.056935 
0.510267 0.337358 0.202029 0.915299 0.781481 
0.323334 0.599344 0.530641 0.062975 0.977674 
0.089434 0.950883 0.14909 0.6893820000000001 0.529926 
0.893124 0.671126 0.414958 0.531507 0.473968 
0.635647 0.925882 0.546955 0.187445 0.12289 
0.477707 0.936724 0.294273 0.351231 0.804269 
0.696608 0.139677 0.915413 0.722534 0.209304 
0.868026 0.583436 0.150927 0.829028 0.057582 
0.761243 0.011863 0.738492 0.362278 0.58462 
0.464965 0.323558 0.288414 0.837944 0.8658 
0.03153 0.409111 0.770356 0.76096 0.460521 
0.09429800000000001 0.768657 0.74958 0.319565 0.368125 
0.956923 0.322246 0.632649 0.433762 0.09553 
0.6158360000000001 0.451699 0.947062 0.05479 0.442426 
0.629314 0.454583 0.660124 0.019691 0.773239 
0.257262 0.9351120000000001 0.358125 0.383455 0.896594 
0.395977 0.047793 0.591483 0.79808 0.343111 
0.374527 0.079147 0.966773 0.52195 0.6483950000000001 
0.470518 0.712656 0.491001 0.021961 0.799098 
0.170094 0.411614 0.677487 0.822098 0.141782 
0.787516 0.8304859999999999 0.154226 0.7586349999999999 0.046399 
0.114591 0.576286 0.832807 0.360861 0.352338 
0.813737 0.831985 0.416474 0.618431 0.021806 
0.106744 0.6317739999999999 0.195554 0.413844 0.779945 
0.481174 0.959993 0.457714 0.135034 0.6136509999999999 
0.307132 0.281679 0.94289 0.222709 0.49096 
0.303063 0.057221 0.457365 0.888327 0.753718 
0.803118 0.648554 0.29427 0.047131 0.695728 
0.679697 0.149809 0.514123 0.971871 0.44868 
0.838058 0.504993 0.313359 0.062844 0.73992 
0.250662 0.7408 0.085267 0.646282 0.861584 
0.879686 0.422253 0.08298700000000001 0.930298 0.223241 
0.170423 0.924822 0.60329 0.07979600000000001 0.558802 
0.11027 0.717282 0.760208 0.476469 0.8229070000000001 
0.57118 0.259816 0.184705 0.957538 0.357322 
0.06311600000000001 0.636823 0.508917 0.746526 0.823577 
0.6232839999999999 0.38963 0.668535 0.421473 0.903964 
0.144654 0.278338 0.305256 0.727874 0.849988 
0.479084 0.510688 0.884294 0.785442 0.279815 
0.974947 0.512974 0.409701 0.43903 0.144396 
0.555644 0.764122 0.102841 0.809588 0.617931 
0.862383 0.702054 0.677088 0.09247 0.388736 
0.439442 0.828798 0.250014 0.940792 0.130092 
0.5485640000000001 0.677119 0.071676 0.936728 0.163778 
0.099524 0.637919 0.121154 0.8303 0.541936 
0.519145 0.8485239999999999 0.353962 0.354833 0.843432 
0.161845 0.28686 0.345959 0.446101 0.916436 
0.344079 0.677254 0.513422 0.366376 0.137792 
0.161873 0.935198 0.601382 0.139951 0.771929 
0.265378 0.152901 0.800809 0.721718 0.275383 
0.24424 0.924336 0.173326 0.465788 0.927775 
0.5455950000000001 0.852534 0.050842 0.78113 0.176107 
0.537425 0.214125 0.370919 0.98108 0.50568 
0.615023 0.680341 0.282658 0.894273 0.438812 
0.0346 0.472659 0.604424 0.586399 0.392722 
0.763334 0.707713 0.613434 0.6723519999999999 0.10413 
0.270777 0.652529 0.442097 0.698886 0.882189 
0.011842 0.768581 0.288178 0.501143 0.8042280000000001 
0.348179 0.771019 0.019804 0.597307 0.692378 
0.266847 0.443172 0.858728 0.09765 0.561535 
0.199268 0.631724 0.270625 0.930548 0.246579 
0.205355 0.66079 0.9512080000000001 0.340071 0.620811 
0.323435 0.95867 0.522736 0.407545 0.126596 
0.167535 0.555513 0.8132819999999999 0.037221 0.935017 
0.506507 0.216667 0.582145 0.252621 0.983325 
0.979866 0.336222 0.315465 0.6615259999999999 0.308523 
0.413077 0.169441 0.907296 0.061427 0.721182 
0.317909 0.172507 0.768315 0.191408 0.933542 
0.118563 0.81718 0.689314 0.155027 0.891673 
0.747529 0.610215 0.361495 0.805707 0.405001 
0.632413 0.428293 0.549662 0.215461 0.157247 
0.9490150000000001 0.396269 0.105259 0.639972 0.249934 
0.043278 0.6065469999999999 0.845008 0.470009 0.757772 
0.66022 0.938076 0.207916 0.3233 0.375385 
0.552599 0.562542 0.294115 0.90433 0.605206 
0.938549 0.610093 0.321187 0.441751 0.090836 
0.212061 0.422613 0.975171 0.602162 0.49734 
0.910616 0.055317 0.6473449999999999 0.207367 0.523111 
0.662124 0.568715 0.103826 0.192816 0.856133 
0.59107 0.440653 0.758318 0.04505 0.362324 
0.766203 0.416013 0.154736 0.15446 0.6506769999999999 
0.519143 0.5583979999999999 0.07603500000000001 0.49947 0.950272 
0.805327 0.019267 0.565456 0.741266 0.266705 
0.8139380000000001 0.133277 0.575562 0.162083 0.846395 
0.020836 0.437286 0.7754180000000001 0.466959 0.879017 
0.055246 0.911469 0.609768 0.318464 0.49901 
0.212096 0.706826 0.310687 0.913542 0.730345 
0.960888 0.533454 0.223388 0.706278 0.09326 
0.629155 0.930581 0.565753 0.074574 0.286219 
0.354183 0.278651 0.187113 0.859035 0.398701 
0.9154099999999999 0.8581569999999999 0.26794 0.513121 0.09041299999999999 
0.559554 0.5669380000000001 0.015482 0.488314 0.624235 
0.097191 0.8757509999999999 0.627849 0.396836 0.837413 
0.987957 0.297532 0.513682 0.383551 0.349904 
0.215173 0.629759 0.355715 0.97604 0.208601 
0.175002 0.574761 0.899601 0.165874 0.87185 
0.89146 0.564372 0.676328 0.119849 0.521053 
0.410444 0.124967 0.450902 0.445873 0.956197 
0.195597 0.961141 0.233439 0.752018 0.611442 
0.869437 0.3761 0.270455 0.470975 0.828261 
0.852285 0.139665 0.79044 0.074966 0.510034 
0.592499 0.108472 0.783915 0.761924 0.08232200000000001 
0.814352 0.541387 0.026742 0.36496 0.720036 
0.318744 0.732769 0.814337 0.573893 0.10123 
0.19097 0.532501 0.447767 0.252064 0.57324 
0.244645 0.904966 0.08629199999999999 0.654175 0.7720089999999999 
0.482532 0.313404 0.777362 0.331079 0.950434 
0.061754 0.851594 0.199975 0.949478 0.547909 
0.222953 0.160173 0.515576 0.932891 0.765041 
0.6853 0.034912 0.855066 0.219635 0.626219 
0.981643 0.249364 0.596677 0.706761 0.203084 
0.788956 0.221124 0.085295 0.455587 0.878024 
0.701302 0.460234 0.007632 0.625189 0.534945 
0.465256 0.131821 0.9418029999999999 0.108006 0.734383 
0.062452 0.699778 0.899765 0.482616 0.480701 
0.894861 0.580128 0.049879 0.519952 0.525151 
0.390196 0.144718 0.744886 0.9520960000000001 0.356604 
0.881091 0.08786099999999999 0.844711 0.349041 0.292115 
0.911743 0.527598 0.375798 0.31289 0.11541 
0.674026 0.731255 0.338098 0.088411 0.294191 
0.186911 0.676117 0.874301 0.40794 0.190221 
0.231504 0.371504 0.400847 0.98294 0.545323 
0.130359 0.636472 0.340191 0.711175 0.919825 
0.367431 0.049639 0.488093 0.850335 0.761107 
0.44171 0.389526 0.381944 0.919084 0.058922 
0.06310399999999999 0.581547 0.28081 0.726555 0.524577 
0.165592 0.133703 0.922217 0.740656 0.5225959999999999 
0.141601 0.691464 0.65835 0.039176 0.682555 
0.927733 0.122785 0.865756 0.550897 0.377892 
0.610297 0.708076 0.095399 0.720211 0.792003 
0.597677 0.259987 0.470758 0.064554 0.799919 
0.454066 0.258252 0.90911 0.112628 0.473681 
0.949616 0.486112 0.372761 0.8623960000000001 0.158756 
0.373793 0.571176 0.378909 0.964108 0.081528 
0.244558 0.6412060000000001 0.383719 0.346386 0.986856 
0.172203 0.782527 0.07355299999999999 0.649385 0.536598 
0.843984 0.263513 0.457325 0.932798 0.133373 
0.422976 0.133404 0.216762 0.600455 0.93765 
0.196562 0.63051 0.6186430000000001 0.752499 0.059405 
0.24992 0.226841 0.950388 0.263513 0.901536 
0.922218 0.6610549999999999 0.366259 0.115689 0.620078 
0.042582 0.865258 0.374686 0.632511 0.36242 
0.722203 0.538092 0.549218 0.062285 0.830691 
0.260939 0.965376 0.064467 0.821258 0.537687 
0.220277 0.608565 0.077136 0.454394 0.878698 
0.778966 0.42027 0.5378230000000001 0.031017 0.480696 
0.234464 0.846272 0.7002620000000001 0.668964 0.152662 
0.62671 0.65356 0.859465 0.176344 0.622139 
0.489046 0.314405 0.796993 0.011481 0.755193 
0.50464 0.838246 0.70951 0.214586 0.655438 
0.307921 0.690067 0.166996 0.153774 0.920026 
0.140367 0.930418 0.094787 0.735797 0.6600780000000001 
0.217015 0.89615 0.053174 0.646035 0.535268 
0.035671 0.846089 0.510798 0.685008 0.379021 
0.387956 0.571769 0.798759 0.016086 0.722033 
0.161266 0.7421759999999999 0.949164 0.280887 0.586356 
0.562949 0.485433 0.709166 0.265133 0.93788 
0.774991 0.236667 0.165395 0.6318859999999999 0.835826 
0.231562 0.9240159999999999 0.56751 0.672023 0.426336 
0.773133 0.486008 0.03697 0.835809 0.521133 
0.270095 0.723544 0.811013 0.429346 0.101551 
0.606568 0.298081 0.955251 0.226171 0.824614 
0.688732 0.901767 0.620494 0.16548 0.250586 
0.678457 0.13096 0.935994 0.166797 0.638124 
0.783266 0.815078 0.218584 0.47814 0.056576 
0.329466 0.501001 0.043564 0.553256 0.893884 
0.7612719999999999 0.409416 0.051847 0.500078 0.368876 
0.720965 0.868498 0.05478 0.6208050000000001 0.218919 
0.474868 0.745468 0.08301799999999999 0.753022 0.117137 
0.882477 0.349218 0.437362 0.859443 0.366587 
0.816854 0.567869 0.771172 0.5937249999999999 0.125323 
0.119514 0.54161 0.919984 0.101746 0.816026 
0.9436059999999999 0.431624 0.201642 0.8321539999999999 0.218657 
0.159638 0.618866 0.967637 0.481885 0.310901 
0.77124 0.297066 0.738089 0.560106 0.684901 
0.149268 0.593131 0.6969689999999999 0.757195 0.088849 
0.745188 0.338365 0.546419 0.943921 0.097678 
0.236972 0.920029 0.574694 0.402916 0.154345 
0.8700909999999999 0.737932 0.145099 0.22881 0.584539 
0.834573 0.125335 0.56188 0.144579 0.530993 
0.95436 0.167905 0.6639429999999999 0.578942 0.05699 
0.340989 0.290861 0.977136 0.542694 0.563687 
0.549287 0.885267 0.485941 0.095002 0.249621 
0.547955 0.481655 0.524791 0.969647 0.253443 
0.952617 0.671428 0.310771 0.312938 0.219099 
0.510191 0.388986 0.915618 0.773123 0.135293 
0.456387 0.547445 0.573798 0.892181 0.043702 
0.741591 0.725985 0.069725 0.796638 0.416043 
0.522634 0.310967 0.262168 0.984318 0.300631 
0.474159 0.47764 0.449934 0.020689 0.871601 
0.816412 0.579835 0.639714 0.637914 0.011534 
0.259884 0.737052 0.136342 0.9673580000000001 0.491197 
0.784994 0.863466 0.332508 0.228418 0.559909 
0.754962 0.008638 0.680823 0.360727 0.669166 
0.695277 0.586697 0.722399 0.018183 0.577931 
0.12645 0.204935 0.858867 0.896471 0.37643 
0.441151 0.708601 0.036726 0.320405 0.815908 
0.761957 0.429903 0.146838 0.974114 0.219699 
0.327137 0.159706 0.645939 0.214861 0.7121769999999999 
0.961996 0.585546 0.623158 0.169247 0.238165 
0.361512 0.44895 0.855581 0.448329 0.07960200000000001 
0.437825 0.295099 0.565252 0.061905 0.698005 
0.801569 0.458146 0.388779 0.07842 0.818285 
0.35547 0.446008 0.110834 0.6989109999999999 0.958714 
0.170554 0.386722 0.28077 0.42072 0.82463 
0.227558 0.17535 0.25514 0.827804 0.767782 
0.152734 0.61795 0.633068 0.839524 0.689249 
0.686268 0.833892 0.080911 0.303363 0.802721 
0.358517 0.7897110000000001 0.841686 0.554378 0.297038 
0.547757 0.8920169999999999 0.253328 0.07670399999999999 0.66869 
0.6062 0.386459 0.019698 0.708865 0.516957 
0.512186 0.330959 0.032383 0.914473 0.653074 
0.174057 0.233176 0.448499 0.874621 0.8598749999999999 
0.535311 0.257095 0.546076 0.136444 0.987713 
0.469932 0.138445 0.694802 0.100604 0.716303 
0.853924 0.44065 0.876767 0.266466 0.164745 
0.402175 0.571226 0.099617 0.886511 0.204695 
0.861002 0.347743 0.656814 0.718359 0.450554 
0.875735 0.328224 0.673311 0.056726 0.511815 
0.093692 0.912459 0.236856 0.456811 0.53034 
0.121816 0.836133 0.874454 0.453076 0.422586 
0.602299 0.726908 0.009468000000000001 0.6030990000000001 0.682052 
0.272517 0.6313800000000001 0.019201 0.864757 0.716814 
0.481583 0.779065 0.09370299999999999 0.970518 0.35839 
0.8057609999999999 0.08790100000000001 0.286935 0.53516 0.394332 
0.929436 0.145497 0.559102 0.376056 0.758385 
0.849543 0.535122 0.437644 0.805837 0.021479 
0.217903 0.8529 0.492484 0.8578209999999999 0.165016 
0.815744 0.580458 0.778353 0.316831 0.5143219999999999 
0.661119 0.815271 0.134394 0.71884 0.045258 
0.314111 0.895055 0.201343 0.147073 0.912368 
0.838695 0.54649 0.708452 0.650625 0.26819 
0.02723 0.852642 0.417443 0.21737 0.732797 
0.639277 0.299265 0.368974 0.134685 0.593655 
0.136537 0.936312 0.444494 0.142757 0.8125830000000001 
0.647268 0.508437 0.330196 0.986724 0.258109 
0.257307 0.392676 0.507819 0.838762 0.116669 
0.604326 0.700092 0.132732 0.178521 0.948282 
0.398416 0.275351 0.584439 0.883567 0.760611 
0.755194 0.025975 0.355418 0.5750420000000001 0.381491 
0.607491 0.536148 0.568588 0.280956 0.082579 
0.639954 0.414509 0.7965370000000001 0.090199 0.250424 
0.435329 0.826362 0.8648979999999999 0.147183 0.567795 
0.615594 0.363148 0.361695 0.56791 0.968728 
0.225988 0.078434 0.923948 0.300462 0.813466 
0.754504 0.022572 0.673142 0.834882 0.318992 
0.570103 0.792542 0.591074 0.03591 0.261379 
0.932179 0.454215 0.485203 0.078622 0.467286 
0.68013 0.581503 0.751059 0.021187 0.6828379999999999 
0.870505 0.033932 0.70945 0.451932 0.24956 
0.652488 0.548721 0.396021 0.785733 0.637695 
0.305719 0.156063 0.980336 0.583337 0.643486 
0.446395 0.692204 0.250437 0.606162 0.8970669999999999 
0.823298 0.029175 0.596784 0.870929 0.369777 
0.15624 0.990541 0.481757 0.309657 0.40891 
0.645618 0.885754 0.461123 0.510396 0.022138 
0.343699 0.041694 0.3984 0.868121 0.58993 
0.696188 0.070051 0.732247 0.199693 0.413468 
0.789843 0.416662 0.502729 0.05687 0.814192 
0.71197 0.079357 0.392279 0.408041 0.445879 
0.737278 0.886282 0.098051 0.169321 0.488868 
0.573121 0.86428 0.757132 0.131674 0.231827 
0.8503540000000001 0.336559 0.829992 0.238492 0.094101 
0.120773 0.104817 0.735819 0.679831 0.784273 
0.105296 0.469849 0.93901 0.388184 0.387364 
0.008656 0.905861 0.446074 0.40641 0.76632 
0.491687 0.423254 0.986549 0.086104 0.565082 
0.204603 0.31615 0.9515439999999999 0.760391 0.411523 
0.354819 0.933582 0.10787 0.896613 0.391095 
0.223873 0.539582 0.9575090000000001 0.204934 0.5798410000000001 
0.396648 0.640292 0.9457 0.499751 0.402298 
0.914146 0.649141 0.1423 0.858138 0.183474 
0.211309 0.983054 0.439922 0.637279 0.406106 
0.006229 0.852391 0.594942 0.123772 0.831615 
0.641115 0.596622 0.083666 0.988941 0.15144 
0.748193 0.022641 0.531867 0.6870849999999999 0.277464 
0.410502 0.780217 0.038629 0.452676 0.506843 
0.612451 0.008839 0.82995 0.609904 0.400967 
0.811662 0.248565 0.176888 0.868575 0.616597 
0.489019 0.943878 0.136847 0.805221 0.451663 
0.508861 0.060933 0.338771 0.813215 0.781346 
0.86747 0.293397 0.05883 0.541442 0.731816 
0.536555 0.213654 0.574867 0.530134 0.130578 
0.363459 0.711986 0.420546 0.357726 0.198476 
0.684153 0.525569 0.29912 0.212503 0.96816 
0.34308 0.4203 0.103446 0.8762 0.462232 
0.121843 0.65017 0.356938 0.922999 0.224898 
0.974075 0.27659 0.560777 0.269038 0.30022 
0.5037160000000001 0.585317 0.889705 0.361874 0.06370199999999999 
0.442772 0.296207 0.390356 0.97828 0.630118 
0.425524 0.417669 0.814062 0.650343 0.026138 
0.419337 0.988362 0.284991 0.660718 0.130609 
0.499414 0.820295 0.530959 0.844262 0.256894 
0.059052 0.419089 0.600799 0.169308 0.8239610000000001 
0.495258 0.046186 0.581691 0.942403 0.305093 
0.86158 0.89359 0.404101 0.112282 0.228307 
0.80137 0.879957 0.175953 0.349871 0.199956 
0.393765 0.780944 0.547265 0.457593 0.796447 
0.054486 0.302115 0.814598 0.497466 0.552946 
0.986733 0.231586 0.586131 0.6417040000000001 0.194118 
0.225415 0.495687 0.707691 0.04367 0.733421 
0.213414 0.82225 0.878123 0.496892 0.228917 
0.322838 0.903473 0.264352 0.5002490000000001 0.855012 
0.026665 0.912981 0.31109 0.751474 0.590268 
0.955932 0.596513 0.175827 0.383085 0.266135 
0.814607 0.895349 0.34149 0.517025 0.127802 
0.964805 0.09946000000000001 0.6307469999999999 0.6090179999999999 0.332455 
0.381527 0.73145 0.871036 0.450702 0.525609 
0.78189 0.064711 0.803856 0.484388 0.748488 
0.318391 0.658709 0.5545099999999999 0.947381 0.236624 
0.278405 0.678964 0.644941 0.5874239999999999 0.830484 
0.020329 0.689971 0.329752 0.450393 0.742305 
0.804126 0.290904 0.878487 0.368223 0.022525 
0.792909 0.92693 0.245721 0.399519 0.164434 
0.932406 0.459624 0.174736 0.829996 0.122015 
0.652735 0.917967 0.10256 0.7680709999999999 0.08587599999999999 
0.376713 0.338754 0.841862 0.267528 0.239472 
0.885694 0.436661 0.777738 0.654213 0.075572 
0.650089 0.051346 0.803634 0.100176 0.747818 
0.848589 0.679615 0.126603 0.878727 0.158583 
0.209717 0.273859 0.240704 0.548107 0.908896 
0.459292 0.340462 0.391575 0.956215 0.128412 
0.89683 0.310794 0.407062 0.212855 0.813611 
0.285442 0.49468 0.14203 0.481916 0.9570419999999999 
0.155541 0.476419 0.744661 0.827952 0.125043 
0.710727 0.877352 0.214973 0.65207 0.026606 
0.263401 0.767621 0.156251 0.7477 0.234034 
0.741175 0.711753 0.021558 0.7858000000000001 0.249185 
0.50542 0.931477 0.08601200000000001 0.466241 0.656623 
0.701013 0.422287 0.02411 0.432684 0.876077 
0.358479 0.146544 0.981325 0.340002 0.60837 
0.448045 0.548112 0.498282 0.435702 0.104406 
0.199971 0.438881 0.754347 0.780853 0.712248 
0.505541 0.061912 0.89682 0.749433 0.342808 
0.027374 0.578888 0.6982660000000001 0.7380910000000001 0.680541 
0.015744 0.483889 0.655736 0.5463479999999999 0.813488 
0.659158 0.213782 0.697806 0.786913 0.013206 
0.041084 0.741675 0.7513 0.455188 0.759914 
0.365054 0.286081 0.841092 0.347754 0.221125 
0.9405790000000001 0.16188 0.282583 0.420407 0.464607 
0.889524 0.052846 0.544137 0.65869 0.638748 
0.443759 0.103932 0.114141 0.750135 0.757275 
