5
290
4.521910000000000096e-01 4.693479999999999874e-01 8.048429999999999751e-01 4.588709999999999734e-01 3.204859999999999931e-01
2.011370000000000102e-01 7.122389999999999555e-01 5.150010000000000421e-01 5.200510000000000410e-01 5.188190000000000301e-01
2.326860000000000039e-01 5.877759999999999652e-01 5.935300000000000020e-01 4.553090000000000193e-01 6.347180000000000044e-01
6.157120000000000370e-01 4.252839999999999954e-01 2.359549999999999981e-01 7.623619999999999841e-01 4.672740000000000227e-01
4.017709999999999892e-01 6.490449999999999831e-01 2.338429999999999953e-01 4.133260000000000267e-01 6.109369999999999523e-01
7.874759999999999538e-01 5.173459999999999726e-01 4.912610000000000032e-01 3.054020000000000068e-01 3.222820000000000129e-01
3.283400000000000207e-01 4.685469999999999913e-01 3.431020000000000181e-01 5.176960000000000450e-01 8.229520000000000168e-01
4.759720000000000062e-01 3.176019999999999954e-01 3.895589999999999886e-01 6.994409999999999794e-01 5.649429999999999730e-01
3.731530000000000125e-01 1.699340000000000017e-01 5.999459999999999793e-01 4.859180000000000166e-01 7.657880000000000242e-01
5.303849999999999953e-01 2.753269999999999884e-01 6.428920000000000190e-01 7.349059999999999482e-01 4.131389999999999785e-01
3.674669999999999881e-01 7.127210000000000489e-01 5.375339999999999563e-01 4.754390000000000005e-01 6.783320000000000460e-01
5.179610000000000047e-01 4.026379999999999959e-01 5.080519999999999481e-01 3.677380000000000093e-01 6.482019999999999449e-01
5.743549999999999489e-01 4.167429999999999746e-01 6.019510000000000138e-01 6.700899999999999634e-01 4.386340000000000239e-01
4.209840000000000249e-01 4.504920000000000035e-01 7.564100000000000268e-01 1.841009999999999869e-01 5.168760000000000021e-01
6.267070000000000141e-01 3.601409999999999889e-01 5.822289999999999965e-01 5.360740000000000505e-01 6.730110000000000259e-01
4.732890000000000152e-01 5.064410000000000300e-01 3.732010000000000050e-01 3.726180000000000048e-01 5.410080000000000444e-01
3.366399999999999948e-01 4.299399999999999888e-01 5.649570000000000425e-01 5.073410000000000419e-01 5.229939999999999589e-01
4.064019999999999855e-01 6.902209999999999734e-01 5.544630000000000392e-01 5.264670000000000183e-01 5.205309999999999659e-01
3.914320000000000022e-01 8.004649999999999821e-01 4.931610000000000160e-01 6.345420000000000504e-01 3.856609999999999761e-01
6.609620000000000495e-01 6.589070000000000205e-01 2.284619999999999984e-01 4.165220000000000034e-01 4.694269999999999832e-01
6.867349999999999843e-01 6.350649999999999906e-01 6.248730000000000118e-01 4.577899999999999747e-01 4.017000000000000015e-01
5.425170000000000270e-01 8.561919999999999531e-01 3.478570000000000273e-01 4.773109999999999853e-01 3.713380000000000014e-01
6.932009999999999561e-01 6.140799999999999592e-01 6.047700000000000298e-01 4.141310000000000269e-01 3.891310000000000047e-01
4.625540000000000207e-01 2.736029999999999851e-01 6.879060000000000175e-01 4.495179999999999731e-01 6.543139999999999512e-01
7.551780000000000159e-01 2.392269999999999952e-01 4.220650000000000235e-01 5.776019999999999488e-01 5.133879999999999555e-01
1.943870000000000042e-01 4.110770000000000257e-01 6.857520000000000282e-01 6.771770000000000289e-01 4.460799999999999765e-01
3.993280000000000163e-01 6.279890000000000194e-01 2.377390000000000059e-01 4.561259999999999759e-01 6.267380000000000173e-01
6.012610000000000454e-01 5.598659999999999748e-01 4.343469999999999831e-01 6.942300000000000137e-01 2.671870000000000078e-01
5.462219999999999853e-01 6.051429999999999865e-01 6.336079999999999490e-01 5.218509999999999538e-01 2.566970000000000085e-01
3.554780000000000162e-01 6.497789999999999955e-01 6.717469999999999830e-01 5.681370000000000031e-01 4.232790000000000163e-01
2.558199999999999918e-01 8.581940000000000124e-01 3.802659999999999929e-01 4.258750000000000036e-01 6.203910000000000258e-01
4.029079999999999884e-01 7.321940000000000115e-01 4.444879999999999942e-01 3.265159999999999729e-01 4.092279999999999807e-01
3.028730000000000033e-01 4.738870000000000027e-01 6.080750000000000322e-01 3.222769999999999802e-01 7.563889999999999780e-01
2.656209999999999960e-01 7.782689999999999886e-01 5.016369999999999996e-01 5.754240000000000466e-01 2.885730000000000239e-01
5.437229999999999563e-01 4.205769999999999786e-01 7.835010000000000030e-01 5.307439999999999936e-01 2.985479999999999801e-01
5.382919999999999927e-01 8.462269999999999515e-01 3.480690000000000173e-01 2.932170000000000054e-01 4.820880000000000165e-01
7.026759999999999673e-01 1.716290000000000038e-01 6.241980000000000306e-01 5.920469999999999899e-01 4.178520000000000012e-01
4.248870000000000147e-01 7.370250000000000412e-01 2.616299999999999737e-01 6.479859999999999509e-01 3.819100000000000272e-01
6.180750000000000410e-01 5.123320000000000096e-01 5.691420000000000368e-01 2.375990000000000046e-01 3.924500000000000210e-01
4.638570000000000193e-01 4.951160000000000005e-01 7.103129999999999722e-01 7.252570000000000405e-01 2.038699999999999957e-01
3.324059999999999793e-01 7.409029999999999783e-01 4.944500000000000006e-01 7.191340000000000510e-01 2.158980000000000066e-01
3.662150000000000127e-01 5.478739999999999721e-01 3.295179999999999776e-01 3.794899999999999940e-01 7.618439999999999657e-01
3.496099999999999763e-01 4.731969999999999787e-01 5.944110000000000227e-01 3.864279999999999937e-01 5.243470000000000075e-01
5.361850000000000227e-01 6.602249999999999508e-01 1.076560000000000017e-01 6.767180000000000417e-01 4.996090000000000253e-01
5.462169999999999526e-01 7.520599999999999508e-01 2.931579999999999742e-01 4.032060000000000088e-01 3.514090000000000269e-01
7.985609999999999653e-01 3.652210000000000178e-01 4.562820000000000209e-01 4.912309999999999732e-01 5.048589999999999467e-01
6.574229999999999796e-01 3.422569999999999779e-01 5.652359999999999607e-01 3.958090000000000219e-01 5.120810000000000084e-01
2.426359999999999906e-01 5.386879999999999447e-01 4.479589999999999961e-01 4.511939999999999840e-01 8.193240000000000522e-01
3.697110000000000118e-01 5.553839999999999888e-01 3.398030000000000217e-01 5.627680000000000460e-01 7.371889999999999832e-01
5.949470000000000036e-01 7.275789999999999758e-01 2.391449999999999965e-01 5.015789999999999971e-01 5.079430000000000334e-01
5.857689999999999841e-01 5.431859999999999467e-01 6.999870000000000259e-01 5.608290000000000219e-01 4.407429999999999959e-01
4.713550000000000240e-01 4.308029999999999915e-01 3.999710000000000210e-01 3.732070000000000110e-01 8.665770000000000417e-01
6.870190000000000463e-01 3.053509999999999835e-01 7.968969999999999665e-01 4.708350000000000035e-01 2.781129999999999991e-01
7.027820000000000178e-01 4.302779999999999938e-01 6.596159999999999801e-01 4.748959999999999848e-01 1.530950000000000089e-01
6.877870000000000372e-01 3.533100000000000129e-01 5.902180000000000204e-01 3.879759999999999875e-01 5.609659999999999647e-01
7.448200000000000376e-01 2.929080000000000017e-01 6.855120000000000102e-01 3.262240000000000140e-01 4.205389999999999961e-01
4.194010000000000238e-01 5.469100000000000072e-01 4.899189999999999934e-01 7.532090000000000174e-01 1.786899999999999877e-01
3.742789999999999728e-01 5.842669999999999808e-01 5.929140000000000521e-01 1.634160000000000057e-01 7.306270000000000264e-01
6.470439999999999525e-01 4.843189999999999995e-01 6.592789999999999484e-01 3.670700000000000074e-01 5.773120000000000474e-01
4.744689999999999741e-01 6.332499999999999796e-01 4.036270000000000135e-01 2.292200000000000071e-01 7.613109999999999600e-01
1.660290000000000099e-01 7.585279999999999800e-01 3.782639999999999891e-01 3.901950000000000141e-01 7.363229999999999498e-01
2.404189999999999938e-01 6.047310000000000185e-01 5.939510000000000067e-01 3.479090000000000238e-01 6.190320000000000267e-01
1.398929999999999896e-01 6.008529999999999704e-01 6.416880000000000361e-01 4.714720000000000022e-01 6.660190000000000277e-01
7.685689999999999467e-01 5.084990000000000343e-01 6.299369999999999692e-01 5.498380000000000489e-01 1.686930000000000096e-01
3.298289999999999833e-01 8.286729999999999929e-01 4.125949999999999895e-01 5.274079999999999879e-01 3.680410000000000070e-01
5.231890000000000152e-01 7.113239999999999563e-01 2.908890000000000087e-01 3.815870000000000095e-01 4.068089999999999762e-01
6.768680000000000252e-01 5.316109999999999447e-01 4.894229999999999969e-01 3.966580000000000106e-01 4.368929999999999758e-01
5.351559999999999651e-01 7.022199999999999553e-01 4.501310000000000033e-01 5.205699999999999772e-01 2.224710000000000021e-01
3.292109999999999759e-01 3.632179999999999853e-01 6.636570000000000524e-01 6.072170000000000067e-01 4.029300000000000104e-01
2.349930000000000074e-01 5.670819999999999750e-01 6.040600000000000414e-01 4.948400000000000021e-01 4.535910000000000220e-01
7.533419999999999561e-01 5.513949999999999685e-01 2.712300000000000266e-01 5.107519999999999838e-01 3.958760000000000057e-01
5.643939999999999513e-01 6.750589999999999646e-01 2.567189999999999750e-01 2.682610000000000272e-01 7.043310000000000404e-01
3.800979999999999914e-01 3.882329999999999948e-01 4.668169999999999820e-01 5.862749999999999906e-01 6.080379999999999674e-01
4.831500000000000239e-01 7.059699999999999864e-01 2.759389999999999898e-01 5.443850000000000078e-01 3.439690000000000247e-01
5.632899999999999574e-01 7.421389999999999931e-01 4.099140000000000006e-01 6.139419999999999877e-01 2.280570000000000097e-01
6.106800000000000006e-01 3.632589999999999986e-01 7.481959999999999722e-01 5.339669999999999694e-01 3.708580000000000210e-01
3.452700000000000213e-01 4.754030000000000200e-01 5.548680000000000279e-01 7.705060000000000242e-01 5.046530000000000182e-01
6.369050000000000544e-01 4.024869999999999837e-01 3.405480000000000174e-01 4.097390000000000199e-01 8.203399999999999581e-01
5.559030000000000360e-01 5.367439999999999989e-01 3.506690000000000085e-01 5.824740000000000473e-01 6.959450000000000358e-01
6.440709999999999491e-01 3.112369999999999859e-01 6.773369999999999669e-01 4.167020000000000168e-01 6.170269999999999921e-01
5.392390000000000239e-01 6.299099999999999699e-01 4.423639999999999795e-01 2.304370000000000029e-01 4.017049999999999788e-01
2.497169999999999945e-01 6.212290000000000312e-01 7.514690000000000536e-01 5.064130000000000020e-01 4.569750000000000201e-01
5.679859999999999909e-01 6.963470000000000493e-01 2.419149999999999912e-01 3.333430000000000004e-01 7.525479999999999947e-01
4.575210000000000110e-01 3.778859999999999997e-01 7.142899999999999805e-01 3.224650000000000016e-01 4.327210000000000223e-01
6.852479999999999682e-01 4.174599999999999977e-01 4.236090000000000133e-01 4.847850000000000215e-01 2.541129999999999778e-01
3.023589999999999889e-01 6.847649999999999570e-01 2.575450000000000239e-01 5.314189999999999747e-01 6.863789999999999614e-01
3.771829999999999905e-01 7.196780000000000399e-01 6.893789999999999640e-01 3.850120000000000209e-01 5.607630000000000114e-01
6.363309999999999800e-01 4.589340000000000086e-01 3.330480000000000107e-01 6.453459999999999752e-01 6.282630000000000159e-01
4.577200000000000157e-01 6.867349999999999843e-01 4.831259999999999999e-01 3.985560000000000214e-01 3.715419999999999834e-01
3.583379999999999899e-01 4.828649999999999887e-01 3.591690000000000160e-01 5.806810000000000027e-01 5.956900000000000528e-01
6.517239999999999700e-01 3.171530000000000182e-01 6.737290000000000223e-01 2.541740000000000110e-01 6.997090000000000254e-01
6.875700000000000145e-01 4.322790000000000243e-01 3.493209999999999926e-01 3.955449999999999799e-01 6.993599999999999817e-01
3.121280000000000165e-01 6.138839999999999852e-01 3.566090000000000093e-01 3.431560000000000166e-01 7.947349999999999692e-01
5.052320000000000144e-01 2.189099999999999935e-01 5.284799999999999498e-01 5.393559999999999466e-01 5.631420000000000314e-01
5.112649999999999695e-01 6.085720000000000018e-01 3.942030000000000256e-01 4.254669999999999841e-01 7.893550000000000288e-01
4.821440000000000170e-01 5.066300000000000248e-01 4.537080000000000002e-01 6.953660000000000396e-01 4.627089999999999814e-01
2.654940000000000078e-01 8.017480000000000162e-01 2.917489999999999806e-01 7.302610000000000490e-01 3.253940000000000166e-01
5.105769999999999476e-01 5.360540000000000305e-01 5.230080000000000284e-01 7.794149999999999689e-01 3.055430000000000090e-01
4.610899999999999999e-01 8.878080000000000416e-01 4.278170000000000028e-01 2.484510000000000052e-01 5.036350000000000549e-01
4.123870000000000036e-01 4.288549999999999862e-01 3.742639999999999856e-01 6.475999999999999535e-01 3.688359999999999972e-01
3.146240000000000148e-01 4.089539999999999842e-01 5.161040000000000072e-01 3.879319999999999991e-01 8.009249999999999980e-01
6.631540000000000212e-01 5.660739999999999661e-01 2.644960000000000089e-01 2.591609999999999747e-01 7.697869999999999990e-01
7.689629999999999521e-01 4.021759999999999780e-01 2.531399999999999761e-01 4.259160000000000168e-01 6.105300000000000171e-01
1.638689999999999869e-01 7.847490000000000299e-01 3.005430000000000046e-01 5.168819999999999526e-01 6.222250000000000281e-01
5.077180000000000026e-01 5.079979999999999496e-01 7.951549999999999452e-01 5.107960000000000278e-01 3.511699999999999822e-01
3.500449999999999950e-01 4.364169999999999994e-01 5.538800000000000390e-01 7.599960000000000049e-01 3.163969999999999838e-01
7.440980000000000372e-01 2.741770000000000040e-01 5.071679999999999522e-01 7.240799999999999459e-01 4.091299999999999937e-01
5.454919999999999769e-01 6.864869999999999584e-01 5.441070000000000073e-01 3.102170000000000205e-01 4.530410000000000270e-01
3.237590000000000190e-01 3.105829999999999980e-01 5.568899999999999961e-01 4.659630000000000161e-01 8.258750000000000258e-01
3.460949999999999860e-01 5.865299999999999958e-01 7.446739999999999471e-01 4.506649999999999823e-01 5.804740000000000455e-01
3.304190000000000182e-01 4.756600000000000272e-01 7.996649999999999592e-01 3.489559999999999884e-01 4.949250000000000038e-01
5.505259999999999598e-01 4.474119999999999764e-01 3.754700000000000260e-01 3.587449999999999806e-01 5.966620000000000257e-01
4.384129999999999971e-01 5.093929999999999847e-01 2.799619999999999886e-01 6.265070000000000361e-01 4.943170000000000064e-01
7.117999999999999883e-01 3.264489999999999892e-01 6.312860000000000138e-01 4.409890000000000199e-01 3.316049999999999831e-01
5.025340000000000362e-01 5.484989999999999588e-01 2.861020000000000230e-01 5.646719999999999517e-01 6.120670000000000277e-01
6.877459999999999685e-01 5.610349999999999504e-01 5.073260000000000547e-01 3.177840000000000109e-01 4.709749999999999770e-01
2.938689999999999913e-01 7.287879999999999914e-01 6.316159999999999553e-01 4.131409999999999805e-01 2.978160000000000251e-01
4.524730000000000141e-01 5.123429999999999929e-01 6.356389999999999540e-01 2.020039999999999891e-01 7.487260000000000026e-01
7.171910000000000229e-01 4.325490000000000168e-01 5.018829999999999680e-01 4.369910000000000183e-01 4.036190000000000055e-01
8.287149999999999794e-01 3.771269999999999900e-01 3.656869999999999843e-01 6.485290000000000221e-01 2.856620000000000270e-01
3.756320000000000214e-01 7.030250000000000110e-01 4.192940000000000000e-01 4.007689999999999864e-01 6.668039999999999523e-01
6.995550000000000379e-01 3.830009999999999803e-01 5.201860000000000372e-01 6.049900000000000277e-01 4.084929999999999950e-01
4.164140000000000064e-01 4.204010000000000247e-01 4.851329999999999809e-01 8.695570000000000244e-01 4.885920000000000263e-01
6.229379999999999917e-01 4.931570000000000120e-01 2.496670000000000000e-01 5.784059999999999757e-01 6.329860000000000486e-01
3.807309999999999861e-01 5.105830000000000091e-01 6.757130000000000081e-01 2.039839999999999987e-01 5.742110000000000269e-01
6.970549999999999802e-01 5.505339999999999678e-01 2.420269999999999921e-01 3.796709999999999807e-01 6.126300000000000079e-01
5.336670000000000025e-01 7.598019999999999774e-01 4.004280000000000062e-01 3.386509999999999798e-01 5.205490000000000395e-01
6.017869999999999608e-01 5.723930000000000407e-01 7.027609999999999690e-01 1.891760000000000108e-01 4.636159999999999726e-01
4.637549999999999728e-01 3.431139999999999746e-01 5.706980000000000386e-01 8.536080000000000334e-01 4.586529999999999774e-01
4.475390000000000201e-01 4.629670000000000174e-01 6.717389999999999750e-01 2.790259999999999962e-01 4.504750000000000143e-01
7.258229999999999960e-01 2.001380000000000103e-01 5.299639999999999906e-01 3.983110000000000261e-01 5.343890000000000029e-01
7.493419999999999526e-01 5.775240000000000373e-01 3.805720000000000214e-01 4.006299999999999861e-01 2.802359999999999851e-01
5.305959999999999566e-01 5.149160000000000403e-01 5.395159999999999956e-01 5.133339999999999570e-01 3.453439999999999843e-01
5.348819999999999686e-01 3.796289999999999942e-01 6.223269999999999635e-01 4.556649999999999867e-01 4.559920000000000084e-01
6.255190000000000472e-01 4.332849999999999757e-01 4.926780000000000048e-01 4.097189999999999999e-01 3.035789999999999877e-01
5.807679999999999509e-01 3.907019999999999937e-01 4.558679999999999954e-01 2.496579999999999910e-01 7.274509999999999588e-01
4.530790000000000095e-01 2.567249999999999810e-01 7.337789999999999591e-01 3.676920000000000188e-01 5.343320000000000292e-01
8.022719999999999851e-01 3.829520000000000146e-01 5.979970000000000008e-01 3.899290000000000256e-01 3.368559999999999888e-01
2.505919999999999814e-01 5.512690000000000090e-01 5.803190000000000293e-01 5.741629999999999789e-01 3.910270000000000135e-01
4.158879999999999799e-01 4.963310000000000222e-01 6.516110000000000513e-01 4.738189999999999902e-01 2.614659999999999762e-01
3.672119999999999829e-01 3.493620000000000059e-01 8.213470000000000493e-01 3.711539999999999839e-01 4.472019999999999884e-01
3.129779999999999784e-01 5.307100000000000151e-01 6.895700000000000163e-01 4.041859999999999897e-01 4.909359999999999835e-01
6.388080000000000425e-01 4.068330000000000002e-01 2.753470000000000084e-01 6.982760000000000078e-01 2.947250000000000147e-01
6.358749999999999680e-01 4.066339999999999955e-01 4.955590000000000273e-01 6.587429999999999675e-01 5.740669999999999940e-01
7.225510000000000543e-01 3.893320000000000114e-01 4.018430000000000057e-01 4.701730000000000076e-01 6.804390000000000160e-01
3.344630000000000103e-01 7.359949999999999548e-01 4.479319999999999968e-01 2.647930000000000006e-01 6.278230000000000199e-01
4.228279999999999816e-01 6.408359999999999612e-01 3.308989999999999987e-01 5.984099999999999975e-01 5.474510000000000209e-01
6.052309999999999635e-01 4.308109999999999995e-01 7.254720000000000057e-01 2.987079999999999735e-01 6.395739999999999759e-01
5.920159999999999867e-01 4.716739999999999822e-01 3.675519999999999898e-01 2.507630000000000137e-01 6.071999999999999620e-01
4.411189999999999833e-01 3.714819999999999789e-01 8.309729999999999617e-01 5.625480000000000480e-01 4.679719999999999991e-01
5.332700000000000218e-01 5.764059999999999739e-01 4.100809999999999733e-01 2.642189999999999817e-01 6.207599999999999785e-01
5.322350000000000136e-01 3.758580000000000254e-01 6.635739999999999972e-01 5.953270000000000506e-01 5.112649999999999695e-01
3.434189999999999743e-01 4.400459999999999927e-01 6.968919999999999559e-01 2.502360000000000140e-01 6.060969999999999969e-01
8.354000000000000314e-01 3.057389999999999830e-01 6.527640000000000109e-01 4.331389999999999962e-01 4.802390000000000270e-01
2.825920000000000099e-01 6.150309999999999944e-01 5.285539999999999683e-01 4.374410000000000243e-01 5.473500000000000032e-01
5.235630000000000006e-01 2.226629999999999998e-01 7.827790000000000026e-01 3.040039999999999965e-01 5.326419999999999488e-01
3.852650000000000241e-01 6.399669999999999526e-01 4.431080000000000019e-01 4.424520000000000119e-01 7.319830000000000503e-01
2.927960000000000007e-01 7.625100000000000211e-01 4.675699999999999856e-01 2.116119999999999945e-01 6.610249999999999737e-01
5.602310000000000345e-01 2.697649999999999770e-01 7.464749999999999996e-01 5.363170000000000437e-01 4.459310000000000218e-01
5.209000000000000297e-01 1.721850000000000047e-01 7.407409999999999828e-01 4.067140000000000200e-01 6.188090000000000535e-01
4.406370000000000009e-01 6.403999999999999693e-01 6.308550000000000546e-01 1.992269999999999874e-01 5.276030000000000442e-01
5.842929999999999513e-01 2.841350000000000264e-01 5.734470000000000400e-01 2.629159999999999831e-01 8.372699999999999587e-01
6.897090000000000165e-01 5.770070000000000476e-01 6.148829999999999574e-01 3.624240000000000239e-01 3.363499999999999823e-01
6.511050000000000448e-01 2.078790000000000082e-01 4.314310000000000089e-01 5.368589999999999751e-01 5.530669999999999753e-01
4.316130000000000244e-01 3.284130000000000105e-01 7.473389999999999755e-01 4.575670000000000015e-01 6.443400000000000238e-01
3.269039999999999724e-01 4.469090000000000007e-01 3.563520000000000021e-01 5.829750000000000210e-01 6.087500000000000133e-01
3.053379999999999983e-01 6.014469999999999539e-01 3.723480000000000123e-01 7.560160000000000213e-01 3.112190000000000234e-01
6.027310000000000167e-01 5.417849999999999611e-01 7.070100000000000273e-01 5.989579999999999904e-01 1.767900000000000027e-01
3.023330000000000184e-01 4.319830000000000059e-01 7.769270000000000342e-01 6.288040000000000296e-01 3.687130000000000130e-01
6.225760000000000183e-01 6.706779999999999964e-01 5.503740000000000299e-01 4.626779999999999782e-01 3.394039999999999835e-01
5.811250000000000027e-01 5.422879999999999923e-01 5.154990000000000405e-01 6.988269999999999760e-01 3.453069999999999751e-01
3.868280000000000052e-01 2.438230000000000119e-01 7.862270000000000092e-01 3.915850000000000164e-01 6.084469999999999601e-01
7.198940000000000339e-01 3.653879999999999906e-01 5.333660000000000068e-01 5.182750000000000412e-01 3.189040000000000208e-01
4.370609999999999773e-01 5.508709999999999996e-01 2.599400000000000044e-01 3.848409999999999886e-01 6.223100000000000298e-01
6.619390000000000551e-01 2.804559999999999831e-01 4.121440000000000103e-01 3.953220000000000067e-01 5.614419999999999966e-01
4.089079999999999937e-01 6.457549999999999679e-01 4.329620000000000135e-01 4.970640000000000058e-01 4.818509999999999738e-01
7.904799999999999605e-01 5.042100000000000470e-01 3.250170000000000003e-01 4.815450000000000008e-01 5.968160000000000132e-01
4.964779999999999749e-01 3.783580000000000276e-01 5.147920000000000273e-01 5.164339999999999486e-01 8.199830000000000174e-01
4.750139999999999918e-01 3.426299999999999901e-01 7.663269999999999804e-01 3.424409999999999954e-01 5.018150000000000110e-01
5.273999999999999799e-01 4.533380000000000187e-01 4.056339999999999946e-01 3.079089999999999883e-01 7.800150000000000139e-01
4.283620000000000205e-01 6.120870000000000477e-01 4.011959999999999971e-01 5.855529999999999902e-01 2.614360000000000017e-01
5.515949999999999465e-01 5.286419999999999453e-01 2.377380000000000049e-01 5.861509999999999776e-01 5.212510000000000199e-01
3.861669999999999825e-01 6.845480000000000453e-01 5.272409999999999597e-01 2.583199999999999941e-01 6.180579999999999963e-01
4.270700000000000052e-01 6.358150000000000190e-01 3.008170000000000011e-01 3.721740000000000048e-01 8.912360000000000282e-01
3.388229999999999853e-01 7.757659999999999556e-01 1.629289999999999905e-01 4.629469999999999974e-01 6.469470000000000498e-01
6.953799999999999981e-01 4.053510000000000169e-01 7.223530000000000229e-01 5.540629999999999722e-01 1.670840000000000103e-01
5.070299999999999807e-01 2.311169999999999891e-01 6.329669999999999463e-01 5.278859999999999664e-01 6.190069999999999739e-01
3.286749999999999949e-01 6.952500000000000346e-01 5.762779999999999569e-01 1.619720000000000049e-01 5.537849999999999717e-01
4.628149999999999764e-01 6.145410000000000039e-01 6.709239999999999648e-01 4.365530000000000244e-01 5.212309999999999999e-01
7.349900000000000322e-01 5.787529999999999619e-01 4.036179999999999768e-01 3.260279999999999845e-01 3.716229999999999811e-01
2.430049999999999988e-01 4.617200000000000193e-01 5.272529999999999717e-01 4.831670000000000131e-01 7.522919999999999607e-01
7.867420000000000524e-01 4.673419999999999797e-01 4.880160000000000053e-01 2.257440000000000002e-01 4.948819999999999886e-01
5.262900000000000356e-01 3.144629999999999925e-01 4.844680000000000097e-01 7.661240000000000272e-01 3.929989999999999872e-01
1.357440000000000035e-01 7.944329999999999448e-01 4.535870000000000180e-01 4.737620000000000164e-01 6.651230000000000198e-01
7.464910000000000156e-01 3.841579999999999995e-01 4.107250000000000068e-01 6.908220000000000471e-01 2.997909999999999742e-01
4.263509999999999800e-01 5.186610000000000387e-01 5.660899999999999821e-01 5.319749999999999757e-01 5.026059999999999972e-01
5.154199999999999893e-01 6.753759999999999764e-01 7.153500000000000414e-01 4.186929999999999819e-01 4.166449999999999876e-01
4.006549999999999834e-01 7.773449999999999527e-01 4.255820000000000158e-01 3.834940000000000015e-01 4.936329999999999885e-01
4.363900000000000001e-01 4.193609999999999838e-01 6.210820000000000229e-01 5.955169999999999630e-01 4.420629999999999837e-01
2.603750000000000231e-01 6.831129999999999702e-01 4.914209999999999967e-01 4.883460000000000023e-01 6.753149999999999986e-01
4.311110000000000220e-01 6.991979999999999862e-01 3.462700000000000222e-01 2.758979999999999766e-01 7.063199999999999479e-01
2.149610000000000132e-01 5.571289999999999853e-01 5.517959999999999532e-01 7.723970000000000002e-01 4.884499999999999953e-01
3.503410000000000135e-01 7.080940000000000012e-01 5.090940000000000465e-01 4.416510000000000158e-01 5.623179999999999845e-01
4.736929999999999752e-01 3.314360000000000084e-01 4.401450000000000085e-01 4.267580000000000262e-01 8.212580000000000435e-01
7.954849999999999977e-01 6.403379999999999628e-01 4.511029999999999762e-01 4.223250000000000060e-01 2.922219999999999818e-01
4.148499999999999965e-01 5.858269999999999866e-01 2.820840000000000014e-01 3.944039999999999768e-01 5.785420000000000007e-01
4.013240000000000141e-01 7.284279999999999644e-01 2.635899999999999910e-01 4.395510000000000250e-01 7.961709999999999621e-01
3.496810000000000196e-01 5.106939999999999813e-01 4.981050000000000200e-01 3.394300000000000095e-01 8.885929999999999662e-01
4.435930000000000151e-01 4.894459999999999922e-01 4.011970000000000258e-01 7.369970000000000132e-01 6.034859999999999669e-01
3.036190000000000278e-01 4.013929999999999998e-01 4.701199999999999823e-01 4.629220000000000002e-01 7.683919999999999639e-01
3.264460000000000139e-01 2.196400000000000019e-01 6.338099999999999845e-01 4.727770000000000028e-01 6.839009999999999811e-01
3.040840000000000209e-01 6.000569999999999515e-01 3.698009999999999908e-01 5.594320000000000404e-01 7.610400000000000498e-01
6.350430000000000241e-01 6.935769999999999991e-01 4.468190000000000217e-01 3.441330000000000222e-01 2.562030000000000141e-01
4.173620000000000108e-01 4.484400000000000053e-01 5.359140000000000015e-01 4.012009999999999743e-01 4.731139999999999790e-01
4.746210000000000151e-01 4.348170000000000091e-01 2.039769999999999917e-01 7.036480000000000512e-01 6.811469999999999470e-01
6.078930000000000167e-01 2.566269999999999940e-01 5.630950000000000122e-01 3.852410000000000001e-01 5.963979999999999837e-01
2.802830000000000044e-01 7.124190000000000245e-01 3.505960000000000187e-01 6.388599999999999834e-01 4.867609999999999992e-01
6.417770000000000419e-01 5.493289999999999562e-01 2.513389999999999791e-01 7.572680000000000522e-01 2.421830000000000094e-01
7.821960000000000024e-01 3.358670000000000266e-01 5.635879999999999779e-01 5.243910000000000515e-01 5.378039999999999488e-01
5.250989999999999824e-01 5.468669999999999920e-01 5.735209999999999475e-01 4.574110000000000120e-01 2.907420000000000004e-01
7.038550000000000084e-01 7.718129999999999713e-01 3.022079999999999766e-01 5.010299999999999754e-01 3.881390000000000118e-01
7.468259999999999899e-01 4.278850000000000153e-01 4.360229999999999939e-01 3.962260000000000226e-01 3.682000000000000273e-01
6.579549999999999566e-01 6.323609999999999509e-01 3.421879999999999922e-01 5.441529999999999978e-01 5.753989999999999938e-01
4.694940000000000224e-01 4.791920000000000068e-01 4.986360000000000237e-01 6.361350000000000060e-01 3.763119999999999798e-01
5.401770000000000183e-01 2.768720000000000070e-01 7.310630000000000184e-01 5.208490000000000064e-01 4.303190000000000071e-01
5.658300000000000551e-01 5.232900000000000329e-01 1.721100000000000130e-01 4.724200000000000066e-01 5.756559999999999455e-01
2.682579999999999965e-01 4.744769999999999821e-01 6.314969999999999750e-01 4.283480000000000065e-01 6.603240000000000220e-01
3.870589999999999864e-01 6.857940000000000147e-01 3.371560000000000112e-01 3.748029999999999973e-01 7.642970000000000041e-01
5.849050000000000082e-01 6.696569999999999467e-01 2.513730000000000131e-01 6.480169999999999542e-01 2.905909999999999882e-01
6.695569999999999578e-01 6.452799999999999647e-01 2.750850000000000239e-01 3.718090000000000006e-01 4.952119999999999855e-01
3.163850000000000273e-01 3.183150000000000146e-01 7.146660000000000235e-01 4.655340000000000034e-01 6.634200000000000097e-01
6.085359999999999658e-01 5.385790000000000299e-01 4.586370000000000169e-01 7.366909999999999847e-01 4.530520000000000103e-01
3.583080000000000154e-01 3.938920000000000199e-01 7.792860000000000342e-01 2.789409999999999945e-01 6.299810000000000132e-01
7.787049999999999805e-01 5.173240000000000061e-01 6.207479999999999665e-01 3.114020000000000121e-01 3.517850000000000144e-01
4.857920000000000016e-01 7.590160000000000240e-01 3.543160000000000198e-01 5.774409999999999821e-01 2.232439999999999980e-01
3.516059999999999741e-01 5.147770000000000401e-01 7.389160000000000172e-01 2.318860000000000088e-01 4.702709999999999946e-01
7.356340000000000101e-01 6.480799999999999894e-01 5.200700000000000323e-01 2.736210000000000031e-01 5.485849999999999893e-01
7.323939999999999895e-01 2.132249999999999979e-01 5.741460000000000452e-01 5.571490000000000054e-01 4.528090000000000170e-01
4.167040000000000188e-01 8.216160000000000130e-01 3.217189999999999772e-01 2.897339999999999915e-01 7.180429999999999868e-01
3.642790000000000195e-01 4.357610000000000094e-01 6.190890000000000004e-01 3.810239999999999738e-01 7.051640000000000130e-01
3.214020000000000210e-01 5.952509999999999746e-01 3.066780000000000062e-01 7.862200000000000299e-01 3.359590000000000076e-01
3.089830000000000076e-01 4.626000000000000112e-01 5.114429999999999810e-01 7.205920000000000103e-01 5.003640000000000310e-01
7.848939999999999806e-01 5.798149999999999693e-01 4.351829999999999865e-01 4.575389999999999735e-01 4.681930000000000258e-01
3.328280000000000127e-01 5.766980000000000439e-01 2.770070000000000032e-01 8.166539999999999910e-01 4.812500000000000111e-01
6.377909999999999968e-01 3.172940000000000205e-01 2.687890000000000001e-01 6.359669999999999490e-01 4.651020000000000154e-01
3.316919999999999868e-01 6.054380000000000317e-01 4.911499999999999755e-01 3.629740000000000189e-01 5.941319999999999935e-01
4.455210000000000004e-01 3.965279999999999916e-01 4.431470000000000131e-01 5.690520000000000023e-01 6.375239999999999796e-01
5.115250000000000075e-01 8.504650000000000265e-01 3.218530000000000002e-01 4.520689999999999986e-01 4.171050000000000035e-01
5.255589999999999984e-01 5.641389999999999461e-01 2.332690000000000041e-01 6.625050000000000106e-01 5.489460000000000450e-01
1.942319999999999880e-01 6.453550000000000120e-01 3.046070000000000166e-01 5.485280000000000156e-01 5.767330000000000512e-01
3.977189999999999892e-01 5.720420000000000504e-01 6.572909999999999586e-01 6.329000000000000181e-01 4.585000000000000187e-01
7.003319999999999546e-01 4.432740000000000014e-01 4.255570000000000186e-01 4.234559999999999991e-01 7.240130000000000177e-01
4.908449999999999758e-01 5.690520000000000023e-01 5.162299999999999667e-01 4.294319999999999804e-01 3.231510000000000216e-01
1.292329999999999868e-01 6.143889999999999629e-01 6.289320000000000466e-01 4.830150000000000277e-01 5.707400000000000251e-01
2.763189999999999813e-01 7.129370000000000429e-01 6.846280000000000143e-01 2.861830000000000207e-01 6.292039999999999855e-01
3.642159999999999842e-01 7.848600000000000021e-01 3.390520000000000200e-01 5.252580000000000027e-01 4.400780000000000247e-01
4.500970000000000248e-01 5.429429999999999534e-01 3.618359999999999910e-01 5.754810000000000203e-01 3.750720000000000165e-01
4.589730000000000198e-01 2.075130000000000030e-01 6.311280000000000223e-01 5.871610000000000440e-01 7.279719999999999525e-01
4.238720000000000265e-01 5.700279999999999792e-01 3.431759999999999811e-01 8.209800000000000431e-01 2.004160000000000108e-01
5.588670000000000027e-01 4.029769999999999741e-01 4.426829999999999932e-01 4.040329999999999755e-01 6.307099999999999929e-01
5.823629999999999640e-01 5.706790000000000473e-01 2.780130000000000101e-01 6.225279999999999703e-01 2.964910000000000045e-01
6.389270000000000227e-01 3.466310000000000224e-01 8.184179999999999788e-01 4.164349999999999996e-01 3.117269999999999763e-01
5.495130000000000292e-01 4.960280000000000244e-01 2.486790000000000112e-01 6.702719999999999789e-01 4.516029999999999767e-01
2.084419999999999884e-01 7.732790000000000497e-01 5.865110000000000046e-01 4.342920000000000114e-01 4.612490000000000201e-01
6.752709999999999546e-01 4.885579999999999923e-01 3.752829999999999777e-01 4.912099999999999800e-01 3.424730000000000274e-01
3.901660000000000128e-01 5.984810000000000407e-01 5.674449999999999772e-01 4.457940000000000236e-01 5.429030000000000244e-01
2.717720000000000136e-01 6.853439999999999532e-01 2.967139999999999778e-01 6.525030000000000552e-01 6.148940000000000516e-01
3.819790000000000130e-01 6.476520000000000055e-01 6.699469999999999592e-01 5.304170000000000273e-01 2.361139999999999906e-01
6.570420000000000149e-01 2.375379999999999991e-01 5.929379999999999651e-01 2.996759999999999979e-01 5.586659999999999959e-01
5.572350000000000358e-01 2.418190000000000062e-01 5.700600000000000112e-01 5.757970000000000033e-01 3.777269999999999794e-01
2.799679999999999946e-01 6.166199999999999459e-01 6.988799999999999457e-01 5.264389999999999903e-01 5.071909999999999474e-01
5.239780000000000548e-01 3.369429999999999925e-01 7.308630000000000404e-01 6.574569999999999581e-01 3.895989999999999731e-01
5.516210000000000280e-01 3.938389999999999946e-01 5.282750000000000501e-01 3.615450000000000053e-01 5.923599999999999977e-01
3.177499999999999769e-01 4.312639999999999807e-01 3.715930000000000066e-01 5.108219999999999983e-01 7.797079999999999567e-01
4.772989999999999733e-01 2.840199999999999947e-01 6.361080000000000068e-01 4.656799999999999828e-01 6.191529999999999534e-01
5.005380000000000384e-01 3.213590000000000058e-01 7.121769999999999490e-01 3.378200000000000092e-01 6.663890000000000091e-01
7.084610000000000074e-01 4.778390000000000137e-01 3.630519999999999858e-01 5.219070000000000098e-01 6.351390000000000091e-01
5.597969999999999891e-01 5.338279999999999692e-01 4.373090000000000033e-01 4.173769999999999980e-01 6.434779999999999944e-01
5.364879999999999649e-01 4.176679999999999837e-01 3.655229999999999868e-01 2.805449999999999888e-01 8.752220000000000555e-01
6.907400000000000206e-01 5.080500000000000016e-01 4.928830000000000156e-01 3.232200000000000073e-01 6.777560000000000251e-01
1.420309999999999906e-01 5.469319999999999737e-01 5.743810000000000304e-01 5.394750000000000378e-01 4.325180000000000136e-01
3.309599999999999764e-01 5.778609999999999580e-01 3.421330000000000204e-01 8.664600000000000080e-01 3.412620000000000098e-01
3.637610000000000010e-01 5.379880000000000217e-01 2.689810000000000256e-01 8.403439999999999799e-01 3.025619999999999976e-01
4.448840000000000017e-01 6.031659999999999799e-01 2.414350000000000107e-01 5.761239999999999695e-01 5.903389999999999471e-01
6.070759999999999490e-01 3.917729999999999824e-01 7.658639999999999892e-01 3.022320000000000007e-01 2.165459999999999885e-01
3.428769999999999873e-01 4.850260000000000127e-01 4.464670000000000027e-01 4.652310000000000056e-01 5.716689999999999827e-01
1.518869999999999942e-01 6.927579999999999849e-01 3.849910000000000276e-01 5.551779999999999493e-01 7.040269999999999584e-01
2.510240000000000249e-01 4.327509999999999968e-01 5.213470000000000049e-01 5.984209999999999807e-01 6.534600000000000408e-01
2.509890000000000176e-01 4.477860000000000174e-01 8.025250000000000439e-01 4.713539999999999952e-01 4.389399999999999968e-01
2.947770000000000112e-01 5.264290000000000358e-01 7.963510000000000311e-01 5.260359999999999481e-01 5.742939999999999712e-01
