5
176
0.529195 0.281131 0.5238390000000001 0.57461 0.656214 
0.34143 0.60753 0.247854 0.643622 0.565433 
0.708446 0.521635 0.469824 0.371558 0.544389 
0.5812349999999999 0.646571 0.262885 0.655663 0.374787 
0.68371 0.339685 0.5798720000000001 0.599604 0.245452 
0.449839 0.49767 0.636998 0.5551469999999999 0.564496 
0.40221 0.488393 0.388964 0.507629 0.469989 
0.431268 0.651354 0.26588 0.742303 0.451994 
0.593826 0.317054 0.382588 0.686188 0.482611 
0.607975 0.602375 0.366776 0.67788 0.382775 
0.590414 0.315432 0.612789 0.3763 0.588134 
0.62768 0.581802 0.240995 0.584232 0.388011 
0.560162 0.613107 0.432931 0.626956 0.448698 
0.760782 0.504568 0.471016 0.400581 0.481963 
0.6856989999999999 0.615482 0.400811 0.434936 0.352724 
0.443512 0.615224 0.603034 0.481789 0.329288 
0.598043 0.576356 0.335313 0.675279 0.292118 
0.48593 0.393875 0.430877 0.702498 0.599639 
0.537195 0.336699 0.535599 0.443869 0.674001 
0.582098 0.444167 0.343616 0.497027 0.410884 
0.626848 0.3876 0.510217 0.678817 0.475966 
0.348447 0.592963 0.381861 0.714422 0.431228 
0.618281 0.647556 0.396027 0.512674 0.474724 
0.283289 0.442444 0.535426 0.662825 0.553234 
0.58216 0.275392 0.51178 0.373747 0.633181 
0.566214 0.472584 0.361414 0.656987 0.327607 
0.415594 0.592516 0.38463 0.476435 0.699016 
0.558462 0.322715 0.615331 0.358286 0.640263 
0.729596 0.53108 0.458432 0.458775 0.39373 
0.305534 0.692897 0.381519 0.618434 0.545466 
0.448922 0.373279 0.626567 0.375623 0.526132 
0.359382 0.47246 0.564186 0.553053 0.674759 
0.471423 0.4591 0.630408 0.478946 0.617685 
0.491255 0.5372749999999999 0.493695 0.42426 0.700133 
0.647257 0.369609 0.389362 0.694343 0.302939 
0.6310480000000001 0.420136 0.535177 0.324073 0.596393 
0.365405 0.378393 0.484337 0.490539 0.73395 
0.504646 0.397512 0.355177 0.6965789999999999 0.447808 
0.487381 0.66827 0.321359 0.73006 0.36661 
0.505295 0.475424 0.5491470000000001 0.649685 0.566154 
0.579201 0.27646 0.632503 0.612465 0.323623 
0.442677 0.315026 0.655156 0.5844549999999999 0.494678 
0.524181 0.6429280000000001 0.430354 0.536456 0.276246 
0.658518 0.40675 0.406814 0.493823 0.582257 
0.402762 0.502495 0.570894 0.617908 0.286922 
0.307372 0.5636370000000001 0.421534 0.565676 0.714476 
0.531775 0.389891 0.576534 0.272411 0.600325 
0.757856 0.387899 0.426337 0.458971 0.430794 
0.421908 0.684014 0.445117 0.556559 0.531043 
0.342651 0.596099 0.354619 0.408347 0.663986 
0.537276 0.567913 0.580055 0.364885 0.358839 
0.536062 0.276072 0.482208 0.618688 0.42399 
0.5649960000000001 0.489377 0.285194 0.521161 0.699733 
0.457279 0.492875 0.425849 0.391476 0.757875 
0.280262 0.495996 0.596237 0.458541 0.670619 
0.39875 0.541533 0.472041 0.736376 0.352947 
0.527137 0.680214 0.533119 0.339931 0.470109 
0.6663559999999999 0.590543 0.336538 0.397431 0.563483 
0.500353 0.432453 0.652105 0.526871 0.5762119999999999 
0.398308 0.455006 0.385202 0.606236 0.441729 
0.308183 0.483775 0.719199 0.396796 0.6026899999999999 
0.652571 0.608169 0.594215 0.379243 0.422686 
0.490014 0.60921 0.491782 0.472468 0.610266 
0.445385 0.381685 0.406957 0.562066 0.741016 
0.705665 0.455527 0.460853 0.394234 0.549322 
0.507379 0.666083 0.509931 0.257857 0.5428500000000001 
0.669474 0.388958 0.607419 0.344877 0.471655 
0.529061 0.630339 0.397755 0.406138 0.661253 
0.636497 0.329307 0.421542 0.548341 0.42292 
0.402992 0.713562 0.537314 0.334441 0.483311 
0.598146 0.366271 0.68062 0.432651 0.515469 
0.350813 0.528564 0.447654 0.45523 0.755997 
0.438399 0.488222 0.617677 0.605315 0.511868 
0.512894 0.637527 0.531361 0.495555 0.525674 
0.361705 0.6575 0.46644 0.522131 0.361056 
0.412429 0.445249 0.564102 0.547133 0.707244 
0.597767 0.6135930000000001 0.608567 0.390421 0.340214 
0.290512 0.393814 0.6315460000000001 0.524568 0.595946 
0.417309 0.527108 0.578756 0.392374 0.428476 
0.359583 0.514501 0.320821 0.672872 0.5748490000000001 
0.470531 0.533471 0.297916 0.476943 0.623536 
0.254553 0.496977 0.570727 0.414843 0.744221 
0.5096889999999999 0.760343 0.412236 0.388635 0.420845 
0.338989 0.420246 0.426765 0.701152 0.596548 
0.309161 0.63603 0.264292 0.62924 0.606938 
0.63864 0.363234 0.500614 0.383226 0.500671 
0.402124 0.556642 0.460809 0.69977 0.297972 
0.488299 0.449972 0.372377 0.425703 0.561384 
0.568334 0.523241 0.554208 0.6760389999999999 0.291248 
0.53812 0.456226 0.633362 0.426942 0.296372 
0.598808 0.539563 0.271432 0.528249 0.6441750000000001 
0.5865010000000001 0.275235 0.45494 0.599938 0.550017 
0.250822 0.6820619999999999 0.448475 0.587439 0.448123 
0.457008 0.584189 0.406556 0.467574 0.390463 
0.614333 0.377278 0.5560580000000001 0.336433 0.628344 
0.466687 0.687595 0.519806 0.445796 0.548805 
0.475477 0.576228 0.658749 0.306156 0.5025500000000001 
0.262002 0.556913 0.406831 0.656469 0.525841 
0.65554 0.363891 0.474495 0.471196 0.380833 
0.567464 0.364848 0.580364 0.416208 0.402098 
0.504062 0.371961 0.529829 0.7793600000000001 0.312001 
0.502533 0.645972 0.415614 0.295254 0.582911 
0.560418 0.349381 0.708281 0.317071 0.550601 
0.5193410000000001 0.699311 0.358681 0.523383 0.340492 
0.387173 0.609843 0.581809 0.486082 0.57035 
0.373545 0.687894 0.471814 0.373271 0.466414 
0.454658 0.421225 0.458294 0.55391 0.398728 
0.475531 0.532166 0.434531 0.506294 0.339566 
0.6246350000000001 0.273648 0.464718 0.548223 0.578884 
0.632656 0.586364 0.276252 0.671799 0.333196 
0.593647 0.430589 0.296413 0.564387 0.591222 
0.412352 0.641011 0.454455 0.324256 0.723048 
0.607499 0.343567 0.74024 0.452574 0.420708 
0.545625 0.6670779999999999 0.323301 0.655366 0.2809 
0.5805630000000001 0.718751 0.494625 0.460908 0.422804 
0.563947 0.400082 0.511863 0.6968 0.490839 
0.344845 0.575586 0.308687 0.561985 0.654929 
0.398113 0.692055 0.5999910000000001 0.391488 0.48272 
0.5987170000000001 0.419938 0.37589 0.635259 0.605667 
0.578095 0.322326 0.645702 0.391639 0.614819 
0.612088 0.31579 0.59885 0.6596610000000001 0.271412 
0.5269740000000001 0.594879 0.733345 0.392418 0.348895 
0.35186 0.479877 0.44135 0.437712 0.768255 
0.466212 0.578688 0.377682 0.372326 0.658828 
0.34953 0.488154 0.52023 0.5848719999999999 0.421444 
0.473448 0.453707 0.672144 0.618839 0.371587 
0.358462 0.380056 0.592823 0.476208 0.548239 
0.518284 0.460387 0.567578 0.620834 0.242645 
0.464858 0.443516 0.463504 0.73373 0.333755 
0.680791 0.495655 0.294664 0.628053 0.41526 
0.327833 0.6674020000000001 0.385355 0.463138 0.67696 
0.471692 0.634275 0.358706 0.396823 0.671776 
0.7286049999999999 0.512334 0.410067 0.528648 0.287223 
0.48963 0.627605 0.494421 0.633398 0.43567 
0.485511 0.491258 0.315695 0.57718 0.410838 
0.638053 0.611166 0.460081 0.595136 0.221464 
0.366392 0.669542 0.561199 0.338887 0.543143 
0.693797 0.619729 0.26811 0.56972 0.402061 
0.609475 0.590768 0.404261 0.687764 0.229936 
0.53578 0.633315 0.57575 0.514994 0.309407 
0.696034 0.386097 0.390183 0.503684 0.472217 
0.443543 0.707221 0.261403 0.642326 0.402307 
0.646558 0.524882 0.489171 0.330939 0.5693 
0.533704 0.692076 0.413939 0.594065 0.233404 
0.412892 0.44066 0.790804 0.460264 0.470288 
0.519759 0.482545 0.7113159999999999 0.334062 0.370154 
0.7022659999999999 0.465523 0.379912 0.636778 0.434454 
0.320319 0.682786 0.505957 0.397878 0.468261 
0.617819 0.688105 0.396024 0.449157 0.461223 
0.397155 0.719251 0.593674 0.388227 0.505725 
0.418601 0.431736 0.515127 0.688307 0.319845 
0.464186 0.451341 0.348109 0.786419 0.466466 
0.3566 0.620004 0.395343 0.379609 0.690786 
0.701943 0.419161 0.6338279999999999 0.463385 0.306333 
0.336679 0.552045 0.497877 0.719863 0.400068 
0.315778 0.57795 0.279242 0.625065 0.600554 
0.524362 0.567337 0.611048 0.297071 0.4899 
0.725872 0.294862 0.543533 0.5661310000000001 0.330961 
0.742542 0.420187 0.612707 0.384158 0.419044 
0.399941 0.610592 0.512679 0.578789 0.278904 
0.622108 0.443011 0.673445 0.485528 0.268882 
0.356383 0.645326 0.390761 0.37803 0.609592 
0.50692 0.475361 0.449692 0.342792 0.763469 
0.6384570000000001 0.483357 0.514673 0.370693 0.612683 
0.5675210000000001 0.568783 0.290692 0.451765 0.6350479999999999 
0.521245 0.676395 0.339235 0.387819 0.534386 
0.515411 0.573308 0.302517 0.478429 0.529319 
0.621105 0.6143150000000001 0.227935 0.516367 0.572973 
0.424748 0.569978 0.475588 0.313538 0.65956 
0.519131 0.353415 0.662073 0.588901 0.335565 
0.696129 0.518599 0.326562 0.597858 0.289996 
0.549878 0.347272 0.5710190000000001 0.541917 0.313541 
0.608816 0.472114 0.463394 0.315264 0.517105 
0.393939 0.473922 0.584904 0.493701 0.382914 
0.470417 0.656664 0.468686 0.629636 0.242196 
0.435264 0.574481 0.510687 0.276504 0.735426 
