5
220
0.515413 0.378883 0.561411 0.287083 0.447402 
0.226905 0.490452 0.599315 0.328778 0.6204460000000001 
0.339746 0.507938 0.506603 0.314653 0.7490329999999999 
0.537332 0.289104 0.574198 0.292461 0.617348 
0.441954 0.724836 0.578581 0.274031 0.502964 
0.670174 0.337345 0.585887 0.30921 0.6843089999999999 
0.571925 0.409857 0.335774 0.401325 0.726494 
0.218797 0.530691 0.559863 0.591851 0.428918 
0.286758 0.343362 0.6316619999999999 0.527065 0.565202 
0.360713 0.5976860000000001 0.227492 0.566582 0.599785 
0.527183 0.345375 0.698186 0.30709 0.406133 
0.62997 0.5499270000000001 0.644076 0.23232 0.592589 
0.683993 0.697315 0.297089 0.437376 0.385441 
0.7479170000000001 0.556355 0.303874 0.521016 0.45582 
0.535332 0.432565 0.344628 0.829331 0.347112 
0.370707 0.5298929999999999 0.5913310000000001 0.771568 0.390138 
0.530022 0.5468229999999999 0.8116370000000001 0.426671 0.373777 
0.33739 0.413484 0.497061 0.520137 0.471494 
0.619713 0.309619 0.732883 0.656141 0.290265 
0.301158 0.401716 0.7894679999999999 0.477468 0.515412 
0.244426 0.633606 0.657941 0.396183 0.608328 
0.52222 0.309158 0.747742 0.656897 0.387658 
0.298372 0.651653 0.313111 0.7108640000000001 0.604195 
0.38045 0.335619 0.458094 0.5866440000000001 0.786484 
0.598313 0.198075 0.675774 0.61265 0.370463 
0.513056 0.704929 0.553708 0.295054 0.355397 
0.488532 0.699872 0.422388 0.308273 0.474961 
0.532687 0.719556 0.320234 0.295614 0.71809 
0.591653 0.401161 0.193949 0.707427 0.531382 
0.431251 0.615051 0.360199 0.545945 0.733158 
0.403056 0.303836 0.754609 0.537183 0.576106 
0.347036 0.723813 0.6185850000000001 0.315065 0.48741 
0.190987 0.614573 0.396603 0.582782 0.6672709999999999 
0.622391 0.417169 0.398389 0.791504 0.419135 
0.698793 0.58978 0.42396 0.231834 0.644132 
0.7235549999999999 0.551526 0.5354719999999999 0.358812 0.281964 
0.698848 0.237632 0.379833 0.60279 0.420111 
0.54964 0.432689 0.185177 0.555027 0.581073 
0.472158 0.4139 0.6555609999999999 0.717612 0.239249 
0.384444 0.681609 0.342681 0.434611 0.455841 
0.529577 0.61804 0.673072 0.277332 0.347296 
0.350222 0.669666 0.279556 0.440317 0.6177589999999999 
0.444899 0.267725 0.640217 0.348467 0.61921 
0.404737 0.2656 0.701315 0.713647 0.386036 
0.578525 0.423539 0.70038 0.51051 0.227295 
0.438715 0.369094 0.550047 0.292902 0.802884 
0.299449 0.626525 0.45135 0.457611 0.414585 
0.596549 0.360478 0.242108 0.664575 0.684496 
0.522798 0.508288 0.537243 0.170425 0.653231 
0.524084 0.190162 0.480864 0.523559 0.663245 
0.302527 0.531944 0.364927 0.650998 0.491392 
0.5753740000000001 0.639618 0.419041 0.230816 0.54733 
0.625739 0.258319 0.677951 0.193263 0.63825 
0.236332 0.622528 0.529084 0.59732 0.41039 
0.503868 0.753173 0.207344 0.367467 0.5933079999999999 
0.209484 0.676133 0.63182 0.459171 0.450375 
0.236384 0.511751 0.559029 0.702695 0.61722 
0.644927 0.342211 0.72614 0.310404 0.311014 
0.478984 0.239552 0.756664 0.369344 0.631099 
0.408772 0.763964 0.324857 0.493211 0.356304 
0.206283 0.740086 0.313241 0.5916709999999999 0.583974 
0.421369 0.392799 0.409446 0.55515 0.785297 
0.506934 0.408289 0.338626 0.825394 0.363016 
0.736829 0.379366 0.417593 0.357827 0.509553 
0.182881 0.597635 0.578237 0.40488 0.5976320000000001 
0.467699 0.325448 0.388899 0.745105 0.486962 
0.600963 0.527813 0.235903 0.635947 0.374272 
0.412523 0.76004 0.247994 0.477768 0.584135 
0.240378 0.413269 0.609464 0.604092 0.558817 
0.562584 0.288861 0.486451 0.603415 0.70286 
0.303151 0.771096 0.250606 0.458713 0.628502 
0.693645 0.323923 0.362964 0.766756 0.325376 
0.311244 0.596414 0.416741 0.784056 0.366241 
0.678284 0.29402 0.55897 0.414096 0.342994 
0.332745 0.493031 0.8095869999999999 0.31605 0.588875 
0.33666 0.814711 0.469311 0.392293 0.451812 
0.536694 0.364089 0.597386 0.741795 0.389494 
0.750544 0.283137 0.446341 0.66895 0.268829 
0.711069 0.256049 0.46643 0.657791 0.333678 
0.530119 0.639336 0.627172 0.577688 0.31362 
0.433983 0.634222 0.294195 0.794815 0.401589 
0.633657 0.492158 0.446959 0.317805 0.356556 
0.307206 0.71767 0.229097 0.54238 0.614047 
0.693806 0.339918 0.626432 0.593794 0.201926 
0.613842 0.360383 0.434706 0.437236 0.41677 
0.400594 0.444449 0.805346 0.5508110000000001 0.468291 
0.406245 0.349989 0.526829 0.757152 0.349567 
0.161786 0.534753 0.614752 0.48374 0.607903 
0.555635 0.658326 0.604312 0.269877 0.603925 
0.467067 0.484318 0.247154 0.632524 0.448961 
0.564678 0.563161 0.625078 0.479071 0.545982 
0.34575 0.490889 0.75666 0.5856980000000001 0.394347 
0.380096 0.704288 0.433013 0.635849 0.5642509999999999 
0.242878 0.49235 0.74071 0.532957 0.517543 
0.697414 0.251452 0.518803 0.318045 0.540152 
0.361138 0.562111 0.409105 0.264579 0.707211 
0.619277 0.635455 0.226041 0.426887 0.6407119999999999 
0.631193 0.336785 0.524451 0.717011 0.412758 
0.458622 0.796693 0.338911 0.381741 0.492267 
0.300865 0.751732 0.513715 0.684956 0.365193 
0.20511 0.532953 0.459146 0.36397 0.708914 
0.504493 0.55085 0.324682 0.765703 0.29748 
0.773637 0.326155 0.580012 0.501676 0.385989 
0.214701 0.674801 0.63383 0.400729 0.596239 
0.549938 0.463984 0.643197 0.6337739999999999 0.208316 
0.297445 0.754544 0.437994 0.621713 0.569426 
0.304179 0.627183 0.363217 0.566502 0.444411 
0.383392 0.446154 0.388917 0.788996 0.605662 
0.462618 0.360646 0.780417 0.275776 0.7095320000000001 
0.687597 0.454329 0.685568 0.238892 0.372671 
0.336869 0.562345 0.632737 0.653886 0.285062 
0.365679 0.367472 0.572334 0.359624 0.562716 
0.34592 0.578442 0.757675 0.405781 0.559961 
0.564338 0.558494 0.570178 0.342135 0.30528 
0.533902 0.2021 0.447075 0.6004660000000001 0.50936 
0.573065 0.395046 0.490834 0.567698 0.681437 
0.496294 0.6668539999999999 0.310128 0.776414 0.332583 
0.555827 0.368193 0.83305 0.524058 0.306208 
0.47479 0.364274 0.687797 0.190656 0.61757 
0.538494 0.772631 0.337592 0.421527 0.392632 
0.57421 0.442003 0.725584 0.379904 0.625277 
0.601174 0.564266 0.429891 0.245233 0.695169 
0.350405 0.36877 0.568497 0.632928 0.351156 
0.314886 0.458544 0.745158 0.628929 0.396211 
0.6424530000000001 0.5136770000000001 0.396429 0.205669 0.622626 
0.192009 0.523396 0.507062 0.618074 0.518958 
0.290386 0.580112 0.403227 0.493942 0.477115 
0.348546 0.679261 0.340271 0.371864 0.780757 
0.446705 0.420305 0.787851 0.214864 0.672473 
 0.736 0.550675 0.569164 0.14978 0.463862 
0.558751 0.6726259999999999 0.598768 0.592859 0.198983 
0.74764 0.468885 0.566876 0.506149 0.189368 
0.797028 0.426025 0.361997 0.464479 0.517768 
0.572566 0.359641 0.595346 0.197713 0.571744 
0.473068 0.641239 0.544395 0.423341 0.294625 
0.278888 0.611422 0.509895 0.280824 0.634559 
0.447622 0.648914 0.25145 0.61348 0.308358 
0.304545 0.471643 0.597469 0.515185 0.723115 
0.473344 0.7488860000000001 0.190244 0.468797 0.552472 
0.40299 0.703308 0.336359 0.528962 0.714984 
0.503741 0.397856 0.2881 0.415772 0.700531 
0.5749610000000001 0.596373 0.342862 0.647961 0.230629 
0.651483 0.411655 0.525683 0.705805 0.384284 
0.708409 0.295206 0.641826 0.318399 0.369158 
0.471552 0.771689 0.626958 0.458931 0.345509 
0.274976 0.655699 0.396723 0.678161 0.402013 
0.173083 0.664927 0.564821 0.389666 0.624633 
0.767536 0.321728 0.627879 0.326595 0.45518 
0.454991 0.331379 0.56001 0.3146 0.6590200000000001 
0.351276 0.5331050000000001 0.515894 0.724801 0.295332 
0.474194 0.294497 0.715438 0.698705 0.521057 
0.810447 0.572174 0.365561 0.467353 0.386892 
0.521965 0.758827 0.415514 0.312528 0.501112 
0.469776 0.482654 0.312229 0.534119 0.781016 
0.465694 0.374754 0.669776 0.46671 0.289772 
0.299033 0.725464 0.6198090000000001 0.466569 0.388563 
0.5402130000000001 0.524741 0.388041 0.841004 0.255081 
0.323354 0.626385 0.49058 0.329532 0.742887 
0.494467 0.296325 0.740642 0.327438 0.737972 
0.309867 0.797264 0.56194 0.290842 0.589757 
0.373433 0.495386 0.639818 0.303896 0.7381 
0.534251 0.740336 0.508445 0.426586 0.56538 
0.66394 0.65416 0.5408269999999999 0.281129 0.492309 
0.585323 0.438905 0.787703 0.369657 0.476341 
0.308986 0.614333 0.545786 0.738388 0.407867 
0.614727 0.491455 0.309328 0.421607 0.746456 
0.5635289999999999 0.170156 0.7152579999999999 0.551069 0.5076889999999999 
0.228699 0.618763 0.499821 0.661556 0.424485 
0.424038 0.423725 0.5817 0.379154 0.783606 
0.544218 0.48841 0.257782 0.718855 0.575694 
0.56185 0.300492 0.83135 0.497497 0.392373 
0.542111 0.38096 0.486854 0.448776 0.353875 
0.430753 0.581819 0.669465 0.238757 0.688716 
0.576843 0.249088 0.682213 0.267892 0.662641 
0.634432 0.393771 0.411853 0.443484 0.757182 
0.541136 0.601592 0.385263 0.315938 0.759709 
0.726953 0.555727 0.429268 0.618238 0.186665 
0.37521 0.361164 0.780998 0.333097 0.511495 
0.660357 0.590809 0.24015 0.597817 0.461616 
0.388517 0.437315 0.761626 0.320848 0.475011 
0.343944 0.479937 0.673859 0.519416 0.323694 
0.488971 0.622166 0.297742 0.547661 0.720337 
0.778903 0.448676 0.415386 0.529687 0.452062 
0.743785 0.404205 0.5121559999999999 0.683221 0.312755 
0.6538350000000001 0.5487300000000001 0.231661 0.389206 0.594066 
0.480995 0.698264 0.403827 0.420457 0.684879 
0.656123 0.7104510000000001 0.370383 0.659155 0.289038 
0.68956 0.578003 0.591938 0.289609 0.283503 
0.32001 0.591458 0.562866 0.453444 0.75797 
0.620251 0.306284 0.81829 0.281787 0.35886 
0.669502 0.254153 0.666803 0.198793 0.5435449999999999 
0.618629 0.62392 0.394695 0.532942 0.212739 
0.220276 0.6192530000000001 0.609161 0.6443680000000001 0.497022 
0.49065 0.757206 0.271535 0.408448 0.5819800000000001 
0.503756 0.319942 0.507894 0.81186 0.436534 
0.321715 0.73014 0.566641 0.316903 0.6543600000000001 
0.72137 0.493324 0.407801 0.354754 0.675698 
0.667077 0.265481 0.711487 0.62163 0.303677 
0.320265 0.490095 0.394219 0.748435 0.673988 
0.684972 0.326611 0.517701 0.567341 0.596199 
0.590832 0.388881 0.658189 0.440894 0.247251 
0.393129 0.646767 0.678605 0.619541 0.314788 
0.609776 0.373251 0.7764259999999999 0.477662 0.477554 
0.770935 0.261196 0.577881 0.356314 0.461941 
0.6346000000000001 0.488964 0.291978 0.659869 0.253085 
0.712477 0.600738 0.330062 0.522919 0.535639 
0.328847 0.632857 0.418358 0.748658 0.306708 
0.718162 0.268751 0.308358 0.684814 0.392571 
0.22299 0.703983 0.573866 0.384618 0.522797 
0.595513 0.730449 0.275763 0.467182 0.43791 
0.680305 0.32888 0.595882 0.399695 0.692439 
0.755871 0.232518 0.499353 0.421926 0.587416 
0.540017 0.187169 0.588159 0.533309 0.5005849999999999 
0.681513 0.411388 0.444638 0.71506 0.24936 
0.439041 0.635733 0.74962 0.282833 0.480261 
0.482267  0.411 0.265264 0.693649 0.688176 
0.370742 0.604347 0.611654 0.235247 0.511155 
0.686846 0.395064 0.7611560000000001 0.485386 0.286964 
0.467827 0.408728 0.854078 0.415199 0.416868 
0.519575 0.527553 0.440868 0.358373 0.791704 
