5
603
8.400879999999999459e-01 2.469490000000000018e-01 5.240749999999999575e-01 1.909500000000000086e-01 7.075700000000000323e-01
4.521910000000000096e-01 4.693479999999999874e-01 8.048429999999999751e-01 4.588709999999999734e-01 3.204859999999999931e-01
6.235530000000000239e-01 2.940289999999999848e-01 7.223500000000000476e-01 2.039779999999999927e-01 7.882090000000000485e-01
2.998890000000000167e-01 2.146150000000000002e-01 5.875939999999999497e-01 5.751889999999999503e-01 5.309239999999999515e-01
2.011370000000000102e-01 7.122389999999999555e-01 5.150010000000000421e-01 5.200510000000000410e-01 5.188190000000000301e-01
5.224710000000000187e-01 7.651810000000000000e-01 6.231659999999999977e-01 4.923190000000000066e-01 2.253310000000000035e-01
2.326860000000000039e-01 5.877759999999999652e-01 5.935300000000000020e-01 4.553090000000000193e-01 6.347180000000000044e-01
6.242170000000000218e-01 3.111010000000000164e-01 7.611860000000000293e-01 5.424229999999999885e-01 1.495559999999999945e-01
1.314160000000000050e-01 7.206040000000000223e-01 4.017299999999999760e-01 4.363299999999999956e-01 7.642780000000000129e-01
6.157120000000000370e-01 4.252839999999999954e-01 2.359549999999999981e-01 7.623619999999999841e-01 4.672740000000000227e-01
4.017709999999999892e-01 6.490449999999999831e-01 2.338429999999999953e-01 4.133260000000000267e-01 6.109369999999999523e-01
8.190539999999999488e-01 1.731229999999999991e-01 4.234809999999999963e-01 4.325499999999999901e-01 5.317469999999999697e-01
5.289049999999999585e-01 6.454210000000000225e-01 6.598359999999999781e-01 1.152100000000000068e-01 6.027670000000000528e-01
7.874759999999999538e-01 5.173459999999999726e-01 4.912610000000000032e-01 3.054020000000000068e-01 3.222820000000000129e-01
3.283400000000000207e-01 4.685469999999999913e-01 3.431020000000000181e-01 5.176960000000000450e-01 8.229520000000000168e-01
4.887179999999999858e-01 7.553530000000000522e-01 6.165359999999999729e-01 5.479469999999999619e-01 3.403519999999999879e-01
4.759720000000000062e-01 3.176019999999999954e-01 3.895589999999999886e-01 6.994409999999999794e-01 5.649429999999999730e-01
2.768269999999999897e-01 4.093600000000000017e-01 4.617319999999999758e-01 9.011219999999999786e-01 5.206530000000000324e-01
2.469059999999999866e-01 8.863999999999999657e-01 4.607899999999999774e-01 6.920699999999999630e-01 3.159210000000000074e-01
6.867609999999999548e-01 4.364179999999999726e-01 8.296660000000000146e-01 5.051250000000000462e-01 3.557230000000000114e-01
3.731530000000000125e-01 1.699340000000000017e-01 5.999459999999999793e-01 4.859180000000000166e-01 7.657880000000000242e-01
5.021940000000000293e-01 9.259659999999999558e-01 3.240149999999999975e-01 4.420930000000000137e-01 3.323550000000000115e-01
5.303849999999999953e-01 2.753269999999999884e-01 6.428920000000000190e-01 7.349059999999999482e-01 4.131389999999999785e-01
3.674669999999999881e-01 7.127210000000000489e-01 5.375339999999999563e-01 4.754390000000000005e-01 6.783320000000000460e-01
5.179610000000000047e-01 4.026379999999999959e-01 5.080519999999999481e-01 3.677380000000000093e-01 6.482019999999999449e-01
2.950820000000000110e-01 9.414090000000000513e-01 3.644569999999999754e-01 3.821599999999999997e-01 5.035159999999999636e-01
5.743549999999999489e-01 4.167429999999999746e-01 6.019510000000000138e-01 6.700899999999999634e-01 4.386340000000000239e-01
7.307949999999999724e-01 6.358409999999999895e-01 6.070050000000000168e-01 2.281459999999999877e-01 3.324509999999999965e-01
1.365999999999999992e-01 4.409620000000000206e-01 6.595370000000000399e-01 5.196709999999999940e-01 8.224810000000000176e-01
4.209840000000000249e-01 4.504920000000000035e-01 7.564100000000000268e-01 1.841009999999999869e-01 5.168760000000000021e-01
3.624990000000000157e-01 2.027720000000000078e-01 4.943319999999999936e-01 6.174269999999999481e-01 8.366080000000000183e-01
6.267070000000000141e-01 3.601409999999999889e-01 5.822289999999999965e-01 5.360740000000000505e-01 6.730110000000000259e-01
4.732890000000000152e-01 5.064410000000000300e-01 3.732010000000000050e-01 3.726180000000000048e-01 5.410080000000000444e-01
2.823740000000000139e-01 3.763190000000000146e-01 6.926560000000000494e-01 1.856829999999999870e-01 7.206069999999999975e-01
4.927639999999999798e-01 3.562109999999999999e-01 2.157699999999999896e-01 5.751349999999999518e-01 5.780459999999999487e-01
3.366399999999999948e-01 4.299399999999999888e-01 5.649570000000000425e-01 5.073410000000000419e-01 5.229939999999999589e-01
8.809759999999999813e-01 3.325989999999999780e-01 5.388340000000000352e-01 3.946089999999999876e-01 3.023460000000000036e-01
4.064019999999999855e-01 6.902209999999999734e-01 5.544630000000000392e-01 5.264670000000000183e-01 5.205309999999999659e-01
2.400750000000000106e-01 6.997029999999999639e-01 2.310820000000000096e-01 8.494530000000000136e-01 4.107790000000000052e-01
4.509529999999999927e-01 7.650310000000000166e-01 5.204370000000000385e-01 7.037360000000000282e-01 3.284679999999999822e-01
3.914320000000000022e-01 8.004649999999999821e-01 4.931610000000000160e-01 6.345420000000000504e-01 3.856609999999999761e-01
1.839830000000000076e-01 6.466119999999999646e-01 6.865850000000000009e-01 4.772779999999999800e-01 2.944720000000000115e-01
6.221410000000000551e-01 6.070879999999999610e-01 3.282019999999999937e-01 8.530440000000000245e-01 3.192030000000000145e-01
6.609620000000000495e-01 6.589070000000000205e-01 2.284619999999999984e-01 4.165220000000000034e-01 4.694269999999999832e-01
6.867349999999999843e-01 6.350649999999999906e-01 6.248730000000000118e-01 4.577899999999999747e-01 4.017000000000000015e-01
5.425170000000000270e-01 8.561919999999999531e-01 3.478570000000000273e-01 4.773109999999999853e-01 3.713380000000000014e-01
4.913489999999999802e-01 6.845890000000000031e-01 5.871110000000000495e-01 2.468079999999999996e-01 2.327170000000000072e-01
1.850650000000000073e-01 6.276709999999999789e-01 7.369170000000000442e-01 6.636570000000000524e-01 3.423649999999999749e-01
1.331559999999999966e-01 7.069389999999999841e-01 5.865719999999999823e-01 3.027750000000000163e-01 8.217400000000000260e-01
6.771179999999999977e-01 6.428810000000000358e-01 2.079120000000000135e-01 2.852020000000000111e-01 6.670770000000000310e-01
6.932009999999999561e-01 6.140799999999999592e-01 6.047700000000000298e-01 4.141310000000000269e-01 3.891310000000000047e-01
4.625540000000000207e-01 2.736029999999999851e-01 6.879060000000000175e-01 4.495179999999999731e-01 6.543139999999999512e-01
7.551780000000000159e-01 2.392269999999999952e-01 4.220650000000000235e-01 5.776019999999999488e-01 5.133879999999999555e-01
6.758210000000000051e-01 5.432369999999999699e-01 7.923199999999999688e-02 6.597760000000000291e-01 5.269909999999999872e-01
1.943870000000000042e-01 4.110770000000000257e-01 6.857520000000000282e-01 6.771770000000000289e-01 4.460799999999999765e-01
3.702840000000000020e-01 3.399409999999999932e-01 4.114689999999999737e-01 3.470110000000000139e-01 8.978990000000000027e-01
6.679279999999999662e-01 5.816259999999999764e-01 6.265920000000000378e-01 4.221690000000000165e-01 1.402539999999999898e-01
1.646749999999999881e-01 4.065799999999999970e-01 6.263039999999999718e-01 7.191290000000000182e-01 4.912480000000000180e-01
3.300100000000000255e-01 6.317380000000000217e-01 2.476029999999999898e-01 9.102430000000000243e-01 2.283449999999999924e-01
3.993280000000000163e-01 6.279890000000000194e-01 2.377390000000000059e-01 4.561259999999999759e-01 6.267380000000000173e-01
1.924069999999999947e-01 5.679760000000000364e-01 5.248059999999999947e-01 5.459100000000000064e-01 8.373190000000000355e-01
1.941029999999999978e-01 3.991480000000000028e-01 5.946069999999999967e-01 3.179679999999999729e-01 7.961260000000000003e-01
5.081930000000000058e-01 7.742879999999999763e-01 2.989060000000000050e-01 1.752390000000000059e-01 5.708100000000000396e-01
7.056219999999999715e-01 7.164819999999999522e-01 1.736610000000000098e-01 5.494459999999999900e-01 3.551799999999999957e-01
6.171250000000000346e-01 6.956320000000000281e-01 5.929159999999999986e-01 2.626950000000000118e-01 6.153819999999999846e-01
6.012610000000000454e-01 5.598659999999999748e-01 4.343469999999999831e-01 6.942300000000000137e-01 2.671870000000000078e-01
5.462219999999999853e-01 6.051429999999999865e-01 6.336079999999999490e-01 5.218509999999999538e-01 2.566970000000000085e-01
6.726590000000000069e-01 2.395460000000000089e-01 4.494040000000000257e-01 8.681229999999999780e-01 3.659490000000000243e-01
3.554780000000000162e-01 6.497789999999999955e-01 6.717469999999999830e-01 5.681370000000000031e-01 4.232790000000000163e-01
7.480419999999999847e-01 5.849039999999999795e-01 6.054840000000000222e-01 5.057120000000000504e-01 1.261670000000000014e-01
2.558199999999999918e-01 8.581940000000000124e-01 3.802659999999999929e-01 4.258750000000000036e-01 6.203910000000000258e-01
6.744660000000000100e-01 1.492559999999999998e-01 6.364189999999999570e-01 3.338610000000000189e-01 4.293190000000000062e-01
4.029079999999999884e-01 7.321940000000000115e-01 4.444879999999999942e-01 3.265159999999999729e-01 4.092279999999999807e-01
7.922919999999999963e-01 5.472730000000000095e-01 4.886229999999999740e-01 6.250869999999999482e-01 4.054220000000000046e-01
4.852290000000000214e-01 4.133229999999999960e-01 3.494450000000000056e-01 6.666889999999999761e-01 8.348740000000000050e-01
3.028730000000000033e-01 4.738870000000000027e-01 6.080750000000000322e-01 3.222769999999999802e-01 7.563889999999999780e-01
6.110130000000000283e-01 4.065579999999999750e-01 1.246909999999999963e-01 7.853729999999999878e-01 5.917400000000000437e-01
5.339610000000000190e-01 2.866020000000000234e-01 7.034880000000000022e-01 1.972929999999999962e-01 5.133510000000000018e-01
3.986040000000000139e-01 5.572089999999999543e-01 6.910779999999999701e-01 6.594250000000000389e-01 5.210559999999999636e-01
3.891910000000000092e-01 7.343920000000000448e-01 5.921549999999999869e-01 6.656009999999999982e-01 3.819049999999999945e-01
4.187000000000000166e-01 3.097420000000000173e-01 8.563739999999999686e-01 2.325079999999999925e-01 7.520219999999999683e-01
2.656209999999999960e-01 7.782689999999999886e-01 5.016369999999999996e-01 5.754240000000000466e-01 2.885730000000000239e-01
5.437229999999999563e-01 4.205769999999999786e-01 7.835010000000000030e-01 5.307439999999999936e-01 2.985479999999999801e-01
5.382919999999999927e-01 8.462269999999999515e-01 3.480690000000000173e-01 2.932170000000000054e-01 4.820880000000000165e-01
7.026759999999999673e-01 1.716290000000000038e-01 6.241980000000000306e-01 5.920469999999999899e-01 4.178520000000000012e-01
6.014059999999999961e-01 5.899600000000000399e-01 3.819620000000000237e-01 8.160490000000000244e-01 1.442960000000000076e-01
4.248870000000000147e-01 7.370250000000000412e-01 2.616299999999999737e-01 6.479859999999999509e-01 3.819100000000000272e-01
5.924399999999999666e-01 5.628980000000000095e-01 7.819770000000000332e-01 1.319259999999999877e-01 5.224990000000000467e-01
6.180750000000000410e-01 5.123320000000000096e-01 5.691420000000000368e-01 2.375990000000000046e-01 3.924500000000000210e-01
6.442919999999999758e-01 7.963059999999999583e-01 4.320430000000000104e-01 5.641690000000000316e-01 3.599740000000000162e-01
5.581070000000000197e-01 5.644439999999999458e-01 5.755419999999999980e-01 4.782959999999999989e-01 1.447509999999999908e-01
3.742019999999999791e-01 2.756210000000000049e-01 4.336670000000000247e-01 6.843310000000000226e-01 7.936579999999999746e-01
6.334180000000000366e-01 2.461409999999999987e-01 2.870800000000000018e-01 8.043639999999999679e-01 3.900699999999999723e-01
8.147469999999999990e-01 3.992720000000000158e-01 5.859860000000000069e-01 2.586419999999999830e-01 3.160649999999999848e-01
4.638570000000000193e-01 4.951160000000000005e-01 7.103129999999999722e-01 7.252570000000000405e-01 2.038699999999999957e-01
3.324059999999999793e-01 7.409029999999999783e-01 4.944500000000000006e-01 7.191340000000000510e-01 2.158980000000000066e-01
3.662150000000000127e-01 5.478739999999999721e-01 3.295179999999999776e-01 3.794899999999999940e-01 7.618439999999999657e-01
3.496099999999999763e-01 4.731969999999999787e-01 5.944110000000000227e-01 3.864279999999999937e-01 5.243470000000000075e-01
3.186669999999999781e-01 1.184749999999999970e-01 5.980529999999999458e-01 5.113250000000000295e-01 7.617099999999999982e-01
5.361850000000000227e-01 6.602249999999999508e-01 1.076560000000000017e-01 6.767180000000000417e-01 4.996090000000000253e-01
2.119010000000000060e-01 4.346200000000000063e-01 7.075099999999999723e-01 5.640840000000000298e-01 3.592460000000000098e-01
5.462169999999999526e-01 7.520599999999999508e-01 2.931579999999999742e-01 4.032060000000000088e-01 3.514090000000000269e-01
6.207799999999999985e-01 1.075139999999999985e-01 6.391229999999999967e-01 4.967179999999999929e-01 5.341069999999999984e-01
7.985609999999999653e-01 3.652210000000000178e-01 4.562820000000000209e-01 4.912309999999999732e-01 5.048589999999999467e-01
6.574229999999999796e-01 3.422569999999999779e-01 5.652359999999999607e-01 3.958090000000000219e-01 5.120810000000000084e-01
2.064759999999999929e-01 4.364750000000000019e-01 4.002310000000000034e-01 6.178129999999999455e-01 4.756230000000000180e-01
2.426359999999999906e-01 5.386879999999999447e-01 4.479589999999999961e-01 4.511939999999999840e-01 8.193240000000000522e-01
3.697110000000000118e-01 5.553839999999999888e-01 3.398030000000000217e-01 5.627680000000000460e-01 7.371889999999999832e-01
5.949470000000000036e-01 7.275789999999999758e-01 2.391449999999999965e-01 5.015789999999999971e-01 5.079430000000000334e-01
3.025680000000000036e-01 4.057930000000000148e-01 4.381289999999999907e-01 2.494030000000000136e-01 9.077570000000000361e-01
5.857689999999999841e-01 5.431859999999999467e-01 6.999870000000000259e-01 5.608290000000000219e-01 4.407429999999999959e-01
4.713550000000000240e-01 4.308029999999999915e-01 3.999710000000000210e-01 3.732070000000000110e-01 8.665770000000000417e-01
6.870190000000000463e-01 3.053509999999999835e-01 7.968969999999999665e-01 4.708350000000000035e-01 2.781129999999999991e-01
1.834359999999999880e-01 4.877960000000000074e-01 7.944940000000000335e-01 6.741489999999999982e-01 3.251200000000000201e-01
7.027820000000000178e-01 4.302779999999999938e-01 6.596159999999999801e-01 4.748959999999999848e-01 1.530950000000000089e-01
6.877870000000000372e-01 3.533100000000000129e-01 5.902180000000000204e-01 3.879759999999999875e-01 5.609659999999999647e-01
1.644589999999999941e-01 5.171369999999999578e-01 3.950130000000000030e-01 4.100750000000000228e-01 8.617590000000000527e-01
5.609260000000000357e-01 2.067259999999999931e-01 4.390809999999999991e-01 6.717699999999999783e-01 6.948499999999999677e-01
2.666830000000000034e-01 7.584779999999999855e-01 1.515890000000000015e-01 7.502739999999999965e-01 4.894890000000000074e-01
7.448200000000000376e-01 2.929080000000000017e-01 6.855120000000000102e-01 3.262240000000000140e-01 4.205389999999999961e-01
4.194010000000000238e-01 5.469100000000000072e-01 4.899189999999999934e-01 7.532090000000000174e-01 1.786899999999999877e-01
1.935880000000000101e-01 4.983500000000000152e-01 7.615889999999999604e-01 3.309170000000000167e-01 7.191100000000000270e-01
8.250830000000000108e-01 5.122609999999999664e-01 4.500199999999999756e-01 3.625320000000000209e-01 2.338439999999999963e-01
4.688610000000000277e-01 2.412799999999999945e-01 3.813540000000000263e-01 8.083970000000000322e-01 3.729859999999999842e-01
3.742789999999999728e-01 5.842669999999999808e-01 5.929140000000000521e-01 1.634160000000000057e-01 7.306270000000000264e-01
6.470439999999999525e-01 4.843189999999999995e-01 6.592789999999999484e-01 3.670700000000000074e-01 5.773120000000000474e-01
8.517909999999999648e-01 3.162170000000000258e-01 5.513350000000000195e-01 2.612129999999999730e-01 5.124560000000000226e-01
4.744689999999999741e-01 6.332499999999999796e-01 4.036270000000000135e-01 2.292200000000000071e-01 7.613109999999999600e-01
1.660290000000000099e-01 7.585279999999999800e-01 3.782639999999999891e-01 3.901950000000000141e-01 7.363229999999999498e-01
2.899249999999999883e-01 6.415570000000000439e-01 8.620900000000000230e-01 4.542019999999999946e-01 2.583469999999999933e-01
6.121370000000000422e-01 3.713230000000000142e-01 3.897789999999999866e-01 5.692169999999999730e-01 8.304009999999999447e-01
2.404189999999999938e-01 6.047310000000000185e-01 5.939510000000000067e-01 3.479090000000000238e-01 6.190320000000000267e-01
5.802329999999999988e-01 8.569520000000000470e-01 3.836499999999999910e-01 4.739300000000000179e-01 2.575830000000000064e-01
1.398929999999999896e-01 6.008529999999999704e-01 6.416880000000000361e-01 4.714720000000000022e-01 6.660190000000000277e-01
2.402499999999999913e-01 8.604439999999999866e-01 1.500970000000000082e-01 5.392209999999999503e-01 6.083779999999999744e-01
7.685689999999999467e-01 5.084990000000000343e-01 6.299369999999999692e-01 5.498380000000000489e-01 1.686930000000000096e-01
4.927860000000000018e-01 6.260799999999999699e-01 2.657649999999999735e-01 2.339150000000000118e-01 5.912699999999999623e-01
5.650819999999999732e-01 6.286469999999999558e-01 1.312800000000000078e-01 5.932269999999999488e-01 7.539289999999999603e-01
3.298289999999999833e-01 8.286729999999999929e-01 4.125949999999999895e-01 5.274079999999999879e-01 3.680410000000000070e-01
5.231890000000000152e-01 7.113239999999999563e-01 2.908890000000000087e-01 3.815870000000000095e-01 4.068089999999999762e-01
6.768680000000000252e-01 5.316109999999999447e-01 4.894229999999999969e-01 3.966580000000000106e-01 4.368929999999999758e-01
8.676190000000000291e-01 4.918549999999999867e-01 2.364519999999999955e-01 3.090919999999999779e-01 6.675720000000000542e-01
5.351559999999999651e-01 7.022199999999999553e-01 4.501310000000000033e-01 5.205699999999999772e-01 2.224710000000000021e-01
2.018810000000000049e-01 7.980749999999999789e-01 5.845580000000000220e-01 7.123390000000000555e-01 2.972049999999999970e-01
3.292109999999999759e-01 3.632179999999999853e-01 6.636570000000000524e-01 6.072170000000000067e-01 4.029300000000000104e-01
2.349930000000000074e-01 5.670819999999999750e-01 6.040600000000000414e-01 4.948400000000000021e-01 4.535910000000000220e-01
2.522229999999999750e-01 3.613140000000000240e-01 7.862789999999999502e-01 4.955450000000000133e-01 3.986620000000000164e-01
7.533419999999999561e-01 5.513949999999999685e-01 2.712300000000000266e-01 5.107519999999999838e-01 3.958760000000000057e-01
5.784340000000000037e-01 1.509909999999999863e-01 8.285810000000000120e-01 2.549080000000000235e-01 6.077679999999999749e-01
5.643939999999999513e-01 6.750589999999999646e-01 2.567189999999999750e-01 2.682610000000000272e-01 7.043310000000000404e-01
3.680289999999999950e-01 3.666429999999999967e-01 4.235260000000000136e-01 3.991000000000000103e-01 5.998729999999999896e-01
3.800979999999999914e-01 3.882329999999999948e-01 4.668169999999999820e-01 5.862749999999999906e-01 6.080379999999999674e-01
4.831500000000000239e-01 7.059699999999999864e-01 2.759389999999999898e-01 5.443850000000000078e-01 3.439690000000000247e-01
6.855700000000000127e-01 6.069290000000000518e-01 4.184840000000000226e-01 1.880209999999999937e-01 3.715490000000000181e-01
5.632899999999999574e-01 7.421389999999999931e-01 4.099140000000000006e-01 6.139419999999999877e-01 2.280570000000000097e-01
6.106800000000000006e-01 3.632589999999999986e-01 7.481959999999999722e-01 5.339669999999999694e-01 3.708580000000000210e-01
8.172629999999999617e-01 6.513729999999999798e-01 5.808670000000000222e-01 2.754090000000000149e-01 4.038249999999999895e-01
5.253790000000000404e-01 4.361809999999999854e-01 8.484390000000000542e-01 2.619630000000000014e-01 5.917569999999999775e-01
3.452700000000000213e-01 4.754030000000000200e-01 5.548680000000000279e-01 7.705060000000000242e-01 5.046530000000000182e-01
5.081630000000000313e-01 2.257029999999999870e-01 4.436700000000000088e-01 8.097410000000000441e-01 3.494280000000000164e-01
2.234190000000000065e-01 4.805599999999999872e-01 5.148760000000000003e-01 8.471309999999999674e-01 6.172009999999999996e-01
2.889300000000000201e-01 8.325660000000000283e-01 3.484439999999999760e-01 2.110289999999999944e-01 7.966469999999999940e-01
6.369050000000000544e-01 4.024869999999999837e-01 3.405480000000000174e-01 4.097390000000000199e-01 8.203399999999999581e-01
4.705590000000000050e-01 3.789219999999999811e-01 2.808089999999999753e-01 3.734060000000000157e-01 9.015990000000000393e-01
7.184519999999999795e-01 1.395029999999999881e-01 5.408500000000000529e-01 2.016679999999999862e-01 7.865729999999999666e-01
5.559030000000000360e-01 5.367439999999999989e-01 3.506690000000000085e-01 5.824740000000000473e-01 6.959450000000000358e-01
6.440709999999999491e-01 3.112369999999999859e-01 6.773369999999999669e-01 4.167020000000000168e-01 6.170269999999999921e-01
5.392390000000000239e-01 6.299099999999999699e-01 4.423639999999999795e-01 2.304370000000000029e-01 4.017049999999999788e-01
5.612230000000000274e-01 8.022139999999999826e-01 1.872109999999999885e-01 2.801950000000000274e-01 7.905569999999999542e-01
3.820580000000000087e-01 3.893019999999999814e-01 5.766639999999999544e-01 8.593290000000000095e-01 5.345339999999999536e-01
2.497169999999999945e-01 6.212290000000000312e-01 7.514690000000000536e-01 5.064130000000000020e-01 4.569750000000000201e-01
5.679859999999999909e-01 6.963470000000000493e-01 2.419149999999999912e-01 3.333430000000000004e-01 7.525479999999999947e-01
7.744529999999999470e-01 7.078050000000000175e-01 3.799930000000000252e-01 3.289529999999999954e-01 2.995200000000000085e-01
4.575210000000000110e-01 3.778859999999999997e-01 7.142899999999999805e-01 3.224650000000000016e-01 4.327210000000000223e-01
5.209179999999999922e-01 1.403230000000000033e-01 4.983699999999999797e-01 6.774569999999999759e-01 4.530540000000000123e-01
8.215519999999999490e-01 4.822139999999999760e-01 5.338800000000000212e-01 4.176900000000000057e-01 1.841710000000000014e-01
6.852479999999999682e-01 4.174599999999999977e-01 4.236090000000000133e-01 4.847850000000000215e-01 2.541129999999999778e-01
3.023589999999999889e-01 6.847649999999999570e-01 2.575450000000000239e-01 5.314189999999999747e-01 6.863789999999999614e-01
4.841889999999999805e-01 8.171399999999999775e-01 5.996070000000000011e-01 4.525290000000000146e-01 3.903460000000000263e-01
3.771829999999999905e-01 7.196780000000000399e-01 6.893789999999999640e-01 3.850120000000000209e-01 5.607630000000000114e-01
6.363309999999999800e-01 4.589340000000000086e-01 3.330480000000000107e-01 6.453459999999999752e-01 6.282630000000000159e-01
1.452110000000000067e-01 6.193670000000000009e-01 2.851920000000000011e-01 6.932589999999999586e-01 5.699680000000000302e-01
4.577200000000000157e-01 6.867349999999999843e-01 4.831259999999999999e-01 3.985560000000000214e-01 3.715419999999999834e-01
3.583379999999999899e-01 4.828649999999999887e-01 3.591690000000000160e-01 5.806810000000000027e-01 5.956900000000000528e-01
2.556370000000000031e-01 3.616099999999999870e-01 8.496920000000000028e-01 5.210900000000000531e-01 4.849979999999999847e-01
6.517239999999999700e-01 3.171530000000000182e-01 6.737290000000000223e-01 2.541740000000000110e-01 6.997090000000000254e-01
6.875700000000000145e-01 4.322790000000000243e-01 3.493209999999999926e-01 3.955449999999999799e-01 6.993599999999999817e-01
3.453010000000000246e-01 7.907330000000000192e-01 3.866649999999999809e-01 7.717030000000000278e-01 4.776869999999999727e-01
4.425769999999999982e-01 8.560720000000000551e-01 1.879889999999999894e-01 5.400970000000000493e-01 5.016960000000000308e-01
3.121280000000000165e-01 6.138839999999999852e-01 3.566090000000000093e-01 3.431560000000000166e-01 7.947349999999999692e-01
1.609730000000000050e-01 4.192560000000000175e-01 7.028309999999999835e-01 5.653399999999999537e-01 5.153060000000000418e-01
5.052320000000000144e-01 2.189099999999999935e-01 5.284799999999999498e-01 5.393559999999999466e-01 5.631420000000000314e-01
3.109310000000000129e-01 3.507129999999999970e-01 8.240119999999999667e-01 3.929449999999999887e-01 3.948189999999999755e-01
5.112649999999999695e-01 6.085720000000000018e-01 3.942030000000000256e-01 4.254669999999999841e-01 7.893550000000000288e-01
4.821440000000000170e-01 5.066300000000000248e-01 4.537080000000000002e-01 6.953660000000000396e-01 4.627089999999999814e-01
2.654940000000000078e-01 8.017480000000000162e-01 2.917489999999999806e-01 7.302610000000000490e-01 3.253940000000000166e-01
5.105769999999999476e-01 5.360540000000000305e-01 5.230080000000000284e-01 7.794149999999999689e-01 3.055430000000000090e-01
4.610899999999999999e-01 8.878080000000000416e-01 4.278170000000000028e-01 2.484510000000000052e-01 5.036350000000000549e-01
4.123870000000000036e-01 4.288549999999999862e-01 3.742639999999999856e-01 6.475999999999999535e-01 3.688359999999999972e-01
3.146240000000000148e-01 4.089539999999999842e-01 5.161040000000000072e-01 3.879319999999999991e-01 8.009249999999999980e-01
3.875819999999999821e-01 1.822350000000000081e-01 6.567009999999999792e-01 6.884749999999999481e-01 4.161340000000000039e-01
3.625229999999999841e-01 1.401360000000000106e-01 6.948790000000000244e-01 4.757330000000000170e-01 8.624650000000000372e-01
6.605509999999999993e-01 3.287800000000000167e-01 2.707149999999999834e-01 8.052799999999999958e-01 3.139080000000000203e-01
3.141939999999999733e-01 8.397729999999999917e-01 5.624799999999999800e-01 1.967450000000000032e-01 4.323350000000000248e-01
7.582550000000000123e-01 6.566140000000000310e-01 2.336439999999999906e-01 5.489570000000000283e-01 3.087849999999999762e-01
3.766360000000000263e-01 3.390329999999999733e-01 3.022210000000000174e-01 5.794070000000000054e-01 8.472809999999999508e-01
1.392950000000000021e-01 6.258430000000000382e-01 3.080280000000000240e-01 6.018750000000000488e-01 5.846139999999999670e-01
4.202930000000000277e-01 3.872360000000000246e-01 4.008720000000000061e-01 8.953740000000000032e-01 5.141649999999999832e-01
6.615689999999999626e-01 1.493019999999999903e-01 7.662560000000000482e-01 4.565330000000000221e-01 5.392590000000000439e-01
5.665470000000000228e-01 7.933630000000000404e-01 2.019690000000000096e-01 1.966590000000000005e-01 7.470980000000000398e-01
4.270950000000000024e-01 5.633259999999999934e-01 1.575149999999999884e-01 5.166779999999999706e-01 7.843419999999999837e-01
5.635970000000000146e-01 7.783480000000000398e-01 8.355500000000000427e-02 4.905539999999999901e-01 5.800570000000000448e-01
1.178649999999999975e-01 7.000549999999999828e-01 6.549169999999999714e-01 3.972829999999999973e-01 8.205419999999999936e-01
1.426489999999999980e-01 7.888720000000000176e-01 3.485719999999999930e-01 5.366140000000000354e-01 4.622789999999999955e-01
4.908660000000000245e-01 2.209419999999999995e-01 3.266080000000000094e-01 7.037799999999999612e-01 7.417780000000000484e-01
5.621829999999999883e-01 1.775619999999999976e-01 6.070520000000000360e-01 8.803090000000000082e-01 3.856200000000000183e-01
6.631540000000000212e-01 5.660739999999999661e-01 2.644960000000000089e-01 2.591609999999999747e-01 7.697869999999999990e-01
7.689629999999999521e-01 4.021759999999999780e-01 2.531399999999999761e-01 4.259160000000000168e-01 6.105300000000000171e-01
1.638689999999999869e-01 7.847490000000000299e-01 3.005430000000000046e-01 5.168819999999999526e-01 6.222250000000000281e-01
8.905980000000000008e-01 1.890870000000000051e-01 4.593829999999999858e-01 6.275319999999999787e-01 2.851960000000000051e-01
5.282930000000000126e-01 3.567500000000000115e-01 8.792529999999999513e-01 1.544750000000000012e-01 5.646679999999999477e-01
5.077180000000000026e-01 5.079979999999999496e-01 7.951549999999999452e-01 5.107960000000000278e-01 3.511699999999999822e-01
3.500449999999999950e-01 4.364169999999999994e-01 5.538800000000000390e-01 7.599960000000000049e-01 3.163969999999999838e-01
7.440980000000000372e-01 2.741770000000000040e-01 5.071679999999999522e-01 7.240799999999999459e-01 4.091299999999999937e-01
4.771090000000000053e-01 4.200900000000000190e-01 5.997599999999999598e-01 2.717430000000000123e-01 8.850900000000000434e-01
3.056880000000000153e-01 6.365140000000000242e-01 6.596189999999999554e-01 9.534499999999999920e-02 6.176500000000000323e-01
5.454919999999999769e-01 6.864869999999999584e-01 5.441070000000000073e-01 3.102170000000000205e-01 4.530410000000000270e-01
3.237590000000000190e-01 3.105829999999999980e-01 5.568899999999999961e-01 4.659630000000000161e-01 8.258750000000000258e-01
7.189299999999999580e-01 2.833330000000000015e-01 5.535280000000000200e-01 2.110059999999999991e-01 5.727400000000000269e-01
9.663399999999999768e-02 6.499810000000000310e-01 7.070070000000000521e-01 5.410700000000000509e-01 3.970409999999999773e-01
5.393909999999999538e-01 6.043119999999999603e-01 5.320599999999999774e-01 4.987840000000000051e-01 6.770100000000000007e-01
3.460949999999999860e-01 5.865299999999999958e-01 7.446739999999999471e-01 4.506649999999999823e-01 5.804740000000000455e-01
3.304190000000000182e-01 4.756600000000000272e-01 7.996649999999999592e-01 3.489559999999999884e-01 4.949250000000000038e-01
6.815130000000000354e-01 7.121290000000000120e-01 3.897070000000000256e-01 6.882570000000000077e-01 3.386239999999999806e-01
6.850730000000000430e-01 5.727130000000000276e-01 3.954960000000000142e-01 2.067460000000000131e-01 4.197409999999999752e-01
5.505259999999999598e-01 4.474119999999999764e-01 3.754700000000000260e-01 3.587449999999999806e-01 5.966620000000000257e-01
1.924220000000000097e-01 7.825590000000000046e-01 4.067109999999999892e-01 8.403899999999999704e-01 3.380520000000000191e-01
4.384129999999999971e-01 5.093929999999999847e-01 2.799619999999999886e-01 6.265070000000000361e-01 4.943170000000000064e-01
7.117999999999999883e-01 3.264489999999999892e-01 6.312860000000000138e-01 4.409890000000000199e-01 3.316049999999999831e-01
5.025340000000000362e-01 5.484989999999999588e-01 2.861020000000000230e-01 5.646719999999999517e-01 6.120670000000000277e-01
3.717460000000000209e-01 6.720049999999999635e-01 2.470070000000000043e-01 4.809240000000000181e-01 8.911980000000000457e-01
1.176910000000000039e-01 5.769149999999999556e-01 6.187930000000000375e-01 5.087150000000000283e-01 4.197460000000000080e-01
2.098029999999999895e-01 4.706980000000000053e-01 6.902829999999999799e-01 7.916250000000000231e-01 4.529469999999999885e-01
8.588390000000000191e-01 3.861249999999999960e-01 4.924290000000000056e-01 6.280059999999999532e-01 2.576570000000000249e-01
6.877459999999999685e-01 5.610349999999999504e-01 5.073260000000000547e-01 3.177840000000000109e-01 4.709749999999999770e-01
2.938689999999999913e-01 7.287879999999999914e-01 6.316159999999999553e-01 4.131409999999999805e-01 2.978160000000000251e-01
7.325500000000000345e-01 6.980300000000000393e-01 3.780580000000000052e-01 4.084499999999999797e-01 5.857390000000000096e-01
7.199480000000000324e-01 2.007299999999999918e-01 5.364240000000000119e-01 6.978130000000000166e-01 3.014850000000000030e-01
3.646519999999999762e-01 6.589019999999999877e-01 6.736140000000000461e-01 3.364269999999999761e-01 7.713870000000000449e-01
4.524730000000000141e-01 5.123429999999999929e-01 6.356389999999999540e-01 2.020039999999999891e-01 7.487260000000000026e-01
3.533629999999999827e-01 4.731980000000000075e-01 3.362609999999999766e-01 8.187219999999999498e-01 2.551269999999999927e-01
7.171910000000000229e-01 4.325490000000000168e-01 5.018829999999999680e-01 4.369910000000000183e-01 4.036190000000000055e-01
8.287149999999999794e-01 3.771269999999999900e-01 3.656869999999999843e-01 6.485290000000000221e-01 2.856620000000000270e-01
3.756320000000000214e-01 7.030250000000000110e-01 4.192940000000000000e-01 4.007689999999999864e-01 6.668039999999999523e-01
6.995550000000000379e-01 3.830009999999999803e-01 5.201860000000000372e-01 6.049900000000000277e-01 4.084929999999999950e-01
3.035080000000000000e-01 4.061440000000000050e-01 6.417800000000000171e-01 2.688690000000000246e-01 9.165759999999999463e-01
5.971090000000000009e-01 4.270820000000000172e-01 1.605949999999999878e-01 5.952739999999999698e-01 6.224720000000000253e-01
4.164140000000000064e-01 4.204010000000000247e-01 4.851329999999999809e-01 8.695570000000000244e-01 4.885920000000000263e-01
6.229379999999999917e-01 4.931570000000000120e-01 2.496670000000000000e-01 5.784059999999999757e-01 6.329860000000000486e-01
6.497800000000000242e-01 1.865219999999999934e-01 8.161770000000000413e-01 2.787180000000000213e-01 6.624489999999999545e-01
4.913009999999999877e-01 8.157280000000000086e-01 2.814809999999999812e-01 2.469929999999999903e-01 5.373949999999999561e-01
4.483790000000000275e-01 5.625430000000000152e-01 6.670430000000000526e-01 2.156119999999999981e-01 3.223409999999999886e-01
6.880079999999999529e-01 6.433929999999999927e-01 6.631099999999999495e-02 6.331710000000000393e-01 4.805119999999999947e-01
7.861190000000000122e-01 3.087050000000000072e-01 3.620749999999999802e-01 5.935840000000000005e-01 2.970470000000000055e-01
6.648669999999999858e-01 1.495690000000000075e-01 7.691609999999999836e-01 3.892559999999999909e-01 3.881390000000000118e-01
3.807309999999999861e-01 5.105830000000000091e-01 6.757130000000000081e-01 2.039839999999999987e-01 5.742110000000000269e-01
4.599099999999999855e-01 4.079869999999999886e-01 7.439449999999999674e-01 5.912349999999999550e-01 6.328139999999999876e-01
2.318780000000000008e-01 7.830610000000000070e-01 5.492179999999999840e-01 1.740329999999999933e-01 8.117860000000000076e-01
6.970549999999999802e-01 5.505339999999999678e-01 2.420269999999999921e-01 3.796709999999999807e-01 6.126300000000000079e-01
7.348090000000000455e-01 7.314589999999999703e-01 1.851520000000000110e-01 4.790369999999999906e-01 6.146150000000000224e-01
5.336670000000000025e-01 7.598019999999999774e-01 4.004280000000000062e-01 3.386509999999999798e-01 5.205490000000000395e-01
6.017869999999999608e-01 5.723930000000000407e-01 7.027609999999999690e-01 1.891760000000000108e-01 4.636159999999999726e-01
4.637549999999999728e-01 3.431139999999999746e-01 5.706980000000000386e-01 8.536080000000000334e-01 4.586529999999999774e-01
4.475390000000000201e-01 4.629670000000000174e-01 6.717389999999999750e-01 2.790259999999999962e-01 4.504750000000000143e-01
6.174589999999999801e-01 1.924690000000000012e-01 8.200110000000000454e-01 3.620450000000000057e-01 4.294029999999999792e-01
4.057259999999999756e-01 4.412159999999999971e-01 8.203620000000000356e-01 4.642390000000000128e-01 6.383769999999999722e-01
1.467579999999999996e-01 8.283129999999999660e-01 3.322330000000000005e-01 4.176230000000000220e-01 6.429340000000000055e-01
7.258229999999999960e-01 2.001380000000000103e-01 5.299639999999999906e-01 3.983110000000000261e-01 5.343890000000000029e-01
7.493419999999999526e-01 5.775240000000000373e-01 3.805720000000000214e-01 4.006299999999999861e-01 2.802359999999999851e-01
3.107400000000000162e-01 5.364689999999999737e-01 7.521130000000000315e-01 7.306259999999999977e-01 3.515070000000000139e-01
5.367319999999999869e-01 6.550179999999999891e-01 7.300759999999999472e-01 4.924430000000000196e-01 1.851649999999999963e-01
1.992869999999999919e-01 5.703730000000000189e-01 3.332740000000000147e-01 7.264730000000000354e-01 6.434889999999999777e-01
5.305959999999999566e-01 5.149160000000000403e-01 5.395159999999999956e-01 5.133339999999999570e-01 3.453439999999999843e-01
5.348819999999999686e-01 3.796289999999999942e-01 6.223269999999999635e-01 4.556649999999999867e-01 4.559920000000000084e-01
3.992890000000000050e-01 4.610460000000000114e-01 1.460370000000000001e-01 6.994960000000000067e-01 6.002809999999999535e-01
6.255190000000000472e-01 4.332849999999999757e-01 4.926780000000000048e-01 4.097189999999999999e-01 3.035789999999999877e-01
4.232730000000000103e-01 4.539710000000000134e-01 7.576399999999999801e-01 3.329400000000000137e-01 2.571919999999999762e-01
2.177530000000000021e-01 7.122629999999999795e-01 6.855909999999999505e-01 5.124060000000000281e-01 5.381610000000000005e-01
5.807679999999999509e-01 3.907019999999999937e-01 4.558679999999999954e-01 2.496579999999999910e-01 7.274509999999999588e-01
4.530790000000000095e-01 2.567249999999999810e-01 7.337789999999999591e-01 3.676920000000000188e-01 5.343320000000000292e-01
8.022719999999999851e-01 3.829520000000000146e-01 5.979970000000000008e-01 3.899290000000000256e-01 3.368559999999999888e-01
5.575590000000000268e-01 8.016140000000000487e-01 5.271160000000000290e-01 5.343419999999999837e-01 2.744699999999999918e-01
2.505919999999999814e-01 5.512690000000000090e-01 5.803190000000000293e-01 5.741629999999999789e-01 3.910270000000000135e-01
4.158879999999999799e-01 4.963310000000000222e-01 6.516110000000000513e-01 4.738189999999999902e-01 2.614659999999999762e-01
8.643600000000000172e-01 5.437039999999999651e-01 2.667820000000000191e-01 3.376419999999999977e-01 4.849879999999999747e-01
3.672119999999999829e-01 3.493620000000000059e-01 8.213470000000000493e-01 3.711539999999999839e-01 4.472019999999999884e-01
2.794650000000000190e-01 6.523999999999999799e-01 7.818899999999999739e-01 3.196120000000000072e-01 7.047879999999999701e-01
3.954380000000000117e-01 7.711729999999999974e-01 3.760009999999999741e-01 1.679479999999999862e-01 5.392540000000000111e-01
3.129779999999999784e-01 5.307100000000000151e-01 6.895700000000000163e-01 4.041859999999999897e-01 4.909359999999999835e-01
5.450789999999999802e-01 6.499730000000000230e-01 5.628250000000000197e-01 7.646370000000000111e-01 1.871619999999999950e-01
6.388080000000000425e-01 4.068330000000000002e-01 2.753470000000000084e-01 6.982760000000000078e-01 2.947250000000000147e-01
6.038040000000000074e-01 8.325789999999999580e-01 2.749590000000000090e-01 3.610470000000000068e-01 3.949690000000000145e-01
6.358749999999999680e-01 4.066339999999999955e-01 4.955590000000000273e-01 6.587429999999999675e-01 5.740669999999999940e-01
6.670690000000000230e-01 3.014749999999999930e-01 8.340629999999999988e-01 4.241139999999999910e-01 4.379939999999999944e-01
9.033849999999999936e-01 1.762189999999999868e-01 5.075539999999999496e-01 4.558929999999999927e-01 4.985370000000000079e-01
7.386540000000000328e-01 6.297249999999999792e-01 2.886929999999999774e-01 7.102399999999999824e-01 4.475140000000000229e-01
2.657379999999999742e-01 6.667060000000000208e-01 2.247210000000000041e-01 4.998150000000000093e-01 5.581669999999999687e-01
7.225510000000000543e-01 3.893320000000000114e-01 4.018430000000000057e-01 4.701730000000000076e-01 6.804390000000000160e-01
3.344630000000000103e-01 7.359949999999999548e-01 4.479319999999999968e-01 2.647930000000000006e-01 6.278230000000000199e-01
6.193049999999999944e-01 5.014969999999999706e-01 8.217600000000000460e-01 5.186089999999999867e-01 2.517139999999999933e-01
4.228279999999999816e-01 6.408359999999999612e-01 3.308989999999999987e-01 5.984099999999999975e-01 5.474510000000000209e-01
4.541569999999999774e-01 8.029260000000000286e-01 6.488530000000000131e-01 1.946519999999999917e-01 3.850689999999999946e-01
6.052309999999999635e-01 4.308109999999999995e-01 7.254720000000000057e-01 2.987079999999999735e-01 6.395739999999999759e-01
3.085220000000000184e-01 5.406480000000000175e-01 3.002580000000000249e-01 3.884799999999999920e-01 6.371149999999999869e-01
6.840580000000000549e-01 1.388500000000000012e-01 7.733729999999999771e-01 4.364620000000000166e-01 4.416780000000000150e-01
5.920159999999999867e-01 4.716739999999999822e-01 3.675519999999999898e-01 2.507630000000000137e-01 6.071999999999999620e-01
4.411189999999999833e-01 3.714819999999999789e-01 8.309729999999999617e-01 5.625480000000000480e-01 4.679719999999999991e-01
8.840440000000000520e-01 4.153319999999999790e-01 5.740180000000000282e-01 5.094549999999999912e-01 2.021660000000000124e-01
5.332700000000000218e-01 5.764059999999999739e-01 4.100809999999999733e-01 2.642189999999999817e-01 6.207599999999999785e-01
5.322350000000000136e-01 3.758580000000000254e-01 6.635739999999999972e-01 5.953270000000000506e-01 5.112649999999999695e-01
3.434189999999999743e-01 4.400459999999999927e-01 6.968919999999999559e-01 2.502360000000000140e-01 6.060969999999999969e-01
8.354000000000000314e-01 3.057389999999999830e-01 6.527640000000000109e-01 4.331389999999999962e-01 4.802390000000000270e-01
2.825920000000000099e-01 6.150309999999999944e-01 5.285539999999999683e-01 4.374410000000000243e-01 5.473500000000000032e-01
1.504030000000000089e-01 6.631120000000000347e-01 6.139630000000000365e-01 3.651479999999999726e-01 4.106770000000000143e-01
1.891849999999999921e-01 6.483240000000000114e-01 6.977090000000000236e-01 6.866219999999999546e-01 3.930449999999999777e-01
2.246539999999999926e-01 7.248940000000000383e-01 5.809480000000000199e-01 4.902389999999999803e-01 2.368280000000000107e-01
5.359340000000000215e-01 5.223849999999999882e-01 4.606790000000000052e-01 2.790679999999999827e-01 8.707479999999999665e-01
2.248219999999999941e-01 4.450979999999999936e-01 5.256720000000000281e-01 3.559550000000000214e-01 9.181550000000000544e-01
5.235630000000000006e-01 2.226629999999999998e-01 7.827790000000000026e-01 3.040039999999999965e-01 5.326419999999999488e-01
4.507660000000000000e-01 1.934980000000000033e-01 5.678750000000000187e-01 2.224629999999999941e-01 8.952620000000000022e-01
7.371090000000000142e-01 4.857739999999999836e-01 7.042479999999999851e-01 5.986829999999999652e-01 1.524840000000000084e-01
3.852650000000000241e-01 6.399669999999999526e-01 4.431080000000000019e-01 4.424520000000000119e-01 7.319830000000000503e-01
6.866929999999999978e-01 4.940570000000000239e-01 6.447739999999999583e-01 7.265479999999999716e-01 3.078319999999999945e-01
8.104710000000000525e-01 4.756549999999999945e-01 4.281170000000000253e-01 2.555069999999999841e-01 4.479589999999999961e-01
3.083290000000000197e-01 2.563460000000000183e-01 7.403250000000000108e-01 6.773059999999999636e-01 6.577370000000000161e-01
2.927960000000000007e-01 7.625100000000000211e-01 4.675699999999999856e-01 2.116119999999999945e-01 6.610249999999999737e-01
5.631089999999999707e-01 3.496529999999999916e-01 8.746230000000000393e-01 3.988019999999999898e-01 5.309690000000000243e-01
5.602310000000000345e-01 2.697649999999999770e-01 7.464749999999999996e-01 5.363170000000000437e-01 4.459310000000000218e-01
5.209000000000000297e-01 1.721850000000000047e-01 7.407409999999999828e-01 4.067140000000000200e-01 6.188090000000000535e-01
4.406370000000000009e-01 6.403999999999999693e-01 6.308550000000000546e-01 1.992269999999999874e-01 5.276030000000000442e-01
6.085490000000000066e-01 8.191370000000000040e-01 2.637999999999999790e-01 5.956339999999999968e-01 4.449509999999999854e-01
8.193489999999999940e-01 7.484439999999999982e-01 3.236339999999999772e-01 4.443650000000000100e-01 2.689099999999999824e-01
5.842929999999999513e-01 2.841350000000000264e-01 5.734470000000000400e-01 2.629159999999999831e-01 8.372699999999999587e-01
2.745110000000000050e-01 8.755169999999999897e-01 6.453130000000000255e-01 3.475170000000000203e-01 4.122799999999999798e-01
7.383650000000000491e-01 1.515739999999999865e-01 5.895780000000000465e-01 8.147320000000000118e-01 4.064909999999999912e-01
6.897090000000000165e-01 5.770070000000000476e-01 6.148829999999999574e-01 3.624240000000000239e-01 3.363499999999999823e-01
2.189099999999999935e-01 2.707780000000000187e-01 7.209459999999999757e-01 3.833670000000000133e-01 7.375420000000000309e-01
4.957559999999999745e-01 6.605739999999999945e-01 7.458740000000000370e-01 1.037349999999999939e-01 5.177270000000000483e-01
6.511050000000000448e-01 2.078790000000000082e-01 4.314310000000000089e-01 5.368589999999999751e-01 5.530669999999999753e-01
4.316130000000000244e-01 3.284130000000000105e-01 7.473389999999999755e-01 4.575670000000000015e-01 6.443400000000000238e-01
3.711690000000000267e-01 2.624529999999999919e-01 5.504919999999999813e-01 4.707609999999999850e-01 9.025649999999999507e-01
8.373739999999999517e-01 2.178900000000000003e-01 7.069710000000000161e-01 3.202650000000000219e-01 6.034680000000000044e-01
1.221249999999999974e-01 6.553020000000000511e-01 5.393390000000000128e-01 6.591050000000000519e-01 7.147400000000000420e-01
3.269039999999999724e-01 4.469090000000000007e-01 3.563520000000000021e-01 5.829750000000000210e-01 6.087500000000000133e-01
3.053379999999999983e-01 6.014469999999999539e-01 3.723480000000000123e-01 7.560160000000000213e-01 3.112190000000000234e-01
1.853690000000000060e-01 7.621790000000000509e-01 2.800070000000000059e-01 7.999829999999999997e-01 3.082860000000000045e-01
1.481760000000000022e-01 4.086159999999999792e-01 5.989689999999999737e-01 4.222460000000000102e-01 7.485289999999999999e-01
6.027310000000000167e-01 5.417849999999999611e-01 7.070100000000000273e-01 5.989579999999999904e-01 1.767900000000000027e-01
3.023330000000000184e-01 4.319830000000000059e-01 7.769270000000000342e-01 6.288040000000000296e-01 3.687130000000000130e-01
3.705129999999999812e-01 7.568040000000000322e-01 6.541190000000000060e-01 5.020839999999999748e-01 1.524999999999999967e-01
8.697230000000000238e-01 2.762709999999999888e-01 5.718590000000000062e-01 5.350279999999999481e-01 5.268929999999999447e-01
6.871209999999999818e-01 2.773439999999999794e-01 4.404350000000000209e-01 2.364880000000000038e-01 8.158429999999999849e-01
3.602770000000000139e-01 3.951709999999999945e-01 5.364999999999999769e-01 2.453569999999999918e-01 6.746259999999999479e-01
2.658619999999999872e-01 8.334209999999999674e-01 1.397579999999999933e-01 5.822969999999999535e-01 6.868189999999999573e-01
4.228629999999999889e-01 3.011090000000000155e-01 7.900629999999999598e-01 6.426669999999999883e-01 4.327630000000000088e-01
2.432070000000000065e-01 4.501640000000000086e-01 2.729800000000000004e-01 5.865280000000000493e-01 7.458690000000000042e-01
6.225760000000000183e-01 6.706779999999999964e-01 5.503740000000000299e-01 4.626779999999999782e-01 3.394039999999999835e-01
5.811250000000000027e-01 5.422879999999999923e-01 5.154990000000000405e-01 6.988269999999999760e-01 3.453069999999999751e-01
7.526089999999999725e-01 2.836779999999999857e-01 2.782629999999999826e-01 5.791560000000000041e-01 4.355370000000000075e-01
3.868280000000000052e-01 2.438230000000000119e-01 7.862270000000000092e-01 3.915850000000000164e-01 6.084469999999999601e-01
6.734069999999999778e-01 1.505060000000000009e-01 4.893419999999999992e-01 4.512990000000000057e-01 4.711799999999999877e-01
4.149840000000000195e-01 5.277129999999999876e-01 8.417440000000000477e-01 3.944110000000000116e-01 2.357710000000000083e-01
7.198940000000000339e-01 3.653879999999999906e-01 5.333660000000000068e-01 5.182750000000000412e-01 3.189040000000000208e-01
4.370609999999999773e-01 5.508709999999999996e-01 2.599400000000000044e-01 3.848409999999999886e-01 6.223100000000000298e-01
4.867369999999999752e-01 2.185010000000000008e-01 7.157329999999999526e-01 6.488460000000000338e-01 6.056789999999999674e-01
6.619390000000000551e-01 2.804559999999999831e-01 4.121440000000000103e-01 3.953220000000000067e-01 5.614419999999999966e-01
4.275329999999999964e-01 5.878419999999999757e-01 1.293439999999999868e-01 5.449450000000000127e-01 5.761230000000000517e-01
2.640250000000000097e-01 5.563179999999999792e-01 3.147730000000000250e-01 9.083940000000000348e-01 3.203969999999999874e-01
4.089079999999999937e-01 6.457549999999999679e-01 4.329620000000000135e-01 4.970640000000000058e-01 4.818509999999999738e-01
7.904799999999999605e-01 5.042100000000000470e-01 3.250170000000000003e-01 4.815450000000000008e-01 5.968160000000000132e-01
4.964779999999999749e-01 3.783580000000000276e-01 5.147920000000000273e-01 5.164339999999999486e-01 8.199830000000000174e-01
4.750139999999999918e-01 3.426299999999999901e-01 7.663269999999999804e-01 3.424409999999999954e-01 5.018150000000000110e-01
6.464560000000000306e-01 5.993380000000000374e-01 3.693940000000000001e-01 1.799310000000000076e-01 5.751540000000000541e-01
6.114319999999999755e-01 4.355410000000000115e-01 6.923059999999999770e-01 6.450179999999999803e-01 6.991600000000000592e-02
6.781890000000000418e-01 3.157670000000000199e-01 6.605640000000000400e-01 3.672389999999999821e-01 2.044650000000000079e-01
5.273999999999999799e-01 4.533380000000000187e-01 4.056339999999999946e-01 3.079089999999999883e-01 7.800150000000000139e-01
7.587450000000000028e-01 4.140579999999999816e-01 2.766179999999999750e-01 7.540959999999999885e-01 5.098380000000000134e-01
4.283620000000000205e-01 6.120870000000000477e-01 4.011959999999999971e-01 5.855529999999999902e-01 2.614360000000000017e-01
4.951470000000000038e-01 7.635110000000000507e-01 1.332379999999999953e-01 7.293680000000000163e-01 4.662749999999999950e-01
7.658719999999999972e-01 2.860860000000000070e-01 7.820899999999999519e-01 4.395669999999999855e-01 5.145899999999999919e-01
5.515949999999999465e-01 5.286419999999999453e-01 2.377380000000000049e-01 5.861509999999999776e-01 5.212510000000000199e-01
3.861669999999999825e-01 6.845480000000000453e-01 5.272409999999999597e-01 2.583199999999999941e-01 6.180579999999999963e-01
4.270700000000000052e-01 6.358150000000000190e-01 3.008170000000000011e-01 3.721740000000000048e-01 8.912360000000000282e-01
3.942890000000000006e-01 6.442039999999999988e-01 1.183899999999999952e-01 8.905199999999999783e-01 3.745319999999999760e-01
3.388229999999999853e-01 7.757659999999999556e-01 1.629289999999999905e-01 4.629469999999999974e-01 6.469470000000000498e-01
7.581799999999999651e-01 3.467529999999999779e-01 6.195859999999999701e-01 1.497840000000000005e-01 5.749469999999999859e-01
6.953799999999999981e-01 4.053510000000000169e-01 7.223530000000000229e-01 5.540629999999999722e-01 1.670840000000000103e-01
5.070299999999999807e-01 2.311169999999999891e-01 6.329669999999999463e-01 5.278859999999999664e-01 6.190069999999999739e-01
5.877390000000000114e-01 3.517629999999999924e-01 3.457290000000000085e-01 6.220649999999999791e-01 2.474439999999999973e-01
5.882190000000000474e-01 5.336899999999999977e-01 4.137060000000000182e-01 4.517360000000000264e-01 2.084249999999999992e-01
2.109600000000000086e-01 4.026330000000000187e-01 6.951110000000000344e-01 2.768059999999999965e-01 7.684950000000000392e-01
3.286749999999999949e-01 6.952500000000000346e-01 5.762779999999999569e-01 1.619720000000000049e-01 5.537849999999999717e-01
4.628149999999999764e-01 6.145410000000000039e-01 6.709239999999999648e-01 4.365530000000000244e-01 5.212309999999999999e-01
7.349900000000000322e-01 5.787529999999999619e-01 4.036179999999999768e-01 3.260279999999999845e-01 3.716229999999999811e-01
2.867640000000000189e-01 3.838199999999999945e-01 4.147210000000000063e-01 5.235480000000000134e-01 8.637200000000000433e-01
2.430049999999999988e-01 4.617200000000000193e-01 5.272529999999999717e-01 4.831670000000000131e-01 7.522919999999999607e-01
4.230200000000000071e-01 7.627890000000000503e-01 1.537989999999999913e-01 7.728559999999999874e-01 3.300060000000000215e-01
7.867420000000000524e-01 4.673419999999999797e-01 4.880160000000000053e-01 2.257440000000000002e-01 4.948819999999999886e-01
5.395050000000000123e-01 6.048810000000000020e-01 2.681549999999999767e-01 9.042010000000000325e-01 2.478029999999999955e-01
5.262900000000000356e-01 3.144629999999999925e-01 4.844680000000000097e-01 7.661240000000000272e-01 3.929989999999999872e-01
1.357440000000000035e-01 7.944329999999999448e-01 4.535870000000000180e-01 4.737620000000000164e-01 6.651230000000000198e-01
7.464910000000000156e-01 3.841579999999999995e-01 4.107250000000000068e-01 6.908220000000000471e-01 2.997909999999999742e-01
2.215580000000000049e-01 3.758460000000000134e-01 4.163939999999999864e-01 7.607009999999999605e-01 5.518239999999999812e-01
4.263509999999999800e-01 5.186610000000000387e-01 5.660899999999999821e-01 5.319749999999999757e-01 5.026059999999999972e-01
5.154199999999999893e-01 6.753759999999999764e-01 7.153500000000000414e-01 4.186929999999999819e-01 4.166449999999999876e-01
8.546219999999999928e-01 6.089729999999999865e-01 5.243100000000000538e-01 3.487700000000000244e-01 3.847160000000000024e-01
1.543100000000000027e-01 7.653499999999999748e-01 5.759090000000000042e-01 7.444929999999999604e-01 2.723459999999999770e-01
4.006549999999999834e-01 7.773449999999999527e-01 4.255820000000000158e-01 3.834940000000000015e-01 4.936329999999999885e-01
4.363900000000000001e-01 4.193609999999999838e-01 6.210820000000000229e-01 5.955169999999999630e-01 4.420629999999999837e-01
2.603750000000000231e-01 6.831129999999999702e-01 4.914209999999999967e-01 4.883460000000000023e-01 6.753149999999999986e-01
5.028169999999999584e-01 8.261100000000000387e-02 5.069190000000000085e-01 6.578049999999999731e-01 5.739220000000000432e-01
4.295789999999999886e-01 8.349809999999999732e-01 2.200469999999999926e-01 4.238999999999999990e-01 7.885940000000000172e-01
3.291609999999999814e-01 6.131159999999999943e-01 1.913410000000000111e-01 7.000150000000000539e-01 7.051520000000000010e-01
8.274369999999999781e-01 4.461069999999999758e-01 2.201220000000000121e-01 4.884100000000000108e-01 4.754769999999999830e-01
5.185380000000000544e-01 3.758830000000000227e-01 5.191710000000000491e-01 8.213460000000000205e-01 1.341539999999999955e-01
4.366120000000000001e-01 9.585489999999999844e-01 4.505540000000000100e-01 2.639889999999999737e-01 5.160810000000000120e-01
5.519939999999999847e-01 5.318810000000000482e-01 3.395880000000000010e-01 4.922290000000000276e-01 8.699919999999999876e-01
3.978260000000000129e-01 7.643090000000000162e-01 1.722720000000000085e-01 7.902010000000000423e-01 5.224710000000000187e-01
4.311110000000000220e-01 6.991979999999999862e-01 3.462700000000000222e-01 2.758979999999999766e-01 7.063199999999999479e-01
2.149610000000000132e-01 5.571289999999999853e-01 5.517959999999999532e-01 7.723970000000000002e-01 4.884499999999999953e-01
3.503410000000000135e-01 7.080940000000000012e-01 5.090940000000000465e-01 4.416510000000000158e-01 5.623179999999999845e-01
4.736929999999999752e-01 3.314360000000000084e-01 4.401450000000000085e-01 4.267580000000000262e-01 8.212580000000000435e-01
7.954849999999999977e-01 6.403379999999999628e-01 4.511029999999999762e-01 4.223250000000000060e-01 2.922219999999999818e-01
4.148499999999999965e-01 5.858269999999999866e-01 2.820840000000000014e-01 3.944039999999999768e-01 5.785420000000000007e-01
4.013240000000000141e-01 7.284279999999999644e-01 2.635899999999999910e-01 4.395510000000000250e-01 7.961709999999999621e-01
3.496810000000000196e-01 5.106939999999999813e-01 4.981050000000000200e-01 3.394300000000000095e-01 8.885929999999999662e-01
3.349360000000000115e-01 6.088109999999999911e-01 8.555559999999999832e-01 5.525069999999999704e-01 2.430950000000000055e-01
5.386720000000000397e-01 5.217889999999999473e-01 6.970359999999999889e-01 6.471740000000000270e-01 6.714499999999999635e-02
4.435930000000000151e-01 4.894459999999999922e-01 4.011970000000000258e-01 7.369970000000000132e-01 6.034859999999999669e-01
3.464740000000000042e-01 8.599269999999999969e-01 3.256959999999999855e-01 8.107590000000000074e-01 2.988879999999999870e-01
3.395119999999999805e-01 5.540690000000000337e-01 8.236499999999999377e-02 7.224070000000000213e-01 5.984490000000000087e-01
3.036190000000000278e-01 4.013929999999999998e-01 4.701199999999999823e-01 4.629220000000000002e-01 7.683919999999999639e-01
3.264460000000000139e-01 2.196400000000000019e-01 6.338099999999999845e-01 4.727770000000000028e-01 6.839009999999999811e-01
3.040840000000000209e-01 6.000569999999999515e-01 3.698009999999999908e-01 5.594320000000000404e-01 7.610400000000000498e-01
6.690789999999999793e-01 7.463790000000000147e-01 4.682560000000000056e-01 5.522559999999999691e-01 1.207410000000000011e-01
4.108539999999999970e-01 5.823479999999999768e-01 4.222710000000000075e-01 7.310290000000000399e-01 6.407310000000000505e-01
4.868060000000000165e-01 7.785799999999999665e-02 6.702460000000000084e-01 5.889119999999999910e-01 5.576240000000000085e-01
6.350430000000000241e-01 6.935769999999999991e-01 4.468190000000000217e-01 3.441330000000000222e-01 2.562030000000000141e-01
4.173620000000000108e-01 4.484400000000000053e-01 5.359140000000000015e-01 4.012009999999999743e-01 4.731139999999999790e-01
4.135139999999999927e-01 2.677120000000000055e-01 6.345239999999999769e-01 3.460630000000000095e-01 5.229169999999999652e-01
4.746210000000000151e-01 4.348170000000000091e-01 2.039769999999999917e-01 7.036480000000000512e-01 6.811469999999999470e-01
5.973570000000000269e-01 5.446229999999999682e-01 2.977339999999999987e-01 2.625190000000000023e-01 9.086490000000000400e-01
6.078930000000000167e-01 2.566269999999999940e-01 5.630950000000000122e-01 3.852410000000000001e-01 5.963979999999999837e-01
2.802830000000000044e-01 7.124190000000000245e-01 3.505960000000000187e-01 6.388599999999999834e-01 4.867609999999999992e-01
2.516869999999999941e-01 6.166439999999999699e-01 7.054399999999999560e-01 3.117920000000000136e-01 8.512769999999999504e-01
6.417770000000000419e-01 5.493289999999999562e-01 2.513389999999999791e-01 7.572680000000000522e-01 2.421830000000000094e-01
5.245859999999999967e-01 5.050029999999999797e-01 2.231730000000000103e-01 8.802980000000000249e-01 4.939830000000000054e-01
7.821960000000000024e-01 3.358670000000000266e-01 5.635879999999999779e-01 5.243910000000000515e-01 5.378039999999999488e-01
5.250989999999999824e-01 5.468669999999999920e-01 5.735209999999999475e-01 4.574110000000000120e-01 2.907420000000000004e-01
7.038550000000000084e-01 7.718129999999999713e-01 3.022079999999999766e-01 5.010299999999999754e-01 3.881390000000000118e-01
7.468259999999999899e-01 4.278850000000000153e-01 4.360229999999999939e-01 3.962260000000000226e-01 3.682000000000000273e-01
6.579549999999999566e-01 6.323609999999999509e-01 3.421879999999999922e-01 5.441529999999999978e-01 5.753989999999999938e-01
2.843629999999999769e-01 4.161389999999999811e-01 6.358169999999999655e-01 8.036180000000000545e-01 3.128619999999999735e-01
4.694940000000000224e-01 4.791920000000000068e-01 4.986360000000000237e-01 6.361350000000000060e-01 3.763119999999999798e-01
7.744510000000000005e-01 1.864800000000000069e-01 7.236939999999999484e-01 3.123639999999999750e-01 6.748960000000000514e-01
5.401770000000000183e-01 2.768720000000000070e-01 7.310630000000000184e-01 5.208490000000000064e-01 4.303190000000000071e-01
5.601490000000000080e-01 1.345369999999999899e-01 5.149280000000000523e-01 4.867090000000000027e-01 7.147729999999999917e-01
5.658300000000000551e-01 5.232900000000000329e-01 1.721100000000000130e-01 4.724200000000000066e-01 5.756559999999999455e-01
3.286990000000000189e-01 8.598270000000000080e-01 1.655530000000000057e-01 7.302279999999999882e-01 4.127469999999999750e-01
2.497610000000000108e-01 4.090269999999999739e-01 8.595089999999999675e-01 2.810400000000000120e-01 7.294399999999999773e-01
2.682579999999999965e-01 4.744769999999999821e-01 6.314969999999999750e-01 4.283480000000000065e-01 6.603240000000000220e-01
6.303990000000000427e-01 4.846599999999999797e-01 1.144339999999999941e-01 6.312179999999999458e-01 4.557419999999999805e-01
5.099569999999999936e-01 4.557019999999999960e-01 6.484879999999999534e-01 3.557960000000000012e-01 2.284549999999999914e-01
3.184100000000000263e-01 4.751810000000000200e-01 3.024330000000000074e-01 7.523969999999999825e-01 7.317129999999999468e-01
3.870589999999999864e-01 6.857940000000000147e-01 3.371560000000000112e-01 3.748029999999999973e-01 7.642970000000000041e-01
5.849050000000000082e-01 6.696569999999999467e-01 2.513730000000000131e-01 6.480169999999999542e-01 2.905909999999999882e-01
1.592560000000000087e-01 7.363640000000000185e-01 5.548490000000000366e-01 2.881980000000000097e-01 6.877140000000000475e-01
1.174960000000000032e-01 5.080160000000000231e-01 6.561150000000000038e-01 4.859789999999999943e-01 7.018990000000000506e-01
6.695569999999999578e-01 6.452799999999999647e-01 2.750850000000000239e-01 3.718090000000000006e-01 4.952119999999999855e-01
4.476359999999999784e-01 6.364940000000000042e-01 2.394030000000000047e-01 3.139799999999999813e-01 5.765190000000000037e-01
3.163850000000000273e-01 3.183150000000000146e-01 7.146660000000000235e-01 4.655340000000000034e-01 6.634200000000000097e-01
3.439630000000000187e-01 5.627039999999999820e-01 6.800089999999999746e-01 8.272500000000000686e-02 6.529660000000000464e-01
6.085359999999999658e-01 5.385790000000000299e-01 4.586370000000000169e-01 7.366909999999999847e-01 4.530520000000000103e-01
3.583080000000000154e-01 3.938920000000000199e-01 7.792860000000000342e-01 2.789409999999999945e-01 6.299810000000000132e-01
5.134090000000000042e-01 3.224569999999999936e-01 8.720919999999999783e-01 2.134860000000000091e-01 5.959229999999999805e-01
6.481320000000000414e-01 2.400009999999999921e-01 5.142989999999999506e-01 2.707049999999999734e-01 5.433850000000000069e-01
6.440430000000000321e-01 7.877459999999999463e-01 1.695359999999999923e-01 7.129849999999999799e-01 2.428669999999999995e-01
6.426920000000000410e-01 7.429949999999999610e-01 1.747370000000000034e-01 6.620430000000000481e-01 1.984980000000000078e-01
7.787049999999999805e-01 5.173240000000000061e-01 6.207479999999999665e-01 3.114020000000000121e-01 3.517850000000000144e-01
4.217330000000000245e-01 8.619459999999999900e-01 2.358500000000000041e-01 3.754390000000000227e-01 5.456419999999999604e-01
7.156919999999999948e-01 5.641810000000000436e-01 1.704130000000000089e-01 6.692179999999999795e-01 5.871640000000000192e-01
8.721399999999999986e-02 6.295629999999999837e-01 5.462249999999999606e-01 6.753860000000000419e-01 4.536620000000000097e-01
4.857920000000000016e-01 7.590160000000000240e-01 3.543160000000000198e-01 5.774409999999999821e-01 2.232439999999999980e-01
3.362439999999999873e-01 5.318209999999999882e-01 5.266079999999999650e-01 7.102739999999999609e-01 7.001709999999999878e-01
4.552080000000000015e-01 6.970750000000000002e-01 8.647299999999999431e-02 5.197690000000000365e-01 5.200740000000000363e-01
2.822020000000000084e-01 4.761199999999999877e-01 8.151899999999999702e-01 6.805330000000000545e-01 4.973440000000000083e-01
3.516059999999999741e-01 5.147770000000000401e-01 7.389160000000000172e-01 2.318860000000000088e-01 4.702709999999999946e-01
3.318960000000000243e-01 5.848680000000000545e-01 3.408479999999999843e-01 3.729899999999999882e-01 9.385759999999999659e-01
7.356340000000000101e-01 6.480799999999999894e-01 5.200700000000000323e-01 2.736210000000000031e-01 5.485849999999999893e-01
4.434730000000000061e-01 2.312069999999999959e-01 7.668239999999999501e-01 5.302940000000000431e-01 4.252489999999999881e-01
7.323939999999999895e-01 2.132249999999999979e-01 5.741460000000000452e-01 5.571490000000000054e-01 4.528090000000000170e-01
7.757669999999999844e-01 2.730859999999999954e-01 7.935499999999999776e-01 5.007770000000000277e-01 3.445650000000000102e-01
4.822949999999999737e-01 2.867839999999999834e-01 5.568809999999999594e-01 3.814810000000000145e-01 8.946680000000000188e-01
4.167040000000000188e-01 8.216160000000000130e-01 3.217189999999999772e-01 2.897339999999999915e-01 7.180429999999999868e-01
3.642790000000000195e-01 4.357610000000000094e-01 6.190890000000000004e-01 3.810239999999999738e-01 7.051640000000000130e-01
5.217709999999999848e-01 6.090130000000000265e-01 9.350200000000000178e-02 8.272599999999999953e-01 3.813270000000000270e-01
3.214020000000000210e-01 5.952509999999999746e-01 3.066780000000000062e-01 7.862200000000000299e-01 3.359590000000000076e-01
3.294460000000000166e-01 2.996159999999999934e-01 6.971920000000000339e-01 3.289560000000000262e-01 5.274459999999999704e-01
3.089830000000000076e-01 4.626000000000000112e-01 5.114429999999999810e-01 7.205920000000000103e-01 5.003640000000000310e-01
4.401689999999999769e-01 6.055120000000000502e-01 3.293209999999999749e-01 4.191989999999999883e-01 9.150270000000000348e-01
7.848939999999999806e-01 5.798149999999999693e-01 4.351829999999999865e-01 4.575389999999999735e-01 4.681930000000000258e-01
3.328280000000000127e-01 5.766980000000000439e-01 2.770070000000000032e-01 8.166539999999999910e-01 4.812500000000000111e-01
6.377909999999999968e-01 3.172940000000000205e-01 2.687890000000000001e-01 6.359669999999999490e-01 4.651020000000000154e-01
5.730269999999999531e-01 1.486069999999999891e-01 6.323539999999999717e-01 7.352800000000000447e-01 5.941600000000000215e-01
3.316919999999999868e-01 6.054380000000000317e-01 4.911499999999999755e-01 3.629740000000000189e-01 5.941319999999999935e-01
4.455210000000000004e-01 3.965279999999999916e-01 4.431470000000000131e-01 5.690520000000000023e-01 6.375239999999999796e-01
5.115250000000000075e-01 8.504650000000000265e-01 3.218530000000000002e-01 4.520689999999999986e-01 4.171050000000000035e-01
3.272329999999999961e-01 8.201460000000000417e-01 3.943189999999999751e-01 7.506859999999999644e-01 2.059479999999999922e-01
3.221430000000000127e-01 3.774759999999999782e-01 4.786099999999999799e-01 8.643819999999999837e-01 3.454940000000000233e-01
8.766680000000000028e-01 4.324219999999999731e-01 3.523850000000000038e-01 6.417979999999999796e-01 2.923540000000000028e-01
5.255589999999999984e-01 5.641389999999999461e-01 2.332690000000000041e-01 6.625050000000000106e-01 5.489460000000000450e-01
6.161379999999999635e-01 3.315670000000000006e-01 8.628719999999999724e-01 2.833209999999999895e-01 2.184309999999999863e-01
1.942319999999999880e-01 6.453550000000000120e-01 3.046070000000000166e-01 5.485280000000000156e-01 5.767330000000000512e-01
2.287140000000000006e-01 3.569840000000000235e-01 7.783379999999999743e-01 3.423120000000000052e-01 6.543660000000000032e-01
3.977189999999999892e-01 5.720420000000000504e-01 6.572909999999999586e-01 6.329000000000000181e-01 4.585000000000000187e-01
4.368770000000000153e-01 2.743760000000000088e-01 5.446159999999999890e-01 2.066070000000000129e-01 9.211570000000000036e-01
7.003319999999999546e-01 4.432740000000000014e-01 4.255570000000000186e-01 4.234559999999999991e-01 7.240130000000000177e-01
6.683890000000000109e-01 5.368720000000000159e-01 2.134330000000000116e-01 2.913729999999999931e-01 7.167740000000000222e-01
4.812779999999999836e-01 3.799660000000000259e-01 8.328600000000000447e-01 6.789789999999999992e-01 1.708179999999999976e-01
4.716879999999999962e-01 5.239589999999999526e-01 9.248480000000000034e-01 2.974140000000000117e-01 4.127640000000000198e-01
4.908449999999999758e-01 5.690520000000000023e-01 5.162299999999999667e-01 4.294319999999999804e-01 3.231510000000000216e-01
1.292329999999999868e-01 6.143889999999999629e-01 6.289320000000000466e-01 4.830150000000000277e-01 5.707400000000000251e-01
2.763189999999999813e-01 7.129370000000000429e-01 6.846280000000000143e-01 2.861830000000000207e-01 6.292039999999999855e-01
4.916630000000000167e-01 6.820289999999999964e-01 2.747640000000000082e-01 3.637540000000000218e-01 8.861809999999999965e-01
3.642159999999999842e-01 7.848600000000000021e-01 3.390520000000000200e-01 5.252580000000000027e-01 4.400780000000000247e-01
4.500970000000000248e-01 5.429429999999999534e-01 3.618359999999999910e-01 5.754810000000000203e-01 3.750720000000000165e-01
7.303800000000000292e-01 6.964580000000000215e-01 1.563769999999999882e-01 6.132490000000000441e-01 4.182089999999999974e-01
5.861070000000000446e-01 3.654999999999999916e-01 3.084430000000000227e-01 4.837339999999999973e-01 8.844750000000000112e-01
4.589730000000000198e-01 2.075130000000000030e-01 6.311280000000000223e-01 5.871610000000000440e-01 7.279719999999999525e-01
4.238720000000000265e-01 5.700279999999999792e-01 3.431759999999999811e-01 8.209800000000000431e-01 2.004160000000000108e-01
6.202940000000000120e-01 4.301840000000000108e-01 4.245099999999999985e-01 8.900019999999999598e-01 3.534129999999999772e-01
7.328200000000000269e-01 7.594210000000000127e-01 4.998879999999999990e-01 4.340629999999999766e-01 3.524289999999999923e-01
8.788259999999999961e-01 5.389869999999999939e-01 5.610610000000000319e-01 2.291090000000000071e-01 4.653470000000000106e-01
7.976010000000000044e-01 5.583839999999999915e-01 2.523940000000000072e-01 2.170199999999999907e-01 7.358909999999999618e-01
4.751360000000000028e-01 2.935409999999999964e-01 7.769589999999999552e-01 4.688260000000000205e-01 3.048770000000000091e-01
5.588670000000000027e-01 4.029769999999999741e-01 4.426829999999999932e-01 4.040329999999999755e-01 6.307099999999999929e-01
5.823629999999999640e-01 5.706790000000000473e-01 2.780130000000000101e-01 6.225279999999999703e-01 2.964910000000000045e-01
7.439010000000000344e-01 6.393670000000000186e-01 4.234620000000000051e-01 3.244859999999999967e-01 6.690939999999999666e-01
6.389270000000000227e-01 3.466310000000000224e-01 8.184179999999999788e-01 4.164349999999999996e-01 3.117269999999999763e-01
4.689800000000000080e-01 3.906870000000000065e-01 6.506819999999999826e-01 8.746270000000000433e-01 1.950479999999999992e-01
1.886899999999999966e-01 4.796779999999999933e-01 3.434550000000000103e-01 5.377760000000000318e-01 7.437559999999999727e-01
5.495130000000000292e-01 4.960280000000000244e-01 2.486790000000000112e-01 6.702719999999999789e-01 4.516029999999999767e-01
8.777080000000000437e-01 2.143829999999999902e-01 4.500899999999999901e-01 5.920490000000000475e-01 4.028320000000000234e-01
7.569559999999999622e-01 2.314879999999999993e-01 3.261399999999999855e-01 7.756159999999999721e-01 3.430549999999999988e-01
2.084419999999999884e-01 7.732790000000000497e-01 5.865110000000000046e-01 4.342920000000000114e-01 4.612490000000000201e-01
7.831299999999999928e-01 7.569639999999999702e-01 2.106510000000000049e-01 4.201130000000000142e-01 5.155729999999999480e-01
6.752709999999999546e-01 4.885579999999999923e-01 3.752829999999999777e-01 4.912099999999999800e-01 3.424730000000000274e-01
3.901660000000000128e-01 5.984810000000000407e-01 5.674449999999999772e-01 4.457940000000000236e-01 5.429030000000000244e-01
6.792519999999999669e-01 5.444649999999999768e-01 6.148320000000000451e-01 2.037670000000000037e-01 6.506119999999999681e-01
2.717720000000000136e-01 6.853439999999999532e-01 2.967139999999999778e-01 6.525030000000000552e-01 6.148940000000000516e-01
5.926979999999999471e-01 5.564430000000000209e-01 1.222359999999999974e-01 4.298279999999999879e-01 8.154580000000000162e-01
3.819790000000000130e-01 6.476520000000000055e-01 6.699469999999999592e-01 5.304170000000000273e-01 2.361139999999999906e-01
6.570420000000000149e-01 2.375379999999999991e-01 5.929379999999999651e-01 2.996759999999999979e-01 5.586659999999999959e-01
7.604079999999999728e-01 4.960200000000000164e-01 1.671040000000000025e-01 4.832150000000000056e-01 6.422860000000000236e-01
7.886959999999999527e-01 1.824600000000000111e-01 7.010119999999999685e-01 6.140139999999999487e-01 2.741700000000000248e-01
3.718620000000000259e-01 3.863340000000000107e-01 5.661140000000000061e-01 5.201449999999999685e-01 3.034029999999999783e-01
5.203719999999999457e-01 4.054710000000000258e-01 4.349729999999999985e-01 3.413499999999999868e-01 9.272139999999999826e-01
5.572350000000000358e-01 2.418190000000000062e-01 5.700600000000000112e-01 5.757970000000000033e-01 3.777269999999999794e-01
4.360950000000000104e-01 3.692139999999999866e-01 7.475690000000000390e-01 5.480549999999999589e-01 2.411449999999999982e-01
2.799679999999999946e-01 6.166199999999999459e-01 6.988799999999999457e-01 5.264389999999999903e-01 5.071909999999999474e-01
5.239780000000000548e-01 3.369429999999999925e-01 7.308630000000000404e-01 6.574569999999999581e-01 3.895989999999999731e-01
8.853999999999999648e-01 4.879379999999999828e-01 4.637370000000000103e-01 4.461910000000000043e-01 1.968689999999999884e-01
5.516210000000000280e-01 3.938389999999999946e-01 5.282750000000000501e-01 3.615450000000000053e-01 5.923599999999999977e-01
3.177499999999999769e-01 4.312639999999999807e-01 3.715930000000000066e-01 5.108219999999999983e-01 7.797079999999999567e-01
6.553529999999999633e-01 6.018130000000000424e-01 6.361839999999999717e-01 5.024629999999999930e-01 7.343399999999999928e-02
4.772989999999999733e-01 2.840199999999999947e-01 6.361080000000000068e-01 4.656799999999999828e-01 6.191529999999999534e-01
6.265300000000000313e-01 5.498250000000000082e-01 7.875400000000000178e-01 4.873279999999999834e-01 4.351679999999999993e-01
5.005380000000000384e-01 3.213590000000000058e-01 7.121769999999999490e-01 3.378200000000000092e-01 6.663890000000000091e-01
7.084610000000000074e-01 4.778390000000000137e-01 3.630519999999999858e-01 5.219070000000000098e-01 6.351390000000000091e-01
4.937940000000000107e-01 8.291560000000000041e-01 3.589450000000000141e-01 4.215599999999999903e-01 2.606979999999999853e-01
2.527530000000000054e-01 7.525269999999999460e-01 7.167660000000000142e-01 4.808259999999999756e-01 4.243509999999999782e-01
5.597969999999999891e-01 5.338279999999999692e-01 4.373090000000000033e-01 4.173769999999999980e-01 6.434779999999999944e-01
7.452530000000000543e-01 4.647129999999999872e-01 1.770420000000000049e-01 4.874689999999999857e-01 5.078610000000000069e-01
5.364879999999999649e-01 4.176679999999999837e-01 3.655229999999999868e-01 2.805449999999999888e-01 8.752220000000000555e-01
6.907400000000000206e-01 5.080500000000000016e-01 4.928830000000000156e-01 3.232200000000000073e-01 6.777560000000000251e-01
2.176889999999999936e-01 8.260129999999999972e-01 1.912699999999999956e-01 6.609749999999999792e-01 4.693840000000000234e-01
3.746829999999999883e-01 8.815140000000000198e-01 3.605459999999999776e-01 2.985229999999999828e-01 4.650759999999999894e-01
6.755459999999999798e-01 4.472709999999999742e-01 8.135679999999999579e-01 5.288850000000000495e-01 4.354970000000000230e-01
1.420309999999999906e-01 5.469319999999999737e-01 5.743810000000000304e-01 5.394750000000000378e-01 4.325180000000000136e-01
3.309599999999999764e-01 5.778609999999999580e-01 3.421330000000000204e-01 8.664600000000000080e-01 3.412620000000000098e-01
3.637610000000000010e-01 5.379880000000000217e-01 2.689810000000000256e-01 8.403439999999999799e-01 3.025619999999999976e-01
1.109369999999999939e-01 8.552189999999999515e-01 3.976480000000000015e-01 7.290480000000000294e-01 4.841079999999999828e-01
6.839340000000000419e-01 3.648199999999999776e-01 3.417999999999999927e-01 5.260359999999999481e-01 3.338809999999999834e-01
4.448840000000000017e-01 6.031659999999999799e-01 2.414350000000000107e-01 5.761239999999999695e-01 5.903389999999999471e-01
6.070759999999999490e-01 3.917729999999999824e-01 7.658639999999999892e-01 3.022320000000000007e-01 2.165459999999999885e-01
3.653640000000000221e-01 6.509970000000000478e-01 1.428590000000000138e-01 4.935459999999999847e-01 7.818500000000000449e-01
3.428769999999999873e-01 4.850260000000000127e-01 4.464670000000000027e-01 4.652310000000000056e-01 5.716689999999999827e-01
6.780019999999999936e-01 8.427400000000000446e-01 3.607879999999999976e-01 2.619159999999999822e-01 3.879230000000000178e-01
1.518869999999999942e-01 6.927579999999999849e-01 3.849910000000000276e-01 5.551779999999999493e-01 7.040269999999999584e-01
2.510240000000000249e-01 4.327509999999999968e-01 5.213470000000000049e-01 5.984209999999999807e-01 6.534600000000000408e-01
4.126850000000000240e-01 6.645839999999999526e-01 1.096530000000000005e-01 8.013940000000000508e-01 5.365189999999999682e-01
2.509890000000000176e-01 4.477860000000000174e-01 8.025250000000000439e-01 4.713539999999999952e-01 4.389399999999999968e-01
2.947770000000000112e-01 5.264290000000000358e-01 7.963510000000000311e-01 5.260359999999999481e-01 5.742939999999999712e-01
