5
696
4.606120000000000214e-01 8.030169999999999808e-01 5.089040000000000230e-01 5.922370000000000134e-01 3.846189999999999887e-01
3.797070000000000167e-01 7.121619999999999617e-01 4.056489999999999818e-01 1.787549999999999972e-01 7.856530000000000458e-01
6.258799999999999919e-01 5.074830000000000174e-01 2.828479999999999883e-01 6.463440000000000296e-01 3.424139999999999961e-01
5.154130000000000100e-01 3.788830000000000253e-01 5.614109999999999934e-01 2.870829999999999771e-01 4.474020000000000219e-01
7.465190000000000436e-01 3.045760000000000134e-01 4.692189999999999972e-01 3.032819999999999960e-01 6.797250000000000236e-01
5.966219999999999857e-01 3.384269999999999778e-01 4.894569999999999754e-01 3.548000000000000043e-01 4.985919999999999797e-01
2.269049999999999956e-01 4.904519999999999991e-01 5.993150000000000421e-01 3.287780000000000147e-01 6.204460000000000530e-01
3.397459999999999924e-01 5.079380000000000006e-01 5.066030000000000255e-01 3.146530000000000160e-01 7.490329999999999488e-01
5.373320000000000318e-01 2.891040000000000276e-01 5.741979999999999862e-01 2.924610000000000265e-01 6.173480000000000079e-01
4.419540000000000135e-01 7.248360000000000358e-01 5.785810000000000120e-01 2.740310000000000246e-01 5.029639999999999667e-01
6.701740000000000475e-01 3.373450000000000060e-01 5.858870000000000466e-01 3.092099999999999849e-01 6.843089999999999451e-01
3.864879999999999982e-01 5.161059999999999537e-01 6.797189999999999621e-01 3.874270000000000214e-01 4.787449999999999761e-01
2.484270000000000089e-01 6.983279999999999488e-01 6.380289999999999573e-01 2.132449999999999901e-01 6.848699999999999788e-01
5.719250000000000167e-01 4.098570000000000269e-01 3.357740000000000169e-01 4.013249999999999873e-01 7.264939999999999731e-01
2.187969999999999915e-01 5.306910000000000238e-01 5.598629999999999995e-01 5.918510000000000160e-01 4.289180000000000215e-01
3.542989999999999751e-01 2.900329999999999853e-01 5.407189999999999497e-01 5.157519999999999882e-01 4.754959999999999742e-01
5.854650000000000132e-01 2.187649999999999872e-01 3.959429999999999894e-01 6.376730000000000453e-01 3.541320000000000023e-01
3.761860000000000204e-01 5.059109999999999996e-01 5.425119999999999942e-01 3.226760000000000184e-01 7.501619999999999955e-01
7.354070000000000329e-01 7.179729999999999723e-01 3.564709999999999823e-01 2.965340000000000198e-01 4.023479999999999834e-01
2.867580000000000129e-01 3.433620000000000005e-01 6.316619999999999457e-01 5.270650000000000057e-01 5.652019999999999822e-01
6.190330000000000554e-01 4.303179999999999783e-01 3.119730000000000003e-01 4.661509999999999820e-01 4.952540000000000275e-01
2.192000000000000060e-01 5.811089999999999867e-01 5.722490000000000077e-01 5.714200000000000390e-01 5.380120000000000458e-01
4.649059999999999859e-01 5.212849999999999984e-01 6.853110000000000035e-01 5.115300000000000402e-01 2.953430000000000222e-01
6.370270000000000099e-01 8.342009999999999703e-01 3.658710000000000018e-01 3.693119999999999736e-01 3.844250000000000167e-01
5.016920000000000268e-01 7.798199999999999577e-01 5.671150000000000357e-01 4.782980000000000009e-01 2.069799999999999973e-01
3.447899999999999854e-01 2.838570000000000260e-01 6.555499999999999661e-01 7.496429999999999483e-01 3.313550000000000106e-01
3.480269999999999753e-01 4.801869999999999750e-01 2.602039999999999909e-01 4.395410000000000150e-01 7.754560000000000342e-01
3.607130000000000059e-01 5.976860000000000506e-01 2.274919999999999998e-01 5.665820000000000300e-01 5.997850000000000126e-01
5.271829999999999572e-01 3.453749999999999876e-01 6.981859999999999733e-01 3.070899999999999741e-01 4.061330000000000218e-01
5.206849999999999534e-01 5.560319999999999707e-01 2.513589999999999991e-01 6.702069999999999972e-01 5.176929999999999588e-01
3.046550000000000091e-01 6.216570000000000151e-01 6.374060000000000281e-01 1.985949999999999938e-01 6.392029999999999657e-01
6.102379999999999471e-01 4.510879999999999890e-01 3.956899999999999862e-01 3.321640000000000148e-01 8.454469999999999485e-01
8.728359999999999452e-01 3.237010000000000165e-01 4.229680000000000106e-01 6.337350000000000483e-01 2.043010000000000104e-01
2.049900000000000055e-01 7.925240000000000062e-01 5.154689999999999550e-01 4.927300000000000013e-01 5.930689999999999573e-01
5.468979999999999952e-01 2.224079999999999946e-01 7.808559999999999945e-01 1.610090000000000132e-01 6.728730000000000544e-01
6.299700000000000299e-01 5.499270000000000547e-01 6.440759999999999819e-01 2.323199999999999987e-01 5.925890000000000324e-01
4.261199999999999988e-01 6.290470000000000228e-01 3.098710000000000075e-01 4.971630000000000216e-01 6.624499999999999833e-01
5.008219999999999894e-01 6.545750000000000179e-01 3.908200000000000007e-01 5.765829999999999567e-01 6.773580000000000156e-01
3.702190000000000203e-01 8.030640000000000001e-01 2.993779999999999775e-01 6.304269999999999596e-01 6.184720000000000217e-01
7.199100000000000499e-01 5.233010000000000161e-01 4.348500000000000143e-01 3.087779999999999969e-01 6.934599999999999653e-01
5.122940000000000271e-01 2.944100000000000050e-01 5.318530000000000202e-01 5.663700000000000401e-01 4.087749999999999995e-01
3.286879999999999802e-01 3.101050000000000195e-01 4.781099999999999794e-01 5.535419999999999785e-01 7.994419999999999860e-01
6.839929999999999621e-01 6.973150000000000182e-01 2.970889999999999920e-01 4.373759999999999870e-01 3.854409999999999781e-01
5.876630000000000464e-01 3.805160000000000209e-01 1.874429999999999985e-01 5.196659999999999613e-01 6.198380000000000001e-01
7.479170000000000540e-01 5.563550000000000439e-01 3.038739999999999775e-01 5.210160000000000347e-01 4.558200000000000029e-01
5.353320000000000300e-01 4.325649999999999773e-01 3.446279999999999899e-01 8.293310000000000404e-01 3.471119999999999761e-01
3.707070000000000087e-01 5.298929999999999474e-01 5.913310000000000510e-01 7.715680000000000316e-01 3.901379999999999848e-01
5.250470000000000415e-01 5.953060000000000018e-01 6.961659999999999515e-01 4.062760000000000260e-01 3.313639999999999919e-01
2.537739999999999996e-01 4.754849999999999910e-01 5.039339999999999931e-01 3.616770000000000262e-01 8.304589999999999472e-01
1.875940000000000107e-01 5.200240000000000418e-01 3.750499999999999945e-01 7.090189999999999548e-01 5.159989999999999855e-01
4.214689999999999825e-01 3.763500000000000179e-01 2.815509999999999957e-01 7.630379999999999940e-01 6.110569999999999613e-01
7.194800000000000084e-01 1.510640000000000038e-01 7.229560000000000430e-01 2.344920000000000060e-01 6.201240000000000085e-01
5.442620000000000235e-01 6.133189999999999475e-01 3.650370000000000004e-01 4.818419999999999925e-01 5.080540000000000056e-01
5.300219999999999931e-01 5.468229999999999480e-01 8.116370000000000529e-01 4.266710000000000225e-01 3.737770000000000259e-01
3.042489999999999917e-01 4.798799999999999732e-01 5.395790000000000308e-01 7.026729999999999920e-01 3.088080000000000269e-01
3.373900000000000232e-01 4.134840000000000182e-01 4.970609999999999751e-01 5.201369999999999605e-01 4.714940000000000242e-01
4.614579999999999793e-01 2.631080000000000085e-01 6.968870000000000342e-01 5.672049999999999592e-01 2.871090000000000031e-01
5.967949999999999644e-01 5.618589999999999973e-01 3.696679999999999966e-01 2.838310000000000000e-01 6.520420000000000105e-01
2.694639999999999813e-01 7.287700000000000289e-01 4.450189999999999979e-01 3.931049999999999822e-01 4.502499999999999836e-01
4.318620000000000236e-01 7.609299999999999953e-01 4.492430000000000034e-01 5.017460000000000253e-01 1.890350000000000086e-01
5.645270000000000010e-01 4.720730000000000204e-01 4.485469999999999735e-01 6.096970000000000445e-01 5.449950000000000072e-01
5.808240000000000069e-01 2.751910000000000189e-01 8.483000000000000540e-01 3.144830000000000125e-01 5.378220000000000223e-01
4.044200000000000017e-01 6.886870000000000491e-01 6.826090000000000213e-01 4.629780000000000006e-01 2.352460000000000107e-01
6.632940000000000502e-01 1.663540000000000019e-01 4.276900000000000146e-01 4.507650000000000268e-01 6.497659999999999547e-01
7.193739999999999579e-01 3.059799999999999742e-01 8.066889999999999894e-01 3.113239999999999896e-01 5.102790000000000381e-01
3.423749999999999849e-01 3.814859999999999918e-01 7.054920000000000080e-01 2.605109999999999926e-01 5.945340000000000069e-01
7.110889999999999711e-01 1.717899999999999983e-01 8.631780000000000008e-01 2.167360000000000120e-01 4.473650000000000126e-01
3.415770000000000195e-01 8.049500000000000544e-01 2.365690000000000015e-01 3.584609999999999741e-01 6.968990000000000462e-01
6.846839999999999593e-01 4.130860000000000087e-01 2.861630000000000007e-01 8.745899999999999785e-01 2.649420000000000108e-01
6.197129999999999583e-01 3.096189999999999776e-01 7.328829999999999512e-01 6.561409999999999743e-01 2.902649999999999952e-01
6.315690000000000470e-01 2.419010000000000049e-01 8.070669999999999789e-01 2.554290000000000171e-01 3.605450000000000044e-01
2.148869999999999947e-01 5.659199999999999786e-01 6.733829999999999538e-01 5.527079999999999771e-01 3.622609999999999997e-01
4.077489999999999726e-01 4.585730000000000084e-01 5.808780000000000054e-01 6.465530000000000443e-01 3.839540000000000175e-01
3.011579999999999813e-01 4.017160000000000175e-01 7.894679999999999476e-01 4.774680000000000035e-01 5.154119999999999813e-01
1.292240000000000055e-01 5.974930000000000518e-01 3.669140000000000179e-01 5.162489999999999579e-01 6.527819999999999734e-01
2.444260000000000044e-01 6.336060000000000025e-01 6.579409999999999981e-01 3.961830000000000074e-01 6.083279999999999799e-01
5.222200000000000175e-01 3.091579999999999884e-01 7.477420000000000178e-01 6.568969999999999532e-01 3.876580000000000026e-01
6.194060000000000121e-01 4.010340000000000016e-01 6.485239999999999894e-01 2.615979999999999972e-01 5.700650000000000439e-01
2.983720000000000261e-01 6.516530000000000378e-01 3.131109999999999727e-01 7.108640000000000514e-01 6.041950000000000376e-01
3.804500000000000104e-01 3.356190000000000007e-01 4.580940000000000012e-01 5.866440000000000543e-01 7.864839999999999609e-01
5.983129999999999837e-01 1.980750000000000011e-01 6.757739999999999858e-01 6.126500000000000279e-01 3.704629999999999868e-01
5.130559999999999565e-01 7.049290000000000278e-01 5.537079999999999780e-01 2.950539999999999830e-01 3.553970000000000184e-01
3.708830000000000182e-01 3.233690000000000175e-01 7.532020000000000381e-01 2.526519999999999877e-01 7.354049999999999754e-01
6.118310000000000137e-01 6.169010000000000327e-01 3.181059999999999999e-01 7.811709999999999487e-01 2.225660000000000138e-01
4.885320000000000218e-01 6.998720000000000496e-01 4.223879999999999857e-01 3.082730000000000192e-01 4.749610000000000221e-01
5.326870000000000216e-01 7.195559999999999734e-01 3.202340000000000186e-01 2.956139999999999879e-01 7.180900000000000061e-01
3.985250000000000181e-01 6.224079999999999613e-01 3.902530000000000165e-01 7.414880000000000360e-01 4.078479999999999883e-01
6.115369999999999973e-01 4.858210000000000028e-01 6.015719999999999956e-01 1.039009999999999934e-01 6.766959999999999642e-01
4.610179999999999834e-01 4.030489999999999906e-01 6.232670000000000154e-01 5.480469999999999509e-01 4.106060000000000265e-01
5.014210000000000056e-01 3.156109999999999749e-01 3.507589999999999875e-01 5.648760000000000447e-01 4.740739999999999954e-01
3.863249999999999740e-01 4.098189999999999888e-01 7.363169999999999993e-01 3.577540000000000164e-01 4.638619999999999965e-01
5.916529999999999845e-01 4.011609999999999898e-01 1.939490000000000103e-01 7.074270000000000280e-01 5.313820000000000210e-01
6.179710000000000480e-01 5.766360000000000374e-01 3.553239999999999732e-01 3.215439999999999965e-01 7.921169999999999600e-01
4.312509999999999954e-01 6.150510000000000144e-01 3.601989999999999914e-01 5.459450000000000136e-01 7.331579999999999764e-01
1.206259999999999971e-01 5.380470000000000530e-01 5.347629999999999884e-01 3.586110000000000131e-01 7.026949999999999585e-01
4.030560000000000254e-01 3.038359999999999950e-01 7.546089999999999742e-01 5.371829999999999661e-01 5.761060000000000070e-01
8.469809999999999839e-01 3.220620000000000149e-01 6.282529999999999504e-01 5.244240000000000013e-01 2.332740000000000091e-01
2.683269999999999822e-01 4.461890000000000023e-01 7.820949999999999847e-01 3.370319999999999983e-01 6.426830000000000043e-01
4.463079999999999825e-01 6.732550000000000479e-01 5.130689999999999973e-01 8.117170000000000218e-01 2.503960000000000075e-01
3.841530000000000222e-01 4.856369999999999854e-01 5.839020000000000321e-01 4.142680000000000251e-01 8.070040000000000546e-01
4.324729999999999963e-01 2.058589999999999864e-01 6.869509999999999783e-01 3.352780000000000205e-01 7.244260000000000144e-01
4.446849999999999969e-01 4.764220000000000121e-01 4.547840000000000216e-01 5.520920000000000272e-01 5.635419999999999874e-01
1.484600000000000086e-01 5.116540000000000532e-01 6.730800000000000116e-01 6.410099999999999687e-01 6.324389999999999734e-01
3.470360000000000111e-01 7.238130000000000397e-01 6.185850000000000515e-01 3.150649999999999840e-01 4.874100000000000099e-01
2.729869999999999797e-01 6.597680000000000211e-01 2.567639999999999922e-01 6.149139999999999606e-01 7.621569999999999734e-01
1.909869999999999901e-01 6.145730000000000359e-01 3.966029999999999833e-01 5.827820000000000222e-01 6.672709999999999475e-01
3.178389999999999826e-01 6.152360000000000051e-01 4.700079999999999814e-01 4.012800000000000256e-01 3.866450000000000164e-01
4.950140000000000096e-01 1.139000000000000012e-01 7.787690000000000445e-01 4.446019999999999972e-01 5.923749999999999849e-01
7.384629999999999805e-01 4.632120000000000126e-01 6.322940000000000227e-01 6.308489999999999931e-01 2.382489999999999886e-01
1.741179999999999950e-01 5.926109999999999989e-01 3.667710000000000137e-01 4.893979999999999997e-01 6.094049999999999745e-01
6.223910000000000275e-01 4.171690000000000120e-01 3.983889999999999931e-01 7.915039999999999853e-01 4.191349999999999798e-01
6.863390000000000324e-01 6.200039999999999996e-01 3.388369999999999993e-01 5.006070000000000242e-01 1.983300000000000063e-01
6.987929999999999975e-01 5.897799999999999709e-01 4.239600000000000035e-01 2.318340000000000123e-01 6.441320000000000379e-01
1.779139999999999888e-01 6.879830000000000112e-01 5.789889999999999759e-01 3.894310000000000271e-01 7.011009999999999742e-01
6.812880000000000047e-01 3.935719999999999774e-01 5.218819999999999570e-01 3.626530000000000031e-01 6.119130000000000402e-01
7.235549999999999482e-01 5.515259999999999607e-01 5.354719999999999480e-01 3.588120000000000198e-01 2.819639999999999924e-01
1.493559999999999888e-01 4.230840000000000156e-01 7.335949999999999971e-01 5.561479999999999757e-01 5.912460000000000493e-01
2.967409999999999770e-01 2.878189999999999915e-01 4.572709999999999830e-01 6.608410000000000117e-01 6.330989999999999673e-01
6.828990000000000338e-01 1.376829999999999998e-01 6.030649999999999622e-01 3.142340000000000133e-01 5.581049999999999622e-01
4.548920000000000186e-01 4.775670000000000193e-01 5.206129999999999924e-01 3.300100000000000255e-01 4.954620000000000135e-01
2.469669999999999921e-01 3.676039999999999863e-01 4.058590000000000253e-01 7.158280000000000198e-01 5.820840000000000458e-01
6.988480000000000247e-01 2.376320000000000099e-01 3.798329999999999762e-01 6.027900000000000480e-01 4.201110000000000122e-01
5.496400000000000174e-01 4.326889999999999903e-01 1.851770000000000083e-01 5.550270000000000481e-01 5.810729999999999507e-01
2.037829999999999919e-01 4.089679999999999982e-01 5.741060000000000052e-01 4.090329999999999799e-01 7.326620000000000354e-01
3.729069999999999885e-01 6.070619999999999905e-01 3.814770000000000105e-01 5.510450000000000070e-01 4.413540000000000241e-01
6.469230000000000258e-01 8.017199999999999882e-01 2.857660000000000200e-01 5.644470000000000320e-01 3.809609999999999941e-01
3.702579999999999760e-01 6.209670000000000467e-01 5.012029999999999541e-01 6.637920000000000487e-01 3.228980000000000183e-01
4.721580000000000221e-01 4.138999999999999901e-01 6.555609999999999493e-01 7.176120000000000276e-01 2.392489999999999895e-01
4.232839999999999936e-01 4.939390000000000169e-01 5.099059999999999704e-01 4.551830000000000043e-01 4.639630000000000143e-01
6.092130000000000045e-01 4.536560000000000037e-01 8.780850000000000044e-01 3.403889999999999971e-01 3.301749999999999963e-01
1.212609999999999938e-01 5.057080000000000464e-01 5.523879999999999901e-01 4.866059999999999830e-01 6.888210000000000166e-01
4.742290000000000116e-01 3.638700000000000268e-01 8.048239999999999839e-01 2.116709999999999980e-01 7.009130000000000082e-01
6.604870000000000463e-01 4.707759999999999723e-01 3.222300000000000164e-01 4.019209999999999727e-01 5.865620000000000278e-01
5.316140000000000310e-01 3.360110000000000041e-01 3.880930000000000213e-01 3.127920000000000145e-01 8.077509999999999968e-01
3.844440000000000079e-01 6.816090000000000204e-01 3.426810000000000134e-01 4.346110000000000251e-01 4.558409999999999962e-01
5.384219999999999562e-01 3.440019999999999745e-01 3.702440000000000175e-01 5.946069999999999967e-01 6.816969999999999974e-01
4.162460000000000049e-01 4.641049999999999898e-01 3.776180000000000092e-01 6.449460000000000193e-01 6.820460000000000411e-01
7.743400000000000283e-01 4.538699999999999957e-01 3.242979999999999752e-01 5.493000000000000105e-01 2.161270000000000135e-01
3.228960000000000163e-01 6.354450000000000376e-01 6.895080000000000098e-01 5.127580000000000471e-01 2.693650000000000211e-01
3.559499999999999886e-01 4.980450000000000155e-01 3.364770000000000261e-01 6.414539999999999687e-01 6.024340000000000250e-01
1.617149999999999976e-01 4.896829999999999794e-01 6.789629999999999832e-01 6.252710000000000212e-01 4.802629999999999955e-01
6.604879999999999640e-01 4.467949999999999977e-01 1.669080000000000008e-01 6.033760000000000234e-01 7.059010000000000007e-01
7.441470000000000029e-01 2.932960000000000012e-01 3.858920000000000128e-01 7.653619999999999868e-01 3.494499999999999829e-01
4.514110000000000067e-01 4.887719999999999843e-01 5.211799999999999766e-01 3.924110000000000098e-01 4.824789999999999912e-01
5.295769999999999644e-01 6.180400000000000338e-01 6.730720000000000036e-01 2.773320000000000229e-01 3.472959999999999936e-01
2.249790000000000123e-01 6.104699999999999571e-01 6.211219999999999519e-01 4.426579999999999959e-01 7.674189999999999623e-01
6.116289999999999782e-01 2.907950000000000257e-01 7.342030000000000500e-01 5.321069999999999967e-01 4.487300000000000177e-01
3.369829999999999770e-01 4.581870000000000109e-01 6.064819999999999656e-01 3.358530000000000126e-01 6.769370000000000109e-01
4.900860000000000216e-01 2.303320000000000090e-01 6.855940000000000367e-01 7.790839999999999987e-01 5.119029999999999969e-01
4.964189999999999992e-01 4.072810000000000041e-01 7.296510000000000495e-01 4.120289999999999786e-01 4.269660000000000122e-01
4.692029999999999812e-01 4.104400000000000270e-01 3.215210000000000012e-01 6.441780000000000284e-01 6.245600000000000041e-01
6.045570000000000110e-01 4.130679999999999907e-01 4.394830000000000125e-01 4.275709999999999789e-01 4.768649999999999833e-01
3.502219999999999778e-01 6.696659999999999835e-01 2.795560000000000267e-01 4.403170000000000139e-01 6.177589999999999471e-01
3.180149999999999921e-01 2.412279999999999980e-01 6.560470000000000468e-01 5.416919999999999513e-01 8.011650000000000160e-01
4.448989999999999889e-01 2.677249999999999908e-01 6.402170000000000361e-01 3.484670000000000267e-01 6.192100000000000382e-01
4.047370000000000134e-01 2.656000000000000028e-01 7.013150000000000217e-01 7.136470000000000313e-01 3.860359999999999903e-01
6.933430000000000426e-01 3.475369999999999848e-01 7.678230000000000333e-01 5.813700000000000534e-01 2.085349999999999981e-01
5.253630000000000244e-01 2.545680000000000165e-01 3.655570000000000208e-01 7.569399999999999462e-01 4.934970000000000190e-01
5.785249999999999559e-01 4.235389999999999988e-01 7.003800000000000026e-01 5.105100000000000193e-01 2.272949999999999970e-01
3.406629999999999936e-01 7.191159999999999775e-01 4.927549999999999986e-01 2.732870000000000021e-01 5.012149999999999661e-01
6.105070000000000219e-01 4.767179999999999751e-01 4.777980000000000005e-01 6.886130000000000306e-01 2.564799999999999858e-01
4.387150000000000216e-01 3.690939999999999777e-01 5.500469999999999526e-01 2.929019999999999957e-01 8.028840000000000421e-01
5.082229999999999803e-01 4.453880000000000061e-01 5.100890000000000146e-01 3.275150000000000006e-01 5.307619999999999560e-01
5.652089999999999614e-01 4.103459999999999885e-01 2.006300000000000028e-01 6.351200000000000179e-01 4.107879999999999865e-01
2.994490000000000207e-01 6.265249999999999986e-01 4.513499999999999734e-01 4.576109999999999900e-01 4.145849999999999813e-01
5.965489999999999959e-01 3.604780000000000206e-01 2.421079999999999899e-01 6.645750000000000268e-01 6.844959999999999933e-01
6.121889999999999832e-01 4.092620000000000147e-01 7.481499999999999817e-01 3.098040000000000238e-01 2.338349999999999873e-01
5.108449999999999935e-01 7.996130000000000182e-01 4.716920000000000002e-01 2.144069999999999865e-01 3.883750000000000258e-01
5.227979999999999849e-01 5.082879999999999621e-01 5.372430000000000261e-01 1.704249999999999932e-01 6.532310000000000061e-01
7.439559999999999507e-01 4.364350000000000174e-01 3.141260000000000163e-01 4.632680000000000131e-01 3.153159999999999852e-01
2.666499999999999981e-01 6.413029999999999564e-01 5.956709999999999505e-01 6.648760000000000225e-01 2.435019999999999962e-01
4.998029999999999973e-01 4.057060000000000111e-01 6.527739999999999654e-01 6.401900000000000368e-01 3.680530000000000190e-01
7.071479999999999988e-01 1.084740000000000010e-01 6.795039999999999969e-01 3.327300000000000257e-01 5.994730000000000336e-01
5.240839999999999943e-01 1.901619999999999977e-01 4.808640000000000136e-01 5.235589999999999966e-01 6.632449999999999735e-01
7.880139999999999922e-01 3.080950000000000077e-01 6.349069999999999991e-01 5.704540000000000166e-01 3.623680000000000234e-01
3.025269999999999904e-01 5.319439999999999724e-01 3.649270000000000014e-01 6.509979999999999656e-01 4.913919999999999955e-01
4.506769999999999943e-01 3.845359999999999889e-01 7.803759999999999586e-01 1.863070000000000004e-01 7.605779999999999763e-01
3.375929999999999764e-01 4.633050000000000224e-01 4.408770000000000189e-01 5.780980000000000008e-01 5.606839999999999602e-01
5.753740000000000521e-01 6.396180000000000199e-01 4.190409999999999968e-01 2.308159999999999934e-01 5.473299999999999832e-01
6.257390000000000452e-01 2.583190000000000208e-01 6.779509999999999703e-01 1.932629999999999904e-01 6.382499999999999840e-01
2.363319999999999865e-01 6.225279999999999703e-01 5.290839999999999987e-01 5.973199999999999621e-01 4.103899999999999770e-01
5.038679999999999826e-01 7.531729999999999814e-01 2.073440000000000005e-01 3.674669999999999881e-01 5.933079999999999465e-01
2.094840000000000035e-01 6.761329999999999840e-01 6.318200000000000482e-01 4.591709999999999958e-01 4.503750000000000253e-01
2.363840000000000108e-01 5.117509999999999559e-01 5.590289999999999981e-01 7.026949999999999585e-01 6.172199999999999909e-01
5.326149999999999496e-01 4.329549999999999788e-01 6.425100000000000255e-01 2.527760000000000007e-01 4.706089999999999995e-01
5.530979999999999785e-01 7.240959999999999619e-01 4.867819999999999925e-01 7.054730000000000167e-01 1.968489999999999962e-01
6.449270000000000280e-01 3.422109999999999874e-01 7.261400000000000077e-01 3.104040000000000132e-01 3.110140000000000127e-01
6.410719999999999752e-01 8.159800000000000386e-01 3.743440000000000101e-01 5.306840000000000446e-01 3.344380000000000130e-01
5.820189999999999531e-01 5.863770000000000371e-01 1.826180000000000025e-01 7.452729999999999633e-01 3.491360000000000019e-01
6.178879999999999928e-01 4.291269999999999807e-01 4.685650000000000093e-01 4.016120000000000245e-01 7.220490000000000519e-01
4.789840000000000209e-01 2.395519999999999872e-01 7.566640000000000033e-01 3.693440000000000056e-01 6.310989999999999656e-01
3.127780000000000005e-01 6.881680000000000019e-01 6.031819999999999959e-01 4.257929999999999771e-01 5.262419999999999876e-01
4.087720000000000242e-01 7.639639999999999764e-01 3.248570000000000069e-01 4.932110000000000105e-01 3.563040000000000096e-01
4.410089999999999844e-01 8.591419999999999613e-01 3.215080000000000160e-01 3.242780000000000107e-01 5.199549999999999450e-01
7.838070000000000315e-01 4.580540000000000167e-01 4.387469999999999981e-01 2.889820000000000166e-01 4.223049999999999859e-01
6.655759999999999454e-01 2.951380000000000114e-01 6.837459999999999649e-01 3.535449999999999982e-01 4.690139999999999865e-01
2.062829999999999941e-01 7.400860000000000216e-01 3.132409999999999917e-01 5.916709999999999470e-01 5.839739999999999931e-01
4.213689999999999936e-01 3.927990000000000093e-01 4.094459999999999766e-01 5.551500000000000323e-01 7.852970000000000228e-01
5.069339999999999957e-01 4.082890000000000130e-01 3.386259999999999826e-01 8.253939999999999610e-01 3.630160000000000053e-01
5.281940000000000524e-01 3.214489999999999847e-01 5.593029999999999946e-01 6.224260000000000348e-01 4.825860000000000150e-01
7.714579999999999771e-01 2.855900000000000105e-01 4.722239999999999771e-01 4.425850000000000062e-01 6.816440000000000277e-01
4.479750000000000121e-01 1.864520000000000066e-01 7.824309999999999876e-01 2.824450000000000016e-01 6.973629999999999551e-01
5.597440000000000193e-01 3.180419999999999914e-01 3.744160000000000266e-01 7.838159999999999572e-01 2.694300000000000028e-01
5.015110000000000401e-01 2.537730000000000263e-01 6.344269999999999632e-01 4.162370000000000236e-01 7.863059999999999494e-01
7.368289999999999562e-01 3.793659999999999810e-01 4.175929999999999920e-01 3.578270000000000062e-01 5.095530000000000337e-01
4.284660000000000135e-01 5.932830000000000048e-01 4.396269999999999900e-01 6.843409999999999771e-01 2.047940000000000038e-01
3.023390000000000244e-01 5.598819999999999908e-01 5.342280000000000362e-01 4.300769999999999871e-01 3.505690000000000195e-01
7.791700000000000292e-01 2.001350000000000073e-01 6.547039999999999527e-01 3.984900000000000109e-01 5.460390000000000521e-01
6.301579999999999959e-01 3.442089999999999872e-01 8.405709999999999571e-01 5.060320000000000373e-01 3.916069999999999829e-01
3.295319999999999916e-01 6.712129999999999486e-01 2.612019999999999897e-01 7.659059999999999757e-01 4.842219999999999858e-01
5.763500000000000290e-01 2.460450000000000137e-01 7.380360000000000253e-01 7.394749999999999934e-01 2.311799999999999966e-01
7.903540000000000010e-01 2.920400000000000218e-01 7.566079999999999472e-01 2.519899999999999918e-01 5.161120000000000152e-01
6.109869999999999468e-01 5.979619999999999935e-01 7.285700000000000509e-01 5.178949999999999942e-01 2.980140000000000011e-01
6.555940000000000101e-01 2.696779999999999733e-01 6.327660000000000506e-01 1.895679999999999865e-01 5.640859999999999763e-01
3.774120000000000252e-01 5.240169999999999551e-01 2.447020000000000028e-01 4.824519999999999920e-01 8.023839999999999861e-01
2.172189999999999954e-01 7.360160000000000036e-01 2.974220000000000197e-01 4.642649999999999832e-01 7.822360000000000424e-01
4.468340000000000090e-01 8.258440000000000225e-01 4.579949999999999855e-01 4.233620000000000161e-01 6.201550000000000118e-01
1.828809999999999880e-01 5.976350000000000273e-01 5.782370000000000010e-01 4.048800000000000177e-01 5.976320000000000521e-01
7.064740000000000464e-01 5.684399999999999453e-01 6.576579999999999648e-01 5.907310000000000061e-01 1.837999999999999912e-01
4.676989999999999759e-01 3.254480000000000151e-01 3.888989999999999947e-01 7.451050000000000173e-01 4.869620000000000060e-01
5.667870000000000408e-01 6.287120000000000486e-01 4.947940000000000116e-01 5.601589999999999625e-01 3.712400000000000144e-01
6.162619999999999765e-01 4.565250000000000141e-01 2.597280000000000144e-01 5.252459999999999907e-01 5.399119999999999475e-01
3.602460000000000107e-01 2.269029999999999936e-01 7.543379999999999530e-01 5.568699999999999761e-01 6.811509999999999510e-01
1.258720000000000117e-01 5.786639999999999562e-01 5.732080000000000508e-01 4.465279999999999805e-01 6.607189999999999452e-01
4.709380000000000233e-01 3.875870000000000148e-01 3.490240000000000009e-01 3.766559999999999908e-01 6.600840000000000041e-01
3.469769999999999799e-01 6.920060000000000100e-01 2.405670000000000031e-01 7.025019999999999598e-01 2.905559999999999810e-01
6.009630000000000249e-01 5.278129999999999766e-01 2.359030000000000016e-01 6.359470000000000400e-01 3.742719999999999936e-01
4.953540000000000165e-01 6.090579999999999883e-01 2.527619999999999867e-01 6.403689999999999660e-01 6.962880000000000180e-01
6.891990000000000061e-01 2.715469999999999828e-01 5.269679999999999920e-01 2.966759999999999953e-01 7.556680000000000064e-01
7.116679999999999673e-01 6.355239999999999778e-01 1.869560000000000111e-01 5.779339999999999478e-01 5.490840000000000165e-01
4.125229999999999730e-01 7.600400000000000489e-01 2.479939999999999922e-01 4.777680000000000260e-01 5.841349999999999598e-01
1.873380000000000045e-01 7.152939999999999854e-01 4.288950000000000262e-01 5.942560000000000064e-01 4.232710000000000083e-01
1.697369999999999990e-01 7.146639999999999660e-01 3.111760000000000081e-01 7.208649999999999780e-01 5.590420000000000389e-01
8.245470000000000299e-01 4.150590000000000113e-01 3.186220000000000163e-01 5.290810000000000235e-01 2.350980000000000014e-01
7.839720000000000022e-01 1.736540000000000028e-01 4.189329999999999998e-01 4.959830000000000072e-01 5.929680000000000506e-01
6.424450000000000438e-01 3.411009999999999875e-01 3.550409999999999955e-01 7.371870000000000367e-01 6.310130000000000461e-01
7.307460000000000067e-01 4.943239999999999856e-01 8.133770000000000167e-01 3.166229999999999878e-01 3.047179999999999889e-01
2.403780000000000083e-01 4.132689999999999975e-01 6.094640000000000057e-01 6.040919999999999623e-01 5.588170000000000082e-01
7.063810000000000366e-01 2.543099999999999805e-01 2.663960000000000217e-01 6.289139999999999731e-01 6.288409999999999833e-01
2.485439999999999872e-01 7.283279999999999754e-01 2.140469999999999873e-01 6.430120000000000280e-01 5.249660000000000437e-01
6.652400000000000535e-01 3.673580000000000179e-01 2.781230000000000091e-01 6.015009999999999524e-01 7.394920000000000382e-01
4.396169999999999800e-01 6.340519999999999490e-01 5.115910000000000180e-01 1.603410000000000113e-01 6.868300000000000516e-01
5.625839999999999730e-01 2.888609999999999789e-01 4.864510000000000223e-01 6.034150000000000347e-01 7.028600000000000403e-01
4.191420000000000146e-01 5.468359999999999888e-01 6.577920000000000433e-01 5.700690000000000479e-01 4.526430000000000176e-01
3.620140000000000025e-01 8.032120000000000370e-01 3.925390000000000268e-01 7.528120000000000367e-01 1.986080000000000068e-01
4.106509999999999883e-01 5.924430000000000529e-01 6.668619999999999548e-01 4.227699999999999791e-01 2.482229999999999992e-01
3.682520000000000238e-01 4.473650000000000126e-01 2.323669999999999902e-01 7.117489999999999650e-01 6.874190000000000023e-01
4.589989999999999903e-01 7.461569999999999592e-01 6.452579999999999982e-01 2.283870000000000067e-01 5.061219999999999608e-01
4.018499999999999850e-01 4.385379999999999834e-01 8.470309999999999784e-01 1.682470000000000077e-01 5.739969999999999795e-01
8.190020000000000078e-01 3.489909999999999957e-01 3.565570000000000128e-01 5.274180000000000534e-01 2.997290000000000232e-01
4.134160000000000057e-01 5.538739999999999775e-01 1.542880000000000085e-01 6.975010000000000376e-01 4.972360000000000113e-01
4.473619999999999819e-01 7.689550000000000551e-01 3.955190000000000095e-01 2.889559999999999906e-01 7.207670000000000465e-01
6.847670000000000146e-01 5.936360000000000525e-01 4.569940000000000113e-01 2.290049999999999863e-01 6.653299999999999770e-01
3.031510000000000038e-01 7.710960000000000036e-01 2.506059999999999954e-01 4.587129999999999819e-01 6.285020000000000051e-01
5.911999999999999478e-01 2.401200000000000001e-01 6.899990000000000290e-01 4.700579999999999758e-01 5.363080000000000069e-01
6.936449999999999561e-01 3.239230000000000165e-01 3.629640000000000088e-01 7.667559999999999931e-01 3.253759999999999986e-01
3.112440000000000206e-01 5.964139999999999997e-01 4.167409999999999726e-01 7.840559999999999752e-01 3.662409999999999832e-01
3.744399999999999951e-01 6.167730000000000157e-01 4.740340000000000109e-01 3.746709999999999763e-01 6.818729999999999514e-01
6.782839999999999980e-01 2.940200000000000036e-01 5.589699999999999669e-01 4.140960000000000196e-01 3.429940000000000211e-01
5.887259999999999716e-01 2.570680000000000187e-01 6.432729999999999837e-01 6.419270000000000254e-01 4.339290000000000092e-01
3.327450000000000130e-01 4.930309999999999970e-01 8.095869999999999456e-01 3.160499999999999976e-01 5.888750000000000373e-01
4.443090000000000095e-01 5.349249999999999838e-01 4.233060000000000156e-01 6.638340000000000352e-01 4.649139999999999939e-01
2.694309999999999761e-01 5.906249999999999556e-01 2.795929999999999804e-01 7.694379999999999553e-01 4.386800000000000144e-01
4.049240000000000061e-01 6.782129999999999548e-01 6.590859999999999497e-01 3.177550000000000097e-01 6.975540000000000074e-01
4.334850000000000092e-01 5.533639999999999670e-01 4.561230000000000007e-01 7.179950000000000498e-01 4.878009999999999846e-01
7.460900000000000309e-01 4.046750000000000069e-01 5.563200000000000367e-01 2.760279999999999956e-01 4.593610000000000193e-01
2.747240000000000237e-01 7.564689999999999470e-01 5.332080000000000153e-01 6.072149999999999492e-01 5.668020000000000280e-01
6.276249999999999885e-01 3.985440000000000094e-01 6.539660000000000473e-01 2.570259999999999767e-01 7.571080000000000032e-01
6.586009999999999920e-01 5.668109999999999538e-01 7.457340000000000080e-01 2.276950000000000085e-01 5.438250000000000028e-01
6.052699999999999747e-01 3.789529999999999843e-01 4.203299999999999814e-01 8.140960000000000418e-01 4.950640000000000041e-01
6.276169999999999805e-01 2.964870000000000005e-01 3.636889999999999845e-01 5.685710000000000486e-01 4.672200000000000242e-01
5.410099999999999909e-01 1.350550000000000084e-01 6.147669999999999524e-01 5.242250000000000520e-01 7.013869999999999827e-01
3.366600000000000148e-01 8.147109999999999630e-01 4.693109999999999782e-01 3.922930000000000028e-01 4.518119999999999914e-01
5.366940000000000044e-01 3.640889999999999960e-01 5.973859999999999726e-01 7.417949999999999822e-01 3.894940000000000069e-01
6.495490000000000430e-01 1.237020000000000064e-01 4.781659999999999799e-01 6.661500000000000199e-01 4.826340000000000074e-01
4.379810000000000092e-01 5.456260000000000554e-01 4.467479999999999785e-01 4.688760000000000150e-01 4.546789999999999998e-01
7.505439999999999889e-01 2.831370000000000275e-01 4.463409999999999878e-01 6.689500000000000446e-01 2.688289999999999846e-01
7.110689999999999511e-01 2.560490000000000266e-01 4.664300000000000113e-01 6.577910000000000146e-01 3.336779999999999746e-01
5.301190000000000069e-01 6.393360000000000154e-01 6.271719999999999517e-01 5.776879999999999793e-01 3.136200000000000099e-01
7.606159999999999588e-01 1.828859999999999930e-01 5.371230000000000171e-01 6.393339999999999579e-01 4.129570000000000185e-01
5.791340000000000376e-01 1.602159999999999973e-01 4.184069999999999734e-01 5.406859999999999999e-01 8.065660000000000052e-01
4.339830000000000076e-01 6.342219999999999525e-01 2.941949999999999843e-01 7.948150000000000492e-01 4.015889999999999738e-01
6.336570000000000258e-01 4.921579999999999844e-01 4.469589999999999952e-01 3.178050000000000042e-01 3.565559999999999841e-01
4.364660000000000206e-01 8.322019999999999973e-01 3.796289999999999942e-01 2.484919999999999907e-01 4.867219999999999880e-01
3.072059999999999791e-01 7.176700000000000301e-01 2.290969999999999951e-01 5.423799999999999732e-01 6.140470000000000095e-01
6.938060000000000338e-01 3.399179999999999979e-01 6.264319999999999888e-01 5.937940000000000440e-01 2.019259999999999944e-01
3.059910000000000130e-01 4.667709999999999915e-01 5.772890000000000521e-01 8.046619999999999884e-01 2.661109999999999864e-01
5.932950000000000168e-01 7.656389999999999585e-01 4.235140000000000016e-01 6.751819999999999489e-01 2.975439999999999752e-01
7.404950000000000143e-01 1.595119999999999871e-01 5.004429999999999712e-01 5.338030000000000275e-01 6.865820000000000256e-01
6.138419999999999987e-01 3.603830000000000089e-01 4.347059999999999813e-01 4.372360000000000135e-01 4.167699999999999738e-01
3.254319999999999991e-01 6.429399999999999560e-01 3.096789999999999821e-01 5.144130000000000091e-01 6.829269999999999508e-01
7.480740000000000167e-01 6.097089999999999455e-01 5.154790000000000205e-01 5.371200000000000419e-01 1.425430000000000030e-01
6.252950000000000452e-01 2.980789999999999829e-01 7.058210000000000317e-01 6.093180000000000263e-01 3.251209999999999933e-01
4.005940000000000056e-01 4.444489999999999830e-01 8.053460000000000063e-01 5.508110000000000506e-01 4.682910000000000128e-01
3.149350000000000205e-01 5.240320000000000533e-01 5.572230000000000238e-01 4.398119999999999807e-01 6.284189999999999499e-01
4.062450000000000228e-01 3.499889999999999946e-01 5.268289999999999917e-01 7.571520000000000472e-01 3.495670000000000166e-01
1.617860000000000131e-01 5.347530000000000339e-01 6.147519999999999651e-01 4.837400000000000033e-01 6.079029999999999712e-01
5.834080000000000377e-01 4.350580000000000003e-01 6.355920000000000458e-01 6.140750000000000375e-01 2.774639999999999884e-01
6.172889999999999766e-01 1.828579999999999928e-01 5.620009999999999728e-01 7.851369999999999738e-01 3.871370000000000089e-01
3.183150000000000146e-01 4.331420000000000270e-01 6.218160000000000354e-01 6.517870000000000053e-01 4.308080000000000243e-01
4.848350000000000160e-01 2.762069999999999803e-01 5.577360000000000095e-01 4.379399999999999959e-01 6.658589999999999787e-01
7.372060000000000279e-01 1.612460000000000004e-01 7.505979999999999874e-01 3.471879999999999966e-01 4.921139999999999959e-01
6.990009999999999835e-01 3.546889999999999765e-01 5.665390000000000148e-01 2.399799999999999989e-01 5.328709999999999836e-01
5.208460000000000312e-01 4.869229999999999947e-01 2.718050000000000188e-01 3.043350000000000222e-01 7.828889999999999461e-01
5.556349999999999900e-01 6.583259999999999668e-01 6.043119999999999603e-01 2.698769999999999780e-01 6.039250000000000451e-01
2.957969999999999766e-01 5.644099999999999673e-01 2.328790000000000027e-01 6.127270000000000216e-01 5.121559999999999446e-01
7.069739999999999913e-01 3.218889999999999807e-01 8.338670000000000249e-01 4.262730000000000130e-01 2.910789999999999766e-01
2.279029999999999945e-01 3.985630000000000006e-01 4.531800000000000272e-01 7.641869999999999497e-01 4.687609999999999832e-01
4.278680000000000261e-01 7.791770000000000085e-01 2.030140000000000000e-01 5.346619999999999706e-01 5.004629999999999912e-01
4.670670000000000099e-01 4.843180000000000263e-01 2.471540000000000126e-01 6.325239999999999752e-01 4.489609999999999990e-01
4.665059999999999762e-01 2.326699999999999879e-01 4.037549999999999750e-01 7.212490000000000290e-01 6.637859999999999872e-01
3.231829999999999981e-01 6.046589999999999465e-01 4.602700000000000125e-01 2.247300000000000131e-01 6.490089999999999471e-01
3.648489999999999789e-01 7.008060000000000400e-01 1.547570000000000057e-01 4.849140000000000117e-01 6.257169999999999677e-01
5.412690000000000001e-01 5.711770000000000458e-01 2.595189999999999997e-01 5.788529999999999509e-01 2.733510000000000106e-01
4.629249999999999754e-01 3.064709999999999934e-01 7.442250000000000254e-01 6.399559999999999693e-01 1.886599999999999944e-01
5.323949999999999516e-01 6.516699999999999715e-01 7.988049999999999873e-01 2.639000000000000234e-01 3.730919999999999792e-01
8.169910000000000228e-01 5.925190000000000179e-01 2.390970000000000040e-01 4.334560000000000080e-01 5.543540000000000134e-01
5.646780000000000133e-01 5.631610000000000227e-01 6.250780000000000225e-01 4.790710000000000246e-01 5.459819999999999673e-01
3.457500000000000018e-01 4.908890000000000198e-01 7.566599999999999993e-01 5.856980000000000519e-01 3.943470000000000031e-01
6.726159999999999917e-01 5.850260000000000460e-01 4.515600000000000169e-01 2.460779999999999912e-01 4.997949999999999893e-01
6.784590000000000343e-01 7.106839999999999824e-01 2.201369999999999993e-01 5.609229999999999494e-01 3.639040000000000052e-01
3.800959999999999894e-01 7.042880000000000251e-01 4.330129999999999812e-01 6.358489999999999975e-01 5.642509999999999470e-01
2.428780000000000105e-01 4.923500000000000099e-01 7.407099999999999795e-01 5.329570000000000141e-01 5.175429999999999753e-01
6.866330000000000489e-01 3.666440000000000254e-01 4.787739999999999774e-01 5.046049999999999702e-01 4.248759999999999759e-01
6.974139999999999784e-01 2.514520000000000088e-01 5.188030000000000141e-01 3.180450000000000221e-01 5.401519999999999655e-01
3.611380000000000146e-01 5.621110000000000273e-01 4.091049999999999964e-01 2.645790000000000086e-01 7.072110000000000340e-01
3.780970000000000164e-01 4.109920000000000240e-01 2.095370000000000010e-01 6.820370000000000044e-01 6.735759999999999525e-01
5.702509999999999524e-01 6.075199999999999489e-01 2.183779999999999888e-01 5.684909999999999686e-01 4.766290000000000249e-01
2.814380000000000215e-01 7.153880000000000239e-01 6.669559999999999933e-01 6.358000000000000318e-01 3.259449999999999847e-01
6.192769999999999664e-01 6.354549999999999921e-01 2.260409999999999919e-01 4.268870000000000164e-01 6.407119999999999482e-01
3.061440000000000272e-01 4.696899999999999964e-01 2.827250000000000041e-01 6.451029999999999820e-01 8.210020000000000095e-01
4.293899999999999939e-01 2.114540000000000031e-01 8.021439999999999682e-01 3.359059999999999824e-01 6.134439999999999893e-01
3.541860000000000008e-01 4.560480000000000089e-01 5.931330000000000213e-01 6.434330000000000327e-01 5.512569999999999970e-01
6.311930000000000041e-01 3.367850000000000010e-01 5.244510000000000005e-01 7.170109999999999539e-01 4.127580000000000138e-01
8.060110000000000330e-01 4.376820000000000155e-01 2.064479999999999926e-01 6.435830000000000162e-01 3.120550000000000268e-01
6.507680000000000131e-01 5.524059999999999526e-01 3.812920000000000198e-01 5.422690000000000010e-01 4.108800000000000230e-01
4.586219999999999741e-01 7.966929999999999845e-01 3.389110000000000178e-01 3.817409999999999970e-01 4.922670000000000101e-01
3.008649999999999936e-01 7.517319999999999558e-01 5.137150000000000327e-01 6.849560000000000093e-01 3.651929999999999898e-01
3.721079999999999943e-01 5.797109999999999763e-01 5.375069999999999570e-01 8.617040000000000255e-01 3.418979999999999797e-01
2.341820000000000013e-01 8.438259999999999650e-01 5.287279999999999758e-01 3.130290000000000017e-01 6.357979999999999743e-01
2.051099999999999868e-01 5.329530000000000101e-01 4.591459999999999986e-01 3.639700000000000157e-01 7.089140000000000441e-01
7.832510000000000305e-01 2.416300000000000114e-01 6.190999999999999837e-01 2.855039999999999800e-01 5.585409999999999542e-01
5.044929999999999692e-01 5.508499999999999508e-01 3.246820000000000261e-01 7.657030000000000225e-01 2.974800000000000222e-01
2.925010000000000110e-01 7.430060000000000553e-01 3.452700000000000213e-01 3.701409999999999978e-01 8.157739999999999991e-01
7.736370000000000191e-01 3.261549999999999727e-01 5.800119999999999720e-01 5.016760000000000108e-01 3.859890000000000265e-01
2.147010000000000030e-01 6.748009999999999842e-01 6.338300000000000045e-01 4.007290000000000019e-01 5.962389999999999635e-01
4.880390000000000006e-01 3.630840000000000178e-01 4.166850000000000276e-01 4.259560000000000013e-01 8.475679999999999881e-01
3.282410000000000050e-01 2.823089999999999766e-01 7.944639999999999480e-01 6.116019999999999790e-01 5.550500000000000433e-01
5.499380000000000379e-01 4.639840000000000075e-01 6.431970000000000187e-01 6.337739999999999485e-01 2.083160000000000012e-01
6.733689999999999953e-01 5.593810000000000171e-01 5.161229999999999984e-01 4.831520000000000259e-01 3.921399999999999886e-01
6.215469999999999606e-01 2.178759999999999863e-01 6.314400000000000013e-01 4.859899999999999776e-01 5.496370000000000422e-01
2.973350000000000160e-01 7.486129999999999729e-01 4.059610000000000163e-01 3.140339999999999798e-01 5.487109999999999488e-01
2.183839999999999948e-01 5.233809999999999851e-01 3.669020000000000059e-01 7.605020000000000113e-01 6.944320000000000492e-01
5.347730000000000539e-01 3.861069999999999780e-01 7.212079999999999602e-01 3.946109999999999896e-01 5.292569999999999775e-01
7.570379999999999887e-01 1.932419999999999971e-01 6.275789999999999980e-01 6.253049999999999997e-01 3.040410000000000057e-01
4.548539999999999806e-01 4.843799999999999772e-01 5.842340000000000311e-01 6.010210000000000274e-01 4.248290000000000122e-01
3.275759999999999783e-01 3.899290000000000256e-01 5.969839999999999591e-01 5.712479999999999780e-01 5.663460000000000161e-01
5.886249999999999538e-01 2.905840000000000090e-01 5.082510000000000083e-01 5.639110000000000511e-01 6.550949999999999829e-01
5.330709999999999615e-01 3.855500000000000038e-01 5.241249999999999520e-01 5.601699999999999458e-01 7.271060000000000301e-01
7.777239999999999709e-01 2.953049999999999842e-01 2.601490000000000191e-01 7.133340000000000236e-01 4.255630000000000246e-01
5.486050000000000093e-01 1.325770000000000004e-01 4.798270000000000035e-01 5.058449999999999891e-01 6.781359999999999610e-01
4.689300000000000135e-01 6.041229999999999656e-01 2.842250000000000054e-01 8.435599999999999765e-01 3.848820000000000019e-01
2.974450000000000149e-01 7.545439999999999925e-01 4.379939999999999944e-01 6.217129999999999601e-01 5.694259999999999877e-01
3.041789999999999772e-01 6.271830000000000460e-01 3.632170000000000121e-01 5.665019999999999500e-01 4.444110000000000005e-01
3.833920000000000106e-01 4.461539999999999950e-01 3.889170000000000127e-01 7.889960000000000306e-01 6.056620000000000337e-01
7.772820000000000285e-01 4.929009999999999780e-01 4.509500000000000175e-01 3.512319999999999887e-01 2.195060000000000067e-01
4.626179999999999737e-01 3.606460000000000221e-01 7.804170000000000273e-01 2.757760000000000211e-01 7.095320000000000515e-01
6.875970000000000137e-01 4.543289999999999829e-01 6.855679999999999552e-01 2.388919999999999932e-01 3.726709999999999745e-01
4.570980000000000043e-01 3.319239999999999968e-01 8.725349999999999495e-01 4.909259999999999735e-01 3.980779999999999874e-01
3.368689999999999740e-01 5.623449999999999838e-01 6.327369999999999939e-01 6.538859999999999673e-01 2.850619999999999821e-01
3.753159999999999830e-01 3.728920000000000012e-01 8.373230000000000395e-01 6.117639999999999745e-01 3.627469999999999861e-01
3.656789999999999763e-01 3.674720000000000208e-01 5.723340000000000094e-01 3.596239999999999992e-01 5.627159999999999940e-01
4.725500000000000256e-01 6.869220000000000326e-01 1.819729999999999959e-01 6.026430000000000398e-01 6.412390000000000034e-01
5.595299999999999718e-01 6.246209999999999818e-01 3.419690000000000230e-01 4.813149999999999928e-01 4.808709999999999929e-01
3.459200000000000053e-01 5.784420000000000117e-01 7.576749999999999874e-01 4.057810000000000028e-01 5.599610000000000420e-01
3.502399999999999958e-01 6.838469999999999827e-01 3.792229999999999768e-01 7.106040000000000134e-01 4.897389999999999799e-01
5.643380000000000063e-01 5.584940000000000460e-01 5.701779999999999626e-01 3.421350000000000224e-01 3.052799999999999958e-01
5.339019999999999877e-01 2.021000000000000019e-01 4.470750000000000002e-01 6.004660000000000553e-01 5.093600000000000350e-01
6.044699999999999518e-01 3.256640000000000090e-01 5.595069999999999766e-01 5.132780000000000120e-01 2.444820000000000049e-01
4.799700000000000077e-01 6.158989999999999743e-01 5.632200000000000539e-01 5.460610000000000186e-01 4.698430000000000106e-01
8.059800000000000297e-01 5.787750000000000394e-01 4.812759999999999816e-01 3.440949999999999842e-01 2.456879999999999897e-01
5.413130000000000441e-01 8.053630000000000511e-01 3.302970000000000073e-01 3.848280000000000034e-01 3.835330000000000128e-01
2.897669999999999968e-01 4.654889999999999861e-01 7.199349999999999916e-01 4.617419999999999858e-01 5.702129999999999699e-01
5.707160000000000011e-01 1.791059999999999874e-01 4.681890000000000218e-01 7.141229999999999523e-01 6.579589999999999606e-01
5.730650000000000466e-01 3.950460000000000083e-01 4.908339999999999925e-01 5.676980000000000359e-01 6.814369999999999594e-01
2.940450000000000008e-01 3.916399999999999881e-01 5.221240000000000325e-01 8.354169999999999652e-01 5.928989999999999538e-01
4.962940000000000129e-01 6.668539999999999468e-01 3.101280000000000148e-01 7.764140000000000486e-01 3.325830000000000175e-01
7.919869999999999965e-01 3.404639999999999889e-01 4.509810000000000207e-01 4.586939999999999906e-01 2.925130000000000230e-01
5.144879999999999454e-01 5.328979999999999828e-01 6.494969999999999910e-01 5.308610000000000273e-01 4.709459999999999757e-01
5.789149999999999574e-01 3.722179999999999933e-01 3.430739999999999901e-01 6.419289999999999718e-01 4.617200000000000193e-01
4.104030000000000178e-01 3.330940000000000012e-01 7.290649999999999631e-01 5.273250000000000437e-01 5.011360000000000259e-01
5.558269999999999600e-01 3.681929999999999925e-01 8.330499999999999572e-01 5.240580000000000238e-01 3.062079999999999802e-01
6.022840000000000416e-01 3.222200000000000064e-01 8.455179999999999918e-01 3.034319999999999795e-01 3.442549999999999777e-01
4.747899999999999898e-01 3.642739999999999867e-01 6.877969999999999917e-01 1.906559999999999921e-01 6.175699999999999523e-01
7.584290000000000198e-01 4.894609999999999794e-01 6.536419999999999453e-01 2.694909999999999806e-01 5.207140000000000102e-01
5.696750000000000425e-01 6.055089999999999639e-01 5.849950000000000427e-01 5.527619999999999756e-01 2.524959999999999982e-01
3.841609999999999747e-01 4.604159999999999919e-01 5.707140000000000546e-01 4.204060000000000019e-01 5.386879999999999447e-01
6.360230000000000050e-01 6.365009999999999835e-01 6.608370000000000077e-01 4.720550000000000024e-01 4.040409999999999835e-01
5.384940000000000282e-01 7.726309999999999567e-01 3.375920000000000032e-01 4.215269999999999850e-01 3.926319999999999810e-01
5.742099999999999982e-01 4.420029999999999792e-01 7.255840000000000067e-01 3.799040000000000195e-01 6.252769999999999717e-01
6.011739999999999862e-01 5.642660000000000453e-01 4.298910000000000231e-01 2.452330000000000065e-01 6.951690000000000369e-01
5.984220000000000095e-01 3.340969999999999773e-01 3.060030000000000250e-01 6.279310000000000169e-01 5.996700000000000363e-01
3.504050000000000220e-01 3.687699999999999867e-01 5.684970000000000301e-01 6.329280000000000461e-01 3.511560000000000237e-01
3.148859999999999992e-01 4.585440000000000071e-01 7.451579999999999870e-01 6.289289999999999603e-01 3.962109999999999799e-01
6.424530000000000518e-01 5.136770000000000502e-01 3.964289999999999758e-01 2.056689999999999907e-01 6.226260000000000128e-01
5.143050000000000122e-01 1.786619999999999875e-01 5.207589999999999719e-01 7.258139999999999592e-01 5.895040000000000280e-01
1.920090000000000130e-01 5.233959999999999724e-01 5.070620000000000127e-01 6.180740000000000123e-01 5.189580000000000304e-01
2.903859999999999775e-01 5.801119999999999610e-01 4.032270000000000021e-01 4.939419999999999922e-01 4.771150000000000113e-01
7.046019999999999506e-01 3.263659999999999894e-01 4.026109999999999967e-01 6.328780000000000516e-01 3.203269999999999729e-01
6.094159999999999577e-01 3.338659999999999961e-01 1.769570000000000032e-01 6.531789999999999541e-01 7.861190000000000122e-01
3.485460000000000225e-01 6.792610000000000037e-01 3.402709999999999901e-01 3.718639999999999723e-01 7.807570000000000343e-01
7.562710000000000266e-01 5.833800000000000097e-01 5.376680000000000348e-01 2.316620000000000068e-01 3.151939999999999742e-01
4.467050000000000187e-01 4.203049999999999842e-01 7.878509999999999680e-01 2.148639999999999994e-01 6.724729999999999874e-01
7.359999999999999876e-01 5.506750000000000256e-01 5.691640000000000033e-01 1.497799999999999965e-01 4.638619999999999965e-01
4.629699999999999926e-01 5.674040000000000195e-01 3.047710000000000141e-01 6.524579999999999824e-01 5.751089999999999813e-01
6.223619999999999708e-01 3.851359999999999784e-01 5.107220000000000093e-01 6.024289999999999923e-01 6.378030000000000088e-01
4.567510000000000181e-01 5.180420000000000025e-01 5.941429999999999767e-01 2.492209999999999981e-01 4.091609999999999969e-01
5.411030000000000006e-01 3.082539999999999725e-01 8.379400000000000182e-01 6.020529999999999493e-01 4.688430000000000097e-01
4.721639999999999726e-01 7.321710000000000163e-01 5.062079999999999913e-01 4.097290000000000099e-01 5.103309999999999791e-01
8.636279999999999513e-01 3.248110000000000164e-01 6.556319999999999926e-01 4.603960000000000274e-01 2.913910000000000111e-01
7.701620000000000132e-01 6.297810000000000352e-01 3.855859999999999843e-01 5.345990000000000464e-01 4.177810000000000135e-01
5.587509999999999977e-01 6.726259999999999462e-01 5.987679999999999669e-01 5.928590000000000249e-01 1.989829999999999932e-01
7.476399999999999713e-01 4.688849999999999962e-01 5.668760000000000465e-01 5.061489999999999601e-01 1.893680000000000085e-01
4.356030000000000180e-01 4.842460000000000098e-01 3.463069999999999760e-01 5.983889999999999487e-01 6.136470000000000535e-01
7.970279999999999587e-01 4.260249999999999870e-01 3.619970000000000132e-01 4.644789999999999752e-01 5.177680000000000060e-01
4.320370000000000044e-01 4.093189999999999884e-01 4.815760000000000041e-01 3.324210000000000220e-01 4.591609999999999858e-01
5.498340000000000449e-01 4.850309999999999899e-01 6.967969999999999997e-01 6.631219999999999892e-01 2.209800000000000098e-01
5.725660000000000194e-01 3.596409999999999885e-01 5.953460000000000418e-01 1.977129999999999999e-01 5.717440000000000300e-01
4.730679999999999885e-01 6.412390000000000034e-01 5.443949999999999623e-01 4.233410000000000228e-01 2.946250000000000258e-01
8.209849999999999648e-01 4.976940000000000253e-01 2.738990000000000036e-01 7.454049999999999843e-01 2.665790000000000104e-01
7.261370000000000324e-01 5.516299999999999537e-01 6.080520000000000369e-01 5.404780000000000140e-01 3.966100000000000181e-01
2.788880000000000248e-01 6.114220000000000210e-01 5.098949999999999871e-01 2.808240000000000181e-01 6.345589999999999842e-01
3.749540000000000095e-01 4.381979999999999764e-01 4.436510000000000176e-01 8.368959999999999733e-01 2.582260000000000111e-01
2.556919999999999749e-01 5.066730000000000400e-01 4.188649999999999873e-01 5.528969999999999718e-01 4.753249999999999975e-01
4.324180000000000246e-01 8.111800000000000122e-01 6.337749999999999773e-01 3.374969999999999914e-01 3.636309999999999820e-01
5.101989999999999581e-01 1.530720000000000136e-01 6.450700000000000323e-01 6.907910000000000439e-01 4.645079999999999765e-01
6.389949999999999797e-01 8.053200000000000358e-01 3.176109999999999767e-01 5.726670000000000371e-01 3.571210000000000218e-01
5.496919999999999584e-01 5.225499999999999590e-01 3.083179999999999810e-01 3.870979999999999976e-01 8.414570000000000105e-01
8.272410000000000041e-01 5.853190000000000337e-01 3.646809999999999774e-01 4.513929999999999887e-01 4.536479999999999957e-01
4.834069999999999756e-01 4.223020000000000107e-01 5.775679999999999703e-01 5.316130000000000022e-01 3.335710000000000064e-01
4.476220000000000199e-01 6.489139999999999908e-01 2.514500000000000068e-01 6.134800000000000253e-01 3.083580000000000210e-01
6.126200000000000534e-01 7.526159999999999517e-01 3.115600000000000036e-01 4.037740000000000218e-01 6.037590000000000456e-01
4.340289999999999981e-01 3.952950000000000075e-01 6.139369999999999550e-01 4.957599999999999785e-01 5.880170000000000119e-01
3.045450000000000101e-01 4.716429999999999789e-01 5.974690000000000278e-01 5.151850000000000041e-01 7.231149999999999523e-01
4.733439999999999870e-01 7.488860000000000516e-01 1.902439999999999964e-01 4.687970000000000192e-01 5.524719999999999631e-01
4.029900000000000149e-01 7.033080000000000442e-01 3.363590000000000191e-01 5.289620000000000433e-01 7.149839999999999529e-01
5.037409999999999943e-01 3.978559999999999874e-01 2.881000000000000227e-01 4.157719999999999749e-01 7.005310000000000148e-01
5.112250000000000405e-01 5.939640000000000475e-01 3.906839999999999757e-01 6.579779999999999518e-01 3.184980000000000033e-01
1.183349999999999957e-01 7.579599999999999671e-01 4.186340000000000061e-01 4.777049999999999907e-01 7.113019999999999898e-01
4.291119999999999934e-01 3.271629999999999816e-01 6.621869999999999701e-01 6.963049999999999518e-01 4.586149999999999949e-01
7.101349999999999607e-01 4.850970000000000004e-01 5.621509999999999563e-01 3.968220000000000081e-01 4.561060000000000114e-01
5.853699999999999459e-01 4.942770000000000219e-01 3.038870000000000182e-01 2.074209999999999943e-01 6.906870000000000509e-01
5.287709999999999910e-01 3.825979999999999936e-01 6.527929999999999566e-01 2.474480000000000013e-01 4.055199999999999916e-01
4.532970000000000055e-01 8.277569999999999650e-01 2.548199999999999910e-01 6.805940000000000323e-01 4.151650000000000063e-01
3.846870000000000012e-01 5.664240000000000386e-01 8.455030000000000046e-01 3.895549999999999846e-01 5.025650000000000395e-01
3.770459999999999923e-01 7.768340000000000245e-01 4.879129999999999856e-01 5.421479999999999633e-01 5.885519999999999641e-01
5.749610000000000554e-01 5.963730000000000420e-01 3.428620000000000001e-01 6.479610000000000092e-01 2.306290000000000007e-01
5.975439999999999641e-01 5.727339999999999653e-01 4.012390000000000123e-01 8.493570000000000286e-01 2.595549999999999802e-01
6.514830000000000343e-01 4.116549999999999931e-01 5.256830000000000114e-01 7.058050000000000157e-01 3.842840000000000145e-01
7.084089999999999554e-01 2.952060000000000239e-01 6.418260000000000076e-01 3.183989999999999876e-01 3.691579999999999862e-01
5.599020000000000108e-01 5.940290000000000292e-01 1.894939999999999958e-01 5.825120000000000298e-01 6.842810000000000281e-01
4.696930000000000271e-01 5.142349999999999977e-01 5.717659999999999965e-01 8.103740000000000387e-01 2.645819999999999839e-01
4.715520000000000267e-01 7.716889999999999583e-01 6.269580000000000153e-01 4.589309999999999778e-01 3.455090000000000106e-01
5.243189999999999795e-01 4.427730000000000277e-01 8.956100000000000172e-01 3.974309999999999787e-01 3.451629999999999976e-01
5.009620000000000184e-01 3.362620000000000053e-01 5.341360000000000552e-01 3.521880000000000011e-01 6.568289999999999962e-01
6.102499999999999591e-01 2.591339999999999755e-01 2.717220000000000191e-01 7.101960000000000495e-01 6.938469999999999915e-01
4.654490000000000016e-01 5.566689999999999694e-01 6.738730000000000553e-01 3.331500000000000017e-01 4.994720000000000271e-01
3.958320000000000172e-01 7.712590000000000279e-01 2.691620000000000124e-01 8.232699999999999463e-01 2.542389999999999928e-01
5.339279999999999582e-01 4.284129999999999883e-01 5.820920000000000538e-01 4.061710000000000043e-01 3.272220000000000129e-01
7.998929999999999652e-01 6.380900000000000460e-01 3.245480000000000032e-01 5.377439999999999998e-01 2.973160000000000247e-01
4.788669999999999871e-01 5.182320000000000260e-01 8.597939999999999472e-01 3.795239999999999725e-01 4.512300000000000200e-01
8.075250000000000483e-01 3.553680000000000172e-01 4.643490000000000117e-01 3.029410000000000158e-01 5.479079999999999506e-01
2.749759999999999982e-01 6.556990000000000318e-01 3.967229999999999923e-01 6.781610000000000138e-01 4.020130000000000092e-01
4.581200000000000272e-01 5.351669999999999483e-01 7.005099999999999660e-01 2.369860000000000022e-01 5.305889999999999773e-01
1.730829999999999869e-01 6.649270000000000458e-01 5.648210000000000175e-01 3.896660000000000124e-01 6.246329999999999938e-01
3.819960000000000022e-01 5.403780000000000250e-01 7.621219999999999661e-01 1.270070000000000088e-01 6.058109999999999884e-01
7.675359999999999960e-01 3.217280000000000140e-01 6.278789999999999649e-01 3.265950000000000242e-01 4.551799999999999735e-01
4.549909999999999788e-01 3.313789999999999791e-01 5.600100000000000078e-01 3.145999999999999908e-01 6.590200000000000502e-01
8.049279999999999768e-01 2.812749999999999972e-01 4.179640000000000022e-01 5.364560000000000439e-01 3.092300000000000049e-01
2.080750000000000099e-01 4.754849999999999910e-01 7.361790000000000278e-01 3.203460000000000196e-01 6.696680000000000410e-01
7.282800000000000384e-01 4.212369999999999726e-01 6.484429999999999916e-01 3.272180000000000089e-01 2.468500000000000139e-01
5.075030000000000374e-01 7.026839999999999753e-01 5.638779999999999903e-01 6.589580000000000437e-01 1.508510000000000129e-01
5.155089999999999950e-01 5.363510000000000222e-01 2.630020000000000135e-01 4.886229999999999740e-01 5.183219999999999494e-01
2.192530000000000034e-01 3.628430000000000266e-01 7.082169999999999854e-01 7.269879999999999676e-01 4.650290000000000257e-01
2.904539999999999900e-01 3.845189999999999997e-01 3.856479999999999908e-01 8.214920000000000000e-01 5.564649999999999874e-01
3.512759999999999772e-01 5.331050000000000511e-01 5.158939999999999637e-01 7.248010000000000286e-01 2.953319999999999834e-01
7.751099999999999657e-01 3.547120000000000273e-01 2.092569999999999986e-01 6.576370000000000271e-01 4.760849999999999804e-01
6.473480000000000345e-01 6.633390000000000120e-01 4.919160000000000199e-01 1.446540000000000048e-01 6.056160000000000432e-01
7.698589999999999600e-01 5.095960000000000489e-01 5.801129999999999898e-01 2.137110000000000121e-01 5.131700000000000150e-01
4.741940000000000044e-01 2.944970000000000088e-01 7.154380000000000184e-01 6.987050000000000205e-01 5.210569999999999924e-01
8.104470000000000285e-01 5.721739999999999604e-01 3.655610000000000248e-01 4.673530000000000184e-01 3.868920000000000137e-01
5.556590000000000140e-01 6.197169999999999623e-01 4.734740000000000060e-01 2.299420000000000075e-01 6.147690000000000099e-01
6.102060000000000262e-01 2.606700000000000128e-01 6.944869999999999655e-01 5.341099999999999737e-01 3.961879999999999846e-01
3.882660000000000000e-01 6.221189999999999776e-01 7.254709999999999770e-01 5.222620000000000040e-01 2.657510000000000150e-01
4.976110000000000255e-01 7.017039999999999944e-01 5.121879999999999766e-01 7.346629999999999550e-01 9.214899999999999480e-02
2.108599999999999919e-01 5.554630000000000400e-01 5.423689999999999900e-01 6.728269999999999529e-01 6.658950000000000147e-01
5.219650000000000123e-01 7.588270000000000293e-01 4.155139999999999945e-01 3.125279999999999725e-01 5.011120000000000019e-01
4.545629999999999948e-01 2.481200000000000072e-01 8.437440000000000495e-01 4.092560000000000087e-01 4.078740000000000143e-01
4.050770000000000204e-01 5.201379999999999892e-01 2.967960000000000043e-01 4.656520000000000103e-01 6.422060000000000546e-01
4.697760000000000269e-01 4.826540000000000274e-01 3.122289999999999788e-01 5.341190000000000104e-01 7.810160000000000435e-01
5.995819999999999483e-01 4.788490000000000246e-01 4.390350000000000086e-01 4.978500000000000147e-01 3.544059999999999988e-01
5.503500000000000059e-01 3.141419999999999768e-01 5.242430000000000145e-01 3.515480000000000271e-01 4.219330000000000025e-01
4.656939999999999968e-01 3.747539999999999760e-01 6.697760000000000380e-01 4.667100000000000137e-01 2.897719999999999740e-01
4.894359999999999822e-01 1.664259999999999906e-01 6.059679999999999511e-01 5.531169999999999698e-01 5.374400000000000288e-01
5.378840000000000288e-01 4.959879999999999844e-01 3.158090000000000064e-01 7.427240000000000508e-01 3.532460000000000044e-01
5.323849999999999971e-01 7.056050000000000377e-01 4.543639999999999901e-01 4.444350000000000245e-01 5.313149999999999817e-01
2.718599999999999905e-01 5.661709999999999798e-01 4.109189999999999787e-01 5.465299999999999603e-01 6.478289999999999882e-01
2.990329999999999933e-01 7.254639999999999977e-01 6.198090000000000543e-01 4.665690000000000115e-01 3.885629999999999917e-01
6.375450000000000284e-01 1.335780000000000023e-01 3.355250000000000177e-01 6.506520000000000081e-01 6.730949999999999989e-01
5.402130000000000543e-01 5.247410000000000130e-01 3.880410000000000248e-01 8.410039999999999738e-01 2.550810000000000022e-01
5.089479999999999560e-01 1.187689999999999996e-01 5.798339999999999606e-01 6.519059999999999855e-01 6.845820000000000238e-01
3.233539999999999748e-01 6.263849999999999696e-01 4.905800000000000161e-01 3.295319999999999916e-01 7.428869999999999640e-01
4.944669999999999899e-01 2.963250000000000051e-01 7.406420000000000226e-01 3.274380000000000068e-01 7.379719999999999613e-01
5.427849999999999620e-01 4.689389999999999947e-01 6.589139999999999997e-01 3.712759999999999949e-01 3.241220000000000212e-01
4.934970000000000190e-01 4.129720000000000057e-01 2.464339999999999864e-01 6.299789999999999557e-01 4.269270000000000009e-01
3.098670000000000035e-01 7.972639999999999727e-01 5.619399999999999951e-01 2.908419999999999894e-01 5.897569999999999757e-01
6.776609999999999578e-01 3.095089999999999786e-01 7.090020000000000211e-01 1.506500000000000061e-01 5.049670000000000547e-01
4.582879999999999732e-01 6.506750000000000034e-01 3.995170000000000110e-01 5.065990000000000215e-01 5.249390000000000445e-01
2.690640000000000254e-01 6.271269999999999900e-01 7.435129999999999795e-01 5.646670000000000300e-01 5.355950000000000433e-01
6.145150000000000334e-01 2.675109999999999988e-01 7.062680000000000069e-01 3.822510000000000074e-01 7.446279999999999566e-01
6.865689999999999849e-01 5.628549999999999942e-01 7.813930000000000042e-01 3.059640000000000137e-01 2.401060000000000139e-01
4.351099999999999968e-01 5.317159999999999664e-01 8.373420000000000307e-01 2.163609999999999978e-01 3.823179999999999912e-01
4.266619999999999857e-01 7.886659999999999782e-01 4.499940000000000051e-01 1.888140000000000096e-01 6.000659999999999883e-01
4.879680000000000129e-01 5.339949999999999974e-01 5.877240000000000242e-01 5.449859999999999705e-01 4.125090000000000146e-01
3.734330000000000149e-01 4.953859999999999930e-01 6.398179999999999978e-01 3.038959999999999995e-01 7.380999999999999783e-01
5.342510000000000314e-01 7.403359999999999941e-01 5.084450000000000358e-01 4.265860000000000207e-01 5.653799999999999937e-01
6.639399999999999746e-01 6.541599999999999637e-01 5.408269999999999467e-01 2.811290000000000178e-01 4.923089999999999966e-01
4.577350000000000030e-01 2.628090000000000148e-01 4.251240000000000019e-01 7.714900000000000091e-01 5.052919999999999634e-01
4.508969999999999922e-01 1.806369999999999920e-01 7.407190000000000163e-01 6.871319999999999650e-01 3.978929999999999967e-01
5.853230000000000377e-01 4.389049999999999896e-01 7.877030000000000420e-01 3.696570000000000134e-01 4.763410000000000144e-01
3.089859999999999829e-01 6.143330000000000179e-01 5.457859999999999934e-01 7.383880000000000443e-01 4.078669999999999796e-01
3.529019999999999935e-01 2.901739999999999875e-01 6.065650000000000208e-01 3.155720000000000192e-01 7.489209999999999479e-01
6.873730000000000118e-01 5.729659999999999753e-01 5.906460000000000043e-01 3.478919999999999790e-01 5.816900000000000404e-01
4.959580000000000100e-01 3.896740000000000204e-01 3.134419999999999984e-01 7.501780000000000115e-01 7.068109999999999671e-01
6.147270000000000234e-01 4.914549999999999752e-01 3.093279999999999919e-01 4.216070000000000095e-01 7.464560000000000084e-01
5.635289999999999466e-01 1.701560000000000017e-01 7.152579999999999494e-01 5.510690000000000310e-01 5.076889999999999459e-01
2.286990000000000134e-01 6.187629999999999519e-01 4.998210000000000153e-01 6.615560000000000329e-01 4.244850000000000012e-01
5.056819999999999649e-01 6.420909999999999673e-01 4.042129999999999890e-01 6.120029999999999637e-01 3.427350000000000119e-01
4.529670000000000085e-01 6.475440000000000085e-01 3.439249999999999807e-01 4.317730000000000179e-01 5.551869999999999861e-01
4.240380000000000260e-01 4.237250000000000183e-01 5.816999999999999948e-01 3.791539999999999910e-01 7.836060000000000247e-01
7.001600000000000046e-01 5.913399999999999768e-01 1.963650000000000118e-01 4.502729999999999788e-01 6.262170000000000236e-01
5.442179999999999795e-01 4.884100000000000108e-01 2.577820000000000111e-01 7.188550000000000217e-01 5.756940000000000390e-01
5.222020000000000550e-01 2.939399999999999791e-01 5.163459999999999717e-01 6.376530000000000253e-01 5.151360000000000383e-01
5.618499999999999606e-01 3.004919999999999813e-01 8.313500000000000334e-01 4.974970000000000225e-01 3.923730000000000273e-01
5.421110000000000095e-01 3.809600000000000208e-01 4.868540000000000090e-01 4.487760000000000082e-01 3.538749999999999951e-01
6.217150000000000176e-01 5.982530000000000348e-01 5.170749999999999513e-01 6.001919999999999478e-01 2.469639999999999891e-01
6.113750000000000018e-01 7.767070000000000363e-01 3.781619999999999981e-01 3.437790000000000012e-01 5.811739999999999684e-01
7.757540000000000546e-01 6.359099999999999753e-01 2.825190000000000201e-01 6.288399999999999546e-01 3.370090000000000030e-01
7.772660000000000124e-01 5.015800000000000258e-01 5.060329999999999551e-01 1.693449999999999955e-01 6.048010000000000330e-01
6.023410000000000153e-01 5.883530000000000149e-01 4.712310000000000110e-01 6.300229999999999997e-01 3.887459999999999805e-01
2.928209999999999980e-01 5.766449999999999632e-01 3.623449999999999727e-01 3.040479999999999849e-01 7.652409999999999490e-01
4.920979999999999799e-01 6.350170000000000536e-01 3.792220000000000035e-01 8.391189999999999483e-01 2.104719999999999924e-01
4.307529999999999970e-01 5.818189999999999751e-01 6.694649999999999768e-01 2.387569999999999970e-01 6.887159999999999949e-01
6.411440000000000472e-01 7.365819999999999590e-01 2.084320000000000062e-01 2.846650000000000014e-01 6.212309999999999777e-01
5.768429999999999946e-01 2.490880000000000039e-01 6.822129999999999583e-01 2.678920000000000190e-01 6.626410000000000355e-01
6.344319999999999959e-01 3.937709999999999821e-01 4.118530000000000246e-01 4.434839999999999893e-01 7.571820000000000217e-01
6.053039999999999532e-01 4.791369999999999796e-01 1.778299999999999881e-01 5.069010000000000460e-01 6.337530000000000108e-01
5.261249999999999538e-01 8.057450000000000445e-01 6.357199999999999518e-01 3.858849999999999780e-01 3.174150000000000027e-01
7.367139999999999800e-01 3.349349999999999827e-01 5.049919999999999964e-01 8.005750000000000366e-01 2.609279999999999933e-01
6.150980000000000336e-01 5.449929999999999497e-01 5.507880000000000553e-01 4.839539999999999953e-01 4.394759999999999778e-01
7.066810000000000036e-01 3.438470000000000137e-01 4.939470000000000249e-01 6.133819999999999828e-01 5.744249999999999634e-01
4.296749999999999736e-01 8.532079999999999664e-01 4.225709999999999744e-01 4.000500000000000167e-01 4.552629999999999733e-01
5.411359999999999504e-01 6.015920000000000156e-01 3.852630000000000221e-01 3.159379999999999966e-01 7.597089999999999677e-01
7.269529999999999603e-01 5.557269999999999710e-01 4.292679999999999829e-01 6.182379999999999542e-01 1.866649999999999976e-01
4.778999999999999915e-01 2.795540000000000247e-01 6.111320000000000086e-01 5.420519999999999783e-01 4.960439999999999849e-01
3.586340000000000083e-01 4.756009999999999960e-01 7.059149999999999592e-01 4.031580000000000163e-01 6.139850000000000030e-01
3.752099999999999880e-01 3.611639999999999850e-01 7.809979999999999700e-01 3.330969999999999764e-01 5.114950000000000330e-01
8.430210000000000203e-01 3.970560000000000200e-01 7.075749999999999540e-01 4.482289999999999885e-01 2.657889999999999975e-01
6.603569999999999718e-01 5.908090000000000286e-01 2.401500000000000024e-01 5.978170000000000428e-01 4.616160000000000263e-01
4.831409999999999871e-01 4.204129999999999812e-01 4.422639999999999905e-01 2.203579999999999983e-01 7.021690000000000431e-01
3.885170000000000012e-01 4.373150000000000093e-01 7.616260000000000252e-01 3.208480000000000221e-01 4.750110000000000166e-01
4.402030000000000109e-01 3.635180000000000078e-01 6.399620000000000308e-01 4.537619999999999987e-01 5.225400000000000045e-01
4.008630000000000249e-01 4.572379999999999778e-01 4.415939999999999865e-01 4.268469999999999764e-01 3.734689999999999954e-01
3.439440000000000275e-01 4.799370000000000025e-01 6.738589999999999858e-01 5.194159999999999888e-01 3.236939999999999817e-01
5.432339999999999947e-01 6.319310000000000205e-01 2.582499999999999796e-01 7.869660000000000544e-01 2.148680000000000034e-01
4.889709999999999890e-01 6.221659999999999968e-01 2.977420000000000067e-01 5.476609999999999534e-01 7.203370000000000051e-01
3.383820000000000161e-01 6.435370000000000257e-01 3.360020000000000229e-01 8.199819999999999887e-01 5.605719999999999592e-01
3.319639999999999813e-01 5.356100000000000305e-01 7.038839999999999542e-01 7.115179999999999838e-01 3.696030000000000149e-01
7.789030000000000120e-01 4.486760000000000193e-01 4.153859999999999775e-01 5.296870000000000189e-01 4.520620000000000194e-01
7.437850000000000295e-01 4.042049999999999810e-01 5.121559999999999446e-01 6.832209999999999672e-01 3.127550000000000052e-01
5.519030000000000324e-01 6.216000000000000414e-01 1.190819999999999934e-01 6.464320000000000066e-01 5.735440000000000538e-01
6.538350000000000550e-01 5.487300000000000511e-01 2.316610000000000058e-01 3.892059999999999964e-01 5.940659999999999830e-01
4.418369999999999798e-01 4.532200000000000117e-01 2.023490000000000011e-01 6.011879999999999447e-01 7.877170000000000005e-01
2.457489999999999952e-01 7.116050000000000431e-01 6.089689999999999825e-01 3.521569999999999978e-01 7.278609999999999802e-01
4.809950000000000059e-01 6.982639999999999958e-01 4.038269999999999915e-01 4.204570000000000252e-01 6.848790000000000155e-01
6.561230000000000118e-01 7.104510000000000547e-01 3.703830000000000178e-01 6.591550000000000464e-01 2.890380000000000171e-01
5.063710000000000155e-01 3.101949999999999985e-01 5.698499999999999677e-01 4.555310000000000192e-01 5.104349999999999721e-01
6.895599999999999508e-01 5.780030000000000445e-01 5.919379999999999642e-01 2.896090000000000053e-01 2.835030000000000050e-01
4.577030000000000265e-01 5.273839999999999639e-01 6.377599999999999936e-01 4.457119999999999971e-01 4.324189999999999978e-01
6.033209999999999962e-01 6.024589999999999668e-01 5.153950000000000475e-01 5.903739999999999544e-01 3.715579999999999994e-01
8.234339999999999993e-01 3.601039999999999797e-01 3.610269999999999868e-01 3.721579999999999888e-01 5.048169999999999602e-01
3.200100000000000167e-01 5.914580000000000393e-01 5.628659999999999775e-01 4.534440000000000137e-01 7.579700000000000326e-01
6.834980000000000500e-01 3.183369999999999811e-01 4.579300000000000037e-01 6.298550000000000537e-01 3.469929999999999959e-01
6.468329999999999913e-01 7.052370000000000028e-01 6.740059999999999940e-01 4.063329999999999997e-01 3.369759999999999978e-01
5.263099999999999445e-01 6.999859999999999971e-01 3.313690000000000246e-01 3.509920000000000262e-01 7.913130000000000441e-01
5.183849999999999847e-01 6.342659999999999965e-01 3.086979999999999724e-01 8.128339999999999455e-01 1.899419999999999997e-01
6.202509999999999968e-01 3.062840000000000007e-01 8.182899999999999618e-01 2.817870000000000097e-01 3.588600000000000123e-01
2.816279999999999895e-01 4.105960000000000165e-01 7.164709999999999690e-01 4.917960000000000109e-01 4.178060000000000107e-01
5.904800000000000049e-01 2.758450000000000069e-01 2.797660000000000147e-01 7.473750000000000115e-01 6.648849999999999483e-01
5.783570000000000100e-01 5.200939999999999452e-01 2.194079999999999919e-01 6.722089999999999455e-01 2.779670000000000196e-01
6.695020000000000415e-01 2.541530000000000178e-01 6.668030000000000346e-01 1.987929999999999975e-01 5.435449999999999449e-01
6.186289999999999845e-01 6.239200000000000301e-01 3.946950000000000180e-01 5.329420000000000268e-01 2.127390000000000114e-01
7.411910000000000442e-01 2.340629999999999933e-01 7.089560000000000306e-01 6.252309999999999812e-01 2.881980000000000097e-01
2.202759999999999996e-01 6.192530000000000534e-01 6.091609999999999525e-01 6.443680000000000518e-01 4.970220000000000193e-01
4.906499999999999750e-01 7.572060000000000457e-01 2.715350000000000263e-01 4.084479999999999777e-01 5.819800000000000528e-01
3.464229999999999809e-01 5.033790000000000209e-01 5.906360000000000499e-01 7.439489999999999714e-01 4.565660000000000274e-01
6.294840000000000435e-01 6.111090000000000133e-01 2.873979999999999868e-01 4.415729999999999933e-01 4.584770000000000234e-01
5.037559999999999816e-01 3.199420000000000042e-01 5.078939999999999566e-01 8.118600000000000261e-01 4.365339999999999776e-01
3.217149999999999732e-01 7.301400000000000112e-01 5.666409999999999503e-01 3.169029999999999903e-01 6.543600000000000527e-01
5.154149999999999565e-01 4.058700000000000085e-01 4.699869999999999881e-01 6.568399999999999794e-01 4.601190000000000002e-01
7.495230000000000503e-01 3.039720000000000200e-01 2.074340000000000073e-01 7.478380000000000027e-01 4.151509999999999923e-01
3.368439999999999768e-01 7.050100000000000255e-01 2.538659999999999806e-01 3.413229999999999875e-01 7.315899999999999626e-01
7.213699999999999557e-01 4.933239999999999847e-01 4.078010000000000246e-01 3.547540000000000138e-01 6.756980000000000208e-01
7.197930000000000161e-01 5.410179999999999989e-01 3.357370000000000076e-01 2.885429999999999939e-01 4.989040000000000141e-01
7.422950000000000381e-01 6.178080000000000238e-01 5.422580000000000178e-01 4.958719999999999795e-01 1.543339999999999990e-01
3.468629999999999769e-01 5.649830000000000130e-01 5.670539999999999470e-01 4.666950000000000265e-01 5.605780000000000207e-01
5.641580000000000483e-01 2.358540000000000081e-01 5.771220000000000239e-01 2.716020000000000101e-01 7.887939999999999952e-01
5.503440000000000554e-01 5.226260000000000350e-01 5.211130000000000484e-01 6.018219999999999681e-01 6.048780000000000268e-01
4.695829999999999727e-01 4.008430000000000049e-01 3.978249999999999842e-01 5.325050000000000061e-01 6.446380000000000443e-01
6.670770000000000310e-01 2.654810000000000225e-01 7.114869999999999806e-01 6.216300000000000159e-01 3.036769999999999747e-01
8.049469999999999681e-01 3.462580000000000102e-01 5.354959999999999720e-01 3.482680000000000220e-01 6.255849999999999467e-01
6.765980000000000327e-01 7.338289999999999536e-01 2.560069999999999846e-01 5.875719999999999832e-01 4.390049999999999786e-01
6.127949999999999786e-01 3.981520000000000059e-01 3.946879999999999833e-01 6.600240000000000551e-01 5.377300000000000413e-01
1.173430000000000029e-01 5.974720000000000031e-01 4.741619999999999724e-01 4.862170000000000103e-01 7.004169999999999563e-01
3.202650000000000219e-01 4.900950000000000029e-01 3.942189999999999861e-01 7.484349999999999614e-01 6.739880000000000315e-01
2.245779999999999998e-01 7.653229999999999755e-01 3.474110000000000253e-01 7.777870000000000061e-01 3.436939999999999995e-01
6.849720000000000253e-01 3.266109999999999847e-01 5.177009999999999668e-01 5.673409999999999842e-01 5.961990000000000345e-01
3.051110000000000211e-01 4.936710000000000265e-01 3.661460000000000270e-01 6.105369999999999964e-01 4.127299999999999858e-01
6.256129999999999747e-01 7.414039999999999520e-01 2.240550000000000042e-01 6.752209999999999601e-01 4.178629999999999844e-01
6.761169999999999680e-01 1.806740000000000013e-01 6.424809999999999688e-01 2.737020000000000008e-01 6.992990000000000039e-01
1.900660000000000127e-01 5.608720000000000372e-01 7.408420000000000005e-01 2.660930000000000240e-01 6.802629999999999511e-01
4.530500000000000083e-01 4.327280000000000015e-01 6.184060000000000112e-01 3.703569999999999918e-01 4.628970000000000029e-01
7.898849999999999483e-01 4.271059999999999857e-01 4.991680000000000006e-01 7.127520000000000522e-01 2.548540000000000250e-01
5.908320000000000238e-01 3.888809999999999767e-01 6.581890000000000240e-01 4.408940000000000081e-01 2.472509999999999986e-01
4.729410000000000003e-01 6.017379999999999951e-01 4.022620000000000084e-01 2.096780000000000033e-01 6.001509999999999900e-01
3.509720000000000062e-01 1.878460000000000130e-01 6.554450000000000554e-01 5.019240000000000368e-01 7.736709999999999976e-01
7.752029999999999754e-01 3.665519999999999889e-01 3.862700000000000022e-01 8.246299999999999741e-01 2.136959999999999971e-01
6.102020000000000222e-01 2.961469999999999936e-01 5.201440000000000508e-01 8.205339999999999856e-01 2.533569999999999989e-01
3.931290000000000062e-01 6.467669999999999808e-01 6.786050000000000137e-01 6.195410000000000084e-01 3.147880000000000122e-01
4.175920000000000187e-01 4.469369999999999732e-01 7.761339999999999906e-01 4.907329999999999748e-01 5.791680000000000161e-01
7.557570000000000121e-01 2.466230000000000089e-01 4.147109999999999963e-01 7.463560000000000194e-01 2.086780000000000024e-01
3.109109999999999929e-01 7.741510000000000336e-01 2.723789999999999822e-01 7.012460000000000360e-01 4.922159999999999869e-01
6.097759999999999847e-01 3.732509999999999994e-01 7.764259999999999495e-01 4.776619999999999755e-01 4.775539999999999785e-01
2.077459999999999862e-01 6.274440000000000017e-01 3.497460000000000013e-01 4.057859999999999800e-01 7.939669999999999783e-01
5.253430000000000044e-01 4.135300000000000087e-01 7.500970000000000137e-01 3.178670000000000107e-01 6.344600000000000239e-01
8.031740000000000546e-01 5.639440000000000008e-01 2.837230000000000030e-01 4.348389999999999755e-01 5.757729999999999793e-01
7.709350000000000369e-01 2.611959999999999837e-01 5.778809999999999780e-01 3.563140000000000196e-01 4.619409999999999905e-01
4.394210000000000060e-01 5.015269999999999451e-01 4.908100000000000240e-01 6.278120000000000367e-01 5.175579999999999625e-01
6.346000000000000529e-01 4.889640000000000097e-01 2.919780000000000153e-01 6.598690000000000389e-01 2.530850000000000044e-01
1.329740000000000089e-01 5.628640000000000310e-01 6.540519999999999667e-01 4.199789999999999912e-01 5.400059999999999860e-01
4.688339999999999730e-01 2.852199999999999736e-01 8.313960000000000239e-01 2.842580000000000107e-01 4.506149999999999878e-01
7.677540000000000475e-01 6.020360000000000156e-01 2.897700000000000276e-01 6.997980000000000311e-01 2.920409999999999950e-01
7.124770000000000270e-01 6.007379999999999942e-01 3.300620000000000220e-01 5.229190000000000227e-01 5.356389999999999763e-01
5.618880000000000541e-01 5.865839999999999943e-01 5.605350000000000055e-01 6.553959999999999786e-01 2.295030000000000125e-01
3.288470000000000004e-01 6.328570000000000029e-01 4.183580000000000076e-01 7.486580000000000457e-01 3.067079999999999806e-01
2.466609999999999914e-01 5.081339999999999746e-01 5.428730000000000500e-01 3.373619999999999952e-01 8.567019999999999635e-01
7.181619999999999671e-01 2.687510000000000177e-01 3.083580000000000210e-01 6.848140000000000338e-01 3.925710000000000033e-01
5.569150000000000489e-01 4.613789999999999836e-01 7.021020000000000039e-01 2.441780000000000062e-01 5.795679999999999721e-01
6.158940000000000525e-01 3.065829999999999944e-01 6.107810000000000183e-01 3.070499999999999896e-01 6.088919999999999888e-01
2.229899999999999938e-01 7.039830000000000254e-01 5.738659999999999872e-01 3.846180000000000154e-01 5.227969999999999562e-01
6.092079999999999718e-01 5.550840000000000218e-01 3.319420000000000148e-01 4.231139999999999901e-01 6.942639999999999922e-01
1.589379999999999959e-01 7.874419999999999753e-01 5.704519999999999591e-01 5.627790000000000292e-01 4.238569999999999838e-01
5.955129999999999590e-01 7.304490000000000149e-01 2.757629999999999804e-01 4.671819999999999862e-01 4.379100000000000215e-01
3.371890000000000165e-01 7.179499999999999771e-01 2.276370000000000060e-01 4.076130000000000031e-01 7.192190000000000527e-01
6.887680000000000469e-01 4.928049999999999931e-01 2.130180000000000129e-01 4.525649999999999951e-01 7.147339999999999804e-01
6.902869999999999839e-01 4.864959999999999840e-01 3.359849999999999781e-01 3.936620000000000119e-01 7.346690000000000165e-01
6.803050000000000486e-01 3.288800000000000057e-01 5.958820000000000228e-01 3.996950000000000225e-01 6.924390000000000267e-01
1.558589999999999975e-01 7.271760000000000446e-01 4.303299999999999903e-01 5.833190000000000319e-01 6.958459999999999646e-01
4.260220000000000118e-01 4.021890000000000187e-01 4.648990000000000067e-01 5.279040000000000399e-01 6.322119999999999962e-01
4.932179999999999898e-01 7.867370000000000196e-01 1.911319999999999963e-01 3.551130000000000120e-01 6.056580000000000297e-01
5.185149999999999482e-01 3.737500000000000266e-01 2.769179999999999975e-01 5.883760000000000101e-01 8.373530000000000140e-01
3.725950000000000095e-01 6.414520000000000222e-01 5.383769999999999945e-01 4.638200000000000101e-01 7.582940000000000236e-01
7.558709999999999596e-01 2.325180000000000025e-01 4.993529999999999913e-01 4.219260000000000232e-01 5.874160000000000492e-01
5.400169999999999693e-01 1.871690000000000020e-01 5.881589999999999874e-01 5.333090000000000330e-01 5.005849999999999467e-01
7.729040000000000354e-01 3.134910000000000196e-01 8.405080000000000329e-01 4.186349999999999794e-01 3.199679999999999747e-01
6.815130000000000354e-01 4.113879999999999759e-01 4.446379999999999777e-01 7.150600000000000289e-01 2.493599999999999983e-01
5.874239999999999462e-01 3.895819999999999839e-01 3.555209999999999759e-01 6.486309999999999576e-01 6.082189999999999541e-01
2.580339999999999856e-01 7.188710000000000377e-01 4.181320000000000037e-01 7.913040000000000074e-01 4.923409999999999731e-01
4.382909999999999862e-01 6.237209999999999699e-01 6.921380000000000310e-01 4.901989999999999958e-01 5.938090000000000312e-01
4.390410000000000146e-01 6.357329999999999925e-01 7.496199999999999530e-01 2.828330000000000011e-01 4.802609999999999935e-01
4.850650000000000239e-01 5.270359999999999490e-01 5.796620000000000106e-01 5.176929999999999588e-01 3.558390000000000164e-01
6.942150000000000265e-01 4.180639999999999912e-01 5.002959999999999630e-01 4.401869999999999949e-01 7.194249999999999812e-01
4.822670000000000012e-01 4.109999999999999765e-01 2.652639999999999998e-01 6.936489999999999601e-01 6.881760000000000099e-01
1.538569999999999938e-01 6.603419999999999845e-01 4.593659999999999966e-01 5.014009999999999856e-01 7.865109999999999602e-01
5.891110000000000513e-01 3.848260000000000014e-01 4.360879999999999757e-01 7.325909999999999922e-01 1.651680000000000093e-01
3.707420000000000160e-01 6.043469999999999676e-01 6.116540000000000310e-01 2.352470000000000117e-01 5.111550000000000260e-01
6.868459999999999566e-01 3.950640000000000263e-01 7.611560000000000548e-01 4.853859999999999841e-01 2.869639999999999969e-01
8.648959999999999981e-01 4.159999999999999809e-01 5.863110000000000266e-01 4.439710000000000045e-01 2.538540000000000241e-01
3.649290000000000034e-01 4.377900000000000125e-01 7.233370000000000077e-01 4.728559999999999985e-01 4.177259999999999862e-01
6.398350000000000426e-01 5.876519999999999522e-01 4.294100000000000139e-01 1.984070000000000000e-01 4.652399999999999869e-01
4.678269999999999929e-01 4.087279999999999802e-01 8.540780000000000038e-01 4.151989999999999847e-01 4.168680000000000163e-01
5.195750000000000091e-01 5.275530000000000497e-01 4.408679999999999821e-01 3.583729999999999971e-01 7.917039999999999633e-01
4.713579999999999992e-01 2.197260000000000046e-01 8.189880000000000493e-01 3.511600000000000277e-01 4.354339999999999877e-01
2.266499999999999904e-01 7.962099999999999733e-01 3.596969999999999890e-01 5.639809999999999546e-01 5.647600000000000398e-01
6.769859999999999767e-01 4.171340000000000048e-01 8.074459999999999971e-01 2.753539999999999877e-01 2.710330000000000239e-01
3.949929999999999830e-01 8.272680000000000033e-01 3.347229999999999928e-01 4.584639999999999826e-01 3.652980000000000116e-01
