5
22
0.517961 0.402638 0.5080519999999999 0.367738 0.6482019999999999 
0.657423 0.342257 0.565236 0.395809 0.512081 
0.676868 0.5316109999999999 0.489423 0.396658 0.436893 
0.482144 0.50663 0.453708 0.695366 0.462709 
0.502534 0.548499 0.286102 0.564672 0.612067 
0.717191 0.432549 0.501883 0.436991 0.403619 
0.530596 0.514916 0.539516 0.513334 0.345344 
0.534882 0.379629 0.622327 0.455665 0.455992 
0.422828 0.640836 0.330899 0.59841 0.547451 
0.282592 0.615031 0.528554 0.437441 0.54735 
0.408908 0.645755 0.432962 0.497064 0.481851 
0.426351 0.518661 0.56609 0.531975 0.502606 
0.43639 0.419361 0.621082 0.595517 0.442063 
0.350341 0.708094 0.509094 0.441651 0.562318 
0.469494 0.479192 0.498636 0.636135 0.376312 
0.331692 0.605438 0.49115 0.362974 0.594132 
0.558867 0.402977 0.442683 0.404033 0.63071 
0.390166 0.598481 0.567445 0.445794 0.542903 
0.551621 0.393839 0.5282750000000001 0.361545 0.59236 
0.477299 0.28402 0.636108 0.46568 0.619153 
0.559797 0.533828 0.437309 0.417377 0.643478 
0.444884 0.603166 0.241435 0.576124 0.5903389999999999 
