5
10
0.5656600000000001 0.408358 0.355823 0.489449 0.617479 
0.326138 0.713096 0.535146 0.498111 0.461507 
0.631701 0.398898 0.565179 0.413223 0.593228 
0.574234 0.371159 0.513344 0.5104959999999999 0.631466 
0.504749 0.453203 0.631572 0.32451 0.608971 
0.45697 0.543662 0.496743 0.463371 0.391683 
0.385207 0.547452 0.525033 0.391326 0.559236 
0.457905 0.389009 0.706435 0.463862 0.490159 
0.564252 0.436611 0.644701 0.440289 0.5322480000000001 
0.5871499999999999 0.328546 0.570925 0.480535 0.48632 
