5
566
0.003862 0.841148 0.907282 0.357756 0.499428 
0.285834 0.306213 0.9711649999999999 0.831473 0.16344 
0.748161 0.905493 0.67743 0.511634 0.475015 
0.61844 0.982587 0.683913 0.294537 0.039848 
0.991724 0.205873 0.981191 0.002918 0.452498 
0.29519 0.259351 0.51405 0.080669 0.94935 
0.639365 0.868718 0.944567 0.633923 0.072917 
0.133207 0.018072 0.427262 0.772958 0.87866 
0.810269 0.867709 0.242137 0.038527 0.30122 
0.955013 0.046962 0.519837 0.144733 0.319262 
0.862923 0.258845 0.999853 0.412447 0.121647 
0.5087660000000001 0.645397 0.002886 0.425879 0.77413 
0.816129 0.273175 0.249099 0.135968 0.974428 
0.999103 0.173183 0.999203 0.516804 0.007483 
0.897442 0.597763 0.7167 0.636157 0.001503 
0.287585 0.991486 0.521622 0.128967 0.5395759999999999 
0.597148 0.583833 0.99308 0.248275 0.087453 
0.776741 0.426355 0.206042 0.02715 0.775027 
0.17132 0.499931 0.469404 0.244679 0.997769 
0.002214 0.777365 0.243027 0.724128 0.685852 
0.601724 0.049682 0.996165 0.190213 0.520825 
0.612049 0.177774 0.165016 0.43404 0.9860640000000001 
0.968294 0.149914 0.639027 0.07462100000000001 0.665134 
0.187466 0.828005 0.096137 0.919689 0.171189 
0.011398 0.861131 0.170794 0.390366 0.951738 
0.677368 0.881431 0.314913 0.005795 0.63533 
0.770925 0.031304 0.764197 0.196093 0.943401 
0.130202 0.642474 0.002985 0.957584 0.6324689999999999 
0.368536 0.350641 0.911327 0.003476 0.8073129999999999 
0.196493 0.708461 0.093766 0.964668 0.251129 
0.424877 0.9956660000000001 0.183491 0.576869 0.313726 
0.82161 0.557797 0.98164 0.158102 0.149582 
0.34447 0.169586 0.015027 0.5967789999999999 0.7106130000000001 
0.032327 0.368338 0.783585 0.871321 0.201532 
0.020193 0.646952 0.945429 0.198703 0.994336 
0.982784 0.256198 0.327746 0.257757 0.171805 
0.690675 0.07661800000000001 0.8379720000000001 0.021821 0.562964 
0.012319 0.815266 0.592741 0.409166 0.349375 
0.81557 0.001334 0.836745 0.81264 0.255696 
0.547612 0.331534 0.011442 0.59773 0.969376 
0.140527 0.787332 0.269601 0.587356 0.155649 
0.550363 0.715577 0.9391389999999999 0.111639 0.08133700000000001 
0.889499 0.132518 0.586114 0.431824 0.002844 
0.997302 0.010732 0.5711889999999999 0.9369150000000001 0.018091 
0.990922 0.619812 0.382029 0.074986 0.6409010000000001 
0.567388 0.848908 0.758822 0.02573 0.060571 
0.815605 0.098242 0.111006 0.510253 0.843925 
0.082236 0.976324 0.801015 0.371065 0.271066 
0.614142 0.196228 0.5440430000000001 0.451885 0.994045 
0.305357 0.741944 0.366662 0.818111 0.794269 
0.106744 0.207629 0.523605 0.987628 0.478344 
0.949918 0.297544 0.7692 0.410706 0.7268 
0.73771 0.009991999999999999 0.970157 0.543254 0.124036 
0.968519 0.320773 0.004808 0.8994529999999999 0.026152 
0.42588 0.140597 0.702141 0.008507000000000001 0.942252 
0.193217 0.455788 0.992902 0.455466 0.225074 
0.882884 0.041025 0.758598 0.326392 0.878305 
0.166793 0.941559 0.37646 0.982241 0.148134 
0.18587 0.843897 0.269408 0.088606 0.928963 
0.296843 0.364118 0.561044 0.880287 0.849794 
0.301852 0.782206 0.01396 0.714689 0.037873 
0.9509649999999999 0.312228 0.336969 0.073797 0.843498 
0.056509 0.40275 0.94587 0.813712 0.157591 
0.441668 0.25673 0.36033 0.998122 0.648099 
0.217527 0.814325 0.898964 0.023781 0.837887 
0.766997 0.163542 0.332585 0.540992 0.985418 
0.888088 0.7206399999999999 0.285411 0.032909 0.342046 
0.233875 0.986661 0.329922 0.034566 0.713883 
0.32707 0.433511 0.972283 0.207882 0.204187 
0.075908 0.988155 0.649083 0.628146 0.460447 
0.024822 0.430966 0.507973 0.942503 0.690665 
0.753171 0.052652 0.684801 0.023831 0.736646 
0.035131 0.744741 0.609491 0.611388 0.861217 
0.64211 0.065566 0.891633 0.325004 0.907218 
0.950893 0.295647 0.711669 0.64196 0.553179 
0.502883 0.251523 0.386333 0.995738 0.263027 
0.888551 0.198521 0.038584 0.762731 0.6520590000000001 
0.172473 0.703474 0.898942 0.06682 0.257736 
0.994857 0.890991 0.020945 0.599949 0.030735 
0.7782750000000001 0.591948 0.319491 0.068079 0.286374 
0.837287 0.110074 0.569041 0.04387 0.464075 
0.395783 0.493613 0.679366 0.000447 0.820317 
0.100217 0.034302 0.803943 0.526927 0.663722 
0.077556 0.489795 0.516483 0.745896 0.993993 
0.056115 0.476426 0.988969 0.478873 0.273617 
0.6827220000000001 0.098605 0.561632 0.00516 0.681149 
0.267411 0.971718 0.916615 0.619684 0.169015 
0.997879 0.112604 0.668526 0.84134 0.076096 
0.686878 0.563414 0.00347 0.943625 0.193367 
0.833558 0.7404849999999999 0.266085 0.966571 0.09710199999999999 
0.918034 0.008214000000000001 0.599397 0.606392 0.708713 
0.351053 0.875107 0.312069 0.224244 0.266275 
0.956296 0.120546 0.351106 0.374589 0.973518 
0.087307 0.364598 0.5418500000000001 0.853526 0.212717 
0.754197 0.987607 0.124499 0.40234 0.308272 
0.510141 0.967908 0.034124 0.706299 0.311777 
0.959973 0.056924 0.964264 0.268088 0.488756 
0.917905 0.305698 0.032291 0.732221 0.668502 
0.990483 0.538165 0.036324 0.5424 0.141709 
0.248994 0.070075 0.693899 0.9471810000000001 0.257355 
0.152469 0.974013 0.115442 0.259663 0.881671 
0.89852 0.061177 0.471734 0.09135600000000001 0.806612 
0.13476 0.975725 0.08432199999999999 0.736087 0.646015 
0.08287 0.952251 0.09153500000000001 0.982777 0.458494 
0.5976900000000001 0.378184 0.998355 0.240096 0.122468 
0.029345 0.039696 0.653881 0.9330270000000001 0.480298 
0.078357 0.848779 0.350961 0.579192 0.948476 
0.19917 0.579224 0.9885699999999999 0.221799 0.754995 
0.206034 0.677683 0.27888 0.049433 0.924683 
0.147964 0.983824 0.648998 0.613366 0.464528 
0.42139 0.900865 0.888301 0.051326 0.556291 
0.979361 0.522598 0.101687 0.962391 0.050483 
0.995304 0.100788 0.5393289999999999 0.858216 0.367828 
0.032411 0.848777 0.720404 0.7030690000000001 0.400069 
0.416623 0.085313 0.983959 0.975271 0.602185 
0.004507 0.371947 0.304078 0.571563 0.943708 
0.072426 0.541496 0.260246 0.774626 0.985573 
0.252503 0.40228 0.917178 0.31556 0.98899 
0.9513819999999999 0.314409 0.45433 0.04743 0.79255 
0.342102 0.909763 0.904596 0.045613 0.486172 
0.046406 0.998198 0.625645 0.373426 0.6193419999999999 
0.961503 0.569241 0.182508 0.01988 0.5704050000000001 
0.223844 0.645463 0.847691 0.018007 0.467433 
0.867059 0.9126030000000001 0.463463 0.027187 0.54204 
0.046076 0.943509 0.463294 0.397208 0.293922 
0.9495170000000001 0.019074 0.384237 0.5191249999999999 0.428327 
0.631996 0.004477 0.635534 0.553107 0.8927929999999999 
0.985602 0.572624 0.801482 0.026542 0.62738 
0.944964 0.099565 0.828686 0.042794 0.575883 
0.579191 0.741285 0.01954 0.154957 0.961989 
0.055223 0.212348 0.67521 0.134436 0.769327 
0.049328 0.8342619999999999 0.913961 0.03377 0.675418 
0.029922 0.667193 0.495595 0.991132 0.343136 
0.988155 0.792419 0.370066 0.124199 0.082131 
0.485635 0.002697 0.173421 0.80688 0.789483 
0.316295 0.9184020000000001 0.117139 0.645293 0.870744 
0.964189 0.19891 0.242591 0.951805 0.381614 
0.692906 0.350905 0.002129 0.8740019999999999 0.573569 
0.968498 0.118039 0.801393 0.12347 0.7270759999999999 
0.067825 0.956686 0.482674 0.132561 0.951457 
0.774034 0.028489 0.231845 0.939035 0.615437 
0.001691 0.960665 0.237441 0.6585029999999999 0.655477 
0.618038 0.25281 0.018722 0.851505 0.356557 
0.469398 0.058346 0.11713 0.803666 0.97367 
0.164617 0.224032 0.747586 0.041983 0.906714 
0.057445 0.066249 0.56591 0.732551 0.7789469999999999 
0.193493 0.389394 0.541562 0.965077 0.155877 
0.158276 0.971975 0.164976 0.382791 0.956869 
0.207802 0.96152 0.647986 0.181847 0.975828 
0.155735 0.849339 0.232662 0.995225 0.311285 
0.606241 0.872447 0.014078 0.165316 0.784482 
0.303983 0.666835 0.544057 0.019392 0.530389 
0.037199 0.303379 0.741042 0.961404 0.664376 
0.08454100000000001 0.153702 0.907733 0.070538 0.923325 
0.068536 0.512389 0.891004 0.967267 0.500682 
0.014661 0.613937 0.8208220000000001 0.68547 0.148576 
0.059611 0.023391 0.454855 0.9580379999999999 0.910232 
0.838723 0.831039 0.002784 0.285571 0.745181 
0.598289 0.1254 0.520149 0.384623 0.185482 
0.585874 0.536764 0.954108 0.330777 0.008751 
0.000288 0.582138 0.9712229999999999 0.464465 0.813496 
0.214315 0.514327 0.932772 0.954885 0.150788 
0.212221 0.184234 0.908978 0.329285 0.9715240000000001 
0.441514 0.993375 0.050053 0.625194 0.365192 
0.960654 0.086285 0.117713 0.641522 0.7908579999999999 
0.162505 0.5963310000000001 0.223658 0.307888 0.985967 
0.49062 0.5648609999999999 0.356598 0.152582 0.993201 
0.026579 0.260192 0.938885 0.974017 0.424909 
0.955276 0.176138 0.262089 0.952053 0.001481 
0.765228 0.013493 0.493768 0.766157 0.033572 
0.061495 0.446807 0.769617 0.946513 0.146343 
0.23936 0.776022 0.163878 0.830268 0.031287 
0.969042 0.729345 0.186104 0.862545 0.025693 
0.993189 0.604982 0.5510429999999999 0.162934 0.320637 
0.560922 0.716986 0.221638 0.38074 0.999979 
0.40586 0.984166 0.459318 0.039668 0.581772 
0.6437580000000001 0.137041 0.218494 0.480601 0.99968 
0.185943 0.57294 0.598532 0.990838 0.609289 
0.833128 0.193778 0.970245 0.018837 0.13964 
0.686133 0.214556 0.789668 0.967886 0.00749 
0.990918 0.332619 0.005196 0.280088 0.387723 
0.378865 0.565117 0.99887 0.468738 0.280668 
0.403305 0.26847 0.059116 0.964969 0.426889 
0.469959 0.993773 0.390613 0.130184 0.650759 
0.203606 0.9981449999999999 0.507275 0.460236 0.574175 
0.942061 0.391654 0.52436 0.929291 0.29946 
0.670498 0.9740529999999999 0.153347 0.037182 0.56998 
0.140242 0.853202 0.284599 0.603795 0.999885 
0.535362 0.927729 0.931061 0.150744 0.128307 
0.369416 0.777269 0.05692 0.996967 0.176684 
0.086635 0.433761 0.313651 0.977594 0.5266690000000001 
0.858343 0.159403 0.962036 0.218564 0.748542 
0.455629 0.93509 0.832878 0.051036 0.200985 
0.453015 0.013397 0.829547 0.302657 0.98564 
0.007642 0.908537 0.230424 0.457286 0.846296 
0.972646 0.001803 0.981905 0.066099 0.199011 
0.550082 0.005594 0.74946 0.601474 0.15675 
0.100789 0.388971 0.130342 0.720595 0.857159 
0.095266 0.747026 0.589651 0.024959 0.899986 
0.916133 0.208774 0.36825 0.034608 0.614698 
0.001092 0.254708 0.552612 0.711205 0.719517 
0.161623 0.989048 0.19937 0.661034 0.359537 
0.329245 0.93505 0.216047 0.98667 0.065039 
0.232851 0.9038079999999999 0.152147 0.667277 0.063884 
0.452763 0.888558 0.959877 0.263753 0.248018 
0.933882 0.136045 0.039439 0.641446 0.548529 
0.111686 0.952609 0.264068 0.916852 0.090681 
0.211631 0.834657 0.955059 0.3542 0.197402 
0.229915 0.551603 0.04575 0.377102 0.738367 
0.60482 0.034201 0.895373 0.07221900000000001 0.951002 
0.944288 0.831875 0.531277 0.266799 0.06197 
0.17992 0.013395 0.69702 0.615621 0.976709 
0.31949 0.025195 0.893331 0.724638 0.748645 
0.720543 0.048224 0.040785 0.8426979999999999 0.660686 
0.830689 0.945537 0.506617 0.194758 0.431758 
0.056759 0.526419 0.820234 0.016222 0.9718830000000001 
0.013851 0.179499 0.522015 0.798028 0.909738 
0.993333 0.516931 0.220517 0.141283 0.833892 
0.263319 0.221925 0.858037 0.01159 0.920598 
0.010001 0.915014 0.726888 0.236353 0.515444 
0.696982 0.717576 0.336829 0.331533 0.029304 
0.0009 0.456197 0.735325 0.292251 0.972247 
0.878318 0.241097 0.319208 0.905211 0.6691589999999999 
0.065307 0.979722 0.007887 0.360907 0.849881 
0.042662 0.392017 0.175055 0.726598 0.899467 
0.997122 0.744263 0.244423 0.77481 0.371589 
0.010671 0.905354 0.059161 0.882046 0.417105 
0.13461 0.907648 0.113565 0.530447 0.963319 
0.487067 0.810241 0.003682 0.856797 0.119119 
0.036644 0.202255 0.902438 0.976426 0.41579 
0.452286 0.878531 0.835662 0.11712 0.068657 
0.758211 0.209891 0.309033 0.201045 0.978177 
0.410729 0.289609 0.8929550000000001 0.002582 0.723307 
0.001091 0.428439 0.966463 0.7454499999999999 0.564596 
0.110562 0.364403 0.990827 0.593467 0.705915 
0.9952260000000001 0.235543 0.690195 0.483813 0.536392 
0.7680090000000001 0.015464 0.576221 0.593974 0.886304 
0.374072 0.580242 0.393948 0.009704000000000001 0.672291 
0.398373 0.929522 0.037828 0.672229 0.240036 
0.538726 0.5122370000000001 0.9978939999999999 0.311253 0.161105 
0.169038 0.94037 0.482715 0.849108 0.00042 
0.537416 0.386597 0.024523 0.964978 0.433512 
0.408359 0.086339 0.476228 0.806944 0.998518 
0.354471 0.943901 0.212288 0.507273 0.023861 
0.973982 0.648797 0.7335469999999999 0.441885 0.02603 
0.033001 0.793139 0.712425 0.271755 0.923434 
0.250707 0.858749 0.232496 0.232249 0.979162 
0.94219 0.462068 0.009736 0.424001 0.735801 
0.059962 0.532192 0.119026 0.567547 0.945369 
0.75337 0.891032 0.004306 0.648844 0.291447 
0.059996 0.005946 0.812061 0.432641 0.962789 
0.163275 0.02319 0.893656 0.480043 0.913516 
0.052839 0.958492 0.012324 0.78544 0.737948 
0.157982 0.96262 0.583437 0.047122 0.598542 
0.167542 0.854032 0.573141 0.030714 0.526854 
0.479176 0.99109 0.26453 0.572002 0.722063 
0.420505 0.145542 0.7266359999999999 0.022075 0.586798 
0.851534 0.916721 0.393784 0.016827 0.375227 
0.974445 0.13693 0.992604 0.210301 0.042669 
0.494696 0.327969 0.750314 0.449934 0.980167 
0.828763 0.942628 0.088411 0.086676 0.433157 
0.577639 0.191419 0.033531 0.949053 0.724606 
0.193848 0.838822 0.241219 0.063425 0.894629 
0.273082 0.93076 0.362935 0.935291 0.383244 
0.829998 0.086565 0.470238 0.749889 0.867734 
0.893685 0.359751 0.477809 0.108252 0.926625 
0.086975 0.755119 0.083151 0.400724 0.694152 
0.981568 0.607217 0.024834 0.297759 0.405731 
0.115537 0.265742 0.55774 0.208062 0.926936 
0.627824 0.860783 0.453058 0.287859 0.005755 
0.957137 0.026615 0.284069 0.603614 0.655031 
0.609854 0.181408 0.477515 0.9837129999999999 0.047879 
0.98727 0.024205 0.992045 0.776948 0.301741 
0.05234 0.763601 0.709672 0.333077 0.25815 
0.445303 0.482177 0.149102 0.997715 0.273812 
0.565496 0.000246 0.5677489999999999 0.842821 0.755174 
0.038457 0.562144 0.936484 0.53627 0.211626 
0.205403 0.00066 0.371509 0.6894400000000001 0.967511 
0.395286 0.384616 0.492833 0.459537 0.060029 
0.673256 0.00277 0.859388 0.288259 0.080388 
0.57439 0.766192 0.649547 0.043089 0.091517 
0.189261 0.84997 0.22256 0.668972 0.964381 
0.741635 0.127741 0.695497 0.303698 0.951345 
0.471779 0.448586 0.294441 0.996727 0.085011 
0.981465 0.585762 0.836137 0.241964 0.011851 
0.686323 0.810966 0.431363 0.510768 0.733735 
0.493146 0.963687 0.614303 0.037575 0.415944 
0.31535 0.865344 0.477995 0.004248 0.971276 
0.444617 0.598048 0.122172 0.563493 0.9853420000000001 
0.219652 0.333877 0.308019 0.6214 0.99943 
0.053372 0.294759 0.992743 0.190525 0.843465 
0.218755 0.963341 0.146443 0.37299 0.324236 
0.932835 0.07585799999999999 0.359511 0.7749819999999999 0.756839 
0.973173 0.339464 0.244892 0.957225 0.249331 
0.267923 0.955719 0.046217 0.857951 0.231995 
0.37231 0.989729 0.075127 0.271867 0.7604300000000001 
0.90123 0.794106 0.576841 0.221135 0.017451 
0.734735 0.292737 0.839602 0.19145 0.915774 
0.114359 0.495528 0.620372 0.736316 0.112443 
0.109913 0.743245 0.012722 0.504619 0.833091 
0.5779300000000001 0.0958 0.0911 0.59599 0.587407 
0.855866 0.223883 0.032822 0.921335 0.272273 
0.358129 0.443696 0.149688 0.148474 0.854372 
0.339105 0.875908 0.033387 0.983914 0.241862 
0.647906 0.630699 0.549971 0.048831 0.957372 
0.8581800000000001 0.361571 0.000127 0.387955 0.575912 
0.990098 0.042154 0.936169 0.157655 0.510676 
0.175125 0.166915 0.983565 0.019015 0.9776359999999999 
0.990115 0.416303 0.020668 0.348589 0.569091 
0.266784 0.871727 0.320331 0.83027 0.721229 
0.768505 0.049966 0.732939 0.02982 0.770342 
0.321457 0.341727 0.008626999999999999 0.7997919999999999 0.636532 
0.391719 0.991996 0.491965 0.043294 0.891228 
0.32309 0.169021 0.422838 0.249522 0.993165 
0.361827 0.272109 0.086129 0.8485 0.96416 
0.021107 0.218609 0.937369 0.463355 0.49864 
0.21364 0.778365 0.296828 0.129544 0.998606 
0.443014 0.927898 0.108633 0.922742 0.029579 
0.108383 0.916317 0.215972 0.092074 0.844408 
0.786833 0.980086 0.576922 0.093289 0.090424 
0.710856 0.114568 0.955752 0.393984 0.051349 
0.052158 0.256598 0.499261 0.5988329999999999 0.988788 
0.696742 0.880811 0.054797 0.382318 0.788909 
0.889236 0.552767 0.095918 0.051463 0.774309 
0.18932 0.830526 0.220472 0.9867359999999999 0.039515 
0.911632 0.031354 0.256228 0.953191 0.165857 
0.57461 0.951332 0.545329 0.000141 0.397166 
0.616704 0.918698 0.313532 0.08261400000000001 0.888126 
0.000302 0.399934 0.975456 0.261454 0.707834 
0.847989 0.008753 0.293607 0.790512 0.180683 
0.90895 0.306945 0.214052 0.7273810000000001 0.005792 
0.201708 0.571577 0.281058 0.993292 0.720842 
0.8397829999999999 0.167413 0.785278 0.706028 0.006655 
0.476463 0.8561800000000001 0.013841 0.971685 0.12542 
0.680732 0.387362 0.023404 0.693385 0.955322 
0.435399 0.220225 0.731423 0.988461 0.010739 
0.576802 0.994482 0.569112 0.169877 0.177476 
0.239235 0.06384099999999999 0.763507 0.040904 0.9309269999999999 
0.351319 0.14724 0.706269 0.9817129999999999 0.122118 
0.737032 0.002807 0.618652 0.671942 0.207602 
0.837544 0.226385 0.066792 0.996824 0.150227 
0.237017 0.624872 0.90405 0.460928 0.016239 
0.126611 0.235471 0.8588440000000001 0.799038 0.762192 
0.332066 0.634103 0.434767 0.152647 0.369912 
0.425819 0.5774319999999999 0.73272 0.006203 0.932713 
0.610067 0.0006669999999999999 0.940709 0.138576 0.950633 
0.136776 0.840931 0.10455 0.470084 0.957373 
0.297558 0.328915 0.9962569999999999 0.410153 0.314274 
0.262888 0.43713 0.740325 0.932296 0.028678 
0.947641 0.119632 0.073544 0.513585 0.530071 
0.982523 0.199725 0.219295 0.585338 0.076914 
0.5560079999999999 0.483419 0.33849 0.997635 0.616139 
0.780045 0.148177 0.990174 0.42899 0.062041 
0.928617 0.609599 0.094222 0.030601 0.485032 
0.974438 0.377785 0.14672 0.915692 0.24375 
0.978326 0.270917 0.687125 0.237677 0.83016 
0.487317 0.016729 0.8312659999999999 0.959105 0.243035 
0.30148 0.398555 0.981019 0.243622 0.947942 
0.83525 0.381409 0.358541 0.986388 0.318507 
0.061203 0.952111 0.666038 0.151136 0.822555 
0.687025 0.311772 0.018136 0.924281 0.595195 
0.800984 0.022253 0.995453 0.711288 0.282224 
0.237438 0.988625 0.232954 0.755767 0.405128 
0.157241 0.218395 0.716544 0.994449 0.497038 
0.6530359999999999 0.640786 0.055277 0.995252 0.069933 
0.033615 0.440505 0.886928 0.989044 0.524192 
0.37511 0.053087 0.813414 0.102307 0.953566 
0.864111 0.629582 0.103658 0.974726 0.08357199999999999 
0.571942 0.146982 0.314146 0.869774 0.884676 
0.512042 0.297332 0.946785 0.069788 0.929207 
0.702362 0.011493 0.423383 0.792031 0.831386 
0.122121 0.318664 0.998654 0.75303 0.569394 
0.027868 0.573773 0.997273 0.216716 0.56898 
0.006062 0.832793 0.745312 0.572757 0.448742 
0.8339839999999999 0.004166 0.638651 0.828711 0.5755 
0.497671 0.828179 0.08858199999999999 0.7230760000000001 0.01662 
0.985656 0.083718 0.32595 0.687921 0.221346 
0.624293 0.027411 0.556873 0.949759 0.156269 
0.402201 0.920181 0.223742 0.562508 0.016066 
0.666478 0.6095159999999999 0.950337 0.543368 0.028015 
0.489139 0.947932 0.07449699999999999 0.42785 0.800563 
0.943317 0.043919 0.639134 0.484772 0.793004 
0.565302 0.204512 0.562236 0.181052 0.9887049999999999 
0.487693 0.998712 0.506213 0.074379 0.899539 
0.0876 0.726185 0.770945 0.611482 0.035233 
0.990632 0.048683 0.346217 0.664247 0.457527 
0.029421 0.746572 0.444313 0.121831 0.8893489999999999 
0.001264 0.682022 0.323013 0.773586 0.53744 
0.411712 0.840326 0.256477 0.864022 0.700099 
0.027729 0.485678 0.303104 0.530031 0.682513 
0.336967 0.954856 0.081676 0.550377 0.8314 
0.149493 0.088293 0.249413 0.889074 0.904913 
0.446792 0.497709 0.998798 0.555053 0.354647 
0.403489 0.07452 0.553303 0.866889 0.885105 
0.785507 0.874411 0.706094 0.371713 0.0266 
0.671578 0.013015 0.76874 0.078615 0.889911 
0.131832 0.875745 0.782079 0.036842 0.863618 
0.6163689999999999 0.954213 0.614915 0.015516 0.547372 
0.597626 0.016146 0.237414 0.773324 0.893968 
0.5835900000000001 0.384597 0.285978 0.991711 0.697825 
0.846943 0.739223 0.003696 0.690397 0.012013 
0.201681 0.828429 0.037784 0.976868 0.443686 
0.504018 0.928829 0.039455 0.650502 0.6305460000000001 
0.501186 0.351097 0.74246 0.86502 0.005204 
0.919911 0.301752 0.945481 0.012647 0.804094 
0.892109 0.926378 0.201795 0.463736 0.036884 
0.061356 0.823021 0.485642 0.973173 0.12452 
0.6977950000000001 0.085853 0.556656 0.061726 0.957885 
0.916061 0.433016 0.995263 0.264696 0.336707 
0.95389 0.222131 0.013506 0.625404 0.718157 
0.100613 0.968405 0.772409 0.07748099999999999 0.655188 
0.521963 0.410197 0.560767 0.104142 0.342172 
0.330873 0.8280960000000001 0.138464 0.886784 0.790873 
0.5464329999999999 0.026836 0.822845 0.896392 0.181139 
0.414912 0.066996 0.308091 0.989839 0.783667 
0.30556 0.79503 0.013119 0.8416709999999999 0.6883359999999999 
0.07055599999999999 0.696144 0.277277 0.375849 0.997093 
0.847704 0.921108 0.09454 0.475408 0.586988 
0.976702 0.411747 0.142102 0.768238 0.501799 
0.808144 0.999478 0.221381 0.7059609999999999 0.046174 
0.47667 0.741854 0.925426 0.247076 0.022147 
0.962939 0.765618 0.377737 0.255051 0.599177 
0.11307 0.950435 0.522971 0.612791 0.663768 
0.518467 0.978539 0.275955 0.92274 0.008618000000000001 
0.037374 0.796503 0.420032 0.089492 0.89483 
0.5904779999999999 0.016649 0.446148 0.317737 0.64179 
0.088531 0.562548 0.230273 0.24292 0.890069 
0.426495 0.5378309999999999 0.025326 0.184133 0.949312 
0.577579 0.055452 0.996978 0.508012 0.345924 
0.599754 0.287623 0.33935 0.031132 0.896981 
0.790174 0.034123 0.475322 0.958776 0.364471 
0.03901 0.9847399999999999 0.333618 0.492433 0.353366 
0.28699 0.39349 0.470275 0.040968 0.857398 
0.539543 0.476583 0.001155 0.566603 0.557122 
0.115633 0.292507 0.259716 0.5318079999999999 0.924391 
0.11771 0.07181800000000001 0.9834270000000001 0.377105 0.481716 
0.116675 0.828933 0.874931 0.61872 0.020484 
0.320475 0.5956979999999999 0.834842 0.513947 0.771181 
0.511856 0.07893699999999999 0.86322 0.012502 0.879257 
0.8681950000000001 0.074239 0.985124 0.576156 0.06834 
0.841831 0.9112749999999999 0.573589 0.022523 0.296427 
0.73431 0.011907 0.355657 0.541511 0.8536859999999999 
0.147114 0.481631 0.94635 0.47754 0.09655 
0.192553 0.09351 0.875908 0.174052 0.994463 
0.86835 0.985515 0.315868 0.826753 0.000511 
0.532533 0.057345 0.180709 0.411518 0.97653 
0.595708 0.592554 0.999701 0.012456 0.124276 
0.058431 0.618121 0.130105 0.967751 0.648766 
0.943917 0.070066 0.220285 0.396332 0.943801 
 0.983 0.693902 0.009705 0.8180229999999999 0.061795 
0.759522 0.420691 0.034435 0.894434 0.686725 
0.000352 0.893142 0.37654 0.38755 0.874942 
0.856639 0.331266 0.779034 0.831506 0.005714 
0.907251 0.818327 0.06329799999999999 0.607661 0.56033 
0.918939 0.95321 0.226646 0.060145 0.342249 
0.323548 0.691329 0.98446 0.56308 0.314211 
0.589711 0.97542 0.312541 0.020371 0.450337 
0.660343 0.040871 0.266847 0.963086 0.420399 
0.869908 0.953488 0.028267 0.351039 0.586785 
0.129827 0.012326 0.989656 0.879513 0.385951 
0.496105 0.746001 0.021011 0.995929 0.588884 
0.897072 0.486785 0.01135 0.166926 0.474051 
0.881366 0.450144 0.879422 0.292078 0.663979 
0.834029 0.136566 0.736649 0.008954 0.778936 
0.615307 0.961815 0.283354 0.00757 0.335102 
0.791003 0.020182 0.990418 0.098844 0.702214 
0.35214 0.916713 0.008848 0.881788 0.405248 
0.159896 0.973615 0.792077 0.664667  0.139 
0.997991 0.202614 0.6371869999999999 0.896902 0.051825 
0.6433140000000001 0.826159 0.139943 0.92352 0.008411999999999999 
0.517379 0.445367 0.93923 0.769713 0.030526 
0.428969 0.608134 0.850583 0.128306 0.981473 
0.957234 0.953543 0.177054 0.207301 0.196941 
0.737286 0.002648 0.945524 0.955677 0.377207 
0.914364 0.030629 0.937869 0.186347 0.578609 
0.301937 0.687607 0.8667049999999999 0.6958220000000001 0.019504 
0.810951 0.086395 0.683569 0.991459 0.019433 
0.005538 0.974899 0.258094 0.752885 0.399977 
0.697402 0.488648 0.970872 0.019778 0.518713 
0.963298 0.308579 0.063883 0.129116 0.838884 
0.122492 0.46752 0.127312 0.924472 0.464992 
0.260095 0.931939 0.548437 0.186261 0.240434 
0.638006 0.478193 0.200594 0.994928 0.546941 
0.573975 0.527706 0.077767 0.036796 0.847867 
0.964912 0.815394 0.092399 0.041892 0.566076 
0.500416 0.799933 0.000886 0.821011 0.420494 
0.844429 0.886164 0.066135 0.065169 0.662311 
0.292149 0.07113999999999999 0.9619490000000001 0.196626 0.7153890000000001 
0.386876 0.317574 0.196299 0.987307 0.498489 
0.965629 0.5603669999999999 0.900942 0.222101 0.214232 
0.931279 0.243715 0.845266 0.398226 0.004752 
0.009462 0.754812 0.834642 0.779192 0.236121 
0.501413 0.670736 0.165232 0.105146 0.541578 
0.421502 0.980584 0.641221 0.454027 0.002892 
0.004369 0.458841 0.743597 0.633939 0.250313 
0.155084 0.905287 0.54212 0.976212 0.001308 
0.008551 0.589622 0.642562 0.923142 0.697959 
0.99999 0.636863 0.184134 0.706878 0.099494 
0.872123 0.470099 0.005176 0.794329 0.607478 
0.446266 0.267136 0.86608 0.057938 0.407443 
0.360876 0.433429 0.999314 0.324057 0.286164 
0.867878 0.253145 0.21205 0.156436 0.959485 
0.173404 0.989104 0.8706390000000001 0.300212 0.142365 
0.389337 0.331093 0.976556 0.645203 0.028166 
0.421497 0.394835 0.006882 0.409801 0.949873 
0.454722 0.801903 0.150111 0.94112 0.022427 
0.223374 0.522385 0.989995 0.042367 0.544049 
0.5594519999999999 0.035635 0.304876 0.908867 0.090319 
0.042904 0.982514 0.49939 0.693699 0.075294 
0.5705249999999999 0.980121 0.185506 0.107684 0.475872 
0.014646 0.250378 0.845208 0.577067 0.7362379999999999 
0.634827 0.976163 0.100274 0.8919899999999999 0.034293 
0.738878 0.63262 0.542762 0.001879 0.719033 
0.067012 0.582031 0.379152 0.197195 0.64967 
0.835042 0.460355 0.029234 0.971205 0.348865 
0.212892 0.523384 0.111317 0.251963 0.966103 
0.331946 0.987496 0.631982 0.462233 0.505061 
0.9538759999999999 0.141953 0.649091 0.043661 0.564574 
0.183249 0.693279 0.08593099999999999 0.957111 0.749922 
0.017402 0.949089 0.031585 0.642158 0.769766 
0.062199 0.971631 0.609891 0.15622 0.764436 
0.858955 0.965134 0.239772 0.146122 0.546041 
0.056571 0.849063 0.291254 0.374707 0.404956 
0.426956 0.22693 0.222894 0.222446 0.968991 
0.028135 0.507213 0.608978 0.22354 0.531278 
0.29449 0.782182 0.815681 0.001757 0.783714 
0.9733540000000001 0.888427 0.687566 0.407731 0.133653 
0.04298 0.986111 0.492769 0.229138 0.781633 
0.934312 0.610324 0.047154 0.250498 0.838899 
0.16907 0.325273 0.9802729999999999 0.5611429999999999 0.109409 
0.407082 0.946353 0.195768 0.774073 0.669521 
0.080884 0.376036 0.89208 0.197763 0.56243 
0.146781 0.527362 0.187917 0.7262380000000001 0.274812 
0.581799 0.94255 0.349775 0.087634 0.196312 
0.239029 0.879403 0.369821 0.993189 0.189546 
0.716189 0.601759 0.133662 0.9941 0.144882 
0.725447 0.07295500000000001 0.242163 0.814875 0.858214 
0.101789 0.872104 0.559053 0.939341 0.116239 
0.045239 0.661253 0.222614 0.964095 0.797266 
0.558492 0.000342 0.640674 0.685983 0.704742 
0.421075 0.442323 0.039161 0.207194 0.954124 
0.241055 0.680903 0.976502 0.137594 0.618322 
0.507781 0.988355 0.08647299999999999 0.761442 0.471965 
0.096389 0.954112 0.305172 0.745382 0.669351 
0.804486 0.394042 0.101323 0.611163 0.992766 
0.6327199999999999 0.948882 0.604726 0.011634 0.646542 
0.719557 0.158567 0.964971 0.70814 0.025208 
0.183758 0.732129 0.9105760000000001 0.6070719999999999 0.556634 
0.609936 0.984169 0.268606 0.983468 0.306099 
0.544229 0.566293 0.334098 0.012748 0.977236 
0.752156 0.575271 0.002917 0.747347 0.003542 
0.936341 0.179262 0.641335 0.018484 0.332795 
0.102646 0.397102 0.465306 0.852132 0.97571 
0.155424 0.357751 0.816649 0.6029870000000001 0.996499 
0.562496 0.100326 0.973485 0.007071 0.864236 
0.80067 0.879912 0.584878 0.327139 0.007415 
0.550158 0.9593390000000001 0.781986 0.519243 0.235105 
0.145207 0.899516 0.599208 0.009665 0.594168 
0.89891 0.555246 0.008281999999999999 0.210257 0.973737 
0.305978 0.733528 0.947229 0.056593 0.824847 
0.775674 0.8141890000000001 0.192588 0.260205 0.846093 
0.311577 0.876092 0.281927 0.543009 0.935958 
0.950049 0.001685 0.226406 0.845139 0.242836 
0.992128 0.251035 0.885524 0.063455 0.685279 
0.435971 0.007086 0.524611 0.6296310000000001 0.946211 
0.673721 0.477614 0.462726 0.199614 0.993717 
