5
1206
0.542897 0.492949 0.206965 0.221966 0.668061 
0.045438 0.642106 0.391322 0.491193 0.894877 
0.477105 0.061931 0.618046 0.494395 0.88574 
0.118032 0.376409 0.8348950000000001 0.753128 0.543583 
0.526537 0.888592 0.088849 0.488279 0.341692 
0.420191 0.810329 0.461075 0.414518 0.115976 
0.7847 0.663386 0.793605 0.267721 0.283821 
0.314776 0.708774 0.413671 0.796412 0.059773 
0.9339769999999999 0.258822 0.687272 0.507829 0.456074 
0.239223 0.536052 0.806831 0.549458 0.146332 
0.627704 0.481826 0.03679 0.799055 0.393739 
0.436442 0.271061 0.962001 0.09926 0.75163 
0.711053 0.615994 0.777567 0.126011 0.568226 
0.251646 0.941531 0.343764 0.275927 0.840015 
0.482645 0.891562 0.236183 0.826752 0.120823 
0.821457 0.201694 0.158111 0.687223 0.331481 
0.629265 0.372555 0.631105 0.053547 0.82154 
0.908149 0.642506 0.515306 0.233827 0.255587 
0.454396 0.74116 0.055526 0.861076 0.461275 
0.648779 0.795912 0.354156 0.8383659999999999 0.098216 
0.486408 0.101853 0.79908 0.242839 0.845284 
0.577843 0.867401 0.030001 0.627511 0.505038 
0.292269 0.529384 0.844207 0.351356 0.821487 
0.936739 0.514921 0.684194 0.12184 0.35912 
0.041844 0.702199 0.621938 0.752703 0.458406 
0.372807 0.676446 0.074118 0.585501 0.8925689999999999 
0.372943 0.538651 0.175719 0.679997 0.9152979999999999 
0.116784 0.796986 0.214823 0.66188 0.846492 
0.06976300000000001 0.348065 0.801446 0.528649 0.78853 
0.849292 0.7541909999999999 0.363885 0.191574 0.233712 
0.384738 0.310725 0.184437 0.902099 0.686879 
0.051532 0.711772 0.399233 0.417137 0.851302 
0.845102 0.425342 0.291622 0.913305 0.127973 
0.83943 0.214227 0.533798 0.422786 0.174214 
0.432467 0.714558 0.859556 0.361071 0.143099 
0.553898 0.803662 0.824404 0.137991 0.227114 
0.694631 0.122816 0.366632 0.86269 0.634692 
0.862775 0.424042 0.1737 0.283097 0.52488 
0.513192 0.054991 0.868623 0.234151 0.684584 
0.947067 0.556096 0.516941 0.443832 0.374434 
0.964584 0.519111 0.447781 0.302506 0.305669 
0.259369 0.4905 0.131016 0.466315 0.83252 
0.549073 0.169522 0.353445 0.585619 0.346851 
0.174861 0.753354 0.639015 0.043161 0.66578 
0.281212 0.470749 0.104079 0.681213 0.807948 
0.6120989999999999 0.425555 0.668356 0.265884 0.895391 
0.931866 0.30158 0.500478 0.497021 0.597793 
0.839495 0.140768 0.5265609999999999 0.901664 0.152215 
0.405846 0.350801 0.788694 0.27531 0.940578 
0.401701 0.637208 0.929366 0.245087 0.48921 
0.433552 0.563365 0.086964 0.503295 0.936242 
0.278806 0.610719 0.487446 0.307445 0.972075 
0.75247 0.146632 0.783162 0.12441 0.520167 
0.412201 0.15617 0.946219 0.368856 0.401298 
0.276484 0.375881 0.979054 0.610649 0.342766 
0.443973 0.79991 0.177088 0.178595 0.864131 
0.873505 0.745677 0.520967 0.216663 0.274051 
0.583261 0.553785 0.887223 0.546105 0.08898 
0.815509 0.650262 0.225495 0.871545 0.195666 
0.7825800000000001 0.500887 0.623239 0.359299 0.04378 
0.452137 0.648569 0.131196 0.907587 0.188457 
0.472881 0.203235 0.950395 0.203903 0.800641 
0.225443 0.483565 0.152027 0.869938 0.803155 
0.353564 0.686331 0.835977 0.343735 0.128778 
0.797079 0.768945 0.073675 0.623465 0.376419 
0.214196 0.283862 0.582473 0.714869 0.338002 
0.638007 0.784691 0.568709 0.60888 0.294112 
0.739823 0.047759 0.442663 0.656941 0.328968 
0.64162 0.428339 0.906609 0.113154 0.606025 
0.094777 0.338229 0.701418 0.271006 0.931324 
0.46761 0.831891 0.698455 0.06454799999999999 0.559456 
0.794981 0.11469 0.793362 0.389621 0.197877 
0.341703 0.51624 0.970981 0.348881 0.362273 
0.282506 0.299894 0.833944 0.177515 0.56456 
0.293114 0.29103 0.954521 0.187922 0.755842 
0.603059 0.65855 0.030353 0.816819 0.434978 
0.317413 0.35337 0.935631 0.604813 0.184348 
0.217461 0.926318 0.337219 0.539331 0.268856 
0.579542 0.803967 0.412297 0.089513 0.692518 
0.116012 0.616878 0.351054 0.499482 0.498906 
0.585188 0.605706 0.158679 0.458001 0.272343 
0.248105 0.509292 0.9474089999999999 0.267522 0.625178 
0.940875 0.321023 0.228756 0.629513 0.6027749999999999 
0.166482 0.404901 0.698824 0.422223 0.961775 
0.812666 0.336367 0.143536 0.921798 0.390061 
0.190082 0.503015 0.266942 0.9618409999999999 0.4768 
0.472726 0.849263 0.752642 0.289432 0.514342 
0.585916 0.401542 0.691186 0.620213 0.7102540000000001 
0.54465 0.654653 0.58319 0.028179 0.765004 
0.685285 0.105228 0.171433 0.690496 0.582646 
0.752904 0.64777 0.601958 0.103625 0.154223 
0.508606 0.334211 0.667791 0.326858 0.934777 
0.272956 0.327839 0.914421 0.120005 0.702699 
0.087158 0.898773 0.597185 0.534261 0.452743 
0.386297 0.695721 0.477749 0.90808 0.075157 
0.43752 0.712454 0.461384 0.133939 0.372452 
0.839086 0.372561 0.834035 0.61343 0.15036 
0.801115 0.719041 0.05265 0.574483 0.376246 
0.117794 0.543398 0.842735 0.5598959999999999 0.698871 
0.7538820000000001 0.470661 0.233687 0.462094 0.901245 
0.369584 0.959364 0.177508 0.676365 0.528098 
0.685895 0.553574 0.087344 0.855224 0.18126 
0.599762 0.54617 0.327621 0.903779 0.493216 
0.495517 0.303422 0.637441 0.66804 0.103313 
0.298751 0.92264 0.405165 0.40808 0.241166 
0.611378 0.240731 0.767935 0.130929 0.881708 
0.538744 0.656114 0.384357 0.090624 0.461544 
0.269321 0.5044920000000001 0.917081 0.136239 0.708694 
0.196736 0.462059 0.879584 0.144308 0.654181 
0.630975 0.06615799999999999 0.455544 0.903793 0.290381 
0.548254 0.154947 0.429376 0.364896 0.532274 
0.9130239999999999 0.371253 0.120917 0.461983 0.472526 
0.86625 0.09898899999999999 0.593959 0.329364 0.385942 
0.5976359999999999 0.212185 0.38918 0.607264 0.931381 
0.156686 0.681173 0.8612610000000001 0.589407 0.52116 
0.151128 0.872401 0.07718800000000001 0.790392 0.588826 
0.054197 0.6018019999999999 0.349104 0.821031 0.631378 
0.923364 0.09399100000000001 0.48044 0.446582 0.387623 
0.580094 0.04609 0.557597 0.526634 0.819488 
0.154785 0.633344 0.713642 0.669117 0.703077 
0.811663 0.142994 0.223284 0.8436090000000001 0.400904 
0.108942 0.66044 0.74651 0.183658 0.864174 
0.612587 0.082387 0.830524 0.594067 0.232328 
0.912308 0.321801 0.595296 0.232342 0.30931 
0.223997 0.597548 0.56572 0.063819 0.901213 
0.392006 0.697873 0.035536 0.672359 0.728111 
0.100556 0.938172 0.338896 0.4728 0.553895 
0.247255 0.924614 0.477613 0.522214 0.151656 
0.360538 0.773274 0.119763 0.931543 0.376512 
0.950421 0.520039 0.386176 0.500042 0.142152 
0.4725 0.304104 0.900749 0.234748 0.823724 
0.289464 0.642369 0.041899 0.763304 0.652362 
0.240962 0.5951920000000001 0.117143 0.864547 0.40333 
0.9389690000000001 0.177603 0.632198 0.630484 0.322192 
0.170545 0.752267 0.185777 0.638597 0.874593 
0.121969 0.417241 0.870016 0.488798 0.328476 
0.850709 0.306805 0.702392 0.545654 0.533181 
0.588603 0.716279 0.411328 0.420056 0.091359 
0.493946 0.585598 0.158469 0.281951 0.626316 
0.476586 0.640128 0.072162 0.8159189999999999 0.234706 
0.639811 0.171046 0.469202 0.89762 0.154604 
0.7762520000000001 0.5815630000000001 0.854005 0.202824 0.227662 
0.6573639999999999 0.751767 0.045161 0.643902 0.268779 
0.458052 0.428402 0.32376 0.125285 0.845209 
0.809328 0.147632 0.209961 0.754781 0.613578 
0.780317 0.77072 0.28918 0.262662 0.648756 
0.589699 0.430485 0.405839 0.168381 0.970411 
0.5849220000000001 0.923614 0.25157 0.402181 0.216051 
0.372983 0.942052 0.471204 0.398262 0.165387 
0.842824 0.16058 0.570307 0.209763 0.800161 
0.370811 0.893602 0.829938 0.20864 0.419801 
0.785092 0.580472 0.471628 0.13502 0.77754 
0.669324 0.558823 0.183981 0.504177 0.91178 
0.619107 0.813297 0.606722 0.05199 0.496886 
0.908149 0.552267 0.100442 0.664969 0.336015 
0.566608 0.874312 0.563589 0.340297 0.55662 
0.407551 0.413314 0.089587 0.625628 0.5765940000000001 
0.359718 0.615501 0.6023230000000001 0.330712 0.939797 
0.781287 0.779739 0.422992 0.199975 0.160981 
0.579018 0.762865 0.824217 0.365795 0.250574 
0.891647 0.350948 0.163738 0.8307060000000001 0.393148 
0.946256 0.286742 0.756572 0.207819 0.427724 
0.585591 0.626097 0.433998 0.245022 0.922013 
0.554562 0.790072 0.146988 0.831655 0.110304 
0.7545230000000001 0.105262 0.306555 0.876763 0.599382 
0.09329999999999999 0.296625 0.83782 0.473477 0.837409 
0.556503 0.934189 0.497021 0.457486 0.383575 
0.093005 0.890503 0.456767 0.44826 0.463314 
0.461447 0.270792 0.136162 0.892628 0.556216 
0.504779 0.834189 0.748488 0.219055 0.517185 
0.364533 0.92128 0.507455 0.6985 0.07527399999999999 
0.778982 0.435807 0.768667 0.430841 0.564782 
0.54158 0.893138 0.07548100000000001 0.702477 0.316096 
0.040744 0.677581 0.454983 0.273198 0.789874 
0.6035740000000001 0.354493 0.638014 0.9258690000000001 0.308663 
0.661134 0.334293 0.681916 0.836099 0.038368 
0.185011 0.79483 0.09962600000000001 0.805355 0.475023 
0.756236 0.422041 0.674663 0.777997 0.072091 
0.1516 0.533143 0.820017 0.329681 0.913987 
0.75327 0.145798 0.351134 0.940955 0.234662 
0.311315 0.679233 0.137731 0.437079 0.937296 
0.715011 0.5563979999999999 0.103723 0.85157 0.583824 
0.666793 0.032031 0.82669 0.464343 0.444561 
0.447833 0.17219 0.185394 0.620606 0.843274 
0.9418609999999999 0.489411 0.702189 0.19398 0.316388 
0.495686 0.885016 0.034025 0.5358579999999999 0.542114 
0.427085 0.315292 0.760829 0.907953 0.140821 
0.717958 0.459426 0.405534 0.763501 0.6237239999999999 
0.426792 0.203864 0.915743 0.766455 0.245971 
0.590449 0.787402 0.715674 0.362556 0.060015 
0.740706 0.631538 0.207205 0.935165 0.124571 
0.884529 0.273157 0.909166 0.287038 0.307143 
0.311674 0.518637 0.536809 0.616308 0.896157 
0.4842 0.738854 0.363316 0.062471 0.6107050000000001 
0.829052 0.151707 0.616216 0.78018 0.114175 
0.689091 0.23327 0.193471 0.880462 0.665795 
0.429678 0.108938 0.891476 0.301043 0.862237 
0.538076 0.522612 0.454622 0.049074 0.755502 
0.89349 0.061335 0.467667 0.547376 0.346662 
0.231389 0.856993 0.20794 0.798708 0.650999 
0.205244 0.21505 0.880636 0.25499 0.858847 
0.043088 0.377867 0.747833 0.6365420000000001 0.501436 
0.367613 0.080669 0.774633 0.533812 0.454483 
0.48975 0.505304 0.933119 0.510518 0.103785 
0.53026 0.103844 0.397222 0.478615 0.902821 
0.642855 0.48953 0.678105 0.45596 0.024386 
0.7820009999999999 0.134765 0.876173 0.51703 0.211864 
0.52756 0.372841 0.514802 0.965027 0.217942 
0.627578 0.852422 0.230593 0.211591 0.690858 
0.729715 0.079703 0.779731 0.113161 0.730094 
0.148404 0.829751 0.385313 0.336938 0.504584 
0.660257 0.02451 0.766045 0.393833 0.638292 
0.205656 0.957093 0.459187 0.59356 0.278674 
0.146249 0.815385 0.4679 0.544845 0.851934 
0.487119 0.930434 0.368222 0.214175 0.308499 
0.368601 0.968743 0.536556 0.314165 0.286572 
0.260775 0.557233 0.160585 0.769331 0.371294 
0.249596 0.16789 0.712843 0.321565 0.7134509999999999 
0.752665 0.121543 0.5111329999999999 0.425572 0.847866 
0.899877 0.734328 0.159719 0.419131 0.476706 
0.934314 0.246201 0.78142 0.200485 0.498767 
0.829016 0.607661 0.234417 0.832152 0.319893 
0.450602 0.079404 0.312275 0.873453 0.687422 
0.527024 0.194739 0.634788 0.352707 0.9406600000000001 
0.050837 0.39553 0.698954 0.868432 0.551432 
0.499048 0.682803 0.871683 0.326849 0.124299 
0.7543029999999999 0.24977 0.882935 0.104273 0.611571 
0.409107 0.34014 0.537455 0.119141 0.941093 
0.112095 0.347779 0.619968 0.200295 0.8861 
0.62935 0.267667 0.112554 0.68198 0.851286 
0.516769 0.386751 0.6987370000000001 0.798383 0.531427 
0.526208 0.136495 0.215313 0.80848 0.474252 
0.288728 0.434309 0.904424 0.48381 0.705712 
0.449725 0.06665500000000001 0.7893869999999999 0.390453 0.862982 
0.590211 0.677593 0.841568 0.467328 0.09455 
0.938485 0.444521 0.607677 0.495612 0.132432 
0.269396 0.827068 0.311736 0.704678 0.153363 
0.9377450000000001 0.51913 0.550635 0.266641 0.165033 
0.280432 0.339416 0.754431 0.348573 0.962456 
0.718332 0.55418 0.08873399999999999 0.893609 0.396856 
0.578912 0.061974 0.522799 0.5773430000000001 0.446096 
0.523404 0.363701 0.155679 0.8646430000000001 0.747523 
0.360223 0.464481 0.346187 0.376936 0.476809 
0.543927 0.083717 0.674683 0.465804 0.878622 
0.486643 0.542009 0.34561 0.543672 0.945727 
0.920944 0.623783 0.6391829999999999 0.249954 0.339198 
0.659987 0.807243 0.647363 0.389387 0.042733 
0.905293 0.362663 0.665486 0.637388 0.207812 
0.760401 0.282958 0.727893 0.279477 0.109432 
0.180595 0.958555 0.287019 0.5095190000000001 0.494492 
0.552054 0.307294 0.832124 0.796447 0.053651 
0.422901 0.267601 0.9197419999999999 0.1383 0.567881 
0.496467 0.231737 0.50391 0.223369 0.9436639999999999 
0.422618 0.522851 0.155843 0.971477 0.498804 
0.20141 0.228249 0.437538 0.805366 0.583757 
0.368417 0.882153 0.643361 0.374972 0.16505 
0.166089 0.643095 0.738842 0.118132 0.915194 
0.857199 0.793671 0.469386 0.307147 0.090319 
0.801466 0.837819 0.405129 0.561073 0.078762 
0.6495069999999999 0.411715 0.07835499999999999 0.952927 0.362653 
0.589604 0.015156 0.842444 0.483997 0.463992 
0.47632 0.125772 0.940021 0.533027 0.581614 
0.397813 0.313694 0.920671 0.169017 0.45653 
0.770248 0.114533 0.29866 0.500962 0.820905 
0.664176 0.512952 0.245848 0.570871 0.108002 
0.081369 0.747967 0.254399 0.472518 0.735352 
0.191815 0.702106 0.679405 0.811963 0.136303 
0.353094 0.955809 0.342948 0.481625 0.303704 
0.71518 0.729897 0.517082 0.133916 0.660823 
0.79095 0.537639 0.668119 0.147691 0.6336619999999999 
0.423805 0.527546 0.657998 0.5460120000000001 0.072005 
0.964483 0.214337 0.530578 0.320657 0.454649 
0.256246 0.587145 0.403365 0.077694 0.854822 
0.457131 0.09352000000000001 0.854339 0.358131 0.438295 
0.741604 0.495357 0.222652 0.888269 0.073936 
0.379702 0.527413 0.602589 0.464458 0.111006 
0.16896 0.379632 0.738757 0.291624 0.9668639999999999 
0.252245 0.948637 0.127863 0.260362 0.866022 
0.390008 0.182573 0.471836 0.956431 0.452793 
0.829299 0.45111 0.379661 0.881665 0.074653 
0.074228 0.386785 0.394739 0.617746 0.811799 
0.371558 0.50761 0.880596 0.725676 0.430476 
0.941122 0.60186 0.289188 0.440411 0.247131 
0.173643 0.260259 0.7816610000000001 0.847611 0.609667 
0.479452 0.308512 0.969554 0.375647  0.225 
0.271994 0.297957 0.777988 0.674015 0.785898 
0.382468 0.173535 0.887202 0.704993 0.565862 
0.6125620000000001 0.7367010000000001 0.621943 0.337283 0.04444 
0.726133 0.304364 0.285385 0.335486 0.404234 
0.65732 0.176342 0.966576 0.332177 0.346514 
0.5834859999999999 0.40094 0.938038 0.090502 0.413095 
0.582844 0.159792 0.32575 0.600517 0.91598 
0.06427099999999999 0.784738 0.714761 0.125766 0.769698 
0.806493 0.384574 0.535169 0.047579 0.70129 
0.6365730000000001 0.764826 0.255161 0.516933 0.735151 
0.513489 0.103708 0.458484 0.803675 0.797759 
0.5127159999999999 0.542014 0.399141 0.06024 0.840669 
0.249048 0.277877 0.811855 0.346032 0.9565630000000001 
0.246699 0.500932 0.670095 0.844264 0.557171 
0.427879 0.361484 0.248185 0.364108 0.9563700000000001 
0.378544 0.6979959999999999 0.215332 0.266045 0.9460229999999999 
0.869207 0.039567 0.727694 0.500395 0.327045 
0.157893 0.845623 0.787443 0.535585 0.330249 
0.127503 0.914876 0.367125 0.676913 0.315324 
0.647356 0.141484 0.887316 0.534148 0.198526 
0.206627 0.830043 0.059966 0.761638 0.525932 
0.435182 0.254496 0.413188 0.835606 0.816813 
0.69664 0.399338 0.572917 0.174138  0.886 
0.951842 0.479995 0.357799 0.553247 0.137718 
0.429878 0.044587 0.88213 0.334913 0.662215 
0.897835 0.356096 0.11212 0.469426 0.677346 
0.687174 0.04182 0.5362170000000001 0.799437 0.370602 
0.546279 0.237555 0.363133 0.420031 0.957006 
0.830994 0.17819 0.945735 0.329522 0.339733 
0.918501 0.279813 0.289821 0.402577 0.680041 
0.793655 0.737407 0.318472 0.113391 0.447655 
0.242378 0.653671 0.177059 0.92217 0.347168 
0.928137 0.510149 0.390332 0.220674 0.704388 
0.259013 0.608742 0.358866 0.118713 0.803806 
0.82623 0.312564 0.464208 0.68138 0.0215 
0.175339 0.881934 0.160363 0.556779 0.540588 
0.847919 0.114663 0.607721 0.302258 0.311712 
0.43033 0.220582 0.6814519999999999 0.736903 0.806972 
0.55868 0.643824 0.323163 0.120754 0.92516 
0.566641 0.657778 0.134503 0.561091 0.199293 
0.600842 0.725698 0.1397 0.241923 0.448859 
0.338938 0.447874 0.460437 0.925621 0.117185 
0.476962 0.759265 0.25477 0.218161 0.910701 
0.732303 0.474732 0.064842 0.8494390000000001 0.221519 
0.431141 0.562186 0.5707950000000001 0.923144 0.257365 
0.970337 0.51111 0.482022 0.398346 0.208776 
0.868648 0.300153 0.814865 0.184842 0.22694 
0.729567 0.358525 0.192531 0.887155 0.575951 
0.951283 0.318657 0.207241 0.825507 0.151696 
0.063411 0.33425 0.557718 0.750105 0.61682 
0.25125 0.8780790000000001 0.633885 0.570796 0.158768 
0.422188 0.79305 0.547467 0.632504 0.527278 
0.770219 0.065136 0.336687 0.766111 0.470295 
0.727075 0.636513 0.382629 0.292637 0.146627 
0.8836580000000001 0.180982 0.679472 0.156253 0.614275 
0.464391 0.553173 0.890032 0.136488 0.31562 
0.037044 0.441671 0.710518 0.460328 0.845886 
0.505555 0.717843 0.753354 0.6895520000000001 0.155287 
0.232542 0.500272 0.684093 0.41768 0.948953 
0.321003 0.058534 0.867444 0.563808 0.698798 
0.225231 0.18529 0.362043 0.658092 0.867698 
0.734953 0.757059 0.287306 0.412047 0.12505 
0.073256 0.639493 0.659901 0.769338 0.522356 
0.741403 0.405207 0.173795 0.632744 0.176619 
0.281177 0.751597 0.774536 0.350533 0.707427 
0.604905 0.219116 0.860973 0.807026 0.093317 
0.357022 0.359977 0.898863 0.138998 0.470431 
0.903179 0.323647 0.832637 0.187499 0.445802 
0.802572 0.676709 0.413455 0.157037 0.64929 
0.608452 0.672915 0.636191 0.500187 0.555055 
0.665138 0.468385 0.920685 0.49948 0.13448 
0.365106 0.871161 0.66328 0.152608 0.349101 
0.479337 0.591526 0.426027 0.201604 0.348399 
0.951241 0.40256 0.526653 0.430877 0.09934 
0.157098 0.211758 0.851322 0.727649 0.419232 
0.6469200000000001 0.929769 0.443135 0.365845 0.08526499999999999 
0.350882 0.87281 0.064641 0.780257 0.531649 
0.88461 0.149936 0.833704 0.450804 0.197485 
0.589547 0.051281 0.469944 0.838405 0.602631 
0.437779 0.752319 0.093371 0.783652 0.221989 
0.743577 0.216154 0.445698 0.6027 0.8376400000000001 
0.332082 0.336186 0.641174 0.059107 0.79308 
0.101164 0.463625 0.211872 0.752038 0.79033 
0.17071 0.831834 0.190163 0.829001 0.666054 
0.7513840000000001 0.175251 0.711897 0.784295 0.065955 
0.441234 0.664527 0.734224 0.5453 0.04338 
0.169159 0.249799 0.789285 0.205901 0.789541 
0.452252 0.857124 0.373068 0.54089 0.063512 
0.334547 0.87778 0.477189 0.1655 0.8292079999999999 
0.919462 0.117436 0.671699 0.582596 0.339633 
0.375123 0.910843 0.180746 0.764532 0.494096 
0.677075 0.102796 0.792525 0.411842 0.205039 
0.094761 0.377925 0.409813 0.6312140000000001 0.678231 
0.614856 0.666863 0.341921 0.828263 0.039787 
0.345691 0.541672 0.96662 0.322015 0.445625 
0.733514 0.357696 0.572545 0.553799 0.751062 
0.710023 0.165956 0.416775 0.924464 0.415333 
0.936965 0.600622 0.342616 0.314374 0.338256 
0.162807 0.344342 0.940167 0.665166 0.484853 
0.900939 0.607079 0.307035 0.786752 0.112426 
0.766937 0.028253 0.454297 0.48927 0.742359 
0.503045 0.468847 0.132479 0.840901 0.752968 
0.575016 0.238045 0.444063 0.719871 0.861792 
0.284164 0.353008 0.940956 0.457363 0.285347 
0.944083 0.287053 0.297255 0.322056 0.543934 
0.368247 0.86003 0.764273 0.344161 0.195556 
0.335746 0.5835939999999999 0.7283500000000001 0.808719 0.114652 
0.2626 0.243999 0.358302 0.95486 0.574854 
0.578034 0.525987 0.895587 0.154352 0.604193 
0.8818240000000001 0.141602 0.801434 0.550891 0.465311 
0.75386 0.761798 0.308188 0.73947 0.260317 
0.454289 0.867978 0.206795 0.882289 0.320654 
0.65808 0.061823 0.833862 0.403908 0.7600519999999999 
0.812617 0.120078 0.251793 0.857553 0.618515 
0.669979 0.242963 0.240873 0.604298 0.9067499999999999 
0.505206 0.929414 0.167882 0.254502 0.689547 
0.083009 0.8703880000000001 0.261439 0.7623 0.585932 
0.708746 0.613417 0.425027 0.339017 0.114373 
0.60083 0.602748 0.767709 0.08575099999999999 0.742733 
0.56226 0.502834 0.204946 0.816143 0.113432 
0.425688 0.810598 0.6793439999999999 0.242791 0.150568 
0.78439 0.177171 0.187871 0.359497 0.650571 
0.812378 0.082398 0.796546 0.728596 0.265449 
0.706721 0.779469 0.684131 0.076638 0.455653 
0.325436 0.842392 0.429548 0.181142 0.422199 
0.162794 0.660236 0.9118849999999999 0.578788 0.480516 
0.20513 0.554755 0.846413 0.118127 0.658734 
0.904755 0.121353 0.576295 0.270795 0.548423 
0.326104 0.468127 0.907219 0.109872 0.52668 
0.874362 0.399528 0.459724 0.839813 0.328354 
0.645748 0.14855 0.963049 0.250762 0.486606 
0.906548 0.321554 0.126053 0.632037 0.6502559999999999 
0.416373 0.175396 0.693584 0.283525 0.9392470000000001 
0.577156 0.283553 0.427083 0.939052 0.601929 
0.839977 0.158711 0.789474 0.723642 0.203235 
0.495942 0.055791 0.8298140000000001 0.365385 0.781855 
0.954614 0.470143 0.491806 0.343601 0.485915 
0.5091639999999999 0.71809 0.132061 0.415225 0.891412 
0.544892 0.941615 0.5344449999999999 0.171974 0.267153 
0.136077 0.941237 0.378025 0.470328 0.374808 
0.559772 0.8882949999999999 0.124728 0.277344 0.430141 
0.322806 0.870579 0.51566 0.074001 0.759117 
0.2379 0.707694 0.38032 0.941197 0.385711 
0.043297 0.484611 0.7839120000000001 0.684019 0.5583939999999999 
0.03824 0.439015 0.701216 0.545415 0.838633 
0.554921 0.958804 0.457127 0.245803 0.551614 
0.222425 0.662705 0.347636 0.340707 0.966772 
0.087967 0.87408 0.505337 0.278964 0.813797 
0.482432 0.174152 0.321627 0.508397 0.9441659999999999 
0.533421 0.869653 0.535824 0.068034 0.564829 
0.6233300000000001 0.8305360000000001 0.194814 0.754107 0.398807 
0.373052 0.454649 0.764693 0.55042 0.109963 
0.260581 0.6829 0.8523810000000001 0.669604 0.296439 
0.589216 0.6850579999999999 0.52333 0.124765 0.804501 
0.110407 0.923625 0.418242 0.611637 0.470582 
0.889043 0.357613 0.12187 0.66987 0.635541 
0.281837 0.721734 0.741702 0.730423 0.421538 
0.101272 0.549674 0.333104 0.710766 0.902047 
0.062155 0.369862 0.705689 0.763707 0.358793 
0.943071 0.568577 0.621329 0.275094 0.38999 
0.630941 0.868058 0.106489 0.281225 0.521087 
0.874929 0.420001 0.825349 0.438697 0.267101 
0.313267 0.50271 0.11303 0.909551 0.562527 
0.163363 0.617805 0.184629 0.778653 0.831142 
0.182225 0.825703 0.189214 0.416642 0.64197 
0.284438 0.702902 0.473608 0.333972 0.962534 
0.826527 0.718541 0.044183 0.451046 0.560392 
0.56968 0.768446 0.446523 0.036418 0.687149 
0.5646369999999999 0.095406 0.840156 0.116099 0.697002 
0.111001 0.8880169999999999 0.5076310000000001 0.60043 0.61936 
0.894815 0.595973 0.532583 0.527766 0.053629 
0.478773 0.799268 0.348179 0.198215 0.313072 
0.106848 0.409185 0.502712 0.342607 0.915691 
0.847127 0.473749 0.52313 0.490405 0.026172 
0.481589 0.071607 0.9017579999999999 0.570169 0.372408 
0.6035740000000001 0.277946 0.149604 0.407316 0.830499 
0.246983 0.397303 0.619445 0.082721 0.868828 
0.71527 0.881827 0.158926 0.545892 0.474408 
0.849797 0.185215 0.354549 0.534264 0.241282 
0.13436 0.450528 0.80901 0.663367 0.24206 
0.793806 0.244711 0.910754 0.612096 0.144306 
0.69255 0.059308 0.7299020000000001 0.294456 0.502063 
0.569971 0.786604 0.283353 0.172743 0.349184 
0.110815 0.72734 0.240307 0.839355 0.686327 
0.491189 0.331674 0.950035 0.595074 0.464261 
0.141389 0.8330920000000001 0.524604 0.228819 0.93169 
0.514338 0.613445 0.889507 0.264898 0.550219 
0.786511 0.354364 0.355796 0.113765 0.82115 
0.541508 0.025726 0.570399 0.576642 0.711607 
0.916627 0.275595 0.662346 0.481027 0.128887 
0.089374 0.638558 0.239661 0.903718 0.583627 
0.7747579999999999 0.103972 0.434445 0.372021 0.809117 
0.315421 0.697153 0.107057 0.326948 0.868108 
0.775574 0.810026 0.121475 0.38449 0.618615 
0.121652 0.926988 0.444559 0.351298 0.718002 
0.8016720000000001 0.180419 0.8205789999999999 0.715578 0.363117 
0.041385 0.567374 0.445904 0.819207 0.554666 
0.294014 0.798659 0.257467 0.116968 0.841436 
0.493969 0.622617 0.872246 0.05592 0.504117 
0.857031 0.610466 0.374142 0.410296 0.104455 
0.8556510000000001 0.305685 0.354025 0.527243 0.76205 
0.134716 0.483149 0.208918 0.83456 0.693395 
0.238761 0.257978 0.289307 0.62392 0.658519 
0.364095 0.298559 0.659874 0.926551 0.225388 
0.133183 0.672975 0.825705 0.308757 0.851388 
0.754741 0.596638 0.6915210000000001 0.152365 0.110004 
0.300234 0.779827 0.810388 0.536867 0.211023 
0.196261 0.90076 0.609349 0.50242 0.585466 
0.192194 0.771031 0.552428 0.750617 0.106673 
0.759593 0.459841 0.170128 0.161448 0.781874 
0.077672 0.794071 0.594938 0.106961 0.805717 
0.235827 0.266943 0.587172 0.286568 0.924439 
0.475557 0.833026 0.734492 0.227103 0.170195 
0.288497 0.674386 0.294312 0.744186 0.177753 
0.149751 0.94937 0.355006 0.482845 0.549736 
0.495823 0.232368 0.448065 0.3792 0.465328 
0.7928460000000001 0.469298 0.067898 0.668025 0.245229 
0.949681 0.346399 0.13734 0.529572 0.441913 
0.308365 0.165699 0.749519 0.372894 0.545834 
0.492958 0.748435 0.2287 0.427876 0.908092 
0.194166 0.682382 0.628534 0.052216 0.742961 
0.511772 0.202826 0.7069029999999999 0.301565 0.93597 
0.357727 0.267688 0.667369 0.811526 0.188905 
0.194728 0.287666 0.414079 0.507413 0.68965 
0.515428 0.714915 0.037234 0.66166 0.300158 
0.926874 0.546749 0.22291 0.348037 0.577789 
0.459066 0.115634 0.746254 0.905328 0.299472 
0.354996 0.136661 0.857993 0.218204 0.722647 
0.143171 0.420562 0.84475 0.856026 0.395867 
0.75045 0.023384 0.408776 0.541387 0.681718 
0.923743 0.122903 0.761221 0.359654 0.399468 
0.12989 0.575707 0.910652 0.309261 0.441636 
0.817613 0.620901 0.288339 0.325571 0.211962 
0.076449 0.516923 0.768516 0.601817 0.767193 
0.634435 0.065916 0.468095 0.270408 0.795581 
0.865152 0.249173 0.572779 0.220773 0.760504 
0.048315 0.682513 0.6628579999999999 0.608934 0.278308 
0.406864 0.750439 0.130966 0.624158 0.230661 
0.126827 0.737889 0.251451 0.330943 0.907358 
0.637052 0.640508 0.172716 0.374088 0.9160740000000001 
0.8427480000000001 0.684922 0.121207 0.647374 0.253434 
0.223109 0.397474 0.813151 0.46278 0.260121 
0.149391 0.59167 0.668997 0.727389 0.13775 
0.116814 0.251536 0.8379490000000001 0.545893 0.470061 
0.325416 0.627713 0.065619 0.817136 0.439175 
0.745028 0.860474 0.11566 0.502497 0.301549 
0.267103 0.09930899999999999 0.604123 0.628143 0.832097 
0.115673 0.804802 0.6416500000000001 0.561312 0.6260599999999999 
0.919113 0.452117 0.184518 0.853283 0.148415 
0.086011 0.364618 0.539023 0.604476 0.88067 
0.564449 0.494541 0.952882 0.443906 0.275445 
0.30727 0.423113 0.6633250000000001 0.07180400000000001 0.932825 
0.737387 0.346335 0.702981 0.820399 0.10055 
0.86622 0.05786 0.544893 0.490439 0.676445 
0.894502 0.161683 0.71612 0.655345 0.12527 
0.431537 0.042561 0.700974 0.393894 0.813126 
0.173024 0.804314 0.195142 0.454452 0.903789 
0.7865220000000001 0.171164 0.289742 0.265783 0.782819 
0.265584 0.55818 0.938853 0.391061 0.300123 
0.949485 0.447057 0.556144 0.454953 0.107901 
0.202661 0.802736 0.184007 0.303328 0.8012550000000001 
0.681931 0.558455 0.036127 0.695603 0.254355 
0.401599 0.227837 0.796419 0.655433 0.1681 
0.091304 0.471356 0.7755609999999999 0.156337 0.780894 
0.234702 0.5003649999999999 0.358271 0.564831 0.973353 
0.481683 0.847498 0.534054 0.507289 0.06657200000000001 
0.484024 0.088308 0.6349 0.946514 0.294358 
0.5701850000000001 0.241285 0.959951 0.501684 0.401134 
0.557087 0.910929 0.205644 0.47582 0.606635 
0.530381 0.590616 0.451527 0.942423 0.149693 
0.28006 0.859531 0.110774 0.804826 0.393454 
0.742927 0.351866 0.837144 0.348823 0.050485 
0.632355 0.296944 0.912167 0.44321 0.613252 
0.322247 0.930779 0.495845 0.561046 0.128376 
0.405769 0.503262 0.244817 0.490785 0.974872 
0.386828 0.076805 0.830647 0.719418 0.427709 
0.169169 0.939039 0.268557 0.726695 0.304707 
0.08583 0.636019 0.697368 0.482464 0.860236 
0.605846 0.055551 0.58263 0.307019 0.8463580000000001 
0.732163 0.682636 0.227695 0.49627 0.097831 
0.745163 0.606804 0.070072 0.696873 0.174534 
0.129105 0.803071 0.172499 0.688316 0.359786 
0.042581 0.724275 0.741321 0.208877 0.7658430000000001 
0.623061 0.656848 0.324337 0.266683 0.239194 
0.419997 0.8762760000000001 0.280823 0.757683 0.465992 
0.110208 0.461496 0.562377 0.945551 0.456522 
0.776416 0.436075 0.575258 0.031773 0.508178 
0.154821 0.277322 0.478311 0.866053 0.606145 
0.510777 0.774937 0.451556 0.893961 0.10133 
0.429239 0.381026 0.5674439999999999 0.9310850000000001 0.524708 
0.794584 0.396552 0.611047 0.384685 0.063041 
0.402717 0.954686 0.175221 0.756622 0.312349 
0.267947 0.889716 0.156769 0.354939 0.619868 
0.095625 0.7215549999999999 0.413799 0.233763 0.747526 
0.83089 0.265256 0.233817 0.252501 0.723043 
0.585192 0.19148 0.540973 0.836172 0.129509 
0.417588 0.74831 0.151332 0.738978 0.756974 
0.076519 0.67545 0.316588 0.94618 0.515143 
0.149797 0.611016 0.864884 0.71629 0.309429 
0.178029 0.171682 0.778745 0.865327 0.458346 
0.510009 0.951599 0.5758760000000001 0.376261 0.315154 
0.359903 0.932619 0.720444 0.198257 0.416204 
0.508949 0.947072 0.136232 0.383297 0.468154 
0.888801 0.187986 0.390952 0.587973 0.202071 
0.741641 0.338829 0.096292 0.75505 0.233107 
0.369867 0.375948 0.758325 0.09467 0.506282 
0.531596 0.343156 0.03885 0.761022 0.6513099999999999 
0.172987 0.903753 0.539519 0.680064 0.48595 
0.829451 0.055629 0.492541 0.427796 0.7050070000000001 
0.632792 0.270738 0.726994 0.174918 0.906715 
0.5158470000000001 0.872635 0.07000099999999999 0.36745 0.69298 
0.686338 0.221665 0.67798 0.079984 0.666724 
0.294061 0.922431 0.381165 0.571518 0.663366 
0.037058 0.856866 0.366741 0.470592 0.71025 
0.777435 0.141666 0.8214939999999999 0.766513 0.404974 
0.711882 0.867415 0.2515 0.7373769999999999 0.191677 
0.145604 0.8462499999999999 0.251059 0.813849 0.5904779999999999 
0.683413 0.205977 0.14124 0.441107 0.713691 
0.59573 0.164716 0.594512 0.618119 0.823814 
0.725567 0.647082 0.187427 0.108764 0.751986 
0.187012 0.708082 0.792451 0.6043269999999999 0.170252 
0.532937 0.249923 0.614137 0.94685 0.254247 
0.432177 0.753906 0.895462 0.303952 0.403684 
0.467942 0.967388 0.276648 0.43206 0.471899 
0.432706 0.714875 0.771775 0.620285 0.092831 
0.146059 0.471825 0.464006 0.302897 0.6532249999999999 
0.508346 0.55902 0.06927 0.888147 0.617548 
0.259239 0.921354 0.10709 0.597324 0.759592 
0.540428 0.718047 0.16561 0.8704769999999999 0.49186 
0.041146 0.619992 0.679813 0.253976 0.737733 
0.583599 0.689982 0.69311 0.032309 0.624532 
0.639962 0.770439 0.020121 0.604697 0.565394 
0.167049 0.405712 0.354254 0.619189 0.505817 
0.922854 0.365834 0.471088 0.171209 0.408119 
0.612087 0.03665 0.439521 0.563798 0.597719 
0.805895 0.75374 0.59271 0.458937 0.050062 
0.044491 0.703576 0.609764 0.534111 0.777154 
0.637433 0.043725 0.839612 0.3405 0.512725 
0.287976 0.634599 0.764601 0.484808 0.118597 
0.724177 0.134678 0.38468 0.601183 0.247693 
0.694526 0.413345 0.416929 0.904985 0.466398 
0.750757 0.266387 0.914793 0.522407 0.051574 
0.411126 0.734964 0.490588 0.044351 0.721159 
0.327364 0.742497 0.356764 0.888339 0.550041 
0.522979 0.6657380000000001 0.264492 0.941323 0.349203 
0.5582859999999999 0.450498 0.603764 0.110518 0.901899 
0.181675 0.134677 0.78315 0.78798 0.593594 
0.654757 0.632569 0.631676 0.386492 0.643814 
0.665153 0.258107 0.117081 0.5326880000000001 0.91087 
0.806787 0.155599 0.844338 0.110285 0.633274 
0.678654 0.542272 0.086842 0.947133 0.254125 
0.057258 0.518794 0.412516 0.80422 0.767828 
0.367875 0.415054 0.386892 0.906881 0.713187 
0.081094 0.298483 0.6556070000000001 0.373236 0.931543 
0.731428 0.544787 0.075156 0.5801500000000001 0.224494 
0.8320959999999999 0.33057 0.410756 0.935538 0.161933 
0.591472 0.532532 0.345367 0.055871 0.725971 
0.451708 0.428239 0.233017 0.5756019999999999 0.331525 
0.583411 0.54062 0.886669 0.10139 0.579646 
0.684862 0.735893 0.187979 0.161623 0.797579 
0.225438 0.346121 0.916156 0.278004 0.863161 
0.824998 0.826827 0.589606 0.411168 0.132028 
0.536355 0.927704 0.226171 0.722895 0.348103 
0.638682 0.937028 0.35503 0.305472 0.372902 
0.604235 0.499627 0.489073 0.238978 0.237474 
0.620247 0.834415 0.495613 0.07699 0.256843 
0.389746 0.736317 0.613282 0.256659 0.862843 
0.922482 0.355117 0.643997 0.608957 0.149033 
0.375793 0.238895 0.60669 0.884989 0.691392 
0.902205 0.5630039999999999 0.231967 0.567988 0.117537 
0.201026 0.948373 0.382801 0.448473 0.710793 
0.216717 0.712179 0.355393 0.209268 0.952338 
0.892715 0.455951 0.103372 0.7225780000000001 0.213522 
0.133988 0.710102 0.162195 0.578481 0.700141 
0.739378 0.317824 0.436657 0.160024 0.444337 
0.823195 0.065993 0.8125559999999999 0.412438 0.637255 
0.585181 0.360847 0.226032 0.217403 0.8727470000000001 
0.16469 0.412705 0.947944 0.585603 0.570704 
0.60849 0.04504 0.49916 0.841774 0.5169319999999999 
0.37189 0.890366 0.725391 0.114263 0.636985 
0.114098 0.894699 0.694815 0.308339 0.516694 
0.329168 0.794988 0.7733370000000001 0.392951 0.132938 
0.644439 0.522875 0.285785 0.246192 0.951774 
0.84277 0.107691 0.347136 0.7759819999999999 0.220559 
0.730734 0.45637 0.574309 0.875586 0.107778 
0.1125 0.857545 0.75405 0.379227 0.293406 
0.835642 0.706483 0.211991 0.630315 0.096275 
0.409408 0.702523 0.191415 0.579369 0.908908 
0.343519 0.4824 0.594149 0.932391 0.28371 
0.357116 0.906523 0.333804 0.597187 0.649406 
0.52396 0.130784 0.393905 0.388856 0.8817120000000001 
0.42959 0.74164 0.81553 0.224646 0.192717 
0.650683 0.798637 0.381978 0.185188 0.730721 
0.599986 0.418454 0.069437 0.867785 0.292129 
0.389816 0.870492 0.201087 0.746316 0.127733 
0.762692 0.206333 0.895852 0.123603 0.522146 
0.583557 0.9301 0.532548 0.43604 0.08136400000000001 
0.752782 0.091184 0.761972 0.298458 0.835299 
0.932471 0.515971 0.211863 0.599164 0.226687 
0.798467 0.335346 0.237905 0.188091 0.754547 
0.654088 0.357196 0.306697 0.942006 0.136646 
0.400274 0.9127690000000001 0.17142 0.148624 0.71216 
0.611444 0.331243 0.143697 0.354579 0.878255 
0.115957 0.739594 0.558913 0.871695 0.257506 
0.1549 0.37702 0.908144 0.74721 0.296521 
0.515377 0.846266 0.300282 0.441745 0.153216 
0.272355 0.585772 0.827574 0.659131 0.136326 
0.615691 0.115262 0.5436800000000001 0.749719 0.137098 
0.655802 0.157999 0.293104 0.758803 0.828999 
0.586381 0.24245 0.259011 0.431385 0.955623 
0.8869899999999999 0.11119 0.854536 0.532121 0.253933 
0.830275 0.35318 0.393872 0.390016 0.186012 
0.438436 0.822358 0.624437 0.034981 0.547778 
0.40547 0.9232860000000001 0.084356 0.503308 0.7064279999999999 
0.299205 0.271763 0.7650940000000001 0.529544 0.891954 
0.8634230000000001 0.333956 0.479546 0.819087 0.057387 
0.701966 0.489561 0.882047 0.424504 0.342095 
0.82052 0.596163 0.108196 0.712464 0.467785 
0.650214 0.490217 0.12217 0.428586 0.904772 
0.62536 0.745387 0.090212 0.843811 0.122125 
0.891091 0.362937 0.464165 0.282495 0.229936 
0.590372 0.854719 0.458741 0.50884 0.529681 
0.269579 0.895784 0.72217 0.236767 0.379586 
0.089225 0.762973 0.145782 0.855235 0.627851 
0.485985 0.035016 0.548923 0.80927 0.649149 
0.940339 0.362004 0.280459 0.286681 0.649473 
0.433573 0.445018 0.129253 0.47421 0.605498 
0.124209 0.485761 0.866426 0.159034 0.851567 
0.626158 0.386674 0.8700909999999999 0.508976 0.063126 
0.651702 0.501413 0.029945 0.630895 0.371527 
0.431978 0.516323 0.412925 0.37292 0.97689 
0.939522 0.327485 0.634316 0.317807 0.239504 
0.56154 0.131298 0.958843 0.450258 0.440109 
0.660756 0.134926 0.21036 0.673662 0.854637 
0.376024 0.679503 0.810124 0.695977 0.125422 
0.374717 0.556713 0.05173 0.8775579999999999 0.606745 
0.728553 0.223569 0.349926 0.872599 0.077318 
0.525459 0.547185 0.381015 0.804237 0.696668 
0.864526 0.687633 0.455858 0.185839 0.491996 
0.365204 0.494737 0.168288 0.902606 0.311094 
0.831546 0.55605 0.699951 0.122762 0.125664 
0.060591 0.363829 0.562565 0.5940879999999999 0.808824 
0.306368 0.875755 0.299055 0.10473 0.775099 
0.514965 0.042184 0.889935 0.369729 0.614865 
0.717188 0.140838 0.720337 0.888246 0.138756 
0.416404 0.526568 0.92705 0.23133 0.670825 
0.173007 0.266908 0.635829 0.294493 0.7795339999999999 
0.381014 0.776353 0.636842 0.511697 0.684644 
0.913339 0.773156 0.241869 0.479098 0.307826 
0.167468 0.272524 0.456327 0.869897 0.846797 
0.504528 0.767316 0.053118 0.736652 0.584804 
0.33405 0.65368 0.372632 0.249998 0.959385 
0.5706 0.5066079999999999 0.243822 0.9799909999999999 0.164039 
0.534007 0.246757 0.845718 0.080057 0.541075 
0.577224 0.849704 0.431663 0.68958 0.261868 
0.544269 0.806451 0.064982 0.325962 0.704193 
0.77882 0.322906 0.113859 0.366116 0.691657 
0.463475 0.401489 0.388997 0.233191 0.963608 
0.373257 0.792069 0.74344 0.5891459999999999 0.305432 
0.8150849999999999 0.530978 0.791683 0.506308 0.172386 
0.713284 0.559965 0.787417 0.602455 0.051509 
0.851315 0.110088 0.458619 0.365569 0.702027 
0.215794 0.235233 0.820286 0.850801 0.549565 
0.469875 0.921497 0.598814 0.484476 0.280625 
0.783293 0.490867 0.6079290000000001 0.087864 0.293131 
0.301652 0.782108 0.452938 0.875297 0.365643 
0.137142 0.700083 0.858482 0.505201 0.259864 
0.933964 0.32463 0.607075 0.133901 0.486052 
0.835006 0.650922 0.046671 0.365432 0.56438 
0.299014 0.408175 0.87682 0.328549 0.8819709999999999 
0.263605 0.553348 0.061521 0.640865 0.6830039999999999 
0.369648 0.224107 0.3105 0.93954 0.643165 
0.6938800000000001 0.72577 0.135833 0.861887 0.29049 
0.150834 0.196255 0.504856 0.72965 0.882505 
0.529238 0.945731 0.334798 0.221333 0.36122 
0.026349 0.598427 0.754109 0.445926 0.583937 
0.292568 0.948981 0.119778 0.564719 0.654192 
0.260691 0.505181 0.953332 0.566896 0.31808 
0.821727 0.380075 0.393297 0.897167 0.09783699999999999 
0.173986 0.613771 0.500113 0.86916 0.149371 
0.534799 0.6960229999999999 0.079323 0.93219 0.226633 
0.422299 0.613551 0.965923 0.354621 0.398371 
0.212007 0.471187 0.617215 0.744774 0.79978 
0.574525 0.917445 0.419674 0.116538 0.51795 
0.703875 0.367206 0.791413 0.07323499999999999 0.705724 
0.381967 0.209622 0.527599 0.649313 0.901894 
0.648581 0.8414970000000001 0.661317 0.394978 0.062584 
0.694616 0.429006 0.158354 0.44633 0.906786 
 0.338 0.165276 0.66682 0.252569 0.922089 
0.06316099999999999 0.78311 0.519639 0.750414 0.267607 
0.110027 0.254313 0.848126 0.500018 0.7913790000000001 
0.12491 0.532352 0.823587 0.139188 0.806832 
0.201914 0.810438 0.138204 0.431094 0.835459 
0.047378 0.69802 0.60432 0.750708 0.40597 
0.621036 0.560156 0.07251299999999999 0.885572 0.478816 
0.653849 0.620244 0.6455419999999999 0.048544 0.737713 
0.339839 0.335281 0.702809 0.094246 0.914862 
0.848126 0.43098 0.621321 0.687415 0.061337 
0.77089 0.380678 0.04402 0.794241 0.42853 
0.558546 0.056735 0.655253 0.393409 0.884898 
0.074226 0.703427 0.89553 0.427918 0.465109 
0.418227 0.75267 0.801202 0.07266 0.562499 
0.25716 0.929234 0.07013 0.60302 0.564488 
0.251951 0.412171 0.605394 0.7561560000000001 0.196719 
0.603299 0.879717 0.18296 0.113749 0.54763 
0.528795 0.643613 0.189804 0.972143 0.251123 
0.136817 0.865561 0.337148 0.298737 0.695404 
0.129103 0.351126 0.9096959999999999 0.306197 0.8103860000000001 
0.485258 0.026414 0.728248 0.623163 0.550929 
0.605469 0.120294 0.902201 0.286966 0.718997 
0.79218 0.236706 0.789077 0.186207 0.716915 
0.91617 0.116756 0.640447 0.253119 0.481073 
0.453226 0.937035 0.384848 0.153621 0.466822 
0.5838680000000001 0.248228 0.135404 0.566536 0.568704 
0.934735 0.139751 0.756324 0.394327 0.541628 
 0.971 0.354713 0.205741 0.632837 0.34248 
0.859187 0.214725 0.80592 0.134265 0.350927 
0.153029 0.5114919999999999 0.814384 0.289193 0.446637 
0.899504 0.381087 0.166059 0.406181 0.737691 
0.747521 0.234357 0.806409 0.538982 0.637433 
0.854607 0.209385 0.303908 0.517433 0.278765 
0.629256 0.124797 0.358641 0.398399 0.584335 
0.20007 0.909964 0.671563 0.250171 0.708821 
0.751669 0.825476 0.067217 0.664393 0.389603 
0.768605 0.677635 0.509176 0.100398 0.604619 
0.490582 0.474574 0.183739 0.851116 0.79667 
0.276057 0.905818 0.089659 0.528995 0.753564 
0.63887 0.306217 0.761195 0.560597 0.061125 
0.6302680000000001 0.698929 0.125685 0.392162 0.290599 
0.057349 0.84194 0.386438 0.410675 0.791134 
0.619958 0.729374 0.368763 0.097702 0.396719 
0.054776 0.320507 0.835438 0.543729 0.550774 
0.595173 0.250936 0.816037 0.533565 0.755378 
0.647519 0.115596 0.871479 0.162113 0.813728 
0.193232 0.326279 0.946029 0.6351830000000001 0.408259 
0.689667 0.265302 0.856235 0.089542 0.445607 
0.416591 0.057504 0.668746 0.755354 0.379644 
0.867106 0.711802 0.285337 0.174675 0.389418 
0.350206 0.420323 0.66279 0.21287 0.980421 
0.677913 0.392929 0.24395 0.720213 0.06808699999999999 
0.138188 0.470057 0.566986 0.209892 0.748772 
0.460691 0.641197 0.8846039999999999 0.586134 0.27861 
0.061052 0.456642 0.898122 0.618424 0.423764 
0.6527770000000001 0.471318 0.610897 0.902352 0.241077 
0.290124 0.53948 0.176991 0.709825 0.341984 
0.286078 0.308533 0.970247 0.395249 0.539671 
0.841847 0.4269 0.055458 0.777625 0.511858 
0.17412 0.87251 0.754148 0.401735 0.616622 
0.376842 0.775888 0.229974 0.88517 0.556318 
0.151065 0.721445 0.83755 0.335502 0.35704 
0.326365 0.5597299999999999 0.870233 0.506246 0.617959 
0.672944 0.279507 0.255908 0.362898 0.902108 
0.45413 0.105326 0.699167 0.425045 0.433993 
0.570222 0.244614 0.239055 0.964404 0.627813 
0.331027 0.837329 0.230567 0.412914 0.9337569999999999 
0.5490620000000001 0.38067 0.289541 0.763417 0.839826 
0.46465 0.315271 0.8633110000000001 0.449679 0.128614 
0.6800659999999999 0.082844 0.810458 0.815171 0.145939 
0.737915 0.08726399999999999 0.41179 0.9407450000000001 0.207181 
0.714229 0.460269 0.21459 0.304163 0.904358 
0.6217819999999999 0.2538 0.915969 0.253488 0.231167 
0.210441 0.960823 0.384522 0.663022 0.458366 
0.736494 0.489094 0.427325 0.5719689999999999 0.72961 
0.521989 0.886012 0.630234 0.258493 0.142271 
0.390295 0.529176 0.391438 0.600003 0.938242 
0.632345 0.6457889999999999 0.298916 0.5498729999999999 0.077455 
0.773918 0.158084 0.788289 0.652595 0.08831 
0.395878 0.20298 0.771775 0.466427 0.289852 
0.77683 0.8338950000000001 0.385598 0.125058 0.282052 
0.6575490000000001 0.7349560000000001 0.038465 0.639208 0.266454 
0.686652 0.06873899999999999 0.681053 0.473914 0.250238 
0.361937 0.162097 0.177963 0.727673 0.856492 
0.579512 0.731201 0.070883 0.372598 0.842754 
0.674463 0.465891 0.850714 0.254749 0.081585 
0.946312 0.205902 0.593656 0.739774 0.16239 
0.682467 0.192174 0.432083 0.147111 0.725858 
0.581527 0.212702 0.896529 0.486491 0.116125 
0.162126 0.564114 0.462226 0.580829 0.353354 
0.751444 0.337086 0.271291 0.558447 0.865967 
0.319147 0.304935 0.219357 0.876035 0.737764 
0.436878 0.773687 0.045575 0.796933 0.374548 
0.34261 0.619252 0.736644 0.460686 0.093413 
0.071399 0.637744 0.179862 0.795508 0.719359 
0.959382 0.318531 0.53417 0.6455109999999999 0.319563 
0.84976 0.074618 0.537345 0.383763 0.691192 
0.342317 0.888592 0.577453 0.223722 0.314846 
0.294495 0.228886 0.732898 0.169466 0.921188 
0.493844 0.95764 0.443402 0.285571 0.590907 
0.836656 0.060555 0.5596640000000001 0.722589 0.567051 
0.250433 0.667515 0.915365 0.352472 0.598162 
0.267938 0.979257 0.332273 0.352476 0.563211 
0.513159 0.295288 0.640765 0.773459 0.72824 
0.165129 0.27195 0.792297 0.900799 0.441635 
0.539331 0.257856 0.158749 0.689105 0.882831 
0.406331 0.839734 0.568033 0.068953 0.411869 
0.767204 0.296768 0.93909 0.44432 0.197265 
0.262831 0.212309 0.514074 0.9107420000000001 0.70563 
0.8220460000000001 0.08727 0.742317 0.611187 0.544749 
0.34433 0.09935099999999999 0.767382 0.324156 0.786736 
0.753155 0.240426 0.869385 0.207261 0.204016 
0.4044 0.209204 0.884547 0.250614 0.922133 
0.36849 0.938468 0.434605 0.09038300000000001 0.665425 
0.421103 0.296283 0.33267 0.963239 0.332775 
0.375085 0.871422 0.249644 0.133076 0.869364 
0.516938 0.411638 0.250025 0.979298 0.449571 
0.410427 0.846705 0.261564 0.370288 0.282389 
0.431628 0.375714 0.622943 0.372908 0.248671 
0.928874 0.328439 0.735501 0.305138 0.287478 
0.830826 0.362846 0.309418 0.139277 0.712819 
0.508866 0.754358 0.102753 0.884652 0.421074 
0.303063 0.057221 0.457365 0.888327 0.753718 
0.604033 0.824045 0.046856 0.40612 0.551274 
0.292518 0.46588 0.749784 0.523222 0.156285 
0.80882 0.225267 0.23495 0.5015230000000001 0.81149 
0.412303 0.682894 0.767271 0.579329 0.540116 
0.773052 0.730291 0.434368 0.617372 0.386588 
0.873045 0.399415 0.201837 0.6173110000000001 0.140921 
0.063517 0.774245 0.5226690000000001 0.206373 0.779429 
0.25752 0.43259 0.472871 0.208897 0.934907 
0.333312 0.184925 0.923903 0.149204 0.794334 
0.724014 0.233803 0.099708 0.707247 0.609217 
0.594212 0.453667 0.375207 0.06524199999999999 0.90177 
0.494797 0.505968 0.837055 0.729971 0.317326 
0.623305 0.6793 0.116782 0.827964 0.098326 
0.69021 0.731106 0.426734 0.728529 0.038617 
0.143325 0.8655350000000001 0.165918 0.714311 0.440349 
0.636352 0.593526 0.088419 0.30122 0.53126 
0.042606 0.391909 0.607459 0.7167289999999999 0.585141 
0.845706 0.486887 0.251276 0.442105 0.184892 
0.42656 0.798298 0.857954 0.172271 0.546562 
0.351762 0.265674 0.588195 0.957321 0.389329 
0.062414 0.873258 0.465449 0.721481 0.478101 
0.443762 0.766014 0.282328 0.606119 0.085756 
0.5293 0.587538 0.227857 0.981343 0.267534 
0.844649 0.576092 0.699149 0.106182 0.234454 
0.81491 0.600495 0.58996 0.659631 0.246256 
0.432122 0.08721 0.8918 0.620582 0.56462 
0.330506 0.737748 0.483366 0.063567 0.900514 
0.824287 0.362503 0.771917 0.226453 0.105339 
0.147494 0.45694 0.292676 0.829009 0.810187 
0.364428 0.227136 0.649837 0.351245 0.965229 
0.761821 0.350886 0.464715 0.959241 0.283954 
0.135742 0.455821 0.288409 0.925875 0.654237 
0.875246 0.102291 0.522319 0.594726 0.648594 
0.398544 0.485349 0.24159 0.9369690000000001 0.645335 
0.355426 0.974795 0.417485 0.279381 0.530397 
0.370692 0.654971 0.701775 0.338472 0.134865 
0.35897 0.240577 0.969093 0.499164 0.377992 
0.422342 0.196792 0.803579 0.747862 0.187965 
0.374099 0.146917 0.968359 0.347648 0.643145 
0.349519 0.178374 0.9490420000000001 0.481397 0.5820959999999999 
0.6760699999999999 0.444192 0.6072149999999999 0.646949 0.023097 
0.205353 0.277044 0.926655 0.59877 0.441333 
0.39571 0.9621499999999999 0.451926 0.48826 0.17752 
0.500732 0.335411 0.407815 0.15442 0.915595 
0.766336 0.772007 0.06472600000000001 0.258188 0.544918 
0.572624 0.183932 0.866663 0.784072 0.342934 
0.106245 0.346961 0.923069 0.473661 0.511334 
0.10403 0.497256 0.845648 0.221868 0.615152 
0.936358 0.554152 0.460214 0.153961 0.505104 
0.666598 0.781353 0.711032 0.360976 0.385109 
0.399996 0.896002 0.23261 0.8915650000000001 0.161318 
0.387534 0.069312 0.825366 0.388112 0.590947 
0.229175 0.591207 0.392679 0.717204 0.872609 
0.791825 0.364041 0.197429 0.385123 0.364649 
0.435812 0.940161 0.124998 0.616688 0.5367729999999999 
0.330355 0.259714 0.588923 0.283133 0.9771879999999999 
0.560387 0.439665 0.9553 0.135507 0.60161 
0.369273 0.8505509999999999 0.045328 0.459825 0.5572820000000001 
0.375814 0.298405 0.424341 0.236928 0.767007 
0.702806 0.638566 0.438116 0.289977 0.80644 
0.853552 0.045831 0.539345 0.777329 0.213707 
0.729619 0.262604 0.105808 0.6206469999999999 0.477082 
0.496505 0.9607830000000001 0.233945 0.505336 0.488522 
0.017931 0.787126 0.376308 0.510001 0.77321 
0.790393 0.7800820000000001 0.237559 0.7668430000000001 0.16466 
0.259568 0.601851 0.746642 0.330019 0.264954 
0.5604440000000001 0.178971 0.744812 0.183018 0.909536 
0.48751 0.395763 0.80527 0.180799 0.881542 
0.525894 0.234413 0.751381 0.889389 0.276028 
0.202701 0.199948 0.876088 0.339242 0.669362 
0.885168 0.398201 0.457657 0.764159 0.06779200000000001 
0.6386810000000001 0.536057 0.405209 0.07353800000000001 0.8602610000000001 
0.402104 0.524805 0.877451 0.09907299999999999 0.362164 
0.726814 0.832559 0.365178 0.119572 0.45239 
0.814352 0.541387 0.026742 0.36496 0.720036 
0.820991 0.323116 0.615928 0.229686 0.810741 
0.773392 0.383453 0.650231 0.761456 0.054655 
0.797976 0.583086 0.112121 0.190032 0.801272 
0.948565 0.544233 0.637042 0.417166 0.297028 
0.567648 0.853483 0.180988 0.774019 0.078734 
0.194104 0.250913 0.452965 0.904827 0.601206 
0.760917 0.671961 0.385795 0.511834 0.021669 
0.519261 0.652484 0.707511 0.760704 0.258268 
0.857063 0.06155 0.592854 0.822032 0.379494 
0.081347 0.832301 0.392445 0.274154 0.797386 
0.448587 0.6495069999999999 0.881738 0.09336899999999999 0.609118 
0.437564 0.111784 0.420757 0.477888 0.803117 
0.558917 0.333008 0.740101 0.032838 0.65911 
0.695486 0.51588 0.918391 0.221626 0.191939 
0.306978 0.102791 0.854195 0.714836 0.562091 
0.404245 0.618859 0.64202 0.774825 0.035424 
0.607896 0.169175 0.675806 0.096512 0.8418060000000001 
0.195693 0.54539 0.303132 0.321941 0.733073 
0.52601 0.82101 0.747939 0.408314 0.438118 
0.9338649999999999 0.120908 0.387307 0.5634670000000001 0.553229 
0.43716 0.214818 0.74803 0.115579 0.619318 
0.337677 0.612216 0.152995 0.93114 0.604872 
0.551229 0.396858 0.234731 0.377788 0.953071 
0.43811 0.627617 0.9352240000000001 0.374948 0.206171 
0.782058 0.211051 0.187874 0.345205 0.782422 
0.661288 0.294882 0.201468 0.961812 0.519215 
0.261518 0.520934 0.217729 0.649219 0.949358 
0.629683 0.334724 0.716545 0.316841 0.860415 
0.411263 0.816379 0.373468 0.464808 0.83739 
0.535377 0.268266 0.490716 0.591018 0.144272 
0.935147 0.213385 0.55521 0.534087 0.198178 
0.682782 0.311383 0.9584009999999999 0.371012 0.159079 
0.312612 0.134861 0.606193 0.433515 0.9244869999999999 
0.125448 0.737394 0.386591 0.156905 0.848409 
0.483926 0.732143 0.324289 0.137481 0.919729 
0.626718 0.877784 0.458833 0.293215 0.119965 
0.231517 0.754031 0.56369 0.134384 0.528435 
0.1891 0.342124 0.698637 0.894495 0.5792620000000001 
0.749427 0.732288 0.036542 0.424003 0.458927 
0.060469 0.85099 0.536478 0.547412 0.5478690000000001 
0.717739 0.067718 0.297839 0.761092 0.769647 
0.515922 0.922629 0.219559 0.739416 0.095305 
0.549237 0.667211 0.529682 0.053531 0.825716 
0.211784 0.307222 0.679485 0.929908 0.450776 
0.66847 0.7475540000000001 0.441462 0.042986 0.630206 
0.652332 0.176766 0.950238 0.183988 0.6218399999999999 
0.285633 0.413466 0.600525 0.614368 0.926743 
0.873507 0.737884 0.124767 0.437484 0.5625250000000001 
0.224618 0.636391 0.656759 0.849796 0.393379 
0.053399 0.724305 0.266671 0.802993 0.556677 
0.929166 0.123358 0.337037 0.814281 0.431908 
0.09505 0.264825 0.8212120000000001 0.594835 0.68705 
0.5896479999999999 0.850142 0.304249 0.653542 0.481484 
0.18036 0.73022 0.064889 0.7490289999999999 0.630391 
0.234059 0.842125 0.206218 0.796941 0.25312 
0.441279 0.6207819999999999 0.195493 0.162167 0.925049 
0.216707 0.756157 0.8509330000000001 0.241536 0.61987 
0.106758 0.710103 0.785222 0.132802 0.757578 
0.603803 0.875714 0.08834699999999999 0.55582 0.259572 
0.741575 0.099791 0.396293 0.8830710000000001 0.513261 
0.275763 0.581804 0.748976 0.594001 0.104849 
0.192944 0.75352 0.18178 0.823927 0.331976 
0.894081 0.293287 0.268255 0.863227 0.136325 
0.363645 0.603602 0.058831 0.791919 0.700511 
0.682468 0.467709 0.940534 0.267953 0.186297 
0.09265 0.656377 0.29118 0.434043 0.668608 
0.690109 0.790744 0.25819 0.621506 0.07205 
0.397339 0.426258 0.267177 0.394015 0.9682500000000001 
0.133944 0.46952 0.645884 0.293747 0.9657289999999999 
0.854454 0.649905 0.656262 0.490268 0.275339 
0.593298 0.40302 0.9195719999999999 0.655931 0.166782 
0.579593 0.327955 0.098334 0.945831 0.615042 
0.8529679999999999 0.44909 0.319285 0.539698 0.073544 
0.251048 0.452995 0.522446 0.258384 0.519806 
0.581714 0.899215 0.51714 0.517285 0.059955 
0.579973 0.624106 0.851997 0.126697 0.176737 
0.711806 0.348759 0.285054 0.793948 0.0501 
0.396303 0.949101 0.543033 0.111011 0.42811 
0.671919 0.389925 0.120986 0.350355 0.589013 
0.506066 0.055992 0.862401 0.306485 0.7380640000000001 
0.525082 0.540463 0.371199 0.223608 0.379714 
0.325201 0.517929 0.703014 0.8386439999999999 0.062944 
0.832937 0.082873 0.444281 0.317683 0.559375 
0.36803  0.876 0.331733 0.853007 0.19833 
0.267764 0.885713 0.116262 0.70208 0.757683 
0.225868 0.789158 0.079235 0.5973349999999999 0.564527 
0.231407 0.695087 0.8653690000000001 0.142704 0.758328 
0.631255 0.543557 0.067092 0.516741 0.855061 
0.543676 0.935534 0.092501 0.567307 0.438046 
0.080972 0.463378 0.513812 0.704609 0.851376 
0.891945 0.406111 0.772153 0.301576 0.219608 
0.783882 0.336784 0.670295 0.827596 0.248906 
0.031642 0.500132 0.777578 0.5633010000000001 0.514841 
0.446119 0.171157 0.962036 0.225546 0.609247 
0.485111 0.182219 0.96044 0.529848 0.421057 
0.862116 0.549415 0.442448 0.425616 0.656847 
0.259884 0.737052 0.136342 0.9673580000000001 0.491197 
0.252034 0.492201 0.428584 0.9563390000000001 0.269355 
0.761957 0.429903 0.146838 0.974114 0.219699 
0.149583 0.396699 0.6952660000000001 0.8864379999999999 0.556244 
0.47898 0.867186 0.048709 0.705328 0.513947 
0.419265 0.328844 0.899989 0.325084 0.834481 
0.170554 0.386722 0.28077 0.42072 0.82463 
0.784518 0.492347 0.256903 0.266112 0.360597 
0.5077 0.255146 0.5502050000000001 0.217856 0.972422 
0.482241 0.898908 0.548314 0.233692 0.629728 
0.177366 0.807696 0.823071 0.390459 0.53882 
0.47187 0.867067 0.137837 0.187557 0.732645 
0.055161 0.505377 0.884336 0.505703 0.672373 
0.127044 0.390337 0.517105 0.896556 0.747471 
0.608791 0.844135 0.449367 0.128848 0.621179 
0.284051 0.814423 0.489419 0.8282350000000001 0.152119 
0.293652 0.286944 0.696716 0.118395 0.85839 
0.219003 0.411052 0.438095 0.6977640000000001 0.321633 
0.610293 0.324602 0.7108640000000001 0.038694 0.693433 
0.709593 0.311272 0.146812 0.853823 0.635464 
0.236784 0.504231 0.153817 0.7517239999999999 0.89024 
0.08497 0.722768 0.333391 0.680226 0.834255 
0.538514 0.514968 0.719384 0.717982 0.023892 
0.203344 0.904567 0.235883 0.80646 0.504545 
0.847846 0.291255 0.6428700000000001 0.720631 0.46887 
0.490227 0.533396 0.649448 0.180541 0.290301 
0.209645 0.826553 0.767147 0.155101 0.5237039999999999 
0.242724 0.417902 0.639305 0.589342 0.920775 
0.028898 0.708103 0.5648840000000001 0.676719 0.649308 
0.035848 0.501949 0.5029169999999999 0.669509 0.656978 
0.212868 0.770324 0.253978 0.625463 0.917777 
0.542835 0.493057 0.069552 0.786355 0.711379 
0.155776 0.881192 0.20399 0.414287 0.860918 
0.367574 0.228121 0.838174 0.849094 0.307705 
0.622163 0.17535 0.648451 0.740417 0.08361200000000001 
0.479756 0.881856 0.131483 0.797331 0.398466 
0.676602 0.814405 0.197447 0.897766 0.09554700000000001 
0.716643 0.605822 0.260363 0.097527 0.775217 
0.725479 0.779145 0.731388 0.156713 0.272911 
0.550572 0.445054 0.975344 0.174282 0.404669 
0.2966 0.880528 0.118643 0.617683 0.331391 
0.616045 0.8252890000000001 0.483123 0.444454 0.574017 
0.066707 0.557554 0.411846 0.801631 0.466836 
0.578118 0.30007 0.255744 0.969691 0.286433 
0.834625 0.315087 0.144834 0.431938 0.474845 
0.476642 0.479599 0.279973 0.614482 0.948141 
0.292382 0.23451 0.92665 0.539757 0.721205 
0.6621 0.387336 0.874421 0.600223 0.399761 
0.932179 0.454215 0.485203 0.078622 0.467286 
0.142525 0.6576419999999999 0.731258 0.279837 0.435862 
0.68204 0.760348 0.6191449999999999 0.030346 0.401399 
0.864268 0.199172 0.919196 0.432901 0.393515 
0.555738 0.935329 0.191789 0.665053 0.106943 
0.684032 0.640578 0.161713 0.938126 0.145569 
0.446395 0.692204 0.250437 0.606162 0.8970669999999999 
0.312022 0.627748 0.840075 0.639719 0.154017 
0.167226 0.3959 0.920607 0.397466 0.358558 
0.586566 0.350022 0.37066 0.121146 0.683036 
0.871849 0.104767 0.418709 0.327612 0.614287 
0.724732 0.721788 0.032659 0.458504 0.430371 
0.25133 0.486723 0.932272 0.22855 0.449375 
0.405017 0.266228 0.983028 0.316191 0.601499 
0.844035 0.29387 0.771656 0.611675 0.08279599999999999 
0.772161 0.103411 0.506996 0.503058 0.255224 
0.295536 0.583853 0.482558 0.808361 0.756144 
0.727507 0.743003 0.151621 0.279096 0.82012 
0.396648 0.640292 0.9457 0.499751 0.402298 
0.19592 0.901438 0.416855 0.745161 0.364132 
0.6475959999999999 0.158527 0.165839 0.839484 0.652671 
0.72163 0.042546 0.646994 0.390595 0.48511 
0.1525 0.841911 0.448894 0.798601 0.203237 
0.565563 0.6432099999999999 0.405766 0.212008 0.277717 
0.429184 0.096413 0.870275 0.481721 0.41248 
0.497766 0.638946 0.044188 0.8795190000000001 0.47801 
0.418599 0.6766720000000001 0.555746 0.497288 0.065578 
0.309471 0.800968 0.446369 0.412127 0.210276 
0.86747 0.293397 0.05883 0.541442 0.731816 
0.239096 0.943877 0.22275 0.548104 0.756383 
0.87416 0.66048 0.178615 0.421748 0.21143 
0.296203 0.300371 0.346673 0.9024529999999999 0.381225 
0.664123 0.208828 0.158838 0.889508 0.448782 
0.945968 0.450888 0.446283 0.413441 0.54556 
0.8999470000000001 0.377955 0.669565 0.174893 0.638248 
0.559875 0.479806 0.048333 0.785444 0.383358 
0.466794 0.452558 0.611466 0.640909 0.790787 
0.790418 0.775791 0.092948 0.457906 0.315517 
0.696092 0.5124 0.011398 0.5820380000000001 0.504665 
0.417186 0.571816 0.795439 0.057187 0.762168 
0.515227 0.063628 0.813596 0.448554 0.82143 
0.201992 0.108952 0.79232 0.559209 0.642763 
0.33907 0.961327 0.403902 0.271296 0.418971 
0.723041 0.247758 0.897667 0.223971 0.632364 
0.69917 0.061655 0.260233 0.548654 0.714177 
0.280478 0.117758 0.745277 0.864514 0.326115 
0.19657 0.36486 0.279924 0.764867 0.571926 
0.160956 0.670552 0.104902 0.777821 0.516541 
0.168095 0.745331 0.433569 0.5179589999999999 0.306743 
0.826159 0.362502 0.520247 0.13587 0.396266 
0.457292 0.062532 0.761331 0.471762 0.860278 
0.805837 0.425179 0.918312 0.384825 0.18625 
0.680607 0.124089 0.202037 0.8411149999999999 0.586042 
0.863179 0.431747 0.51067 0.370496 0.708799 
0.786842 0.738231 0.646738 0.200327 0.096189 
0.387001 0.722254 0.270529 0.269366 0.944008 
0.344011 0.668586 0.584933 0.685494 0.035658 
0.79395 0.203333 0.940159 0.447726 0.212348 
0.559679 0.301721 0.433385 0.540589 0.952734 
0.818262 0.9007309999999999 0.334031 0.359981 0.162951 
0.945757 0.5166809999999999 0.433895 0.630252 0.204033 
0.875844 0.096571 0.366093 0.430648 0.529296 
0.289684 0.0762 0.7057060000000001 0.740863 0.563171 
0.610975 0.232735 0.203888 0.903178 0.683065 
0.946265 0.190682 0.409469 0.780747 0.159168 
0.209646 0.702588 0.926214 0.401654 0.46278 
0.247034 0.756875 0.557441 0.146258 0.953931 
0.162765 0.394986 0.925433 0.279805 0.584776 
0.337946 0.861479 0.416399 0.52482 0.110641 
0.843661 0.224054 0.891779 0.217113 0.403154 
0.794059 0.69189 0.7585769999999999 0.159846 0.274829 
0.557741 0.884447 0.341564 0.273164 0.225726 
0.334068 0.574334 0.826712 0.114749 0.828314 
0.450406 0.337712 0.955118 0.15719 0.545261 
0.285442 0.49468 0.14203 0.481916 0.9570419999999999 
0.562404 0.603695 0.06894599999999999 0.808355 0.21473 
0.97389 0.233981 0.453395 0.723245 0.224165 
0.724423 0.329163 0.687746 0.082606 0.454299 
0.656365 0.300166 0.94559 0.159898 0.580855 
0.783908 0.545108 0.181779 0.170877 0.514266 
0.63283 0.265568 0.970383 0.231551 0.395994 
0.763899 0.452846 0.081026 0.37524 0.539974 
0.358022 0.177309 0.972735 0.352987 0.740603 
0.65167 0.388975 0.964085 0.196841 0.283427 
0.834434 0.192807 0.303255 0.7942979999999999 0.069869 
0.460464 0.495421 0.024543 0.801244 0.680628 
0.513019 0.432663 0.344615 0.664236 0.897847 
0.756012 0.069393 0.415824 0.797574 0.633104 
0.308024 0.059556 0.5078009999999999 0.727436 0.706633 
0.800179 0.242227 0.942201 0.368023 0.318213 
0.498069 0.092026 0.776768 0.419466 0.87029 
