5
814
0.157082 0.704704 0.70451 0.294933 0.758333 
0.194666 0.615687 0.757539 0.463948 0.690369 
0.259848 0.704051 0.767554 0.594182 0.337497 
0.538469 0.64789 0.117313 0.829453 0.354075 
0.338007 0.624518 0.439988 0.843047 0.199882 
0.577553 0.677777 0.115975 0.830336 0.451478 
0.597603 0.660663 0.224392 0.264426 0.784745 
0.453136 0.597075 0.299891 0.797912 0.15522 
0.382641 0.278198 0.574367 0.227223 0.853811 
0.711172 0.424642 0.145184 0.773556 0.5729880000000001 
0.192957 0.788669 0.652991 0.23972 0.661402 
0.428557 0.363253 0.922248 0.294628 0.538138 
0.491298 0.623494 0.548405 0.299107 0.816279 
0.559555 0.471137 0.105128 0.803353 0.443558 
0.38546 0.569861 0.581263 0.148839 0.901717 
0.876202 0.475707 0.454913 0.333233 0.272654 
0.520035 0.905702 0.192548 0.541542 0.434247 
0.192649 0.324206 0.4503 0.544894 0.790386 
0.802903 0.303703 0.527389 0.311686 0.74492 
0.5224 0.162849 0.765564 0.201637 0.669543 
0.636559 0.831938 0.239044 0.592336 0.180987 
0.134993 0.598653 0.50923 0.418189 0.863904 
0.567699 0.280502 0.311642 0.920631 0.503849 
0.742909 0.32237 0.596975 0.6802009999999999 0.06531000000000001 
0.259701 0.838777 0.72231 0.265445 0.568371 
0.608754 0.329132 0.943983 0.305399 0.28935 
0.319192 0.465454 0.65102 0.709638 0.162141 
0.695307 0.652371 0.289211 0.299004 0.718718 
0.78298 0.618296 0.356654 0.502214 0.08447399999999999 
0.312851 0.7350950000000001 0.321358 0.171978 0.771933 
0.483119 0.524921 0.125907 0.866146 0.3213 
0.252804 0.575092 0.8920979999999999 0.342104 0.5233370000000001 
0.419137 0.247683 0.451418 0.646469 0.85024 
0.855764 0.41137 0.281903 0.363972 0.665947 
0.181505 0.826689 0.5951070000000001 0.501605 0.383019 
0.397893 0.888301 0.360659 0.528287 0.581097 
0.512841 0.411384 0.884719 0.290498 0.281151 
0.826365 0.664744 0.201454 0.574925 0.234795 
0.298719 0.6489819999999999 0.5938290000000001 0.664018 0.147296 
0.596651 0.141481 0.587727 0.7276629999999999 0.252726 
0.589874 0.816066 0.115174 0.685047 0.295863 
0.593429 0.38116 0.123908 0.678003 0.477558 
0.850483 0.480906 0.12456 0.500987 0.431215 
0.480196 0.887164 0.436843 0.554196 0.330696 
0.873887 0.49497 0.173762 0.483181 0.576411 
0.397647 0.195286 0.393712 0.49582 0.886027 
0.497147 0.850484 0.391756 0.678127 0.215962 
0.473579 0.508845 0.197309 0.880823 0.509211 
0.7098989999999999 0.467456 0.451354 0.283278 0.818994 
0.53279 0.558744 0.775778 0.097397 0.669901 
0.422063 0.740909 0.133932 0.398035 0.679103 
0.7572179999999999 0.427828 0.841971 0.345484 0.285934 
0.359834 0.323541 0.318219 0.807983 0.416692 
0.902054 0.526605 0.321749 0.542138 0.199662 
0.442667 0.469593 0.296767 0.682119 0.820671 
0.615321 0.830927 0.472768 0.503355 0.322081 
0.844847 0.40601 0.675844 0.178381 0.412114 
0.842589 0.499831 0.149578 0.475386 0.347061 
0.690408 0.433893 0.674771 0.732626 0.342501 
0.6733209999999999 0.8149420000000001 0.52825 0.269142 0.316288 
0.797254 0.143869 0.359665 0.765508 0.341721 
0.50639 0.659049 0.695898 0.282653 0.214199 
0.352367 0.251482 0.853716 0.470227 0.688511 
0.649178 0.5913 0.661865 0.618959 0.089425 
0.479196 0.191134 0.867066 0.266441 0.776873 
0.103805 0.442777 0.66944 0.582711 0.520808 
0.774385 0.190697 0.801558 0.558666 0.251867 
0.432571 0.699251 0.334501 0.622488 0.17275 
0.227236 0.616471 0.321772 0.331686 0.785332 
0.780856 0.057964 0.672338 0.431406 0.408964 
0.767722 0.5212560000000001 0.371206 0.70159 0.080348 
0.837347 0.605256 0.603216 0.266904 0.262191 
0.658674 0.211284 0.689557 0.29015 0.800378 
0.598236 0.852739 0.566115 0.289911 0.164274 
0.367662 0.743124 0.7283269999999999 0.520312 0.145753 
0.730881 0.57902 0.746918 0.223799 0.218829 
0.6647420000000001 0.198792 0.511511 0.699605 0.672403 
0.537286 0.790516 0.147825 0.542537 0.318133 
0.547218 0.392481 0.408499 0.307279 0.931271 
0.525044 0.307732 0.496141 0.159495 0.7212769999999999 
0.354304 0.895073 0.158369 0.506766 0.553226 
0.800627 0.5782659999999999 0.392759 0.651173 0.072431 
0.505221 0.7515770000000001 0.577945 0.069939 0.590809 
0.595963 0.527912 0.670643 0.109412 0.398795 
0.903837 0.525833 0.404437 0.42255 0.371979 
0.440874 0.243771 0.710543 0.857055 0.362133 
0.443304 0.309439 0.7220569999999999 0.188214 0.537026 
0.8333469999999999 0.216635 0.736716 0.489331 0.252179 
0.280256 0.667885 0.560815 0.575592 0.193352 
0.794266 0.341936 0.594215 0.448957 0.146319 
0.438357 0.432531 0.23202 0.357587 0.8560489999999999 
0.234419 0.285349 0.791243 0.72059 0.435504 
0.67516 0.222762 0.456986 0.887607 0.310226 
0.499851 0.334502 0.663893 0.677879 0.116044 
0.238866 0.478293 0.32369 0.910679 0.511501 
0.291091 0.284357 0.419901 0.821648 0.748537 
0.337231 0.895966 0.277034 0.570528 0.587634 
0.187105 0.739061 0.417212 0.470896 0.866099 
0.665349 0.633839 0.6693789999999999 0.154904 0.241386 
0.263338 0.7175820000000001 0.343697 0.398317 0.905047 
0.445635 0.436821 0.211049 0.848681 0.666083 
0.554782 0.435078 0.890456 0.505228 0.34434 
0.47121 0.824696 0.27887 0.376406 0.715471 
0.707999 0.178352 0.30379 0.503267 0.527442 
0.441733 0.685719 0.195062 0.5223449999999999 0.873993 
0.197932 0.700883 0.365088 0.254112 0.8437170000000001 
0.705339 0.367671 0.468528 0.253257 0.84007 
0.5584170000000001 0.774521 0.148455 0.707537 0.190297 
0.227485 0.615996 0.819585 0.259618 0.659084 
0.51698 0.858137 0.198173 0.723862 0.247662 
0.838323 0.5499230000000001 0.639684 0.216402 0.267156 
0.500151 0.765594 0.58091 0.41693 0.5743740000000001 
0.43064 0.619273 0.628517 0.298687 0.811315 
0.5274720000000001 0.371593 0.58472 0.6815290000000001 0.102876 
0.872742 0.335911 0.555384 0.238407 0.477393 
0.434219 0.233774 0.472018 0.69109 0.81419 
0.324917 0.294271 0.643493 0.323955 0.945031 
0.258926 0.69079 0.143825 0.750345 0.577478 
0.355427 0.6167 0.495304 0.12618 0.902626 
0.789103 0.256477 0.580143 0.794998 0.221194 
0.598542 0.470941 0.231208 0.680146 0.768472 
0.402899 0.285655 0.842841 0.260483 0.815377 
0.346901 0.542594 0.7046480000000001 0.663676 0.12802 
0.39014 0.215672 0.719186 0.737557 0.639342 
0.588048 0.483861 0.395266 0.702777 0.718113 
0.355204 0.453627 0.542418 0.904127 0.350624 
0.832041 0.600651 0.420688 0.6816140000000001 0.142444 
0.644954 0.231535 0.215978 0.854182 0.516753 
0.238932 0.311738 0.914605 0.514806 0.561461 
0.197691 0.771038 0.306309 0.355909 0.816646 
0.7909929999999999 0.646714 0.671894 0.41505 0.246614 
0.121674 0.725478 0.536735 0.512849 0.383442 
0.550351 0.882907 0.333367 0.310026 0.303785 
0.377265 0.593071 0.429262 0.270253 0.924535 
0.53527 0.883645 0.405891 0.517282 0.229961 
0.793326 0.245273 0.296147 0.819781 0.227038 
0.38342 0.644481 0.630403 0.769779 0.304254 
0.617177 0.120553 0.510776 0.645366 0.331108 
0.480036 0.153767 0.754872 0.601247 0.363096 
0.5260629999999999 0.823511 0.405998 0.575564 0.526044 
0.876717 0.182332 0.504668 0.631207 0.446007 
0.115142 0.490364 0.471959 0.479268 0.665538 
0.483615 0.49514 0.894471 0.573403 0.172597 
0.453187 0.253206 0.444189 0.300647 0.873502 
0.175306 0.838433 0.592973 0.347946 0.630679 
0.383454 0.40579 0.332693 0.681359 0.342098 
0.395715 0.610673 0.136732 0.436569 0.760999 
0.818797 0.458656 0.125264 0.654232 0.444013 
0.067637 0.550457 0.623327 0.427049 0.733363 
0.31683 0.452707 0.359566 0.259092 0.777434 
0.89335 0.223035 0.573267 0.452581 0.41281 
0.437385 0.175908 0.891831 0.488891 0.547273 
0.7363420000000001 0.554581 0.321529 0.864602 0.212043 
0.489958 0.529937 0.754101 0.700364 0.203995 
0.309856 0.58049 0.644756 0.789848 0.432571 
0.780158 0.149975 0.320238 0.569194 0.424295 
0.440013 0.60853 0.595328 0.836342 0.225201 
0.854236 0.300264 0.785837 0.357702 0.481034 
0.623488 0.148824 0.639224 0.802521 0.314731 
0.69794 0.248999 0.257466 0.368025 0.735969 
0.553189 0.375886 0.407887 0.561733 0.19834 
0.711122 0.405717 0.198498 0.282976 0.669141 
0.780698 0.5750690000000001 0.546041 0.146835 0.499302 
0.423066 0.380569 0.532092 0.88093 0.513917 
0.50768 0.26623 0.886484 0.615715 0.272128 
0.424404 0.493058 0.150278 0.648804 0.781549 
0.436238 0.547035 0.327554 0.5590810000000001 0.8866889999999999 
0.358109 0.174057 0.501396 0.493514 0.844705 
0.787044 0.8053 0.26948 0.402325 0.372661 
0.487791 0.906015 0.192257 0.391852 0.474921 
0.5327229999999999 0.8990939999999999 0.32477 0.302204 0.391867 
0.725847 0.202375 0.609008 0.841877 0.370777 
0.294509 0.710722 0.163593 0.804619 0.404323 
0.628682 0.271714 0.873841 0.122414 0.593436 
0.777485 0.500356 0.199344 0.656309 0.604947 
0.774943 0.235536 0.687564 0.214728 0.455001 
0.124087 0.465535 0.836538 0.35134 0.756924 
0.891644 0.587969 0.359032 0.481917 0.184711 
0.370725 0.726156 0.64693 0.056661 0.63718 
0.6405149999999999 0.423485 0.744893 0.353283 0.124997 
0.365329 0.170676 0.630795 0.657428 0.424057 
0.6105080000000001 0.118571 0.757363 0.621567 0.607863 
0.665089 0.429422 0.135516 0.441303 0.613158 
0.282553 0.407728 0.5674129999999999 0.168687 0.820213 
0.342334 0.220354 0.639453 0.716136 0.694993 
0.314718 0.314742 0.455044 0.352462 0.727278 
0.601934 0.124291 0.561805 0.790901 0.375695 
0.278044 0.589685 0.419893 0.894267 0.330168 
0.244014 0.586132 0.188755 0.800339 0.718612 
0.540064 0.357638 0.291124 0.945734 0.469217 
0.08129699999999999 0.447718 0.535114 0.43328 0.838737 
0.457253 0.875091 0.305711 0.543408 0.172616 
0.196833 0.871176 0.480529 0.529468 0.622131 
0.376112 0.555052 0.800662 0.130915 0.755718 
0.690319 0.139068 0.451499 0.828547 0.521994 
0.197422 0.627206 0.619151 0.682818 0.208753 
0.465362 0.658108 0.112075 0.611199 0.368588 
0.537492 0.338305 0.288604 0.897983 0.633537 
0.392758 0.385597 0.907294 0.330999 0.401916 
0.512671 0.328411 0.162776 0.665872 0.791671 
0.279277 0.6762010000000001 0.144412 0.694451 0.439124 
0.691114 0.240287 0.374458 0.322207 0.557072 
0.718055 0.477074 0.525243 0.145806 0.434838 
0.821859 0.131107 0.529621 0.8142200000000001 0.25598 
0.267992 0.871299 0.447581 0.393067 0.679661 
0.739303 0.499045 0.47209 0.822845 0.186126 
0.599279 0.516599 0.105697 0.45808 0.596079 
0.908022 0.198355 0.41272 0.611891 0.454383 
0.543495 0.857668 0.341272 0.190142 0.64882 
0.298176 0.212079 0.6165580000000001 0.608298 0.800032 
0.215891 0.371898 0.822567 0.75852 0.396544 
0.629452 0.8908160000000001 0.358079 0.341078 0.406849 
0.361566 0.6084889999999999 0.737918 0.373912 0.752831 
0.825782 0.501376 0.639163 0.222217 0.230222 
0.56086 0.8132509999999999 0.227028 0.235506 0.5648030000000001 
0.72525 0.126269 0.53409 0.319528 0.717962 
0.313999 0.693365 0.713107 0.536531 0.184064 
0.762662 0.676498 0.202136 0.260366 0.539444 
0.802088 0.577016 0.512501 0.254613 0.235265 
0.286324 0.719326 0.617776 0.108713 0.691496 
0.861877 0.498337 0.159549 0.419924 0.538238 
0.598701 0.527865 0.524907 0.139953 0.7909310000000001 
0.098315 0.504053 0.544732 0.739472 0.551006 
0.630274 0.642422 0.625376 0.091359 0.362146 
0.498731 0.772246 0.216299 0.806005 0.23125 
0.757385 0.294585 0.7920700000000001 0.458979 0.201883 
0.251187 0.470017 0.409921 0.7720900000000001 0.330208 
0.524711 0.193093 0.671644 0.212551 0.866534 
0.846343 0.628478 0.505005 0.254738 0.294064 
0.504362 0.682934 0.062042 0.778558 0.539232 
0.377751 0.8469 0.381652 0.393035 0.312191 
0.874009 0.267847 0.407691 0.307207 0.645944 
0.756383 0.290432 0.758281 0.344572 0.66698 
0.396532 0.192757 0.544941 0.825541 0.611675 
0.389801 0.614664 0.098954 0.6724909999999999 0.493945 
0.533444 0.680766 0.295377 0.186788 0.461228 
0.481831 0.796395 0.274475 0.659337 0.140287 
0.345218 0.703657 0.798955 0.137233 0.658563 
0.578669 0.535868 0.446312 0.854858 0.162198 
0.673498 0.099344 0.60058 0.658151 0.637948 
0.294349 0.830373 0.470108 0.416667 0.724135 
0.638974 0.84295 0.244692 0.57758 0.206387 
0.240356 0.945044 0.334591 0.56174 0.479102 
0.449282 0.752906 0.67843 0.638702 0.179819 
0.584746 0.690098 0.166714 0.336217 0.766695 
0.810738 0.240697 0.670451 0.340739 0.286231 
0.368292 0.7453610000000001 0.5729379999999999 0.6171180000000001 0.105646 
0.615934 0.571589 0.473264 0.460158 0.104984 
0.293714 0.413502 0.656246 0.168422 0.906728 
0.784222 0.392227 0.341154 0.818862 0.189887 
0.858591 0.142647 0.413752 0.682061 0.371089 
0.35549 0.83686 0.158923 0.329548 0.8363390000000001 
0.83214 0.167701 0.462491 0.544818 0.321074 
0.6552559999999999 0.10363 0.747408 0.408579 0.655126 
0.733986 0.277895 0.747052 0.135273 0.6057090000000001 
0.5903040000000001 0.186886 0.895303 0.478766 0.561789 
0.162445 0.362215 0.517689 0.82779 0.507683 
0.45992 0.556491 0.150091 0.783782 0.678501 
0.793235 0.231961 0.219968 0.857986 0.37482 
0.60372 0.785492 0.27388 0.206235 0.677294 
0.123296 0.661406 0.256631 0.579684 0.761118 
0.389063 0.745062 0.483759 0.094302 0.808518 
0.342846 0.659516 0.53746 0.090374 0.823091 
0.385586 0.898296 0.508493 0.179967 0.506503 
0.196744 0.699331 0.603776 0.262439 0.538081 
0.561154 0.5385450000000001 0.258803 0.344594 0.8882409999999999 
0.854013 0.628829 0.5666330000000001 0.354975 0.241651 
0.429604 0.756448 0.359147 0.107368 0.75762 
0.617519 0.522885 0.377649 0.533995 0.13222 
0.313091 0.646755 0.471268 0.109026 0.821366 
0.401737 0.53793 0.199687 0.33106 0.8522650000000001 
0.77641 0.434824 0.36022 0.5636330000000001 0.657038 
0.759093 0.09507699999999999 0.738649 0.405009 0.584241 
0.440486 0.424718 0.234186 0.891265 0.349981 
0.288932 0.588581 0.368647 0.409833 0.92548 
0.5088549999999999 0.5005540000000001 0.314942 0.931297 0.198122 
0.405791 0.1677 0.568008 0.832222 0.458917 
0.188546 0.580857 0.533326 0.797858 0.557325 
0.291009 0.744005 0.789846 0.287076 0.445241 
0.692921 0.32879 0.660645 0.329891 0.801404 
0.6061609999999999 0.476904 0.6635720000000001 0.520904 0.074557 
0.31325 0.624728 0.785361 0.195301 0.504509 
0.5850379999999999 0.245005 0.203957 0.459723 0.8347059999999999 
0.652327 0.337431 0.685535 0.814492 0.338879 
0.720697 0.761068 0.565727 0.50349 0.197281 
0.6798149999999999 0.220905 0.392109 0.863973 0.576451 
0.279249 0.516756 0.84659 0.522679 0.288188 
0.778757 0.304507 0.479492 0.709577 0.080263 
0.6847569999999999 0.559863 0.434096 0.487982 0.09165 
0.851039 0.238678 0.412914 0.726935 0.497797 
0.649964 0.831701 0.494156 0.231756 0.241421 
0.857671 0.161576 0.599672 0.627587 0.194176 
0.597932 0.499769 0.884993 0.192659 0.454533 
0.241865 0.900019 0.520367 0.609388 0.302163 
0.181448 0.550022 0.63372 0.8635080000000001 0.379346 
0.258343 0.751614 0.708267 0.259351 0.700769 
0.363453 0.482764 0.779419 0.737715 0.289229 
0.597848 0.73326 0.587635 0.557002 0.09329800000000001 
0.870057 0.313262 0.559153 0.370532 0.256225 
0.273482 0.757072 0.786528 0.505007 0.354511 
0.335618 0.8905690000000001 0.443892 0.228527 0.593129 
0.498224 0.646814 0.182548 0.286348 0.618818 
0.729454 0.12708 0.496407 0.56232 0.705763 
0.287119 0.864706 0.38409 0.350951 0.727243 
0.445324 0.32641 0.459835 0.9267840000000001 0.441204 
0.421674 0.820163 0.627377 0.394321 0.52341 
0.455994 0.393705 0.936243 0.444162 0.288421 
0.407175 0.842046 0.567542 0.209326 0.374131 
0.367822 0.879105 0.6458970000000001 0.31156 0.263622 
0.662624 0.5799260000000001 0.705664 0.544011 0.09957100000000001 
0.7034820000000001 0.679964 0.347382 0.264171 0.281275 
0.258511 0.46943 0.528707 0.641416 0.30193 
0.253337 0.558567 0.417442 0.34748 0.919828 
0.82669 0.687435 0.537442 0.356464 0.295357 
0.392671 0.26297 0.299274 0.803061 0.661251 
0.363152 0.641215 0.500131 0.325314 0.892115 
0.7808929999999999 0.546517 0.082048 0.611304 0.556253 
0.371024 0.6192299999999999 0.765311 0.341718 0.703924 
0.665785 0.12867 0.786577 0.313254 0.537949 
0.892824 0.529362 0.476538 0.533372 0.2843 
0.733718 0.438529 0.174785 0.824226 0.259859 
0.377442 0.295667 0.863142 0.71092 0.280896 
0.44141 0.895443 0.376888 0.171868 0.571024 
0.474204 0.6489549999999999 0.687983 0.448698 0.601347 
0.586215 0.864151 0.504982 0.396691 0.393201 
0.422324 0.689148 0.140321 0.752054 0.292238 
0.315004 0.798974 0.354512 0.329041 0.847476 
0.438442 0.645173 0.063694 0.684206 0.700916 
0.879707 0.145419 0.595351 0.568454 0.391993 
0.600734 0.875849 0.49994 0.305553 0.432539 
0.5264259999999999 0.384718 0.822511 0.5269 0.557275 
0.721257 0.191121 0.225151 0.594604 0.6734599999999999 
0.290323 0.646807 0.306908 0.435029 0.492443 
0.774999 0.479211 0.816651 0.261443 0.224166 
0.807151 0.61471 0.261307 0.314303 0.409603 
0.465414 0.624607 0.220308 0.5603590000000001 0.870808 
0.317022 0.8680290000000001 0.6929959999999999 0.289916 0.343563 
0.713959 0.496322 0.543747 0.70656 0.387912 
0.600373 0.6560009999999999 0.747868 0.142088 0.5288620000000001 
0.841581 0.209551 0.791444 0.33543 0.413046 
0.81684 0.322501 0.496446 0.618915 0.525242 
0.718479 0.26853 0.795428 0.657988 0.129623 
0.797573 0.600257 0.324946 0.259108 0.63253 
0.389477 0.363383 0.212809 0.837256 0.606024 
0.394145 0.339502 0.220194 0.543139 0.649344 
0.400649 0.916207 0.224002 0.641637 0.30177 
0.710829 0.340298 0.17878 0.56655 0.821949 
0.84643 0.667633 0.256905 0.360509 0.468908 
0.737395 0.329502 0.62262 0.788444 0.365931 
0.671933 0.125968 0.805737 0.461415 0.430626 
0.598271 0.59185 0.5393019999999999 0.08003300000000001 0.477348 
0.635294 0.501978 0.81877 0.449812 0.11662 
0.613935 0.707306 0.60771 0.131624 0.59306 
0.363954 0.8075830000000001 0.221062 0.750512 0.523479 
0.540816 0.5692199999999999 0.430148 0.261962 0.3226 
0.500153 0.852258 0.213765 0.256386 0.539056 
0.573715 0.558955 0.187506 0.600207 0.287309 
0.626878 0.801574 0.663015 0.277538 0.374827 
0.888813 0.414916 0.344244 0.704411 0.252163 
0.623838 0.538988 0.5951379999999999 0.759116 0.324752 
0.434479 0.772929 0.743093 0.228982 0.416808 
0.062739 0.6713479999999999 0.666988 0.520097 0.549633 
0.48612 0.127768 0.602721 0.471025 0.699813 
0.6682399999999999 0.302615 0.422485 0.185599 0.724333 
0.411579 0.734192 0.589583 0.161827 0.763572 
0.204439 0.56003 0.8683920000000001 0.422004 0.652143 
0.21789 0.642919 0.164438 0.746617 0.732039 
0.774176 0.264485 0.832075 0.220668 0.368397 
0.690084 0.273754 0.701937 0.119515 0.53574 
0.322639 0.517741 0.503551 0.51195 0.902492 
0.464362 0.410968 0.757888 0.13963 0.81473 
0.456923 0.222604 0.512666 0.38828 0.550299 
0.831479 0.489355 0.423012 0.214981 0.403082 
0.575325 0.789508 0.388134 0.389305 0.650882 
0.185834 0.441547 0.656297 0.207453 0.802806 
0.248451 0.402212 0.785676 0.662583 0.225104 
0.612147 0.416266 0.50158 0.90578 0.231103 
0.472327 0.820087 0.223781 0.7610710000000001 0.376391 
0.197809 0.281417 0.531366 0.8386169999999999 0.616505 
0.270687 0.58663 0.616704 0.181825 0.9072480000000001 
0.632853 0.499288 0.813707 0.140378 0.51407 
0.863584 0.6407969999999999 0.274921 0.389798 0.331147 
0.541084 0.102009 0.547926 0.553735 0.536821 
0.7441449999999999 0.109173 0.630983 0.321081 0.580464 
0.134407 0.374103 0.856089 0.405382 0.655815 
0.211369 0.611525 0.407342 0.611055 0.330806 
0.806855 0.326001 0.598622 0.302729 0.259204 
0.889786 0.524547 0.277103 0.745415 0.224914 
0.846199 0.444121 0.215196 0.704265 0.186251 
0.512834 0.876112 0.40097 0.44703 0.15028 
0.828323 0.416943 0.413534 0.685059 0.442011 
0.5231749999999999 0.425043 0.5063 0.910572 0.272827 
0.825592 0.415211 0.258519 0.852164 0.317439 
0.415055 0.795187 0.408631 0.6697340000000001 0.133514 
0.718784 0.746427 0.181931 0.357811 0.630463 
0.672968 0.55521 0.446138 0.440596 0.11631 
0.507717 0.341192 0.373655 0.630566 0.843858 
0.637809 0.282991 0.23486 0.729714 0.756134 
0.639634 0.839299 0.494695 0.426289 0.09435499999999999 
0.728006 0.163462 0.691192 0.773342 0.384373 
0.796804 0.270822 0.19416 0.369957 0.742296 
0.633471 0.5273949999999999 0.380434 0.187947 0.486197 
0.586328 0.144892 0.5059940000000001 0.568661 0.818231 
0.567362 0.156115 0.430178 0.847529 0.468124 
0.351904 0.403198 0.218592 0.856696 0.638039 
0.376777 0.709524 0.195385 0.728707 0.64286 
0.409519 0.808429 0.756248 0.351379 0.330589 
0.716271 0.327642 0.208993 0.393963 0.605083 
0.383467 0.446697 0.280127 0.766764 0.330473 
0.238352 0.414273 0.817338 0.44362 0.38043 
0.768306 0.270783 0.604104 0.679104 0.080773 
0.656184 0.136745 0.683318 0.282298 0.539038 
0.5484290000000001 0.28212 0.445228 0.599158 0.191101 
0.624638 0.854136 0.313527 0.521282 0.216798 
0.227983 0.232952 0.5456490000000001 0.765918 0.556553 
0.276241 0.803934 0.711629 0.5207270000000001 0.383278 
0.8676160000000001 0.625756 0.336705 0.360893 0.494764 
0.765257 0.624707 0.10867 0.563217 0.268229 
0.457667 0.615675 0.75148 0.565395 0.123219 
0.502815 0.599944 0.251553 0.8743030000000001 0.167082 
0.465199 0.692943 0.217704 0.664815 0.214756 
0.241319 0.640458 0.244773 0.403642 0.8075560000000001 
0.516844 0.198006 0.556816 0.865286 0.294591 
0.857222 0.537896 0.133835 0.533313 0.383171 
0.264216 0.809154 0.224148 0.454276 0.815883 
0.8799979999999999 0.425049 0.235376 0.494199 0.354529 
0.758975 0.500315 0.224199 0.385103 0.8044750000000001 
0.313259 0.188116 0.611522 0.390895 0.724817 
0.26889 0.555991 0.647223 0.132378 0.839517 
0.126659 0.436175 0.812314 0.367542 0.684454 
0.380605 0.31955 0.385685 0.8799090000000001 0.333571 
0.403145 0.34596 0.251244 0.9157729999999999 0.49685 
0.693993 0.409915 0.150557 0.672984 0.715022 
0.256338 0.30922 0.857061 0.216196 0.748708 
0.344441 0.819127 0.212997 0.732245 0.26021 
0.803284 0.609798 0.546027 0.342917 0.534012 
0.480239 0.268096 0.547442 0.893568 0.340842 
0.422112 0.692016 0.741738 0.628253 0.144168 
0.236692 0.37531 0.732329 0.783018 0.374578 
0.872738 0.181945 0.45993 0.576958 0.512049 
0.272418 0.753375 0.597352 0.588331 0.597455 
0.806617 0.499881 0.335724 0.369289 0.722546 
0.460932 0.408482 0.846346 0.665526 0.175367 
0.252132 0.626852 0.492451 0.190063 0.654532 
0.321264 0.8225 0.358101 0.427881 0.808655 
0.228828 0.60534 0.534983 0.821475 0.520699 
0.602326 0.675783 0.394238 0.122664 0.575083 
0.292987 0.270286 0.753587 0.5547339999999999 0.844086 
0.243338 0.694835 0.140228 0.674063 0.648826 
0.227779 0.7472259999999999 0.204441 0.803067 0.571854 
0.457195 0.860774 0.516837 0.312125 0.573755 
0.785506 0.293534 0.602681 0.175448 0.437595 
0.389041 0.243793 0.325562 0.477847 0.826847 
0.541094 0.489371 0.08494699999999999 0.764396 0.622455 
0.430929 0.726229 0.224409 0.539984 0.810406 
0.507279 0.177771 0.324249 0.8080580000000001 0.518794 
0.708522 0.236142 0.423129 0.444747 0.376565 
0.07197099999999999 0.564183 0.565397 0.471641 0.76651 
0.442268 0.250282 0.211316 0.61581 0.700234 
0.540721 0.475841 0.817485 0.43062 0.108224 
0.511447 0.340349 0.165781 0.548204 0.672119 
0.554849 0.547686 0.622176 0.786267 0.237612 
0.793454 0.135163 0.7483030000000001 0.580226 0.227473 
0.422937 0.6398740000000001 0.594451 0.572102 0.103745 
0.711917 0.184552 0.769903 0.708816 0.179236 
0.413694 0.20873 0.753457 0.285274 0.633045 
0.206461 0.325915 0.729891 0.325528 0.730575 
0.711699 0.509885 0.405093 0.759213 0.430681 
0.505125 0.810565 0.269936 0.233858 0.733484 
0.764352 0.270725 0.445403 0.698009 0.09997 
0.12647 0.592264 0.646579 0.79044 0.484585 
0.323721 0.556236 0.196058 0.417536 0.764967 
0.642119 0.238711 0.877354 0.406882 0.255367 
0.803246 0.520639 0.113596 0.6878880000000001 0.305258 
0.376827 0.192072 0.73326 0.6792280000000001 0.360719 
0.755578 0.400571 0.375728 0.240935 0.794799 
0.349764 0.591815 0.520912 0.392844 0.281593 
0.495387 0.821369 0.314465 0.831345 0.193925 
0.744646 0.431982 0.236511 0.320213 0.788992 
0.166033 0.336496 0.441183 0.686223 0.632446 
0.80223 0.616466 0.08712300000000001 0.488246 0.584041 
0.442563 0.426696 0.779848 0.597334 0.567495 
0.09282600000000001 0.497746 0.662825 0.623289 0.654884 
0.533754 0.826447 0.404925 0.141326 0.530677 
0.274576 0.214473 0.463291 0.5508189999999999 0.803662 
0.612088 0.725722 0.575997 0.09678100000000001 0.383725 
0.74536 0.511914 0.297301 0.44277 0.21184 
0.45672 0.184812 0.865761 0.212007 0.754625 
0.545869 0.87785 0.267871 0.409006 0.287825 
0.757603 0.337333 0.470023 0.496531 0.17219 
0.874605 0.183432 0.409131 0.620807 0.372533 
0.673265 0.717353 0.377751 0.32142 0.678572 
0.74744 0.609857 0.286269 0.738138 0.401192 
0.394151 0.886056 0.441281 0.626386 0.250588 
0.512162 0.836824 0.643139 0.321867 0.436874 
0.588629 0.680943 0.633884 0.622101 0.306391 
0.5872579999999999 0.50688 0.130146 0.464902 0.500339 
0.63519 0.347177 0.526129 0.503815 0.140949 
0.743576 0.394894 0.88318 0.23157 0.405858 
0.333035 0.626231 0.594004 0.824836 0.145343 
0.839829 0.684594 0.5418770000000001 0.320754 0.172537 
0.631362 0.286695 0.757557 0.750462 0.103336 
0.608416 0.878536 0.351247 0.209934 0.470349 
0.719429 0.165451 0.800808 0.6425380000000001 0.373323 
0.383798 0.532049 0.208963 0.324178 0.841466 
0.445635 0.538449 0.136387 0.818078 0.626611 
0.141288 0.862792 0.35065 0.6427659999999999 0.416373 
0.447658 0.458131 0.652119 0.818249 0.179183 
0.182449 0.5896169999999999 0.78509 0.231392 0.7687929999999999 
0.352505 0.8592649999999999 0.144691 0.526779 0.720656 
0.604012 0.227686 0.791597 0.161368 0.554498 
0.403304 0.331098 0.184343 0.627355 0.735588 
0.679863 0.273982 0.896578 0.188139 0.400985 
0.456192 0.765516 0.098653 0.445958 0.774209 
0.240189 0.71419 0.365762 0.211372 0.863727 
0.327583 0.282742 0.767696 0.45817 0.395715 
0.354051 0.368739 0.824132 0.145965 0.766459 
0.094167 0.472546 0.701143 0.365147 0.717352 
0.301541 0.8272699999999999 0.180193 0.559086 0.732555 
0.701338 0.421136 0.483158 0.38356 0.184503 
0.30792 0.674291 0.767612 0.654989 0.241404 
0.796324 0.785705 0.353133 0.406211 0.288294 
0.235015 0.679258 0.748005 0.623567 0.414079 
0.713077 0.6019949999999999 0.781876 0.453113 0.160737 
0.616388 0.377327 0.283231 0.296154 0.8554580000000001 
0.107306 0.667963 0.602378 0.346785 0.843916 
0.505223 0.670627 0.270139 0.900332 0.382242 
0.445053 0.2281 0.827727 0.304242 0.807298 
0.779876 0.340509 0.447917 0.507623 0.716204 
0.6841739999999999 0.84505 0.287821 0.306141 0.320291 
0.430978 0.617281 0.400443 0.282479 0.920093 
0.652475 0.545149 0.085522 0.763779 0.545438 
0.378977 0.507536 0.411573 0.464696 0.367312 
0.764404 0.595484 0.357131 0.711463 0.08866 
0.446086 0.219873 0.835068 0.624717 0.277071 
0.395439 0.532215 0.799587 0.143611 0.554874 
0.5249779999999999 0.15426 0.89197 0.372572 0.523625 
0.678006 0.7797460000000001 0.397538 0.568556 0.395892 
0.500595 0.936341 0.382333 0.321136 0.440361 
0.219586 0.530452 0.528365 0.334938 0.566311 
0.638287 0.830381 0.574495 0.427816 0.173345 
0.359963 0.560493 0.234867 0.9188460000000001 0.4433 
0.739099 0.790537 0.509895 0.485975 0.16056 
0.476336 0.697596 0.460201 0.086058 0.511089 
0.846963 0.437484 0.379041 0.281821 0.621211 
0.539169 0.451541 0.367362 0.536822 0.873309 
0.664459 0.428151 0.161194 0.483299 0.812558 
0.746855 0.31197 0.102159 0.712764 0.558607 
0.479839 0.64314 0.881404 0.326316 0.40707 
0.477041 0.476599 0.56724 0.800725 0.48741 
0.218464 0.745729 0.289895 0.342714 0.639668 
0.673355 0.565399 0.785961 0.180974 0.500014 
0.2591 0.454419 0.397673 0.931315 0.419459 
0.772365 0.334899 0.448493 0.83784 0.403273 
0.748696 0.392384 0.638829 0.207238 0.730776 
0.474774 0.250301 0.332091 0.672207 0.816493 
0.268176 0.820402 0.279077 0.8012860000000001 0.474158 
0.430556 0.526159 0.6550589999999999 0.127122 0.536347 
0.348192 0.6763479999999999 0.250834 0.544384 0.87407 
0.825343 0.226084 0.683718 0.69543 0.286553 
0.321781 0.57164 0.230048 0.421599 0.622454 
0.274041 0.723889 0.7058990000000001 0.56674 0.558227 
0.098151 0.486719 0.591852 0.747421 0.613729 
0.458154 0.206176 0.216958 0.694618 0.694721 
0.2092 0.718012 0.393602 0.864573 0.382484 
0.15496 0.754485 0.40667 0.7402840000000001 0.399106 
0.756731 0.296411 0.325964 0.863377 0.443335 
0.473607 0.890686 0.224433 0.544404 0.253291 
0.328856 0.593282 0.389233 0.172576 0.722201 
0.154838 0.7673140000000001 0.278485 0.479215 0.613824 
0.234611 0.515163 0.441409 0.430887 0.546525 
0.279775 0.366485 0.787628 0.797944 0.420057 
0.127185 0.8264590000000001 0.28472 0.523938 0.681401 
0.686894 0.705689 0.62134 0.108267 0.482369 
0.575643 0.425088 0.2623 0.516647 0.337496 
0.24854 0.244756 0.85808 0.417594 0.703825 
0.64725 0.656934 0.126807 0.718812 0.548234 
0.429264 0.883165 0.250266 0.514143 0.237045 
0.202778 0.828722 0.128755 0.670824 0.484113 
0.818439 0.605997 0.324848 0.680717 0.1321 
0.194176 0.8195 0.388803 0.707888 0.344878 
0.288062 0.821786 0.415819 0.581626 0.688812 
0.142016 0.410794 0.642078 0.747065 0.627408 
0.64299 0.683979 0.446002 0.690342 0.0983 
0.30894 0.704883 0.676516 0.356555 0.274999 
0.507419 0.325726 0.265073 0.654986 0.403695 
0.894611 0.403386 0.368107 0.43198 0.435211 
0.620998 0.077504 0.502017 0.678526 0.525127 
0.556546 0.411896 0.839122 0.157421 0.650546 
0.318845 0.730972 0.638624 0.6769770000000001 0.410898 
0.770377 0.698942 0.306757 0.206989 0.534505 
0.8215 0.289295 0.449055 0.210929 0.709193 
0.729749 0.20743 0.738141 0.340215 0.211362 
0.603302 0.212675 0.376663 0.479496 0.884562 
0.873611 0.368906 0.191562 0.7605229999999999 0.307755 
0.176582 0.575482 0.424037 0.854616 0.451497 
0.235278 0.588097 0.249372 0.461916 0.733537 
0.809071 0.602913 0.67582 0.456777 0.204199 
0.877899 0.193206 0.389132 0.377552 0.514304 
0.141595 0.591065 0.80084 0.461139 0.415169 
0.163509 0.7120649999999999 0.245003 0.555864 0.632448 
0.7269640000000001 0.584854 0.063682 0.461526 0.568177 
0.592145 0.829669 0.204289 0.535042 0.197295 
0.343824 0.414783 0.824233 0.464857 0.255818 
0.149524 0.870267 0.504846 0.511529 0.500082 
0.14108 0.359136 0.618656 0.497197 0.878711 
0.223282 0.648645 0.211973 0.513396 0.815408 
0.630491 0.374539 0.320841 0.909042 0.182353 
0.553864 0.730179 0.227098 0.807829 0.141709 
0.427431 0.710975 0.09196600000000001 0.709239 0.360802 
0.373278 0.7285239999999999 0.469287 0.692719 0.56497 
0.097202 0.448522 0.643967 0.355097 0.756368 
0.645931 0.329807 0.7135089999999999 0.594746 0.089404 
0.652867 0.319383 0.903668 0.522404 0.253186 
0.529255 0.631371 0.796179 0.350275 0.165576 
0.210269 0.71829 0.624397 0.374281 0.771418 
0.166198 0.806589 0.676409 0.573289 0.433076 
0.352857 0.19398 0.6144770000000001 0.398717 0.874692 
0.860477 0.366821 0.660245 0.230879 0.334819 
0.775487 0.19953 0.267964 0.823897 0.370779 
0.308978 0.775769 0.391306 0.294127 0.489745 
0.466264 0.364347 0.484893 0.922345 0.319339 
0.507349 0.596241 0.532289 0.180209 0.852122 
0.659321 0.231893 0.588993 0.752514 0.576909 
 0.761 0.42885 0.54376 0.16685 0.700545 
0.365511 0.643825 0.276688 0.349107 0.904129 
0.521059 0.175593 0.485555 0.862362 0.410261 
0.8387559999999999 0.279906 0.261158 0.500034 0.625326 
0.368703 0.216821 0.749732 0.547235 0.8071390000000001 
0.498529 0.357717 0.266227 0.49962 0.894216 
0.197696 0.699476 0.237345 0.553939 0.860967 
0.381547 0.280846 0.358314 0.714013 0.458096 
0.448887 0.689127 0.842318 0.239215 0.373652 
0.607571 0.123423 0.389766 0.789412 0.597607 
0.321232 0.929619 0.366774 0.623763 0.343869 
0.310707 0.835337 0.713207 0.33627 0.468106 
0.857481 0.17815 0.383915 0.431945 0.470717 
0.565781 0.128844 0.785173 0.317396 0.731616 
0.169234 0.83186 0.327834 0.353991 0.767952 
0.624016 0.5132949999999999 0.678175 0.331609 0.7216590000000001 
0.742337 0.433983 0.076887 0.589757 0.541902 
0.277043 0.166413 0.606447 0.5962190000000001 0.7300680000000001 
0.436362 0.755676 0.75804 0.52721 0.351088 
0.545068 0.440013 0.145925 0.801697 0.6970460000000001 
0.458157 0.461472 0.949943 0.364058 0.336704 
0.670804 0.6853630000000001 0.630798 0.196563 0.174066 
0.692126 0.178309 0.847473 0.276845 0.504405 
0.09408 0.701891 0.653762 0.363783 0.759644 
0.851475 0.386771 0.695564 0.434521 0.227491 
0.573224 0.07398200000000001 0.446781 0.694454 0.5099399999999999 
0.799442 0.320812 0.66486 0.182687 0.358007 
0.354159 0.85406 0.098146 0.648055 0.545421 
0.65939 0.173558 0.373048 0.717326  0.361 
0.730359 0.265469 0.387115 0.694997 0.6647729999999999 
0.603646 0.607316 0.140554 0.443556 0.826742 
0.282023 0.437659 0.5526450000000001 0.905179 0.342744 
0.696661 0.61896 0.510553 0.364054 0.112399 
0.438572 0.669556 0.674787 0.676834 0.42707 
0.724038 0.7179489999999999 0.320714 0.351687 0.206042 
0.522085 0.224935 0.714137 0.812514 0.470783 
0.916059 0.442574 0.473139 0.549905 0.341631 
0.38547 0.605946 0.55091 0.133896 0.89834 
0.634286 0.146978 0.796837 0.649077 0.317262 
0.098755 0.7540289999999999 0.563009 0.643352 0.394654 
0.85236 0.552302 0.653795 0.436229 0.208574 
0.693955 0.151143 0.759765 0.58495 0.186218 
0.502609 0.300846 0.193004 0.638809 0.830653 
0.8352619999999999 0.313179 0.192948 0.483694 0.560434 
0.266405 0.580339 0.833517 0.550165 0.310341 
0.629825 0.26863 0.937106 0.328309 0.317946 
0.395544 0.296027 0.255489 0.688802 0.529851 
0.224988 0.881008 0.39507 0.51849 0.669648 
0.837138 0.517164 0.320831 0.331533 0.679973 
0.655563 0.66038 0.23992 0.240536 0.735499 
0.443947 0.297812 0.6389550000000001 0.799523 0.164535 
0.538489 0.126134 0.420521 0.715758 0.638682 
0.724154 0.488973 0.162583 0.607662 0.695551 
0.662084 0.376308 0.532917 0.759649 0.072172 
0.594691 0.265491 0.395772 0.9064179999999999 0.385638 
0.463588 0.699561 0.201951 0.205394 0.814937 
0.652775 0.597393 0.666045 0.074298 0.503951 
0.76005 0.324661 0.644497 0.554995 0.545779 
0.247191 0.494977 0.331019 0.515107 0.584384 
0.482172 0.74569 0.328925 0.112398 0.66218 
0.790513 0.325875 0.707082 0.66949 0.189365 
0.442986 0.355573 0.735641 0.379063 0.277766 
0.830398 0.364945 0.419995 0.269816 0.405406 
0.5005540000000001 0.12934 0.503975 0.495923 0.707095 
0.269107 0.66609 0.536718 0.272215 0.493504 
0.462168 0.72964 0.475076 0.08554 0.728474 
0.126373 0.510141 0.721513 0.378528 0.823959 
0.599017 0.670446 0.649889 0.06936299999999999 0.447193 
0.144248 0.807607 0.725623 0.454174 0.483227 
0.74658 0.650943 0.496112 0.179068 0.575591 
0.380982 0.400359 0.242406 0.651667 0.856086 
0.259206 0.448721 0.474076 0.574587 0.876555 
0.159888 0.607344 0.731511 0.61161 0.617231 
0.549956 0.418168 0.638138 0.5483170000000001 0.08719399999999999 
0.313365 0.415605 0.582781 0.379381 0.940411 
0.846939 0.124487 0.588025 0.395291 0.506049 
0.479824 0.368909 0.619085 0.825215 0.174975 
0.50932 0.341189 0.552705 0.495185 0.893523 
0.710246 0.354984 0.402884 0.202159 0.799837 
0.179814 0.9024450000000001 0.589977 0.410857 0.490614 
0.723549 0.70043 0.235269 0.456165 0.64442 
0.29655 0.278811 0.429382 0.503502 0.8629829999999999 
0.705877 0.596141 0.692475 0.379032 0.087575 
0.565808 0.769898 0.2632 0.8246329999999999 0.317409 
0.408108 0.544023 0.639721 0.487642 0.131251 
0.297913 0.696222 0.242524 0.399032 0.879476 
0.656937 0.420154 0.451843 0.248775 0.350145 
0.524441 0.295425 0.6624409999999999 0.129044 0.668054 
0.221461 0.470334 0.65308 0.649038 0.76744 
0.421627 0.522983 0.824344 0.182174 0.45786 
0.834332 0.530107 0.192463 0.512832 0.637116 
0.174022 0.77666 0.683523 0.36025 0.492901 
0.585522 0.06873 0.686987 0.589575 0.482362 
0.123697 0.548697 0.848221 0.560572 0.468278 
0.322154 0.778441 0.281697 0.770441 0.230324 
0.403738 0.767313 0.297265 0.730581 0.131919 
0.600593 0.8040580000000001 0.651304 0.367185 0.377526 
0.472157 0.8736350000000001 0.352542 0.6219170000000001 0.142155 
0.448524 0.426043 0.860175 0.117635 0.621924 
0.511726 0.38693 0.569866 0.882783 0.399428 
0.395294 0.908724 0.200714 0.284881 0.663916 
0.251325 0.694303 0.436005 0.5823660000000001 0.256412 
0.384503 0.469992 0.918172 0.50872 0.354808 
0.650643 0.638453 0.535507 0.513732 0.577111 
0.491186 0.368167 0.899822 0.516702 0.435915 
0.885624 0.572555 0.374746 0.622072 0.248214 
0.462115 0.650826 0.464736 0.783622 0.08852400000000001 
0.812351 0.352193 0.181635 0.489921 0.504585 
0.522251 0.730976 0.57648 0.112705 0.352638 
0.122641 0.728946 0.372941 0.462484 0.704456 
0.743557 0.675755 0.344972 0.538332 0.517464 
0.467578 0.35192 0.414205 0.8988350000000001 0.260754 
0.864245 0.278398 0.233501 0.512399 0.509369 
0.301906 0.708168 0.506901 0.507043 0.214989 
0.8876230000000001 0.208905 0.709612 0.341569 0.470926 
0.82883 0.597784 0.446356 0.167807 0.451165 
0.237224 0.874308 0.371064 0.337296 0.598338 
0.796742 0.270499 0.566101 0.796845 0.201865 
0.306507 0.301419 0.680056 0.270678 0.611924 
0.519801 0.703298 0.388499 0.243702 0.808651 
0.461513 0.7785840000000001 0.068859 0.682607 0.566581 
0.554802 0.884468 0.216057 0.442162 0.364426 
0.840848 0.220786 0.257715 0.462349 0.59013 
0.820916 0.672964 0.180134 0.473919 0.538297 
0.306339 0.394361 0.356003 0.83323 0.738159 
0.48677 0.878287 0.143442 0.579492 0.431694 
0.271932 0.779742 0.239241 0.502358 0.419642 
0.365092 0.897772 0.539043 0.391782 0.491378 
0.106192 0.652871 0.369192 0.520967 0.6797879999999999 
0.58311 0.706711 0.668502 0.33529 0.526195 
0.290783 0.180333 0.774386 0.509822 0.747049 
0.578106 0.149535 0.836167 0.542397 0.328296 
0.322679 0.424718 0.542524 0.7597739999999999 0.742727 
0.7134819999999999 0.5044689999999999 0.249187 0.24157 0.782874 
0.151304 0.634184 0.378528 0.803907 0.398916 
0.489439 0.367248 0.675671 0.12313 0.5825669999999999 
0.523378 0.304286 0.89777 0.61344 0.369506 
0.5870919999999999 0.780677 0.340133 0.754534 0.135022 
0.731909 0.7395699999999999 0.34378 0.365899 0.553156 
0.8985300000000001 0.563528 0.510664 0.330307 0.311662 
0.538584 0.315227 0.88229 0.410476 0.600847 
0.391782 0.413182 0.838072 0.67763 0.368534 
0.750341 0.301494 0.290249 0.849639 0.540994 
0.887442 0.397606 0.551197 0.5711889999999999 0.332951 
0.267223 0.736687 0.605742 0.468842 0.718206 
0.267005 0.6616919999999999 0.292351 0.299015 0.7474460000000001 
0.165398 0.708129 0.7027139999999999 0.215466 0.748327 
0.45611 0.708622 0.168693 0.872024 0.400013 
0.695479 0.796671 0.428312 0.453393 0.41664 
0.747312 0.29471 0.230846 0.610851 0.788139 
0.406816 0.315363 0.731278 0.747604 0.169479 
0.543804 0.515783 0.906844 0.323132 0.434416 
0.68529 0.720628 0.32513 0.8218259999999999 0.132169 
0.236378 0.945036 0.335005 0.586612 0.498035 
0.670778 0.5029169999999999 0.789252 0.566022 0.301993 
0.656012 0.838733 0.142603 0.433396 0.423319 
0.440782 0.333521 0.631957 0.318352 0.90347 
0.253257 0.414144 0.389969 0.868752 0.401057 
0.668679 0.541833 0.208164 0.822322 0.127495 
0.517302 0.461426 0.34602 0.102296 0.855673 
0.851077 0.26061 0.240767 0.795398 0.459186 
0.302882 0.763734 0.754803 0.141964 0.561748 
0.306619 0.5057199999999999 0.525742 0.40565 0.924967 
0.210074 0.788204 0.565441 0.670883 0.264791 
0.188924 0.34339 0.553773 0.722853 0.452346 
0.5178 0.708863 0.457037 0.29923 0.792357 
0.633988 0.301558 0.719068 0.697504 0.5416530000000001 
0.604751 0.747043 0.156259 0.370617 0.374146 
0.074036 0.593597 0.530114 0.615381 0.498498 
0.615129 0.08477700000000001 0.458293 0.564343 0.735008 
0.179214 0.363141 0.373119 0.799832 0.6208360000000001 
0.6745989999999999 0.335533 0.452131 0.887703 0.194851 
0.334806 0.68421 0.676395 0.081233 0.681215 
0.871266 0.427349 0.394263 0.47036 0.561168 
0.431555 0.559573 0.509252 0.906627 0.232133 
0.305749 0.821192 0.469359 0.256885 0.808164 
0.231349 0.348311 0.347869 0.8199959999999999 0.724484 
0.837157 0.092081 0.437831 0.611141 0.531285 
0.589468 0.234145 0.564643 0.863072 0.471534 
0.590811 0.572285 0.383668 0.140472 0.55389 
0.37284 0.217493 0.374948 0.842201 0.530688 
0.511169 0.602011 0.83858 0.191478 0.349656 
0.754363 0.475869 0.495272 0.115945 0.624459 
0.8123939999999999 0.103209 0.483498 0.7779740000000001 0.389469 
0.69469 0.133801 0.564354 0.862414 0.388657 
0.397452 0.753301 0.733586 0.220073 0.629518 
0.877873 0.278299 0.680519 0.229227 0.558953 
0.161348 0.609762 0.413973 0.667755 0.782335 
0.268401 0.411685 0.69431 0.444615 0.392501 
0.657911 0.60707 0.62297 0.14807 0.640076 
