5
340
0.460612 0.803017 0.508904 0.592237 0.384619 
0.379707 0.712162 0.405649 0.178755 0.785653 
0.746519 0.304576 0.469219 0.303282 0.679725 
0.248427 0.6983279999999999 0.638029 0.213245 0.68487 
0.354299 0.290033 0.5407189999999999 0.515752 0.475496 
0.585465 0.218765 0.395943 0.637673 0.354132 
0.735407 0.717973 0.356471 0.296534 0.402348 
0.637027 0.834201 0.365871 0.369312 0.384425 
0.501692 0.77982 0.567115 0.478298 0.20698 
0.34479 0.283857 0.65555 0.7496429999999999 0.331355 
0.348027 0.480187 0.260204 0.439541 0.775456 
0.304655 0.621657 0.637406 0.198595 0.639203 
0.6102379999999999 0.451088 0.39569 0.332164 0.8454469999999999 
0.8728359999999999 0.323701 0.422968 0.633735 0.204301 
0.20499 0.792524 0.515469 0.49273 0.593069 
0.546898 0.222408 0.780856 0.161009 0.6728730000000001 
0.500822 0.654575 0.39082 0.576583 0.677358 
0.370219 0.803064 0.299378 0.630427 0.618472 
0.71991 0.523301 0.43485 0.308778 0.69346 
0.328688 0.310105 0.47811 0.553542 0.799442 
0.587663 0.380516 0.187443 0.519666 0.619838 
0.253774 0.475485 0.503934 0.361677 0.8304589999999999 
0.187594 0.520024 0.37505 0.709019 0.515999 
0.421469 0.37635 0.281551 0.763038 0.611057 
0.71948 0.151064 0.722956 0.234492 0.620124 
0.304249 0.47988 0.539579 0.702673 0.308808 
0.461458 0.263108 0.696887 0.567205 0.287109 
0.269464 0.72877 0.445019 0.393105 0.45025 
0.431862 0.76093 0.449243 0.501746 0.189035 
0.580824 0.275191 0.8483000000000001 0.314483 0.537822 
0.40442 0.688687 0.682609 0.462978 0.235246 
0.6632940000000001 0.166354 0.42769 0.450765 0.649766 
0.719374 0.30598 0.806689 0.311324 0.510279 
0.342375 0.381486 0.705492 0.260511 0.594534 
0.711089 0.17179 0.863178 0.216736 0.447365 
0.341577 0.8049500000000001 0.236569 0.358461 0.696899 
0.684684 0.413086 0.286163 0.87459 0.264942 
0.631569 0.241901 0.807067 0.255429 0.360545 
0.214887 0.56592 0.673383 0.552708 0.362261 
0.129224 0.5974930000000001 0.366914 0.516249 0.652782 
0.370883 0.323369 0.753202 0.252652 0.735405 
0.611831 0.616901 0.318106 0.7811709999999999 0.222566 
0.611537 0.485821 0.601572 0.103901 0.676696 
0.501421 0.315611 0.350759 0.564876 0.474074 
0.617971 0.576636 0.355324 0.321544 0.792117 
0.120626 0.5380470000000001 0.534763 0.358611 0.702695 
0.846981 0.322062 0.628253 0.524424 0.233274 
0.268327 0.446189 0.782095 0.337032 0.642683 
0.446308 0.673255 0.513069 0.811717 0.250396 
0.384153 0.485637 0.583902 0.414268 0.8070040000000001 
0.432473 0.205859 0.686951 0.335278 0.724426 
0.14846 0.5116540000000001 0.67308 0.64101 0.632439 
0.272987 0.659768 0.256764 0.614914 0.762157 
0.317839 0.615236 0.470008 0.40128 0.386645 
0.495014 0.1139 0.778769 0.444602 0.592375 
0.738463 0.463212 0.632294 0.630849 0.238249 
0.174118 0.592611 0.366771 0.489398 0.609405 
0.686339 0.620004 0.338837 0.500607 0.19833 
0.177914 0.687983 0.578989 0.389431 0.701101 
0.149356 0.423084 0.733595 0.556148 0.591246 
0.296741 0.287819 0.457271 0.660841 0.633099 
0.682899 0.137683 0.603065 0.314234 0.558105 
0.246967 0.367604 0.405859 0.715828 0.582084 
0.203783 0.408968 0.574106 0.409033 0.732662 
0.646923 0.80172 0.285766 0.564447 0.380961 
0.609213 0.453656 0.878085 0.340389 0.330175 
0.121261 0.505708 0.552388 0.486606 0.688821 
0.474229 0.36387 0.804824 0.211671 0.700913 
0.531614 0.336011 0.388093 0.312792 0.807751 
0.77434 0.45387 0.324298 0.5493 0.216127 
0.322896 0.635445 0.689508 0.512758 0.269365 
0.161715 0.489683 0.678963 0.625271 0.480263 
0.660488 0.446795 0.166908 0.603376 0.705901 
0.744147 0.293296 0.385892 0.765362 0.34945 
0.224979 0.61047 0.621122 0.442658 0.767419 
0.490086 0.230332 0.685594 0.779084 0.511903 
0.318015 0.241228 0.656047 0.541692 0.801165 
0.693343 0.347537 0.767823 0.5813700000000001 0.208535 
0.525363 0.254568 0.365557 0.7569399999999999 0.493497 
0.340663 0.719116 0.492755 0.273287 0.501215 
0.565209 0.410346 0.20063 0.63512 0.410788 
0.612189 0.409262 0.74815 0.309804 0.233835 
0.510845 0.799613 0.471692 0.214407 0.388375 
0.743956 0.436435 0.314126 0.463268 0.315316 
0.26665 0.641303 0.595671 0.664876 0.243502 
0.707148 0.108474 0.679504 0.33273 0.599473 
0.788014 0.308095 0.634907 0.570454 0.362368 
0.450677 0.384536 0.780376 0.186307 0.760578 
0.553098 0.724096 0.486782 0.705473 0.196849 
0.641072 0.81598 0.374344 0.530684 0.334438 
0.582019 0.586377 0.182618 0.745273 0.349136 
0.441009 0.859142 0.321508 0.324278 0.5199549999999999 
0.783807 0.458054 0.438747 0.288982 0.422305 
0.771458 0.28559 0.472224 0.442585 0.681644 
0.447975 0.186452 0.782431 0.282445 0.697363 
0.559744 0.318042 0.374416 0.783816 0.26943 
0.501511 0.253773 0.634427 0.416237 0.7863059999999999 
0.428466 0.593283 0.439627 0.684341 0.204794 
0.302339 0.559882 0.534228 0.430077 0.350569 
0.77917 0.200135 0.654704 0.39849 0.5460390000000001 
0.630158 0.344209 0.840571 0.506032 0.391607 
0.329532 0.6712129999999999 0.261202 0.765906 0.484222 
0.57635 0.246045 0.738036 0.739475 0.23118 
0.790354 0.29204 0.7566079999999999 0.25199 0.516112 
0.6109869999999999 0.597962 0.7285700000000001 0.517895 0.298014 
0.655594 0.269678 0.6327660000000001 0.189568 0.564086 
0.377412 0.524017 0.244702 0.482452 0.802384 
0.217219 0.736016 0.297422 0.464265 0.782236 
0.446834 0.825844 0.457995 0.423362 0.620155 
0.706474 0.5684399999999999 0.657658 0.590731 0.1838 
0.360246 0.226903 0.754338 0.55687 0.681151 
0.125872 0.578664 0.5732080000000001 0.446528 0.6607189999999999 
0.470938 0.387587 0.349024 0.376656 0.660084 
0.346977 0.692006 0.240567 0.702502 0.290556 
0.495354 0.609058 0.252762 0.640369 0.696288 
0.689199 0.271547 0.526968 0.296676 0.755668 
0.711668 0.635524 0.186956 0.5779339999999999 0.549084 
0.187338 0.715294 0.428895 0.594256 0.423271 
0.169737 0.714664 0.311176 0.720865 0.559042 
0.824547 0.415059 0.318622 0.529081 0.235098 
0.783972 0.173654 0.418933 0.495983 0.5929680000000001 
0.642445 0.341101 0.355041 0.737187 0.631013 
0.730746 0.494324 0.813377 0.316623 0.304718 
0.706381 0.25431 0.266396 0.628914 0.628841 
0.248544 0.728328 0.214047 0.643012 0.524966 
0.6652400000000001 0.367358 0.278123 0.601501 0.739492 
0.439617 0.6340519999999999 0.511591 0.160341 0.6868300000000001 
0.362014 0.803212 0.392539 0.752812 0.198608 
0.410651 0.5924430000000001 0.666862 0.42277 0.248223 
0.368252 0.447365 0.232367 0.711749 0.687419 
0.458999 0.746157 0.645258 0.228387 0.506122 
0.40185 0.438538 0.847031 0.168247 0.573997 
0.819002 0.348991 0.356557 0.5274180000000001 0.299729 
0.413416 0.553874 0.154288 0.697501 0.497236 
0.447362 0.7689550000000001 0.395519 0.288956 0.720767 
0.684767 0.5936360000000001 0.456994 0.229005 0.66533 
0.269431 0.590625 0.279593 0.769438 0.43868 
0.404924 0.678213 0.6590859999999999 0.317755 0.697554 
0.274724 0.7564689999999999 0.533208 0.6072149999999999 0.566802 
0.627625 0.398544 0.653966 0.257026 0.757108 
0.658601 0.566811 0.745734 0.227695 0.543825 
0.60527 0.378953 0.42033 0.814096 0.495064 
0.54101 0.135055 0.614767 0.5242250000000001 0.701387 
0.649549 0.123702 0.478166 0.66615 0.482634 
0.760616 0.182886 0.537123 0.639334 0.412957 
0.579134 0.160216 0.418407 0.540686 0.806566 
0.436466 0.832202 0.379629 0.248492 0.486722 
0.305991 0.466771 0.5772890000000001 0.804662 0.266111 
0.593295 0.765639 0.423514 0.6751819999999999 0.297544 
0.740495 0.159512 0.500443 0.533803 0.686582 
0.748074 0.6097089999999999 0.515479 0.53712 0.142543 
0.617289 0.182858 0.562001 0.785137 0.387137 
0.737206 0.161246 0.750598 0.347188 0.492114 
0.520846 0.486923 0.271805 0.304335 0.7828889999999999 
0.295797 0.56441 0.232879 0.612727 0.5121559999999999 
0.706974 0.321889 0.833867 0.426273 0.291079 
0.227903 0.398563 0.45318 0.7641869999999999 0.468761 
0.427868 0.779177 0.203014 0.534662 0.500463 
0.466506 0.23267 0.403755 0.721249 0.663786 
0.323183 0.6046589999999999 0.46027 0.22473 0.6490089999999999 
0.364849 0.700806 0.154757 0.484914 0.625717 
0.541269 0.571177 0.259519 0.578853 0.273351 
0.462925 0.306471 0.744225 0.639956 0.18866 
0.532395 0.65167 0.798805 0.2639 0.373092 
0.816991 0.592519 0.239097 0.433456 0.554354 
0.678459 0.710684 0.220137 0.5609229999999999 0.363904 
0.378097 0.410992 0.209537 0.682037 0.673576 
0.281438 0.715388 0.666956 0.6358 0.325945 
0.306144 0.46969 0.282725 0.645103 0.821002 
0.42939 0.211454 0.802144 0.335906 0.613444 
0.806011 0.437682 0.206448 0.643583 0.312055 
0.372108 0.579711 0.537507 0.861704 0.341898 
0.234182 0.843826 0.528728 0.313029 0.635798 
0.783251 0.24163 0.6191 0.285504 0.558541 
0.292501 0.7430060000000001 0.34527 0.370141 0.815774 
0.488039 0.363084 0.416685 0.425956 0.847568 
0.328241 0.282309 0.7944639999999999 0.611602 0.55505 
0.297335 0.748613 0.405961 0.314034 0.5487109999999999 
0.218384 0.523381 0.366902 0.760502 0.694432 
0.757038 0.193242 0.627579 0.625305 0.304041 
0.533071 0.38555 0.524125 0.5601699999999999 0.727106 
0.777724 0.295305 0.260149 0.713334 0.425563 
0.548605 0.132577 0.479827 0.505845 0.678136 
0.46893 0.604123 0.284225 0.84356 0.384882 
0.777282 0.492901 0.45095 0.351232 0.219506 
0.457098 0.331924 0.8725349999999999 0.490926 0.398078 
0.375316 0.372892 0.837323 0.611764 0.362747 
0.47255 0.686922 0.181973 0.602643 0.641239 
0.60447 0.325664 0.559507 0.513278 0.244482 
0.80598 0.578775 0.481276 0.344095 0.245688 
0.541313 0.8053630000000001 0.330297 0.384828 0.383533 
0.570716 0.179106 0.468189 0.714123 0.657959 
0.294045 0.39164 0.522124 0.835417 0.592899 
0.791987 0.340464 0.450981 0.458694 0.292513 
0.602284 0.32222 0.845518 0.303432 0.344255 
0.758429 0.489461 0.6536419999999999 0.269491 0.520714 
0.636023 0.636501 0.660837 0.472055 0.404041 
0.514305 0.178662 0.520759 0.725814 0.589504 
0.609416 0.333866 0.176957 0.653179 0.786119 
0.756271 0.58338 0.537668 0.231662 0.315194 
 0.736 0.550675 0.569164 0.14978 0.463862 
0.622362 0.385136 0.510722 0.602429 0.637803 
0.456751 0.518042 0.594143 0.249221 0.409161 
0.541103 0.308254 0.83794 0.6020529999999999 0.468843 
0.863628 0.324811 0.655632 0.460396 0.291391 
0.770162 0.629781 0.385586 0.534599 0.417781 
0.432037 0.409319 0.481576 0.332421 0.459161 
0.549834 0.485031 0.696797 0.663122 0.22098 
0.820985 0.497694 0.273899 0.745405 0.266579 
0.726137 0.55163 0.608052 0.540478 0.39661 
0.374954 0.438198 0.443651 0.836896 0.258226 
0.255692 0.506673 0.418865 0.552897 0.475325 
0.432418 0.81118 0.633775 0.337497 0.363631 
0.510199 0.153072 0.64507 0.690791 0.464508 
0.638995 0.80532 0.317611 0.572667 0.357121 
0.549692 0.52255 0.308318 0.387098 0.841457 
0.827241 0.585319 0.364681 0.451393 0.453648 
0.6126200000000001 0.752616 0.31156 0.403774 0.603759 
0.118335 0.75796 0.418634 0.477705 0.711302 
0.5853699999999999 0.494277 0.303887 0.207421 0.6906870000000001 
0.528771 0.382598 0.652793 0.247448 0.40552 
0.453297 0.827757 0.25482 0.680594 0.415165 
0.384687 0.566424 0.845503 0.389555 0.502565 
0.377046 0.776834 0.487913 0.542148 0.588552 
0.597544 0.572734 0.401239 0.849357 0.259555 
0.559902 0.594029 0.189494 0.582512 0.684281 
0.469693 0.514235 0.571766 0.810374 0.264582 
0.524319 0.442773 0.89561 0.397431 0.345163 
0.61025 0.259134 0.271722 0.710196 0.693847 
0.395832 0.771259 0.269162 0.8232699999999999 0.254239 
0.799893 0.63809 0.324548 0.537744 0.297316 
0.478867 0.518232 0.8597939999999999 0.379524 0.45123 
0.807525 0.355368 0.464349 0.302941 0.547908 
0.381996 0.540378 0.762122 0.127007 0.605811 
0.804928 0.281275 0.417964 0.536456 0.30923 
0.208075 0.475485 0.736179 0.320346 0.669668 
0.72828 0.421237 0.648443 0.327218 0.24685 
0.507503 0.702684 0.563878 0.658958 0.150851 
0.219253 0.362843 0.708217 0.726988 0.465029 
0.290454 0.384519 0.385648 0.821492 0.556465 
0.77511 0.354712 0.209257 0.657637 0.476085 
0.647348 0.663339 0.491916 0.144654 0.605616 
0.769859 0.509596 0.580113 0.213711 0.51317 
0.388266 0.622119 0.725471 0.522262 0.265751 
0.497611 0.701704 0.512188 0.734663 0.09214899999999999 
0.21086 0.555463 0.542369 0.672827 0.665895 
0.454563 0.24812 0.843744 0.409256 0.407874 
0.55035 0.314142 0.524243 0.351548 0.421933 
0.489436 0.166426 0.605968 0.553117 0.53744 
0.637545 0.133578 0.335525 0.650652 0.673095 
0.508948 0.118769 0.579834 0.651906 0.684582 
0.493497 0.412972 0.246434 0.629979 0.426927 
0.677661 0.309509 0.709002 0.15065 0.5049670000000001 
0.269064 0.627127 0.743513 0.564667 0.535595 
0.614515 0.267511 0.706268 0.382251 0.744628 
0.686569 0.562855 0.781393 0.305964 0.240106 
0.43511 0.531716 0.837342 0.216361 0.382318 
0.426662 0.788666 0.449994 0.188814 0.600066 
0.457735 0.262809 0.425124 0.77149 0.505292 
0.450897 0.180637 0.740719 0.687132 0.397893 
0.352902 0.290174 0.606565 0.315572 0.7489209999999999 
0.687373 0.572966 0.590646 0.347892 0.58169 
0.495958 0.389674 0.313442 0.750178 0.706811 
0.70016 0.59134 0.196365 0.450273 0.626217 
0.611375 0.776707 0.378162 0.343779 0.581174 
0.7757540000000001 0.63591 0.282519 0.62884 0.337009 
0.777266 0.50158 0.506033 0.169345 0.604801 
0.292821 0.576645 0.362345 0.304048 0.7652409999999999 
0.492098 0.6350170000000001 0.379222 0.8391189999999999 0.210472 
0.641144 0.736582 0.208432 0.284665 0.621231 
0.605304 0.479137 0.17783 0.506901 0.633753 
0.526125 0.805745 0.63572 0.385885 0.317415 
0.736714 0.334935 0.504992 0.800575 0.260928 
0.706681 0.343847 0.493947 0.613382 0.574425 
0.429675 0.853208 0.422571 0.40005 0.455263 
0.843021 0.397056 0.707575 0.448229 0.265789 
0.483141 0.420413 0.442264 0.220358 0.702169 
0.400863 0.457238 0.441594 0.426847 0.373469 
0.543234 0.631931 0.25825 0.7869660000000001 0.214868 
0.338382 0.643537 0.336002 0.819982 0.560572 
0.331964 0.53561 0.703884 0.711518 0.369603 
0.551903 0.6216 0.119082 0.646432 0.5735440000000001 
0.441837 0.45322 0.202349 0.6011879999999999 0.787717 
0.245749 0.711605 0.608969 0.352157 0.727861 
0.823434 0.360104 0.361027 0.372158 0.504817 
0.646833 0.705237 0.674006 0.406333 0.336976 
0.5263099999999999 0.699986 0.331369 0.350992 0.791313 
0.518385 0.634266 0.308698 0.8128339999999999 0.189942 
0.281628 0.410596 0.716471 0.491796 0.417806 
0.59048 0.275845 0.279766 0.747375 0.6648849999999999 
0.578357 0.5200939999999999 0.219408 0.6722089999999999 0.277967 
0.741191 0.234063 0.708956 0.625231 0.288198 
0.7495230000000001 0.303972 0.207434 0.747838 0.415151 
0.336844 0.70501 0.253866 0.341323 0.73159 
0.719793 0.541018 0.335737 0.288543 0.498904 
0.742295 0.617808 0.542258 0.495872 0.154334 
0.564158 0.235854 0.577122 0.271602 0.788794 
0.5503440000000001 0.522626 0.521113 0.601822 0.604878 
0.804947 0.346258 0.535496 0.348268 0.6255849999999999 
0.676598 0.733829 0.256007 0.587572 0.439005 
0.117343 0.597472 0.474162 0.486217 0.700417 
0.224578 0.765323 0.347411 0.777787 0.343694 
0.305111 0.493671 0.366146 0.610537 0.41273 
0.625613 0.741404 0.224055 0.675221 0.417863 
0.676117 0.180674 0.642481 0.273702 0.699299 
0.190066 0.560872 0.740842 0.266093 0.680263 
0.7898849999999999 0.427106 0.499168 0.7127520000000001 0.254854 
0.472941 0.601738 0.402262 0.209678 0.600151 
0.350972 0.187846 0.6554450000000001 0.501924 0.773671 
0.775203 0.366552 0.38627 0.82463 0.213696 
0.610202 0.296147 0.5201440000000001 0.820534 0.253357 
0.417592 0.446937 0.776134 0.490733 0.579168 
0.755757 0.246623 0.414711 0.746356 0.208678 
0.310911 0.774151 0.272379 0.701246 0.492216 
0.207746 0.627444 0.349746 0.405786 0.793967 
0.8031740000000001 0.563944 0.283723 0.434839 0.575773 
0.132974 0.562864 0.654052 0.419979 0.540006 
0.468834 0.28522 0.831396 0.284258 0.450615 
0.767754 0.602036 0.28977 0.699798 0.292041 
0.246661 0.508134 0.542873 0.337362 0.856702 
0.158938 0.787442 0.570452 0.562779 0.423857 
0.337189 0.71795 0.227637 0.407613 0.7192190000000001 
0.688768 0.492805 0.213018 0.452565 0.714734 
0.690287 0.486496 0.335985 0.393662 0.734669 
0.155859 0.727176 0.43033 0.583319 0.695846 
0.493218 0.786737 0.191132 0.355113 0.605658 
0.5185149999999999 0.37375 0.276918 0.588376 0.837353 
0.372595 0.641452 0.538377 0.46382 0.758294 
0.772904 0.313491 0.840508 0.418635 0.319968 
0.258034 0.718871 0.418132 0.791304 0.492341 
0.438291 0.623721 0.692138 0.490199 0.593809 
0.694215 0.418064 0.500296 0.440187 0.719425 
0.153857 0.660342 0.459366 0.501401 0.786511 
0.5891110000000001 0.384826 0.436088 0.732591 0.165168 
0.864896  0.416 0.586311 0.443971 0.253854 
0.639835 0.587652 0.42941 0.198407 0.46524 
0.471358 0.219726 0.818988 0.35116 0.435434 
0.22665 0.79621 0.359697 0.563981 0.56476 
0.676986 0.417134 0.807446 0.275354 0.271033 
0.394993 0.827268 0.334723 0.458464 0.365298 
