5
688
3.032119999999999815e-01 6.228869999999999685e-01 3.214219999999999855e-01 5.640739999999999643e-01 8.425880000000000036e-01
4.911610000000000142e-01 5.231350000000000167e-01 3.188540000000000263e-01 7.446779999999999511e-01 2.441679999999999962e-01
2.261819999999999942e-01 4.168729999999999936e-01 5.527009999999999978e-01 6.350240000000000329e-01 5.129340000000000011e-01
5.227800000000000225e-01 6.743540000000000090e-01 4.820829999999999838e-01 5.156600000000000072e-02 5.923950000000000049e-01
8.178860000000000019e-01 9.726700000000000623e-02 9.237410000000000343e-01 5.555620000000000003e-01 1.205869999999999997e-01
5.596200000000000063e-01 6.410399999999999432e-02 6.816370000000000484e-01 2.061939999999999884e-01 6.146629999999999594e-01
4.563840000000000119e-01 5.945460000000000189e-01 6.550049999999999484e-01 3.527549999999999852e-01 7.669099999999999528e-02
8.508210000000000495e-01 3.512109999999999954e-01 4.499299999999999966e-01 8.704800000000000038e-02 8.488930000000000087e-01
2.153909999999999991e-01 2.283610000000000084e-01 6.193269999999999609e-01 7.851780000000000426e-01 8.503939999999999833e-01
8.037159999999999860e-01 5.888919999999999710e-01 2.633730000000000238e-01 9.087169999999999970e-01 1.656690000000000107e-01
6.597910000000000164e-01 2.387710000000000110e-01 6.983719999999999928e-01 8.251260000000000261e-01 1.781659999999999910e-01
5.559929999999999595e-01 3.770959999999999868e-01 2.635799999999999810e-01 4.839749999999999885e-01 5.610060000000000047e-01
5.991210000000000147e-01 4.058339999999999725e-01 6.067249999999999588e-01 5.909229999999999761e-01 1.395129999999999981e-01
7.947500000000000397e-02 8.826920000000000321e-01 6.085159999999999458e-01 4.334680000000000200e-01 5.562500000000000222e-01
2.749980000000000202e-01 4.943890000000000229e-01 2.045780000000000098e-01 9.140620000000000411e-01 4.832629999999999981e-01
4.429899999999999949e-01 2.386490000000000000e-01 7.673959999999999670e-01 7.387489999999999890e-01 3.274029999999999996e-01
4.590480000000000116e-01 9.191810000000000258e-01 5.743150000000000199e-01 3.912120000000000042e-01 2.139830000000000065e-01
8.843779999999999974e-01 3.202200000000000046e-01 1.967589999999999895e-01 8.750090000000000368e-01 1.062030000000000057e-01
3.428629999999999733e-01 7.345949999999999980e-01 4.661060000000000203e-01 5.381970000000000365e-01 2.084129999999999872e-01
1.868849999999999956e-01 4.584269999999999734e-01 6.606790000000000163e-01 3.885959999999999970e-01 5.128970000000000473e-01
7.455310000000000548e-01 1.408909999999999885e-01 3.649299999999999766e-01 8.510799999999999477e-01 4.002649999999999819e-01
1.223619999999999985e-01 2.022299999999999931e-01 5.797930000000000028e-01 6.173070000000000501e-01 6.673719999999999652e-01
5.399760000000000115e-01 2.736500000000000044e-02 5.856230000000000047e-01 4.153769999999999962e-01 8.340579999999999661e-01
8.986300000000000399e-01 6.198879999999999946e-01 6.040360000000000174e-01 1.216750000000000054e-01 3.981709999999999972e-01
7.406080000000000441e-01 2.526050000000000240e-01 1.046979999999999994e-01 6.846619999999999928e-01 4.794840000000000213e-01
2.081040000000000112e-01 4.382329999999999837e-01 9.594669999999999588e-01 3.303090000000000193e-01 6.367469999999999519e-01
4.553449999999999998e-01 5.106340000000000323e-01 1.998800000000000021e-01 7.362009999999999943e-01 5.310399999999999565e-01
5.543399999999999717e-02 6.785219999999999585e-01 6.484090000000000131e-01 3.349690000000000167e-01 6.506520000000000081e-01
5.230979999999999519e-01 5.498359999999999914e-01 3.129799999999999804e-01 8.191199999999999593e-01 1.070109999999999950e-01
5.656600000000000517e-01 4.083579999999999988e-01 3.558230000000000004e-01 4.894490000000000229e-01 6.174790000000000001e-01
3.215700000000000225e-01 2.487979999999999914e-01 5.918010000000000215e-01 4.391900000000000248e-01 7.281250000000000222e-01
4.383270000000000222e-01 3.889889999999999737e-01 4.546270000000000033e-01 5.489399999999999835e-01 9.558389999999999942e-01
1.934819999999999873e-01 4.394449999999999745e-01 8.655680000000000041e-01 7.356660000000000421e-01 4.435370000000000146e-01
5.502930000000000321e-01 3.895290000000000141e-01 9.809900000000000564e-02 5.372449999999999726e-01 8.288839999999999542e-01
4.887770000000000170e-01 6.314419999999999478e-01 2.449270000000000058e-01 6.800509999999999611e-01 6.454800000000000537e-01
1.628830000000000000e-01 5.619629999999999903e-01 8.461699999999999777e-01 1.948340000000000072e-01 9.014720000000000510e-01
5.662850000000000383e-01 7.060359999999999969e-01 7.508040000000000269e-01 4.984259999999999802e-01 4.061310000000000198e-01
5.476330000000000364e-01 9.096990000000000354e-01 2.553690000000000127e-01 3.045629999999999726e-01 6.213659999999999739e-01
6.020940000000000181e-01 4.910459999999999825e-01 1.799659999999999871e-01 5.419399999999999773e-01 4.072790000000000021e-01
8.028889999999999638e-01 6.911110000000000309e-01 5.351190000000000113e-01 5.468190000000000550e-01 1.218459999999999960e-01
1.357279999999999875e-01 6.808020000000000183e-01 1.896579999999999933e-01 3.133799999999999919e-01 7.940070000000000183e-01
7.085860000000000491e-01 5.087180000000000035e-01 5.274339999999999584e-01 6.310829999999999496e-01 4.343580000000000219e-01
6.174669999999999881e-01 1.752910000000000024e-01 7.154239999999999489e-01 2.998270000000000102e-01 8.146930000000000005e-01
3.261379999999999835e-01 7.130959999999999521e-01 5.351460000000000106e-01 4.981110000000000260e-01 4.615070000000000006e-01
7.773700000000000054e-01 3.580160000000000009e-01 7.881310000000000260e-01 8.382499999999999674e-02 3.062949999999999839e-01
6.936660000000000048e-01 5.484369999999999523e-01 2.739889999999999826e-01 3.846579999999999999e-01 1.552179999999999949e-01
5.347610000000000419e-01 5.869159999999999933e-01 2.677399999999999919e-02 5.995369999999999866e-01 4.125770000000000270e-01
2.925139999999999962e-01 8.213559999999999750e-01 5.186640000000000139e-01 7.398209999999999509e-01 4.110300000000000065e-02
9.139739999999999531e-01 5.324309999999999876e-01 6.208420000000000050e-01 4.406900000000000261e-01 1.480559999999999932e-01
6.767300000000000537e-01 4.934450000000000225e-01 2.513389999999999791e-01 4.713140000000000107e-01 6.445119999999999738e-01
1.156829999999999942e-01 4.059289999999999843e-01 8.527430000000000287e-01 7.050959999999999450e-01 5.374079999999999968e-01
3.880040000000000155e-01 9.542990000000000084e-01 3.078509999999999858e-01 5.390540000000000331e-01 5.954180000000000028e-01
7.331280000000000019e-01 9.378030000000000532e-01 4.419569999999999887e-01 1.173970000000000014e-01 5.448749999999999982e-01
7.918110000000000426e-01 3.345440000000000080e-01 3.902689999999999770e-01 5.685900000000000398e-01 3.635180000000000078e-01
4.835999999999999743e-01 4.367460000000000231e-01 1.499749999999999972e-01 4.915760000000000129e-01 7.707049999999999734e-01
5.320810000000000262e-01 6.183229999999999560e-01 6.235300000000000287e-01 3.435030000000000028e-01 5.722099999999999964e-01
8.097879999999999523e-01 2.493200000000000138e-01 5.739990000000000370e-01 4.766889999999999739e-01 2.739940000000000153e-01
6.694999999999999563e-02 7.374340000000000339e-01 5.620600000000000041e-01 7.658260000000000067e-01 3.135569999999999746e-01
4.138180000000000192e-01 6.989929999999999755e-01 2.006860000000000033e-01 5.617529999999999468e-01 3.283389999999999920e-01
4.125759999999999983e-01 2.812259999999999760e-01 3.403530000000000166e-01 8.550470000000000015e-01 7.300769999999999760e-01
8.997070000000000345e-01 4.813230000000000008e-01 7.406340000000000146e-01 4.039479999999999738e-01 2.650560000000000138e-01
3.854810000000000181e-01 7.611310000000000020e-01 2.779280000000000084e-01 7.500069999999999792e-01 2.215050000000000074e-01
3.062030000000000030e-01 5.796630000000000393e-01 5.409389999999999477e-01 5.269850000000000367e-01 3.805959999999999899e-01
6.455910000000000259e-01 1.106329999999999952e-01 5.670889999999999542e-01 6.578089999999999771e-01 7.378440000000000554e-01
5.051780000000000159e-01 2.469639999999999891e-01 4.369219999999999771e-01 7.541020000000000501e-01 6.921629999999999727e-01
4.358099999999999752e-01 4.335109999999999797e-01 5.339080000000000492e-01 7.461529999999999552e-01 1.643499999999999961e-01
4.337130000000000152e-01 3.790930000000000133e-01 5.559199999999999697e-01 1.855400000000000105e-01 8.190220000000000278e-01
7.322959999999999470e-01 3.445300000000000029e-01 8.793670000000000098e-01 5.030240000000000267e-01 1.402849999999999930e-01
5.069350000000000245e-01 9.397630000000000150e-01 3.690419999999999812e-01 6.543660000000000032e-01 3.304059999999999775e-01
5.814669999999999561e-01 1.247769999999999990e-01 6.886029999999999651e-01 4.297170000000000156e-01 7.638749999999999707e-01
4.293649999999999967e-01 3.542850000000000166e-01 4.555020000000000180e-01 4.323910000000000253e-01 8.672400000000000109e-01
5.748339999999999561e-01 8.770300000000000318e-02 5.933119999999999505e-01 7.022019999999999929e-01 6.223410000000000331e-01
6.547579999999999512e-01 3.584669999999999801e-01 5.792910000000000004e-01 3.001469999999999971e-01 6.615910000000000402e-01
2.642689999999999761e-01 7.010579999999999590e-01 4.347710000000000186e-01 8.407699999999999896e-02 8.821179999999999577e-01
8.628759999999999764e-01 2.634980000000000100e-01 6.531609999999999916e-01 4.775170000000000248e-01 8.330300000000000205e-02
3.146590000000000220e-01 5.258319999999999661e-01 6.898119999999999807e-01 1.979940000000000033e-01 9.019399999999999640e-01
4.356610000000000205e-01 4.146099999999999786e-01 9.519929999999999781e-01 3.911780000000000257e-01 4.817469999999999808e-01
3.111360000000000237e-01 4.864359999999999795e-01 2.579859999999999931e-01 6.070060000000000455e-01 9.553629999999999622e-01
4.761850000000000249e-01 1.658920000000000117e-01 6.285859999999999781e-01 6.574309999999999876e-01 5.510169999999999790e-01
4.891519999999999757e-01 6.373860000000000081e-01 4.000449999999999839e-01 6.216639999999999944e-01 5.877280000000000282e-01
4.017299999999999760e-01 8.000490000000000101e-01 6.973699999999999344e-02 5.679659999999999709e-01 3.609419999999999851e-01
4.123999999999999888e-01 2.938410000000000188e-01 8.948000000000000398e-01 4.569460000000000188e-01 2.799349999999999894e-01
3.571659999999999835e-01 9.096990000000000354e-01 4.234029999999999738e-01 2.873820000000000263e-01 3.695769999999999889e-01
4.908000000000000140e-01 5.594299999999999967e-02 4.217020000000000213e-01 4.882400000000000073e-01 8.626819999999999489e-01
4.095219999999999971e-01 3.698159999999999781e-01 8.024480000000000501e-01 3.854460000000000108e-01 4.592459999999999876e-01
8.912090000000000289e-01 6.196000000000000396e-01 6.737349999999999728e-01 2.841159999999999797e-01 1.078899999999999998e-01
4.498099999999999876e-01 7.586100000000000065e-01 1.935320000000000096e-01 5.726879999999999749e-01 5.411439999999999584e-01
6.820249999999999924e-01 8.025899999999999701e-02 8.410790000000000211e-01 1.795889999999999986e-01 4.270140000000000047e-01
5.415999999999999703e-01 5.909910000000000441e-01 2.537749999999999728e-01 8.741809999999999858e-01 6.235000000000000542e-01
4.219620000000000037e-01 7.300470000000000015e-01 1.511540000000000106e-01 4.233430000000000248e-01 7.186420000000000030e-01
7.196580000000000199e-01 4.933449999999999780e-01 5.688830000000000275e-01 1.824290000000000078e-01 5.897120000000000140e-01
3.483140000000000125e-01 8.401760000000000339e-01 4.842489999999999850e-01 6.595520000000000271e-01 7.060099999999999709e-02
7.001380000000000381e-01 6.923529999999999962e-01 7.973199999999999732e-02 4.859720000000000151e-01 6.708159999999999679e-01
5.251200000000000312e-01 4.774400000000000172e-02 7.543170000000000153e-01 2.126429999999999987e-01 8.208189999999999653e-01
7.115000000000000213e-01 1.353620000000000101e-01 5.138819999999999499e-01 6.875909999999999522e-01 3.278820000000000068e-01
3.873599999999999821e-01 7.310640000000000471e-01 4.717319999999999847e-01 8.556749999999999634e-01 3.733730000000000104e-01
3.482390000000000208e-01 5.444569999999999688e-01 3.448519999999999919e-01 5.730579999999999563e-01 6.454659999999999842e-01
5.185530000000000417e-01 4.986880000000000202e-01 2.497280000000000055e-01 7.548719999999999875e-01 2.179230000000000056e-01
1.966539999999999955e-01 9.013780000000000125e-01 6.651359999999999495e-01 2.956889999999999796e-01 5.858139999999999459e-01
2.608079999999999843e-01 2.016360000000000097e-01 8.944330000000000336e-01 4.716989999999999794e-01 4.115699999999999914e-01
3.271709999999999896e-01 9.181550000000000544e-01 3.142229999999999746e-01 5.445440000000000280e-01 5.122619999999999951e-01
8.704490000000000283e-01 5.720889999999999587e-01 1.143499999999999933e-01 6.808199999999999807e-01 2.599509999999999876e-01
3.217700000000000005e-01 7.217440000000000522e-01 6.859939999999999927e-01 6.544159999999999977e-01 1.291960000000000053e-01
1.202089999999999964e-01 3.883719999999999950e-01 5.814390000000000391e-01 7.822459999999999969e-01 8.675709999999999811e-01
4.694829999999999837e-01 7.587019999999999875e-01 5.958189999999999875e-01 4.752339999999999898e-01 4.398949999999999805e-01
7.038600000000000412e-01 5.822680000000000078e-01 5.507609999999999451e-01 1.920900000000000038e-02 5.139920000000000044e-01
4.404480000000000062e-01 7.961759999999999948e-01 1.915969999999999895e-01 7.234429999999999472e-01 6.937919999999999643e-01
3.765919999999999823e-01 1.475299999999999945e-01 7.854780000000000095e-01 4.747330000000000161e-01 4.707160000000000233e-01
2.801359999999999961e-01 1.583489999999999898e-01 7.836340000000000527e-01 4.449179999999999802e-01 7.230050000000000088e-01
5.947899999999999715e-02 6.237890000000000379e-01 7.261130000000000084e-01 2.769349999999999867e-01 7.697100000000000053e-01
6.665379999999999638e-01 4.056359999999999966e-01 5.474329999999999474e-01 3.340580000000000216e-01 3.666139999999999954e-01
4.848839999999999817e-01 5.592570000000000041e-01 1.619160000000000044e-01 4.103800000000000225e-01 8.725119999999999543e-01
6.850859999999999728e-01 5.401770000000000183e-01 4.231199999999999961e-01 2.957359999999999989e-01 4.573010000000000130e-01
3.908929999999999905e-01 9.389699999999999436e-02 4.332360000000000100e-01 8.464300000000000157e-01 6.479209999999999692e-01
4.466990000000000127e-01 7.779899999999999316e-02 8.737080000000000402e-01 1.081130000000000008e-01 6.570829999999999727e-01
3.216829999999999967e-01 2.992929999999999757e-01 8.237440000000000317e-01 6.509420000000000206e-01 7.548519999999999675e-01
1.493099999999999983e-01 6.747049999999999992e-01 2.423700000000000021e-01 8.452539999999999498e-01 3.339900000000000091e-01
7.836760000000000392e-01 2.105710000000000082e-01 6.076730000000000187e-01 4.771000000000000241e-01 5.136030000000000317e-01
4.540129999999999999e-01 4.663120000000000043e-01 4.799629999999999730e-01 6.627399999999999958e-01 6.444729999999999626e-01
7.315589999999999593e-01 2.656020000000000048e-01 8.182540000000000369e-01 3.140140000000000153e-01 2.375390000000000001e-01
3.376190000000000024e-01 7.029000000000000525e-02 8.261530000000000262e-01 5.899790000000000312e-01 3.177130000000000232e-01
3.659470000000000223e-01 4.369899999999999896e-01 3.832209999999999783e-01 4.019280000000000075e-01 7.555800000000000294e-01
2.464600000000000124e-01 4.211920000000000108e-01 5.309960000000000235e-01 8.610200000000000076e-01 3.848840000000000039e-01
5.107460000000000333e-01 7.401060000000000416e-01 6.714369999999999505e-01 6.644569999999999643e-01 3.813810000000000255e-01
3.213559999999999750e-01 6.638349999999999529e-01 5.862730000000000441e-01 4.158609999999999807e-01 3.171640000000000015e-01
7.296570000000000000e-01 1.805539999999999923e-01 4.073640000000000039e-01 5.501540000000000319e-01 7.676009999999999778e-01
9.378699999999999815e-01 3.984300000000000064e-01 6.363429999999999920e-01 4.136150000000000104e-01 6.071090000000000098e-01
6.491940000000000488e-01 5.059900000000000508e-01 9.469600000000000239e-02 1.829449999999999965e-01 8.937450000000000117e-01
7.523339999999999472e-01 3.313329999999999886e-01 6.366159999999999597e-01 7.513499999999999346e-02 6.411660000000000137e-01
1.802799999999999958e-01 5.851140000000000230e-01 3.918800000000000061e-01 1.525690000000000102e-01 8.632370000000000321e-01
7.285120000000000484e-01 1.489630000000000121e-01 5.192440000000000389e-01 9.480469999999999731e-01 1.909150000000000014e-01
9.724040000000000461e-01 3.535280000000000089e-01 2.288370000000000126e-01 5.493230000000000057e-01 5.108350000000000390e-01
7.059360000000000079e-01 1.303799999999999959e-01 7.140109999999999513e-01 5.054600000000000204e-01 4.688709999999999822e-01
8.446270000000000167e-01 4.456060000000000021e-01 8.038720000000000310e-01 3.274380000000000068e-01 3.504559999999999897e-01
3.448419999999999819e-01 5.546600000000000419e-01 6.267300000000000093e-01 7.555030000000000356e-01 7.457099999999999840e-02
9.319819999999999771e-01 5.136220000000000230e-01 2.102320000000000022e-01 3.958409999999999984e-01 6.661660000000000359e-01
1.577320000000000111e-01 9.381469999999999532e-01 3.913420000000000232e-01 5.479659999999999531e-01 2.414449999999999930e-01
3.114890000000000159e-01 9.778329999999999522e-01 5.662589999999999568e-01 2.108530000000000126e-01 4.163240000000000274e-01
3.492399999999999949e-01 9.049530000000000074e-01 8.568630000000000413e-01 1.329009999999999914e-01 4.221610000000000085e-01
4.098430000000000129e-01 4.200889999999999902e-01 8.783170000000000144e-01 1.828990000000000060e-01 5.465440000000000298e-01
1.539159999999999973e-01 9.511140000000000150e-01 4.274850000000000039e-01 3.546790000000000220e-01 4.375499999999999945e-01
1.744400000000000117e-01 9.422909999999999897e-01 3.790240000000000276e-01 5.526250000000000329e-01 4.738649999999999807e-01
3.117679999999999896e-01 7.175740000000000451e-01 6.141130000000000200e-01 4.665759999999999907e-01 1.179570000000000063e-01
2.403430000000000011e-01 7.056590000000000362e-01 7.208769999999999900e-01 2.357920000000000016e-01 6.614870000000000472e-01
6.053110000000000435e-01 2.592780000000000085e-01 7.626540000000000541e-01 5.834369999999999834e-01 4.117259999999999809e-01
3.261020000000000030e-01 1.760700000000000043e-01 3.993369999999999975e-01 6.716440000000000188e-01 7.795950000000000379e-01
2.345440000000000025e-01 3.389690000000000203e-01 7.811580000000000190e-01 6.119320000000000315e-01 3.614439999999999875e-01
8.376160000000000272e-01 4.788060000000000094e-01 7.620620000000000172e-01 4.213450000000000251e-01 3.435150000000000148e-01
3.150330000000000075e-01 2.668269999999999809e-01 5.479640000000000066e-01 8.900529999999999831e-01 6.798729999999999496e-01
1.827890000000000070e-01 5.816780000000000284e-01 6.602710000000000523e-01 5.209009999999999474e-01 4.953310000000000213e-01
6.715309999999999890e-01 3.709330000000000127e-01 1.365339999999999887e-01 7.789970000000000505e-01 6.966599999999999460e-01
6.144539999999999447e-01 6.814609999999999834e-01 3.822309999999999874e-01 9.949399999999999911e-02 8.662549999999999972e-01
4.610710000000000086e-01 6.724020000000000552e-01 1.006230000000000041e-01 9.233270000000000088e-01 3.561059999999999781e-01
6.046550000000000535e-01 3.768929999999999780e-01 6.087179999999999813e-01 6.148519999999999541e-01 4.260430000000000050e-01
9.030310000000000281e-01 2.024640000000000051e-01 7.953080000000000149e-01 4.165150000000000241e-01 5.310000000000000137e-02
5.003900000000000015e-02 7.386249999999999760e-01 4.668809999999999905e-01 3.928829999999999822e-01 6.365079999999999627e-01
4.831670000000000131e-01 6.835809999999999942e-01 7.475249999999999950e-01 4.332449999999999912e-01 2.269230000000000136e-01
5.233210000000000361e-01 8.444450000000000012e-01 7.775699999999999834e-01 1.196849999999999997e-01 2.780349999999999766e-01
5.986730000000000107e-01 4.561029999999999807e-01 4.881320000000000103e-01 6.244220000000000326e-01 2.014080000000000037e-01
5.476090000000000124e-01 6.959830000000000183e-01 6.426530000000000298e-01 6.822409999999999863e-01 8.996400000000000230e-02
3.944349999999999801e-01 3.516110000000000069e-01 4.942630000000000079e-01 5.180460000000000065e-01 9.521730000000000471e-01
1.427070000000000005e-01 8.236459999999999892e-01 2.129850000000000076e-01 5.641690000000000316e-01 8.252519999999999856e-01
6.554889999999999883e-01 5.169040000000000301e-01 3.993380000000000263e-01 2.031209999999999960e-01 5.289599999999999858e-01
2.987360000000000015e-01 1.586639999999999995e-01 6.204650000000000443e-01 7.779939999999999634e-01 5.407990000000000297e-01
4.180189999999999739e-01 1.893509999999999915e-01 3.655669999999999753e-01 7.827309999999999546e-01 4.437090000000000201e-01
1.485769999999999869e-01 9.482869999999999910e-01 7.443619999999999681e-01 2.134060000000000124e-01 6.020809999999999773e-01
4.939189999999999969e-01 1.503539999999999877e-01 5.351890000000000258e-01 8.307930000000000037e-01 4.407170000000000254e-01
5.179200000000000470e-01 7.035529999999999839e-01 1.482999999999999943e-02 6.859610000000000429e-01 7.328879999999999839e-01
3.298199999999999743e-02 6.767199999999999882e-01 7.366209999999999702e-01 5.902089999999999836e-01 5.028240000000000487e-01
1.670020000000000115e-01 8.021840000000000082e-01 7.148360000000000269e-01 4.096130000000000049e-01 2.258179999999999910e-01
6.644259999999999611e-01 2.667749999999999844e-01 4.215490000000000070e-01 6.860330000000000039e-01 3.830319999999999836e-01
3.311089999999999867e-01 8.235419999999999963e-01 1.020199999999999996e-01 7.079710000000000170e-01 7.728169999999999762e-01
5.316100000000000270e-01 7.152020000000000044e-01 6.372959999999999736e-01 5.989689999999999737e-01 1.328630000000000089e-01
6.317009999999999570e-01 3.988979999999999748e-01 5.651789999999999869e-01 4.132230000000000070e-01 5.932279999999999776e-01
4.752629999999999910e-01 8.660560000000000480e-01 1.149710000000000037e-01 7.188240000000000185e-01 5.509300000000000308e-01
4.904200000000000226e-01 5.650570000000000315e-01 8.145099999999999563e-02 3.230100000000000193e-01 5.682580000000000409e-01
2.032799999999999885e-01 9.360600000000000032e-01 7.736920000000000464e-01 4.314959999999999907e-01 4.858080000000000176e-01
4.540700000000000292e-02 5.024440000000000017e-01 9.157100000000000239e-01 6.423889999999999878e-01 5.584630000000000427e-01
7.558770000000000211e-01 8.356940000000000479e-01 5.130519999999999525e-01 4.862190000000000123e-01 4.285599999999999826e-02
4.990359999999999796e-01 2.696209999999999996e-01 5.592789999999999706e-01 2.964229999999999920e-01 6.142589999999999995e-01
8.169300000000000173e-02 6.006829999999999670e-01 1.789719999999999922e-01 8.372340000000000337e-01 7.336000000000000298e-01
5.635289999999999466e-01 4.715909999999999824e-01 1.364100000000000035e-02 6.289230000000000098e-01 7.039309999999999734e-01
4.999649999999999928e-01 8.452370000000000161e-01 2.762160000000000171e-01 1.711070000000000091e-01 7.625870000000000148e-01
6.083169999999999966e-01 6.138460000000000027e-01 6.278999999999999859e-02 2.594810000000000172e-01 8.211650000000000338e-01
5.092339999999999645e-01 9.803239999999999732e-01 3.465260000000000007e-01 6.690709999999999713e-01 2.827500000000000013e-01
8.340159999999999796e-01 7.991829999999999767e-01 1.577199999999999991e-01 3.733520000000000172e-01 4.976659999999999973e-01
3.386319999999999886e-01 7.154650000000000176e-01 5.157180000000000097e-01 5.206549999999999789e-01 2.737280000000000268e-01
4.439319999999999933e-01 6.833599999999999397e-02 9.228450000000000264e-01 5.408830000000000027e-01 5.726290000000000546e-01
3.498109999999999831e-01 7.478169999999999540e-01 5.387239999999999807e-01 5.513050000000000450e-01 3.967180000000000151e-01
8.700400000000000356e-01 6.609410000000000007e-01 3.009370000000000100e-01 4.321949999999999958e-01 2.316489999999999938e-01
6.344859999999999944e-01 4.570750000000000091e-01 3.740109999999999824e-01 9.001029999999999864e-01 1.386179999999999912e-01
7.974440000000000417e-01 2.452620000000000078e-01 7.554060000000000219e-01 3.311620000000000119e-01 2.198819999999999941e-01
8.319299999999999473e-01 4.009199999999999986e-01 2.629520000000000191e-01 6.582010000000000360e-01 1.633729999999999905e-01
5.742340000000000222e-01 3.711590000000000167e-01 5.133440000000000225e-01 5.104959999999999498e-01 6.314659999999999718e-01
4.406249999999999889e-01 2.177149999999999919e-01 6.613919999999999799e-01 6.404509999999999925e-01 5.408579999999999499e-01
5.780199999999999921e-02 6.906020000000000492e-01 7.116130000000000511e-01 5.387950000000000239e-01 6.203400000000000025e-01
4.393940000000000068e-01 7.723980000000000290e-01 7.721200000000000285e-02 4.948830000000000173e-01 6.201149999999999718e-01
2.744119999999999893e-01 5.400380000000000180e-01 5.859029999999999516e-01 4.685590000000000033e-01 8.060859999999999692e-01
7.591290000000000537e-01 4.077589999999999826e-01 4.423259999999999970e-01 4.372999999999999804e-02 7.064979999999999594e-01
5.271660000000000235e-01 9.112179999999999724e-01 2.535890000000000088e-01 6.379519999999999635e-01 1.810720000000000107e-01
5.519800000000000262e-01 7.110800000000000454e-01 1.528110000000000024e-01 8.850280000000000369e-01 6.429289999999999727e-01
5.123560000000000336e-01 3.906240000000000268e-01 2.236720000000000097e-01 5.296170000000000044e-01 6.691040000000000321e-01
5.116680000000000117e-01 1.469010000000000038e-01 8.855180000000000273e-01 2.528830000000000244e-01 4.114010000000000167e-01
4.779749999999999832e-01 1.926519999999999899e-01 5.602219999999999978e-01 4.774760000000000115e-01 9.590090000000000003e-01
3.562270000000000159e-01 7.333840000000000359e-01 1.718119999999999925e-01 1.769169999999999909e-01 7.145639999999999770e-01
1.887119999999999909e-01 4.158450000000000202e-01 6.757900000000000018e-01 7.028849999999999820e-01 5.355779999999999985e-01
4.417639999999999900e-01 3.091130000000000266e-01 8.067499999999999671e-02 9.641459999999999475e-01 5.149169999999999581e-01
2.837149999999999950e-01 3.692670000000000119e-01 3.732659999999999867e-01 2.820369999999999822e-01 7.951240000000000530e-01
3.974650000000000127e-01 3.436799999999999855e-01 5.533130000000000548e-01 6.202750000000000208e-01 2.552719999999999989e-01
4.593860000000000166e-01 6.918009999999999993e-01 4.182690000000000019e-01 5.512789999999999635e-01 2.248670000000000113e-01
1.969329999999999969e-01 4.858939999999999926e-01 7.800500000000000211e-01 3.056289999999999840e-01 7.818570000000000242e-01
9.611370000000000191e-01 6.973920000000000119e-01 5.584789999999999477e-01 1.626370000000000038e-01 2.624659999999999771e-01
3.356210000000000027e-01 3.897160000000000069e-01 9.720029999999999504e-01 3.846269999999999967e-01 6.279080000000000217e-01
6.388650000000000162e-01 4.185539999999999816e-01 4.667970000000000175e-01 8.060159999999999547e-01 5.391569999999999974e-01
2.783129999999999771e-01 6.136289999999999800e-01 8.164810000000000123e-01 5.207570000000000254e-01 3.402359999999999829e-01
7.441200000000000592e-02 9.706609999999999960e-01 3.534610000000000252e-01 2.781330000000000191e-01 7.816739999999999799e-01
3.258730000000000238e-01 3.680550000000000210e-01 8.161450000000000093e-01 1.668830000000000036e-01 5.614219999999999766e-01
4.510680000000000245e-01 4.326780000000000070e-01 9.019599999999999840e-02 6.620789999999999731e-01 7.799040000000000417e-01
4.400109999999999855e-01 3.214179999999999815e-01 7.020319999999999894e-01 6.522590000000000332e-01 4.753930000000000100e-01
6.037550000000000416e-01 6.701899999999999524e-01 6.235429999999999584e-01 6.106600000000000222e-02 6.703179999999999694e-01
4.621520000000000072e-01 1.463800000000000101e-01 1.258279999999999954e-01 6.772219999999999906e-01 8.705000000000000515e-01
7.775039999999999729e-01 2.351630000000000109e-01 5.248829999999999885e-01 8.380539999999999656e-01 5.336119999999999752e-01
5.915620000000000323e-01 7.508970000000000367e-01 5.975289999999999768e-01 3.953450000000000020e-01 3.518060000000000076e-01
6.886870000000000491e-01 6.424750000000000183e-01 1.343769999999999964e-01 2.589620000000000255e-01 6.416009999999999769e-01
7.064559999999999729e-01 5.599460000000000548e-01 5.897829999999999462e-01 1.130270000000000025e-01 3.895270000000000121e-01
2.704449999999999910e-01 7.016989999999999617e-01 1.513889999999999958e-01 7.973649999999999904e-01 4.404069999999999929e-01
6.503670000000000284e-01 2.646729999999999916e-01 4.989839999999999831e-01 4.424049999999999927e-01 5.210890000000000244e-01
4.590540000000000176e-01 1.671759999999999913e-01 8.142099999999999893e-01 6.477140000000000120e-01 2.127239999999999964e-01
5.264609999999999568e-01 5.148840000000000083e-01 4.645340000000000025e-01 8.746800000000000130e-01 2.004950000000000065e-01
6.867269999999999763e-01 6.113929999999999643e-01 6.918469999999999898e-01 5.320390000000000397e-01 3.176979999999999804e-01
4.166540000000000243e-01 2.491530000000000133e-01 5.359559999999999880e-01 5.898320000000000229e-01 4.195249999999999813e-01
3.450949999999999851e-01 5.886559999999999571e-01 3.759560000000000124e-01 7.633790000000000298e-01 3.871660000000000101e-01
7.225359999999999561e-01 5.154919999999999503e-01 8.253059999999999841e-01 3.716229999999999811e-01 1.438510000000000066e-01
3.889599999999999724e-01 5.265400000000000080e-01 7.119140000000000468e-01 6.373090000000000144e-01 6.244009999999999838e-01
7.888629999999999809e-01 2.760199999999999876e-01 5.406379999999999519e-01 3.654330000000000078e-01 5.410129999999999661e-01
1.778430000000000011e-01 6.129850000000000021e-01 4.542559999999999931e-01 7.846220000000000416e-01 3.567819999999999880e-01
3.807659999999999934e-01 6.523870000000000502e-01 2.911759999999999904e-01 5.558710000000000040e-01 5.354989999999999473e-01
6.569519999999999804e-01 6.450160000000000338e-01 3.050039999999999973e-01 6.263980000000000103e-01 4.374399999999999955e-01
7.217400000000000482e-01 5.190390000000000281e-01 5.232620000000000049e-01 1.634790000000000132e-01 3.295109999999999983e-01
7.236650000000000027e-01 1.746800000000000019e-01 4.741070000000000007e-01 5.899320000000000119e-01 6.934960000000000013e-01
3.986939999999999928e-01 6.390209999999999502e-01 3.370330000000000270e-01 7.049800000000000511e-02 8.854159999999999808e-01
5.072370000000000489e-01 4.971599999999999908e-01 6.711100000000000398e-02 8.820719999999999672e-01 5.008040000000000269e-01
8.763959999999999528e-01 5.284680000000000488e-01 6.460299999999999376e-02 3.930750000000000077e-01 5.975430000000000463e-01
5.246239999999999792e-01 3.554149999999999809e-01 5.029099999999999682e-01 5.353560000000000541e-01 3.659839999999999760e-01
9.775789999999999758e-01 4.776619999999999755e-01 4.702239999999999753e-01 5.613089999999999469e-01 1.617840000000000111e-01
7.531320000000000237e-01 2.569359999999999977e-01 1.306710000000000094e-01 2.890249999999999764e-01 8.146149999999999780e-01
3.754179999999999739e-01 9.838919999999999888e-01 4.708019999999999983e-01 1.266829999999999901e-01 6.133260000000000378e-01
9.175440000000000262e-01 4.109959999999999725e-01 5.512700000000000378e-01 1.218430000000000069e-01 1.841250000000000109e-01
6.122429999999999817e-01 8.869129999999999514e-01 1.935999999999999874e-02 6.712839999999999918e-01 3.392419999999999880e-01
6.339599999999999680e-01 5.791730000000000489e-01 8.553900000000000392e-02 3.323679999999999968e-01 9.134290000000000465e-01
7.637329999999999952e-01 3.114859999999999851e-01 7.441569999999999574e-01 5.292890000000000095e-01 7.601800000000000224e-02
7.454469999999999708e-01 6.318770000000000220e-01 1.071679999999999994e-01 8.174379999999999979e-01 2.962429999999999786e-01
4.023789999999999867e-01 8.628169999999999451e-01 1.697339999999999960e-01 6.269730000000000025e-01 5.862629999999999786e-01
1.913670000000000093e-01 8.744279999999999831e-01 2.046759999999999968e-01 6.570620000000000349e-01 4.628869999999999929e-01
1.547409999999999897e-01 6.932789999999999786e-01 2.032819999999999905e-01 8.909280000000000532e-01 2.931590000000000029e-01
4.331499999999999795e-01 3.787189999999999723e-01 6.479669999999999597e-01 2.269249999999999878e-01 8.879139999999999810e-01
3.716630000000000211e-01 7.933189999999999964e-01 2.963629999999999876e-01 3.768759999999999888e-01 6.505819999999999936e-01
1.529570000000000096e-01 5.490390000000000548e-01 4.595779999999999865e-01 4.094900000000000206e-01 6.309310000000000196e-01
6.378150000000000208e-01 2.873970000000000136e-01 5.984220000000000095e-01 5.162250000000000449e-01 5.141980000000000439e-01
1.356890000000000041e-01 9.114729999999999777e-01 7.673520000000000341e-01 5.101050000000000306e-01 4.550150000000000028e-01
3.337339999999999751e-01 4.164010000000000211e-01 8.396820000000000395e-01 6.633630000000000360e-01 3.456290000000000195e-01
2.179099999999999926e-01 8.694070000000000409e-01 5.985019999999999785e-01 5.633399999999999519e-01 4.063169999999999837e-01
9.329699999999999660e-01 1.552389999999999881e-01 2.991599999999999815e-01 5.848750000000000338e-01 3.250509999999999788e-01
8.991200000000000581e-02 8.243700000000000472e-01 1.498510000000000120e-01 7.231109999999999483e-01 5.536090000000000177e-01
8.533889999999999532e-01 7.009229999999999627e-01 2.170819999999999972e-01 5.359479999999999800e-01 3.956749999999999989e-01
7.886030000000000539e-01 3.006400000000000183e-01 5.180630000000000512e-01 6.709680000000000089e-01 5.757999999999999785e-01
8.453810000000000491e-01 3.651929999999999898e-01 5.507250000000000201e-01 2.564130000000000020e-01 9.683100000000000041e-02
5.999670000000000281e-01 3.869960000000000067e-01 6.230689999999999840e-01 1.787499999999999922e-01 4.455230000000000024e-01
5.329120000000000523e-01 2.878240000000000243e-01 4.702689999999999926e-01 5.620800000000000241e-01 6.962570000000000148e-01
4.396269999999999900e-01 4.364120000000000221e-01 6.671540000000000248e-01 5.736160000000000148e-01 7.326100000000000667e-02
2.555209999999999981e-01 7.472750000000000226e-01 5.099709999999999521e-01 5.092569999999999597e-01 4.688410000000000077e-01
8.740620000000000056e-01 4.303049999999999931e-01 3.468399999999999817e-01 2.039739999999999887e-01 8.039359999999999840e-01
4.106029999999999958e-01 5.417130000000000001e-01 3.436629999999999963e-01 6.969140000000000335e-01 6.667119999999999713e-01
5.162010000000000209e-01 6.072680000000000300e-01 7.258940000000000392e-01 4.320709999999999829e-01 3.480800000000000005e-01
3.601420000000000177e-01 8.093390000000000306e-01 4.875039999999999929e-01 9.152160000000000295e-01 3.718920000000000003e-01
3.996839999999999837e-01 1.623110000000000108e-01 8.752919999999999590e-01 5.418429999999999636e-01 6.621190000000000131e-01
4.003329999999999944e-01 4.946139999999999981e-01 5.707060000000000466e-01 2.725190000000000112e-01 6.012389999999999679e-01
3.392680000000000140e-01 7.513830000000000231e-01 2.668440000000000256e-01 9.508609999999999562e-01 3.445779999999999954e-01
5.866149999999999975e-01 8.116109999999999713e-01 6.811880000000000157e-01 2.340990000000000015e-01 2.675279999999999880e-01
3.626690000000000191e-01 3.251470000000000193e-01 9.739550000000000152e-01 6.446110000000000451e-01 1.601090000000000013e-01
7.278660000000000130e-01 4.781090000000000062e-01 4.948600000000000221e-01 6.338770000000000238e-01 6.321600000000000552e-01
1.688340000000000118e-01 6.070389999999999953e-01 3.350960000000000050e-01 6.171280000000000099e-01 6.755809999999999871e-01
8.023639999999999661e-01 5.115650000000000475e-01 1.875229999999999952e-01 3.908760000000000012e-01 8.541260000000000518e-01
6.517720000000000180e-01 6.105869999999999909e-01 7.774619999999999864e-01 3.560519999999999796e-01 4.309810000000000030e-01
4.744380000000000264e-01 1.422769999999999868e-01 3.889940000000000064e-01 6.329810000000000159e-01 3.874639999999999751e-01
2.916389999999999816e-01 3.779919999999999947e-01 5.786280000000000312e-01 3.885859999999999870e-01 9.223080000000000167e-01
2.533679999999999821e-01 5.615900000000000336e-01 5.550030000000000241e-01 7.401410000000000489e-01 3.433899999999999730e-01
1.248159999999999964e-01 6.673289999999999500e-01 2.771830000000000127e-01 3.204609999999999959e-01 6.433349999999999902e-01
2.686749999999999972e-01 5.165499999999999536e-01 4.991269999999999873e-01 5.747600000000000486e-01 5.339749999999999774e-01
8.534929999999999461e-01 3.280230000000000090e-01 6.266840000000000188e-01 1.655230000000000035e-01 7.456730000000000302e-01
1.863559999999999939e-01 4.463980000000000170e-01 1.751709999999999934e-01 8.966720000000000246e-01 6.789429999999999632e-01
7.500740000000000185e-01 4.182259999999999867e-01 2.532800000000000051e-01 5.618739999999999846e-01 7.572959999999999692e-01
8.933759999999999479e-01 4.764379999999999726e-01 4.675489999999999924e-01 4.259970000000000145e-01 5.009000000000000119e-01
6.654970000000000052e-01 9.205619999999999914e-01 6.433759999999999479e-01 1.191050000000000025e-01 4.028869999999999951e-01
7.052960000000000340e-01 2.057599999999999985e-01 5.565430000000000099e-01 6.827590000000000048e-01 7.519000000000000128e-01
5.928909999999999458e-01 3.074509999999999743e-01 7.017189999999999817e-01 1.587689999999999935e-01 4.332529999999999992e-01
5.550899999999999723e-01 3.805970000000000186e-01 3.753879999999999995e-01 9.501119999999999566e-01 6.202689999999999593e-01
8.989909999999999846e-01 3.196169999999999844e-01 7.181570000000000453e-01 5.264769999999999728e-01 2.099409999999999887e-01
2.519910000000000205e-01 9.401230000000000420e-01 3.724230000000000040e-01 1.507110000000000116e-01 8.269680000000000364e-01
3.256919999999999815e-01 4.536990000000000189e-01 5.897540000000000004e-01 8.420090000000000074e-01 3.207610000000000183e-01
1.635939999999999894e-01 6.741230000000000278e-01 1.367690000000000017e-01 6.200849999999999973e-01 7.648300000000000098e-01
5.047490000000000032e-01 4.532030000000000225e-01 6.315720000000000223e-01 3.245100000000000207e-01 6.089710000000000401e-01
6.998999999999999666e-01 1.939859999999999918e-01 1.336269999999999958e-01 9.098699999999999566e-01 5.339540000000000397e-01
5.819929999999999826e-01 7.911909999999999776e-01 1.218830000000000052e-01 8.489020000000000454e-01 3.113500000000000156e-01
4.278799999999999826e-01 5.372590000000000421e-01 3.982410000000000116e-01 5.398169999999999913e-01 8.335090000000000554e-01
2.205999999999999905e-01 8.525939999999999630e-01 2.204419999999999991e-01 5.252130000000000409e-01 3.348999999999999755e-01
7.001699999999999591e-02 3.989280000000000048e-01 5.151059999999999528e-01 7.280459999999999710e-01 7.418810000000000127e-01
7.355159999999999476e-01 1.804890000000000105e-01 5.048089999999999522e-01 4.256240000000000023e-01 4.450219999999999732e-01
7.583410000000000428e-01 5.891739999999999755e-01 6.688269999999999493e-01 3.070519999999999916e-01 3.852160000000000029e-01
9.580699999999999772e-01 8.323300000000000143e-02 4.182819999999999871e-01 8.239720000000000377e-01 2.532880000000000131e-01
1.570439999999999892e-01 3.693290000000000184e-01 4.324000000000000066e-01 2.862779999999999769e-01 8.501680000000000348e-01
9.363639999999999741e-01 1.197819999999999996e-01 7.684079999999999799e-01 4.378549999999999942e-01 3.703119999999999745e-01
4.800349999999999895e-01 2.491460000000000063e-01 5.976559999999999651e-01 2.840489999999999959e-01 7.652790000000000425e-01
5.300209999999999644e-01 5.073720000000000452e-01 3.268420000000000214e-01 5.105600000000000138e-01 7.070109999999999451e-01
1.155579999999999941e-01 7.827699999999999658e-01 6.500350000000000295e-01 8.273260000000000058e-01 3.346469999999999723e-01
3.996399999999999952e-02 7.923139999999999628e-01 3.744120000000000226e-01 4.920889999999999986e-01 4.784689999999999777e-01
6.772340000000000027e-01 7.686910000000000132e-01 6.448299999999999865e-02 4.145369999999999888e-01 3.491029999999999966e-01
5.248429999999999485e-01 7.503069999999999462e-01 3.104210000000000025e-01 8.214699999999999780e-02 6.006110000000000060e-01
8.045330000000000537e-01 3.631659999999999888e-01 7.238130000000000397e-01 7.664199999999999902e-01 2.167729999999999935e-01
3.581820000000000004e-01 4.145550000000000068e-01 7.956649999999999556e-01 3.604020000000000001e-01 7.821190000000000087e-01
4.869970000000000132e-01 1.594689999999999996e-01 4.163319999999999799e-01 7.624239999999999906e-01 5.820600000000000218e-01
8.407769999999999966e-01 2.175809999999999966e-01 8.842609999999999637e-01 3.877680000000000016e-01 3.534930000000000017e-01
9.708949999999999525e-01 2.780759999999999899e-01 3.183360000000000078e-01 4.568619999999999903e-01 2.675620000000000220e-01
6.681920000000000082e-01 4.798569999999999780e-01 7.043129999999999669e-01 5.878579999999999917e-01 5.218859999999999610e-01
5.441859999999999475e-01 8.159760000000000346e-01 6.630909999999999860e-01 1.670750000000000013e-01 2.961529999999999996e-01
2.727899999999999769e-01 8.478599999999999470e-01 4.032399999999999873e-01 4.038280000000000203e-01 6.642059999999999631e-01
4.571819999999999773e-01 4.763499999999999956e-01 5.054509999999999836e-01 3.848969999999999891e-01 8.814570000000000460e-01
8.764440000000000008e-01 2.878519999999999968e-01 7.053190000000000293e-01 1.096059999999999951e-01 5.669539999999999580e-01
4.870399999999999729e-02 4.049590000000000134e-01 7.941390000000000393e-01 7.929869999999999974e-01 3.198840000000000017e-01
6.830479999999999885e-01 7.979589999999999739e-01 2.647280000000000189e-01 5.947609999999999841e-01 2.585350000000000148e-01
5.466710000000000180e-01 3.650189999999999824e-01 1.791669999999999929e-01 4.966599999999999904e-01 9.550149999999999473e-01
6.013089999999999824e-01 1.059599999999999986e-01 8.669360000000000399e-01 6.078069999999999862e-01 5.529899999999999816e-01
8.671539999999999804e-01 3.608149999999999968e-01 1.030879999999999991e-01 3.824879999999999947e-01 5.267810000000000548e-01
2.847660000000000191e-01 6.310970000000000191e-01 8.244169999999999554e-01 4.690599999999999770e-01 2.749719999999999942e-01
7.921749999999999625e-01 5.875519999999999632e-01 2.535410000000000164e-01 8.107509999999999994e-01 3.070289999999999964e-01
4.175860000000000127e-01 5.837719999999999576e-01 8.344930000000000403e-01 2.690400000000000014e-01 6.552999999999999936e-01
7.193049999999999722e-01 1.042339999999999933e-01 6.070269999999999833e-01 4.239120000000000110e-01 9.013590000000000213e-01
2.866040000000000254e-01 9.360389999999999544e-01 8.777420000000000222e-01 5.783499999999999752e-02 4.679440000000000266e-01
6.788309999999999622e-01 4.531029999999999780e-01 6.250970000000000137e-01 3.772559999999999802e-01 2.684259999999999979e-01
8.206229999999999913e-01 5.440679999999999961e-01 5.176000000000000045e-02 3.006949999999999901e-01 6.904630000000000489e-01
6.989509999999999890e-01 9.745600000000000096e-02 7.525500000000000522e-01 3.863659999999999872e-01 6.890579999999999483e-01
4.569699999999999873e-01 5.436619999999999786e-01 4.967429999999999901e-01 4.633709999999999773e-01 3.916830000000000034e-01
7.300900000000000167e-01 6.390219999999999789e-01 3.099219999999999753e-01 6.012650000000000494e-01 6.501529999999999809e-01
4.452300000000000146e-01 4.665030000000000010e-01 4.800360000000000182e-01 7.735340000000000549e-01 5.073269999999999724e-01
7.629949999999999788e-01 7.178299999999999959e-02 4.857389999999999763e-01 4.208350000000000146e-01 6.919960000000000555e-01
5.270730000000000137e-01 3.320759999999999823e-01 6.222320000000000073e-01 1.574379999999999946e-01 6.245570000000000288e-01
3.698609999999999953e-01 9.116889999999999716e-01 4.324729999999999963e-01 7.097139999999999560e-01 4.185079999999999911e-01
7.667899999999999716e-02 6.876489999999999547e-01 6.238609999999999989e-01 3.844400000000000039e-01 7.735060000000000269e-01
2.118299999999999905e-01 3.902880000000000238e-01 8.347670000000000368e-01 3.190419999999999923e-01 6.855350000000000055e-01
2.735870000000000246e-01 4.255590000000000206e-01 7.831080000000000263e-01 9.144529999999999603e-01 3.881649999999999823e-01
1.677029999999999910e-01 5.640619999999999523e-01 2.551089999999999747e-01 7.611539999999999973e-01 7.729319999999999524e-01
8.079150000000000498e-01 2.490420000000000134e-01 5.233529999999999571e-01 7.984250000000000513e-01 1.732720000000000093e-01
9.057900000000000673e-02 4.372510000000000008e-01 8.222629999999999661e-01 3.438220000000000165e-01 7.039600000000000302e-01
1.414499999999999924e-01 7.242699999999999694e-01 6.752470000000000416e-01 2.774739999999999984e-01 7.188320000000000265e-01
4.843790000000000040e-01 9.570889999999999675e-01 1.943969999999999865e-01 6.254570000000000407e-01 5.179409999999999847e-01
7.019630000000000036e-01 1.807469999999999910e-01 6.548800000000000177e-01 1.105890000000000067e-01 4.406510000000000149e-01
2.337470000000000103e-01 2.816899999999999959e-01 1.217680000000000012e-01 7.969739999999999602e-01 8.099629999999999885e-01
5.478530000000000344e-01 7.288059999999999539e-01 8.398600000000000509e-02 4.517149999999999777e-01 9.361340000000000217e-01
2.742319999999999758e-01 4.382530000000000037e-01 4.053370000000000029e-01 3.380520000000000191e-01 9.659680000000000488e-01
5.317389999999999617e-01 6.081260000000000554e-01 6.314459999999999518e-01 2.295979999999999965e-01 2.539980000000000016e-01
9.071289999999999631e-01 2.847000000000000086e-01 4.120779999999999998e-01 4.484529999999999905e-01 6.604520000000000390e-01
7.606730000000000436e-01 5.004960000000000520e-01 4.376840000000000175e-01 2.155130000000000101e-01 3.901249999999999996e-01
8.375500000000000167e-01 8.503490000000000215e-01 5.820279999999999898e-01 1.431600000000000095e-01 2.514989999999999726e-01
7.289309999999999956e-01 5.254469999999999974e-01 4.526580000000000048e-01 6.573790000000000466e-01 2.345530000000000115e-01
2.629310000000000258e-01 6.131969999999999921e-01 5.833329999999999904e-01 9.303749999999999520e-01 1.137829999999999953e-01
5.298129999999999784e-01 3.913869999999999849e-01 6.305250000000000021e-01 7.902679999999999705e-01 8.437699999999999367e-02
2.753829999999999889e-01 8.957140000000000102e-01 7.847800000000000609e-02 3.399150000000000227e-01 7.142060000000000075e-01
2.457540000000000002e-01 4.997079999999999855e-01 8.318969999999999976e-01 2.563880000000000048e-01 4.349350000000000160e-01
2.853700000000000125e-01 5.180519999999999570e-01 4.995000000000000134e-02 6.678859999999999797e-01 8.483410000000000117e-01
6.854620000000000157e-01 6.039489999999999581e-01 7.167419999999999902e-01 4.495419999999999972e-01 4.789760000000000129e-01
6.385429999999999717e-01 6.256350000000000522e-01 1.980089999999999906e-01 7.030999999999999472e-01 4.953000000000000180e-01
8.639459999999999917e-01 5.376039999999999708e-01 5.598020000000000218e-01 1.285370000000000124e-01 5.400190000000000268e-01
4.329109999999999903e-01 6.295399999999999607e-02 8.251540000000000541e-01 4.800789999999999780e-01 6.170989999999999531e-01
7.423929999999999696e-01 7.676290000000000058e-01 5.016180000000000083e-01 3.802579999999999849e-01 3.377769999999999939e-01
3.852070000000000216e-01 5.474520000000000497e-01 5.250329999999999719e-01 3.913260000000000072e-01 5.592359999999999554e-01
5.401019999999999710e-01 7.895189999999999708e-01 5.425740000000000007e-01 8.808230000000000226e-01 1.794679999999999886e-01
3.017969999999999819e-01 7.323739999999999695e-01 5.067540000000000378e-01 9.273399999999999699e-02 7.196029999999999927e-01
4.978130000000000055e-01 6.796630000000000171e-01 5.865660000000000318e-01 5.028289999999999704e-01 5.503940000000000499e-01
5.372580000000000133e-01 7.804259999999999531e-01 6.472040000000000015e-01 3.197559999999999847e-01 3.204790000000000139e-01
7.510289999999999466e-01 1.160680000000000045e-01 5.294419999999999682e-01 8.575909999999999922e-01 2.448799999999999866e-01
6.209630000000000427e-01 7.405200000000000671e-02 6.932409999999999961e-01 1.731709999999999916e-01 8.795180000000000220e-01
4.013950000000000018e-01 5.620920000000000361e-01 3.343690000000000273e-01 5.147110000000000296e-01 5.082740000000000036e-01
5.985439999999999650e-01 1.660339999999999872e-01 1.114860000000000018e-01 6.946689999999999809e-01 8.847629999999999661e-01
9.437060000000000448e-01 4.364210000000000034e-01 6.620200000000000529e-01 1.078569999999999945e-01 4.178540000000000032e-01
7.775980000000000114e-01 3.928889999999999882e-01 5.547039999999999749e-01 3.629209999999999936e-01 4.482820000000000138e-01
3.698089999999999988e-01 5.243799999999999573e-01 6.771740000000000537e-01 5.711589999999999723e-01 1.471729999999999983e-01
1.751109999999999889e-01 9.372129999999999628e-01 4.100800000000000001e-01 2.829479999999999773e-01 7.911209999999999631e-01
5.244240000000000013e-01 3.046440000000000259e-01 7.817960000000000464e-01 6.142760000000000442e-01 2.177199999999999969e-02
4.464969999999999772e-01 9.111000000000000210e-01 5.956979999999999498e-01 2.757339999999999791e-01 7.325770000000000337e-01
3.796149999999999802e-01 1.108930000000000055e-01 9.599720000000000475e-01 4.579099999999999837e-01 5.740370000000000195e-01
5.784979999999999567e-01 5.761999999999999761e-02 2.794579999999999842e-01 6.856060000000000487e-01 7.601229999999999931e-01
4.746509999999999896e-01 1.587649999999999895e-01 9.000329999999999719e-01 2.219949999999999979e-01 7.979330000000000034e-01
5.761730000000000462e-01 8.885039999999999605e-01 4.233430000000000248e-01 6.576990000000000336e-01 3.059560000000000057e-01
1.325689999999999924e-01 5.483360000000000456e-01 3.688379999999999992e-01 9.514540000000000219e-01 5.543620000000000214e-01
3.365870000000000251e-01 4.889789999999999970e-01 7.735549999999999926e-01 3.606099999999999861e-01 5.629110000000000502e-01
3.240259999999999807e-01 4.551470000000000238e-01 6.134020000000000028e-01 5.600650000000000350e-01 3.813779999999999948e-01
6.892979999999999663e-01 6.156740000000000546e-01 7.040340000000000487e-01 2.981420000000000181e-01 1.587570000000000092e-01
2.445930000000000049e-01 4.835720000000000018e-01 1.706249999999999989e-01 8.353979999999999739e-01 8.434679999999999955e-01
1.554619999999999891e-01 6.106160000000000476e-01 6.466319999999999846e-01 4.375419999999999865e-01 6.962279999999999580e-01
5.770570000000000421e-01 1.380049999999999888e-01 4.053959999999999786e-01 5.101599999999999469e-01 7.562149999999999705e-01
8.217160000000000020e-01 3.253510000000000013e-01 7.138879999999999670e-01 4.729729999999999768e-01 1.973090000000000122e-01
3.753079999999999750e-01 6.635330000000000394e-01 2.746669999999999945e-01 2.512380000000000169e-01 9.191550000000000553e-01
5.790089999999999959e-01 1.665040000000000131e-01 2.092469999999999886e-01 5.563209999999999544e-01 6.887769999999999726e-01
1.041269999999999973e-01 5.608790000000000164e-01 7.571329999999999449e-01 4.232980000000000076e-01 7.030410000000000270e-01
5.878849999999999909e-01 2.941699999999999871e-01 4.235869999999999913e-01 7.161239999999999828e-01 5.585400000000000365e-01
1.008339999999999931e-01 4.214410000000000101e-01 8.305240000000000400e-01 3.296319999999999806e-01 8.744359999999999911e-01
5.247359999999999802e-01 4.658959999999999768e-01 4.367100000000000148e-02 7.771730000000000027e-01 6.555269999999999708e-01
5.655879999999999797e-01 6.719969999999999555e-01 3.687090000000000090e-01 6.025610000000000133e-01 5.720979999999999954e-01
7.112910000000000066e-01 8.545800000000000618e-02 4.757069999999999910e-01 7.605119999999999658e-01 5.266990000000000283e-01
3.313380000000000214e-01 8.479069999999999663e-01 4.330669999999999797e-01 5.495029999999999637e-01 3.608089999999999908e-01
6.549469999999999459e-01 5.109529999999999905e-01 9.096570000000000489e-01 5.165560000000000151e-01 3.113349999999999729e-01
1.198530000000000012e-01 3.853280000000000038e-01 9.353010000000000490e-01 6.250759999999999650e-01 4.639229999999999743e-01
4.777109999999999967e-01 1.159970000000000029e-01 3.822889999999999899e-01 3.970500000000000140e-01 6.649979999999999780e-01
6.763339999999999907e-01 4.126850000000000240e-01 6.173819999999999864e-01 2.651780000000000248e-01 5.423700000000000188e-01
3.492419999999999969e-01 3.500860000000000083e-01 3.433069999999999733e-01 2.848580000000000001e-01 8.964050000000000074e-01
3.186289999999999956e-01 8.448400000000000354e-01 2.444439999999999946e-01 9.759670000000000289e-01 3.300620000000000220e-01
5.475799999999999557e-01 1.533569999999999933e-01 8.802100000000000479e-01 6.734740000000000171e-01 1.816460000000000019e-01
4.046509999999999829e-01 3.498379999999999823e-01 3.228440000000000198e-01 8.562039999999999651e-01 7.056900000000000395e-01
3.001219999999999999e-01 3.413260000000000183e-01 5.300110000000000099e-01 2.763829999999999898e-01 6.710000000000000409e-01
7.530900000000000372e-01 6.825329999999999453e-01 3.994389999999999885e-01 2.507179999999999964e-01 3.486270000000000202e-01
4.234539999999999971e-01 5.039799999999999836e-01 4.342699999999999894e-01 2.235070000000000112e-01 5.649619999999999642e-01
4.364109999999999934e-01 2.943180000000000240e-01 5.279819999999999514e-01 7.037759999999999572e-01 3.410139999999999838e-01
4.612640000000000073e-01 6.971030000000000282e-01 2.962790000000000146e-01 9.385170000000000456e-01 8.524299999999999933e-02
8.444110000000000227e-01 4.011339999999999906e-01 2.963859999999999828e-01 7.568460000000000187e-01 4.225499999999999812e-01
7.804670000000000218e-01 7.773800000000000154e-02 5.126319999999999766e-01 4.627390000000000114e-01 6.907069999999999599e-01
6.615710000000000202e-01 1.572759999999999991e-01 7.584210000000000118e-01 1.980770000000000031e-01 8.305679999999999730e-01
5.160139999999999727e-01 4.686960000000000015e-01 9.168389999999999596e-01 3.565659999999999941e-01 2.128529999999999867e-01
2.877419999999999978e-01 5.523850000000000149e-01 8.531429999999999847e-01 6.306939999999999769e-01 9.149100000000000288e-02
3.931100000000000150e-01 2.806119999999999726e-01 5.906080000000000219e-01 7.265800000000000036e-02 8.530820000000000070e-01
4.441300000000000109e-02 8.622379999999999489e-01 4.115980000000000194e-01 7.652189999999999825e-01 5.868480000000000363e-01
4.011230000000000073e-01 1.392819999999999891e-01 6.672510000000000385e-01 2.444550000000000056e-01 7.573309999999999764e-01
1.726679999999999882e-01 5.396710000000000118e-01 7.017940000000000289e-01 7.169299999999999562e-01 3.096140000000000003e-01
8.295409999999999728e-01 7.017179999999999529e-01 1.589409999999999989e-01 4.104439999999999755e-01 2.832529999999999770e-01
4.312460000000000182e-01 2.042509999999999881e-01 4.061879999999999935e-01 4.165809999999999791e-01 5.897329999999999517e-01
5.814899999999999930e-02 6.895529999999999715e-01 6.811610000000000165e-01 2.122209999999999930e-01 9.186109999999999554e-01
6.681880000000000042e-01 4.619570000000000065e-01 1.389180000000000137e-01 5.840760000000000396e-01 3.497810000000000086e-01
4.397550000000000070e-01 2.904630000000000267e-01 2.147789999999999977e-01 6.096300000000000052e-01 6.776750000000000274e-01
5.126279999999999726e-01 6.350999999999999701e-02 8.961379999999999901e-01 7.759709999999999663e-01 3.329739999999999922e-01
8.010599999999999943e-01 4.991880000000000206e-01 5.471160000000000467e-01 8.203219999999999956e-01 1.746310000000000084e-01
2.851739999999999831e-01 1.654599999999999960e-01 8.344019999999999770e-01 2.715279999999999916e-01 8.318010000000000126e-01
7.629099999999999770e-01 5.821410000000000196e-01 1.327679999999999971e-01 7.168109999999999760e-01 4.301530000000000076e-01
7.544969999999999732e-01 1.404779999999999918e-01 3.611409999999999898e-01 5.384050000000000225e-01 5.919060000000000432e-01
5.857379999999999809e-01 1.432750000000000135e-01 5.300719999999999876e-01 5.323959999999999804e-01 9.052000000000000046e-01
4.796839999999999993e-01 8.467299999999999827e-01 3.763449999999999851e-01 8.777000000000000079e-02 6.362459999999999782e-01
8.413800000000000168e-01 7.069269999999999721e-01 4.527370000000000005e-01 4.221440000000000192e-01 3.796619999999999995e-01
7.420109999999999761e-01 3.725200000000000039e-02 6.752150000000000096e-01 6.323760000000000492e-01 6.852730000000000210e-01
4.054360000000000186e-01 3.702420000000000155e-01 2.772109999999999852e-01 6.170470000000000121e-01 7.082859999999999712e-01
6.771740000000000537e-01 1.728040000000000131e-01 7.680559999999999610e-01 4.434529999999999861e-01 3.208150000000000168e-01
5.920100000000000362e-01 6.859870000000000134e-01 7.387029999999999985e-01 3.946979999999999933e-01 2.237750000000000017e-01
5.407399999999999984e-01 3.559419999999999806e-01 7.362610000000000543e-01 3.735729999999999884e-01 3.708980000000000055e-01
1.408919999999999895e-01 7.847100000000000186e-01 7.258679999999999577e-01 3.296609999999999818e-01 7.659979999999999567e-01
5.647109999999999630e-01 4.199950000000000072e-01 5.737280000000000157e-01 2.835889999999999800e-01 4.652060000000000084e-01
2.984879999999999756e-01 7.018320000000000114e-01 4.775139999999999940e-01 2.369940000000000102e-01 8.803029999999999466e-01
3.234130000000000060e-01 7.049549999999999983e-01 5.801819999999999755e-01 4.136369999999999769e-01 4.401120000000000032e-01
9.220509999999999540e-01 4.585089999999999999e-01 2.418990000000000029e-01 6.911420000000000341e-01 2.242570000000000119e-01
4.377550000000000052e-01 5.697179999999999467e-01 8.184940000000000548e-01 5.143969999999999931e-01 2.954700000000000035e-02
6.414750000000000174e-01 6.981249999999999956e-01 4.389970000000000261e-01 5.582409999999999872e-01 4.060650000000000093e-01
7.702959999999999807e-01 9.518300000000000372e-02 6.027919999999999945e-01 7.378419999999999979e-01 1.978709999999999913e-01
5.787579999999999947e-01 7.905710000000000237e-01 1.083530000000000049e-01 1.935689999999999911e-01 8.741050000000000209e-01
8.843600000000000072e-02 6.278169999999999584e-01 8.072160000000000446e-01 6.296760000000000135e-01 7.299290000000000500e-01
3.599640000000000062e-01 4.178810000000000024e-01 6.074260000000000215e-01 4.491740000000000177e-01 3.327939999999999787e-01
6.920169999999999932e-01 8.321859999999999813e-01 3.267079999999999984e-01 1.896039999999999948e-01 4.007029999999999759e-01
5.105049999999999866e-01 4.290229999999999877e-01 8.502480000000000038e-01 3.830350000000000144e-01 5.732770000000000366e-01
8.921940000000000426e-01 2.232780000000000042e-01 2.800839999999999996e-01 5.931459999999999511e-01 3.436939999999999995e-01
5.631500000000000394e-01 1.628320000000000045e-01 4.317130000000000134e-01 8.920649999999999968e-01 3.640369999999999995e-01
6.950690000000000479e-01 5.038899999999999491e-01 4.848399999999999932e-01 2.396810000000000052e-01 7.514769999999999506e-01
1.323330000000000062e-01 6.645929999999999893e-01 1.550060000000000049e-01 9.601180000000000270e-01 7.581109999999999793e-01
7.380609999999999671e-01 3.836510000000000198e-01 3.788730000000000153e-01 3.737690000000000179e-01 7.068259999999999543e-01
5.592909999999999826e-01 1.221160000000000023e-01 8.678510000000000391e-01 2.825400000000000134e-01 8.349630000000000107e-01
6.983359999999999568e-01 3.013549999999999840e-01 7.225089999999999568e-01 1.545650000000000079e-01 5.541800000000000059e-01
4.384339999999999904e-01 8.997239999999999682e-01 6.956160000000000121e-01 8.714900000000000424e-02 5.796360000000000401e-01
5.998409999999999576e-01 4.278270000000000128e-01 4.700590000000000046e-01 5.439499999999999891e-02 6.026420000000000110e-01
6.314950000000000285e-01 6.565800000000000525e-01 6.860460000000000447e-01 2.378170000000000006e-01 4.498869999999999814e-01
2.268070000000000086e-01 4.470919999999999894e-01 5.646520000000000428e-01 6.268789999999999640e-01 3.416290000000000160e-01
6.234119999999999662e-01 8.639299999999999757e-02 9.500389999999999668e-01 5.380169999999999675e-01 3.737889999999999824e-01
5.321639999999999704e-01 4.186650000000000094e-01 2.208529999999999938e-01 8.421469999999999789e-01 5.454489999999999617e-01
2.328459999999999974e-01 8.375690000000000079e-01 5.273860000000000214e-01 8.148100000000000342e-01 4.341039999999999899e-01
5.670619999999999550e-01 3.315790000000000126e-01 3.318099999999999938e-01 5.849830000000000307e-01 9.160920000000000174e-01
1.612510000000000054e-01 6.878509999999999902e-01 3.559060000000000001e-01 8.345249999999999613e-01 3.612719999999999820e-01
3.710430000000000117e-01 5.636290000000000466e-01 1.270499999999999963e-01 4.669630000000000170e-01 8.743560000000000221e-01
5.185060000000000224e-01 5.997500000000000053e-01 7.028990000000000515e-01 6.226610000000000200e-01 2.940429999999999988e-01
8.026450000000000529e-01 2.489139999999999964e-01 6.871490000000000098e-01 5.449819999999999665e-01 9.290900000000000547e-02
5.379070000000000240e-01 5.049989999999999757e-01 3.067369999999999819e-01 6.773559999999999581e-01 7.200520000000000254e-01
6.228899999999999715e-02 5.838959999999999706e-01 7.618049999999999544e-01 2.716350000000000153e-01 7.067510000000000181e-01
3.997220000000000217e-01 2.871000000000000218e-01 3.952039999999999997e-01 7.359329999999999483e-01 6.732099999999999751e-01
6.286100000000000021e-01 6.503949999999999454e-01 6.092969999999999775e-01 3.176019999999999954e-01 5.896029999999999882e-01
4.579050000000000065e-01 3.890089999999999937e-01 7.064350000000000351e-01 4.638619999999999965e-01 4.901590000000000114e-01
6.764329999999999510e-01 4.574460000000000193e-01 2.282339999999999924e-01 3.783009999999999984e-01 7.534450000000000314e-01
6.404159999999999853e-01 5.393780000000000241e-01 4.505599999999999883e-02 4.129720000000000057e-01 7.068100000000000493e-01
3.604479999999999906e-01 6.849180000000000268e-01 7.581799999999999651e-02 7.266669999999999519e-01 4.410490000000000244e-01
7.449400000000000466e-02 6.096970000000000445e-01 3.809919999999999973e-01 3.716439999999999744e-01 9.092679999999999652e-01
2.444570000000000076e-01 8.172399999999999665e-01 6.035460000000000269e-01 1.350449999999999984e-01 6.942180000000000017e-01
5.477800000000000447e-01 4.510919999999999930e-01 7.832890000000000130e-01 5.963089999999999780e-01 3.795549999999999757e-01
5.217100000000000209e-02 5.404149999999999787e-01 4.194789999999999908e-01 6.912209999999999743e-01 7.030129999999999990e-01
7.564779999999999838e-01 8.606319999999999526e-01 5.467480000000000118e-01 3.404760000000000009e-01 1.108360000000000040e-01
6.332470000000000043e-01 9.891800000000000592e-02 5.634390000000000231e-01 8.885910000000000197e-01 2.286150000000000126e-01
7.815530000000000532e-01 5.832600000000000284e-02 6.981079999999999508e-01 5.772650000000000281e-01 3.361729999999999996e-01
7.046989999999999643e-01 3.414380000000000193e-01 9.402209999999999734e-01 1.108549999999999952e-01 4.496850000000000014e-01
6.880509999999999682e-01 4.655159999999999854e-01 3.158900000000000041e-01 6.157500000000000195e-01 4.805429999999999979e-01
4.729019999999999890e-01 1.798160000000000036e-01 5.750039999999999596e-01 5.831159999999999677e-01 2.974430000000000129e-01
4.986829999999999874e-01 5.654879999999999907e-01 4.779999999999999805e-01 6.012650000000000494e-01 6.066500000000000226e-01
5.868459999999999788e-01 5.732479999999999798e-01 1.146969999999999934e-01 8.122519999999999740e-01 2.289339999999999986e-01
8.936739999999999684e-01 2.302160000000000040e-01 3.462799999999999767e-01 5.162470000000000114e-01 6.090959999999999708e-01
6.328930000000000389e-01 5.490869999999999918e-01 6.998159999999999936e-01 2.389139999999999875e-01 4.735130000000000172e-01
5.619800000000000351e-01 8.340180000000000371e-01 4.876519999999999744e-01 3.880149999999999988e-01 9.317100000000000382e-02
5.642519999999999758e-01 4.366110000000000269e-01 6.447009999999999685e-01 4.402889999999999859e-01 5.322480000000000544e-01
8.765579999999999483e-01 4.845220000000000082e-01 3.103279999999999927e-01 3.367939999999999823e-01 6.068890000000000118e-01
5.072060000000000457e-01 2.005810000000000093e-01 5.164480000000000182e-01 8.231020000000000003e-01 6.141280000000000072e-01
7.298780000000000268e-01 3.519599999999999951e-01 5.863380000000000258e-01 5.823500000000000343e-01 5.458490000000000286e-01
3.202369999999999939e-01 8.438149999999999817e-01 4.887509999999999910e-01 6.200870000000000548e-01 2.925130000000000230e-01
5.294100000000000472e-01 7.999600000000000044e-01 7.772199999999999942e-02 6.194150000000000489e-01 6.832540000000000280e-01
4.063590000000000257e-01 9.588680000000000536e-01 4.483840000000000048e-01 3.677889999999999771e-01 5.903570000000000206e-01
2.101349999999999885e-01 4.060630000000000073e-01 9.269180000000000197e-01 5.261390000000000233e-01 5.549309999999999521e-01
8.680160000000000098e-01 4.267839999999999967e-01 7.176700000000000301e-01 3.348209999999999797e-01 1.255529999999999979e-01
7.026019999999999488e-01 7.590329999999999577e-01 2.043870000000000131e-01 2.788039999999999963e-01 3.660329999999999973e-01
5.347840000000000371e-01 5.492609999999999992e-01 1.782950000000000090e-01 5.623970000000000358e-01 6.562470000000000248e-01
5.193780000000000063e-01 8.272429999999999506e-01 7.559439999999999493e-01 1.728619999999999879e-01 7.095240000000000435e-01
2.049759999999999915e-01 5.134050000000000002e-01 8.279050000000000020e-01 4.921119999999999939e-01 3.064129999999999909e-01
1.192249999999999976e-01 8.001719999999999944e-01 5.076760000000000161e-01 1.493810000000000138e-01 8.966939999999999911e-01
8.937899999999999734e-01 4.601279999999999815e-01 4.457439999999999736e-01 7.916159999999999863e-01 2.158849999999999936e-01
3.186559999999999948e-01 6.532790000000000541e-01 4.367179999999999951e-01 4.632910000000000084e-01 6.806539999999999813e-01
6.848130000000000051e-01 7.438310000000000199e-01 1.095450000000000035e-01 8.458820000000000228e-01 3.499059999999999948e-01
1.694390000000000063e-01 5.288209999999999855e-01 6.475849999999999662e-01 2.755460000000000131e-01 7.967750000000000110e-01
3.852999999999999758e-01 6.946700000000000097e-01 2.667390000000000039e-01 8.477909999999999613e-01 2.895550000000000068e-01
5.299420000000000242e-01 8.155299999999999772e-01 2.877199999999999758e-01 1.774870000000000059e-01 6.085399999999999698e-01
5.542989999999999862e-01 1.742289999999999950e-01 4.049059999999999881e-01 6.986719999999999597e-01 4.270430000000000059e-01
5.770629999999999926e-01 4.112299999999999983e-02 8.256379999999999830e-01 4.644159999999999955e-01 4.721949999999999759e-01
6.316159999999999553e-01 4.493409999999999904e-01 3.303860000000000130e-01 8.162139999999999951e-01 1.981600000000000028e-01
1.690609999999999891e-01 5.399380000000000290e-01 7.491839999999999611e-01 2.711810000000000054e-01 8.555890000000000439e-01
2.581359999999999766e-01 1.442630000000000023e-01 9.611450000000000271e-01 6.626689999999999525e-01 4.939029999999999809e-01
8.677200000000000191e-02 5.843040000000000456e-01 8.244780000000000442e-01 2.882160000000000277e-01 6.389019999999999699e-01
9.172280000000000433e-01 3.908710000000000240e-01 1.933370000000000088e-01 2.808590000000000253e-01 7.815239999999999965e-01
6.846489999999999521e-01 7.768760000000000110e-01 4.688559999999999950e-01 4.626620000000000177e-01 3.654950000000000143e-01
5.702749999999999764e-01 4.007970000000000144e-01 6.174709999999999921e-01 4.585389999999999744e-01 7.170320000000000027e-01
2.691100000000000159e-01 9.472019999999999884e-01 4.393239999999999923e-01 6.185399999999999787e-01 7.503400000000000347e-02
5.116549999999999709e-01 7.957089999999999996e-01 3.458769999999999900e-01 4.425520000000000009e-01 1.751510000000000011e-01
3.121140000000000025e-01 3.924119999999999830e-01 3.851979999999999849e-01 8.903259999999999508e-01 2.915409999999999946e-01
7.149090000000000167e-01 5.826440000000000508e-01 3.237800000000000122e-01 3.654490000000000238e-01 6.481550000000000367e-01
2.532440000000000246e-01 6.199789999999999468e-01 1.962500000000000078e-01 4.635750000000000148e-01 9.391439999999999788e-01
7.282700000000000284e-02 3.467029999999999834e-01 5.878210000000000379e-01 5.462399999999999478e-01 7.829669999999999686e-01
8.944490000000000496e-01 1.919929999999999970e-01 5.165079999999999671e-01 7.018699999999999939e-01 2.555979999999999919e-01
6.367310000000000469e-01 7.899950000000000028e-01 6.118099999999999650e-01 4.853399999999999936e-01 3.582850000000000201e-01
4.322199999999999931e-01 4.555819999999999870e-01 6.151389999999999914e-01 8.201600000000000001e-01 5.046190000000000397e-01
6.614879999999999649e-01 8.178000000000000547e-02 4.561640000000000139e-01 4.323259999999999881e-01 9.858810000000000073e-01
3.595720000000000027e-01 6.189930000000000154e-01 6.056350000000000344e-01 3.453060000000000018e-01 4.868279999999999830e-01
8.790259999999999740e-01 2.127519999999999967e-01 8.093829999999999636e-01 3.655180000000000096e-01 2.179679999999999951e-01
5.528990000000000293e-01 6.706149999999999611e-01 5.388009999999999744e-01 1.254510000000000070e-01 6.312790000000000346e-01
4.717319999999999847e-01 7.761149999999999993e-01 3.555470000000000019e-01 3.844250000000000167e-01 5.717339999999999645e-01
2.377209999999999879e-01 8.366999999999999993e-01 4.217409999999999770e-01 6.894919999999999938e-01 2.087739999999999874e-01
3.179509999999999836e-01 5.170900000000000496e-01 7.223249999999999948e-01 3.440139999999999865e-01 9.185449999999999449e-01
2.348470000000000002e-01 8.453429999999999556e-01 1.447100000000000053e-01 6.469139999999999890e-01 6.581690000000000040e-01
8.089200000000000557e-02 8.002080000000000304e-01 6.594149999999999734e-01 6.805579999999999963e-01 3.494329999999999936e-01
8.360300000000000509e-01 1.480630000000000002e-01 2.117090000000000083e-01 8.289339999999999486e-01 3.094879999999999853e-01
7.721010000000000373e-01 4.795490000000000030e-01 1.794360000000000122e-01 4.085630000000000095e-01 5.664890000000000203e-01
1.590249999999999997e-01 5.736769999999999925e-01 7.590949999999999642e-01 2.745239999999999903e-01 5.403679999999999595e-01
6.414680000000000382e-01 5.799840000000000551e-01 8.616129999999999622e-01 2.397809999999999941e-01 3.247590000000000199e-01
5.769370000000000331e-01 2.282420000000000004e-01 4.302059999999999773e-01 5.141499999999999959e-01 2.312750000000000083e-01
4.728419999999999845e-01 5.863939999999999708e-01 2.992989999999999817e-01 4.285649999999999737e-01 4.958940000000000015e-01
3.292649999999999744e-01 7.738800000000000123e-01 2.270490000000000008e-01 9.149389999999999468e-01 1.879659999999999942e-01
7.115350000000000286e-01 6.376030000000000308e-01 3.710189999999999877e-01 1.545140000000000124e-01 6.576750000000000096e-01
3.439849999999999852e-01 5.234429999999999916e-01 6.114129999999999843e-01 2.388000000000000123e-01 6.105660000000000531e-01
6.503569999999999629e-01 5.160780000000000367e-01 4.090550000000000019e-01 9.750799999999999745e-02 8.375040000000000262e-01
6.320649999999999880e-01 5.303630000000000289e-01 7.518700000000000383e-02 2.441540000000000099e-01 8.424199999999999466e-01
5.773949999999999916e-01 3.765120000000000133e-01 7.478099999999999747e-01 5.084750000000000103e-01 3.932510000000000172e-01
8.064369999999999594e-01 1.533700000000000063e-01 6.475840000000000485e-01 2.789369999999999905e-01 8.298769999999999758e-01
8.565840000000000121e-01 3.579499999999999904e-01 1.548170000000000102e-01 5.075229999999999464e-01 4.617629999999999790e-01
7.385530000000000150e-01 3.177220000000000044e-01 8.729419999999999957e-01 7.685819999999999874e-01 1.225090000000000068e-01
5.848919999999999675e-01 2.682140000000000080e-01 4.871699999999999919e-01 7.625659999999999661e-01 1.861029999999999907e-01
1.933110000000000106e-01 6.517260000000000275e-01 8.605770000000000364e-01 5.421880000000000033e-01 8.752899999999999570e-02
2.916130000000000111e-01 8.617240000000000455e-01 7.542659999999999920e-01 9.057900000000000673e-02 5.191719999999999668e-01
1.044879999999999975e-01 5.485750000000000348e-01 5.358819999999999695e-01 4.113390000000000102e-01 6.972040000000000459e-01
6.245490000000000208e-01 6.994639999999999747e-01 5.483799999999999786e-01 8.365799999999999625e-02 3.929509999999999947e-01
6.798220000000000374e-01 8.067260000000000542e-01 7.717279999999999696e-01 2.816130000000000022e-01 1.499159999999999937e-01
9.155499999999999750e-01 1.221689999999999998e-01 7.592740000000000045e-01 2.445289999999999964e-01 2.090720000000000078e-01
5.874900000000000261e-02 6.520569999999999977e-01 5.458730000000000526e-01 5.623460000000000125e-01 8.128269999999999662e-01
3.615059999999999940e-01 2.137620000000000076e-01 5.338209999999999900e-01 4.523960000000000203e-01 7.937279999999999891e-01
3.631309999999999816e-01 6.942089999999999650e-01 6.486950000000000216e-01 2.572980000000000267e-01 3.790450000000000208e-01
6.865689999999999849e-01 2.915840000000000098e-01 6.787779999999999925e-01 9.267849999999999699e-01 2.678030000000000133e-01
3.514959999999999751e-01 5.448260000000000325e-01 4.052370000000000139e-01 5.635050000000000336e-01 3.400429999999999842e-01
3.212820000000000120e-01 4.032990000000000186e-01 4.850519999999999832e-01 7.604530000000000456e-01 4.248819999999999819e-01
7.638460000000000250e-01 5.721519999999999939e-01 2.034910000000000052e-01 4.062859999999999805e-01 6.398359999999999603e-01
7.633619999999999850e-01 3.383650000000000269e-01 5.860049999999999981e-01 3.178940000000000099e-01 3.755789999999999962e-01
7.279649999999999732e-01 6.016380000000000061e-01 5.588079999999999714e-01 4.915390000000000037e-01 3.130789999999999962e-01
4.700039999999999774e-01 7.698770000000000335e-01 6.545060000000000322e-01 5.033879999999999466e-01 2.261330000000000007e-01
6.216840000000000144e-01 9.456499999999999628e-02 9.192550000000000443e-01 2.600049999999999861e-01 5.243999999999999773e-01
4.758200000000000207e-01 5.723880000000000079e-01 1.395520000000000094e-01 7.480369999999999520e-01 6.384609999999999452e-01
6.104870000000000019e-01 2.723610000000000197e-01 7.342309999999999670e-01 5.897170000000000467e-01 1.995300000000000129e-01
5.395640000000000436e-01 4.960780000000000189e-01 4.360820000000000252e-01 7.281859999999999999e-01 4.972690000000000166e-01
3.388979999999999770e-01 7.007949999999999458e-01 4.158459999999999934e-01 6.337139999999999995e-01 4.230360000000000231e-01
5.530969999999999498e-01 5.397119999999999695e-01 9.045929999999999804e-01 5.316070000000000517e-01 1.822419999999999873e-01
5.640169999999999906e-01 6.335119999999999640e-01 5.970259999999999456e-01 2.701770000000000005e-01 4.954149999999999943e-01
6.722639999999999727e-01 4.427550000000000097e-01 4.034869999999999846e-01 1.508069999999999966e-01 7.633349999999999858e-01
1.805009999999999948e-01 4.663689999999999780e-01 8.067349999999999799e-01 1.618239999999999956e-01 7.763710000000000333e-01
3.999320000000000097e-01 2.389969999999999872e-01 7.360010000000000163e-01 5.298610000000000264e-01 6.435300000000000464e-01
2.713189999999999769e-01 6.962429999999999453e-01 3.810760000000000258e-01 7.914889999999999981e-01 1.923120000000000107e-01
5.741629999999999789e-01 8.811529999999999641e-01 2.078250000000000097e-01 7.045350000000000223e-01 1.660770000000000024e-01
4.320599999999999996e-01 2.510700000000000154e-01 7.583170000000000188e-01 6.186009999999999565e-01 5.680849999999999511e-01
6.427300000000000235e-01 2.983169999999999988e-01 3.716929999999999956e-01 4.276570000000000094e-01 3.611449999999999938e-01
3.742590000000000083e-01 2.528139999999999832e-01 4.452539999999999831e-01 8.652840000000000531e-01 6.683149999999999924e-01
7.687070000000000292e-01 3.685289999999999955e-01 3.086400000000000254e-01 5.409070000000000267e-01 4.616540000000000088e-01
5.037620000000000431e-01 6.794179999999999664e-01 7.030680000000000263e-01 3.049080000000000124e-01 2.232629999999999892e-01
1.696439999999999892e-01 8.468219999999999636e-01 1.135769999999999974e-01 5.315140000000000420e-01 6.048970000000000180e-01
6.684189999999999854e-01 3.747429999999999928e-01 4.991470000000000073e-01 4.111279999999999935e-01 3.564959999999999796e-01
8.119509999999999783e-01 2.397920000000000051e-01 4.359210000000000029e-01 5.072879999999999612e-01 1.521820000000000117e-01
5.316180000000000350e-01 5.418330000000000091e-01 4.865940000000000265e-01 5.996540000000000203e-01 2.582760000000000056e-01
5.016209999999999836e-01 7.213580000000000547e-01 6.099869999999999459e-01 6.275279999999999747e-01 2.689730000000000176e-01
4.361659999999999981e-01 7.780540000000000234e-01 3.675180000000000113e-01 4.034949999999999926e-01 6.122870000000000257e-01
7.521039999999999948e-01 2.315850000000000131e-01 4.224609999999999754e-01 9.075680000000000414e-01 1.162480000000000041e-01
3.857880000000000198e-01 4.352730000000000210e-01 6.743390000000000217e-01 4.065790000000000237e-01 6.721350000000000380e-01
9.634139999999999926e-01 2.312140000000000029e-01 5.814439999999999609e-01 4.011529999999999818e-01 3.955580000000000207e-01
4.869729999999999892e-01 8.427149999999999919e-01 1.513929999999999998e-01 5.091989999999999572e-01 6.727520000000000167e-01
4.536629999999999829e-01 3.731639999999999957e-01 2.661339999999999817e-01 7.050800000000000400e-01 9.415320000000000356e-01
5.260800000000000198e-02 7.267869999999999608e-01 8.116419999999999746e-01 2.807769999999999988e-01 5.059890000000000221e-01
4.192859999999999920e-01 5.880750000000000144e-01 2.107279999999999986e-01 4.547930000000000028e-01 8.352420000000000400e-01
4.695280000000000009e-01 4.395830000000000015e-01 7.438500000000000112e-01 1.057249999999999995e-01 5.835240000000000427e-01
7.897899999999999920e-01 4.498249999999999749e-01 5.819079999999999808e-01 2.198630000000000029e-01 2.513549999999999951e-01
5.039759999999999796e-01 6.405359999999999943e-01 6.416199999999999681e-02 5.795559999999999601e-01 4.367679999999999896e-01
7.218379999999999797e-01 3.902619999999999978e-01 4.096360000000000001e-01 4.724099999999999827e-02 8.001599999999999824e-01
3.608950000000000213e-01 3.942579999999999973e-01 5.827379999999999782e-01 2.853660000000000085e-01 8.303439999999999710e-01
6.346739999999999604e-01 1.969279999999999919e-01 7.731799999999999784e-01 4.272989999999999844e-01 5.688769999999999660e-01
8.066290000000000404e-01 2.007150000000000045e-01 6.950190000000000534e-01 4.725949999999999873e-01 5.735529999999999795e-01
8.829879999999999951e-01 3.513979999999999881e-01 6.415800000000000392e-01 1.843509999999999871e-01 4.030980000000000119e-01
3.305930000000000257e-01 8.623549999999999827e-01 7.649369999999999781e-01 5.205089999999999995e-01 2.313500000000000001e-01
9.419110000000000538e-01 4.974509999999999765e-01 1.891299999999999926e-01 7.563520000000000243e-01 2.347940000000000027e-01
6.870309999999999473e-01 3.653310000000000168e-01 3.198489999999999944e-01 6.695489999999999498e-01 4.125900000000000123e-01
4.807640000000000247e-01 8.664809999999999457e-01 2.253120000000000123e-01 6.289190000000000058e-01 3.495329999999999826e-01
6.590580000000000327e-01 1.968540000000000012e-01 7.483269999999999644e-01 8.664659999999999584e-01 1.128569999999999990e-01
6.119310000000000027e-01 4.475270000000000081e-01 6.310510000000000286e-01 6.303400000000000114e-01 4.224319999999999742e-01
1.729880000000000029e-01 2.876759999999999873e-01 7.145049999999999457e-01 8.885159999999999725e-01 2.396600000000000119e-01
5.871499999999999497e-01 3.285460000000000047e-01 5.709250000000000158e-01 4.805349999999999899e-01 4.863199999999999745e-01
3.647110000000000074e-01 2.922529999999999850e-01 2.098009999999999875e-01 8.572849999999999637e-01 6.068559999999999510e-01
1.387799999999999867e-01 8.969479999999999675e-01 2.226319999999999966e-01 8.697759999999999936e-01 5.449619999999999465e-01
4.287300000000000139e-02 4.088840000000000252e-01 5.465769999999999795e-01 6.023720000000000185e-01 8.951430000000000220e-01
6.438779999999999504e-01 6.682320000000000482e-01 2.677249999999999908e-01 2.211009999999999920e-01 3.785970000000000169e-01
3.896859999999999769e-01 7.097590000000000288e-01 1.707110000000000016e-01 7.885459999999999692e-01 6.367930000000000534e-01
8.583420000000000494e-01 3.808509999999999951e-01 3.405610000000000026e-01 2.279039999999999955e-01 7.428639999999999688e-01
5.101200000000000179e-01 7.664649999999999519e-01 2.282770000000000077e-01 5.263900000000000245e-01 8.125639999999999530e-01
8.038410000000000277e-01 4.425199999999999967e-02 6.783550000000000413e-01 8.301849999999999508e-01 3.887300000000000200e-01
7.648749999999999716e-01 6.615659999999999874e-01 1.407160000000000077e-01 6.744850000000000012e-01 4.714019999999999877e-01
6.288059999999999761e-01 8.001399999999999624e-01 3.719790000000000041e-01 3.779759999999999787e-01 1.593209999999999904e-01
6.504560000000000342e-01 5.732369999999999965e-01 9.259000000000000563e-02 6.427659999999999485e-01 2.555290000000000061e-01
2.528900000000000037e-01 3.223489999999999966e-01 7.601729999999999876e-01 3.050809999999999911e-01 6.474600000000000355e-01
8.392519999999999980e-01 6.730439999999999756e-01 5.304860000000000131e-01 6.872799999999999743e-02 3.309090000000000087e-01
6.732669999999999488e-01 5.956900000000000528e-01 4.394100000000000228e-01 5.559669999999999890e-01 5.275959999999999539e-01
4.797919999999999963e-01 6.863320000000000531e-01 1.677649999999999975e-01 7.209109999999999685e-01 2.046630000000000116e-01
5.235779999999999879e-01 4.429980000000000029e-01 6.929640000000000244e-01 5.675869999999999527e-01 5.842380000000000351e-01
8.715589999999999726e-01 6.127200000000000008e-02 7.450489999999999613e-01 1.743850000000000122e-01 5.678870000000000307e-01
2.640060000000000184e-01 3.968459999999999765e-01 6.228740000000000387e-01 2.795139999999999847e-01 6.726339999999999542e-01
5.678260000000000529e-01 4.151020000000000265e-01 2.557590000000000141e-01 6.300360000000000404e-01 8.070450000000000124e-01
3.094589999999999841e-01 7.392790000000000195e-01 5.859889999999999821e-01 7.317379999999999995e-01 7.987500000000000155e-02
3.382560000000000011e-01 4.043430000000000080e-01 2.656979999999999897e-01 4.574239999999999973e-01 8.416040000000000187e-01
6.215209999999999901e-01 7.704490000000000505e-01 3.250919999999999921e-01 2.447399999999999923e-02 5.922209999999999974e-01
7.735670000000000046e-01 1.202369999999999967e-01 6.589479999999999782e-01 3.518100000000000116e-01 7.598979999999999624e-01
6.280670000000000419e-01 4.605310000000000237e-01 2.010309999999999875e-01 3.018379999999999952e-01 9.653800000000000159e-01
7.600099999999999911e-02 3.442830000000000057e-01 5.467039999999999678e-01 4.293489999999999807e-01 8.123249999999999638e-01
3.517879999999999896e-01 7.748230000000000395e-01 8.423439999999999817e-01 1.441979999999999928e-01 4.010429999999999828e-01
2.803189999999999849e-01 3.399469999999999992e-01 9.135649999999999604e-01 2.968020000000000103e-01 3.309270000000000267e-01
1.627180000000000015e-01 2.421590000000000131e-01 5.107810000000000406e-01 8.335150000000000059e-01 7.449759999999999716e-01
4.025170000000000137e-01 4.126170000000000115e-01 1.274139999999999995e-01 5.354860000000000175e-01 7.995299999999999629e-01
9.450910000000000144e-01 2.429010000000000058e-01 4.633900000000000241e-01 3.112240000000000006e-01 5.902770000000000516e-01
2.483960000000000057e-01 7.878640000000000088e-01 3.697810000000000263e-01 8.584150000000000391e-01 7.763799999999999868e-02
8.407310000000000061e-01 3.360620000000000274e-01 3.947169999999999845e-01 4.035799999999999943e-01 3.676150000000000251e-01
4.137509999999999799e-01 4.140280000000000071e-01 8.787439999999999696e-01 2.276440000000000130e-01 3.093810000000000171e-01
4.525799999999999823e-01 4.802029999999999910e-01 8.421229999999999549e-01 4.708829999999999960e-01 4.156119999999999814e-01
4.439359999999999973e-01 8.983860000000000179e-01 4.978429999999999800e-01 6.779690000000000438e-01 2.330289999999999861e-01
6.807980000000000143e-01 6.088419999999999943e-01 3.673779999999999824e-01 7.310130000000000239e-01 3.926729999999999943e-01
1.068080000000000002e-01 5.086760000000000170e-01 7.483600000000000252e-01 5.040470000000000228e-01 6.422290000000000498e-01
5.402909999999999657e-01 2.699750000000000205e-01 7.921939999999999538e-01 5.258249999999999869e-01 3.314159999999999884e-01
5.322839999999999794e-01 7.727969999999999562e-01 1.408919999999999895e-01 2.869959999999999734e-01 6.969220000000000415e-01
5.943659999999999499e-01 3.815419999999999923e-01 7.989239999999999675e-01 6.203899999999999970e-01 4.941000000000000253e-02
6.444250000000000256e-01 1.842320000000000069e-01 3.076809999999999823e-01 9.162379999999999969e-01 4.038450000000000095e-01
5.051229999999999887e-01 1.340760000000000007e-01 7.988309999999999578e-01 3.133949999999999791e-01 6.949379999999999447e-01
2.826640000000000263e-01 4.333830000000000182e-01 3.023350000000000204e-01 8.242420000000000302e-01 7.544180000000000330e-01
1.424030000000000018e-01 7.753060000000000507e-01 3.550220000000000042e-01 5.995869999999999811e-01 3.230939999999999923e-01
5.521570000000000089e-01 3.702389999999999848e-01 8.531929999999999792e-01 5.147129999999999761e-01 3.239219999999999877e-01
4.102160000000000251e-01 6.681009999999999449e-01 9.295740000000000114e-01 5.475700000000000012e-01 2.791069999999999940e-01
1.583769999999999900e-01 8.012479999999999603e-01 8.725260000000000238e-01 1.145990000000000064e-01 5.422900000000000498e-01
7.614520000000000177e-01 5.532399999999999818e-02 5.374459999999999793e-01 3.550730000000000275e-01 9.490079999999999627e-01
8.182840000000000114e-01 3.223559999999999759e-01 3.412120000000000153e-01 3.208980000000000166e-01 7.962339999999999973e-01
7.363359999999999905e-01 2.513389999999999791e-01 8.326609999999999845e-01 2.405930000000000013e-01 7.054249999999999687e-01
9.544810000000000239e-01 3.027099999999999791e-01 1.604790000000000105e-01 6.487469999999999626e-01 5.027589999999999559e-01
2.933549999999999769e-01 9.772300000000000431e-01 3.592910000000000270e-01 5.997599999999999598e-01 2.543239999999999945e-01
5.557440000000000158e-01 5.992990000000000261e-01 6.892500000000000016e-02 8.054860000000000353e-01 6.600709999999999633e-01
6.703369999999999607e-01 5.776900000000000368e-01 2.530029999999999779e-01 8.082740000000000480e-01 6.313699999999999868e-02
7.460670000000000357e-01 8.436749999999999527e-01 1.958320000000000061e-01 6.330099999999999616e-01 2.083160000000000012e-01
6.548659999999999481e-01 3.377379999999999827e-01 3.417720000000000202e-01 4.684010000000000118e-01 8.475399999999999601e-01
2.481679999999999997e-01 8.400750000000000162e-01 3.483260000000000245e-01 2.852230000000000043e-01 8.599139999999999562e-01
5.387319999999999887e-01 2.474089999999999900e-01 3.782889999999999864e-01 8.321020000000000083e-01 3.087599999999999789e-01
