5
96
5.419620000000000548e-01 4.554110000000000102e-01 5.288329999999999975e-01 5.790239999999999831e-01 4.248759999999999759e-01
4.702640000000000153e-01 6.205829999999999957e-01 4.323890000000000233e-01 3.850839999999999819e-01 6.668650000000000411e-01
5.120029999999999859e-01 5.571530000000000094e-01 4.251360000000000139e-01 5.451240000000000530e-01 5.858689999999999731e-01
4.491589999999999749e-01 6.700920000000000210e-01 2.774440000000000239e-01 5.874409999999999910e-01 4.879780000000000229e-01
5.288049999999999695e-01 5.402150000000000007e-01 3.061490000000000045e-01 6.925820000000000309e-01 4.879530000000000256e-01
3.992499999999999938e-01 5.920809999999999684e-01 3.699580000000000091e-01 5.494599999999999485e-01 5.841690000000000493e-01
4.389190000000000036e-01 5.802720000000000100e-01 3.816459999999999853e-01 6.968990000000000462e-01 3.797170000000000267e-01
4.606979999999999964e-01 5.060299999999999798e-01 4.670429999999999859e-01 6.038919999999999844e-01 5.980119999999999880e-01
5.857839999999999714e-01 4.219470000000000165e-01 4.466410000000000102e-01 5.113269999999999760e-01 4.525299999999999878e-01
6.046059999999999768e-01 5.598400000000000043e-01 4.200360000000000205e-01 5.889330000000000398e-01 3.716570000000000151e-01
5.393839999999999746e-01 6.055989999999999984e-01 4.275149999999999784e-01 3.554919999999999747e-01 5.869619999999999838e-01
4.943080000000000251e-01 4.817790000000000128e-01 5.086110000000000353e-01 4.435459999999999958e-01 5.664400000000000546e-01
5.238500000000000378e-01 4.001529999999999809e-01 6.203450000000000353e-01 4.779760000000000120e-01 3.684430000000000205e-01
4.516950000000000132e-01 4.084090000000000220e-01 5.881509999999999794e-01 4.666339999999999932e-01 6.039630000000000276e-01
4.331430000000000002e-01 4.437630000000000186e-01 5.666099999999999470e-01 3.346219999999999750e-01 6.432120000000000060e-01
5.923150000000000359e-01 3.586579999999999768e-01 4.695199999999999929e-01 4.498940000000000161e-01 5.557499999999999662e-01
4.404609999999999914e-01 5.123670000000000169e-01 4.202910000000000257e-01 5.975179999999999936e-01 4.582600000000000007e-01
4.438389999999999835e-01 4.964219999999999744e-01 5.001280000000000170e-01 5.430890000000000439e-01 5.471219999999999972e-01
4.778609999999999802e-01 4.860619999999999941e-01 3.392990000000000173e-01 5.803199999999999470e-01 5.882880000000000331e-01
4.952469999999999928e-01 4.661310000000000175e-01 6.868009999999999948e-01 4.010949999999999793e-01 4.647390000000000132e-01
5.265670000000000073e-01 5.714200000000000390e-01 4.796130000000000115e-01 4.770699999999999941e-01 5.146410000000000151e-01
5.927569999999999784e-01 4.925990000000000091e-01 5.413660000000000139e-01 5.377979999999999983e-01 4.219660000000000077e-01
4.300640000000000018e-01 4.591470000000000273e-01 4.993909999999999738e-01 4.642649999999999832e-01 4.604750000000000232e-01
6.879389999999999672e-01 4.587999999999999856e-01 3.633739999999999748e-01 5.883289999999999909e-01 4.107850000000000112e-01
4.711259999999999892e-01 4.234990000000000143e-01 3.951160000000000228e-01 6.516189999999999483e-01 4.987619999999999831e-01
4.319609999999999839e-01 5.612329999999999819e-01 4.341749999999999776e-01 6.542320000000000357e-01 4.168660000000000143e-01
6.130079999999999973e-01 4.757000000000000117e-01 4.072169999999999956e-01 6.457680000000000087e-01 4.458340000000000081e-01
5.190599999999999659e-01 6.347679999999999989e-01 4.097540000000000071e-01 6.219970000000000221e-01 4.500660000000000216e-01
5.589070000000000427e-01 4.328359999999999985e-01 5.125410000000000244e-01 6.604729999999999768e-01 4.770429999999999948e-01
5.895909999999999762e-01 4.696910000000000251e-01 4.798999999999999932e-01 6.769899999999999807e-01 2.929459999999999842e-01
6.092739999999999823e-01 5.139869999999999717e-01 3.127210000000000267e-01 4.936789999999999790e-01 5.381329999999999725e-01
4.825229999999999797e-01 3.814429999999999765e-01 5.829999999999999627e-01 3.898150000000000226e-01 6.700129999999999697e-01
5.595449999999999591e-01 3.738040000000000251e-01 4.516299999999999759e-01 4.549949999999999828e-01 5.142719999999999514e-01
4.934950000000000170e-01 6.039579999999999949e-01 3.214359999999999995e-01 4.733539999999999970e-01 5.458809999999999496e-01
4.856489999999999974e-01 5.112940000000000262e-01 5.086469999999999603e-01 4.546299999999999786e-01 4.543019999999999836e-01
5.303390000000000049e-01 6.598309999999999453e-01 3.410509999999999931e-01 4.661190000000000055e-01 5.390490000000000004e-01
6.178519999999999568e-01 5.612719999999999931e-01 5.586640000000000494e-01 5.052200000000000024e-01 3.245390000000000219e-01
4.915200000000000125e-01 4.682060000000000111e-01 5.073980000000000157e-01 4.361729999999999774e-01 4.494799999999999907e-01
5.723270000000000302e-01 5.075439999999999952e-01 3.778679999999999817e-01 4.855419999999999736e-01 4.838509999999999756e-01
4.211320000000000063e-01 5.711429999999999563e-01 2.962569999999999926e-01 5.110890000000000155e-01 6.158050000000000468e-01
5.918959999999999777e-01 6.327819999999999556e-01 3.558760000000000256e-01 6.207150000000000167e-01 2.956340000000000079e-01
4.172850000000000170e-01 6.434330000000000327e-01 3.185470000000000246e-01 5.396570000000000533e-01 5.421300000000000008e-01
4.229959999999999831e-01 5.677280000000000104e-01 4.583920000000000217e-01 4.240579999999999905e-01 6.020100000000000451e-01
5.506400000000000183e-01 2.991650000000000142e-01 5.556910000000000460e-01 4.683479999999999865e-01 5.647999999999999687e-01
5.810130000000000017e-01 4.194459999999999855e-01 5.932150000000000478e-01 4.949489999999999723e-01 4.286880000000000135e-01
4.937770000000000215e-01 4.086589999999999945e-01 5.845979999999999510e-01 4.260189999999999810e-01 4.872489999999999877e-01
3.971930000000000183e-01 6.106160000000000476e-01 4.608670000000000266e-01 4.842910000000000270e-01 5.746750000000000469e-01
4.593690000000000273e-01 4.904379999999999851e-01 5.974730000000000318e-01 6.257190000000000252e-01 4.284430000000000183e-01
4.425129999999999897e-01 4.764369999999999994e-01 4.162770000000000081e-01 7.401640000000000441e-01 4.260439999999999783e-01
4.473400000000000154e-01 4.758220000000000227e-01 3.634999999999999898e-01 5.913680000000000048e-01 5.228300000000000169e-01
4.381639999999999979e-01 5.888029999999999653e-01 4.294780000000000264e-01 3.848230000000000262e-01 6.921380000000000310e-01
5.706339999999999746e-01 3.285520000000000107e-01 4.281869999999999843e-01 5.402479999999999505e-01 5.507149999999999546e-01
6.141290000000000360e-01 4.908250000000000113e-01 3.108670000000000044e-01 5.449129999999999807e-01 4.668669999999999765e-01
5.105549999999999811e-01 6.583740000000000148e-01 5.781429999999999625e-01 3.397600000000000064e-01 4.795929999999999915e-01
4.617069999999999785e-01 3.937899999999999734e-01 4.442470000000000030e-01 5.691810000000000480e-01 4.376390000000000002e-01
5.438490000000000268e-01 6.753569999999999851e-01 3.528850000000000042e-01 4.351200000000000068e-01 5.088920000000000110e-01
6.308570000000000011e-01 6.385110000000000507e-01 4.978560000000000207e-01 4.127230000000000065e-01 4.177109999999999990e-01
6.261759999999999549e-01 4.604269999999999752e-01 5.802910000000000013e-01 4.189559999999999951e-01 4.499690000000000079e-01
5.850539999999999630e-01 3.025880000000000236e-01 5.194490000000000496e-01 5.360740000000000505e-01 5.800950000000000273e-01
3.558700000000000196e-01 5.213090000000000224e-01 5.059500000000000108e-01 5.571329999999999893e-01 4.682319999999999816e-01
5.526609999999999578e-01 6.391959999999999864e-01 3.191269999999999940e-01 5.800250000000000128e-01 3.609769999999999923e-01
5.861450000000000271e-01 5.283060000000000533e-01 3.552460000000000062e-01 5.981560000000000210e-01 4.493369999999999864e-01
4.907489999999999908e-01 3.841229999999999922e-01 5.891929999999999668e-01 4.028309999999999946e-01 5.894850000000000367e-01
7.026750000000000496e-01 4.181849999999999734e-01 4.916030000000000122e-01 5.607919999999999572e-01 2.826940000000000008e-01
6.951530000000000209e-01 4.898600000000000176e-01 5.007570000000000077e-01 3.748099999999999765e-01 5.150820000000000398e-01
5.937839999999999785e-01 5.191750000000000531e-01 4.446700000000000097e-01 5.744749999999999579e-01 3.692329999999999779e-01
4.330120000000000080e-01 6.125909999999999966e-01 5.769140000000000379e-01 3.605189999999999784e-01 4.300619999999999998e-01
4.680130000000000123e-01 6.612219999999999764e-01 4.210619999999999918e-01 4.330189999999999872e-01 5.554780000000000273e-01
6.253199999999999870e-01 4.658070000000000266e-01 4.356530000000000125e-01 4.772359999999999935e-01 4.094690000000000274e-01
5.329709999999999726e-01 5.411540000000000239e-01 4.847699999999999787e-01 4.513710000000000222e-01 5.012529999999999486e-01
4.684159999999999990e-01 4.410029999999999784e-01 6.427479999999999860e-01 4.412860000000000116e-01 6.138439999999999452e-01
4.257480000000000153e-01 5.108829999999999760e-01 4.687230000000000008e-01 6.652740000000000320e-01 3.303619999999999890e-01
4.639960000000000195e-01 6.653869999999999507e-01 4.119329999999999936e-01 4.649659999999999904e-01 4.984870000000000134e-01
3.673730000000000051e-01 6.509669999999999623e-01 4.939180000000000237e-01 4.988759999999999861e-01 4.140090000000000159e-01
5.320540000000000269e-01 6.006430000000000380e-01 5.244590000000000085e-01 3.987899999999999778e-01 3.762249999999999761e-01
4.888149999999999995e-01 5.509070000000000356e-01 3.090849999999999986e-01 6.015989999999999949e-01 4.028849999999999931e-01
4.832810000000000161e-01 3.494999999999999774e-01 6.445520000000000138e-01 6.104079999999999506e-01 4.107299999999999840e-01
5.428079999999999572e-01 4.973839999999999928e-01 5.488349999999999618e-01 3.244150000000000089e-01 5.410409999999999942e-01
3.696309999999999873e-01 5.839879999999999516e-01 4.308560000000000167e-01 5.874350000000000405e-01 4.033700000000000063e-01
4.825729999999999742e-01 4.699869999999999881e-01 5.218110000000000248e-01 5.310960000000000125e-01 4.802310000000000190e-01
3.445860000000000034e-01 4.674599999999999866e-01 4.911159999999999970e-01 5.711650000000000338e-01 6.287719999999999976e-01
4.215229999999999810e-01 4.631689999999999974e-01 6.242039999999999811e-01 4.892670000000000075e-01 5.259479999999999711e-01
5.109620000000000273e-01 5.827599999999999447e-01 4.472439999999999749e-01 4.942039999999999766e-01 3.951009999999999800e-01
3.729620000000000157e-01 5.008529999999999927e-01 3.677429999999999866e-01 6.440190000000000081e-01 4.826070000000000082e-01
4.637490000000000223e-01 5.514259999999999717e-01 6.290390000000000148e-01 4.385410000000000141e-01 3.937780000000000169e-01
3.663629999999999942e-01 4.815389999999999948e-01 6.242689999999999628e-01 5.145309999999999606e-01 4.632260000000000266e-01
6.156779999999999475e-01 4.817540000000000155e-01 6.743179999999999730e-01 4.239310000000000023e-01 3.335850000000000204e-01
6.503980000000000317e-01 5.229470000000000507e-01 4.376220000000000110e-01 3.824319999999999942e-01 5.031160000000000077e-01
4.341530000000000111e-01 4.281869999999999843e-01 4.470029999999999837e-01 4.690059999999999785e-01 5.674900000000000500e-01
4.377860000000000085e-01 4.690570000000000017e-01 5.471690000000000165e-01 5.171449999999999658e-01 4.175969999999999960e-01
4.801819999999999977e-01 5.143269999999999786e-01 5.539819999999999744e-01 6.681749999999999634e-01 3.863369999999999860e-01
3.091780000000000084e-01 6.021579999999999711e-01 4.510660000000000225e-01 5.030320000000000347e-01 5.604999999999999982e-01
4.647680000000000144e-01 5.393780000000000241e-01 6.331170000000000408e-01 5.427520000000000122e-01 3.642969999999999819e-01
6.314100000000000268e-01 5.648100000000000342e-01 2.829039999999999888e-01 5.983249999999999957e-01 4.012649999999999828e-01
5.241059999999999608e-01 6.075450000000000017e-01 3.869319999999999982e-01 5.496079999999999854e-01 4.057910000000000128e-01
4.651000000000000134e-01 5.034419999999999451e-01 5.387579999999999592e-01 5.920530000000000515e-01 3.015570000000000195e-01
