5
101
0.62588 0.507483 0.282848 0.646344 0.342414 
0.596622 0.338427 0.489457 0.3548 0.498592 
0.376186 0.505911 0.542512 0.322676 0.750162 
0.6190330000000001 0.430318 0.311973 0.466151 0.495254 
0.2192 0.581109 0.572249 0.57142 0.538012 
0.464906 0.521285 0.685311 0.51153 0.295343 
0.520685 0.556032 0.251359 0.670207 0.517693 
0.42612 0.629047 0.309871 0.497163 0.66245 
0.512294 0.29441 0.531853 0.56637 0.408775 
0.525047 0.595306 0.696166 0.406276 0.331364 
0.596795 0.561859 0.369668 0.283831 0.652042 
0.564527 0.472073 0.448547 0.609697 0.544995 
0.619406 0.401034 0.648524 0.261598 0.570065 
0.398525 0.622408 0.390253 0.741488 0.407848 
0.681288 0.393572 0.521882 0.362653 0.611913 
0.454892 0.477567 0.520613 0.33001 0.495462 
0.372907 0.607062 0.381477 0.551045 0.441354 
0.370258 0.620967 0.501203 0.663792 0.322898 
0.660487 0.470776 0.32223 0.401921 0.586562 
0.538422 0.344002 0.370244 0.594607 0.681697 
0.416246 0.464105 0.377618 0.644946 0.682046 
0.35595 0.498045 0.336477 0.641454 0.602434 
0.611629 0.290795 0.7342030000000001 0.532107 0.44873 
0.336983 0.458187 0.606482 0.335853 0.676937 
0.496419 0.407281 0.729651 0.412029 0.426966 
0.469203 0.41044 0.321521 0.644178 0.62456 
0.610507 0.476718 0.477798 0.688613 0.25648 
0.337593 0.463305 0.440877 0.578098 0.560684 
0.5326149999999999 0.432955 0.64251 0.252776 0.470609 
0.617888 0.429127 0.468565 0.401612 0.7220490000000001 
0.312778 0.688168 0.603182 0.425793 0.526242 
0.6655759999999999 0.295138 0.683746 0.353545 0.469014 
0.616262 0.456525 0.259728 0.525246 0.5399119999999999 
0.419142 0.546836 0.657792 0.570069 0.452643 
0.5911999999999999 0.24012 0.689999 0.470058 0.536308 
0.37444 0.616773 0.474034 0.374671 0.681873 
0.588726 0.257068 0.643273 0.641927 0.433929 
0.433485 0.553364 0.456123 0.717995 0.487801 
0.74609 0.404675 0.55632 0.276028 0.459361 
0.627617 0.296487 0.363689 0.568571 0.46722 
0.325432 0.64294 0.309679 0.514413 0.682927 
0.625295 0.298079 0.705821 0.609318 0.325121 
0.583408 0.435058 0.635592 0.614075 0.277464 
0.318315 0.433142 0.621816 0.651787 0.430808 
0.484835 0.276207 0.557736 0.43794 0.665859 
0.699001 0.354689 0.566539 0.23998 0.532871 
0.672616 0.585026 0.45156 0.246078 0.499795 
0.570251 0.6075199999999999 0.218378 0.568491 0.476629 
0.354186 0.456048 0.593133 0.643433 0.551257 
0.650768 0.552406 0.381292 0.542269 0.41088 
0.673369 0.559381 0.516123 0.483152 0.39214 
0.621547 0.217876 0.63144 0.48599 0.549637 
0.327576 0.389929 0.596984 0.571248 0.566346 
0.588625 0.290584 0.508251 0.5639110000000001 0.655095 
0.35024 0.683847 0.379223 0.710604 0.489739 
0.47997 0.615899 0.5632200000000001 0.546061 0.469843 
0.289767 0.465489 0.719935 0.461742 0.570213 
0.5144879999999999 0.532898 0.649497 0.530861 0.470946 
0.578915 0.372218 0.343074 0.641929 0.46172 
0.410403 0.333094 0.729065 0.527325 0.501136 
0.569675 0.605509 0.584995 0.552762 0.252496 
0.598422 0.334097 0.306003 0.627931 0.59967 
0.704602 0.326366 0.402611 0.6328780000000001 0.320327 
0.46297 0.567404 0.304771 0.652458 0.575109 
0.472164 0.732171 0.506208 0.409729 0.510331 
0.483407 0.422302 0.577568 0.531613 0.333571 
0.511225 0.593964 0.390684 0.657978 0.318498 
0.429112 0.327163 0.662187 0.696305 0.458615 
0.710135 0.485097 0.562151 0.396822 0.456106 
0.500962 0.336262 0.5341360000000001 0.352188 0.656829 
0.533928 0.428413 0.5820920000000001 0.406171 0.327222 
0.45812 0.5351669999999999 0.70051 0.236986 0.530589 
0.515509 0.536351 0.263002 0.488623 0.5183219999999999 
0.555659 0.619717 0.473474 0.229942 0.614769 
0.610206 0.26067 0.694487 0.53411 0.396188 
0.405077 0.520138 0.296796 0.465652 0.6422060000000001 
0.537884 0.495988 0.315809 0.7427240000000001 0.353246 
0.532385 0.705605 0.454364 0.444435 0.531315 
0.27186 0.566171 0.410919 0.54653 0.647829 
0.542785 0.468939 0.658914 0.371276 0.324122 
0.505682 0.642091 0.404213 0.612003 0.342735 
0.452967 0.647544 0.343925 0.431773 0.555187 
0.5222020000000001 0.29394 0.516346 0.637653 0.515136 
0.621715 0.598253 0.517075 0.6001919999999999 0.246964 
0.602341 0.588353 0.471231 0.630023 0.388746 
0.4779 0.279554 0.611132 0.542052 0.496044 
0.358634 0.475601 0.705915 0.403158 0.613985 
0.506371 0.310195 0.56985 0.455531 0.510435 
0.603321 0.602459 0.515395 0.590374 0.371558 
0.683498 0.318337 0.45793 0.6298550000000001 0.346993 
0.346423 0.503379 0.590636 0.743949 0.456566 
0.629484 0.611109 0.287398 0.441573 0.458477 
0.612795 0.398152 0.394688 0.6600240000000001 0.53773 
0.45305 0.432728 0.618406 0.370357 0.462897 
0.525343 0.41353 0.750097 0.317867 0.63446 
0.5618880000000001 0.586584 0.560535 0.655396 0.229503 
0.556915 0.461379 0.702102 0.244178 0.579568 
0.6158940000000001 0.306583 0.610781 0.30705 0.608892 
0.609208 0.555084 0.331942 0.423114 0.694264 
0.5874239999999999 0.389582 0.355521 0.648631 0.608219 
0.364929 0.43779 0.723337 0.472856 0.417726 
