5
514
0.336358 0.381618 0.266971 0.501552 0.8076719999999999 
0.594754 0.452906 0.514331 0.8694190000000001 0.181891 
0.125733 0.406526 0.459901 0.53632 0.814782 
0.662673 0.739262 0.533627 0.249051 0.215929 
0.431412 0.328427 0.8687279999999999 0.242717 0.497385 
0.838323 0.387924 0.621167 0.654816 0.147044 
0.69819 0.101685 0.659442 0.313469 0.502597 
0.499074 0.688126 0.63828 0.557067 0.116523 
0.472643 0.645487 0.358807 0.189244 0.5987980000000001 
0.39976 0.342717 0.6240250000000001 0.550762 0.262353 
0.555084 0.276257 0.637168 0.7860239999999999 0.568266 
0.167868 0.545674 0.414686 0.324045 0.730817 
0.17363 0.570085 0.313158 0.830935 0.544438 
0.589948 0.31537 0.699783 0.158245 0.799503 
0.421044 0.768984 0.226147 0.248113 0.64639 
0.657998 0.065995 0.601221 0.516489 0.69077 
0.457929 0.555323 0.41453 0.915979 0.236192 
0.593672 0.82883 0.404434 0.632076 0.160766 
0.603234 0.739511 0.266737 0.698569 0.114318 
0.623327 0.5411 0.6978529999999999 0.581584 0.418309 
0.156493 0.8557360000000001 0.516858 0.285004 0.57969 
0.092145 0.72483 0.656644 0.406739 0.710576 
0.385956 0.556322 0.1838 0.908548 0.33364 
0.353887 0.362186 0.8304009999999999 0.543551 0.665884 
0.729443 0.188706 0.494059 0.271201 0.700153 
0.296475 0.522486 0.7787849999999999 0.288037 0.827528 
0.515659 0.578866 0.087785 0.6324689999999999 0.5824510000000001 
0.188019 0.722195 0.256636 0.837144 0.398745 
0.323189 0.718677 0.278453 0.687678 0.71699 
0.697003 0.6323530000000001 0.404955 0.141192 0.67662 
0.378394 0.433354 0.540552 0.333325 0.383599 
0.198265 0.244735 0.64538 0.755867 0.578931 
0.103525 0.457883 0.680808 0.711449 0.48114 
0.13048 0.6351059999999999 0.413184 0.676247 0.434518 
0.600238 0.534188 0.8752490000000001 0.32609 0.380994 
0.519803 0.179852 0.434552 0.798717 0.419454 
0.815885 0.333083 0.283521 0.855882 0.233704 
0.842737 0.282339 0.694674 0.523023 0.337544 
0.478649 0.35894 0.234501 0.420637 0.735247 
0.85636 0.401624 0.7687 0.263774 0.458721 
0.737788 0.181154 0.275416 0.6315190000000001 0.711591 
0.5543940000000001 0.570861 0.383627 0.496922 0.183225 
0.554055 0.841788 0.215623 0.556311 0.358944 
0.479069 0.5276729999999999 0.309927 0.924672 0.332708 
0.439148 0.173172 0.88541 0.457576 0.497168 
0.708472 0.202473 0.630627 0.595398 0.626849 
0.677598 0.07214 0.723209 0.527444 0.506281 
0.705755 0.391464 0.115416 0.7614069999999999 0.5274759999999999 
0.260287 0.806686 0.579739 0.167309 0.71968 
0.218551 0.88208 0.364786 0.45265 0.76198 
0.7951859999999999 0.560685 0.551868 0.493537 0.4203 
0.23371 0.790981 0.295714 0.729185 0.5957 
0.765537 0.225419 0.775429 0.658521 0.269362 
0.600147 0.241187 0.256689 0.749804 0.5247889999999999 
0.381333 0.320529 0.301178 0.806638 0.6212029999999999 
0.305145 0.517056 0.373256 0.501292 0.413037 
0.707387 0.205455 0.908365 0.194716 0.456977 
0.329239 0.458781 0.805791 0.664606 0.210816 
0.842574 0.56675 0.1469 0.372807 0.591476 
0.686658 0.653532 0.488097 0.643783 0.08105900000000001 
0.472332 0.859734 0.42333 0.28642 0.348208 
0.91062 0.320898 0.54869 0.56762 0.178996 
0.295976 0.381703 0.6942160000000001 0.871228 0.278011 
0.442384 0.863995 0.381463 0.68007 0.166379 
0.674029 0.389713 0.877742 0.146615 0.459723 
0.540191 0.270015 0.435686 0.244773 0.822134 
0.664399 0.610954 0.6878649999999999 0.270216 0.200804 
0.454995 0.525068 0.675592 0.644593 0.554321 
0.393675 0.488926 0.802697 0.66361 0.292139 
0.718845 0.799004 0.431606 0.55804 0.281471 
0.741045 0.5515 0.70485 0.5479810000000001 0.199195 
0.508586 0.746196 0.747882 0.154472 0.348458 
0.5858910000000001 0.772626 0.578008 0.208892 0.264378 
0.174535 0.595458 0.426802 0.451694 0.881462 
0.475325 0.880591 0.287742 0.290749 0.603397 
0.647555 0.225008 0.394672 0.618439 0.30563 
0.337057 0.642535 0.6979610000000001 0.684836 0.23418 
0.767386 0.677579 0.258888 0.415477 0.358866 
0.681822 0.137978 0.663557 0.749085 0.283221 
0.48661 0.305032 0.457566 0.895546 0.400065 
0.514201 0.576875 0.859367 0.20994 0.358694 
0.290758 0.685403 0.511212 0.681257 0.174356 
0.402413 0.753221 0.16061 0.553435 0.758568 
0.196967 0.731828 0.257607 0.907873 0.389484 
0.518279 0.877048 0.554169 0.293188 0.452536 
0.538278 0.758576 0.615355 0.246919 0.587361 
0.672961 0.37598 0.7609399999999999 0.477241 0.132587 
0.787239 0.625742 0.110253 0.665884 0.360267 
0.485077 0.695154 0.738394 0.134728 0.603394 
0.170317 0.744908 0.748935 0.51019 0.433836 
0.556595 0.512325 0.760634 0.518943 0.08422300000000001 
0.459979 0.625068 0.257436 0.66649 0.188781 
0.57887 0.300388 0.5708530000000001 0.453621 0.249872 
0.339318 0.406097 0.307577 0.399921 0.876745 
0.249721 0.234371 0.5140479999999999 0.528768 0.821944 
0.689924 0.565406 0.789227 0.375977 0.142195 
0.849651 0.346719 0.821736 0.365907 0.254393 
0.45473 0.640006 0.580089 0.182475 0.821134 
0.545797 0.810746 0.198892 0.268799 0.637112 
0.776869 0.408796 0.677159 0.140847 0.647383 
0.541669 0.392735 0.425172 0.523738 0.822646 
0.77395 0.40702 0.18241 0.6808650000000001 0.623467 
0.652649 0.580828 0.781004 0.299535 0.539485 
0.544022 0.870572 0.35199 0.533052 0.412224 
0.607887 0.327122 0.171499 0.580425 0.852615 
0.6038019999999999 0.208926 0.89137 0.304157 0.63623 
0.898728 0.443322 0.428704 0.269715 0.404876 
0.30806 0.64375 0.800262 0.286443 0.72575 
0.343149 0.688038 0.587701 0.720533 0.489495 
0.40533 0.893796 0.284576 0.664557 0.373993 
0.657991 0.081955 0.76422 0.308763 0.602253 
0.712433 0.163325 0.766994 0.595758 0.28757 
0.503541 0.181253 0.659153 0.252594 0.674311 
0.248561 0.424006 0.298401 0.692455 0.82296 
0.247581 0.849848 0.286366 0.629482 0.624462 
0.652965 0.08960700000000001 0.665882 0.639745 0.5648069999999999 
0.5329930000000001 0.821859 0.6684330000000001 0.296375 0.298354 
0.671785 0.080999 0.49101 0.488471 0.704805 
0.317708 0.826672 0.139984 0.878264 0.317157 
0.109614 0.816029 0.555882 0.452875 0.61042 
0.447645 0.306488 0.634785 0.837664 0.194222 
0.316684 0.649048 0.198519 0.8106409999999999 0.338356 
0.342432 0.316937 0.720981 0.83295 0.465264 
0.426658 0.296505 0.366072 0.64711 0.842496 
0.362268 0.655979 0.218618 0.5303870000000001 0.827931 
0.478985 0.832914 0.254591 0.53859 0.288814 
0.752121 0.714965 0.568689 0.314007 0.294713 
0.404514 0.219609 0.744708 0.769263 0.520974 
0.615832 0.570365 0.21685 0.546281 0.763229 
0.315131 0.704183 0.253089 0.316844 0.707375 
0.455474 0.829582 0.703587 0.48507 0.312375 
0.356898 0.756304 0.309908 0.182513 0.730423 
0.272741 0.899693 0.6592980000000001 0.291802 0.435107 
0.420656 0.783955 0.544147 0.438814 0.173778 
0.263468 0.679878 0.222674 0.854077 0.324279 
0.526109 0.482242 0.078484 0.648519 0.646215 
0.167014 0.5557260000000001 0.466715 0.910514 0.417526 
0.668276 0.144155 0.788272 0.5800070000000001 0.404736 
0.815603 0.200407 0.446678 0.430927 0.6710429999999999 
0.58843 0.747411 0.122839 0.622176 0.249685 
0.35663 0.47099 0.728007 0.720599 0.163726 
0.698334 0.30833 0.176666 0.516663 0.634628 
0.32378 0.381969 0.354001 0.687272 0.828243 
0.610445 0.517913 0.095945 0.821761 0.43809 
0.49724 0.560833 0.844906 0.494201 0.209214 
0.663281 0.481061 0.507582 0.368798 0.767541 
0.674163 0.535235 0.541816 0.588829 0.500834 
0.5505949999999999 0.269472 0.360243 0.452183 0.505274 
0.8132779999999999 0.5495409999999999 0.597237 0.380988 0.159464 
0.392426 0.22946 0.668778 0.488627 0.846803 
0.458519 0.360895 0.461029 0.449821 0.873712 
0.68677 0.746876 0.464686 0.206629 0.489629 
0.709503 0.394097 0.331015 0.502827 0.244417 
0.386369 0.872523 0.449667 0.680467 0.232085 
0.259548 0.7173079999999999 0.336112 0.838776 0.570037 
0.44076 0.426871 0.804476 0.714709 0.323684 
0.59479 0.683022 0.343467 0.850399 0.299911 
0.478195 0.645083 0.626543 0.628304 0.499203 
0.106281 0.548553 0.533693 0.344855 0.803381 
0.409611 0.637042 0.755416 0.500988 0.202267 
0.44504 0.779764 0.262878 0.77085 0.534423 
0.761432 0.182037 0.430284 0.401197 0.788514 
0.651209 0.327565 0.597896 0.217548 0.379869 
0.588992 0.707449 0.5058280000000001 0.617547 0.07778599999999999 
0.358241 0.41742 0.217564 0.573713 0.825749 
0.424967 0.728763 0.116386 0.421225 0.662633 
0.7001849999999999 0.716097 0.51924 0.477595 0.437364 
0.775564 0.320785 0.278742 0.858499 0.324418 
0.349718 0.859641 0.551723 0.183565 0.656493 
0.194295 0.298101 0.559509 0.518926 0.728003 
0.800662 0.462507 0.373249 0.759412 0.131269 
0.725699 0.07288600000000001 0.54823 0.467707 0.668133 
0.39646 0.229828 0.907134 0.384858 0.636284 
0.360083 0.485326 0.169224 0.486745 0.737017 
0.76999 0.239908 0.573199 0.49196 0.692117 
0.5081 0.216633 0.830013 0.131994 0.767499 
0.31285 0.644104 0.311505 0.929498 0.369221 
0.541124 0.882419 0.35401 0.459239 0.443418 
0.095206 0.397744 0.460512 0.736861 0.7242189999999999 
0.845418 0.557797 0.331701 0.191939 0.545077 
0.343755 0.5961109999999999 0.234377 0.901575 0.423084 
0.344743 0.499377 0.824469 0.09400699999999999 0.614531 
0.331571 0.917126 0.394536 0.234378 0.693459 
0.393092 0.6275230000000001 0.30529 0.190453 0.744312 
0.823905 0.226659 0.743845 0.306356 0.286841 
0.831952 0.158059 0.802679 0.352484 0.352655 
0.691069 0.471151 0.7628239999999999 0.389534 0.5370780000000001 
0.104795 0.536647 0.53861 0.353821 0.707179 
0.524096 0.199806 0.785567 0.553032 0.702613 
0.447468 0.853115 0.622638 0.393692 0.31607 
0.641753 0.168494 0.831382 0.412573 0.311314 
0.651136 0.557877 0.407124 0.566373 0.630861 
0.537656 0.331574 0.790954 0.448623 0.739741 
0.453953 0.506432 0.210741 0.432542 0.602042 
0.304312 0.873572 0.493956 0.516016 0.584409 
0.674052 0.579773 0.409675 0.56352 0.101145 
0.32488 0.513267 0.245314 0.574429 0.838126 
0.739591 0.119254 0.711526 0.42914 0.365451 
0.857613 0.465699 0.200475 0.74604 0.235119 
0.369232 0.362685 0.611484 0.595311 0.250598 
0.315873 0.373372 0.5926979999999999 0.568692 0.317231 
0.064757 0.708274 0.375803 0.5477610000000001 0.725393 
0.6174809999999999 0.446236 0.184532 0.8600410000000001 0.490953 
0.6679890000000001 0.7755919999999999 0.360936 0.514639 0.182179 
0.580712 0.250194 0.622559 0.47416 0.797224 
0.642517 0.813249 0.281704 0.520456 0.468814 
0.544745 0.39249 0.575743 0.69736 0.644344 
0.09732200000000001 0.662153 0.688454 0.411125 0.661519 
0.276262 0.288675 0.625914 0.344375 0.8047029999999999 
0.349801 0.267612 0.559597 0.341289 0.884564 
0.177454 0.359071 0.665059 0.418433 0.839327 
0.495888 0.769475 0.449487 0.511361 0.108444 
0.266284 0.566926 0.622412 0.387975 0.879087 
0.672973 0.857888 0.313082 0.403109 0.399054 
0.640189 0.255932 0.871514 0.286168 0.341261 
0.187511 0.567875 0.7459 0.25323 0.80218 
0.164175 0.400504 0.749061 0.734306 0.474703 
0.487093 0.801104 0.419127 0.533703 0.125182 
0.268754 0.319203 0.345985 0.701971 0.586329 
0.77184 0.216439 0.833614 0.125749 0.424432 
0.510541 0.623174 0.719038 0.085617 0.468766 
0.767909 0.260566 0.31342 0.7294040000000001 0.601898 
0.182522 0.41299 0.360968 0.693962 0.831593 
0.542089 0.356368 0.694451 0.259983 0.297326 
0.910154 0.342021 0.412187 0.536867 0.228985 
0.345029 0.222478 0.508611 0.442341 0.660764 
0.348881 0.5016699999999999 0.154029 0.505516 0.715021 
0.366716 0.694545 0.802851 0.402645 0.507443 
0.676916 0.5319120000000001 0.225509 0.463607 0.782682 
0.556687 0.139144 0.467996 0.448598 0.573557 
0.636786 0.41031 0.764356 0.65341 0.180162 
0.398419 0.217938 0.49861 0.7722020000000001 0.319087 
0.171665 0.563876 0.446673 0.529591 0.8489719999999999 
0.261161 0.28108 0.756786 0.790499 0.454053 
0.539372 0.394947 0.794897 0.281856 0.236044 
0.7082540000000001 0.577079 0.742167 0.124472 0.444806 
0.664494 0.690769 0.552316 0.286464 0.146709 
0.66303 0.8168800000000001 0.177661 0.280767 0.597793 
0.462925 0.306471 0.744225 0.639956 0.18866 
0.364801 0.230763 0.539222 0.847355 0.572134 
0.555113 0.580133 0.177453 0.579085 0.328188 
0.201129 0.631483 0.7935759999999999 0.234115 0.771082 
0.769803 0.590415 0.234887 0.246389 0.672906 
0.7304389999999999 0.120515 0.578555 0.603333 0.684436 
0.307848 0.440693 0.748256 0.146908 0.73519 
0.515455 0.306856 0.735301 0.770286 0.232128 
0.259231 0.80174 0.542007 0.182791 0.671431 
0.170566 0.360541 0.533057 0.586769 0.5617 
0.58022 0.394021 0.338551 0.189627 0.723303 
0.613367 0.445515 0.591815 0.09689300000000001 0.709802 
0.444649 0.851154 0.452434 0.132038 0.576091 
0.5629420000000001 0.565898 0.172871 0.871061 0.398436 
0.164959 0.864923 0.580538 0.335585 0.5034729999999999 
0.385631 0.800731 0.127667 0.618646 0.439154 
0.156874 0.423148 0.657847 0.384491 0.662138 
0.203549 0.849583 0.375053 0.629282 0.567123 
0.298547 0.81632 0.212018 0.345636 0.7480290000000001 
0.171807 0.58828 0.833618 0.485173 0.489093 
0.747355 0.1002 0.663436 0.637428 0.461337 
0.239581 0.359035 0.406717 0.590812 0.882857 
0.777618 0.477596 0.162043 0.569764 0.272264 
0.215841 0.73873 0.371774 0.884489 0.275839 
0.292503 0.435773 0.846376 0.36676 0.779065 
0.5556759999999999 0.659887 0.793874 0.310265 0.26356 
0.432412 0.47731 0.89954 0.418495 0.290112 
0.6012960000000001 0.778768 0.451621 0.25739 0.618877 
0.310182 0.765209 0.690172 0.270077 0.72902 
0.663278 0.108659 0.335945 0.693224 0.653049 
0.344004 0.658566 0.622702 0.19468 0.475529 
0.42898 0.152609 0.544512 0.430176 0.699487 
0.46865 0.826787 0.681718 0.223376 0.303863 
0.323083 0.284885 0.785967 0.310611 0.833407 
0.2316 0.4578 0.280833 0.717868 0.540483 
0.692581 0.081007 0.826804 0.253895 0.478795 
0.395327 0.667755 0.212825 0.6936 0.7471410000000001 
0.737488 0.693057 0.15532 0.271386 0.54006 
0.741528 0.090268 0.650929 0.426812 0.692936 
0.295393 0.619636 0.191728 0.621164 0.69372 
0.601548 0.306862 0.154478 0.751916 0.736133 
0.578579 0.630881 0.767382 0.571603 0.127432 
0.874922 0.34448 0.400069 0.647764 0.461276 
0.240383 0.457983 0.454589 0.855137 0.346265 
0.691688 0.666548 0.399694 0.831005 0.197555 
0.294765 0.762728 0.525807 0.164513 0.833844 
0.480714 0.235833 0.862293 0.317587 0.752197 
0.7644840000000001 0.565114 0.13933 0.669736 0.297901 
0.391141 0.224497 0.845179 0.709181 0.350222 
0.685335 0.06573900000000001 0.609429 0.516993 0.69325 
0.601372 0.58143 0.328776 0.42293 0.830985 
0.315034 0.513167 0.625763 0.398443 0.294404 
0.735787 0.402578 0.64077 0.691344 0.110355 
0.534344 0.373322 0.13972 0.564994 0.675835 
0.2588 0.652401 0.8538210000000001 0.362392 0.365776 
0.462075 0.5136269999999999 0.84897 0.117051 0.567626 
0.600641 0.55099 0.646178 0.09469 0.445846 
0.441407 0.841343 0.502393 0.302139 0.651827 
0.082452 0.558715 0.657481 0.467609 0.570645 
0.335888 0.190194 0.812534 0.627266 0.627785 
0.47927 0.469448 0.5939950000000001 0.885879 0.156822 
0.555571 0.374444 0.201714 0.761679 0.730468 
0.660617 0.355743 0.183718 0.694733 0.30457 
0.808283 0.5669459999999999 0.122593 0.627915 0.409331 
0.49678 0.177054 0.791201 0.341156 0.430616 
0.219057 0.6125699999999999 0.483652 0.80006 0.632026 
0.489091 0.7154700000000001 0.482602 0.11125 0.593078 
0.762527 0.497776 0.527024 0.391135 0.123571 
0.355764 0.437647 0.567954 0.297391 0.895579 
0.120357 0.694344 0.680947 0.362457 0.819211 
0.884182 0.423762 0.414519 0.269716 0.641887 
0.805594 0.6329129999999999 0.420602 0.249593 0.334549 
0.651071 0.122411 0.502085 0.827171 0.286739 
0.571446 0.39101 0.088756 0.645779 0.82663 
0.372679 0.153136 0.540612 0.644022 0.763792 
0.380724 0.5694709999999999 0.4467 0.295445 0.45779 
0.824411 0.692825 0.412417 0.414021 0.409984 
0.168906 0.434756 0.300641 0.755794 0.652718 
0.863565 0.428342 0.637621 0.59555 0.221335 
0.161843 0.649553 0.75009 0.533227 0.347408 
0.340763 0.509363 0.83718 0.523576 0.479838 
0.367296 0.331332 0.280003 0.823115 0.486768 
0.351741 0.6712590000000001 0.770359 0.560155 0.459264 
0.118354 0.7732520000000001 0.5718569999999999 0.557797 0.428683 
0.758718 0.239826 0.708355 0.713033 0.282401 
0.6826680000000001 0.6575839999999999 0.35575 0.759197 0.345128 
0.762282 0.448659 0.6691319999999999 0.136414 0.536317 
0.25591 0.52829 0.6328279999999999 0.198945 0.812723 
0.639004 0.490543 0.543493 0.398715 0.76153 
0.326845 0.481446 0.474568 0.21989 0.860884 
0.243379 0.575318 0.329914 0.357261 0.860743 
0.338037 0.517904 0.234291 0.534897 0.491645 
0.354881 0.767138 0.263171 0.646573 0.279312 
0.10593 0.361574 0.6758189999999999 0.697816 0.7073660000000001 
0.734065 0.129908 0.570677 0.3919 0.426544 
0.829628 0.647295 0.276523 0.528255 0.367733 
0.88132 0.539509 0.521223 0.200499 0.473873 
0.609402 0.103239 0.390437 0.5818680000000001 0.779188 
0.40379 0.386837 0.663053 0.789679 0.532072 
0.739359 0.418324 0.139282 0.581205 0.535534 
0.215448 0.843693 0.447998 0.32964 0.51815 
0.53474 0.632872 0.336417 0.211413 0.541081 
0.666728 0.4626 0.587666 0.80637 0.131965 
0.13217 0.451805 0.742944 0.577565 0.5684 
0.701164 0.143994 0.433769 0.671139 0.371194 
0.264992 0.47506 0.6879110000000001 0.321101 0.432497 
0.5991109999999999 0.5465370000000001 0.804835 0.162901 0.5726869999999999 
0.672122 0.214363 0.640115 0.794547 0.400914 
0.193226 0.619175 0.414014 0.863061 0.302063 
0.153173 0.327177 0.704964 0.7138060000000001 0.516591 
0.234229 0.660195 0.563245 0.69413 0.194929 
0.250269 0.6912779999999999 0.456715 0.577634 0.280523 
0.821444 0.188528 0.240414 0.641587 0.518524 
0.662808 0.5461819999999999 0.704562 0.131679 0.638779 
0.630441 0.373868 0.376186 0.875359 0.455792 
0.523419 0.756632 0.739023 0.199435 0.444335 
0.634363 0.267673 0.453226 0.273624 0.861334 
0.485928 0.335048 0.673524 0.549486 0.202099 
0.579377 0.08655500000000001 0.8359799999999999 0.3765 0.48642 
0.148702 0.43832 0.485784 0.818866 0.6977950000000001 
0.247244 0.703022 0.224471 0.821359 0.642305 
0.214771 0.588968 0.203445 0.65543 0.565389 
0.190732 0.255311 0.699018 0.473817 0.652569 
0.43916 0.609212 0.40529 0.942557 0.271282 
0.456211 0.314542 0.770112 0.148179 0.637015 
0.710785 0.225624 0.89797 0.178567 0.408592 
0.504175 0.88368 0.33056 0.611071 0.256575 
0.454526 0.39035 0.336293 0.796238 0.224618 
0.723766 0.11245 0.823238 0.206657 0.582211 
0.738426 0.240037 0.291314 0.7744450000000001 0.182548 
0.849792 0.350897 0.274753 0.412666 0.5122679999999999 
0.482769 0.602804 0.794165 0.435611 0.17348 
0.41139 0.715302 0.275446 0.234589 0.776321 
0.16413 0.490871 0.357245 0.534838 0.587935 
0.8194900000000001 0.651366 0.464462 0.477219 0.212723 
0.447021 0.470278 0.915015 0.392657 0.377896 
0.29107 0.836044 0.24929 0.459836 0.795416 
0.648303 0.367851 0.710738 0.366145 0.176668 
0.167077 0.598283 0.467723 0.640933 0.784443 
0.199099 0.709611 0.450264 0.223004 0.817616 
0.778955 0.136024 0.683704 0.660589 0.314819 
0.247506 0.717734 0.357898 0.716049 0.234544 
0.884615 0.253879 0.687437 0.417383 0.383353 
0.296522 0.232262 0.664084 0.674799 0.443971 
0.434703 0.85568 0.415287 0.746779 0.104964 
0.287103 0.645939 0.745239 0.641533 0.432019 
0.631592 0.706023 0.610285 0.384225 0.493752 
0.642776 0.096279 0.452708 0.736325 0.603557 
0.573691 0.508916 0.858401 0.169584 0.358088 
0.690717 0.131592 0.803501 0.252178 0.645405 
0.665467 0.224048 0.391372 0.700596 0.748654 
0.456038 0.722509 0.112602 0.5129899999999999 0.472066 
0.332262 0.441405 0.322856 0.925352 0.394532 
0.73493 0.376762 0.84155 0.559675 0.232152 
0.381064 0.401465 0.610428 0.6028289999999999 0.7836419999999999 
0.8011200000000001 0.612876 0.302034 0.285465 0.375353 
0.456631 0.503787 0.806285 0.127693  0.401 
0.294214 0.727804 0.174633 0.823688 0.5778720000000001 
0.579209 0.171836 0.313679 0.761613 0.757298 
0.414377 0.589863 0.338518 0.226205 0.869422 
0.684333 0.58662 0.522243 0.419885 0.079022 
0.7112540000000001 0.858086 0.435835 0.285911 0.328136 
0.560468 0.393845 0.630054 0.663747 0.08275100000000001 
0.566371 0.306707 0.840877 0.620111 0.227048 
0.690811 0.514751 0.438587 0.8104749999999999 0.317716 
0.430159 0.567603 0.45054 0.652228 0.151843 
0.268982 0.654494 0.149387 0.651575 0.480488 
0.487343 0.702454 0.22823 0.231922 0.753926 
0.487739 0.863391 0.442029 0.375931 0.599732 
0.424442 0.722291 0.395702 0.614946 0.660214 
0.7260259999999999 0.721202 0.25943 0.398113 0.611195 
0.612218 0.493313 0.233125 0.380841 0.892906 
0.7204739999999999 0.418976 0.8684809999999999 0.355734 0.269371 
0.541038 0.386981 0.85259 0.48567 0.525271 
0.281829 0.605539 0.586638 0.872107 0.30906 
0.541928 0.779972 0.742433 0.422641 0.301977 
0.41988 0.130743 0.798829 0.388489 0.538807 
0.844554 0.555284 0.6405690000000001 0.424695 0.265103 
0.70143 0.135121 0.702522 0.181812 0.642994 
0.196316 0.382372 0.714441 0.289465 0.840778 
0.65805 0.155406 0.55918 0.745873 0.558459 
0.753151 0.33424 0.9030010000000001 0.432699 0.365052 
0.123722 0.469055 0.730347 0.6000760000000001 0.646172 
0.74965 0.38778 0.254495 0.347276 0.521818 
0.342253 0.302014 0.716807 0.203422 0.757625 
0.2749 0.34898 0.796855 0.232277 0.644632 
0.246587 0.440175 0.263978 0.469659 0.762344 
0.464204 0.205716 0.812516 0.722458 0.533578 
0.376292 0.542095 0.447763 0.8919049999999999 0.465991 
0.625291 0.683128 0.164402 0.648263 0.61995 
0.219508 0.884898 0.624615 0.36774 0.53413 
0.578318 0.807745 0.419049 0.255421 0.296462 
0.837718 0.498849 0.163599 0.741084 0.432488 
0.603847 0.644023 0.559005 0.171417 0.792441 
0.573922 0.161485 0.520424 0.389444 0.853402 
0.6696299999999999 0.755118 0.485099 0.248741 0.5587299999999999 
0.419914 0.622929 0.280915 0.585939 0.23688 
0.814785 0.306924 0.36529 0.243698 0.736823 
0.24123 0.539336 0.657601 0.772937 0.216309 
0.366959 0.187646 0.585731 0.419997 0.674696 
0.619106 0.631792 0.245395 0.5482359999999999 0.180221 
0.536636 0.469932 0.352335 0.892385 0.491871 
0.6157319999999999 0.192981 0.732348 0.74009 0.225963 
0.489674 0.125152 0.6389280000000001 0.563316 0.782954 
0.753567 0.222517 0.202046 0.615827 0.717024 
0.317962 0.265926 0.667225 0.578427 0.819076 
0.152736 0.543575 0.6835830000000001 0.706777 0.463216 
0.426688 0.817241 0.130727 0.436173 0.561406 
0.175048 0.532036 0.779621 0.37085 0.7752250000000001 
0.226476 0.840858 0.501148 0.430853 0.41174 
0.884316 0.530855 0.248236 0.611272 0.408083 
0.42444 0.766837 0.16187 0.604084 0.338469 
0.165059 0.635827 0.755628 0.385737 0.711684 
0.452355 0.669799 0.492153 0.834362 0.086783 
0.344918 0.388571 0.620897 0.202139 0.689346 
0.633365 0.729197 0.191862 0.239377 0.691078 
0.490236 0.867379 0.163937 0.515339 0.453862 
0.783159 0.544356 0.318735 0.317105 0.318792 
0.09073299999999999 0.7122810000000001 0.594296 0.525384 0.685966 
0.394857 0.343622 0.584106 0.215012 0.590766 
0.849866 0.218489 0.469497 0.486203 0.530622 
0.537222 0.41679 0.661057 0.200333 0.812921 
0.844481 0.638018 0.5236459999999999 0.367145 0.315403 
0.641438 0.350229 0.475336 0.26265 0.837587 
0.39251 0.141544 0.55132 0.8294010000000001 0.548328 
0.42299 0.8204129999999999 0.384464 0.734246 0.442231 
0.10292 0.513041 0.518057 0.722772 0.617144 
0.838023 0.290616 0.400506 0.656964 0.166936 
0.604882 0.805052 0.268189 0.675918 0.422994 
0.560579 0.8669519999999999 0.280363 0.204367 0.603935 
0.741238 0.61871 0.69148 0.275189 0.41608 
0.678715 0.476728 0.19798 0.333726 0.600473 
0.247986 0.89167 0.368699 0.468095 0.698481 
0.486294 0.423375 0.586353 0.892339 0.269933 
0.262356 0.259657 0.565819 0.848452 0.453359 
0.419841 0.333069 0.372783 0.398745 0.617579 
0.589295 0.17427 0.420261 0.487668 0.49715 
0.293645 0.670534 0.162682 0.795538 0.519003 
0.529498 0.389252 0.112546 0.696867 0.775496 
0.517336 0.772459 0.341798 0.8665580000000001 0.261618 
0.381636 0.242722 0.888754 0.430716 0.685361 
0.227544 0.815506 0.626051 0.413958 0.319576 
0.450416 0.583884 0.186457 0.499722 0.864529 
0.486087 0.683937 0.397092 0.284116 0.869169 
0.469351 0.802887 0.730037 0.41485 0.24148 
0.6742939999999999 0.547845 0.416587 0.740841 0.437628 
0.321236 0.641535 0.550838 0.208616 0.5524 
0.560239 0.52742 0.08742900000000001 0.592121 0.650226 
0.336946 0.280708 0.485042 0.848436 0.682633 
0.292754 0.384056 0.748408 0.518529 0.324025 
0.513405 0.335084 0.873702 0.287439 0.718452 
0.318994 0.145897 0.737247 0.422514 0.833582 
0.463348 0.159305 0.83109 0.457788 0.423263 
0.500376 0.466206 0.209209 0.7136670000000001 0.320411 
0.653217 0.639463 0.13238 0.647406 0.259044 
0.483416 0.753235 0.768176 0.180744 0.492396 
0.689716 0.2736 0.7157289999999999 0.744761 0.352454 
0.437801 0.194854 0.81812 0.234172 0.649027 
0.762039 0.48519 0.396834 0.291763 0.259465 
0.272629 0.319703 0.66866 0.768561 0.296644 
0.18372 0.67616 0.849854 0.262131 0.540192 
0.498232 0.559982 0.7687079999999999 0.104284 0.609648 
0.506313 0.562145 0.28304 0.6551439999999999 0.752156 
0.255841 0.888954 0.536648 0.236412 0.603539 
0.524169 0.189708 0.829843 0.741497 0.319032 
0.749983 0.458582 0.837871 0.23244 0.460055 
0.320974 0.6620819999999999 0.741352 0.279562 0.30183 
0.587726 0.573442 0.400048 0.353864 0.8453040000000001 
0.737853 0.480309 0.480986 0.148758 0.710539 
0.446618 0.355669 0.358977 0.864247 0.270298 
0.362937 0.404406 0.749973 0.18642 0.496789 
0.858195 0.340236 0.237719 0.504632 0.394284 
0.408151 0.691561 0.338475 0.25585 0.5318580000000001 
0.516184 0.705938 0.243456 0.538288 0.7487549999999999 
0.798213 0.257016 0.667398 0.628877 0.208867 
0.307726 0.924589 0.457892 0.450796 0.580421 
