5
107
2.011370000000000102e-01 7.122389999999999555e-01 5.150010000000000421e-01 5.200510000000000410e-01 5.188190000000000301e-01
2.326860000000000039e-01 5.877759999999999652e-01 5.935300000000000020e-01 4.553090000000000193e-01 6.347180000000000044e-01
4.017709999999999892e-01 6.490449999999999831e-01 2.338429999999999953e-01 4.133260000000000267e-01 6.109369999999999523e-01
5.179610000000000047e-01 4.026379999999999959e-01 5.080519999999999481e-01 3.677380000000000093e-01 6.482019999999999449e-01
5.743549999999999489e-01 4.167429999999999746e-01 6.019510000000000138e-01 6.700899999999999634e-01 4.386340000000000239e-01
4.732890000000000152e-01 5.064410000000000300e-01 3.732010000000000050e-01 3.726180000000000048e-01 5.410080000000000444e-01
3.366399999999999948e-01 4.299399999999999888e-01 5.649570000000000425e-01 5.073410000000000419e-01 5.229939999999999589e-01
4.064019999999999855e-01 6.902209999999999734e-01 5.544630000000000392e-01 5.264670000000000183e-01 5.205309999999999659e-01
6.932009999999999561e-01 6.140799999999999592e-01 6.047700000000000298e-01 4.141310000000000269e-01 3.891310000000000047e-01
4.625540000000000207e-01 2.736029999999999851e-01 6.879060000000000175e-01 4.495179999999999731e-01 6.543139999999999512e-01
3.993280000000000163e-01 6.279890000000000194e-01 2.377390000000000059e-01 4.561259999999999759e-01 6.267380000000000173e-01
6.012610000000000454e-01 5.598659999999999748e-01 4.343469999999999831e-01 6.942300000000000137e-01 2.671870000000000078e-01
5.462219999999999853e-01 6.051429999999999865e-01 6.336079999999999490e-01 5.218509999999999538e-01 2.566970000000000085e-01
5.437229999999999563e-01 4.205769999999999786e-01 7.835010000000000030e-01 5.307439999999999936e-01 2.985479999999999801e-01
4.248870000000000147e-01 7.370250000000000412e-01 2.616299999999999737e-01 6.479859999999999509e-01 3.819100000000000272e-01
3.496099999999999763e-01 4.731969999999999787e-01 5.944110000000000227e-01 3.864279999999999937e-01 5.243470000000000075e-01
7.985609999999999653e-01 3.652210000000000178e-01 4.562820000000000209e-01 4.912309999999999732e-01 5.048589999999999467e-01
6.574229999999999796e-01 3.422569999999999779e-01 5.652359999999999607e-01 3.958090000000000219e-01 5.120810000000000084e-01
3.697110000000000118e-01 5.553839999999999888e-01 3.398030000000000217e-01 5.627680000000000460e-01 7.371889999999999832e-01
5.949470000000000036e-01 7.275789999999999758e-01 2.391449999999999965e-01 5.015789999999999971e-01 5.079430000000000334e-01
6.877870000000000372e-01 3.533100000000000129e-01 5.902180000000000204e-01 3.879759999999999875e-01 5.609659999999999647e-01
6.470439999999999525e-01 4.843189999999999995e-01 6.592789999999999484e-01 3.670700000000000074e-01 5.773120000000000474e-01
2.404189999999999938e-01 6.047310000000000185e-01 5.939510000000000067e-01 3.479090000000000238e-01 6.190320000000000267e-01
6.768680000000000252e-01 5.316109999999999447e-01 4.894229999999999969e-01 3.966580000000000106e-01 4.368929999999999758e-01
2.349930000000000074e-01 5.670819999999999750e-01 6.040600000000000414e-01 4.948400000000000021e-01 4.535910000000000220e-01
3.800979999999999914e-01 3.882329999999999948e-01 4.668169999999999820e-01 5.862749999999999906e-01 6.080379999999999674e-01
6.106800000000000006e-01 3.632589999999999986e-01 7.481959999999999722e-01 5.339669999999999694e-01 3.708580000000000210e-01
3.452700000000000213e-01 4.754030000000000200e-01 5.548680000000000279e-01 7.705060000000000242e-01 5.046530000000000182e-01
3.023589999999999889e-01 6.847649999999999570e-01 2.575450000000000239e-01 5.314189999999999747e-01 6.863789999999999614e-01
4.577200000000000157e-01 6.867349999999999843e-01 4.831259999999999999e-01 3.985560000000000214e-01 3.715419999999999834e-01
3.583379999999999899e-01 4.828649999999999887e-01 3.591690000000000160e-01 5.806810000000000027e-01 5.956900000000000528e-01
6.875700000000000145e-01 4.322790000000000243e-01 3.493209999999999926e-01 3.955449999999999799e-01 6.993599999999999817e-01
4.821440000000000170e-01 5.066300000000000248e-01 4.537080000000000002e-01 6.953660000000000396e-01 4.627089999999999814e-01
5.454919999999999769e-01 6.864869999999999584e-01 5.441070000000000073e-01 3.102170000000000205e-01 4.530410000000000270e-01
3.460949999999999860e-01 5.865299999999999958e-01 7.446739999999999471e-01 4.506649999999999823e-01 5.804740000000000455e-01
5.505259999999999598e-01 4.474119999999999764e-01 3.754700000000000260e-01 3.587449999999999806e-01 5.966620000000000257e-01
4.384129999999999971e-01 5.093929999999999847e-01 2.799619999999999886e-01 6.265070000000000361e-01 4.943170000000000064e-01
7.117999999999999883e-01 3.264489999999999892e-01 6.312860000000000138e-01 4.409890000000000199e-01 3.316049999999999831e-01
5.025340000000000362e-01 5.484989999999999588e-01 2.861020000000000230e-01 5.646719999999999517e-01 6.120670000000000277e-01
6.877459999999999685e-01 5.610349999999999504e-01 5.073260000000000547e-01 3.177840000000000109e-01 4.709749999999999770e-01
7.171910000000000229e-01 4.325490000000000168e-01 5.018829999999999680e-01 4.369910000000000183e-01 4.036190000000000055e-01
3.756320000000000214e-01 7.030250000000000110e-01 4.192940000000000000e-01 4.007689999999999864e-01 6.668039999999999523e-01
6.995550000000000379e-01 3.830009999999999803e-01 5.201860000000000372e-01 6.049900000000000277e-01 4.084929999999999950e-01
6.229379999999999917e-01 4.931570000000000120e-01 2.496670000000000000e-01 5.784059999999999757e-01 6.329860000000000486e-01
3.807309999999999861e-01 5.105830000000000091e-01 6.757130000000000081e-01 2.039839999999999987e-01 5.742110000000000269e-01
5.336670000000000025e-01 7.598019999999999774e-01 4.004280000000000062e-01 3.386509999999999798e-01 5.205490000000000395e-01
4.475390000000000201e-01 4.629670000000000174e-01 6.717389999999999750e-01 2.790259999999999962e-01 4.504750000000000143e-01
5.305959999999999566e-01 5.149160000000000403e-01 5.395159999999999956e-01 5.133339999999999570e-01 3.453439999999999843e-01
5.348819999999999686e-01 3.796289999999999942e-01 6.223269999999999635e-01 4.556649999999999867e-01 4.559920000000000084e-01
4.530790000000000095e-01 2.567249999999999810e-01 7.337789999999999591e-01 3.676920000000000188e-01 5.343320000000000292e-01
2.505919999999999814e-01 5.512690000000000090e-01 5.803190000000000293e-01 5.741629999999999789e-01 3.910270000000000135e-01
3.129779999999999784e-01 5.307100000000000151e-01 6.895700000000000163e-01 4.041859999999999897e-01 4.909359999999999835e-01
3.344630000000000103e-01 7.359949999999999548e-01 4.479319999999999968e-01 2.647930000000000006e-01 6.278230000000000199e-01
4.228279999999999816e-01 6.408359999999999612e-01 3.308989999999999987e-01 5.984099999999999975e-01 5.474510000000000209e-01
5.332700000000000218e-01 5.764059999999999739e-01 4.100809999999999733e-01 2.642189999999999817e-01 6.207599999999999785e-01
5.322350000000000136e-01 3.758580000000000254e-01 6.635739999999999972e-01 5.953270000000000506e-01 5.112649999999999695e-01
2.825920000000000099e-01 6.150309999999999944e-01 5.285539999999999683e-01 4.374410000000000243e-01 5.473500000000000032e-01
3.852650000000000241e-01 6.399669999999999526e-01 4.431080000000000019e-01 4.424520000000000119e-01 7.319830000000000503e-01
5.602310000000000345e-01 2.697649999999999770e-01 7.464749999999999996e-01 5.363170000000000437e-01 4.459310000000000218e-01
4.406370000000000009e-01 6.403999999999999693e-01 6.308550000000000546e-01 1.992269999999999874e-01 5.276030000000000442e-01
6.897090000000000165e-01 5.770070000000000476e-01 6.148829999999999574e-01 3.624240000000000239e-01 3.363499999999999823e-01
6.225760000000000183e-01 6.706779999999999964e-01 5.503740000000000299e-01 4.626779999999999782e-01 3.394039999999999835e-01
5.811250000000000027e-01 5.422879999999999923e-01 5.154990000000000405e-01 6.988269999999999760e-01 3.453069999999999751e-01
7.198940000000000339e-01 3.653879999999999906e-01 5.333660000000000068e-01 5.182750000000000412e-01 3.189040000000000208e-01
4.089079999999999937e-01 6.457549999999999679e-01 4.329620000000000135e-01 4.970640000000000058e-01 4.818509999999999738e-01
4.750139999999999918e-01 3.426299999999999901e-01 7.663269999999999804e-01 3.424409999999999954e-01 5.018150000000000110e-01
5.273999999999999799e-01 4.533380000000000187e-01 4.056339999999999946e-01 3.079089999999999883e-01 7.800150000000000139e-01
5.515949999999999465e-01 5.286419999999999453e-01 2.377380000000000049e-01 5.861509999999999776e-01 5.212510000000000199e-01
3.861669999999999825e-01 6.845480000000000453e-01 5.272409999999999597e-01 2.583199999999999941e-01 6.180579999999999963e-01
5.070299999999999807e-01 2.311169999999999891e-01 6.329669999999999463e-01 5.278859999999999664e-01 6.190069999999999739e-01
4.628149999999999764e-01 6.145410000000000039e-01 6.709239999999999648e-01 4.365530000000000244e-01 5.212309999999999999e-01
4.263509999999999800e-01 5.186610000000000387e-01 5.660899999999999821e-01 5.319749999999999757e-01 5.026059999999999972e-01
4.006549999999999834e-01 7.773449999999999527e-01 4.255820000000000158e-01 3.834940000000000015e-01 4.936329999999999885e-01
4.363900000000000001e-01 4.193609999999999838e-01 6.210820000000000229e-01 5.955169999999999630e-01 4.420629999999999837e-01
2.603750000000000231e-01 6.831129999999999702e-01 4.914209999999999967e-01 4.883460000000000023e-01 6.753149999999999986e-01
4.311110000000000220e-01 6.991979999999999862e-01 3.462700000000000222e-01 2.758979999999999766e-01 7.063199999999999479e-01
3.503410000000000135e-01 7.080940000000000012e-01 5.090940000000000465e-01 4.416510000000000158e-01 5.623179999999999845e-01
4.173620000000000108e-01 4.484400000000000053e-01 5.359140000000000015e-01 4.012009999999999743e-01 4.731139999999999790e-01
6.078930000000000167e-01 2.566269999999999940e-01 5.630950000000000122e-01 3.852410000000000001e-01 5.963979999999999837e-01
2.802830000000000044e-01 7.124190000000000245e-01 3.505960000000000187e-01 6.388599999999999834e-01 4.867609999999999992e-01
5.250989999999999824e-01 5.468669999999999920e-01 5.735209999999999475e-01 4.574110000000000120e-01 2.907420000000000004e-01
4.694940000000000224e-01 4.791920000000000068e-01 4.986360000000000237e-01 6.361350000000000060e-01 3.763119999999999798e-01
5.401770000000000183e-01 2.768720000000000070e-01 7.310630000000000184e-01 5.208490000000000064e-01 4.303190000000000071e-01
2.682579999999999965e-01 4.744769999999999821e-01 6.314969999999999750e-01 4.283480000000000065e-01 6.603240000000000220e-01
3.870589999999999864e-01 6.857940000000000147e-01 3.371560000000000112e-01 3.748029999999999973e-01 7.642970000000000041e-01
7.323939999999999895e-01 2.132249999999999979e-01 5.741460000000000452e-01 5.571490000000000054e-01 4.528090000000000170e-01
3.642790000000000195e-01 4.357610000000000094e-01 6.190890000000000004e-01 3.810239999999999738e-01 7.051640000000000130e-01
3.214020000000000210e-01 5.952509999999999746e-01 3.066780000000000062e-01 7.862200000000000299e-01 3.359590000000000076e-01
3.089830000000000076e-01 4.626000000000000112e-01 5.114429999999999810e-01 7.205920000000000103e-01 5.003640000000000310e-01
3.316919999999999868e-01 6.054380000000000317e-01 4.911499999999999755e-01 3.629740000000000189e-01 5.941319999999999935e-01
4.455210000000000004e-01 3.965279999999999916e-01 4.431470000000000131e-01 5.690520000000000023e-01 6.375239999999999796e-01
5.255589999999999984e-01 5.641389999999999461e-01 2.332690000000000041e-01 6.625050000000000106e-01 5.489460000000000450e-01
4.908449999999999758e-01 5.690520000000000023e-01 5.162299999999999667e-01 4.294319999999999804e-01 3.231510000000000216e-01
3.642159999999999842e-01 7.848600000000000021e-01 3.390520000000000200e-01 5.252580000000000027e-01 4.400780000000000247e-01
4.500970000000000248e-01 5.429429999999999534e-01 3.618359999999999910e-01 5.754810000000000203e-01 3.750720000000000165e-01
5.588670000000000027e-01 4.029769999999999741e-01 4.426829999999999932e-01 4.040329999999999755e-01 6.307099999999999929e-01
5.495130000000000292e-01 4.960280000000000244e-01 2.486790000000000112e-01 6.702719999999999789e-01 4.516029999999999767e-01
6.752709999999999546e-01 4.885579999999999923e-01 3.752829999999999777e-01 4.912099999999999800e-01 3.424730000000000274e-01
3.901660000000000128e-01 5.984810000000000407e-01 5.674449999999999772e-01 4.457940000000000236e-01 5.429030000000000244e-01
2.799679999999999946e-01 6.166199999999999459e-01 6.988799999999999457e-01 5.264389999999999903e-01 5.071909999999999474e-01
5.516210000000000280e-01 3.938389999999999946e-01 5.282750000000000501e-01 3.615450000000000053e-01 5.923599999999999977e-01
4.772989999999999733e-01 2.840199999999999947e-01 6.361080000000000068e-01 4.656799999999999828e-01 6.191529999999999534e-01
5.005380000000000384e-01 3.213590000000000058e-01 7.121769999999999490e-01 3.378200000000000092e-01 6.663890000000000091e-01
7.084610000000000074e-01 4.778390000000000137e-01 3.630519999999999858e-01 5.219070000000000098e-01 6.351390000000000091e-01
5.597969999999999891e-01 5.338279999999999692e-01 4.373090000000000033e-01 4.173769999999999980e-01 6.434779999999999944e-01
4.448840000000000017e-01 6.031659999999999799e-01 2.414350000000000107e-01 5.761239999999999695e-01 5.903389999999999471e-01
3.428769999999999873e-01 4.850260000000000127e-01 4.464670000000000027e-01 4.652310000000000056e-01 5.716689999999999827e-01
