5
660
0.352129 0.84528 0.209697 0.369611 0.686937 
0.662103 0.745811 0.392358 0.311614 0.555978 
0.683981 0.408642 0.564917 0.42025 0.736958 
0.694914 0.787712 0.267498 0.585493 0.214386 
0.724501 0.664476 0.222472 0.746016 0.253392 
0.223754 0.582298 0.835379 0.418314 0.583233 
0.661013 0.247786 0.412483 0.882815 0.413343 
0.216433 0.472862 0.79028 0.648961 0.378948 
0.404597 0.552165 0.853884 0.4971 0.420547 
0.638985 0.240681 0.446649 0.7444 0.612415 
0.765303 0.159261 0.700964 0.409824 0.556508 
0.264742 0.571289 0.200929 0.577545 0.7006599999999999 
0.76246 0.48757 0.323852 0.381796 0.763431 
0.5976399999999999 0.408793 0.211429 0.316559 0.760907 
0.666802 0.5060480000000001 0.754198 0.569139 0.324684 
0.691549 0.612774 0.541579 0.150815 0.354291 
0.848432 0.295573 0.605942 0.275107 0.579763 
0.15903 0.376012 0.688253 0.597306 0.572215 
0.314717 0.547978 0.69523 0.186597 0.616563 
0.589116 0.44673 0.154146 0.471823 0.60319 
0.219227 0.499353 0.377451 0.799616 0.628262 
0.491115 0.679291 0.466396 0.434493 0.722735 
0.578667 0.575103 0.66268 0.10649 0.427749 
0.309182 0.617696 0.478356 0.574321 0.794226 
0.147902 0.6582 0.633555 0.705745 0.417695 
0.150578 0.62734 0.480826 0.737184 0.5724900000000001 
0.257133 0.777087 0.154702 0.681103 0.529716 
0.696117 0.5287230000000001 0.447913 0.208874 0.380081 
0.315966 0.579442 0.785299 0.229405 0.7441759999999999 
0.171964 0.75429 0.652892 0.346019 0.527188 
0.76872 0.644743 0.573427 0.474878 0.13547 
0.144537 0.771836 0.551877 0.463337 0.532268 
0.454194 0.301522 0.307085 0.527222 0.610119 
0.207465 0.465172 0.742434 0.729945 0.439991 
0.182615 0.339623 0.453281 0.648308 0.726139 
0.278666 0.6480399999999999 0.7806110000000001 0.365988 0.43505 
0.57289 0.538828 0.261099 0.231109 0.7582950000000001 
0.458315 0.537247 0.24218 0.8583190000000001 0.543923 
0.59504 0.282331 0.261916 0.813758 0.420342 
0.730935 0.48422 0.648313 0.35652 0.552787 
0.581254 0.838737 0.535859 0.446222 0.316882 
0.695578 0.502227 0.566292 0.127462 0.5411010000000001 
0.625756 0.724172 0.690412 0.278966 0.419903 
0.44796 0.331249 0.678895 0.608724 0.205634 
0.65238 0.400476 0.543813 0.549798 0.128805 
0.282373 0.5864200000000001 0.447274 0.365798 0.528487 
0.682151 0.739569 0.20772 0.414844 0.528227 
0.492866 0.16847 0.806082 0.403102 0.714279 
0.624009 0.614646 0.443452 0.338327 0.706934 
0.438011 0.845545 0.634823 0.310147 0.234801 
0.330252 0.567448 0.180868 0.786542 0.519595 
0.227362 0.754522 0.338462 0.323682 0.815419 
0.728264 0.392304 0.559666 0.7633259999999999 0.207088 
0.66729 0.334848 0.807128 0.35585 0.24328 
0.430008 0.641651 0.184005 0.710771 0.29172 
0.20931 0.679193 0.538605 0.793154 0.373316 
0.770151 0.486713 0.189016 0.521946 0.373864 
0.520608 0.242479 0.572937 0.340802 0.487386 
0.380472 0.432576 0.478634 0.910254 0.296975 
0.621652 0.150355 0.8079460000000001 0.49771 0.445098 
0.299628 0.878346 0.480866 0.40405 0.416099 
0.349227 0.773019 0.473607 0.261982 0.796896 
0.481996 0.813025 0.228351 0.751383 0.256116 
0.460231 0.368258 0.37973 0.837954 0.265888 
0.802169 0.347136 0.206191 0.803659 0.37059 
0.140234 0.402996 0.700926 0.52735 0.64757 
0.601864 0.345946 0.9226 0.423676 0.294407 
0.789062 0.262113 0.577223 0.625958 0.475019 
0.317127 0.201845 0.604456 0.484863 0.72702 
0.498826 0.400999 0.779931 0.7156670000000001 0.220344 
0.447543 0.675092 0.396843 0.133957 0.621017 
0.57411 0.869463 0.509377 0.369533 0.343069 
0.453515 0.528869 0.24694 0.4889 0.83869 
0.640865 0.248163 0.344183 0.8627010000000001 0.405182 
0.25345 0.676382 0.761182 0.468648 0.586192 
0.264568 0.367117 0.8479409999999999 0.389119 0.598182 
0.516935 0.653424 0.104569 0.805182 0.396882 
0.163476 0.7141380000000001 0.395209 0.697068 0.597031 
0.852726 0.476533 0.413216 0.662999 0.212234 
0.463465 0.8842719999999999 0.223961 0.391245 0.439225 
0.6792280000000001 0.360279 0.804879 0.172032 0.5477880000000001 
0.153189 0.670678 0.387614 0.406167 0.756339 
0.631482 0.362861 0.462192 0.677042 0.134403 
0.120291 0.560244 0.445628 0.522827 0.778455 
0.20795 0.823302 0.438606 0.512259 0.6931079999999999 
0.726039 0.302366 0.316252 0.549624 0.792656 
0.329912 0.768092 0.693262 0.254719 0.57292 
0.788622 0.25976 0.691782 0.47016 0.223383 
0.824973 0.22003 0.434238 0.362152 0.591881 
0.745367 0.285418 0.743942 0.21581 0.502328 
0.849918 0.43795 0.380986 0.636591 0.193618 
0.590251 0.636692 0.746347 0.455127 0.214473 
0.523697 0.403685 0.204936 0.83407 0.451134 
0.675136 0.416797 0.254151 0.848106 0.296866 
0.279557 0.796876 0.666397 0.308907 0.415184 
0.353177 0.868395 0.230531 0.559704 0.315184 
0.550669 0.626451 0.262158 0.781485 0.1533 
0.499572 0.548847 0.674493 0.683131 0.455715 
0.236495 0.484384 0.770887 0.478982 0.66776 
0.392452 0.549902 0.16208 0.6950190000000001 0.656708 
0.446502 0.351073 0.7369329999999999 0.653076 0.608955 
0.306016 0.289443 0.728333 0.696214 0.5576680000000001 
0.221254 0.56759 0.351861 0.828122 0.489966 
0.663609 0.497449 0.155051 0.6205619999999999 0.335937 
0.361796 0.277845 0.386666 0.816912 0.560198 
0.693157 0.6320249999999999 0.248945 0.697909 0.152237 
0.68276 0.279701 0.774197 0.591355 0.355345 
0.754451 0.316184 0.630429 0.495115 0.144146 
0.622566 0.457426 0.145507 0.450429 0.686936 
0.699554 0.371917 0.220218 0.495121 0.775451 
0.794991 0.21123 0.495638 0.739156 0.186263 
0.353616 0.617231 0.537207 0.470316 0.239466 
0.664947 0.242268 0.76491 0.517721 0.228204 
0.371448 0.65446 0.367089 0.258088 0.896278 
0.499896 0.846498 0.211659 0.678083 0.307557 
0.413539 0.192247 0.498372 0.624059 0.618918 
0.463389 0.376744 0.198271 0.468337 0.754919 
0.464016 0.359971 0.395165 0.665937 0.79453 
0.180312 0.441244 0.5799 0.57452 0.529523 
0.359298 0.569812 0.43748 0.763861 0.637087 
0.134223 0.601387 0.66596 0.362274 0.793349 
0.584508 0.365911 0.308349 0.868906 0.346801 
0.223624 0.478154 0.780168 0.297531 0.730619 
0.329088 0.273791 0.531132 0.776818 0.413881 
0.838004 0.410321 0.608108 0.335581 0.236035 
0.650502 0.320064 0.835806 0.19529 0.528058 
0.445825 0.673249 0.18317 0.692958 0.682086 
0.247582 0.618577 0.48219 0.278758 0.694658 
0.52164 0.320985 0.32948 0.602206 0.818394 
0.76544 0.49692 0.266409 0.822392 0.234362 
0.5934160000000001 0.18043 0.613214 0.291362 0.605305 
0.6190600000000001 0.713164 0.412529 0.73954 0.120422 
0.848421 0.439663 0.354941 0.526092 0.547215 
0.474622 0.422787 0.414633 0.383342 0.432226 
0.732208 0.335453 0.255142 0.707694 0.308798 
0.487806 0.781052 0.199183 0.386685 0.736253 
0.646461 0.237493 0.661005 0.220545 0.752485 
0.444651 0.769193 0.109093 0.6240830000000001 0.513902 
0.511722 0.495441 0.502695 0.464794 0.202976 
0.273535 0.66247 0.538346 0.655753 0.195208 
0.528625 0.566518 0.283707 0.8886540000000001 0.404483 
0.536385 0.805505 0.500009 0.492885 0.111125 
0.575704 0.527163 0.444248 0.858125 0.244862 
0.297075 0.21314 0.555382 0.619839 0.778576 
0.445951 0.434879 0.263385 0.650428 0.8198299999999999 
0.345095 0.587598 0.307354 0.30449 0.84199 
0.83174 0.484988 0.391862 0.661261 0.319877 
0.392101 0.716205 0.542327 0.745862 0.320242 
0.786992 0.179281 0.64284 0.718855 0.273334 
0.312031 0.6386540000000001 0.729338 0.650825 0.274108 
0.313011 0.334166 0.473011 0.754942 0.762286 
0.431111 0.543482 0.4119 0.522363 0.249232 
0.398713 0.662902 0.458814 0.323943 0.854253 
0.794133 0.346332 0.550971 0.694782 0.164885 
0.377696 0.620929 0.717104 0.112137 0.635599 
0.411638 0.567815 0.60314 0.454213 0.189043 
0.347345 0.440991 0.310402 0.626146 0.8382579999999999 
0.2779 0.659038 0.498775 0.735884 0.5753200000000001 
0.32324 0.49667 0.580785 0.316706 0.476857 
0.598701 0.527865 0.524907 0.139953 0.7909310000000001 
0.7136710000000001 0.497828 0.199306 0.818168 0.363678 
0.532043 0.649988 0.795212 0.379763 0.410738 
0.15435 0.468504 0.556256 0.411383 0.779358 
0.850763 0.258545 0.453696 0.528292 0.567979 
0.179969 0.414634 0.544034 0.536595 0.607331 
0.816737 0.161684 0.484498 0.812397 0.30055 
0.403322 0.5590810000000001 0.638522 0.796606 0.203115 
0.365665 0.378551 0.647178 0.840826 0.396652 
0.619676 0.666651 0.365508 0.8109 0.263744 
0.562007 0.150207 0.507277 0.5604749999999999 0.6868300000000001 
0.201557 0.596787 0.604206 0.803262 0.418505 
0.283839 0.423736 0.733447 0.602347 0.24575 
0.71094 0.313996 0.382068 0.7266319999999999 0.172318 
0.670388 0.774472 0.414785 0.630525 0.200631 
0.771134 0.394296 0.497966 0.767801 0.337615 
0.517273 0.780057 0.134668 0.704705 0.350827 
0.120744 0.424183 0.537254 0.506792 0.809327 
0.430986 0.801766 0.612893 0.251233 0.548495 
0.539929 0.487659 0.319169 0.206675 0.852841 
0.485556 0.687879 0.098259 0.695874 0.460008 
0.71099 0.652153 0.563389 0.322271 0.5007239999999999 
0.313286 0.494895 0.364581 0.419582 0.888664 
0.483432 0.168674 0.632153 0.660489 0.481028 
0.359126 0.333572 0.717403 0.249121 0.874605 
0.649183 0.427427 0.458628 0.1502 0.761859 
0.733398 0.633029 0.489289 0.399159 0.167667 
0.261542 0.39442 0.7454 0.527764 0.360909 
0.334498 0.730949 0.388459 0.518186 0.266696 
0.805966 0.224533 0.514922 0.6191759999999999 0.211482 
0.252241 0.691918 0.169606 0.687751 0.578139 
0.623369 0.822757 0.195217 0.382714 0.408203 
0.579138 0.184461 0.819057 0.481037 0.356216 
0.575612 0.293765 0.919111 0.398362 0.301247 
0.674922 0.691835 0.187903 0.544133 0.56686 
0.665651 0.5899489999999999 0.777719 0.269069 0.3788 
0.350788 0.8777239999999999 0.489692 0.45212 0.518034 
0.7216669999999999 0.424415 0.411395 0.723768 0.518683 
0.362584 0.479848 0.836223 0.580133 0.289168 
0.682236 0.59338 0.210061 0.744974 0.147887 
0.232432 0.482618 0.582351 0.641993 0.720917 
0.635148 0.348352 0.559683 0.720135 0.573662 
0.236552 0.800714 0.475713 0.289884 0.590282 
0.260562 0.803389 0.332498 0.275892 0.707158 
0.147332 0.667791 0.6698499999999999 0.29666 0.720109 
0.225678 0.7562179999999999 0.204222 0.511092 0.6097590000000001 
0.311089 0.425521 0.263227 0.544933 0.695663 
0.810774 0.109573 0.61342 0.496767 0.481434 
0.30732 0.773267 0.146792 0.620126 0.624938 
0.386666 0.185875 0.663331 0.618271 0.620766 
0.387418 0.609936 0.175871 0.808152 0.393304 
0.319941 0.647343 0.590838 0.277228 0.43155 
0.630128 0.48134 0.852098 0.299472 0.284242 
0.698564 0.594272 0.587391 0.543061 0.370314 
0.263274 0.360001 0.444234 0.55361 0.617334 
0.539479 0.482461 0.521972 0.8112819999999999 0.446836 
0.469777 0.39467 0.248154 0.6211410000000001 0.822933 
0.6791239999999999 0.327985 0.28664 0.8759980000000001 0.357005 
0.529239 0.232977 0.645391 0.46322 0.814312 
0.568937 0.688256 0.318511 0.708705 0.513673 
0.184413 0.740619 0.5016969999999999 0.54863 0.705083 
0.732973 0.26932 0.5401899999999999 0.807072 0.183379 
0.510208 0.608421 0.619388 0.224327 0.751675 
0.138832 0.819932 0.443602 0.580167 0.419529 
0.566053 0.458743 0.8716970000000001 0.247837 0.416071 
0.733649 0.592618 0.305645 0.6293339999999999 0.487316 
0.310446 0.6377890000000001 0.7294659999999999 0.608843 0.213361 
0.117873 0.581456 0.749795 0.490835 0.613184 
0.834812 0.248342 0.6526960000000001 0.296113 0.531724 
0.813213 0.455929 0.211867 0.430296 0.6329 
0.815463 0.348003 0.409659 0.667615 0.170804 
0.192603 0.472243 0.817098 0.46896 0.453414 
0.870372 0.437065 0.2573 0.489095 0.490424 
0.307739 0.630564 0.774832 0.552903 0.266595 
0.511791 0.370157 0.489746 0.220888 0.649935 
0.366865 0.372391 0.271322 0.825694 0.683833 
0.447263 0.861729 0.339469 0.222264 0.527238 
0.59951 0.584449 0.428723 0.7607699999999999 0.426854 
0.773248 0.192141 0.699906 0.633949 0.209493 
0.408513 0.74051 0.421181 0.501225 0.717728 
0.31575 0.343196 0.659095 0.7032350000000001 0.705919 
0.775553 0.413014 0.194372 0.7602989999999999 0.298487 
0.742031 0.328598 0.37436 0.800816 0.469136 
0.6018210000000001 0.411373 0.89188 0.397963 0.392848 
0.363177 0.480502 0.86646 0.226636 0.598772 
0.358777 0.371499 0.253627 0.811106 0.652668 
0.138736 0.586699 0.589208 0.661102 0.632401 
0.631978 0.133978 0.410762 0.631992 0.6740429999999999 
0.7352070000000001 0.491026 0.663249 0.436825 0.107915 
0.453612 0.422578 0.435424 0.829941 0.211289 
0.289223 0.419317 0.751078 0.739818 0.438681 
0.539118 0.6270520000000001 0.48612 0.492892 0.703066 
0.217219 0.766908 0.545339 0.288931 0.751021 
0.354592 0.232003 0.827671 0.43326 0.589616 
0.157876 0.623198 0.791659 0.5367150000000001 0.432585 
0.486579 0.210526 0.698559 0.250139 0.672424 
0.238718 0.689456 0.496199 0.42308 0.8030040000000001 
0.547457 0.317792 0.279064 0.8339800000000001 0.612455 
0.16927  0.457 0.405256 0.546874 0.715349 
0.598527 0.49743 0.748494 0.617115 0.380645 
0.208018 0.618997 0.263227 0.519269 0.8204669999999999 
0.391379 0.261506 0.339765 0.71739 0.540005 
0.462956 0.211104 0.499359 0.529199 0.850085 
0.746174 0.655164 0.350844 0.194081 0.531236 
0.406179 0.453077 0.63687 0.15179 0.830028 
0.279557 0.653855 0.266575 0.737228 0.36426 
0.463682 0.536363 0.168485 0.7537160000000001 0.402031 
0.411464 0.223157 0.5443519999999999 0.7741980000000001 0.672157 
0.615601 0.629836 0.181907 0.785663 0.394115 
0.857747 0.289348 0.387573 0.5604789999999999 0.452829 
0.713477 0.458226 0.262889 0.344582 0.797515 
0.26073 0.784772 0.400511 0.245924 0.745824 
0.397227 0.289018 0.451302 0.309886 0.839327 
0.508246 0.8424509999999999 0.321073 0.7121499999999999 0.182943 
0.32008 0.497827 0.65793 0.699871 0.194624 
0.732178 0.19436 0.468437 0.437737 0.4545 
0.791902 0.367704 0.523176 0.437096 0.189342 
0.557528 0.603726 0.326729 0.194534 0.498585 
0.406833 0.491056 0.416201 0.753954 0.226684 
0.327125 0.507234 0.225192 0.75396 0.423984 
0.648074 0.201055 0.557248 0.784964 0.260457 
0.339539 0.811732 0.163261 0.539303 0.715038 
0.380664 0.5264760000000001 0.5846749999999999 0.813254 0.217933 
0.753817 0.374213 0.425538 0.286997 0.776136 
0.744893 0.313819 0.7153890000000001 0.385334 0.55693 
0.423038 0.466953 0.471806 0.305979 0.899728 
0.394695 0.180732 0.5999989999999999 0.601127 0.493909 
0.740676 0.250801 0.496485 0.6166509999999999 0.648389 
0.759784 0.374432 0.303116 0.620646 0.228311 
0.467859 0.638618 0.6742320000000001 0.293932 0.693794 
0.690577 0.387564 0.739007 0.209019 0.362717 
0.503948 0.304477 0.659517 0.836812 0.378512 
0.723051 0.384312 0.233667 0.435371 0.80379 
0.095486 0.545542 0.6200290000000001 0.444195 0.775082 
0.587749 0.542388 0.543746 0.722233 0.426715 
0.245747 0.716103 0.384227 0.75801 0.570491 
0.305216 0.583477 0.688767 0.49519 0.707323 
0.729102 0.294741 0.190966 0.646895 0.596861 
0.161478 0.511985 0.738903 0.385842 0.577328 
0.367513 0.758798 0.475134 0.171303 0.792509 
0.612447 0.274221 0.37222 0.6175 0.30772 
0.652667 0.303387 0.368635 0.536318 0.299075 
0.464321 0.172286 0.487285 0.628432 0.748597 
0.20579 0.447263 0.40254 0.788994 0.476542 
0.747218 0.378515 0.488752 0.360661 0.26914 
0.791461 0.264197 0.376278 0.561357 0.320648 
0.674844 0.506177 0.801446 0.26925 0.251746 
0.750548 0.547237 0.767895 0.326024 0.275569 
0.395602 0.873383 0.565964 0.421576 0.37736 
0.273589 0.604438 0.648358 0.551307 0.232237 
0.178505 0.425321 0.731563 0.659664 0.474759 
0.104817 0.507301 0.492263 0.602367 0.634451 
0.573715 0.558955 0.187506 0.600207 0.287309 
0.516138 0.296798 0.198656 0.507146 0.78672 
0.56206 0.676048 0.107108 0.539664 0.440207 
0.248333 0.526078 0.31007 0.875186 0.483812 
0.504697 0.745379 0.584849 0.568276 0.408276 
0.262578 0.51564 0.73434 0.383112 0.392706 
0.374591 0.411842 0.828013 0.293422 0.467869 
0.662509 0.436858 0.698596 0.351037 0.614181 
0.218158 0.497781 0.756922 0.268789 0.810678 
0.324187 0.38941 0.400724 0.753736 0.391442 
0.786672 0.573833 0.141394 0.537915 0.600317 
0.433036 0.589764 0.48598 0.166087 0.533814 
0.6984399999999999 0.472779 0.793069 0.350395 0.381897 
0.610101 0.281043 0.449188 0.368215 0.442203 
0.321777 0.303039 0.615139 0.360903 0.664918 
0.61241 0.425189 0.701288 0.201207 0.738998 
0.182411 0.835047 0.520891 0.504421 0.61056 
0.242567 0.6001300000000001 0.751372 0.372253 0.406992 
0.510278 0.335188 0.77584 0.516451 0.225756 
0.815869 0.326915 0.710527 0.372983 0.263169 
0.422925 0.7161999999999999 0.517503 0.585166 0.587958 
0.432111 0.239188 0.423839 0.690384 0.454061 
0.63591 0.417469 0.200579 0.824138 0.347978 
0.426081 0.392989 0.715398 0.282175 0.407608 
0.5375760000000001 0.264988 0.229505 0.593252 0.617988 
0.334021 0.288471 0.687762 0.671986 0.357357 
0.688515 0.337886 0.738444 0.177174 0.474613 
0.716844 0.285435 0.24702 0.8497479999999999 0.430588 
0.200033 0.853356 0.403277 0.407373 0.68759 
0.352131 0.872661 0.374651 0.427343 0.585304 
0.533695 0.263528 0.821593 0.181784 0.622936 
0.270177 0.440618 0.5672700000000001 0.443791 0.867852 
0.543916 0.814968 0.296524 0.736587 0.181269 
0.520397 0.468084 0.258355 0.278602 0.795435 
0.856714 0.386508 0.253386 0.495171 0.5696639999999999 
0.227883 0.34444 0.72956 0.69019 0.517257 
0.431489 0.395857 0.699614 0.197072 0.5585869999999999 
0.435363 0.843038 0.406708 0.657085 0.361162 
0.720541 0.541554 0.740552 0.456031 0.307258 
0.446169 0.440471 0.857743 0.575516 0.313276 
0.872432 0.549422 0.440071 0.373371 0.461693 
0.345105 0.560114 0.39894 0.6363220000000001 0.8004520000000001 
0.62781 0.21871 0.383693 0.449517 0.811109 
0.457258 0.436392 0.255413 0.814506 0.634125 
0.510324 0.466212 0.5376919999999999 0.749123 0.108616 
0.217148 0.739835 0.743683 0.434239 0.439787 
0.782018 0.5345760000000001 0.180722 0.6542249999999999 0.286436 
0.407696 0.859938 0.276317 0.613353 0.456946 
0.540003 0.791205 0.327841 0.793057 0.252923 
0.385387 0.86615 0.170836 0.544058 0.436225 
0.503371 0.251177 0.310916 0.602274 0.554894 
0.63828 0.744227 0.254707 0.62731 0.18188 
0.743296 0.165421 0.413666 0.553492 0.490335 
0.599001 0.296516 0.420116 0.273019 0.661674 
0.521965 0.728673 0.500502 0.119474 0.480105 
0.783286 0.51944 0.165607 0.710184 0.348752 
0.337074 0.275533 0.672311 0.667093 0.372859 
0.407353 0.732497 0.274162 0.502113 0.814948 
0.825018 0.68125 0.276292 0.358672 0.460189 
0.344074 0.568967 0.643227 0.152689 0.666574 
0.126671 0.5615599999999999 0.732441 0.486475 0.495206 
0.758768 0.5799260000000001 0.10944 0.634852 0.408503 
0.608885 0.512335 0.6803439999999999 0.446027 0.589456 
0.37181 0.375155 0.40444 0.542982 0.860069 
0.27662 0.694971 0.627638 0.506515 0.236014 
0.504993 0.670021 0.363634 0.207959 0.441973 
0.8112200000000001 0.41858 0.399266 0.703298 0.385896 
0.834636 0.454368 0.191506 0.720923 0.322966 
0.17602 0.7537509999999999 0.493443 0.421491 0.530388 
0.100276 0.561497 0.571769 0.536235 0.5891150000000001 
0.490447 0.754005 0.498918 0.693383 0.149692 
0.368407 0.632061 0.216003 0.791266 0.56977 
0.772683 0.247863 0.54335 0.799868 0.342263 
0.400972 0.92432 0.384448 0.472992 0.39658 
0.494867 0.536702 0.113829 0.70158 0.542362 
0.6749270000000001 0.396873 0.797727 0.549651 0.308052 
0.739857 0.123455 0.724703 0.581311 0.327292 
0.563415 0.614154 0.762549 0.439684 0.201264 
0.460339 0.794584 0.33576 0.712429 0.156956 
0.51501 0.579769 0.7492799999999999 0.519001 0.12403 
0.355938 0.795203 0.246684 0.649211 0.279207 
0.558227 0.402193 0.350506 0.395814 0.888133 
0.245221 0.674399 0.560909 0.728811 0.257804 
0.634467 0.328181 0.897432 0.327336 0.369035 
0.6830349999999999 0.621657 0.464143 0.734806 0.112841 
0.155809 0.744165 0.319031 0.525892 0.609911 
0.834041 0.252579 0.615631 0.610403 0.332884 
0.355899 0.7773060000000001 0.599355 0.614219 0.228745 
0.851353 0.41619 0.43242 0.265097 0.472037 
0.438787 0.422396 0.7654840000000001 0.243148 0.77215 
0.343791 0.723472 0.324856 0.363796 0.472815 
0.751296 0.206713 0.362987 0.500762 0.483695 
0.423102 0.222734 0.563927 0.730066 0.692986 
0.323104 0.622017 0.408609 0.846504 0.490222 
0.307349 0.208269 0.691961 0.535977 0.711324 
0.360573 0.211375 0.520786 0.519115 0.836491 
0.497509 0.466217 0.378937 0.42671 0.884249 
0.712805 0.155573 0.795383 0.426401 0.430438 
0.782126 0.444158 0.558385 0.278391 0.284238 
0.7946530000000001 0.183233 0.494807 0.690391 0.523186 
0.230711 0.6204229999999999 0.437299 0.845936 0.352042 
0.504926 0.565589 0.613711 0.695207 0.47202 
0.577288 0.249316 0.650483 0.457693 0.304692 
0.484051 0.193581 0.808665 0.244151 0.740462 
0.414451 0.29377 0.645669 0.7239409999999999 0.278836 
0.252978 0.57443 0.255264 0.65809 0.482272 
0.750227 0.637043 0.47923 0.21813 0.553341 
0.586579 0.212404 0.809387 0.645516 0.381024 
0.522052 0.843756 0.380581 0.471265 0.188289 
0.611643 0.594033 0.621349 0.683158 0.176092 
0.240923 0.583638 0.223722 0.691399 0.605843 
0.36016 0.386245 0.759394 0.42456 0.332212 
0.322298 0.365267 0.607891 0.352079 0.5775 
0.662797 0.801611 0.363076 0.412537 0.273638 
0.185475 0.508318 0.448152 0.782056 0.591886 
0.292931 0.356694 0.739743 0.33861 0.594642 
0.826885 0.167763 0.469966 0.644161 0.481854 
0.793903 0.192757 0.707055 0.47571 0.508405 
0.793283 0.144348 0.652383 0.365715 0.516142 
0.775082 0.632748 0.626849 0.338356 0.295432 
0.770178 0.5151019999999999 0.412673 0.671532 0.419693 
0.708793 0.396849 0.24701 0.793513 0.210583 
0.630239 0.696702 0.212987 0.515697 0.639405 
0.820441 0.470779 0.239994 0.778392 0.33528 
0.314068 0.430465 0.794917 0.160644 0.744826 
0.656464 0.627842 0.113305 0.607191 0.380807 
0.149423 0.723847 0.563315 0.428914 0.530534 
0.654833 0.5930609999999999 0.262403 0.238521 0.625709 
0.19755 0.806374 0.479959 0.6469009999999999 0.370939 
0.448088 0.522145 0.314218 0.257652 0.862636 
0.455439 0.7058720000000001 0.095806 0.732612 0.543463 
0.593624 0.536312 0.09871000000000001 0.667856 0.475272 
0.773132 0.28408 0.250075 0.462634 0.6282489999999999 
0.604525 0.760536 0.673919 0.283022 0.330616 
0.67963 0.24761 0.635746 0.5243409999999999 0.654467 
0.654898 0.365552 0.539976 0.806941 0.372244 
0.249609 0.652921 0.6561669999999999 0.212618 0.815954 
0.763728 0.384428 0.457615 0.542494 0.618662 
0.349157 0.799917 0.20583 0.5348810000000001 0.754557 
0.827028 0.288446 0.586109 0.462898 0.266965 
0.362087 0.86329 0.191332 0.61558 0.38945 
0.547697 0.168545 0.687006 0.6894479999999999 0.3691 
0.316483 0.33076 0.72163 0.5676949999999999 0.755751 
0.226888 0.4185 0.527707 0.561597 0.815495 
0.295314 0.573885 0.188642 0.5667140000000001 0.615366 
0.341507 0.337338 0.34621 0.641641 0.830348 
0.499843 0.255613 0.28084 0.607558 0.785353 
0.452166 0.449019 0.748542 0.685028 0.167649 
0.20591 0.366825 0.786309 0.352084 0.756226 
0.363389 0.689913 0.248916 0.79489 0.283234 
0.569753 0.783311 0.451734 0.353979 0.553948 
0.314983 0.887233 0.231163 0.468572 0.536959 
0.42596 0.796441 0.418047 0.6287160000000001 0.14244 
0.472224 0.661209 0.249707 0.25199 0.577318 
0.265898 0.317468 0.498881 0.823996 0.542887 
0.411371 0.812596 0.138779 0.463139 0.66557 
0.60584 0.312043 0.84046 0.234727 0.432304 
0.604737 0.654994 0.193562 0.65316 0.232155 
0.430161 0.304476 0.264064 0.654715 0.541616 
0.64364 0.664584 0.607054 0.141325 0.398782 
0.42355 0.423309 0.835543 0.6654409999999999 0.234646 
0.55832 0.257144 0.630959 0.811021 0.266394 
0.501824 0.478356 0.801607 0.268098 0.666786 
0.396581 0.790918 0.543208 0.683667 0.241365 
0.5513169999999999 0.260426 0.472327 0.878803 0.506014 
0.733529 0.393032 0.54086 0.266527 0.713892 
0.281213 0.529789 0.616875 0.751876 0.539201 
0.316697 0.299625 0.332114 0.781287 0.638344 
0.731226 0.693362 0.618296 0.437369 0.183716 
0.249677 0.314567 0.582111 0.424492 0.884261 
0.265605 0.6861390000000001 0.285013 0.364248 0.767863 
0.516548 0.16979 0.875131 0.474459 0.504923 
0.6303530000000001 0.151874 0.665969 0.42116 0.724318 
0.756094 0.659354 0.219799 0.307747 0.5202290000000001 
0.499511 0.7338479999999999 0.234611 0.239057 0.73468 
0.301572 0.75222 0.433575 0.198358 0.643848 
0.279695 0.7773679999999999 0.547778 0.656737 0.269878 
0.68035 0.259445 0.665324 0.2279 0.503939 
0.389993 0.458181 0.520603 0.43793 0.853414 
0.531646 0.358361 0.891199 0.443479 0.251498 
0.203988 0.558343 0.707127 0.534671 0.350659 
0.516482 0.222735 0.821318 0.416231 0.711471 
0.717851 0.56287 0.722213 0.198479 0.347443 
0.502286 0.871023 0.271288 0.336442 0.5575909999999999 
0.393781 0.742436 0.667369 0.559936 0.410773 
0.371158 0.853178 0.368965 0.394786 0.375743 
0.377605 0.412985 0.309647 0.858356 0.446372 
0.463442 0.542816 0.794625 0.179585 0.6270520000000001 
0.520259 0.275411 0.81635 0.6687920000000001 0.304263 
0.5013570000000001 0.153707 0.531483 0.676146 0.67143 
0.467123 0.162915 0.788313 0.42534 0.567628 
0.463709 0.667191 0.126962 0.609474 0.39342 
0.392431 0.711538 0.265817 0.240343 0.734686 
0.233793 0.489819 0.340355 0.6268550000000001 0.780968 
0.741141 0.316686 0.453855 0.680457 0.573287 
0.289817 0.44995 0.521786 0.84699 0.496584 
0.802839 0.65164 0.408639 0.580142 0.222863 
0.134079 0.5494790000000001 0.721272 0.471182 0.478495 
0.198991 0.526705 0.64144 0.26312 0.826092 
0.730019 0.463451 0.14244 0.628808 0.630771 
0.702454 0.168974 0.476309 0.41076 0.6100989999999999 
0.344123 0.808519 0.307882 0.303963 0.795768 
0.463367 0.318825 0.64641 0.616134 0.722959 
0.745648 0.192005 0.341645 0.424326 0.668941 
0.765952 0.555997 0.136197 0.39944 0.613981 
0.128497 0.767491 0.367617 0.506891 0.597656 
0.435576 0.507196 0.665674 0.516823 0.167056 
0.15173 0.812059 0.509956 0.475758 0.568387 
0.876652 0.495283 0.568488 0.342429 0.294726 
0.369585 0.539369 0.400462 0.183514 0.850844 
0.694648 0.540887 0.348003 0.816047 0.190174 
0.420444 0.672774 0.109995 0.625292 0.670215 
0.401419 0.325245 0.5290589999999999 0.751026 0.302639 
0.523064 0.740588 0.353283 0.6236080000000001 0.546172 
0.204506 0.635553 0.406919 0.610484 0.412649 
0.783791 0.408297 0.366411 0.268908 0.644097 
0.62057 0.546965 0.291446 0.5249819999999999 0.771241 
0.48316 0.502135 0.627781 0.421036 0.217424 
0.561619 0.319874 0.28258 0.42119 0.622295 
0.51194 0.432124 0.552226 0.798254 0.482648 
0.631036 0.814091 0.260597 0.584002 0.36082 
0.308392 0.459235 0.500952 0.7038450000000001 0.730969 
0.777432 0.403399 0.314752 0.809483 0.338223 
0.608719 0.649346 0.45233 0.782312 0.148623 
0.612159 0.467838 0.779152 0.349799 0.227576 
0.205051 0.6362370000000001 0.771485 0.617545 0.399727 
0.684056 0.156127 0.6334109999999999 0.71434 0.316534 
0.740141 0.514825 0.419086 0.225296 0.392515 
0.300112 0.771371 0.499603 0.224024 0.582722 
0.374027 0.388617 0.7967340000000001 0.384811 0.77261 
0.271324 0.61512 0.808648 0.25306 0.684869 
0.596793 0.64253 0.208092 0.404253 0.391724 
0.228376 0.431426 0.446656 0.417208 0.795167 
0.594691 0.265491 0.395772 0.9064179999999999 0.385638 
0.510168 0.469278 0.900141 0.317188 0.356242 
0.729976 0.416169 0.62383 0.662398 0.168587 
0.778693 0.329391 0.404927 0.773316 0.435918 
0.585009 0.576735 0.777846 0.205224 0.573433 
0.593792 0.589917 0.091737 0.62462 0.532379 
0.822331 0.26213 0.758224 0.434221 0.375104 
0.295221 0.534923 0.762115 0.362948 0.742085 
0.437427 0.714412 0.745478 0.149802 0.473228 
0.562487 0.696678 0.719817 0.477848 0.285971 
0.188714 0.590656 0.495744 0.36563 0.826855 
0.621476 0.413127 0.347878 0.215504 0.637966 
0.640805 0.496538 0.66655 0.126833 0.46606 
0.664204 0.757594 0.379647 0.244039 0.556081 
0.16655 0.463314 0.729802 0.601011 0.460401 
0.613408 0.757222 0.312594 0.408324 0.595704 
0.559019 0.30856 0.227743 0.6601939999999999 0.76322 
0.368953 0.7810009999999999 0.149536 0.471547 0.750601 
0.332641 0.749936 0.226733 0.804354 0.336749 
0.317792 0.407927 0.318878 0.590817 0.578965 
0.682011 0.769556 0.429234 0.563778 0.14114 
0.73347 0.498437 0.192747 0.447747 0.7113159999999999 
0.699476 0.181515 0.483541 0.783262 0.523405 
0.7719510000000001 0.435283 0.279172 0.425235 0.7745109999999999 
0.271402 0.515011 0.72854 0.193798 0.738949 
0.267876 0.741307 0.218824 0.632837 0.649424 
0.595372 0.334894 0.587063 0.381855 0.83089 
0.338096 0.80552 0.709028 0.274115 0.398727 
0.503548 0.439266 0.197711 0.728544 0.709446 
0.269573 0.39391 0.702647 0.235514 0.829223 
0.629254 0.7633490000000001 0.176951 0.361394 0.513683 
0.639323 0.5337730000000001 0.536941 0.411086 0.178792 
0.654732 0.313632 0.563272 0.171221 0.752719 
0.625333 0.627096 0.225156 0.754934 0.481058 
0.334117 0.311061 0.412845 0.777676 0.48809 
0.22857 0.353549 0.616478 0.401355 0.674735 
0.646162 0.401303 0.815966 0.181026 0.369937 
0.316392 0.407541 0.585027 0.805137 0.33161 
0.556751 0.549919 0.435109 0.723643 0.5602819999999999 
0.595168 0.490384 0.634015 0.530496 0.09920900000000001 
0.243313 0.676374 0.566865 0.607938 0.238882 
0.209887 0.5146810000000001 0.325575 0.775253 0.658784 
0.528684 0.560463 0.696528 0.121863 0.676517 
0.767262 0.718251 0.457715 0.455017 0.29614 
0.520589 0.566051 0.131068 0.52752 0.7517509999999999 
0.444993 0.552329 0.166411 0.823315 0.564003 
0.388889 0.546678 0.340799 0.278276 0.61718 
0.5249509999999999 0.213001 0.607697 0.7901550000000001 0.410626 
0.567649 0.581997 0.68203 0.646092 0.179297 
0.158526 0.599465 0.768801 0.424819 0.5844200000000001 
0.739232 0.374519 0.652582 0.140072 0.618525 
0.55616 0.654425 0.39447 0.189785 0.439178 
0.479963 0.469269 0.153448 0.804476 0.502368 
0.54305 0.267028 0.548005 0.553186 0.272589 
0.512744 0.682328 0.761679 0.17841 0.419407 
0.601939 0.47561 0.207044 0.802492 0.2428 
0.300071 0.297618 0.589216 0.393589 0.680984 
0.442728 0.3089 0.402343 0.612946 0.830568 
0.671563 0.161492 0.554786 0.444289 0.40316 
0.63206 0.193965 0.363331 0.540668 0.463523 
0.886548 0.398425 0.445129 0.490628 0.484229 
0.176082 0.7277670000000001 0.592637 0.308844 0.743417 
0.673832 0.168864 0.462855 0.742969 0.314606 
0.691519 0.276085 0.203052 0.471132 0.678193 
0.275331 0.824809 0.5929219999999999 0.257984 0.683129 
0.662336 0.444462 0.287188 0.857663 0.359595 
0.680883 0.111733 0.643065 0.668814 0.5682700000000001 
0.640423 0.7457859999999999 0.516937 0.485172 0.104703 
0.6805020000000001 0.632565 0.586104 0.304196 0.185176 
0.624026 0.474404 0.453327 0.225799 0.402247 
0.702092 0.239338 0.735954 0.672241 0.195466 
0.276507 0.640089 0.736762 0.373384 0.331268 
0.274815 0.805403 0.217518 0.753097 0.41083 
0.220341 0.583306 0.26822 0.749498 0.515438 
0.619569 0.548246 0.237763 0.275565 0.775697 
0.326792 0.216553 0.597842 0.741919 0.626542 
0.27314 0.396357 0.78215 0.343944 0.56171 
0.587879 0.148513 0.556797 0.47171 0.610856 
0.472562 0.390113 0.296495 0.585141 0.398561 
0.26892 0.698565 0.341523 0.25228 0.7441950000000001 
0.380437 0.482002 0.6635180000000001 0.432268 0.266167 
0.445372 0.315331 0.579099 0.383823 0.44533 
0.479556 0.594037 0.213365 0.712174 0.6775369999999999 
0.359436 0.650776 0.754648 0.290174 0.67713 
0.424835 0.779489 0.732614 0.355641 0.326986 
0.424463 0.761002 0.363777 0.734711 0.148123 
0.653446 0.728121 0.454695 0.585005 0.10851 
0.787219 0.334197 0.619828 0.607299 0.129061 
0.599421 0.704341 0.297336 0.845602 0.21367 
0.551517 0.316792 0.772279 0.192328 0.721096 
0.163732 0.612045 0.292422 0.679524 0.614349 
0.745273 0.561501 0.700437 0.206185 0.288113 
0.563558 0.484031 0.564514 0.5410740000000001 0.134891 
0.605333 0.175852 0.792577 0.631986 0.400825 
0.495721 0.8583499999999999 0.337036 0.482847 0.250738 
0.511169 0.602011 0.83858 0.191478 0.349656 
0.618385 0.313685 0.601325 0.43498 0.270246 
0.458005 0.793423 0.488182 0.5236420000000001 0.526211 
0.829601 0.296579 0.664204 0.21947 0.480122 
0.549265 0.360471 0.891764 0.313074 0.312326 
0.497911 0.82611 0.305394 0.556021 0.167487 
0.475792 0.348663 0.746873 0.726344 0.177086 
0.392371 0.525654 0.420929 0.234072 0.8987849999999999 
0.170054 0.783477 0.395073 0.634938 0.37251 
0.787357 0.176174 0.311861 0.760303 0.405466 
0.305936 0.396842 0.48743 0.260506 0.776819 
0.558049 0.242963 0.5518110000000001 0.668289 0.71419 
0.323087 0.576435 0.581963 0.7619629999999999 0.196743 
0.43139 0.71032 0.50352 0.378433 0.242615 
0.786768 0.100908 0.606025 0.561333 0.503198 
0.241504 0.499067 0.705667 0.650021 0.288612 
0.77141 0.437643 0.180179 0.568846 0.6966 
0.36613 0.645788 0.187494 0.420298 0.728124 
0.517149 0.821856 0.370718 0.458571 0.192344 
0.838229 0.512088 0.60734 0.308025 0.235552 
0.837292 0.1695 0.46403 0.523132 0.398788 
