5
628
3.999619999999999842e-01 4.363099999999999756e-01 4.480160000000000253e-01 4.239120000000000110e-01 5.279730000000000256e-01
5.101590000000000291e-01 4.814709999999999823e-01 4.542149999999999799e-01 4.491740000000000177e-01 3.575110000000000232e-01
4.240880000000000205e-01 5.717729999999999757e-01 5.151210000000000511e-01 4.160699999999999954e-01 6.056599999999999762e-01
4.628860000000000197e-01 3.384579999999999811e-01 3.572960000000000025e-01 4.079320000000000168e-01 4.160349999999999882e-01
4.478309999999999791e-01 4.293029999999999902e-01 6.130090000000000261e-01 3.656179999999999986e-01 4.759120000000000017e-01
4.866409999999999902e-01 4.333690000000000042e-01 4.621689999999999965e-01 6.043180000000000218e-01 5.193999999999999728e-01
4.253009999999999846e-01 3.461989999999999790e-01 4.383830000000000227e-01 4.652220000000000244e-01 4.559960000000000124e-01
6.976430000000000131e-01 7.203100000000000058e-01 6.421179999999999666e-01 6.859720000000000262e-01 6.901990000000000069e-01
5.942180000000000240e-01 4.639889999999999848e-01 6.152229999999999643e-01 5.919769999999999754e-01 4.385330000000000061e-01
4.460870000000000113e-01 4.357670000000000154e-01 3.544399999999999773e-01 5.757280000000000175e-01 4.864640000000000075e-01
4.644739999999999980e-01 7.170109999999999539e-01 5.624679999999999680e-01 6.150010000000000199e-01 5.758959999999999635e-01
5.649359999999999937e-01 6.547800000000000287e-01 6.951490000000000169e-01 5.583989999999999787e-01 6.474550000000000027e-01
5.625480000000000480e-01 7.198400000000000354e-01 5.898090000000000277e-01 5.815129999999999466e-01 6.306939999999999769e-01
3.209110000000000018e-01 3.977330000000000032e-01 4.282699999999999840e-01 4.349000000000000088e-01 4.111170000000000102e-01
3.150430000000000175e-01 3.866749999999999909e-01 3.882729999999999793e-01 4.945950000000000069e-01 3.512750000000000039e-01
6.086709999999999621e-01 6.701380000000000114e-01 6.637070000000000469e-01 5.645850000000000035e-01 5.561509999999999510e-01
4.471789999999999932e-01 3.869630000000000014e-01 4.114929999999999977e-01 4.650679999999999814e-01 4.439290000000000180e-01
6.052189999999999515e-01 5.640129999999999866e-01 4.324529999999999763e-01 5.955249999999999710e-01 5.524809999999999999e-01
4.933699999999999752e-01 3.890970000000000262e-01 5.365900000000000114e-01 5.742639999999999967e-01 3.955190000000000095e-01
2.817120000000000180e-01 4.078100000000000058e-01 4.316559999999999842e-01 3.224620000000000264e-01 3.891970000000000152e-01
4.180659999999999932e-01 4.640900000000000025e-01 5.556299999999999573e-01 4.917699999999999849e-01 5.892859999999999765e-01
4.002060000000000062e-01 3.379809999999999759e-01 4.242170000000000107e-01 4.728359999999999785e-01 4.521680000000000144e-01
6.082070000000000531e-01 5.861800000000000344e-01 5.488469999999999738e-01 6.682660000000000267e-01 5.295760000000000467e-01
5.010569999999999746e-01 2.592829999999999857e-01 4.811559999999999726e-01 3.984019999999999784e-01 3.952749999999999875e-01
5.483700000000000241e-01 4.560569999999999902e-01 5.821760000000000268e-01 4.000070000000000014e-01 4.659050000000000136e-01
6.388639999999999874e-01 4.120699999999999918e-01 5.103459999999999663e-01 4.679610000000000158e-01 4.169019999999999948e-01
4.584300000000000042e-01 4.923230000000000106e-01 4.470779999999999754e-01 5.395809999999999773e-01 3.049479999999999968e-01
5.483980000000000521e-01 5.403090000000000392e-01 6.712019999999999653e-01 5.034589999999999899e-01 6.416760000000000241e-01
4.306249999999999800e-01 2.819989999999999997e-01 4.866260000000000030e-01 4.032490000000000241e-01 4.348600000000000243e-01
6.517349999999999532e-01 4.815150000000000263e-01 5.676750000000000407e-01 5.485430000000000028e-01 5.310099999999999820e-01
6.545640000000000347e-01 6.293250000000000233e-01 7.568310000000000315e-01 6.158439999999999470e-01 6.301700000000000079e-01
5.800250000000000128e-01 4.447690000000000254e-01 5.808060000000000445e-01 4.397969999999999935e-01 5.000609999999999777e-01
5.183759999999999479e-01 6.263560000000000239e-01 6.089820000000000233e-01 6.552890000000000104e-01 6.281379999999999741e-01
4.550290000000000168e-01 5.928240000000000176e-01 5.222120000000000095e-01 4.606799999999999784e-01 5.452580000000000204e-01
5.273679999999999479e-01 6.573039999999999994e-01 5.572190000000000198e-01 4.776110000000000078e-01 6.998670000000000169e-01
4.555480000000000085e-01 2.739329999999999821e-01 3.768880000000000008e-01 4.191219999999999946e-01 3.558450000000000224e-01
4.037669999999999870e-01 2.839550000000000129e-01 3.453939999999999788e-01 4.005319999999999991e-01 2.789719999999999978e-01
6.107930000000000303e-01 3.917919999999999736e-01 4.602350000000000052e-01 3.966669999999999918e-01 4.595279999999999920e-01
5.666989999999999528e-01 6.349320000000000519e-01 4.683869999999999978e-01 6.223570000000000491e-01 5.913739999999999553e-01
4.115610000000000102e-01 4.257340000000000013e-01 2.726379999999999915e-01 3.579879999999999729e-01 3.617380000000000040e-01
6.013509999999999689e-01 6.668039999999999523e-01 5.358789999999999942e-01 7.150130000000000097e-01 5.109409999999999785e-01
3.840910000000000157e-01 4.425740000000000229e-01 3.491060000000000274e-01 3.406629999999999936e-01 4.474299999999999944e-01
4.834109999999999796e-01 5.378680000000000128e-01 6.472390000000000088e-01 5.375450000000000506e-01 5.338060000000000027e-01
5.571770000000000334e-01 4.772970000000000268e-01 5.842140000000000111e-01 4.783549999999999747e-01 5.878799999999999581e-01
4.657669999999999866e-01 4.236130000000000173e-01 4.671080000000000232e-01 5.124250000000000194e-01 3.806010000000000226e-01
5.052370000000000472e-01 5.795059999999999656e-01 6.310599999999999543e-01 6.594740000000000046e-01 6.046479999999999633e-01
4.176750000000000185e-01 4.799160000000000093e-01 3.208440000000000181e-01 5.489340000000000330e-01 4.468170000000000197e-01
2.966860000000000053e-01 3.367789999999999950e-01 2.858370000000000077e-01 2.714730000000000198e-01 3.614160000000000150e-01
3.739370000000000194e-01 3.849139999999999784e-01 4.329169999999999963e-01 4.789499999999999869e-01 3.829739999999999811e-01
4.255039999999999933e-01 3.630720000000000058e-01 3.437500000000000000e-01 3.783480000000000176e-01 3.781289999999999929e-01
7.392760000000000442e-01 6.311229999999999896e-01 6.987419999999999742e-01 7.423499999999999543e-01 6.468610000000000193e-01
5.229340000000000099e-01 4.506229999999999958e-01 6.155380000000000296e-01 5.193870000000000431e-01 4.512129999999999752e-01
4.672890000000000099e-01 5.591310000000000446e-01 3.394519999999999760e-01 3.843980000000000175e-01 4.908040000000000180e-01
6.456140000000000212e-01 6.066359999999999530e-01 6.850009999999999710e-01 6.094100000000000072e-01 6.874900000000000455e-01
4.026699999999999724e-01 4.663780000000000148e-01 4.085679999999999867e-01 4.759959999999999747e-01 3.504590000000000205e-01
5.333400000000000363e-01 4.329620000000000135e-01 4.389629999999999921e-01 5.820250000000000146e-01 3.519689999999999763e-01
4.937529999999999974e-01 4.355330000000000035e-01 5.282559999999999478e-01 4.197110000000000007e-01 3.841829999999999967e-01
5.453130000000000477e-01 3.744899999999999896e-01 4.076020000000000199e-01 5.381000000000000227e-01 3.397769999999999957e-01
5.176720000000000210e-01 4.610520000000000174e-01 4.739760000000000084e-01 3.621679999999999899e-01 4.189939999999999776e-01
6.306420000000000359e-01 6.649380000000000290e-01 6.099639999999999507e-01 6.198630000000000528e-01 6.897400000000000198e-01
5.287720000000000198e-01 5.005650000000000377e-01 5.367790000000000061e-01 3.782900000000000151e-01 4.808359999999999856e-01
4.711449999999999805e-01 6.347909999999999942e-01 5.700239999999999752e-01 5.120810000000000084e-01 4.524039999999999728e-01
3.657380000000000075e-01 3.048589999999999911e-01 3.572919999999999985e-01 4.264830000000000010e-01 3.869719999999999827e-01
5.307340000000000391e-01 5.963450000000000140e-01 5.370219999999999994e-01 3.713910000000000267e-01 6.200409999999999533e-01
4.062669999999999892e-01 4.679389999999999938e-01 2.963589999999999836e-01 4.839890000000000025e-01 2.870989999999999931e-01
4.461539999999999950e-01 6.897149999999999670e-01 4.714459999999999762e-01 5.580580000000000540e-01 5.557879999999999487e-01
5.038120000000000376e-01 5.919529999999999514e-01 4.454359999999999986e-01 5.392179999999999751e-01 4.265599999999999947e-01
4.873739999999999739e-01 4.437809999999999810e-01 4.603130000000000277e-01 3.871060000000000056e-01 5.470920000000000227e-01
3.807579999999999854e-01 3.060809999999999920e-01 4.006580000000000141e-01 3.409280000000000088e-01 3.737840000000000051e-01
6.022020000000000151e-01 6.524649999999999617e-01 4.883330000000000171e-01 6.377380000000000271e-01 5.790300000000000447e-01
6.411200000000000232e-01 7.527549999999999519e-01 5.577590000000000048e-01 6.935459999999999958e-01 6.466650000000000453e-01
3.010720000000000063e-01 3.987290000000000001e-01 3.782550000000000079e-01 4.209849999999999981e-01 3.045120000000000049e-01
4.118370000000000086e-01 5.832199999999999607e-01 5.356009999999999938e-01 4.568499999999999783e-01 5.457300000000000484e-01
5.818200000000000038e-01 4.988710000000000089e-01 6.280710000000000459e-01 4.503699999999999926e-01 4.998380000000000045e-01
4.636520000000000086e-01 4.938569999999999904e-01 5.048169999999999602e-01 5.061309999999999976e-01 4.869310000000000027e-01
4.732379999999999920e-01 4.957250000000000267e-01 5.125840000000000396e-01 4.275630000000000264e-01 5.386170000000000124e-01
4.379520000000000080e-01 4.563670000000000226e-01 5.498089999999999922e-01 4.947730000000000183e-01 4.916170000000000262e-01
5.743329999999999824e-01 4.730289999999999773e-01 4.620659999999999767e-01 5.353649999999999798e-01 4.408860000000000001e-01
4.690239999999999965e-01 3.793889999999999763e-01 3.555650000000000199e-01 5.509479999999999933e-01 3.006940000000000168e-01
5.092740000000000045e-01 3.524999999999999800e-01 5.190900000000000514e-01 4.346090000000000231e-01 3.523020000000000040e-01
4.525319999999999898e-01 5.218019999999999881e-01 4.367429999999999923e-01 3.879909999999999748e-01 5.114309999999999690e-01
3.244870000000000254e-01 4.397730000000000250e-01 3.128610000000000002e-01 3.789879999999999916e-01 4.673019999999999952e-01
5.117359999999999687e-01 6.684719999999999551e-01 6.911469999999999558e-01 5.960149999999999615e-01 6.819490000000000274e-01
6.514069999999999583e-01 6.326230000000000464e-01 6.505210000000000159e-01 6.688460000000000516e-01 5.010170000000000456e-01
5.836179999999999701e-01 6.177599999999999758e-01 4.600620000000000265e-01 5.615970000000000129e-01 4.846829999999999750e-01
4.258520000000000083e-01 3.399519999999999764e-01 3.887399999999999745e-01 4.196030000000000038e-01 2.782240000000000268e-01
3.901499999999999968e-01 4.067990000000000217e-01 4.061859999999999915e-01 2.682050000000000267e-01 5.197960000000000358e-01
5.461099999999999843e-01 3.595110000000000250e-01 3.838710000000000178e-01 4.728620000000000045e-01 4.391050000000000231e-01
4.396959999999999757e-01 5.331970000000000320e-01 5.309639999999999915e-01 3.379610000000000114e-01 5.056619999999999449e-01
3.486349999999999727e-01 2.827290000000000081e-01 2.887379999999999947e-01 3.576190000000000202e-01 3.377350000000000074e-01
3.695809999999999929e-01 3.701280000000000125e-01 3.692489999999999939e-01 2.516689999999999761e-01 4.345289999999999986e-01
3.286560000000000037e-01 3.401190000000000047e-01 2.502519999999999745e-01 3.631659999999999888e-01 2.688550000000000106e-01
4.543449999999999989e-01 4.496600000000000041e-01 4.227730000000000099e-01 4.533889999999999865e-01 3.925960000000000005e-01
5.770049999999999901e-01 6.767950000000000355e-01 5.301399999999999446e-01 5.576670000000000238e-01 6.680840000000000112e-01
4.528289999999999815e-01 6.021260000000000501e-01 5.908989999999999521e-01 5.319359999999999644e-01 5.685109999999999886e-01
3.155180000000000207e-01 3.532549999999999857e-01 3.757570000000000077e-01 3.383269999999999889e-01 4.124749999999999805e-01
4.917710000000000137e-01 4.771830000000000238e-01 4.473170000000000202e-01 4.581729999999999969e-01 5.359359999999999680e-01
3.858809999999999740e-01 3.832329999999999903e-01 4.818029999999999813e-01 4.136529999999999929e-01 4.617669999999999830e-01
5.210630000000000539e-01 6.297850000000000392e-01 6.083340000000000414e-01 5.421500000000000208e-01 5.431979999999999587e-01
6.202149999999999608e-01 4.624349999999999850e-01 4.904600000000000071e-01 5.897480000000000500e-01 3.588299999999999823e-01
4.110960000000000170e-01 3.776959999999999762e-01 3.051659999999999928e-01 4.607379999999999809e-01 3.403229999999999866e-01
3.511989999999999834e-01 5.181200000000000250e-01 2.860389999999999877e-01 4.072970000000000201e-01 3.390830000000000233e-01
4.498849999999999794e-01 3.531869999999999732e-01 3.740410000000000124e-01 5.316490000000000382e-01 2.870219999999999994e-01
4.051790000000000114e-01 3.302379999999999760e-01 3.969820000000000015e-01 2.541050000000000253e-01 4.107950000000000212e-01
4.489409999999999790e-01 5.747079999999999966e-01 3.490110000000000157e-01 4.892290000000000250e-01 3.378610000000000224e-01
4.177679999999999727e-01 6.003899999999999793e-01 4.048160000000000092e-01 3.876970000000000138e-01 5.269810000000000327e-01
6.422719999999999541e-01 6.813190000000000079e-01 7.063810000000000366e-01 6.655090000000000172e-01 7.551020000000000509e-01
5.159629999999999495e-01 7.324739999999999585e-01 5.561939999999999662e-01 6.452050000000000285e-01 5.907780000000000253e-01
4.845140000000000002e-01 5.352970000000000228e-01 4.849300000000000277e-01 4.621839999999999837e-01 6.245659999999999545e-01
5.870999999999999552e-01 3.985819999999999919e-01 5.815430000000000321e-01 5.400329999999999853e-01 4.512189999999999812e-01
6.105519999999999836e-01 5.375760000000000538e-01 5.409629999999999717e-01 5.494729999999999892e-01 5.057719999999999994e-01
6.746940000000000159e-01 5.432869999999999644e-01 6.567359999999999864e-01 6.329799999999999871e-01 6.073560000000000070e-01
3.155740000000000212e-01 4.724749999999999783e-01 3.513649999999999829e-01 3.874000000000000221e-01 4.805869999999999864e-01
5.252229999999999954e-01 6.312529999999999530e-01 4.829970000000000097e-01 4.909660000000000135e-01 4.584289999999999754e-01
5.252649999999999819e-01 5.569309999999999539e-01 4.647950000000000137e-01 5.758539999999999770e-01 4.748009999999999731e-01
3.608629999999999893e-01 3.807710000000000261e-01 4.880300000000000193e-01 3.282860000000000222e-01 3.726689999999999725e-01
4.795440000000000258e-01 3.870839999999999836e-01 4.423639999999999795e-01 2.843379999999999797e-01 4.309200000000000252e-01
5.668830000000000258e-01 6.116439999999999655e-01 6.319069999999999965e-01 6.886849999999999916e-01 5.983629999999999782e-01
4.338330000000000242e-01 4.193200000000000260e-01 4.312730000000000175e-01 3.742719999999999936e-01 3.963240000000000096e-01
3.310330000000000217e-01 3.531969999999999832e-01 3.616610000000000102e-01 4.675639999999999796e-01 3.782670000000000199e-01
5.756310000000000038e-01 5.676179999999999559e-01 4.732020000000000115e-01 4.470850000000000102e-01 5.968909999999999494e-01
5.961469999999999825e-01 5.073170000000000179e-01 7.022540000000000449e-01 5.252719999999999612e-01 6.041400000000000103e-01
6.519500000000000295e-01 4.405220000000000247e-01 5.351529999999999898e-01 5.540220000000000145e-01 4.187919999999999976e-01
6.701270000000000282e-01 4.443500000000000227e-01 6.255960000000000409e-01 5.642350000000000421e-01 4.801010000000000000e-01
6.925160000000000204e-01 7.566349999999999465e-01 6.820640000000000036e-01 6.954960000000000031e-01 6.372060000000000501e-01
4.231770000000000254e-01 3.865049999999999875e-01 3.610999999999999766e-01 4.799019999999999953e-01 3.624859999999999749e-01
5.947259999999999769e-01 5.368319999999999759e-01 5.647699999999999942e-01 5.038859999999999451e-01 5.160510000000000375e-01
4.724070000000000213e-01 5.907890000000000086e-01 4.168890000000000096e-01 5.515949999999999465e-01 5.128000000000000336e-01
6.255629999999999802e-01 4.934959999999999902e-01 5.480420000000000291e-01 5.710800000000000320e-01 4.051950000000000274e-01
3.929099999999999815e-01 6.387239999999999585e-01 4.183180000000000232e-01 5.189629999999999521e-01 5.367210000000000036e-01
6.370550000000000379e-01 5.479779999999999651e-01 6.361320000000000308e-01 5.355720000000000480e-01 4.585670000000000024e-01
5.064030000000000475e-01 5.720199999999999729e-01 6.259609999999999896e-01 6.258599999999999719e-01 6.875719999999999610e-01
3.800419999999999909e-01 3.711909999999999932e-01 3.199199999999999822e-01 3.788880000000000026e-01 2.735049999999999981e-01
5.087920000000000220e-01 5.623120000000000340e-01 4.542359999999999731e-01 5.689610000000000500e-01 6.353210000000000246e-01
5.272099999999999564e-01 5.702899999999999636e-01 6.657600000000000184e-01 5.805390000000000272e-01 5.352649999999999908e-01
5.323480000000000434e-01 4.144120000000000026e-01 5.151189999999999936e-01 3.739330000000000154e-01 4.616190000000000015e-01
4.061109999999999998e-01 6.091210000000000235e-01 4.499460000000000126e-01 4.416059999999999985e-01 5.137960000000000305e-01
4.451359999999999761e-01 4.604509999999999992e-01 4.804189999999999849e-01 5.491380000000000150e-01 4.632080000000000086e-01
5.610779999999999657e-01 5.831399999999999917e-01 4.618160000000000043e-01 4.611959999999999948e-01 5.250960000000000072e-01
5.522289999999999699e-01 3.742550000000000043e-01 4.171489999999999920e-01 4.666710000000000025e-01 3.509280000000000177e-01
5.930560000000000276e-01 6.675320000000000142e-01 5.950969999999999871e-01 6.461479999999999446e-01 6.880500000000000504e-01
3.254739999999999855e-01 5.606079999999999952e-01 5.047129999999999672e-01 4.230900000000000216e-01 5.580880000000000285e-01
5.335550000000000015e-01 6.698020000000000085e-01 6.312579999999999858e-01 6.585790000000000255e-01 6.209069999999999867e-01
4.662069999999999825e-01 7.024129999999999541e-01 5.115340000000000442e-01 6.126209999999999711e-01 4.964950000000000196e-01
4.877049999999999996e-01 4.055650000000000088e-01 6.258129999999999526e-01 3.772780000000000022e-01 5.029740000000000322e-01
4.152620000000000200e-01 4.500359999999999916e-01 5.187509999999999621e-01 4.436189999999999856e-01 3.586699999999999888e-01
5.976249999999999618e-01 5.558319999999999927e-01 4.995160000000000156e-01 4.487010000000000165e-01 5.058599999999999763e-01
2.663599999999999857e-01 3.001150000000000206e-01 2.538639999999999786e-01 3.168900000000000050e-01 3.052940000000000098e-01
3.331299999999999817e-01 4.827690000000000037e-01 4.323699999999999766e-01 4.456519999999999926e-01 4.977949999999999875e-01
5.685149999999999926e-01 6.349510000000000431e-01 4.679659999999999931e-01 5.823580000000000423e-01 4.812719999999999776e-01
2.621680000000000121e-01 3.079140000000000210e-01 2.961010000000000031e-01 2.914089999999999736e-01 2.499190000000000023e-01
4.918959999999999999e-01 3.566829999999999723e-01 3.517460000000000031e-01 5.127770000000000383e-01 3.970179999999999820e-01
3.396680000000000255e-01 4.621210000000000040e-01 5.213119999999999976e-01 4.837629999999999986e-01 5.047829999999999817e-01
5.335619999999999807e-01 4.624349999999999850e-01 4.968299999999999939e-01 6.505779999999999896e-01 4.027620000000000089e-01
4.803669999999999884e-01 5.695879999999999832e-01 4.425419999999999909e-01 5.024399999999999977e-01 4.590159999999999796e-01
6.678650000000000420e-01 6.268679999999999808e-01 5.769959999999999534e-01 7.450970000000000093e-01 5.568720000000000336e-01
3.687739999999999907e-01 5.101919999999999789e-01 5.415929999999999911e-01 4.255869999999999931e-01 5.391299999999999981e-01
6.009649999999999714e-01 4.484310000000000240e-01 4.575850000000000195e-01 6.490749999999999575e-01 3.421139999999999737e-01
5.638859999999999983e-01 6.321229999999999905e-01 4.988409999999999789e-01 5.548699999999999743e-01 5.305980000000000141e-01
6.605520000000000280e-01 5.292289999999999495e-01 7.086900000000000421e-01 6.332989999999999453e-01 5.086180000000000145e-01
6.087320000000000508e-01 6.423720000000000541e-01 5.562059999999999782e-01 5.311500000000000110e-01 6.798760000000000359e-01
5.918820000000000192e-01 5.134119999999999795e-01 5.248969999999999470e-01 3.809509999999999841e-01 4.647939999999999849e-01
4.631589999999999874e-01 3.897459999999999813e-01 4.314660000000000162e-01 3.256459999999999910e-01 3.751160000000000050e-01
4.557660000000000045e-01 2.874709999999999765e-01 5.158749999999999725e-01 3.299810000000000243e-01 4.427340000000000164e-01
4.633160000000000056e-01 5.652629999999999599e-01 5.353670000000000373e-01 5.952020000000000088e-01 4.782330000000000192e-01
6.316239999999999633e-01 4.055270000000000263e-01 4.399049999999999905e-01 5.797020000000000506e-01 4.065650000000000097e-01
4.780130000000000212e-01 5.617910000000000403e-01 5.644040000000000168e-01 5.088869999999999783e-01 5.093199999999999950e-01
6.020870000000000388e-01 5.655559999999999476e-01 6.289630000000000498e-01 6.009330000000000505e-01 5.535729999999999817e-01
5.236269999999999536e-01 5.929020000000000401e-01 5.240339999999999998e-01 6.325600000000000112e-01 5.625179999999999625e-01
5.825970000000000315e-01 5.003710000000000102e-01 7.028769999999999740e-01 5.336659999999999737e-01 6.438390000000000502e-01
5.323510000000000186e-01 5.312419999999999920e-01 4.863060000000000160e-01 5.691030000000000255e-01 3.930060000000000220e-01
3.612580000000000235e-01 4.237489999999999868e-01 3.310040000000000204e-01 4.341679999999999984e-01 3.482319999999999860e-01
5.460199999999999498e-01 6.683980000000000476e-01 5.109900000000000553e-01 6.830000000000000515e-01 4.885720000000000063e-01
5.723559999999999759e-01 4.543059999999999876e-01 5.183569999999999567e-01 5.181550000000000322e-01 5.879259999999999486e-01
4.545710000000000028e-01 3.885089999999999932e-01 3.483850000000000002e-01 4.368170000000000108e-01 3.161769999999999858e-01
6.543229999999999880e-01 6.044220000000000148e-01 6.407599999999999962e-01 4.669179999999999997e-01 6.162699999999999845e-01
4.787520000000000109e-01 4.062000000000000055e-01 4.540759999999999796e-01 3.028129999999999988e-01 4.464750000000000107e-01
5.900509999999999922e-01 4.589829999999999743e-01 4.762799999999999812e-01 6.376169999999999893e-01 5.110949999999999660e-01
5.243349999999999955e-01 4.323480000000000101e-01 6.030389999999999917e-01 5.532610000000000028e-01 5.977139999999999675e-01
3.939159999999999884e-01 4.481089999999999796e-01 2.704920000000000102e-01 4.652459999999999929e-01 3.458640000000000048e-01
4.442570000000000130e-01 4.647879999999999789e-01 4.599940000000000140e-01 3.935589999999999922e-01 4.832460000000000089e-01
4.263129999999999975e-01 3.589519999999999933e-01 4.711640000000000272e-01 4.744689999999999741e-01 3.764480000000000048e-01
5.237410000000000121e-01 4.160249999999999782e-01 4.921710000000000251e-01 4.432139999999999969e-01 4.496769999999999934e-01
4.533789999999999765e-01 5.159569999999999990e-01 4.824330000000000007e-01 6.381599999999999495e-01 5.513350000000000195e-01
5.861910000000000176e-01 5.910220000000000473e-01 5.133060000000000400e-01 5.658910000000000329e-01 3.992269999999999985e-01
5.416229999999999656e-01 4.654550000000000076e-01 4.273120000000000251e-01 4.000079999999999747e-01 5.718999999999999639e-01
5.082579999999999876e-01 3.335259999999999891e-01 4.755210000000000270e-01 5.039230000000000098e-01 4.051830000000000154e-01
5.475780000000000092e-01 5.352019999999999555e-01 5.876069999999999904e-01 5.653080000000000327e-01 6.842110000000000136e-01
4.944000000000000061e-01 4.603749999999999787e-01 5.957179999999999698e-01 3.681760000000000033e-01 5.724799999999999889e-01
3.588979999999999948e-01 2.535999999999999921e-01 3.745269999999999988e-01 3.074930000000000163e-01 4.004179999999999962e-01
3.397569999999999757e-01 4.679070000000000173e-01 3.830990000000000228e-01 4.296889999999999876e-01 3.907840000000000202e-01
7.455260000000000220e-01 6.660570000000000102e-01 7.017430000000000057e-01 7.297620000000000218e-01 7.063500000000000334e-01
6.052469999999999795e-01 4.800809999999999800e-01 6.747980000000000089e-01 4.827210000000000112e-01 6.336829999999999963e-01
5.177979999999999805e-01 5.818640000000000478e-01 5.891410000000000258e-01 4.477079999999999949e-01 4.740949999999999886e-01
3.994610000000000105e-01 4.674789999999999779e-01 5.237960000000000393e-01 4.435540000000000038e-01 4.714709999999999734e-01
5.035370000000000124e-01 4.136949999999999794e-01 5.830079999999999707e-01 3.815029999999999810e-01 5.805930000000000257e-01
5.957120000000000193e-01 4.409480000000000066e-01 5.632040000000000379e-01 5.947149999999999936e-01 4.046620000000000217e-01
5.757999999999999785e-01 6.425440000000000040e-01 4.148310000000000053e-01 6.522310000000000052e-01 5.990149999999999642e-01
5.068479999999999652e-01 4.645599999999999730e-01 5.939039999999999875e-01 4.063979999999999815e-01 5.586940000000000239e-01
6.552639999999999576e-01 3.837019999999999875e-01 5.191679999999999628e-01 5.684700000000000308e-01 3.923749999999999738e-01
5.229869999999999797e-01 5.413419999999999899e-01 3.591500000000000248e-01 5.284870000000000401e-01 3.742550000000000043e-01
4.965720000000000134e-01 4.719140000000000001e-01 4.188729999999999953e-01 5.055749999999999966e-01 4.168799999999999728e-01
5.791899999999999826e-01 6.231170000000000320e-01 5.534320000000000350e-01 6.714219999999999633e-01 4.513619999999999854e-01
6.239419999999999966e-01 5.523299999999999876e-01 5.332029999999999825e-01 4.398920000000000052e-01 5.148730000000000251e-01
4.982190000000000230e-01 5.763340000000000130e-01 4.325069999999999748e-01 3.919059999999999766e-01 4.833580000000000099e-01
6.285260000000000291e-01 7.006090000000000373e-01 6.858419999999999517e-01 6.226469999999999505e-01 6.598019999999999996e-01
5.534320000000000350e-01 5.971840000000000481e-01 4.545589999999999908e-01 6.989840000000000497e-01 4.876420000000000199e-01
5.891380000000000505e-01 6.302100000000000479e-01 6.891399999999999748e-01 6.101010000000000044e-01 5.436170000000000169e-01
5.965169999999999639e-01 6.623890000000000056e-01 5.770950000000000246e-01 6.418979999999999686e-01 5.369230000000000391e-01
6.676069999999999505e-01 6.010490000000000554e-01 4.963270000000000182e-01 6.172060000000000324e-01 5.536900000000000155e-01
6.999670000000000059e-01 5.242229999999999945e-01 6.692599999999999660e-01 5.379500000000000393e-01 5.292019999999999502e-01
6.057890000000000219e-01 6.997179999999999511e-01 5.601350000000000495e-01 5.753030000000000088e-01 6.641259999999999941e-01
4.372420000000000195e-01 5.833909999999999929e-01 5.910450000000000426e-01 5.322299999999999809e-01 5.449509999999999632e-01
3.730580000000000007e-01 4.898620000000000196e-01 4.285100000000000020e-01 4.173080000000000123e-01 3.960899999999999976e-01
5.730990000000000251e-01 5.235290000000000221e-01 4.197000000000000175e-01 4.479069999999999996e-01 6.128919999999999924e-01
6.827260000000000550e-01 5.543780000000000374e-01 6.512289999999999468e-01 6.584950000000000525e-01 5.171329999999999538e-01
4.579110000000000125e-01 6.585459999999999647e-01 5.033539999999999681e-01 5.165009999999999879e-01 5.730340000000000433e-01
6.518939999999999735e-01 5.265779999999999905e-01 6.633019999999999472e-01 6.014950000000000019e-01 6.443719999999999448e-01
6.916590000000000238e-01 7.109849999999999781e-01 6.099639999999999507e-01 6.336129999999999818e-01 6.309820000000000428e-01
5.740600000000000147e-01 5.037979999999999681e-01 5.798480000000000301e-01 6.011999999999999567e-01 5.218530000000000113e-01
5.732279999999999598e-01 5.105899999999999883e-01 6.095690000000000275e-01 4.787270000000000136e-01 5.225649999999999462e-01
5.267939999999999845e-01 5.563000000000000167e-01 5.340920000000000112e-01 5.868839999999999613e-01 5.781250000000000000e-01
4.940590000000000259e-01 5.248220000000000107e-01 4.465749999999999997e-01 5.236849999999999561e-01 3.592750000000000110e-01
3.780549999999999744e-01 4.376900000000000235e-01 4.042319999999999802e-01 3.487790000000000057e-01 3.381359999999999921e-01
5.336049999999999960e-01 5.958799999999999653e-01 3.880390000000000228e-01 4.880559999999999898e-01 4.967690000000000161e-01
6.574240000000000084e-01 4.880900000000000238e-01 5.454830000000000512e-01 6.800439999999999818e-01 4.081409999999999760e-01
6.181750000000000300e-01 5.926649999999999974e-01 5.233189999999999786e-01 6.876679999999999460e-01 6.182839999999999447e-01
5.880790000000000184e-01 7.250250000000000306e-01 6.111809999999999743e-01 5.744139999999999802e-01 6.664550000000000196e-01
5.303820000000000201e-01 5.705820000000000336e-01 4.778299999999999770e-01 4.138970000000000149e-01 5.853319999999999634e-01
4.672020000000000062e-01 4.731679999999999775e-01 3.908550000000000080e-01 4.480689999999999951e-01 5.075709999999999944e-01
5.695500000000000007e-01 6.716659999999999853e-01 5.342710000000000514e-01 5.853479999999999794e-01 5.443139999999999645e-01
4.917170000000000152e-01 3.506619999999999737e-01 4.133140000000000147e-01 4.406100000000000017e-01 5.400439999999999685e-01
7.277630000000000488e-01 6.018750000000000488e-01 6.738349999999999618e-01 6.310499999999999998e-01 6.187650000000000095e-01
6.691049999999999498e-01 6.378000000000000336e-01 5.116089999999999804e-01 5.669509999999999827e-01 6.104779999999999651e-01
5.083560000000000301e-01 6.834850000000000092e-01 5.837290000000000534e-01 6.169200000000000239e-01 6.780770000000000408e-01
5.276420000000000554e-01 4.999020000000000130e-01 6.476070000000000437e-01 5.218730000000000313e-01 5.529960000000000431e-01
4.008639999999999981e-01 4.808700000000000196e-01 4.623570000000000180e-01 4.966439999999999744e-01 4.823230000000000017e-01
4.902889999999999748e-01 5.688180000000000458e-01 5.642200000000000548e-01 5.211440000000000516e-01 5.254889999999999839e-01
3.679640000000000133e-01 3.794660000000000255e-01 4.039320000000000133e-01 3.672230000000000216e-01 4.219169999999999865e-01
5.249810000000000310e-01 5.605860000000000287e-01 6.749929999999999541e-01 4.881699999999999928e-01 5.117089999999999694e-01
3.498800000000000243e-01 3.999889999999999834e-01 3.134060000000000179e-01 4.125280000000000058e-01 4.317480000000000206e-01
6.670979999999999688e-01 6.886360000000000259e-01 5.737459999999999782e-01 6.584339999999999637e-01 5.503740000000000299e-01
6.983359999999999568e-01 5.971319999999999961e-01 5.783709999999999685e-01 6.090799999999999548e-01 5.224370000000000402e-01
3.129580000000000140e-01 4.163950000000000151e-01 4.523369999999999891e-01 4.872609999999999997e-01 4.583280000000000132e-01
5.311270000000000158e-01 5.314929999999999932e-01 6.506979999999999986e-01 4.551259999999999750e-01 6.638359999999999816e-01
4.505879999999999885e-01 4.846809999999999730e-01 3.037110000000000087e-01 4.455890000000000128e-01 4.457030000000000158e-01
3.145919999999999828e-01 3.919900000000000051e-01 3.080459999999999865e-01 3.740260000000000251e-01 3.928710000000000258e-01
3.794139999999999735e-01 4.002829999999999999e-01 4.218979999999999952e-01 4.487300000000000177e-01 5.207300000000000262e-01
5.162830000000000474e-01 5.204649999999999554e-01 4.166920000000000068e-01 3.548310000000000075e-01 5.262630000000000363e-01
4.911510000000000042e-01 4.898719999999999741e-01 4.917369999999999797e-01 5.766759999999999664e-01 5.234769999999999701e-01
7.070060000000000233e-01 6.007479999999999487e-01 6.286230000000000429e-01 7.197649999999999881e-01 5.312590000000000368e-01
3.618049999999999877e-01 3.332680000000000087e-01 2.928749999999999964e-01 3.140209999999999946e-01 3.383950000000000014e-01
5.023499999999999632e-01 5.276990000000000292e-01 3.608299999999999841e-01 5.123269999999999769e-01 3.168750000000000178e-01
6.272579999999999822e-01 5.408659999999999579e-01 5.355440000000000200e-01 6.886020000000000474e-01 6.000429999999999930e-01
5.217500000000000471e-01 4.296150000000000246e-01 5.750189999999999468e-01 5.190789999999999571e-01 6.367979999999999752e-01
4.305979999999999808e-01 4.471019999999999994e-01 6.371360000000000356e-01 4.271119999999999917e-01 4.994560000000000111e-01
6.770789999999999864e-01 7.062899999999999734e-01 6.375439999999999996e-01 7.484600000000000142e-01 6.166390000000000482e-01
4.660810000000000231e-01 2.914800000000000169e-01 3.534050000000000247e-01 3.910080000000000222e-01 3.271990000000000176e-01
3.899949999999999806e-01 2.944609999999999728e-01 4.434259999999999868e-01 4.037780000000000258e-01 3.375119999999999787e-01
5.564729999999999954e-01 6.959640000000000271e-01 5.530779999999999585e-01 6.727109999999999479e-01 5.616619999999999946e-01
5.465299999999999603e-01 5.704329999999999679e-01 5.702070000000000194e-01 6.637979999999999992e-01 6.400839999999999863e-01
3.974570000000000047e-01 4.493579999999999797e-01 3.785109999999999864e-01 5.456330000000000346e-01 3.713299999999999934e-01
6.837760000000000504e-01 7.467359999999999554e-01 7.207649999999999890e-01 6.959729999999999528e-01 7.185979999999999590e-01
3.965290000000000203e-01 4.943279999999999896e-01 3.879770000000000163e-01 3.957869999999999999e-01 4.638920000000000265e-01
2.819229999999999792e-01 4.120150000000000201e-01 4.285340000000000260e-01 4.028070000000000261e-01 5.112259999999999582e-01
4.176070000000000060e-01 6.097500000000000142e-01 4.233649999999999913e-01 4.070400000000000129e-01 4.222899999999999987e-01
6.104180000000000161e-01 5.095190000000000552e-01 4.887949999999999795e-01 5.823439999999999728e-01 4.878179999999999739e-01
5.371059999999999723e-01 6.443680000000000518e-01 5.118660000000000432e-01 4.778140000000000165e-01 6.379749999999999588e-01
4.631080000000000196e-01 4.599360000000000115e-01 5.823270000000000390e-01 4.233120000000000216e-01 6.376920000000000366e-01
4.362619999999999831e-01 4.596819999999999795e-01 3.333789999999999809e-01 4.034949999999999926e-01 2.537380000000000191e-01
5.719300000000000495e-01 5.591150000000000286e-01 5.084279999999999911e-01 6.812690000000000135e-01 5.898970000000000047e-01
4.103370000000000073e-01 4.819269999999999943e-01 5.296039999999999637e-01 4.399259999999999837e-01 5.301230000000000109e-01
3.910290000000000155e-01 4.216880000000000073e-01 5.408929999999999572e-01 5.015910000000000091e-01 4.942889999999999784e-01
2.761359999999999926e-01 3.250930000000000208e-01 2.736819999999999808e-01 2.755879999999999996e-01 3.058770000000000100e-01
6.535379999999999523e-01 6.351400000000000379e-01 5.588729999999999531e-01 5.622369999999999868e-01 5.449990000000000112e-01
7.444669999999999899e-01 6.017850000000000144e-01 7.417300000000000004e-01 6.500029999999999974e-01 6.944630000000000525e-01
5.040360000000000396e-01 4.831880000000000064e-01 4.069559999999999844e-01 3.970259999999999900e-01 4.422630000000000172e-01
7.143760000000000110e-01 6.304030000000000467e-01 6.810880000000000267e-01 5.947029999999999816e-01 5.861250000000000071e-01
6.768110000000000515e-01 5.260240000000000471e-01 5.708320000000000061e-01 5.898280000000000189e-01 4.905979999999999785e-01
5.665710000000000468e-01 5.026699999999999502e-01 6.091480000000000228e-01 6.331630000000000313e-01 5.743780000000000552e-01
7.453159999999999785e-01 6.794360000000000399e-01 7.035930000000000240e-01 6.895120000000000138e-01 6.698910000000000142e-01
4.479369999999999741e-01 4.481160000000000143e-01 4.279310000000000058e-01 4.213210000000000011e-01 5.309409999999999963e-01
3.380440000000000111e-01 2.762749999999999928e-01 4.292179999999999884e-01 3.887189999999999812e-01 3.398930000000000007e-01
3.709810000000000052e-01 4.971140000000000003e-01 4.223950000000000204e-01 3.774580000000000157e-01 3.896040000000000059e-01
7.291950000000000376e-01 5.737149999999999750e-01 7.480219999999999647e-01 6.926120000000000054e-01 6.576020000000000199e-01
7.053599999999999870e-01 7.096999999999999975e-01 6.274729999999999475e-01 7.388379999999999947e-01 6.022690000000000543e-01
4.866920000000000135e-01 6.057399999999999451e-01 4.075300000000000034e-01 6.031539999999999679e-01 4.685500000000000220e-01
5.389659999999999451e-01 5.277380000000000404e-01 4.852679999999999771e-01 5.008780000000000454e-01 5.079350000000000254e-01
4.749940000000000273e-01 6.066390000000000393e-01 6.046359999999999513e-01 5.768330000000000402e-01 5.685289999999999511e-01
4.954259999999999775e-01 4.727879999999999860e-01 4.299910000000000121e-01 4.768620000000000081e-01 3.105080000000000062e-01
4.489330000000000265e-01 4.547479999999999856e-01 4.946940000000000226e-01 3.561389999999999834e-01 3.781039999999999957e-01
5.167650000000000299e-01 4.593400000000000261e-01 5.672169999999999712e-01 6.058780000000000276e-01 5.696179999999999577e-01
4.750829999999999775e-01 5.891969999999999708e-01 5.732760000000000078e-01 4.921530000000000071e-01 7.002909999999999968e-01
2.780909999999999771e-01 2.951320000000000054e-01 3.310170000000000057e-01 2.522909999999999875e-01 3.026329999999999854e-01
6.079250000000000487e-01 5.139099999999999779e-01 5.752260000000000151e-01 5.317659999999999609e-01 6.211449999999999472e-01
5.544869999999999521e-01 6.206540000000000390e-01 5.006699999999999484e-01 5.775379999999999958e-01 5.243470000000000075e-01
4.380760000000000209e-01 5.590559999999999974e-01 3.835580000000000100e-01 5.582030000000000047e-01 5.881520000000000081e-01
5.153969999999999940e-01 4.891699999999999937e-01 4.338130000000000042e-01 4.742720000000000269e-01 5.030839999999999756e-01
4.051839999999999886e-01 3.788969999999999838e-01 3.402439999999999909e-01 4.106929999999999747e-01 4.189499999999999891e-01
4.066299999999999915e-01 3.198559999999999737e-01 3.028580000000000161e-01 4.376070000000000237e-01 2.657869999999999955e-01
2.684579999999999744e-01 3.736959999999999726e-01 4.022609999999999797e-01 3.600789999999999824e-01 4.742669999999999941e-01
4.055830000000000268e-01 4.360189999999999899e-01 3.676099999999999923e-01 4.058740000000000125e-01 4.554360000000000075e-01
5.222130000000000383e-01 5.837940000000000351e-01 4.730739999999999945e-01 5.804880000000000040e-01 4.903410000000000268e-01
2.494030000000000136e-01 3.734239999999999782e-01 3.303809999999999802e-01 2.934530000000000194e-01 3.361120000000000219e-01
4.407389999999999919e-01 4.377289999999999792e-01 3.558270000000000044e-01 4.409649999999999959e-01 3.256600000000000050e-01
7.447510000000000518e-01 6.993629999999999569e-01 6.767079999999999762e-01 6.700260000000000105e-01 5.894909999999999872e-01
6.083560000000000079e-01 5.275020000000000264e-01 6.625130000000000186e-01 5.920630000000000059e-01 4.488630000000000120e-01
5.157950000000000035e-01 4.773169999999999913e-01 6.166460000000000274e-01 5.576740000000000030e-01 4.997530000000000028e-01
4.978790000000000160e-01 4.860829999999999873e-01 4.004860000000000086e-01 5.569690000000000474e-01 2.710580000000000211e-01
5.512179999999999858e-01 5.129869999999999708e-01 4.784630000000000272e-01 4.162640000000000229e-01 5.665400000000000436e-01
4.157569999999999877e-01 3.573439999999999950e-01 4.435120000000000173e-01 4.453059999999999796e-01 4.677200000000000246e-01
6.011170000000000124e-01 6.492240000000000233e-01 5.447380000000000555e-01 5.298640000000000017e-01 5.279530000000000056e-01
2.821839999999999904e-01 3.251510000000000233e-01 3.093940000000000023e-01 3.608460000000000001e-01 3.073350000000000248e-01
5.851180000000000270e-01 3.665070000000000272e-01 5.477330000000000254e-01 4.892830000000000235e-01 4.387449999999999961e-01
5.080540000000000056e-01 6.275370000000000115e-01 4.189820000000000211e-01 5.181810000000000027e-01 4.269470000000000209e-01
5.123100000000000431e-01 4.889270000000000005e-01 4.716589999999999949e-01 5.767139999999999489e-01 4.451720000000000121e-01
2.691720000000000224e-01 3.519369999999999998e-01 2.318330000000000113e-01 3.088060000000000249e-01 3.235910000000000175e-01
5.441909999999999803e-01 6.124020000000000019e-01 5.113750000000000240e-01 5.897139999999999604e-01 5.830880000000000507e-01
4.284669999999999868e-01 5.068030000000000035e-01 4.575400000000000023e-01 4.967570000000000041e-01 4.854069999999999774e-01
3.561320000000000041e-01 3.143230000000000190e-01 4.233089999999999908e-01 2.591010000000000257e-01 3.919380000000000086e-01
5.516130000000000200e-01 3.919770000000000199e-01 4.657919999999999838e-01 4.070889999999999787e-01 5.599650000000000460e-01
6.046059999999999768e-01 7.823790000000000466e-01 5.529560000000000031e-01 7.109699999999999909e-01 6.402240000000000153e-01
6.797090000000000076e-01 5.763009999999999522e-01 6.148280000000000411e-01 5.936860000000000470e-01 5.380620000000000402e-01
6.280700000000000172e-01 5.435050000000000159e-01 6.522729999999999917e-01 4.633999999999999786e-01 5.927829999999999488e-01
5.803040000000000420e-01 4.698860000000000259e-01 6.530839999999999979e-01 3.742929999999999868e-01 6.161520000000000330e-01
7.124979999999999647e-01 7.338369999999999616e-01 6.847389999999999866e-01 6.826630000000000198e-01 6.786799999999999500e-01
4.111679999999999779e-01 4.624949999999999894e-01 3.463370000000000060e-01 4.246420000000000194e-01 3.476409999999999778e-01
3.038870000000000182e-01 3.153500000000000192e-01 2.956509999999999971e-01 2.869090000000000251e-01 3.172740000000000005e-01
5.670260000000000300e-01 3.751659999999999995e-01 5.863960000000000283e-01 4.786779999999999924e-01 4.858979999999999966e-01
4.455959999999999921e-01 5.166770000000000529e-01 3.735879999999999757e-01 5.112010000000000165e-01 4.089220000000000077e-01
3.806030000000000246e-01 4.956550000000000122e-01 4.465160000000000240e-01 4.893859999999999877e-01 4.551189999999999958e-01
5.695660000000000167e-01 4.957719999999999905e-01 4.143410000000000148e-01 4.348029999999999951e-01 5.659389999999999699e-01
6.125230000000000397e-01 3.998630000000000240e-01 5.098540000000000294e-01 5.816540000000000044e-01 4.918429999999999747e-01
6.022290000000000143e-01 5.422559999999999603e-01 5.900050000000000017e-01 4.771929999999999783e-01 6.694839999999999680e-01
4.055000000000000271e-01 3.547199999999999798e-01 3.461650000000000005e-01 4.269609999999999794e-01 3.586300000000000043e-01
5.021809999999999885e-01 6.778729999999999478e-01 5.501040000000000374e-01 4.643300000000000205e-01 6.697389999999999732e-01
6.586899999999999977e-01 6.533799999999999608e-01 6.032119999999999704e-01 5.894589999999999552e-01 5.123440000000000216e-01
3.679029999999999800e-01 3.244560000000000222e-01 2.776330000000000187e-01 3.886279999999999735e-01 3.357060000000000044e-01
5.638779999999999903e-01 4.625319999999999987e-01 4.736920000000000019e-01 3.477509999999999768e-01 4.219609999999999750e-01
4.929700000000000193e-01 6.086150000000000171e-01 6.646290000000000253e-01 4.131969999999999810e-01 5.330019999999999758e-01
4.755179999999999962e-01 3.540440000000000254e-01 4.120480000000000254e-01 3.505440000000000222e-01 5.043140000000000400e-01
5.731150000000000411e-01 4.926130000000000231e-01 5.719379999999999464e-01 3.668270000000000142e-01 5.684700000000000308e-01
6.548310000000000519e-01 4.715340000000000087e-01 6.334680000000000311e-01 6.359169999999999545e-01 5.898520000000000429e-01
5.352639999999999620e-01 6.967839999999999590e-01 5.928740000000000121e-01 5.082699999999999996e-01 6.152959999999999541e-01
3.313829999999999831e-01 3.230520000000000058e-01 3.591559999999999753e-01 2.840429999999999899e-01 3.512500000000000067e-01
3.740439999999999876e-01 3.868249999999999744e-01 3.234139999999999793e-01 3.666470000000000007e-01 4.015469999999999873e-01
3.741459999999999786e-01 3.734250000000000069e-01 4.818209999999999993e-01 2.634250000000000203e-01 4.485469999999999735e-01
4.431379999999999764e-01 3.762579999999999814e-01 4.711299999999999932e-01 3.992559999999999998e-01 4.398029999999999995e-01
4.650549999999999962e-01 3.664299999999999780e-01 3.888340000000000130e-01 3.467500000000000027e-01 3.409760000000000013e-01
4.687450000000000228e-01 4.187429999999999763e-01 4.704160000000000008e-01 4.700150000000000161e-01 5.876519999999999522e-01
4.958859999999999935e-01 5.925030000000000019e-01 5.322059999999999569e-01 7.013270000000000337e-01 5.536539999999999795e-01
6.327549999999999564e-01 3.523609999999999798e-01 5.404809999999999892e-01 4.541600000000000081e-01 4.151000000000000245e-01
5.145840000000000414e-01 3.206289999999999973e-01 4.875929999999999986e-01 4.131360000000000032e-01 3.420420000000000127e-01
4.599840000000000040e-01 5.304769999999999763e-01 5.270989999999999842e-01 3.735370000000000079e-01 5.680009999999999781e-01
6.344889999999999697e-01 4.150280000000000080e-01 6.149540000000000006e-01 5.525090000000000279e-01 5.296170000000000044e-01
4.757529999999999815e-01 6.398380000000000178e-01 4.540239999999999831e-01 4.503309999999999813e-01 6.252649999999999597e-01
5.855460000000000109e-01 4.379399999999999959e-01 4.785869999999999846e-01 6.293760000000000465e-01 4.585819999999999896e-01
3.851709999999999856e-01 4.074300000000000144e-01 4.510950000000000237e-01 4.305860000000000243e-01 3.995699999999999807e-01
5.247870000000000035e-01 3.688949999999999729e-01 5.448739999999999695e-01 3.200419999999999932e-01 4.981999999999999762e-01
3.325589999999999935e-01 4.093910000000000049e-01 2.340689999999999993e-01 3.699540000000000051e-01 3.277889999999999970e-01
4.544540000000000246e-01 5.418060000000000098e-01 6.035350000000000437e-01 4.613309999999999911e-01 4.484279999999999933e-01
5.631819999999999604e-01 4.895689999999999764e-01 5.919729999999999714e-01 4.299359999999999848e-01 6.324429999999999774e-01
3.702309999999999768e-01 5.184659999999999824e-01 4.631660000000000221e-01 3.207539999999999836e-01 5.385959999999999637e-01
5.143039999999999834e-01 6.102159999999999807e-01 5.110069999999999890e-01 6.206549999999999567e-01 4.230960000000000276e-01
4.483289999999999775e-01 4.733820000000000250e-01 4.824249999999999927e-01 4.436729999999999841e-01 4.230260000000000131e-01
6.784630000000000383e-01 4.811500000000000221e-01 5.854960000000000164e-01 5.390040000000000386e-01 5.078639999999999821e-01
4.832389999999999741e-01 3.035680000000000045e-01 4.227199999999999847e-01 3.226129999999999831e-01 4.384000000000000119e-01
5.226859999999999840e-01 4.041170000000000040e-01 5.049400000000000555e-01 3.888280000000000070e-01 3.667210000000000192e-01
5.885369999999999768e-01 7.075150000000000050e-01 6.471069999999999878e-01 5.351690000000000058e-01 7.185610000000000053e-01
5.855810000000000182e-01 6.127789999999999626e-01 6.339719999999999800e-01 6.971509999999999652e-01 5.875430000000000375e-01
7.020600000000000174e-01 5.753880000000000106e-01 6.393990000000000506e-01 6.377939999999999721e-01 7.094780000000000530e-01
3.644439999999999902e-01 4.154660000000000020e-01 3.294429999999999858e-01 4.114889999999999937e-01 3.290969999999999729e-01
4.945339999999999736e-01 5.839299999999999491e-01 4.095699999999999896e-01 6.449040000000000328e-01 5.719819999999999904e-01
4.255740000000000078e-01 4.270740000000000092e-01 5.015899999999999803e-01 4.993560000000000221e-01 4.749010000000000176e-01
2.957449999999999801e-01 5.187770000000000437e-01 4.004269999999999774e-01 3.368349999999999955e-01 4.629179999999999962e-01
4.327540000000000275e-01 5.175039999999999640e-01 3.521610000000000018e-01 4.547249999999999903e-01 4.752930000000000210e-01
5.173640000000000461e-01 3.621190000000000242e-01 3.573580000000000090e-01 4.639190000000000258e-01 4.657789999999999986e-01
4.450919999999999876e-01 3.873019999999999796e-01 4.328719999999999790e-01 2.762800000000000256e-01 3.392749999999999932e-01
5.018860000000000543e-01 5.648030000000000550e-01 5.681859999999999689e-01 4.535210000000000075e-01 4.670099999999999807e-01
4.232920000000000016e-01 5.578549999999999898e-01 5.077909999999999924e-01 4.559590000000000032e-01 6.154349999999999543e-01
5.064269999999999605e-01 4.481859999999999733e-01 6.033129999999999882e-01 5.572899999999999521e-01 4.164619999999999989e-01
4.341119999999999979e-01 2.714849999999999763e-01 3.713359999999999994e-01 3.192150000000000265e-01 3.486719999999999819e-01
7.128370000000000539e-01 6.981469999999999620e-01 5.981649999999999467e-01 6.404159999999999853e-01 6.202389999999999848e-01
5.975169999999999648e-01 5.218129999999999713e-01 4.756589999999999985e-01 6.350989999999999691e-01 6.278580000000000272e-01
6.922300000000000120e-01 6.029499999999999860e-01 5.732969999999999455e-01 7.219020000000000437e-01 5.645099999999999563e-01
3.081639999999999935e-01 4.631489999999999774e-01 3.899940000000000073e-01 3.857280000000000153e-01 4.603130000000000277e-01
6.042779999999999818e-01 5.926580000000000181e-01 5.478499999999999481e-01 6.472430000000000128e-01 5.718320000000000070e-01
3.850399999999999934e-01 5.201489999999999725e-01 3.565349999999999908e-01 5.248239999999999572e-01 3.968849999999999878e-01
4.525150000000000006e-01 4.018200000000000105e-01 3.958670000000000244e-01 4.962969999999999882e-01 3.274050000000000016e-01
6.425030000000000463e-01 6.045920000000000183e-01 6.365070000000000450e-01 5.757100000000000550e-01 5.223309999999999897e-01
4.998830000000000218e-01 3.393320000000000225e-01 5.674329999999999652e-01 3.787189999999999723e-01 5.057249999999999801e-01
5.272660000000000124e-01 4.527430000000000065e-01 4.810900000000000176e-01 6.257530000000000037e-01 5.398849999999999483e-01
3.932089999999999752e-01 3.437549999999999772e-01 3.706570000000000142e-01 4.592510000000000203e-01 2.375140000000000029e-01
6.235439999999999872e-01 6.913179999999999881e-01 7.268689999999999873e-01 6.186779999999999502e-01 7.011089999999999822e-01
5.065269999999999495e-01 5.477229999999999599e-01 4.350479999999999903e-01 5.533700000000000285e-01 3.861430000000000140e-01
4.569070000000000076e-01 5.324160000000000004e-01 4.829490000000000172e-01 6.728739999999999721e-01 4.975740000000000163e-01
6.138130000000000530e-01 4.630380000000000051e-01 5.420620000000000438e-01 5.602000000000000313e-01 4.453989999999999894e-01
4.874319999999999764e-01 5.954239999999999533e-01 4.117700000000000249e-01 4.468969999999999887e-01 5.196140000000000203e-01
5.778480000000000283e-01 5.826130000000000475e-01 5.519159999999999622e-01 6.151820000000000066e-01 5.232419999999999849e-01
4.162460000000000049e-01 5.206800000000000317e-01 3.802699999999999969e-01 4.655909999999999771e-01 4.571999999999999953e-01
6.427460000000000395e-01 4.344919999999999893e-01 6.524919999999999609e-01 5.057289999999999841e-01 5.109609999999999985e-01
5.466410000000000435e-01 6.646870000000000278e-01 6.488390000000000546e-01 4.819789999999999908e-01 6.670239999999999503e-01
6.242779999999999996e-01 5.674690000000000012e-01 5.323999999999999844e-01 4.939749999999999974e-01 6.537190000000000500e-01
3.534220000000000139e-01 3.714279999999999804e-01 4.450459999999999972e-01 3.621530000000000027e-01 4.642439999999999900e-01
5.832990000000000119e-01 6.306399999999999784e-01 5.612420000000000186e-01 4.849069999999999769e-01 5.435410000000000519e-01
7.056270000000000042e-01 7.308519999999999461e-01 6.242790000000000283e-01 7.662879999999999692e-01 6.883580000000000254e-01
4.923290000000000166e-01 5.065920000000000423e-01 5.443170000000000508e-01 5.318070000000000297e-01 5.454120000000000079e-01
5.646980000000000333e-01 4.037839999999999763e-01 5.253039999999999932e-01 3.585249999999999826e-01 5.252970000000000139e-01
5.721950000000000092e-01 7.212469999999999715e-01 5.087899999999999645e-01 5.933030000000000248e-01 6.465640000000000276e-01
3.652869999999999728e-01 3.026949999999999918e-01 4.402449999999999974e-01 3.072790000000000243e-01 4.509589999999999987e-01
6.688380000000000436e-01 6.472830000000000528e-01 7.006809999999999983e-01 7.085949999999999749e-01 6.693160000000000220e-01
3.871249999999999969e-01 3.791510000000000158e-01 3.159310000000000174e-01 2.658730000000000260e-01 3.401669999999999972e-01
7.053540000000000365e-01 6.521029999999999882e-01 6.656640000000000335e-01 6.447349999999999470e-01 6.753620000000000179e-01
5.517680000000000362e-01 5.733519999999999728e-01 4.124380000000000268e-01 5.586929999999999952e-01 5.915489999999999915e-01
2.741410000000000236e-01 5.211280000000000356e-01 3.648970000000000269e-01 4.330899999999999750e-01 3.997720000000000162e-01
5.806700000000000195e-01 3.335730000000000084e-01 4.933609999999999940e-01 3.940569999999999906e-01 3.840899999999999870e-01
6.702820000000000444e-01 7.216810000000000169e-01 7.278679999999999595e-01 6.446659999999999613e-01 6.903629999999999489e-01
4.147120000000000251e-01 5.144030000000000546e-01 3.477259999999999796e-01 4.331909999999999927e-01 3.230370000000000186e-01
4.105389999999999873e-01 3.885339999999999905e-01 4.899609999999999799e-01 3.437529999999999752e-01 4.292599999999999749e-01
3.460190000000000210e-01 4.755770000000000275e-01 5.297889999999999544e-01 3.307459999999999845e-01 4.906289999999999818e-01
4.460589999999999833e-01 3.772499999999999742e-01 3.117710000000000203e-01 4.918399999999999994e-01 3.659250000000000003e-01
4.883049999999999891e-01 4.192139999999999755e-01 3.761939999999999729e-01 4.801219999999999932e-01 3.300799999999999845e-01
3.855799999999999783e-01 4.168580000000000063e-01 5.082630000000000203e-01 4.805550000000000099e-01 4.181869999999999754e-01
3.512959999999999972e-01 3.837400000000000255e-01 2.874099999999999988e-01 3.767940000000000178e-01 4.399589999999999890e-01
4.652680000000000149e-01 4.215949999999999975e-01 4.138839999999999741e-01 4.971869999999999901e-01 3.025349999999999984e-01
4.542930000000000024e-01 4.895889999999999964e-01 2.997710000000000097e-01 5.734160000000000368e-01 4.552570000000000228e-01
6.844630000000000436e-01 6.770950000000000024e-01 5.889929999999999888e-01 6.379299999999999971e-01 6.885400000000000409e-01
6.790540000000000465e-01 5.818590000000000151e-01 6.537809999999999455e-01 5.344640000000000502e-01 6.076639999999999819e-01
3.965049999999999963e-01 4.537140000000000062e-01 4.586520000000000041e-01 3.241829999999999989e-01 5.786289999999999489e-01
5.911459999999999493e-01 4.639440000000000230e-01 4.534509999999999930e-01 3.948180000000000023e-01 4.598300000000000165e-01
6.745109999999999717e-01 7.185240000000000515e-01 6.038000000000000034e-01 7.468479999999999563e-01 6.266030000000000211e-01
4.995890000000000053e-01 5.467480000000000118e-01 4.564710000000000156e-01 6.155180000000000096e-01 5.833559999999999857e-01
4.765039999999999831e-01 2.819010000000000127e-01 3.667599999999999749e-01 3.806459999999999844e-01 3.430460000000000176e-01
3.995119999999999783e-01 3.800660000000000149e-01 4.869970000000000132e-01 4.029170000000000251e-01 3.499180000000000068e-01
5.797050000000000258e-01 3.784420000000000006e-01 4.955700000000000105e-01 3.747489999999999988e-01 4.428279999999999994e-01
4.730659999999999865e-01 3.885430000000000272e-01 4.430020000000000069e-01 3.246180000000000176e-01 4.698999999999999844e-01
4.458639999999999826e-01 3.881490000000000218e-01 5.585949999999999527e-01 4.987150000000000194e-01 4.231429999999999914e-01
5.556020000000000403e-01 6.326580000000000537e-01 5.453259999999999774e-01 6.732399999999999496e-01 4.494710000000000094e-01
4.843770000000000020e-01 4.201849999999999752e-01 4.249080000000000079e-01 3.985079999999999734e-01 4.514250000000000207e-01
7.152450000000000196e-01 6.231269999999999865e-01 6.737619999999999720e-01 6.784189999999999943e-01 5.669049999999999923e-01
3.123299999999999965e-01 2.683170000000000277e-01 3.025439999999999796e-01 3.539180000000000104e-01 3.046849999999999836e-01
6.298110000000000097e-01 6.722879999999999967e-01 7.224629999999999663e-01 6.992390000000000549e-01 6.997149999999999759e-01
5.401479999999999615e-01 5.840459999999999541e-01 5.940220000000000500e-01 4.430209999999999981e-01 6.600179999999999936e-01
6.045490000000000030e-01 7.008590000000000098e-01 7.560519999999999463e-01 6.177460000000000173e-01 6.857069999999999554e-01
5.639020000000000143e-01 5.937799999999999745e-01 5.188979999999999704e-01 5.711319999999999730e-01 4.462920000000000220e-01
3.836829999999999963e-01 4.161179999999999879e-01 4.687589999999999812e-01 4.252859999999999974e-01 3.971560000000000090e-01
3.847900000000000209e-01 4.913649999999999962e-01 5.350190000000000223e-01 5.094419999999999504e-01 4.358810000000000184e-01
3.203650000000000109e-01 3.119770000000000043e-01 2.762129999999999863e-01 3.542150000000000021e-01 3.026019999999999821e-01
4.505709999999999993e-01 4.975109999999999810e-01 3.514700000000000046e-01 6.145040000000000502e-01 5.093170000000000197e-01
4.324689999999999923e-01 4.168479999999999963e-01 4.468869999999999787e-01 3.598060000000000147e-01 4.606270000000000087e-01
4.590489999999999848e-01 5.506029999999999536e-01 3.881620000000000070e-01 6.367990000000000039e-01 4.936220000000000052e-01
2.796640000000000237e-01 3.420360000000000067e-01 3.060869999999999980e-01 2.453049999999999953e-01 3.496650000000000036e-01
6.992699999999999472e-01 6.743289999999999562e-01 6.424199999999999910e-01 6.305629999999999846e-01 7.351010000000000044e-01
4.171770000000000200e-01 3.393269999999999897e-01 4.448489999999999944e-01 3.257610000000000228e-01 5.400589999999999558e-01
2.255620000000000125e-01 3.140229999999999966e-01 2.699949999999999850e-01 2.516189999999999816e-01 3.330000000000000182e-01
4.072390000000000176e-01 3.177829999999999822e-01 3.255810000000000093e-01 2.764969999999999928e-01 3.787760000000000016e-01
2.861429999999999807e-01 4.193270000000000053e-01 3.476369999999999738e-01 3.760359999999999814e-01 4.259950000000000125e-01
7.111760000000000304e-01 6.373450000000000504e-01 7.122359999999999802e-01 7.142230000000000523e-01 5.901330000000000187e-01
3.991870000000000140e-01 4.126279999999999948e-01 5.379620000000000513e-01 4.071879999999999944e-01 3.971029999999999838e-01
5.940790000000000237e-01 7.090689999999999493e-01 7.030680000000000263e-01 6.389470000000000427e-01 7.358519999999999506e-01
6.564769999999999772e-01 5.596989999999999466e-01 5.666480000000000405e-01 6.831880000000000175e-01 6.223070000000000546e-01
6.174319999999999808e-01 7.313819999999999766e-01 7.058400000000000230e-01 6.980690000000000506e-01 7.138099999999999445e-01
3.972010000000000263e-01 5.455419999999999714e-01 4.308239999999999847e-01 4.419000000000000150e-01 4.185570000000000124e-01
3.660100000000000020e-01 3.650599999999999956e-01 4.467999999999999750e-01 2.493930000000000036e-01 4.887739999999999863e-01
5.119930000000000314e-01 5.151790000000000536e-01 5.544670000000000432e-01 5.797809999999999908e-01 4.653349999999999986e-01
6.579239999999999533e-01 7.215319999999999512e-01 6.765330000000000510e-01 6.388350000000000417e-01 6.111710000000000198e-01
5.017009999999999525e-01 5.846000000000000085e-01 4.986389999999999989e-01 4.468039999999999790e-01 5.909379999999999633e-01
6.799020000000000064e-01 5.269530000000000047e-01 4.657970000000000166e-01 6.171489999999999476e-01 4.974160000000000248e-01
6.270900000000000363e-01 4.375180000000000180e-01 6.780899999999999705e-01 5.100949999999999651e-01 6.141170000000000240e-01
6.152750000000000163e-01 6.160600000000000520e-01 6.882519999999999749e-01 6.310869999999999536e-01 5.743439999999999657e-01
4.423759999999999915e-01 3.237809999999999855e-01 3.570010000000000128e-01 4.172179999999999778e-01 3.661869999999999847e-01
3.794469999999999787e-01 6.418989999999999974e-01 4.397599999999999842e-01 4.747649999999999926e-01 5.544160000000000199e-01
5.353860000000000285e-01 5.963540000000000507e-01 5.250519999999999632e-01 6.352419999999999733e-01 6.192320000000000046e-01
3.940549999999999886e-01 3.561400000000000121e-01 4.124490000000000101e-01 2.992940000000000045e-01 3.541130000000000111e-01
5.910020000000000273e-01 6.574149999999999716e-01 5.504860000000000309e-01 5.914460000000000273e-01 5.234739999999999949e-01
6.283180000000000431e-01 5.645280000000000298e-01 6.919429999999999747e-01 6.556170000000000053e-01 6.443550000000000111e-01
6.185469999999999580e-01 4.947940000000000116e-01 6.947600000000000442e-01 6.004209999999999825e-01 6.539589999999999570e-01
4.564989999999999881e-01 5.472789999999999599e-01 5.855599999999999694e-01 3.493080000000000074e-01 5.376630000000000020e-01
6.282269999999999799e-01 3.151999999999999802e-01 5.420949999999999935e-01 4.447389999999999954e-01 4.459520000000000151e-01
6.072729999999999517e-01 5.782380000000000297e-01 6.758009999999999851e-01 5.134959999999999525e-01 7.238010000000000277e-01
3.629569999999999741e-01 3.394599999999999840e-01 2.819909999999999917e-01 3.888309999999999822e-01 4.022089999999999832e-01
4.521740000000000204e-01 4.145659999999999901e-01 2.850690000000000168e-01 4.384410000000000251e-01 3.906169999999999920e-01
6.808410000000000295e-01 5.928769999999999873e-01 7.155789999999999651e-01 5.888259999999999605e-01 5.927010000000000334e-01
6.586480000000000112e-01 7.110149999999999526e-01 5.696499999999999897e-01 7.417380000000000084e-01 6.539009999999999545e-01
6.239599999999999591e-01 4.476120000000000099e-01 6.328409999999999869e-01 5.593420000000000059e-01 5.017110000000000181e-01
4.162529999999999841e-01 4.431999999999999829e-01 3.779879999999999907e-01 3.597069999999999990e-01 4.689159999999999995e-01
4.484079999999999733e-01 4.648829999999999907e-01 4.684679999999999955e-01 4.168080000000000118e-01 5.026359999999999717e-01
4.644389999999999907e-01 3.821140000000000092e-01 3.016929999999999890e-01 4.693599999999999994e-01 2.578119999999999856e-01
6.055519999999999792e-01 4.777319999999999900e-01 5.005659999999999554e-01 4.772000000000000131e-01 5.748360000000000136e-01
6.356270000000000531e-01 7.425640000000000018e-01 5.806099999999999595e-01 6.432700000000000085e-01 6.519770000000000287e-01
6.091820000000000013e-01 4.079990000000000006e-01 6.742150000000000087e-01 5.344640000000000502e-01 5.273109999999999742e-01
3.514300000000000201e-01 2.604580000000000228e-01 3.293119999999999936e-01 2.518440000000000123e-01 3.271209999999999951e-01
3.007460000000000133e-01 3.274199999999999888e-01 3.286780000000000257e-01 3.202300000000000146e-01 3.366419999999999968e-01
3.959639999999999826e-01 3.984630000000000116e-01 5.435459999999999736e-01 4.099559999999999871e-01 4.956139999999999990e-01
4.000989999999999824e-01 3.762469999999999981e-01 5.162120000000000042e-01 3.818460000000000187e-01 4.332619999999999805e-01
6.922490000000000032e-01 5.802040000000000530e-01 6.289749999999999508e-01 6.823120000000000296e-01 6.453870000000000440e-01
3.073290000000000188e-01 5.064060000000000228e-01 3.869909999999999739e-01 5.024690000000000545e-01 3.887169999999999792e-01
4.765820000000000056e-01 4.912179999999999880e-01 5.425029999999999575e-01 6.100269999999999859e-01 5.680290000000000061e-01
5.867179999999999618e-01 7.361969999999999903e-01 5.986879999999999979e-01 6.151910000000000434e-01 6.385610000000000452e-01
5.913220000000000143e-01 3.776070000000000260e-01 6.175800000000000178e-01 5.714409999999999767e-01 4.363099999999999756e-01
5.117540000000000422e-01 4.306840000000000113e-01 4.187790000000000123e-01 4.545219999999999816e-01 3.199529999999999874e-01
5.873819999999999597e-01 6.987349999999999950e-01 6.085319999999999618e-01 6.106230000000000269e-01 5.584500000000000020e-01
4.034470000000000001e-01 3.993959999999999733e-01 4.097040000000000126e-01 4.504049999999999998e-01 5.803249999999999797e-01
4.471589999999999732e-01 4.213290000000000091e-01 3.633440000000000003e-01 5.725710000000000521e-01 5.157059999999999977e-01
6.239850000000000119e-01 5.271810000000000107e-01 6.649110000000000298e-01 5.374560000000000448e-01 6.090940000000000243e-01
4.689050000000000162e-01 5.184400000000000119e-01 4.040630000000000055e-01 6.292640000000000455e-01 5.886219999999999786e-01
6.754369999999999541e-01 6.781470000000000553e-01 5.587029999999999497e-01 6.215100000000000069e-01 6.112950000000000328e-01
3.873400000000000176e-01 4.857690000000000063e-01 3.670300000000000229e-01 3.131149999999999767e-01 4.656950000000000256e-01
3.473910000000000053e-01 3.264880000000000004e-01 4.170220000000000038e-01 3.938490000000000046e-01 4.433650000000000091e-01
5.988289999999999447e-01 6.080210000000000337e-01 5.854200000000000514e-01 4.402650000000000174e-01 5.821499999999999453e-01
4.554050000000000042e-01 5.494350000000000067e-01 5.597689999999999610e-01 5.633150000000000102e-01 4.661850000000000160e-01
3.089509999999999756e-01 2.923439999999999928e-01 3.710309999999999997e-01 3.210089999999999888e-01 3.057039999999999758e-01
6.008670000000000400e-01 4.383400000000000074e-01 6.041849999999999721e-01 4.494110000000000049e-01 5.500639999999999974e-01
4.839660000000000073e-01 6.008989999999999609e-01 4.754450000000000065e-01 3.852090000000000236e-01 4.520739999999999759e-01
6.395809999999999551e-01 5.617159999999999931e-01 5.507319999999999993e-01 5.710950000000000193e-01 5.555390000000000050e-01
6.260419999999999874e-01 6.703989999999999672e-01 6.611510000000000442e-01 5.339120000000000532e-01 6.604189999999999783e-01
3.939329999999999776e-01 4.643669999999999742e-01 4.416550000000000198e-01 4.524960000000000093e-01 5.200350000000000250e-01
5.470019999999999882e-01 3.981009999999999827e-01 5.550950000000000051e-01 5.170749999999999513e-01 3.690140000000000087e-01
6.445980000000000043e-01 6.633550000000000280e-01 6.506399999999999961e-01 7.329529999999999657e-01 6.999539999999999651e-01
5.411939999999999529e-01 5.473660000000000192e-01 5.546879999999999589e-01 6.645919999999999606e-01 4.739470000000000072e-01
3.998680000000000012e-01 5.268570000000000197e-01 4.106819999999999915e-01 4.373040000000000260e-01 5.826449999999999685e-01
5.060850000000000071e-01 5.387880000000000447e-01 5.816860000000000364e-01 6.035989999999999966e-01 6.583269999999999955e-01
4.664760000000000018e-01 4.871800000000000019e-01 4.540420000000000011e-01 4.427420000000000244e-01 5.010970000000000146e-01
4.216579999999999773e-01 4.179280000000000217e-01 3.476960000000000051e-01 5.014950000000000241e-01 4.328850000000000198e-01
4.878939999999999944e-01 3.184640000000000248e-01 5.714270000000000183e-01 4.255200000000000093e-01 4.406169999999999809e-01
6.053330000000000100e-01 5.688569999999999460e-01 5.173689999999999678e-01 5.320070000000000077e-01 5.210730000000000084e-01
6.848199999999999843e-01 5.612120000000000442e-01 5.861030000000000406e-01 6.450099999999999723e-01 4.902869999999999728e-01
4.244029999999999747e-01 2.628770000000000273e-01 3.297459999999999836e-01 3.844230000000000147e-01 3.195490000000000275e-01
6.558450000000000113e-01 4.955100000000000060e-01 6.893759999999999888e-01 5.632350000000000412e-01 4.949910000000000143e-01
4.169390000000000041e-01 3.181689999999999796e-01 2.993790000000000062e-01 3.386709999999999998e-01 3.865890000000000160e-01
3.969579999999999775e-01 3.449400000000000244e-01 4.307159999999999878e-01 3.842619999999999925e-01 3.386730000000000018e-01
4.362010000000000054e-01 6.574029999999999596e-01 5.622920000000000140e-01 5.273200000000000109e-01 6.949469999999999814e-01
3.279179999999999873e-01 3.321999999999999953e-01 3.655439999999999801e-01 3.014399999999999857e-01 3.503299999999999748e-01
5.537140000000000395e-01 4.136509999999999909e-01 5.465750000000000330e-01 5.288990000000000080e-01 4.414339999999999931e-01
6.843909999999999716e-01 7.290940000000000198e-01 7.115120000000000333e-01 7.419599999999999529e-01 7.197189999999999976e-01
2.741739999999999733e-01 4.116540000000000199e-01 2.896360000000000046e-01 4.023269999999999902e-01 3.966540000000000066e-01
4.302610000000000046e-01 4.019869999999999832e-01 5.028759999999999897e-01 4.640759999999999885e-01 3.987419999999999853e-01
3.490349999999999842e-01 4.829809999999999937e-01 4.305470000000000130e-01 3.957579999999999987e-01 5.594200000000000284e-01
4.831230000000000246e-01 6.205819999999999670e-01 4.622580000000000022e-01 6.373689999999999634e-01 5.807090000000000307e-01
5.851570000000000382e-01 4.589920000000000111e-01 4.722080000000000166e-01 3.694600000000000106e-01 4.708820000000000228e-01
5.565930000000000044e-01 5.487060000000000271e-01 4.188520000000000021e-01 5.018230000000000190e-01 5.557069999999999510e-01
7.003089999999999593e-01 5.140879999999999894e-01 6.822500000000000231e-01 5.237410000000000121e-01 5.598819999999999908e-01
4.297690000000000121e-01 5.295830000000000259e-01 4.426570000000000227e-01 4.892989999999999839e-01 5.608600000000000252e-01
5.129489999999999883e-01 5.025450000000000195e-01 5.989830000000000432e-01 3.881350000000000078e-01 5.190000000000000169e-01
3.367310000000000025e-01 4.713019999999999987e-01 3.705849999999999977e-01 4.430649999999999866e-01 5.006749999999999812e-01
5.788999999999999702e-01 6.539190000000000280e-01 5.219930000000000403e-01 5.513409999999999700e-01 5.668140000000000400e-01
5.105180000000000273e-01 5.591990000000000016e-01 4.166520000000000223e-01 5.003199999999999870e-01 6.209339999999999860e-01
3.430920000000000081e-01 2.942400000000000015e-01 3.191010000000000235e-01 3.517310000000000159e-01 3.517029999999999879e-01
3.661550000000000082e-01 4.510040000000000160e-01 2.904419999999999780e-01 3.908280000000000087e-01 4.703840000000000243e-01
4.921800000000000064e-01 4.367809999999999748e-01 3.558769999999999989e-01 3.939270000000000271e-01 3.657050000000000023e-01
4.503510000000000013e-01 3.899969999999999826e-01 4.830050000000000177e-01 5.786219999999999697e-01 4.628249999999999864e-01
6.697189999999999532e-01 6.077510000000000412e-01 5.704749999999999543e-01 6.370630000000000459e-01 6.204619999999999580e-01
4.703849999999999976e-01 3.272860000000000213e-01 4.122730000000000006e-01 5.239089999999999581e-01 4.313270000000000159e-01
5.027470000000000550e-01 6.447779999999999623e-01 5.411110000000000086e-01 5.233659999999999979e-01 4.861579999999999790e-01
5.112109999999999710e-01 5.511730000000000240e-01 6.526159999999999739e-01 5.913100000000000023e-01 5.753249999999999753e-01
6.055749999999999744e-01 5.436480000000000201e-01 7.398470000000000324e-01 5.886179999999999746e-01 5.964120000000000532e-01
3.880370000000000208e-01 4.163950000000000151e-01 4.546890000000000098e-01 3.281910000000000105e-01 4.894049999999999789e-01
4.885390000000000010e-01 6.087050000000000516e-01 5.486050000000000093e-01 4.993830000000000213e-01 5.881570000000000409e-01
6.039210000000000411e-01 6.701510000000000522e-01 6.136789999999999745e-01 5.746360000000000356e-01 6.162480000000000180e-01
6.068759999999999710e-01 4.379009999999999847e-01 4.602729999999999877e-01 6.593229999999999924e-01 4.189959999999999796e-01
3.295429999999999748e-01 5.403109999999999857e-01 4.439139999999999753e-01 3.851390000000000091e-01 6.147120000000000362e-01
5.402749999999999497e-01 6.150700000000000056e-01 5.496410000000000462e-01 5.495790000000000397e-01 5.030040000000000067e-01
5.126349999999999518e-01 4.772449999999999748e-01 3.094660000000000188e-01 5.512829999999999675e-01 3.641380000000000172e-01
2.862930000000000197e-01 2.642559999999999909e-01 2.777209999999999956e-01 2.524759999999999782e-01 2.318439999999999945e-01
4.263839999999999852e-01 5.292120000000000157e-01 4.939629999999999854e-01 4.866820000000000035e-01 6.194079999999999586e-01
5.028319999999999457e-01 3.654439999999999911e-01 4.556339999999999835e-01 3.246490000000000209e-01 5.121419999999999861e-01
4.023889999999999967e-01 3.790709999999999913e-01 3.756499999999999839e-01 3.810350000000000126e-01 2.507070000000000132e-01
3.290379999999999971e-01 3.666460000000000274e-01 4.395029999999999770e-01 2.680739999999999790e-01 4.116110000000000047e-01
5.820389999999999731e-01 6.583290000000000530e-01 5.335229999999999695e-01 4.839689999999999825e-01 5.602460000000000218e-01
4.001919999999999922e-01 4.315490000000000159e-01 4.219970000000000110e-01 4.942130000000000134e-01 3.448109999999999786e-01
3.773529999999999940e-01 3.090060000000000029e-01 2.992830000000000212e-01 3.365210000000000146e-01 3.063359999999999972e-01
2.569210000000000105e-01 3.169750000000000068e-01 2.489719999999999989e-01 3.194040000000000212e-01 3.122309999999999808e-01
2.986409999999999898e-01 3.351859999999999840e-01 3.711940000000000239e-01 3.704970000000000208e-01 3.905469999999999775e-01
7.235639999999999850e-01 7.587720000000000020e-01 6.720289999999999875e-01 7.719759999999999955e-01 6.789640000000000120e-01
3.379949999999999899e-01 3.596300000000000052e-01 2.868510000000000226e-01 3.115169999999999884e-01 3.589649999999999785e-01
6.126610000000000111e-01 5.606870000000000465e-01 5.967179999999999707e-01 6.801430000000000531e-01 5.955270000000000286e-01
3.270609999999999906e-01 4.077649999999999886e-01 3.608870000000000133e-01 3.232079999999999953e-01 3.301189999999999958e-01
3.539390000000000036e-01 5.104340000000000543e-01 3.576699999999999879e-01 4.790730000000000266e-01 4.956969999999999987e-01
5.075469999999999704e-01 6.352550000000000141e-01 5.401599999999999735e-01 5.760880000000000445e-01 5.543810000000000127e-01
3.892200000000000104e-01 3.935799999999999854e-01 3.749160000000000270e-01 5.038300000000000001e-01 4.454009999999999914e-01
5.369439999999999769e-01 3.201320000000000277e-01 5.504679999999999573e-01 5.190430000000000321e-01 5.324130000000000251e-01
4.037519999999999998e-01 5.140439999999999454e-01 4.341149999999999731e-01 4.627959999999999852e-01 5.742840000000000167e-01
4.677439999999999931e-01 3.778299999999999992e-01 3.806379999999999764e-01 3.617119999999999780e-01 4.253529999999999811e-01
3.601750000000000229e-01 2.631740000000000190e-01 3.972359999999999780e-01 3.171640000000000015e-01 3.885109999999999952e-01
5.071649999999999769e-01 4.346119999999999983e-01 4.210479999999999778e-01 6.008029999999999760e-01 3.544410000000000061e-01
7.365110000000000268e-01 6.265889999999999516e-01 6.732230000000000159e-01 7.312710000000000043e-01 6.453780000000000072e-01
5.996550000000000491e-01 5.997369999999999646e-01 6.164039999999999520e-01 6.132790000000000186e-01 5.507729999999999571e-01
5.277809999999999446e-01 4.049039999999999861e-01 5.665440000000000476e-01 4.490020000000000122e-01 6.318059999999999787e-01
5.199580000000000313e-01 4.633340000000000236e-01 4.901820000000000066e-01 5.982809999999999517e-01 3.542319999999999913e-01
4.876119999999999899e-01 5.740840000000000387e-01 4.322380000000000111e-01 6.177019999999999733e-01 3.761419999999999764e-01
6.917229999999999768e-01 4.886190000000000255e-01 5.963819999999999677e-01 6.057190000000000074e-01 5.450120000000000520e-01
3.153880000000000017e-01 3.391649999999999943e-01 2.870880000000000098e-01 4.047950000000000159e-01 3.253429999999999933e-01
6.902979999999999672e-01 6.342379999999999685e-01 7.038849999999999829e-01 7.395599999999999952e-01 7.124549999999999494e-01
3.297869999999999968e-01 4.845579999999999887e-01 4.798189999999999955e-01 4.149539999999999895e-01 4.235659999999999981e-01
4.670009999999999994e-01 3.972149999999999848e-01 5.284910000000000441e-01 4.703300000000000258e-01 5.090329999999999577e-01
4.496370000000000089e-01 4.197509999999999852e-01 4.899370000000000114e-01 3.990639999999999743e-01 3.665320000000000245e-01
5.915550000000000530e-01 6.135289999999999910e-01 7.262049999999999894e-01 6.612310000000000132e-01 6.747130000000000072e-01
6.671270000000000255e-01 4.450410000000000199e-01 5.064849999999999630e-01 5.406199999999999894e-01 5.042240000000000055e-01
3.526009999999999978e-01 5.196009999999999796e-01 4.603450000000000042e-01 3.613040000000000140e-01 5.530509999999999593e-01
5.083619999999999806e-01 4.769979999999999776e-01 6.141370000000000440e-01 5.605099999999999527e-01 4.546120000000000161e-01
2.994209999999999927e-01 4.490160000000000262e-01 3.243679999999999897e-01 4.390140000000000153e-01 3.552480000000000082e-01
4.274959999999999871e-01 3.497049999999999881e-01 4.258879999999999888e-01 5.243010000000000170e-01 3.101340000000000208e-01
2.952930000000000277e-01 2.928200000000000247e-01 2.848680000000000101e-01 2.508699999999999819e-01 3.589780000000000193e-01
5.675980000000000469e-01 5.807769999999999877e-01 3.655450000000000088e-01 5.847189999999999888e-01 4.381889999999999952e-01
5.918010000000000215e-01 6.007599999999999607e-01 6.344870000000000232e-01 6.532170000000000476e-01 5.776959999999999873e-01
3.706900000000000195e-01 5.585290000000000532e-01 4.202910000000000257e-01 5.120609999999999884e-01 4.139869999999999939e-01
4.115360000000000129e-01 4.417539999999999800e-01 4.081989999999999785e-01 4.218160000000000243e-01 4.126059999999999728e-01
3.819000000000000172e-01 4.352230000000000265e-01 3.828369999999999829e-01 3.074129999999999918e-01 5.119930000000000314e-01
5.618400000000000061e-01 6.243819999999999926e-01 6.239390000000000214e-01 4.520790000000000086e-01 5.420650000000000190e-01
6.161370000000000458e-01 4.129090000000000260e-01 4.930100000000000038e-01 4.568809999999999816e-01 4.841770000000000240e-01
6.633970000000000145e-01 6.427779999999999605e-01 6.733559999999999546e-01 5.770600000000000174e-01 7.303009999999999780e-01
5.061309999999999976e-01 3.515639999999999876e-01 3.837300000000000155e-01 4.701230000000000131e-01 5.000109999999999832e-01
3.286109999999999864e-01 3.837079999999999935e-01 2.255620000000000125e-01 3.886220000000000230e-01 2.799719999999999986e-01
5.004349999999999632e-01 3.790580000000000060e-01 5.419850000000000501e-01 3.626320000000000099e-01 4.666859999999999897e-01
4.396200000000000108e-01 4.501470000000000193e-01 4.392050000000000121e-01 3.013779999999999792e-01 4.189470000000000138e-01
4.472200000000000064e-01 5.122079999999999966e-01 5.171449999999999658e-01 5.214860000000000051e-01 5.730119999999999658e-01
6.001370000000000315e-01 5.812030000000000252e-01 6.136449999999999960e-01 5.384339999999999682e-01 6.014800000000000146e-01
4.320760000000000156e-01 3.210250000000000048e-01 3.675120000000000053e-01 3.311350000000000127e-01 4.233620000000000161e-01
4.406660000000000021e-01 4.388580000000000259e-01 4.975680000000000103e-01 3.667480000000000184e-01 5.865909999999999735e-01
4.012680000000000136e-01 2.715890000000000248e-01 3.840859999999999830e-01 2.616249999999999964e-01 3.718219999999999859e-01
5.800309999999999633e-01 5.349559999999999871e-01 5.794890000000000319e-01 6.014220000000000121e-01 6.146519999999999762e-01
5.368460000000000454e-01 5.301139999999999741e-01 6.595069999999999544e-01 5.978729999999999878e-01 6.438909999999999911e-01
4.265349999999999975e-01 5.139390000000000347e-01 3.990920000000000023e-01 4.420819999999999750e-01 5.027519999999999767e-01
5.300559999999999716e-01 3.937060000000000004e-01 5.925850000000000284e-01 4.572820000000000218e-01 5.989860000000000184e-01
6.177679999999999838e-01 3.544809999999999905e-01 5.775019999999999598e-01 4.592510000000000203e-01 4.294499999999999984e-01
3.750749999999999917e-01 6.075439999999999729e-01 4.840979999999999728e-01 3.884349999999999747e-01 6.181470000000000020e-01
5.632369999999999877e-01 5.574860000000000371e-01 5.951239999999999863e-01 4.146560000000000246e-01 5.282040000000000068e-01
4.257130000000000081e-01 5.522070000000000034e-01 5.328199999999999603e-01 5.198970000000000535e-01 6.456009999999999804e-01
