5
518
0.498263 0.6584989999999999 0.571558 0.322306 0.452076 
0.248381 0.236441 0.148397 0.206656 0.181591 
0.541574 0.752266 0.436358 0.844016 0.574769 
0.687826 0.318686 0.706858 0.271696 0.444557 
0.318533 0.418594 0.404118 0.291397 0.71727 
0.744832 0.582111 0.615694 0.427363 0.652894 
0.655532 0.481943 0.667083 0.340951 0.370182 
0.324822 0.715046 0.567196 0.471466 0.493932 
0.418199 0.562077 0.429715 0.446444 0.8281849999999999 
0.638693 0.46489 0.310686 0.423471 0.425407 
0.154063 0.484278 0.405828 0.403876 0.361302 
0.415794 0.782193 0.556029 0.733948 0.433441 
0.691543 0.429804 0.65729 0.757789 0.386227 
0.318757 0.459834 0.251467 0.630393 0.516012 
0.789333 0.614911 0.688223 0.766781 0.750766 
0.621646 0.594581 0.602546 0.832725 0.519787 
0.36591 0.72146 0.242222 0.362163 0.515022 
0.352929 0.452944 0.497255 0.137459 0.460641 
0.622274 0.483831 0.538678 0.219216 0.491587 
0.7339909999999999 0.765909 0.769595 0.865249 0.763392 
0.410785 0.515896 0.774939 0.370726 0.59824 
0.357555 0.475712 0.6054040000000001 0.245079 0.714129 
0.302466 0.508742 0.468264 0.605567 0.687794 
0.289752 0.241207 0.150381 0.361096 0.294994 
0.352292 0.320241 0.412649 0.504908 0.193864 
0.5696560000000001 0.464814 0.605275 0.69153 0.726977 
0.378058 0.565823 0.737592 0.351333 0.602339 
0.357715 0.501163 0.584297 0.212605 0.399701 
0.400893 0.739241 0.700608 0.5792389999999999 0.673678 
0.582352 0.749385 0.771401 0.505791 0.783867 
0.293299 0.347668 0.6448469999999999 0.27278 0.420839 
0.513493 0.50883 0.802789 0.543395 0.489995 
0.409448 0.424275 0.71767 0.67646 0.523288 
0.737253 0.583311 0.398175 0.5921959999999999 0.540206 
0.230966 0.5168 0.206105 0.50684 0.421929 
0.519642 0.227708 0.463445 0.272109 0.538824 
0.569922 0.60876 0.778803 0.534267 0.850469 
0.54525 0.319281 0.195991 0.502729 0.345919 
0.302316 0.569982 0.312756 0.329865 0.308783 
0.195978 0.163349 0.219195 0.261301 0.244833 
0.214652 0.506099 0.415459 0.227458 0.563848 
0.563163 0.323506 0.517446 0.212505 0.384684 
0.299286 0.479768 0.392175 0.336254 0.250659 
0.560258 0.39534 0.345418 0.295587 0.467538 
0.308022 0.328595 0.708527 0.328341 0.433536 
0.542432 0.406434 0.835321 0.34504 0.528926 
0.383339 0.623985 0.39483 0.6335769999999999 0.225985 
0.147689 0.431817 0.302738 0.112197 0.390734 
0.750314 0.444884 0.722388 0.41054 0.401016 
0.374194 0.5204569999999999 0.668947 0.421109 0.758586 
0.493534 0.712495 0.310621 0.449685 0.581395 
0.306868 0.366778 0.570929 0.549086 0.475185 
0.626966 0.867196 0.6967719999999999 0.722262 0.751318 
0.323316 0.711241 0.419643 0.72066 0.464014 
0.6274420000000001 0.234523 0.662721 0.319936 0.6526380000000001 
0.659366 0.642559 0.865552 0.541093 0.648473 
0.335072 0.641649 0.422941 0.214309 0.465641 
0.490565 0.475316 0.7285469999999999 0.299569 0.749645 
0.176564 0.247753 0.220298 0.140934 0.304752 
0.274779 0.227795 0.12161 0.297564 0.22131 
0.301543 0.539667 0.632955 0.226181 0.523019 
0.780102 0.791751 0.887778 0.806725 0.825983 
0.499597 0.651066 0.257011 0.638553 0.287732 
0.240709 0.37206 0.372013 0.218618 0.24817 
0.6902740000000001 0.295554 0.698001 0.334563 0.433458 
0.468037 0.278921 0.736515 0.336457 0.5348579999999999 
0.497509 0.332834 0.240616 0.532587 0.424149 
0.6667650000000001 0.259594 0.598212 0.251211 0.471671 
0.338554 0.419078 0.330017 0.196638 0.513105 
0.303637 0.380157 0.180111 0.302217 0.446802 
0.311403 0.57759 0.5271439999999999 0.680241 0.589005 
0.248251 0.352322 0.184851 0.220472 0.33687 
0.7527430000000001 0.290782 0.716117 0.645015 0.443049 
0.841033 0.699496 0.665926 0.804163 0.636195 
0.813826 0.76702 0.667793 0.684294 0.832539 
0.439089 0.420679 0.587217 0.455499 0.791249 
0.527635 0.428187 0.445781 0.285768 0.714877 
0.691285 0.701972 0.720979 0.718103 0.490751 
0.441057 0.227763 0.557026 0.215788 0.5385799999999999 
0.262265 0.675353 0.245632 0.485197 0.460624 
0.721776 0.494097 0.33903 0.669538 0.383258 
0.226339 0.369272 0.180512 0.392832 0.200899 
0.768921 0.416785 0.797645 0.405483 0.595824 
0.6004930000000001 0.760898 0.60689 0.654772 0.842591 
0.623315 0.482159 0.6524759999999999 0.563697 0.808051 
0.39415 0.443616 0.192138 0.4012 0.223823 
0.149924 0.400035 0.252634 0.292571 0.305842 
0.696498 0.454633 0.739047 0.412062 0.812661 
0.67125 0.849324 0.6844170000000001 0.788995 0.819356 
0.416847 0.305163 0.579887 0.408316 0.6805369999999999 
0.505335 0.624918 0.443645 0.392175 0.734495 
0.225264 0.113868 0.265419 0.175043 0.159333 
0.244916 0.218174 0.223229 0.378315 0.267696 
0.26076 0.673484 0.429608 0.50227 0.35121 
0.528473 0.621081 0.616967 0.42624 0.83224 
0.271664 0.199481 0.452646 0.338394 0.40143 
0.417546 0.81003 0.438627 0.672469 0.686485 
0.7092349999999999 0.816554 0.756226 0.855105 0.800351 
0.740142 0.397455 0.462746 0.679327 0.365166 
0.813875 0.386757 0.708685 0.5282520000000001 0.403349 
0.33629 0.144598 0.378149 0.25572 0.431854 
0.371718 0.365349 0.453316 0.353264 0.19562 
0.438476 0.311549 0.724267 0.384229 0.657166 
0.561716 0.593237 0.719715 0.652315 0.830603 
0.658151 0.687932 0.43465 0.534478 0.693692 
0.410902 0.452761 0.7354270000000001 0.296509 0.672818 
0.602172 0.717135 0.266602 0.593242 0.467372 
0.698909 0.622109 0.392758 0.824824 0.559324 
0.48607 0.541699 0.657305 0.269093 0.708538 
0.733463 0.490907 0.454922 0.389296 0.508728 
0.838761 0.589911 0.62038 0.6199519999999999 0.496824 
0.645213 0.757445 0.794419 0.547309 0.78323 
0.601974 0.526149 0.79288 0.460292 0.859868 
0.570751 0.41181 0.326464 0.373997 0.651645 
0.387186 0.19641 0.403696 0.152293 0.369301 
0.318505 0.361822 0.25284 0.210321 0.232232 
0.323881 0.550274 0.416644 0.6940269999999999 0.385835 
0.452673 0.15219 0.520247 0.415959 0.446259 
0.322022 0.695671 0.535012 0.608502 0.398944 
0.258275 0.324471 0.151888  0.399 0.406013 
0.55593 0.8173 0.734188 0.644389 0.818861 
0.330051 0.170116 0.193284 0.28309 0.224748 
0.439709 0.288394 0.631895 0.516269 0.621496 
0.661392 0.697214 0.572371 0.453159 0.726366 
0.138073 0.140801 0.228868 0.166106 0.23979 
0.260612 0.35972 0.514953 0.407126 0.572335 
0.604824 0.5171210000000001 0.307332 0.529649 0.262436 
0.28896 0.73933 0.469898 0.503638 0.460171 
0.641809 0.829197 0.744579 0.690173 0.869491 
0.810233 0.509581 0.5809609999999999 0.766185 0.529647 
0.292913 0.228719 0.365627 0.212121 0.498566 
0.629764 0.772935 0.723042 0.819038 0.791692 
0.762999 0.572734 0.632447 0.829771 0.645957 
0.61849 0.593744 0.5120400000000001 0.336932 0.399012 
0.582823 0.607609 0.399113 0.305206 0.490512 
0.197976 0.318489 0.333357 0.425976 0.307814 
0.736009 0.68246 0.8639869999999999 0.59163 0.788048 
0.381739 0.455568 0.600927 0.647849 0.7097909999999999 
0.260295 0.31916 0.688191 0.357488 0.440355 
0.760827 0.825729 0.787279 0.672488 0.691533 
0.686561 0.638261 0.449487 0.557025 0.765298 
0.386969 0.364987 0.656701 0.502477 0.727195 
0.525126 0.447071 0.453413 0.818038 0.382991 
0.607106 0.605386 0.739975 0.777467 0.768912 
0.563432 0.433934 0.348378 0.832487 0.349983 
0.537673 0.444165 0.6112919999999999 0.504233 0.227764 
0.254188 0.251904 0.260074 0.20649 0.410191 
0.237297 0.130951 0.217322 0.173231 0.158148 
0.474594 0.813354 0.396463 0.727447 0.642591 
0.543845 0.341564 0.225846 0.592367 0.192087 
0.432904 0.204795 0.601159 0.334834 0.483303 
0.717942 0.277074 0.575878 0.535981 0.213372 
0.5453 0.193424 0.484228 0.217268 0.336166 
0.43604 0.194234 0.544525 0.286762 0.41322 
0.547053 0.452459 0.46646 0.5426339999999999 0.164459 
0.31923 0.841359 0.38207 0.621281 0.554358 
0.481393 0.796292 0.478327 0.602757 0.729569 
0.243844 0.649531 0.426456 0.419484 0.39239 
0.367522 0.381647 0.129312 0.46914 0.291784 
0.603046 0.638087 0.747486 0.669079 0.465101 
0.521437 0.624981 0.546939 0.612186 0.82939 
0.477692 0.583416 0.761541 0.307333 0.588653 
0.7753910000000001 0.61205 0.658348 0.582551 0.831887 
0.343821 0.426227 0.391371 0.177323 0.528411 
0.151649 0.334236 0.128118 0.330612 0.28126 
0.401217 0.391421 0.14523 0.321796 0.319664 
0.286546 0.214861 0.156915 0.347928 0.196383 
0.464532 0.616004 0.605635 0.518695 0.853692 
0.446802 0.203887 0.34354 0.535562 0.34752 
0.48134 0.54661 0.566734 0.212582 0.516976 
0.36895 0.497559 0.752892 0.503294 0.592723 
0.764741 0.56641 0.805287 0.5778 0.829523 
0.203173 0.392086 0.193042 0.402784 0.210046 
0.244479 0.579592 0.524509 0.430549 0.375227 
0.722812 0.581128 0.379334 0.695936 0.387663 
0.487872 0.469915 0.203289 0.581846 0.48756 
0.579749 0.542059 0.3937 0.326026 0.362142 
0.419823 0.177243 0.461567 0.500618 0.255821 
0.387967 0.5316650000000001 0.223327 0.739579 0.342959 
0.304622 0.636362 0.438551 0.409004 0.784207 
0.510175 0.334214 0.568729 0.48711 0.739847 
0.644494 0.310488 0.706677 0.258715 0.44224 
0.721232 0.729661 0.559806 0.654906 0.395819 
0.536924 0.597131 0.224423 0.584578 0.515554 
0.140012 0.161878 0.160605 0.156864 0.136263 
0.737314 0.568666 0.579941 0.396559 0.375694 
0.365339 0.809063 0.353003 0.70965 0.392171 
0.298029 0.408135 0.597127 0.595489 0.406048 
0.5574480000000001 0.714283 0.691323 0.791187 0.737239 
0.627131 0.637589 0.6407080000000001 0.524698 0.318941 
0.761839 0.701381 0.63718 0.536315 0.751543 
0.862609 0.387067 0.717866 0.619447 0.5683550000000001 
0.287258 0.427004 0.498934 0.350808 0.265734 
0.388255 0.203606 0.370878 0.149194 0.270074 
0.395444 0.198434 0.266647 0.200347 0.237365 
0.826623 0.69209 0.724314 0.840074 0.663326 
0.80702 0.864196 0.812871 0.7563879999999999 0.879058 
0.655192 0.345184 0.459985 0.481575 0.146363 
0.699728 0.53878 0.768042 0.735571 0.682194 
0.240859 0.6294920000000001 0.504041 0.265175 0.564729 
0.428339 0.334231 0.492165 0.185252 0.285882 
0.759838 0.809771 0.6335190000000001 0.827227 0.555416 
0.187172 0.255271 0.29985 0.37135 0.270673 
0.670277 0.840037 0.680186 0.8102 0.749785 
0.366912 0.701422 0.485786 0.495472 0.35915 
0.388788 0.234724 0.538722 0.462405 0.555932 
0.666388 0.350382 0.835221 0.493716  0.501 
0.247854 0.525905 0.618904 0.27211 0.478055 
0.255093 0.638175  0.389 0.599836 0.6183999999999999 
0.801444 0.58607 0.428739 0.533076 0.375901 
0.24697 0.206135 0.388396 0.360731 0.325941 
0.727913 0.802442 0.842052 0.831596 0.805691 
0.597162 0.809746 0.747281 0.647417 0.867681 
0.500176 0.242728 0.597025 0.580093 0.264388 
0.610473 0.683682 0.711468 0.776552 0.548998 
0.6748729999999999 0.583737 0.651039 0.781529 0.737727 
0.831104 0.826155 0.787749 0.88618 0.817362 
0.202262 0.208337 0.255225 0.185896 0.145313 
0.34711 0.623317 0.471953 0.287895 0.712955 
0.334522 0.372932 0.653017 0.422909 0.288132 
0.487743 0.466154 0.824846 0.493711 0.5359120000000001 
0.618358 0.627727 0.566547 0.833054 0.669745 
0.61255 0.233334 0.412721 0.410574 0.224104 
0.808108 0.527209 0.781303 0.702839 0.551221 
0.7888770000000001 0.844058 0.754541 0.833982 0.843052 
0.369803 0.726361 0.407911 0.751443 0.578889 
0.60351 0.580473 0.8585700000000001 0.394436 0.687766 
0.5210630000000001 0.237519 0.495404 0.272043 0.267724 
0.309984 0.42651 0.700549 0.404104 0.644215 
0.347154 0.256586 0.633064 0.181961 0.53904 
0.260586 0.618009 0.329609 0.434464 0.352867 
0.474621 0.187578 0.399103 0.272835 0.478157 
0.239544 0.562643 0.532582 0.320334 0.681164 
0.633082 0.386244 0.755831 0.287651 0.572699 
0.193425 0.185314 0.317011 0.206992 0.369153 
0.404687 0.533792 0.754572 0.531153 0.68713 
0.516323 0.778246 0.605554 0.470029 0.691738 
0.420581 0.251707 0.627681 0.272362 0.390115 
0.218442 0.315289 0.13341 0.37662 0.236916 
0.710654 0.340247 0.57882 0.577108 0.609079 
0.767083 0.541916 0.570613 0.407584 0.463505 
0.449158 0.338485 0.668422 0.186086 0.563655 
0.270464 0.610455 0.351235 0.329568 0.593653 
0.672089 0.357952 0.698262 0.403719 0.333634 
0.460564 0.765166 0.305991 0.457654 0.510691 
0.538099 0.839222 0.441838 0.589958 0.611474 
0.582789 0.753714 0.687851 0.660278 0.481146 
0.406319 0.218427 0.346169 0.260329 0.474315 
0.685844 0.520238 0.890807 0.449042 0.612886 
0.705044 0.814864 0.83969 0.779646 0.736152 
0.289277 0.305338 0.388499 0.131841 0.438779 
0.339064 0.406624 0.569912 0.336804 0.777278 
0.624537 0.482081 0.286939 0.63661 0.274406 
0.726143 0.680352 0.617265 0.478304 0.692378 
0.377729 0.193564 0.503017 0.333477 0.311973 
0.506135 0.686234 0.488777 0.405537 0.331212 
0.473247 0.330003 0.505316 0.66005 0.639404 
0.702886 0.5407920000000001 0.439244 0.378339 0.6087 
0.61458 0.603122 0.7296550000000001 0.657506 0.8611490000000001 
0.264192 0.483559 0.402284 0.352598 0.267676 
0.446329 0.164177 0.357734 0.371145 0.184514 
0.226459 0.419484 0.161048 0.343233 0.37143 
0.421406 0.204138 0.315909 0.270593 0.142776 
0.588803 0.5428809999999999 0.33756 0.368284 0.366798 
0.525045 0.256489 0.42478 0.412408 0.624858 
0.705921 0.423521 0.356522 0.5230669999999999 0.30339 
0.193873 0.112401 0.176527 0.184471 0.172334 
0.255023 0.255946 0.294943 0.111931 0.335678 
0.865574 0.744076 0.741097 0.742335 0.693062 
0.39896 0.6302990000000001 0.166788 0.491385 0.386882 
0.606765 0.54522 0.736714 0.764111 0.677665 
0.537008 0.650137 0.671995 0.311273 0.664403 
0.604402 0.844546 0.675551 0.756764 0.788505 
0.7834449999999999 0.427256 0.527629 0.42649 0.629694 
0.419332 0.688788 0.274587 0.417189 0.382837 
0.255623 0.5457649999999999 0.21915 0.540921 0.370839 
0.303402 0.22348 0.222022 0.257312 0.117083 
0.70182 0.468781 0.683275 0.436488 0.34673 
0.627524 0.315354 0.28187 0.579213 0.336029 
0.407095 0.60273 0.388885 0.747088 0.639574 
0.8819129999999999 0.804805 0.852472 0.808076 0.803592 
0.175002 0.189881 0.120933 0.21425 0.178607 
0.878704 0.6761779999999999 0.72656 0.7005749999999999 0.746885 
0.519053 0.258507 0.458554 0.44424 0.622987 
0.501266 0.313819 0.742696 0.27775 0.455798 
0.180296 0.169288 0.215191 0.122901 0.14186 
0.612846 0.808992 0.495549 0.750219 0.422626 
0.783108 0.834909 0.680916 0.871121 0.721754 
0.756772 0.831324 0.731649 0.854957 0.787038 
0.683379 0.697155 0.7345660000000001 0.43779 0.706093 
0.511244 0.322722 0.415266 0.227636 0.525227 
0.49389 0.619378 0.300819 0.500078 0.6441789999999999 
0.772713 0.696839 0.563249 0.780407 0.491582 
0.6054349999999999 0.681375 0.576375 0.831041 0.534633 
0.351857 0.475572 0.392558 0.373073 0.209683 
0.531095 0.405031 0.357983 0.27531 0.495873 
0.267508 0.295013 0.495588 0.123863 0.482476 
0.477412 0.220542 0.586091 0.241488 0.445859 
0.189413 0.141013 0.154609 0.11502 0.182731 
0.694856 0.677953 0.579416 0.8292659999999999 0.452499 
0.498876 0.8006180000000001 0.662479 0.474815 0.563714 
0.379065 0.603179 0.247508 0.563759 0.685056 
0.5551199999999999 0.363493 0.473276 0.355252 0.200824 
0.794411 0.640365 0.632005 0.855085 0.613713 
0.218286 0.72429 0.420902 0.564481 0.5613089999999999 
0.494077 0.719587 0.262795 0.641857 0.551898 
0.404947 0.579637 0.213356 0.513425 0.582654 
0.203103 0.645104 0.46928 0.386655 0.563708 
0.265129 0.232747 0.148274 0.21505 0.144824 
0.308545 0.283939 0.222843 0.361457 0.126622 
0.372773 0.276121 0.244565 0.265465 0.155687 
0.632038 0.398923 0.690482 0.56543 0.749255 
0.314708 0.52683 0.603306 0.654929 0.5737640000000001 
0.279099 0.703776 0.396716 0.537803 0.651305 
0.791644 0.84345 0.639245 0.720252 0.661863 
0.258284 0.374766 0.384329 0.343946 0.649177 
0.179742 0.228168 0.183011 0.180405 0.137968 
0.286974 0.206779 0.377619 0.422494 0.268439 
0.7131459999999999 0.394376 0.499065 0.626606 0.279049 
0.256915 0.271996 0.418886 0.353491 0.514927 
0.818381 0.368539 0.497347 0.424689 0.35485 
0.76942 0.5483170000000001 0.776068 0.711701 0.747467 
0.332747 0.677157 0.263908 0.613761 0.29854 
0.205658 0.456465 0.352742 0.313659 0.653636 
0.837363 0.590265 0.777183 0.771252 0.6301330000000001 
0.130056 0.302691 0.300842 0.167084 0.393043 
0.345953 0.459831 0.488365 0.705633 0.472826 
0.798895 0.356168 0.676186 0.433005 0.465661 
0.781395 0.772501 0.837269 0.780603 0.83965 
0.384645 0.645998 0.747061 0.50526 0.7296049999999999 
0.464888 0.642792 0.190068 0.718593 0.563483 
0.643531 0.7352 0.394965 0.774958 0.373344 
0.422111 0.518425 0.460787 0.777262 0.534331 
0.756682 0.32428 0.649069 0.606912 0.359084 
0.6365 0.845695 0.599271 0.738502 0.502869 
0.274293 0.125049 0.250993 0.186525 0.263261 
0.671855 0.493143 0.504425 0.663611 0.723925 
0.767906 0.372072 0.665979 0.529495 0.301729 
0.31028 0.217148 0.250025 0.394509 0.142053 
0.346795 0.425467 0.219313 0.260073 0.438743 
0.633323 0.796816 0.587616 0.533783 0.7572449999999999 
0.367709 0.741088 0.555752 0.39951 0.491555 
0.13881 0.345844 0.173887 0.315121 0.278836 
0.541247 0.550889 0.775667 0.552019 0.433684 
0.315853 0.584743 0.608371 0.644871 0.339408 
0.208597 0.241753 0.182692 0.276948 0.150606 
0.439474 0.408163 0.272554 0.712202 0.341917 
0.875147 0.8351150000000001 0.7811360000000001 0.820263 0.824644 
0.389015 0.5461240000000001 0.251599 0.604622 0.190003 
0.430584 0.599141 0.421532 0.74333 0.164183 
0.496157 0.776124 0.358177 0.763866 0.607503 
0.383283 0.350297 0.283411 0.231623 0.516235 
0.376147 0.392031 0.728083 0.53524 0.704681 
0.237671 0.627861 0.347092 0.60066 0.499736 
0.6600240000000001 0.213788 0.623134 0.440671 0.372739 
0.464195 0.518846 0.41799 0.347198 0.235118 
0.388113 0.168726 0.436414 0.34657 0.245577 
0.6221 0.62752 0.8481340000000001 0.585746 0.743588 
0.534999 0.204353 0.596546 0.6047940000000001 0.414228 
0.471706 0.439128 0.5936090000000001 0.199362 0.427623 
0.366913 0.338662 0.536141 0.453433 0.221411 
0.569277 0.302178 0.522927 0.4969 0.169134 
0.434065 0.454145 0.159704 0.58268 0.390062 
0.579198 0.625322 0.200072 0.584207 0.401538 
0.434376 0.159825 0.345922 0.262127 0.320668 
0.203816 0.314422 0.181314 0.202941 0.26063 
0.765833 0.359531 0.749521 0.576196 0.409927 
0.594424 0.722266 0.442927 0.583328 0.307749 
0.441536 0.413496 0.359694 0.418704 0.15122 
0.531945 0.6890540000000001 0.82138 0.546605 0.717499 
0.608718 0.463313 0.599599 0.520127 0.806825 
0.311457 0.360269 0.704854 0.241881 0.564395 
0.331033 0.469309 0.168452 0.42887 0.47907 
0.437367 0.293503 0.243629 0.543946 0.356051 
0.510511 0.271467 0.296403 0.264968 0.184411 
0.218163 0.276116 0.170459 0.376917 0.28162 
0.243331 0.31793 0.525008 0.417241 0.398282 
0.237443 0.266095 0.349733 0.444218 0.254902 
0.854367 0.651064 0.6895289999999999 0.782863 0.721864 
0.249221 0.134932 0.173892 0.265336 0.142698 
0.774248 0.610214 0.573671 0.672693 0.351913 
0.579612 0.791745 0.69983 0.7305430000000001 0.811527 
0.423766 0.260469 0.333321 0.376402 0.129471 
0.86994 0.6966639999999999 0.7714490000000001 0.6487039999999999 0.759771 
0.491854 0.595432 0.655446 0.357223 0.799388 
0.822379 0.837896 0.8820440000000001 0.793979 0.817917 
0.503232 0.719915 0.398603 0.477965 0.699213 
0.434252 0.514282 0.772971 0.25872 0.487655 
0.263434 0.225686 0.39443 0.101475 0.329015 
0.273819 0.218297 0.354289 0.151109 0.393555 
0.526913 0.705499 0.483832 0.578257 0.279423 
0.729472 0.413113 0.402721 0.55453 0.5545020000000001 
0.736586 0.708637 0.8426399999999999 0.763035 0.6528 
0.486868 0.658093 0.317817 0.485032 0.30045 
0.613276 0.494163 0.796158 0.626262 0.737031 
0.401902 0.784903 0.547258 0.683222 0.688725 
0.729366 0.591309 0.591079 0.777044 0.41868 
0.568839 0.47612 0.268186 0.411067 0.546482 
0.371012 0.228278 0.467628 0.238581 0.234075 
0.8473270000000001 0.498964 0.659187 0.66771 0.497392 
0.833989 0.639796 0.6707109999999999 0.593212 0.576241 
0.741378 0.817352 0.790412 0.792145 0.8484429999999999 
0.678042 0.676812 0.643323 0.652846 0.881208 
0.542794 0.36173 0.551225 0.719566 0.331742 
0.671716 0.670362 0.343597 0.638262 0.360919 
0.34025 0.1625 0.223902 0.338382 0.321399 
0.138038 0.283801 0.262635 0.197295 0.422704 
0.442597 0.754854 0.606389 0.528789 0.426132 
0.1615 0.116303 0.248034 0.126919 0.188555 
0.757984 0.666373 0.759367 0.532749 0.568156 
0.197822 0.307679 0.170285 0.208791 0.272394 
0.34819 0.640381 0.515514 0.746223 0.488827 
0.533705 0.743247 0.55642 0.395761 0.657508 
0.866569 0.727983 0.88667 0.712711 0.7920700000000001 
0.656117 0.254222 0.503329 0.400819 0.205908 
0.399113 0.717797 0.317978 0.521325 0.659423 
0.804157 0.716309 0.853144 0.688501 0.858217 
0.761418 0.501134 0.789538 0.656354 0.49657 
0.675943 0.82252 0.527467 0.635586 0.693428 
0.6639890000000001 0.46179 0.51545 0.310704 0.642266 
0.846193 0.768999 0.8844610000000001 0.782673 0.759791 
0.170573 0.206373 0.25821 0.168433 0.337085 
0.480685 0.46558 0.632692 0.5757679999999999 0.280827 
0.467506 0.472841 0.318041 0.595599 0.655051 
0.594943 0.432496   0.61 0.257725 0.341145 
0.709917 0.453585 0.401292 0.378576 0.377824 
0.732526 0.883394 0.716781 0.744542 0.790471 
0.621976 0.709866 0.528083 0.748085 0.794003 
0.769926 0.467947 0.79489 0.390206 0.617668 
0.425617 0.746928 0.542405 0.51142 0.7773139999999999 
0.223944 0.657768 0.549254 0.635497 0.535973 
0.551291 0.410261 0.210134 0.480055 0.34824 
0.543754 0.636111 0.300075 0.704663 0.316523 
0.452487 0.654901 0.627051 0.647861 0.316064 
0.701134 0.545598 0.599342 0.5613 0.273134 
0.283017 0.250374 0.474381 0.222894 0.564358 
0.630089 0.32237 0.655107 0.382038 0.747387 
0.372185 0.7771940000000001 0.24075 0.698496 0.486659 
 0.828 0.793608 0.734019 0.690975 0.677133 
0.703646 0.723705 0.660717 0.817988 0.807474 
0.288632 0.573982 0.599417 0.236238 0.577268 
0.271098 0.518624 0.52435 0.444215 0.752398 
0.428366 0.588912 0.397024 0.199385 0.548245 
0.161809 0.138969 0.208608 0.170628 0.168015 
0.818987 0.687731 0.665704 0.57778 0.665725 
0.32324 0.393902 0.161275 0.419544 0.47766 
0.549415 0.654763 0.278824 0.543984 0.288861 
0.760267 0.6168169999999999 0.684179 0.702745 0.421453 
0.79662 0.719445 0.555832 0.76037 0.602685 
0.422847 0.660766 0.2797 0.503883 0.301571 
0.433303 0.447232 0.645407 0.355468 0.286934 
0.872705 0.676745 0.769585 0.696169 0.771841 
0.730293 0.622239 0.546876 0.655311 0.308362 
0.608387 0.397817 0.623538 0.734028 0.304469 
0.592476 0.918502 0.563604 0.678253 0.532466 
0.439749 0.243019 0.341418 0.593756 0.276008 
0.417153 0.310691 0.559667 0.288866 0.2693 
0.390665 0.644062 0.571164 0.635099 0.793334 
0.273543 0.218487 0.388093 0.314437 0.49099 
0.809544 0.790448 0.833693 0.831969 0.756889 
0.47123 0.378192 0.282426 0.267543 0.368304 
0.53633 0.770558 0.518133 0.470696 0.7079490000000001 
0.163928 0.520537 0.374624 0.502381 0.489824 
0.6054619999999999 0.254647 0.665605 0.36554 0.374524 
0.505024 0.644742 0.315103 0.422377 0.326867 
0.401059 0.474408 0.29715 0.7523840000000001 0.338922 
0.670842 0.482275 0.688409 0.480158 0.335971 
0.153311 0.471981 0.472488 0.356184 0.413594 
0.7678779999999999 0.228757 0.621676 0.353848 0.563052 
0.489711 0.836693 0.571866 0.623977 0.706201 
0.308001 0.190836 0.324873 0.232163 0.15776 
0.641726 0.708628 0.37542 0.626817 0.653405 
0.638261 0.303905 0.545799 0.752903 0.399412 
0.472298 0.402167 0.432434 0.534556 0.773566 
0.530567 0.657234 0.610951 0.451399 0.367455 
0.678192 0.509562 0.287409 0.532666 0.435333 
0.43538 0.564113 0.583608 0.353462 0.787161 
0.407353 0.582962 0.260251 0.801419 0.498526 
0.726375 0.835456 0.641715 0.79226 0.745735 
0.328505 0.677632 0.437382 0.56937 0.789805 
0.327661 0.438697 0.44488 0.558748 0.699314 
0.305379 0.281782 0.314999 0.5170630000000001 0.325204 
0.634971 0.231501 0.663131 0.409774 0.638114 
0.665157 0.657774 0.529613 0.419075 0.406732 
0.708776 0.433287 0.374081 0.675806 0.523903 
0.161315 0.232284 0.274893 0.161767 0.165571 
0.259344 0.166435 0.366537 0.150245 0.334653 
0.420672 0.6581399999999999 0.192479 0.554097 0.359944 
0.724436 0.521142 0.448451 0.610711 0.288014 
0.301105 0.449004 0.12628 0.534307 0.399427 
0.796091 0.58475 0.790249 0.539562 0.494187 
0.798786 0.743067 0.661215 0.804107 0.571419 
0.736195 0.708085 0.86115 0.694643 0.854557 
0.253176 0.454834 0.415507 0.413938 0.251566 
0.588971 0.446702 0.662714 0.19511 0.556264 
0.888216 0.386252 0.493529 0.598257 0.46949 
0.743165 0.313677 0.651989 0.5001989999999999 0.327237 
0.211705 0.278846 0.365183 0.311697 0.206596 
0.663269 0.642799 0.566391 0.446946 0.817263 
0.688903 0.329712 0.323572 0.598739 0.319791 
0.256934 0.355671 0.179286 0.32456 0.187187 
0.566144 0.261923 0.324732 0.5983270000000001 0.12409 
0.270066 0.585484 0.252127 0.290282 0.485277 
0.523678 0.790303 0.549778 0.499009 0.723614 
0.246123 0.385615 0.198473 0.413113 0.466968 
0.398872 0.716677 0.353777 0.674411 0.673347 
0.71329 0.41184 0.338446 0.603742 0.438508 
0.572931 0.836662 0.617807 0.481849 0.596074 
0.224154 0.456377 0.529582 0.425985 0.551499 
0.8076950000000001 0.8688979999999999 0.81941 0.718521 0.82175 
0.525714 0.334676 0.778019 0.583624 0.53193 
0.235912 0.502348 0.185208 0.37081 0.341479 
0.511229 0.595238 0.161022 0.5800419999999999 0.319658 
0.713936 0.370753 0.376852 0.441639 0.458362 
0.477202 0.336877 0.288529 0.452571 0.125736 
0.582068 0.694137 0.768387 0.428275 0.670256 
0.457797 0.368496 0.352869 0.485738 0.651191 
0.345321 0.607497 0.334817 0.569493 0.750798 
