5
39
4.723189999999999888e-01 5.263179999999999525e-01 4.461840000000000250e-01 4.870689999999999742e-01 4.715759999999999952e-01
4.198120000000000185e-01 4.249069999999999792e-01 4.902259999999999951e-01 4.359399999999999942e-01 4.797270000000000145e-01
4.612629999999999786e-01 4.574030000000000040e-01 4.073499999999999899e-01 4.190530000000000088e-01 4.602800000000000225e-01
4.017470000000000208e-01 4.169070000000000276e-01 4.388699999999999823e-01 4.562970000000000081e-01 4.390310000000000046e-01
5.212299999999999711e-01 5.058979999999999588e-01 5.510979999999999768e-01 4.846550000000000025e-01 5.316520000000000135e-01
4.825740000000000030e-01 5.196939999999999893e-01 4.146619999999999751e-01 4.907670000000000088e-01 4.090369999999999839e-01
3.648279999999999856e-01 3.918309999999999849e-01 3.553499999999999992e-01 4.181989999999999874e-01 3.965190000000000103e-01
5.747750000000000359e-01 5.644959999999999978e-01 5.538380000000000525e-01 5.566849999999999854e-01 5.989119999999999999e-01
4.356829999999999870e-01 4.415859999999999785e-01 5.232409999999999561e-01 4.418320000000000025e-01 4.789619999999999989e-01
5.194010000000000016e-01 4.582109999999999794e-01 5.488629999999999898e-01 5.038839999999999986e-01 4.739289999999999892e-01
4.508010000000000073e-01 4.539940000000000087e-01 4.491550000000000264e-01 4.772759999999999780e-01 5.023149999999999560e-01
6.067160000000000331e-01 5.948919999999999764e-01 5.764960000000000084e-01 5.814040000000000319e-01 5.611650000000000249e-01
4.068959999999999799e-01 4.714249999999999829e-01 3.937890000000000001e-01 4.258859999999999868e-01 4.137399999999999967e-01
5.529680000000000151e-01 6.079839999999999689e-01 5.371529999999999916e-01 5.745550000000000379e-01 6.017409999999999703e-01
4.525569999999999871e-01 4.232060000000000266e-01 4.914740000000000220e-01 4.038260000000000183e-01 4.732160000000000255e-01
5.522019999999999706e-01 4.815789999999999793e-01 5.159789999999999655e-01 5.373559999999999448e-01 5.397420000000000551e-01
5.415200000000000014e-01 4.619130000000000180e-01 5.065619999999999568e-01 4.481840000000000268e-01 4.371800000000000130e-01
4.171940000000000093e-01 5.074340000000000517e-01 4.426359999999999739e-01 4.944279999999999786e-01 4.288199999999999790e-01
4.679320000000000146e-01 4.774880000000000235e-01 4.027649999999999841e-01 5.096300000000000274e-01 4.084019999999999873e-01
4.919189999999999952e-01 4.673229999999999884e-01 4.814189999999999858e-01 5.475750000000000339e-01 4.610850000000000226e-01
5.409479999999999844e-01 5.432550000000000434e-01 5.931189999999999518e-01 5.724949999999999761e-01 5.809579999999999744e-01
5.656069999999999709e-01 5.256129999999999969e-01 5.026410000000000045e-01 4.871019999999999794e-01 4.873959999999999959e-01
4.893859999999999877e-01 5.289479999999999738e-01 5.013579999999999703e-01 5.067399999999999682e-01 4.295550000000000201e-01
5.600619999999999488e-01 5.104769999999999586e-01 5.126220000000000221e-01 4.705219999999999958e-01 4.663769999999999860e-01
4.017249999999999988e-01 3.935699999999999754e-01 4.018769999999999842e-01 4.166000000000000258e-01 3.701070000000000193e-01
3.884360000000000035e-01 4.063180000000000125e-01 4.219370000000000065e-01 4.257810000000000206e-01 3.805830000000000046e-01
5.988240000000000229e-01 6.046620000000000328e-01 6.269249999999999545e-01 5.643610000000000015e-01 5.608680000000000332e-01
5.173710000000000253e-01 5.150209999999999511e-01 4.814329999999999998e-01 5.594339999999999868e-01 4.895909999999999984e-01
4.618829999999999880e-01 3.909929999999999795e-01 3.975380000000000025e-01 4.305519999999999903e-01 3.723920000000000008e-01
5.739680000000000337e-01 5.222660000000000080e-01 5.538359999999999950e-01 4.958480000000000110e-01 5.744320000000000537e-01
4.902480000000000171e-01 4.129909999999999970e-01 4.795559999999999823e-01 4.400160000000000182e-01 4.139950000000000019e-01
4.622020000000000017e-01 4.959669999999999912e-01 3.917579999999999951e-01 4.975709999999999855e-01 4.798339999999999828e-01
4.243720000000000270e-01 4.406200000000000117e-01 4.112250000000000072e-01 3.872820000000000151e-01 3.839629999999999987e-01
4.675770000000000204e-01 4.102279999999999816e-01 4.300390000000000046e-01 4.154849999999999932e-01 3.819130000000000025e-01
4.531810000000000005e-01 4.781170000000000142e-01 4.494389999999999774e-01 4.859149999999999858e-01 4.020540000000000225e-01
4.878850000000000131e-01 4.275280000000000191e-01 4.509340000000000015e-01 4.166850000000000276e-01 4.026850000000000152e-01
5.117819999999999592e-01 5.719859999999999944e-01 5.973140000000000116e-01 5.695280000000000342e-01 5.972629999999999884e-01
4.778419999999999890e-01 4.400339999999999807e-01 4.748950000000000116e-01 4.829510000000000192e-01 4.074570000000000136e-01
4.826759999999999939e-01 3.676920000000000188e-01 4.007009999999999739e-01 4.250439999999999774e-01 3.914779999999999927e-01
