5
875
0.726453 0.698626 0.550311 0.715723 0.764646 
0.640447 0.269216 0.528509 0.576379 0.584801 
0.621134 0.508145 0.832691 0.519087 0.523246 
0.396389 0.7122540000000001 0.325163 0.708429 0.437525 
0.790932 0.7312110000000001 0.846162 0.692973 0.831418 
0.334922 0.476843 0.280022 0.609115 0.286481 
0.699704 0.556382 0.288208 0.62857 0.437641 
0.713902 0.8556319999999999 0.623746 0.690986 0.740927 
0.850689 0.638109 0.681264 0.711942 0.591984 
0.761788 0.785425 0.549001 0.7969540000000001 0.676783 
0.84131 0.498409 0.721588 0.576417 0.532681 
0.257217 0.342069 0.477889 0.510112 0.425517 
0.278419 0.745196 0.348962 0.470798 0.556723 
0.669705 0.414204 0.482579 0.301378 0.450734 
0.248329 0.207225 0.238915 0.349155 0.197872 
0.70948 0.600714 0.453587 0.43681 0.416324 
0.252293 0.240468 0.480757 0.297511 0.377979 
0.822551 0.775129 0.883006 0.758047 0.796647 
0.6162879999999999 0.354891 0.540116 0.225386 0.474747 
0.631486 0.541419 0.8073129999999999 0.424972 0.698435 
0.551717 0.520788 0.444955 0.8064480000000001 0.424985 
0.818079 0.439903 0.734186 0.680391 0.5004690000000001 
0.44541 0.285362 0.359552 0.195669 0.280671 
0.394444 0.619859 0.46532 0.237677 0.59727 
0.508358 0.357546 0.339951 0.551516 0.5893350000000001 
0.306186 0.257228 0.221266 0.17597 0.176046 
0.57709 0.515647 0.733321 0.56777 0.8018459999999999 
0.231578 0.323924 0.268957 0.349911 0.170487 
0.394208 0.34085 0.496448 0.255789 0.646412 
0.724759 0.411257 0.347732 0.48462 0.346251 
0.596661 0.273214 0.337148 0.288776 0.353223 
0.673658 0.5228930000000001 0.435998 0.514786 0.214648 
0.438449 0.152569 0.345478 0.334253 0.245698 
0.440903 0.663628 0.5116000000000001 0.77069 0.448598 
0.437875 0.289054 0.446718 0.388751 0.156952 
0.397475 0.26404 0.227759 0.45298 0.243953 
0.667158 0.550285 0.468373 0.802128 0.574541 
0.495896 0.464217 0.687899 0.549889 0.333828 
0.394986 0.236181 0.409004 0.163095 0.426394 
0.624437 0.323647 0.408183 0.59844 0.552542 
0.352383 0.572497 0.727993 0.512836 0.656748 
0.357023 0.434474 0.643184 0.225634 0.6317430000000001 
0.646568 0.234344 0.657844 0.461812 0.528371 
0.819401 0.472459 0.64723 0.495337 0.582222 
0.770044 0.361679 0.621417 0.636554 0.367094 
0.606223 0.543188 0.233036 0.626811 0.461621 
0.478907 0.451955 0.269151 0.272843 0.397746 
0.6280480000000001 0.577744 0.702494 0.418612 0.772334 
0.252224 0.240423 0.45874 0.361205 0.346139 
0.714381 0.461585 0.710693 0.726254 0.447753 
0.521791 0.5284759999999999 0.210673 0.55614 0.508989 
0.259894 0.253754 0.164891 0.252938 0.370895 
0.871009 0.838735 0.8375050000000001 0.854742 0.807516 
0.470206 0.443967 0.247006 0.499342 0.179712 
0.841461 0.757298 0.776444 0.7486660000000001 0.670894 
0.506509 0.648857 0.579363 0.378425 0.376627 
0.385265 0.274911 0.426583 0.149142 0.38347 
0.4172 0.506641 0.221313 0.373383 0.547345 
0.543495 0.515385 0.279097 0.643241 0.57838 
0.454404 0.453283 0.602135 0.709444 0.367955 
0.5646600000000001 0.451884 0.454056 0.784107 0.432977 
0.505948 0.414883 0.463561 0.609978 0.202567 
0.247698 0.435978 0.296625 0.579915 0.448664 
0.514103 0.604965 0.8120039999999999 0.529708 0.601401 
0.365257 0.486619 0.667172 0.591323 0.614015 
0.380543 0.317414 0.458995 0.13678 0.393077 
0.427939 0.233716 0.59095 0.398896 0.267649 
0.350938 0.743066 0.396889 0.429817 0.438055 
0.537588 0.438485 0.498628 0.217697 0.449351 
0.384964 0.328907 0.404068 0.455259 0.637469 
0.626557 0.476022 0.382705 0.33117 0.5143 
0.656197 0.373621 0.523806 0.530759 0.207191 
0.440229 0.601651 0.418805 0.425177 0.257866 
0.422624 0.545556 0.266561 0.3173 0.53651 
0.187347 0.192422 0.322014 0.184982 0.217645 
0.508306 0.527508 0.75042 0.499901 0.438606 
0.5213719999999999 0.191709 0.522048 0.267601 0.428796 
0.796192 0.825448 0.694947 0.748743 0.750279 
0.554952 0.564765 0.630335 0.502034 0.315374 
0.535626 0.235354 0.711094 0.328349 0.672217 
0.179546 0.541261 0.309033 0.458749 0.353136 
0.643335 0.338263 0.339957 0.5152139999999999 0.544554 
0.199122 0.142912 0.218601 0.241376 0.168326 
0.547303 0.168316 0.481211 0.328944 0.462566 
0.607796 0.272718 0.498541 0.283247 0.318783 
0.251992 0.547331 0.355466 0.373126 0.695139 
0.7731130000000001 0.339384 0.567895 0.571167 0.27368 
0.525984 0.424768 0.6864130000000001 0.309276 0.748576 
0.207765 0.580012 0.26824 0.435075 0.506771 
0.294552 0.68241 0.557677 0.556557 0.716216 
0.424307 0.615358 0.247244 0.722356 0.43779 
0.215261 0.379695 0.394132 0.158682 0.419845 
0.433208 0.809732 0.610936 0.497219 0.7014280000000001 
0.247765 0.375892 0.256622 0.245155 0.493497 
0.335747 0.169517 0.341805 0.331739 0.38389 
0.229137 0.523529 0.152184 0.366676 0.353493 
0.459501 0.745865 0.551194 0.749733 0.498895 
0.297449 0.148736 0.325994 0.162957 0.322425 
0.545337 0.272724 0.733611 0.453226 0.494554 
0.754167 0.417241 0.5095499999999999 0.523966 0.540998 
0.453128 0.497689 0.402261 0.224991 0.53993 
0.761442 0.455278 0.610677 0.480632 0.327403 
0.403443 0.431758 0.756205 0.3343 0.651801 
0.584116 0.8696199999999999 0.622795 0.72167 0.7570249999999999 
0.202962 0.300498 0.11775 0.294971 0.184247 
0.817839 0.7452 0.7225279999999999 0.635165 0.756627 
0.242192 0.514815 0.228937 0.373327 0.269976 
0.526685 0.792492 0.749055 0.618374 0.736967 
0.312982 0.3976 0.687241 0.404152 0.5898910000000001 
0.409438 0.608113 0.377688 0.748868 0.441631 
0.642607 0.36186 0.605857 0.340866 0.318654 
0.263098 0.572538 0.612766 0.384658 0.558942 
0.780933 0.6955519999999999 0.650922 0.632946 0.50689 
0.597284 0.392695 0.636298 0.643549 0.252044 
0.609592 0.460301 0.456399 0.458082 0.196323 
0.8190539999999999 0.843508 0.821875 0.879355 0.841006 
0.588893 0.279622 0.684878 0.510137 0.609419 
0.77483 0.773728 0.767665 0.743642 0.888552 
0.569861 0.7614649999999999 0.475765 0.457479 0.519204 
0.519025 0.706019 0.60967 0.827769 0.582499 
0.334228 0.511564 0.343345 0.425824 0.6902 
0.363462 0.187699 0.354421 0.207377 0.20031 
0.428712 0.221328 0.251573 0.219355 0.243238 
0.310487 0.427586 0.145945 0.457759 0.400769 
0.762647 0.520979 0.521504 0.739988 0.326102 
0.596669 0.323011 0.377441 0.29779 0.269724 
0.807767 0.801123 0.722712 0.808348 0.563481 
0.451514 0.230279 0.529495 0.469586 0.522944 
0.679484 0.782137 0.437618 0.714623 0.624519 
0.394404 0.658281 0.6374840000000001 0.46405 0.466014 
0.574757 0.381801 0.245317 0.5399659999999999  0.404 
0.117906 0.140809 0.089699 0.123008 0.123474 
0.7214390000000001 0.323282 0.447812 0.600159 0.488355 
0.315503 0.749857 0.406695 0.426698 0.741202 
0.6001 0.598567 0.633856 0.367471 0.745814 
0.49463 0.344882 0.467788 0.341428 0.20019 
0.136948 0.167269 0.102909 0.158497 0.126986 
0.32068 0.509259 0.353201 0.577613 0.280291 
0.772236 0.485415 0.531267 0.729783 0.300342 
0.518236 0.365832 0.748951 0.431555 0.401225 
0.836307 0.5281400000000001 0.631313 0.699636 0.437773 
0.651956 0.801918 0.405117 0.763866 0.494868 
0.800853 0.6056589999999999 0.558714 0.608816 0.441692 
0.467163 0.707175 0.592608 0.68501 0.805824 
0.604698 0.720886 0.34636 0.587284 0.662401 
0.701163 0.506074 0.789228 0.712129 0.5380200000000001 
0.278037 0.270687 0.438241 0.445384 0.400395 
0.300719 0.194798 0.154695 0.244658 0.198035 
0.715832 0.59956 0.837776 0.637306 0.827137 
0.477134 0.741019 0.671527 0.591229 0.519381 
0.195864 0.26949 0.311966 0.342501 0.210936 
0.722989 0.293212 0.685646 0.373791 0.484491 
0.288715 0.390979 0.518298 0.188502 0.545799 
0.382385 0.24216 0.583168 0.361122 0.320212 
0.53071 0.517282 0.735262 0.5946360000000001 0.756941 
0.358584 0.30888 0.306951 0.143787 0.380989 
0.451943 0.242427 0.574697 0.36347 0.672539 
0.486483 0.536046 0.440587 0.692723 0.242131 
0.426307 0.596886 0.443563 0.321191 0.732079 
0.394633 0.633732 0.65201 0.331333 0.778125 
0.381333 0.7817499999999999 0.466682 0.404991 0.651456 
0.803615 0.860613 0.805852 0.873689 0.819066 
0.656517 0.720587 0.574756 0.51194 0.429347 
0.213844 0.36371 0.132475 0.226654 0.299625 
0.429396 0.553207 0.6348470000000001 0.656838 0.72628 
0.244299 0.319323 0.169968 0.389492 0.170263 
0.554836 0.288081 0.422018 0.61033 0.5021409999999999 
0.731926 0.612101 0.820079 0.500705 0.675382 
0.138196 0.336507 0.309485 0.354628 0.326858 
0.621349 0.675345 0.411813 0.488387 0.389713 
0.427062 0.385148 0.193907 0.555287 0.420285 
0.19849 0.33589 0.417597 0.377695 0.463721 
0.827033 0.822083 0.743521 0.793515 0.792632 
0.38354 0.7491910000000001 0.307833 0.604893 0.368842 
0.428936 0.534243 0.157621 0.539638 0.414944 
0.546386 0.507903 0.176094 0.611364 0.35375 
0.729185 0.720695 0.781785 0.705914 0.543883 
0.592344 0.859465 0.6708150000000001 0.667313 0.835288 
0.632354 0.484921 0.334039 0.416673 0.342619 
0.211861 0.135446 0.169988 0.172245 0.112734 
0.565761 0.491458 0.681494 0.534776 0.810628 
0.54716 0.273827 0.625706 0.6166469999999999 0.362635 
0.581054 0.444052 0.8068070000000001 0.58099 0.516717 
0.43777 0.298079 0.613439 0.203672 0.612151 
0.329919 0.537317 0.52928 0.669218 0.504001 
0.151719 0.144608 0.182797 0.209548 0.161579 
0.202688 0.582192 0.26148 0.322939 0.526334 
0.550612 0.362029 0.668963 0.32249 0.767028 
0.39975 0.630387 0.679185 0.574843 0.477759 
0.795864 0.732797 0.645615 0.827868 0.745799 
0.567057 0.382422 0.418397 0.270091 0.559266 
0.141314 0.162903 0.17452 0.174684 0.141129 
0.289224 0.258947 0.206592 0.164241 0.320072 
0.833404 0.653243 0.791933 0.792056 0.685066 
0.606631 0.313351 0.482634 0.642082 0.28967 
0.671857 0.610885 0.304973 0.656035 0.337625 
0.792141 0.36834 0.571455 0.65654 0.515112 
0.456732 0.375931 0.708543 0.373621 0.402951 
0.305292 0.456964 0.262612 0.301399 0.593768 
0.176043 0.455695 0.390417 0.493158 0.429446 
0.20098 0.267889 0.421707 0.276268 0.33249 
0.561236 0.248828 0.629167 0.243716 0.516226 
0.544876 0.40269 0.538855 0.486895 0.762404 
0.852617 0.837914 0.786426 0.812377 0.762581 
0.4878 0.323028 0.511754 0.31511 0.218185 
0.252248 0.461977 0.5661890000000001 0.478998 0.61475 
0.283269 0.441057 0.544813 0.347807 0.764325 
0.619469 0.265604 0.725366 0.473595 0.363906 
0.476442 0.65734 0.368487 0.501196 0.243516 
0.300937 0.3556 0.146117 0.284212 0.352083 
0.225343 0.7060340000000001 0.321739 0.435029 0.473951 
0.558095 0.44221 0.723147 0.289557 0.700972 
0.297982 0.451867 0.164376 0.432991 0.433544 
0.22642 0.222266 0.307102 0.212016 0.155633 
0.340779 0.469517 0.498192 0.561303 0.7383150000000001 
0.387108 0.310498 0.200276 0.461449 0.416516 
0.6619 0.825915 0.5607839999999999 0.711017 0.778043 
0.6400169999999999 0.388048 0.539731 0.363361 0.699892 
0.437676 0.320268 0.649224 0.52436 0.657991 
0.677377 0.658316 0.423285 0.779366 0.592596 
0.421522 0.769966 0.28908 0.446704 0.541836 
0.441044 0.599971 0.346744 0.342399 0.336762 
0.750789 0.8114479999999999 0.608169 0.792403 0.75395 
0.166409 0.56311 0.346966 0.239699 0.505088 
0.37765 0.459128 0.187674 0.285269 0.410373 
0.348431 0.438326 0.609804 0.214251 0.463397 
0.60875 0.7493069999999999 0.405971 0.654567 0.36166 
0.528597 0.179646 0.572427 0.379133 0.378044 
0.824804 0.854667 0.823529 0.776084 0.852734 
0.689978 0.34247 0.709019 0.504315 0.277469 
0.680059 0.776433 0.540436 0.600647 0.467591 
0.729055 0.799347 0.768444 0.7332070000000001 0.886731 
0.772927 0.643698 0.502636 0.773502 0.518555 
0.7617930000000001 0.562478 0.417572 0.634328 0.337381 
0.35297 0.5071020000000001 0.691707 0.235025 0.551586 
0.588446 0.368313 0.25958 0.414656 0.371149 
0.560487 0.636394 0.45471 0.650338 0.758047 
0.528011 0.51725 0.60553 0.533564 0.819509 
0.239848 0.421788 0.459074 0.362749 0.663108 
0.412885 0.737547 0.26954 0.561848 0.337721 
0.439289 0.308022 0.426824 0.616583 0.534104 
0.479017 0.376049 0.355345 0.222922 0.459839 
0.191465 0.331369 0.4294 0.358873 0.35121 
0.470735 0.737409 0.636809 0.422933 0.781166 
0.659799 0.60603 0.793234 0.7678779999999999 0.661404 
0.169715 0.456099 0.364719 0.297219 0.347894 
0.845078 0.570281 0.630135 0.697366 0.622255 
0.214245 0.295289 0.367279 0.16449 0.289838 
0.512969 0.25965 0.250446 0.442579 0.28957 
0.459265 0.754064 0.552312 0.685314 0.784591 
0.6239209999999999 0.629568 0.614405 0.509138 0.347851 
0.238826 0.177036 0.303197 0.190362 0.354521 
0.740841 0.664512 0.550937 0.634375 0.737251 
0.497796 0.701098 0.418214 0.777111 0.614121 
0.659989 0.381655 0.707873 0.38171 0.393051 
0.573524 0.684992 0.434751 0.5993579999999999 0.274349 
0.388952 0.268369 0.560046 0.224904 0.589377 
0.617997 0.502111 0.758057 0.672695 0.459606 
0.438718 0.68818 0.459071 0.485786 0.314984 
0.54193 0.250373 0.462077 0.278194 0.511531 
0.7512180000000001 0.522923 0.613128 0.776315 0.414398 
0.445008 0.272455 0.618883 0.401815 0.6657999999999999 
0.664628 0.409029 0.438346 0.416115 0.231416 
0.411576 0.656353 0.483531 0.293939 0.478221 
0.388944 0.6187550000000001 0.263643 0.573139 0.26719 
0.500807 0.6814750000000001 0.7610980000000001 0.459364 0.6096279999999999 
0.395706 0.623207 0.215275 0.665143 0.435828 
0.629915 0.385518 0.471879 0.300246 0.561001 
0.689988 0.688199 0.678411 0.820433 0.7742059999999999 
0.230284 0.116198 0.299393 0.174646 0.191769 
0.731734 0.794849 0.713499 0.711341 0.8592070000000001 
0.289153 0.320876 0.582318 0.308935 0.483817 
0.742818 0.8416 0.809877 0.794333 0.868953 
0.643355 0.820434 0.74471 0.779134 0.738287 
0.6865 0.506396 0.586831 0.778404 0.410047 
0.593659 0.221542 0.485781 0.284327 0.480482 
0.542737 0.348978 0.574197 0.648735 0.628958 
0.842875 0.6744 0.6741239999999999 0.707473 0.739669 
0.631105 0.704176 0.403128 0.800828 0.587855 
0.262814 0.702693 0.34387 0.6176739999999999 0.590483 
0.504243 0.460592 0.7070070000000001 0.6359939999999999 0.396517 
0.312418 0.7259989999999999 0.269803 0.457236 0.598131 
0.515329 0.361392 0.226324 0.484895 0.448132 
0.314959 0.62622 0.246288 0.651073 0.452706 
0.663391 0.863022 0.58858 0.6704059999999999 0.6524180000000001 
0.481856 0.8004559999999999 0.47517 0.434345 0.708027 
0.38294 0.702638 0.289183 0.650997 0.647716 
0.714406 0.796396 0.640937 0.821712 0.591575 
0.705342 0.83875 0.76207 0.795855 0.879054 
0.622088 0.501734 0.404745 0.43509 0.662097 
0.446123 0.374733 0.145414 0.469846 0.307295 
0.404797 0.514473 0.297815 0.7068410000000001 0.487371 
0.5895899999999999 0.669882 0.397446 0.650935 0.700448 
0.471492 0.486957 0.500296 0.701707 0.288337 
0.841755 0.791429 0.816414 0.7865760000000001 0.8516049999999999 
0.231218 0.562526 0.360671 0.293866 0.352675 
0.269387 0.458763 0.286816 0.376458 0.592146 
0.223035 0.24939 0.283389 0.165866 0.184929 
0.384141 0.7206360000000001 0.311854 0.537953 0.681937 
0.197942 0.493871 0.315651 0.385275  0.571 
0.416802 0.441217 0.688044 0.37417 0.786233 
0.113667 0.214952 0.170349 0.241523 0.24934 
0.635112 0.6247509999999999 0.616366 0.455252 0.358475 
0.293533 0.593036 0.659354 0.410933 0.674925 
0.55749 0.560595 0.506454 0.305003 0.367092 
0.606849 0.281674 0.6364919999999999 0.376454 0.276361 
0.618286 0.530513 0.560778 0.498013 0.793099 
0.449223 0.5269160000000001 0.777511 0.420774 0.698072 
0.663937 0.390143 0.777305 0.3833 0.6188090000000001 
0.493369 0.298017 0.491413 0.48228 0.172413 
0.771441 0.731263 0.610553 0.639066 0.552751 
0.5899759999999999 0.614994 0.550026 0.426046 0.307386 
0.658923 0.440274 0.457503 0.749036 0.349943 
0.50036 0.363931 0.776614 0.394144 0.6002769999999999 
0.41036 0.30477 0.215745 0.278765 0.234718 
0.427685 0.751888 0.518078 0.56807 0.423363 
0.623544 0.554017 0.470986 0.65002 0.727479 
0.608604 0.296704 0.706433 0.345936 0.422852 
0.375623 0.179189 0.270747 0.40469 0.332573 
0.504773 0.595812 0.485334 0.272077 0.599566 
0.518169 0.794885 0.412558 0.485403 0.60238 
0.470435 0.6213340000000001 0.283394 0.702557 0.313963 
0.675078 0.583191 0.384508 0.511487 0.336933 
0.553661 0.875364 0.557491 0.734765 0.581161 
0.72073 0.522109 0.861649 0.583631 0.596462 
0.481423 0.40244 0.379045 0.504139 0.142674 
0.42747 0.193982 0.448533 0.242904 0.235888 
0.233722 0.268122 0.201579 0.273439 0.116433 
0.571227 0.494333 0.404718 0.768942 0.307263 
0.507104 0.584117 0.460038 0.620806 0.249031 
0.199398 0.526728 0.386928 0.573053 0.445742 
0.629251 0.405128 0.299922 0.544041 0.275597 
0.74266 0.718239 0.723842 0.8773260000000001 0.670247 
0.523141 0.369369 0.6692399999999999 0.387186 0.300119 
0.168833 0.384028 0.268116 0.350469 0.249992 
0.361119 0.76606 0.366307 0.375684 0.526759 
0.634705 0.5205920000000001 0.604181 0.726909 0.735318 
0.34767 0.687504 0.362178 0.375339 0.389345 
0.374939 0.421105 0.475417 0.647491 0.281849 
0.30998 0.240687 0.506638 0.278014 0.5771579999999999 
0.543202 0.330068 0.476982 0.21189  0.503 
0.172015 0.373411 0.314371 0.38932 0.46024 
0.257933 0.465972 0.500686 0.351951 0.315574 
0.438245 0.350013 0.384169 0.678167 0.477122 
0.810812 0.811007 0.856957 0.774818 0.843622 
0.385202 0.415747 0.413284 0.342983 0.7111150000000001 
0.81101 0.731054 0.782784 0.861025 0.779856 
0.666046 0.578489 0.808924 0.413133 0.679194 
0.852598 0.659158 0.829324 0.692844 0.747274 
0.594994 0.331091 0.621689 0.680552 0.5274 
0.517497 0.342211 0.724386 0.616658 0.503247 
0.664279 0.479076 0.732223 0.442951 0.390071 
0.551656 0.256432 0.424225 0.246196 0.274214 
0.686001 0.34682 0.575978 0.687693 0.557416 
0.506093 0.414743 0.542408 0.198621 0.522985 
0.500594 0.660987 0.172062 0.630507 0.414543 
0.382996 0.398212 0.458502 0.163313 0.404944 
0.37099 0.472669 0.239238 0.648303 0.450697 
0.6986289999999999 0.7514690000000001 0.841785 0.7669550000000001 0.819895 
0.541122 0.499651 0.365459 0.300974 0.5501470000000001 
0.694169 0.395925 0.604981 0.296769 0.470638 
0.651707 0.864359 0.693705 0.788303 0.646607 
0.255916 0.317958 0.246378 0.304195 0.121439 
0.774228 0.508768 0.557083 0.605829 0.67089 
0.493619 0.422716 0.709992 0.512575 0.332999 
0.483886 0.407861 0.447501 0.190335 0.435945 
0.647393 0.486892 0.409283 0.379805 0.613323 
0.495997 0.357868 0.571762 0.205744 0.405259 
0.528305 0.280611 0.399743 0.368416 0.57239 
0.584202 0.539865 0.832684 0.488874 0.583973 
0.874444 0.824376 0.837043 0.8483810000000001 0.777909 
 0.776 0.552406 0.8397289999999999 0.659855 0.708668 
0.1439 0.432115 0.322328 0.227029 0.346232 
0.800947 0.61551 0.708838 0.69115 0.462209 
0.733878 0.571017 0.507741 0.44084 0.422962 
0.298524 0.289046 0.306985 0.552195 0.375663 
0.375728 0.309186 0.26381 0.316067 0.145192 
0.302095 0.337937 0.382327 0.397537 0.5954390000000001 
0.813646 0.597256 0.833403 0.718357 0.675627 
0.455166 0.5554829999999999 0.163468 0.484637 0.377952 
0.677084 0.542211 0.702889 0.387899 0.475241 
0.652292 0.389411 0.642956 0.72572 0.614865 
0.306462 0.39213 0.227991 0.461532 0.490169 
0.763178 0.887113 0.783081 0.81457 0.834456 
0.637232 0.6243649999999999 0.694176 0.494997 0.8336710000000001 
0.232154 0.13723 0.236929 0.183316 0.245543 
0.171876 0.381093 0.396568 0.305176 0.345198 
0.184731 0.228002 0.106047 0.217266 0.130017 
0.234631 0.498849 0.435095 0.2012 0.540096 
0.21398 0.630385 0.480912 0.421161 0.508562 
0.218119 0.27057 0.299687 0.265012 0.46562 
0.643444 0.795277 0.736086 0.799936 0.687418 
0.504322 0.217445 0.367301 0.5174339999999999 0.263274 
0.665254 0.480604 0.705308 0.46864 0.354115 
0.838436 0.796861 0.81211 0.818554 0.871312 
0.5643049999999999 0.545083 0.416215 0.784541 0.305279 
0.45044 0.352659 0.537574 0.415139 0.209993 
0.169806 0.344362 0.1994 0.390446 0.323674 
0.33079 0.511763 0.431555 0.419254 0.761222 
0.523825 0.207826 0.556445 0.444694 0.30295 
0.215455 0.173286 0.169882 0.260985 0.162527 
0.158035 0.43737 0.364624 0.21337 0.5157620000000001 
0.408106 0.223649 0.439712 0.166381 0.287154 
0.361628 0.305132 0.34292 0.3017 0.144304 
0.252002 0.594502 0.299482 0.605926 0.511188 
0.340052 0.459743 0.205106 0.476944 0.5056619999999999 
0.386416 0.700441 0.475247 0.755623 0.643045 
0.859686 0.802517 0.867545 0.849614 0.815971 
0.662871 0.486954 0.845231 0.5326 0.676235 
0.664819 0.59624 0.467661 0.645602 0.728032 
0.697471 0.484365 0.793059 0.568762 0.764151 
0.436411 0.5576950000000001 0.616663 0.283314 0.382924 
0.486666 0.292346 0.678238 0.323316 0.401601 
0.77151 0.53883 0.57792 0.498293 0.386161 
0.559936 0.739206 0.46735 0.424965 0.57324 
0.485714 0.5554750000000001 0.701359 0.290189 0.699982 
0.226682 0.500363 0.541439 0.331033 0.5233719999999999 
0.864066 0.6798149999999999 0.78178 0.741131 0.630046 
0.655268 0.635236 0.446112 0.806616 0.431912 
0.540909 0.505345 0.788292 0.635618 0.633176 
0.28807 0.55377 0.625825 0.308931 0.6004660000000001 
0.197858 0.562572 0.480747 0.550583 0.564821 
0.424114 0.578084 0.6663829999999999 0.489594 0.381391 
0.355837 0.322038 0.493221 0.591991 0.302438 
0.738018 0.55361 0.53978 0.393324 0.493758 
0.273178 0.199331 0.445563 0.214106 0.435989 
0.234012 0.70011 0.512298 0.510489 0.595014 
0.539948 0.6028559999999999 0.778174 0.670787 0.556444 
0.326638 0.397839 0.511421 0.49368 0.666744 
0.780482 0.314189 0.552029 0.526994 0.416534 
0.443179 0.716692 0.699996 0.605289 0.795419 
0.246993 0.208791 0.333281 0.126093 0.384867 
0.309688 0.195044 0.230392 0.244495 0.333023 
0.756849 0.470168 0.417054 0.5899799999999999 0.245931 
0.5281709999999999 0.264837 0.274953 0.366261 0.352982 
0.579725 0.225118 0.554364 0.414183 0.6297160000000001 
0.268259 0.397073 0.615575 0.444576 0.487655 
0.441202 0.381975 0.503749 0.717054 0.358108 
0.742165 0.265627 0.5735170000000001 0.556976 0.524873 
0.796888 0.553631 0.728753 0.598857 0.751228 
0.847828 0.490671 0.731585 0.647817 0.635306 
0.454083 0.587803 0.73269 0.336063 0.676058 
0.242715 0.308542 0.432849 0.299958 0.244382 
0.359724 0.375247 0.136519 0.447158 0.285472 
0.771419 0.594476 0.730975 0.482129 0.641161 
0.836781 0.831524 0.8065560000000001 0.879273 0.795068 
0.49385 0.610857 0.190598 0.570685 0.349616 
0.5412360000000001 0.670468 0.682964 0.388378 0.74639 
0.275457 0.385609 0.575642 0.24053 0.582184 
0.285083 0.429431 0.60863 0.282418 0.605967 
0.193566 0.452332 0.546482 0.387865 0.574798 
0.393903 0.196264 0.457191 0.444608 0.257968 
0.774969 0.323785 0.682889 0.489035 0.554264 
0.208669 0.291104 0.376921 0.363864 0.270054 
0.378251 0.246962 0.602293 0.321512 0.491602 
0.766919 0.810312 0.685445 0.799241 0.825824 
0.372171 0.193562 0.38504 0.364165 0.183346 
0.488324 0.614123 0.393132 0.72625 0.670087 
0.368135 0.352001 0.195081 0.290608 0.398452 
0.462808 0.466499 0.330621 0.725779 0.549732 
0.325876 0.607584 0.681003 0.519824 0.684881 
0.247746 0.567245 0.156399 0.479625 0.404765 
0.457844 0.763146 0.68531 0.474362 0.720186 
0.6862819999999999 0.585866 0.847175 0.697732 0.651186 
0.518316 0.45557 0.302023 0.552561 0.185317 
0.451097 0.477296 0.5733780000000001 0.399603 0.277475 
0.390996 0.457637 0.177006 0.545377 0.303903 
0.51852 0.700966 0.204959 0.448482 0.576694 
0.398033 0.606224 0.624122 0.657597 0.498155 
0.527767 0.621107 0.315094 0.412624 0.36972 
0.796368 0.7379520000000001 0.792749 0.7350179999999999 0.874082 
0.402935 0.265549 0.631669 0.219829 0.594685 
0.7990429999999999 0.8274860000000001 0.882285 0.765576 0.808522 
0.33312 0.449719 0.371229 0.687315 0.431923 
0.25565 0.248161 0.152409 0.223185 0.128165 
0.589036 0.482735 0.260788 0.480063 0.341922 
0.729618 0.511043 0.397518 0.500903 0.496837 
0.505117 0.665596 0.573672 0.779399 0.438597 
0.395902 0.35544 0.560748 0.586136 0.63712 
0.114047 0.152828 0.141027 0.132577 0.129096 
0.787335 0.545219 0.505173 0.581399 0.403965 
0.498451 0.505516 0.420951  0.393 0.753786 
0.5144919999999999 0.751101 0.397541 0.66515 0.715021 
0.670247 0.6787570000000001 0.415166 0.791859 0.573303 
0.649831 0.396101 0.78162 0.601239 0.487898 
0.273606 0.695872 0.520992 0.538846 0.508985 
0.218363 0.564784 0.403882 0.493035 0.649822 
0.525792 0.509698 0.187472 0.5431 0.439851 
0.206318 0.393197 0.419184 0.193339 0.370711 
0.729299 0.6265770000000001 0.673414 0.857255 0.635039 
0.590065 0.734622 0.827106 0.598975 0.75688 
0.60687 0.323104 0.562341 0.502461 0.208909 
0.745351 0.753515 0.829936 0.669407 0.84044 
0.349865 0.241495 0.324867 0.443902 0.437019 
0.373761 0.37185 0.6976560000000001 0.415605 0.414299 
0.538731 0.713488 0.5489270000000001 0.527917 0.824844 
0.366011 0.195158 0.369925 0.40486 0.438844 
0.372175 0.471166 0.434774 0.581807 0.715984 
0.322772 0.422567 0.254255 0.27872 0.204012 
0.700353 0.60458 0.409246 0.48674 0.56643 
0.433035 0.663141 0.383159 0.680252 0.698081 
0.297143 0.616131 0.57808 0.597267 0.520451 
0.306074 0.308035 0.298557 0.55464 0.323193 
0.254784 0.377527 0.249227 0.208069 0.223861 
0.349507 0.537247 0.442138 0.299665 0.745147 
0.529411 0.335002 0.374281 0.24088 0.353608 
0.317428 0.602667 0.41638 0.207418 0.55169 
0.793748 0.8019539999999999 0.756258 0.8838240000000001 0.705206 
0.719659 0.627487 0.640714 0.738112 0.811696 
0.566299 0.746645 0.623327 0.457758 0.564763 
0.511366 0.539345 0.459483 0.795104 0.545197 
0.5108 0.439869 0.576671 0.303625 0.753104 
0.57924 0.43219 0.535039 0.225718 0.5305 
0.525154 0.203257 0.472834 0.424427 0.546306 
0.391927 0.1461 0.349391 0.213751 0.297057 
0.667065 0.620891 0.298004 0.675467 0.425778 
0.127293 0.163965 0.096709 0.145494 0.155963 
0.17911 0.356993 0.348654 0.306082 0.49863 
0.310665 0.556664 0.567381 0.31684 0.868412 
0.645124 0.446402 0.338767 0.383287 0.405461 
0.338895 0.584585 0.384214 0.493386 0.743116 
0.562195 0.47117 0.626136 0.249874 0.559177 
0.297467 0.674411 0.312212 0.446174 0.336284 
0.249682 0.364082 0.464709 0.401268 0.285587 
0.551112 0.7030419999999999 0.5255300000000001 0.52843 0.324575 
0.68138 0.750227 0.409946 0.64195 0.53761 
0.740089 0.629654 0.572175 0.682825 0.312802 
0.506067 0.656139 0.575897 0.575304 0.8623420000000001 
0.687916 0.56157 0.300141 0.5811500000000001 0.5212020000000001 
0.557268 0.389866 0.5250590000000001 0.282214 0.673388 
0.694281 0.491675 0.831088 0.6334 0.691197 
0.294842 0.196783 0.379814 0.2034 0.21755 
0.610592 0.619556 0.345035 0.395683 0.502783 
0.29271 0.533457 0.432318 0.299877 0.284665 
0.256154 0.713011 0.366251 0.365416 0.580426 
0.220565 0.687267 0.435656 0.408467 0.545462 
0.670006 0.88446 0.720213 0.761804 0.742958 
0.286619 0.307844 0.211123 0.197509 0.163652 
0.789173 0.865304 0.688308 0.810843 0.73469 
0.194955 0.586024 0.202711 0.394976 0.429998 
0.3586 0.584435 0.154417 0.444714 0.378943 
0.81567 0.563013 0.523467 0.657752 0.421771 
0.187381 0.175216 0.269298 0.132053 0.228505 
0.735326 0.472839 0.783525 0.716705 0.650295 
0.426616 0.550302 0.190508 0.45703 0.312927 
0.6788149999999999 0.274311 0.729434 0.5108740000000001 0.30883 
0.535443 0.430759 0.280655 0.599944 0.1945 
0.583142 0.793649 0.7437240000000001 0.692152 0.674207 
0.480942 0.447855 0.792342 0.364814 0.5285570000000001 
0.80031 0.544168 0.586164 0.563684 0.398989 
0.545523 0.612332 0.573987 0.274554 0.475131 
0.306226 0.409696 0.483122 0.318588 0.721045 
0.298361 0.231044 0.286252 0.147606 0.226411 
0.759708 0.536493 0.502271 0.759316 0.390199 
0.314924 0.567595 0.517818 0.575284 0.350029 
0.825329 0.834057 0.848255 0.867237 0.842741 
0.801928 0.692339 0.838025 0.655475 0.708979 
0.607917 0.334212 0.771489 0.511329 0.479787 
0.615932 0.393548 0.699701 0.6140139999999999 0.330751 
0.440156 0.194195 0.31689 0.455361 0.224205 
0.674573 0.606065 0.651993 0.377603 0.616991 
0.687321 0.744339 0.574724 0.82445 0.704587 
0.240406 0.377661 0.495051 0.492995 0.496006 
0.41848 0.216946 0.507193 0.201038 0.431098 
0.109092 0.195508 0.119933 0.178181 0.193128 
0.785561 0.381117 0.542704 0.56395 0.475003 
0.18654 0.292759 0.201282 0.358841 0.214621 
0.239238 0.5681349999999999 0.561673 0.44677 0.458422 
0.742914 0.499329 0.439868 0.75767 0.524035 
0.827666 0.6440940000000001 0.725399 0.70212 0.52851 
0.333526 0.271142 0.213167 0.339758 0.131436 
0.357364 0.769732 0.333633 0.444432 0.643508 
0.279635 0.596837 0.549019 0.584265 0.48048 
0.798249 0.314929 0.721039 0.654531 0.593958 
0.40642 0.801647 0.568229 0.5237000000000001 0.732023 
0.524469 0.587707 0.412057 0.304509 0.58783 
0.522123 0.431789 0.65682 0.727901 0.565705 
0.565517 0.556779 0.514706 0.710193 0.269877 
0.378117 0.736578 0.448343 0.718804 0.703472 
0.536597 0.398663 0.795665 0.349745 0.5296999999999999 
0.730003 0.672194 0.431826 0.711619 0.465614 
0.145848 0.321019 0.363209 0.236958 0.374818 
0.505151 0.524631 0.545398 0.604972 0.800459 
0.71759 0.441096 0.380859 0.683104 0.258953 
0.607959 0.529092 0.78141 0.348769 0.620115 
0.574084 0.498459 0.822677 0.4587 0.496456 
0.6616610000000001 0.308955 0.605537 0.636637 0.609175 
0.496005 0.769841 0.421718 0.722126 0.474495 
0.439143 0.572362 0.5192 0.227484 0.456162 
0.318561 0.686122 0.587669 0.319711 0.659007 
0.210359 0.432868 0.523107 0.38756 0.412997 
0.229203 0.619992 0.433666 0.277996 0.483811 
0.315967 0.377173 0.6083499999999999 0.255741 0.694035 
0.466768 0.6044850000000001 0.6949920000000001 0.709348 0.701811 
0.742853 0.638829 0.843369 0.685949 0.599874 
0.644764 0.679945 0.70253 0.426275 0.683216 
0.340369 0.415764 0.5045190000000001 0.655678 0.533886 
0.764646 0.310057 0.745994 0.558898 0.368071 
0.293118 0.6425920000000001 0.629569 0.425893 0.699385 
0.398649 0.405826 0.373992 0.530956 0.687206 
0.188361 0.400496 0.405116 0.500626 0.457361 
0.616582 0.499671 0.7736960000000001 0.558397 0.432509 
0.575534 0.630978 0.69155 0.6181759999999999 0.414637 
0.317392 0.252826 0.533864 0.376981 0.333364 
0.570465 0.272545 0.360233 0.445878 0.169088 
0.224363 0.236179 0.330889 0.129395 0.305394 
0.16371 0.144518 0.118732 0.158362 0.181304 
0.791205 0.875776 0.818887 0.836928 0.764568 
0.134672 0.17098 0.210788 0.21662 0.195238 
0.588399 0.243617 0.362202 0.366051 0.396448 
0.278571 0.453357 0.631046 0.478746 0.483976 
0.577097 0.220396 0.649989 0.345442 0.368698 
0.411747 0.5790149999999999 0.499787 0.681775 0.316899 
0.306787 0.638774 0.48243  0.623 0.442699 
0.634405 0.845083 0.637894 0.576945 0.767907 
0.301883 0.327581 0.189409 0.478252 0.210983 
0.342446 0.66148 0.525787 0.242207 0.743497 
0.191376 0.438129 0.298828 0.200243 0.489539 
0.595363 0.155585 0.441145 0.371821 0.33484 
0.694591 0.817191 0.716963 0.824719 0.6423720000000001 
0.694445 0.387322 0.5012799999999999 0.585786 0.198089 
0.718868 0.638966 0.61252 0.770334 0.787469 
0.314589 0.666362 0.356868 0.586081 0.362789 
0.29933 0.302976 0.288008 0.34061 0.119185 
0.146485 0.211228 0.250188 0.133133 0.293874 
0.7364270000000001 0.672452 0.776847 0.7559979999999999 0.819746 
0.47889 0.329374 0.353046 0.672859 0.369997 
0.215805 0.236797 0.416002 0.172588 0.385083 
0.732922 0.655249 0.483319 0.758258 0.667912 
0.398045 0.45877 0.468319 0.597601 0.71517 
0.472723 0.37792 0.575215 0.466211 0.222394 
0.604955 0.622939 0.463379 0.684404 0.272908 
0.342586 0.726416 0.28929 0.6729850000000001 0.47312 
0.335404 0.362403 0.347746 0.508984 0.197549 
0.400777 0.749614 0.656595 0.503767 0.625897 
0.385595 0.466842 0.674577 0.310824 0.734519 
0.348301 0.345123 0.155836 0.363742 0.196342 
0.409582 0.369409 0.437891 0.207466 0.600222 
0.470075 0.189274 0.56135 0.278006 0.349526 
0.760718 0.452072 0.503185 0.756659 0.413374 
0.460319 0.7953750000000001 0.535076 0.721882 0.5862619999999999 
0.417048 0.35901 0.523376 0.651933 0.480652 
0.210283 0.220406 0.183268 0.146412 0.166752 
0.355097 0.695219 0.55163 0.268227 0.667527 
0.580203 0.375213 0.501824 0.425674 0.7287439999999999 
0.8407790000000001 0.686887 0.795802 0.81832 0.761401 
0.779639 0.630587 0.6560049999999999 0.543441 0.53129 
0.597688 0.840042 0.650877 0.579302 0.654146 
0.700441 0.309381 0.423867 0.409194 0.290535 
0.424233 0.461625 0.46387 0.758874 0.491346 
0.35166 0.226237 0.382756 0.190516 0.453902 
0.652876 0.257703 0.507445 0.353556 0.544297 
0.740792 0.498063 0.599761 0.750663 0.6563909999999999 
0.633352 0.253554 0.688181 0.31553 0.59712 
0.713035 0.346469 0.531436 0.62993 0.276736 
0.632755 0.433257 0.7510790000000001 0.305076 0.573388 
0.771468 0.448161 0.423176 0.707206 0.336415 
0.825542 0.809804 0.849128 0.744741 0.841433 
0.394296 0.5989100000000001 0.66099 0.300291 0.716785 
0.508614 0.403369 0.330415 0.670925 0.530443 
0.20658 0.31877 0.367928 0.245259 0.234065 
0.541601 0.818065 0.625887 0.523097 0.685817 
0.478319 0.58843 0.587264 0.579502 0.318697 
0.482404 0.154603 0.421562 0.323564 0.39125 
0.282671 0.499239 0.487344 0.610162 0.5981340000000001 
0.810241 0.8491340000000001 0.778929 0.804693 0.853308 
0.656993 0.73198 0.698529 0.798229 0.831816 
0.250603 0.493089 0.305823 0.209181 0.320463 
0.816442 0.742599 0.763462 0.849038 0.781655 
0.593452 0.315776 0.561314 0.621962 0.626766 
0.383782 0.275033 0.618721 0.228993 0.497307 
0.724927 0.564221 0.793858 0.441413 0.624941 
0.769729 0.668242 0.548336 0.635921 0.359366 
0.633337 0.343285 0.776222 0.583098 0.523028 
0.567369 0.667739 0.627199 0.807377 0.694433 
0.669542 0.648448 0.664064 0.7920469999999999 0.775394 
0.637459 0.761315 0.595594 0.853454 0.634566 
0.162497 0.277661 0.406767 0.258143 0.382639 
0.547447 0.553801 0.417296 0.516926 0.76946 
0.34522 0.552515 0.570558 0.477479 0.827153 
0.314782 0.299815 0.47693 0.36067 0.215023 
0.441609 0.850237 0.377605 0.5228429999999999 0.526155 
0.308155 0.14187 0.235991 0.165335 0.172742 
0.464306 0.346306 0.609738 0.238493 0.35901 
0.509352 0.361928 0.444945 0.62256 0.241617 
0.603742 0.41076 0.776072 0.628223 0.510448 
0.659063 0.353727 0.511062 0.325014 0.2854 
0.871479 0.763096 0.847211 0.790263 0.782327 
0.801957 0.476927 0.650496 0.421229 0.557268 
0.42142 0.369877 0.636034 0.637038 0.5082950000000001 
0.282549 0.6768 0.368611 0.515346 0.673291 
0.645547 0.518025 0.678096 0.823603 0.563968 
0.325963 0.515267 0.327928 0.262044 0.586827 
0.604482 0.658164 0.563751 0.356879 0.696356 
0.365207 0.664338 0.379487 0.609658 0.319042 
0.175787 0.462341 0.367798 0.450079 0.50588 
0.211485 0.340665 0.462649 0.369647 0.326355 
0.429925 0.711487 0.72057 0.520277 0.676643 
0.340851 0.358478 0.343284 0.181189 0.245732 
0.531076 0.219578 0.52772 0.258645 0.337266 
0.169704 0.413567 0.185138 0.306948 0.288337 
0.167211 0.141855 0.19269 0.116386 0.215645 
0.346735 0.808791 0.292553 0.609399 0.593571 
0.815645 0.63615 0.733625 0.794471 0.74193 
0.517769 0.492277 0.313072 0.775407 0.310674 
0.314517 0.689576 0.578773 0.41397 0.514869 
0.29193 0.407562 0.418909 0.153153 0.373183 
0.638648 0.6189750000000001 0.845124 0.564159 0.689295 
0.624899 0.484634 0.738175 0.735056 0.624679 
0.379252 0.472132 0.277221 0.226094 0.415486 
0.282899 0.455074 0.578223 0.390751 0.730629 
0.484396 0.349155 0.710869 0.517699 0.381892 
0.335256 0.386765 0.597498 0.261912 0.367291 
0.426525 0.483517 0.465564 0.430026 0.210166 
0.617684 0.500301 0.633192 0.816427 0.606134 
0.752749 0.42944 0.684771 0.718556 0.483474 
0.427618 0.638983 0.712774 0.53604 0.521131 
0.817936 0.626318 0.7935680000000001 0.57509 0.746329 
0.804639 0.373412 0.647719 0.462201 0.479534 
0.459065 0.753874 0.360931 0.391896 0.442897 
0.515167 0.7952669999999999 0.439041 0.499013 0.403586 
0.409565 0.329161 0.46403 0.481827 0.662904 
0.120595 0.133823 0.184565 0.119027 0.196914 
0.260639 0.708962 0.572846 0.420785 0.594103 
0.231714 0.480518 0.312726 0.6001649999999999 0.368921 
0.529401 0.694635 0.277566 0.437183 0.631639 
0.548521 0.381992 0.383879 0.53259 0.640312 
0.771443 0.627757 0.501465 0.686056 0.623281 
0.347359 0.300856 0.290253 0.486103 0.188941 
0.638583 0.522698 0.332521 0.662628 0.55991 
0.278712 0.467967 0.341389 0.471207 0.234967 
0.674613 0.759088 0.38608 0.690939 0.46736 
0.536826 0.399954 0.243329 0.577217 0.44344 
0.62931 0.528666 0.471175 0.803616 0.567817 
0.324343 0.10826 0.285248 0.199962 0.215596 
0.648524 0.522506 0.371319 0.621608 0.622857 
0.119779 0.174919 0.185873 0.115988 0.194743 
0.5762350000000001 0.77214 0.738692 0.737644 0.730986 
0.717652 0.8351499999999999 0.813427 0.750675 0.81839 
0.236319 0.121173 0.227915 0.167225 0.182216 
0.484434 0.464156 0.289139 0.312746 0.323943 
0.237924 0.282314 0.295239 0.145097 0.393094 
0.5631930000000001 0.422479 0.466291 0.301137 0.24242 
0.829404 0.708549 0.757162 0.812188 0.787547 
0.182956 0.439716 0.263576 0.472902 0.325833 
0.519092 0.318405 0.341413 0.493024 0.572132 
0.316897 0.605386 0.278194 0.590075 0.352598 
0.577721 0.609756 0.228059 0.638633 0.313532 
0.543451 0.288821 0.424273 0.662012 0.393535 
0.409847 0.418459 0.240114 0.593106 0.511785 
0.219341 0.267196 0.303638 0.40077 0.378617 
0.59399 0.201273 0.501542 0.344754 0.240479 
0.670243 0.44937 0.373296 0.482431 0.243224 
0.558889 0.480275 0.402587 0.279261 0.413488 
0.159839 0.39487 0.336055 0.439424 0.439502 
0.7189950000000001 0.310519 0.527471 0.461884 0.565998 
0.722428 0.654444 0.784466 0.824029 0.743716 
0.6350440000000001 0.390095 0.703597 0.308019 0.482992 
0.59516 0.588751 0.375263 0.398323 0.636419 
0.560971 0.386692 0.339876 0.368287 0.198032 
0.265625 0.500031 0.182562 0.51612 0.364835 
0.366995 0.527019 0.643232 0.405549 0.353462 
0.48923 0.652957 0.728409 0.695506 0.617888 
0.698823 0.651517 0.8155520000000001 0.494065 0.703288 
0.170592 0.240485 0.330975 0.183361 0.269014 
0.744367 0.7622100000000001 0.606962 0.736664 0.812133 
0.324204 0.713595 0.50395 0.291971 0.6768150000000001 
0.5190900000000001 0.338071 0.71699 0.555586 0.393449 
0.6952970000000001 0.769491 0.739048 0.823609 0.651542 
0.484413 0.462307 0.523798 0.5614 0.221323 
0.238571 0.191816 0.280839 0.345882 0.207121 
0.561327 0.610059 0.641456 0.662849 0.849133 
0.817067 0.678516 0.87773 0.708286 0.822417 
0.615467 0.641945 0.343362 0.5026659999999999 0.663857 
0.280408 0.481999 0.235217 0.224512 0.349744 
0.767521 0.738321 0.748395 0.640725 0.828198 
0.276857 0.389618 0.383869 0.180624 0.540458 
0.420225 0.305383 0.412641 0.225058 0.227128 
0.557922 0.577609 0.257543 0.74502 0.361299 
0.495212 0.369959 0.737873 0.503727 0.413826 
0.360841 0.382531 0.617743 0.285217 0.362574 
0.587107 0.599473 0.747241 0.662598 0.481842 
0.402372 0.658504 0.614917 0.625452 0.390447 
0.465252 0.517144 0.777799 0.395344 0.5010289999999999 
0.499477 0.379715 0.34504 0.582753 0.192504 
0.528605 0.237012 0.499256 0.296728 0.559697 
0.676877 0.498454 0.748345 0.751196 0.600674 
0.248737 0.268898 0.134856 0.370164 0.237337 
0.817727 0.343001 0.6974590000000001 0.550852 0.554742 
0.75749 0.430792 0.778906 0.461799 0.558585 
0.160755 0.299032 0.215505 0.339659 0.207879 
0.710144 0.662874 0.593561 0.869264 0.595034 
0.70746 0.801584 0.8269879999999999 0.698727 0.859366 
0.761881 0.622184 0.647967 0.813548 0.727005 
0.604702 0.181657 0.576597 0.415612 0.38266 
0.774824 0.835978 0.8286559999999999 0.826864 0.843077 
0.399214 0.822344 0.521478 0.625839 0.529383 
0.385918 0.198869 0.314873 0.335771 0.446715 
0.7670630000000001 0.74599 0.542165 0.732978 0.709351 
0.595851 0.304208 0.377032 0.343766 0.506043 
0.333726 0.790274 0.228624 0.607459 0.557164 
0.790091 0.826215 0.871097 0.769445 0.7175859999999999 
0.553212 0.667673 0.297054 0.48584 0.704745 
0.668164 0.335629 0.406675 0.6509239999999999 0.330416 
0.263972 0.386582 0.485589 0.492864 0.331255 
0.6085930000000001 0.5118509999999999 0.641305 0.523574 0.291819 
0.486859 0.287046 0.266373 0.5777640000000001 0.373025 
0.497988 0.613417 0.656343 0.28267 0.522847 
0.370641 0.6544489999999999 0.643294 0.644122 0.693988 
0.688825 0.58318 0.723275 0.660648 0.815856 
0.825276 0.513197 0.507471 0.659839 0.452286 
0.67967 0.646811 0.839576 0.716585 0.658508 
0.573689 0.7810859999999999 0.601151 0.750715 0.503323 
0.178721 0.187253 0.198587 0.263297 0.271888 
0.79135 0.606367 0.756242 0.578484 0.7636230000000001 
0.699956 0.275375 0.466653 0.486829 0.312403 
0.40133 0.384907 0.65086 0.597661 0.54837 
0.597297 0.478876 0.609477 0.772578 0.652154 
0.803698 0.755633 0.836282 0.682613 0.740896 
0.487652 0.83216 0.625534 0.602549 0.744304 
0.6647459999999999 0.704532 0.775299 0.681684 0.885481 
0.820074 0.565308 0.819501 0.661191 0.573182 
0.714831 0.6019139999999999 0.7345970000000001 0.6942739999999999 0.427485 
0.413785 0.197657 0.333563 0.482304 0.271094 
0.394183 0.397404 0.250243 0.30235 0.541551 
0.855868 0.746012 0.713265 0.727988 0.760581 
0.799764 0.532701 0.717963 0.530891 0.464202 
0.591484 0.332029 0.479946 0.713079 0.323552 
0.374695 0.722735 0.69811 0.499125 0.758212 
0.211168 0.147773 0.138301 0.202102 0.148484 
0.281143 0.585426 0.432558 0.415413 0.327342 
0.340121 0.16982 0.402961 0.408983 0.344638 
0.7339869999999999 0.337362 0.424014 0.560711 0.279091 
0.579389 0.206086 0.500161 0.383003 0.526393 
0.312837 0.197947 0.204975 0.364459 0.211274 
0.595292 0.499367 0.358398 0.535594 0.673094 
0.43695 0.24143 0.64483 0.432727 0.506691 
0.840411 0.843237 0.780245 0.860074 0.808954 
0.43551 0.703919 0.5533979999999999 0.6847259999999999 0.386323 
0.746054 0.47027 0.692917 0.656778 0.7304580000000001 
0.30043 0.564254 0.290563 0.598195 0.602098 
0.695385 0.258932 0.621445 0.577497 0.374917 
0.314097 0.349887 0.428788 0.165746 0.309484 
0.51088 0.216093 0.506766 0.569551 0.363979 
0.536776 0.628458 0.625367 0.330886 0.469165 
0.654393 0.637977 0.814362 0.7087 0.804797 
0.522075 0.360541 0.297082 0.342922 0.536232 
0.544531 0.845757 0.517894 0.778852 0.706206 
0.326765 0.344555 0.312014 0.241357 0.158768 
0.388703 0.610416 0.450591 0.710358 0.341987 
0.663574 0.661783 0.398472 0.463042 0.511063 
0.42387 0.649215 0.331693 0.591934 0.282355 
0.333542 0.328579 0.427606 0.266229 0.203073 
0.260662 0.165181 0.187977 0.269462 0.137764 
0.573058 0.585174 0.665445 0.753922 0.743729 
0.414832 0.249912 0.304997 0.218006 0.169229 
0.677323 0.624741 0.450137 0.800388 0.486895 
0.663781 0.6346850000000001 0.385586 0.725664 0.32546 
0.446236 0.525164 0.333474 0.663482 0.253033 
0.328093 0.569764 0.364306 0.674949 0.636544 
0.505263 0.48587 0.225328 0.67911 0.410885 
0.269079 0.682495 0.380289 0.431273 0.674686 
0.40729 0.804239 0.34273 0.490567 0.445833 
0.220679 0.311529 0.195578 0.163243 0.263884 
0.540002 0.701909 0.698165 0.411905 0.750579 
0.224386 0.351554 0.095526 0.233278 0.238738 
0.270487 0.409573 0.488221 0.340317 0.267818 
0.322947 0.567058 0.491344 0.725813 0.579665 
0.599693 0.284716 0.431887 0.614578 0.407372 
0.294791 0.306202 0.230954 0.159492 0.275412 
0.608988 0.610177 0.5612740000000001 0.392749 0.783641 
0.767297 0.834026 0.638117 0.768492 0.768005 
0.294719 0.430515 0.317289 0.313202 0.614429 
0.517061 0.185477 0.553447 0.458224 0.383587 
0.787926 0.642133 0.525155 0.589144 0.571825 
