5
251
0.752487 0.63202 0.695009 0.564625 0.666237 
0.5563669999999999 0.44604 0.742495 0.38907 0.613259 
0.242273 0.503012 0.439926 0.461736 0.522412 
0.771259 0.750667 0.73847 0.670998 0.773743 
0.45303 0.585078 0.456143 0.481254 0.728195 
0.354852 0.583272 0.473663 0.618228 0.495568 
0.7154430000000001 0.432244 0.524949 0.481933 0.473849 
0.607062 0.645132 0.560375 0.49416 0.694879 
0.275386 0.616384 0.40313 0.494877 0.494268 
0.5344100000000001 0.654629 0.342691 0.66281 0.446052 
0.351608 0.323859 0.532077 0.258293 0.48135 
0.435722 0.511305 0.517077 0.255955 0.607192 
0.518572 0.445111 0.417818 0.641344 0.569655 
0.502736 0.413435 0.489898 0.493408 0.277652 
0.628063 0.431715 0.497323 0.401716 0.572789 
0.629525 0.428523 0.527721 0.367844 0.539154 
0.701163 0.615602 0.671285 0.638705 0.753348 
0.4526 0.689783 0.414108 0.43127 0.490462 
0.7001810000000001 0.464571 0.525816 0.721205 0.52807 
0.374998 0.465081 0.500206 0.234931 0.509579 
0.225218 0.443401 0.423538 0.386031 0.471933 
0.508975 0.663366 0.510059 0.732733 0.602716 
0.307239 0.224275 0.335974 0.27167 0.358789 
0.460768 0.556215 0.561267 0.7178290000000001 0.598665 
0.332385 0.605227 0.462154 0.380566 0.575236 
0.438263 0.484068 0.658297 0.26405 0.561134 
0.5702970000000001 0.512559 0.772966 0.558459 0.635103 
0.485126 0.58635 0.632036 0.30308 0.627443 
0.394786 0.419737 0.465876 0.592963 0.380882 
0.733697 0.73589 0.665006 0.597525 0.672701 
0.480841 0.365267 0.639933 0.527371 0.392134 
0.664551 0.648921 0.43786 0.584803 0.533982 
0.534728 0.746192 0.607287 0.52802 0.672386 
0.423589 0.469202 0.368719 0.5892539999999999 0.30795 
0.697159 0.441485 0.645618 0.490887 0.56593 
0.396036 0.339514 0.286207 0.352246 0.211728 
0.719173 0.59594 0.69652 0.729267 0.723237 
0.761372 0.794516 0.7798580000000001 0.785291 0.782838 
0.212122 0.325169 0.258832 0.289388 0.265907 
0.595526 0.722088 0.6254459999999999 0.727862 0.602293 
0.525108 0.6153 0.630304 0.728277 0.571282 
0.559644 0.427332 0.366691 0.388858 0.474763 
0.53454 0.615352 0.499573 0.345091 0.484302 
0.775649 0.648105 0.725959 0.76955 0.7218020000000001 
0.363277 0.244984 0.262058 0.283445 0.184647 
0.389342 0.630708 0.356891 0.571332 0.5202290000000001 
0.311186 0.513375 0.389846 0.473352 0.332496 
0.490316 0.736897 0.614204 0.605809 0.746846 
0.258974 0.359257 0.353661 0.452637 0.329979 
0.389977 0.3733 0.492091 0.5408230000000001 0.335822 
0.512319 0.566781 0.488824 0.660914 0.385303 
0.604305 0.630844 0.587401 0.414016 0.600024 
0.368978 0.65768 0.450552 0.481472 0.578377 
0.292333 0.370373 0.252744 0.38483 0.246782 
0.657556 0.703922 0.496349 0.597431 0.668859 
0.360556 0.520877 0.46082 0.630788 0.52873 
0.38433 0.267508 0.367619 0.344257 0.470187 
0.285453 0.491935 0.23649 0.4748 0.452633 
0.336963 0.417724 0.411984 0.243533 0.326532 
0.613018 0.72802 0.637317 0.558916 0.739934 
0.63762 0.551128 0.492582 0.526538 0.654119 
0.562859 0.673064 0.6474800000000001 0.710196 0.69519 
0.563842 0.401965 0.734529 0.541129 0.454353 
0.645032 0.6006590000000001 0.675361 0.430888 0.597553 
0.372763 0.260764 0.289936 0.269565 0.221856 
0.646375 0.591666 0.491037 0.500781 0.642236 
0.342448 0.594289 0.449306 0.365095 0.522334 
0.407682 0.648805 0.578595 0.562261 0.652776 
0.343225 0.461277 0.604834 0.415126 0.513964 
0.712496 0.60968 0.489244 0.5898369999999999 0.458437 
0.784537 0.675354 0.800884 0.6945170000000001 0.668788 
0.667947 0.664408 0.505317 0.646722 0.451427 
0.359262 0.658799 0.385047 0.570485 0.635784 
0.6838 0.656176 0.796443 0.67432 0.711016 
0.232265 0.344459 0.227241 0.263141 0.32587 
0.419767 0.266911 0.31449 0.336009 0.244314 
0.57818 0.522916 0.733058 0.631117 0.652098 
0.557477 0.5178 0.336071 0.645858 0.557893 
0.455391 0.402864 0.518007 0.267298 0.333596 
0.488085 0.636397 0.36748 0.591141 0.402315 
0.468317 0.540067 0.585925 0.554846 0.356421 
0.603715 0.74486 0.614572 0.73444 0.655725 
0.388898 0.398717 0.605596 0.274284 0.5536759999999999 
0.206738 0.370005 0.337142 0.222636 0.375988 
0.790632 0.502512 0.626995 0.573703 0.607496 
0.385668 0.400232 0.520212 0.258071 0.56179 
0.360982 0.446843 0.586131 0.448185 0.45483 
0.619152 0.596877 0.651315 0.423362 0.493151 
0.224067 0.30962 0.33298 0.261489 0.290262 
0.3151 0.430676 0.304292 0.301979 0.278926 
0.721074 0.658592 0.514342 0.72482 0.585459 
0.748703 0.7451680000000001 0.621667 0.763927 0.674546 
0.26736 0.374754 0.270821 0.22334 0.341107 
0.321566 0.331041 0.497234 0.43118 0.471443 
0.33388 0.246362 0.37696 0.321188 0.239452 
0.659779 0.515492 0.75451 0.624746 0.71794 
0.551214 0.506789 0.767256 0.539862 0.595786 
0.5911149999999999 0.741032 0.64468 0.600067 0.796718 
0.6316040000000001 0.458449 0.699369 0.460521 0.670369 
0.516605 0.486389 0.680632 0.65683 0.5224800000000001 
0.415338 0.559327 0.651572 0.502008 0.689435 
0.7356279999999999 0.544414 0.5891960000000001 0.7531679999999999 0.466692 
0.254749 0.371291 0.364676 0.288823 0.446348 
0.443465 0.644811 0.381384 0.443996 0.392661 
0.779327 0.749834 0.711457 0.747282 0.637078 
0.62227 0.549432 0.371145 0.582997 0.520548 
0.711483 0.492859 0.67848 0.603301 0.65146 
0.455456 0.283613 0.611944 0.372416 0.373453 
0.527922 0.711858 0.6744560000000001 0.493455 0.712344 
0.536721 0.448534 0.542115 0.314378 0.403402 
0.554134 0.444494 0.551393 0.460138 0.693617 
0.517505 0.550105 0.6451480000000001 0.664422  0.452 
0.439771 0.284545 0.389917 0.248257 0.420771 
0.500346 0.7263579999999999 0.621245 0.603814 0.646472 
0.467691 0.706126 0.6546729999999999 0.551165 0.598172 
0.498269 0.750356 0.631977 0.566618 0.728373 
0.579295 0.485793 0.483601 0.421057 0.321787 
0.749109 0.702265 0.762559 0.744928 0.652792 
0.330965 0.334195 0.506791 0.444577  0.417 
0.513513 0.32632 0.326515 0.475695 0.306017 
0.598074 0.672911 0.726616 0.698067 0.612791 
0.453125 0.63047 0.399772 0.436736 0.643761 
0.247091 0.25193 0.228473 0.264639 0.283803 
0.296808 0.26314 0.233097 0.251183 0.23248 
0.584519 0.39774 0.736162 0.552818 0.50761 
0.314053 0.54048 0.303623 0.461091 0.336444 
0.328953 0.344655 0.464598 0.233238 0.340589 
0.608806 0.519131 0.556929 0.75077 0.436253 
0.226411 0.431662 0.326656 0.300613 0.423339 
0.724169 0.45972 0.562815 0.595436 0.350408 
0.421626 0.611599 0.480581 0.460285 0.751434 
0.707198 0.792782 0.6836719999999999 0.70285 0.76319 
0.46735 0.474554 0.359241 0.301826 0.330873 
0.64554 0.667449 0.590661 0.636522 0.450232 
0.468285 0.5468769999999999 0.3182 0.448727 0.483851 
0.294076 0.205375 0.256167 0.214542 0.220207 
0.397089 0.350004 0.362376 0.255513 0.47748 
0.526616 0.301045 0.469083 0.328509 0.528217 
0.682199 0.462127 0.665328 0.575098 0.638861 
0.641249 0.455443 0.699204 0.448459 0.6029910000000001 
0.45442 0.499772 0.625283 0.370417 0.684573 
0.536277 0.625236 0.578583 0.396729 0.658994 
0.641773 0.743262 0.760122 0.599043 0.725847 
0.754051 0.53221  0.633 0.612534 0.459263 
0.423159 0.474758 0.371646 0.354247 0.617014 
0.432768 0.339257 0.313489 0.276022 0.387817 
0.507332 0.427592 0.486443 0.363378 0.617734 
0.57842 0.543339 0.5026080000000001 0.354044 0.558913 
0.652548 0.768963 0.642807 0.743416 0.642117 
0.7585769999999999 0.497047 0.600539 0.637337 0.41395 
0.337999 0.440438 0.422096 0.23605 0.507091 
0.712131 0.712485 0.8015910000000001 0.64818 0.687483 
0.195156 0.314769 0.240948 0.252345 0.260797 
0.646869 0.414303 0.478193 0.58224 0.306966 
0.580647 0.5889990000000001 0.70731 0.657962 0.751763 
0.514792 0.400969 0.500221 0.631207 0.303633 
0.479674 0.320081 0.599473 0.557615 0.393474 
0.641976 0.670601 0.715151 0.494822 0.542456 
0.5832079999999999 0.489816 0.589008 0.502041 0.716195 
0.615702 0.62545 0.471032 0.433132 0.578081 
0.61093 0.63491 0.719212 0.493804 0.741666 
0.569676 0.347906 0.588768 0.571572 0.392114 
0.578622 0.31669 0.529897 0.389787 0.512045 
0.351462 0.34613 0.2905 0.251414 0.280964 
0.488908 0.387141 0.391728 0.434165 0.559462 
0.647937 0.7318249999999999 0.669971 0.738151 0.782464 
0.473163 0.406696 0.299758 0.482959 0.245775 
0.77688 0.598909 0.617201 0.69443 0.499785 
0.803323 0.617184 0.666425 0.72582 0.592228 
0.5744899999999999 0.533407 0.526806 0.458937 0.719441 
0.582068 0.439213 0.756263 0.489431 0.5861420000000001 
0.579879 0.758194 0.550967 0.559625 0.658295 
0.383848 0.268221 0.394072 0.285246 0.244666 
0.583655 0.352081 0.6074310000000001 0.60154 0.473929 
0.361976 0.479497 0.408316 0.258455 0.539133 
0.788079 0.612156 0.651728 0.67541 0.699016 
0.377448 0.306339 0.375506 0.202034 0.362634 
0.433298 0.541919 0.332903 0.539145 0.318556 
0.482863 0.553427 0.42432 0.469088 0.328926 
0.400735 0.52817 0.429103 0.620684 0.615542 
0.194491 0.414047 0.29513 0.289323 0.311486 
0.6983200000000001 0.750275 0.6017130000000001 0.590995 0.566086 
0.70581 0.732274 0.757046 0.720828 0.779161 
0.803567 0.721763 0.784748 0.764975 0.72771 
0.653271 0.582152 0.786483 0.5400470000000001 0.591471 
0.492995 0.551491 0.655507 0.611083 0.701009 
0.355883 0.411738 0.274134 0.499977 0.410292 
0.353375 0.446041 0.253594 0.380385 0.393636 
0.430062 0.525011 0.523186 0.338567 0.397952 
0.416011 0.306268 0.450276 0.409611 0.254414 
0.32815 0.564371 0.366603 0.580853 0.465743 
0.776694 0.668651 0.719478 0.754674 0.629328 
0.441627 0.41738 0.66051 0.38876 0.622116 
0.319252 0.320867 0.262104 0.384285 0.247705 
0.462306 0.263096 0.40074 0.452549 0.373118 
0.512734 0.53187 0.362548 0.614359 0.294641 
0.7001270000000001 0.431665 0.547605 0.552667 0.62508 
0.415115 0.614225 0.467221 0.520015 0.38275 
0.582939 0.520817 0.570918 0.708946 0.407473 
0.266237 0.462426 0.294135 0.310402 0.492897 
0.673144 0.602013 0.75842 0.5385450000000001 0.656975 
0.643993 0.687049 0.408668 0.665745 0.444122 
0.389269 0.495144 0.430393 0.275597 0.569397 
0.475013 0.628192 0.565291 0.33523 0.60415 
0.658828 0.510487 0.502589 0.463425 0.606392 
0.571738 0.511696 0.358307 0.521773 0.580666 
0.429199 0.620017 0.516248 0.513008 0.385145 
0.761196 0.740459 0.679877 0.622664 0.708596 
0.407755 0.402971 0.5086580000000001 0.550365 0.617388 
0.5055500000000001 0.420362 0.624231 0.361966 0.422702 
0.735237 0.655226 0.652419 0.677693 0.767306 
0.425555 0.379349 0.372959 0.608738 0.33695 
0.594502 0.632701 0.714683 0.556707 0.481937 
0.697777 0.685836 0.6233340000000001 0.767088 0.673056 
0.713468 0.692955 0.625636 0.749525 0.698995 
0.566053 0.578445 0.339405 0.6069909999999999 0.426232 
0.278976 0.29904 0.259131 0.281514 0.227238 
0.667512 0.772524 0.573024 0.733255 0.7267400000000001 
0.458035 0.268086 0.269806 0.353767 0.37811 
0.416482 0.547926 0.42974 0.461642 0.313789 
0.434494 0.658883 0.435617 0.709741 0.473635 
0.534147 0.494374 0.5270899999999999 0.279386 0.58134 
0.398832 0.549415 0.6457039999999999 0.452255 0.519615 
0.563489 0.6911620000000001 0.674608 0.617363 0.5695210000000001 
0.582117 0.339878 0.644615 0.402349 0.5634980000000001 
0.497905 0.561519 0.593493 0.538668 0.356749 
0.325039 0.329729 0.489693 0.267086 0.330879 
0.471556 0.552242 0.370469 0.648577 0.515328 
0.520873 0.413761 0.645638 0.473502 0.709182 
0.619525 0.39953 0.56753 0.640833 0.420793 
0.527667 0.441459 0.5850880000000001 0.555378 0.696844 
0.54848 0.700578 0.464823 0.583225 0.46977 
0.57337 0.571241 0.505059 0.379875 0.613551 
0.469107 0.740421 0.462569 0.593151 0.681414 
0.438711 0.49005 0.342982 0.61855 0.435255 
0.502431 0.564568 0.518247 0.311134 0.409276 
0.640348 0.535014 0.808323 0.576332 0.603397 
0.57297 0.518707 0.636314 0.573419 0.385273 
0.39001 0.531324 0.35597 0.328055 0.397181 
0.489302 0.662606 0.726389 0.517989 0.714458 
0.367542 0.313829 0.368803 0.43959 0.251158 
0.259833 0.28298 0.308759 0.329729 0.274243 
0.521882 0.692796 0.657363 0.428093 0.637499 
0.268451 0.565889 0.552449 0.393395 0.602796 
0.516226 0.445273 0.480849 0.272465 0.412094 
0.420068 0.588695 0.302915 0.529587 0.412323 
0.753226 0.592482 0.673269 0.610797 0.523379 
0.496904 0.419753 0.273127 0.447994 0.315284 
0.739425 0.6266620000000001 0.751656 0.603488 0.723675 
0.328102 0.24906 0.368852 0.353028 0.309284 
0.48169 0.46809 0.264006 0.459918 0.419673 
