5
406
0.337492 0.621054 0.359492 0.546587 0.606293 
0.541183 0.631203 0.47898 0.419093 0.699688 
0.790743 0.556909 0.625795 0.712901 0.641893 
0.583431 0.565708 0.548674 0.746333 0.367391 
0.513082 0.465515 0.70982 0.34969 0.508535 
0.5531199999999999 0.468934 0.388991 0.707492 0.369563 
0.316527 0.217112 0.331177 0.220963 0.332585 
0.246115 0.525384 0.44633 0.392366 0.425528 
0.541809 0.248145 0.367075 0.486515 0.389078 
0.566784 0.8103669999999999 0.481323 0.656175 0.642942 
0.443252 0.247004 0.606433 0.476178 0.493122 
0.361477 0.5380470000000001 0.430935 0.698789 0.448494 
0.366402 0.19411 0.361394 0.267812 0.30395 
0.487443 0.522292 0.372199 0.484029 0.647275 
0.485333 0.318558 0.368004 0.399267 0.555696 
0.582473 0.680593 0.494414 0.678794 0.377069 
0.6981309999999999 0.764066 0.752408 0.609999 0.759278 
0.260006 0.454865 0.39548 0.390822 0.616418 
0.5183720000000001 0.5375799999999999 0.729223 0.415526 0.471678 
0.478439 0.338431 0.423012 0.477617 0.222669 
0.487705 0.689901 0.543281 0.489812 0.748803 
0.524983 0.562243 0.647135 0.304091 0.7314310000000001 
0.69108 0.566272 0.697089 0.6643250000000001 0.449557 
0.760417 0.561926 0.687924 0.679018 0.460733 
0.639355 0.820277 0.613194 0.7133429999999999 0.690219 
0.419173 0.46938 0.505763 0.358922 0.275756 
0.28898 0.439735 0.523536 0.307224 0.361728 
0.465604 0.523203 0.619745 0.281917 0.565406 
0.743976 0.811426 0.651159 0.764675 0.727293 
0.318181 0.314365 0.196495 0.319758 0.177485 
0.296382 0.561634 0.274319 0.49778 0.426966 
0.35991 0.319935 0.591512 0.503207 0.471372 
0.519916 0.50459 0.578105 0.374572 0.281545 
0.64029 0.826349 0.692694 0.7158409999999999 0.626406 
0.439546 0.473693 0.376598 0.258434 0.399733 
0.272322 0.349704 0.334009 0.449108 0.274807 
0.759713 0.616858 0.575771 0.634529 0.468695 
0.290011 0.389438 0.416414 0.303417 0.281615 
0.382489 0.490352 0.344125 0.566176 0.257667 
0.447178 0.27555 0.388105 0.233259 0.301458 
0.287867 0.415704 0.393831 0.445364 0.5704630000000001 
0.443669 0.583306 0.5862039999999999 0.714256 0.516825 
0.50698 0.552881 0.525631 0.591118 0.768104 
0.61966 0.300921 0.526541 0.503672 0.309768 
0.719016 0.739015 0.759094 0.765624 0.810142 
0.384256 0.533186 0.239607 0.568598 0.300273 
0.224467 0.205975 0.21007 0.173022 0.209415 
0.510018 0.336175 0.55285 0.495324 0.642913 
0.270141 0.346987 0.192074 0.320918 0.250061 
0.303766 0.234065 0.273434  0.342 0.155414 
0.547067 0.4277 0.713742 0.477263 0.666591 
0.168212 0.252863 0.206063 0.228264 0.213986 
0.496104 0.602528 0.650652 0.707696 0.65077 
0.400893 0.366269 0.509063 0.5556759999999999 0.666917 
0.454587 0.412278 0.633277 0.51641 0.37412 
0.423373 0.465886 0.530724 0.611859 0.348198 
0.570765 0.728042 0.694694 0.543783 0.7602680000000001 
0.694398 0.607231 0.659917 0.571706 0.777999 
0.811454 0.783005 0.778861 0.733129 0.806763 
0.314477 0.555271 0.519259 0.636746 0.550623 
0.508558 0.42765 0.29345 0.68089 0.262183 
0.274299 0.342474 0.447564 0.21677 0.315185 
0.495858 0.568576 0.322163 0.719022 0.546674 
0.592345 0.813125 0.587523 0.589441 0.653538 
0.772452 0.7829 0.778661 0.730149 0.778105 
0.779461 0.671384 0.589513 0.669264 0.66767 
0.5078009999999999 0.642985 0.582742 0.722548 0.725137 
0.548854 0.446466 0.6531130000000001 0.668148 0.426985 
0.622641 0.680067 0.5545949999999999 0.69131 0.7630169999999999 
0.222228 0.278883 0.196888 0.290475 0.223703 
0.479908 0.305966 0.352243 0.585638 0.384732 
0.332069 0.426279 0.49396 0.57873 0.414862 
0.374054 0.533457 0.420842 0.597554 0.329213 
0.514009 0.613228 0.557595 0.586074 0.787845 
0.308811 0.629328 0.401541 0.463094 0.634011 
0.362757 0.659842 0.54789 0.639394 0.554993 
0.296765 0.385147 0.567154 0.263857 0.419217 
0.68091 0.345291 0.406688 0.668011 0.342233 
0.589299 0.519921 0.558681 0.545922 0.267739 
0.736719 0.566174 0.635257 0.712931 0.429549 
0.30127 0.252455 0.351893 0.190976 0.276672 
0.5561160000000001 0.360712 0.708376 0.391801 0.465926 
0.412371 0.471356 0.659687 0.332974 0.635713 
0.826087 0.786266 0.734194 0.734632 0.689345 
0.722867 0.717131 0.790486 0.625968 0.66383 
0.626908 0.773918 0.62737 0.684775 0.788037 
0.4548 0.586047 0.56346 0.274534 0.627517 
0.196487 0.399864 0.225429 0.325179 0.355622 
0.512234 0.490209 0.763497 0.440155 0.575421 
0.59348 0.687565 0.401428 0.635258 0.652448 
0.5899799999999999 0.817604 0.630358 0.719814 0.637229 
0.298114 0.346464 0.410754 0.510814 0.423594 
0.704682 0.670323 0.5644749999999999 0.728444 0.7407280000000001 
0.349835 0.514358 0.432398 0.292832 0.326669 
0.479074 0.69067 0.609635 0.692292 0.57582 
0.536934 0.504185 0.710035 0.485195 0.737028 
0.403994 0.316021 0.402376 0.299535 0.213572 
0.675689 0.457662 0.373867 0.647352 0.363972 
0.432589 0.296046 0.502174 0.218177 0.365627 
0.305808 0.460394 0.197851 0.430939 0.389372 
0.463618 0.288384 0.451009 0.269943 0.533989 
0.386817 0.347007 0.59291 0.416433 0.593928 
0.223788 0.334622 0.423994 0.287983 0.454124 
0.489975 0.6283029999999999 0.577917 0.329948 0.490422 
0.23849 0.405935 0.395858 0.363739 0.541023 
0.769241 0.761181 0.666276 0.835654 0.6343490000000001 
0.744982 0.620716 0.500007 0.725868 0.613312 
0.233841 0.222064 0.203974 0.218264 0.196935 
0.6876 0.78795 0.7443419999999999 0.669502 0.717398 
0.227211 0.299751 0.191764 0.2158 0.210623 
0.256043 0.576808 0.389346 0.466629 0.542821 
0.597299 0.550251 0.792643 0.566997 0.734722 
0.412313 0.718822 0.457745 0.410866 0.516575 
0.728105 0.359413 0.705883 0.501459 0.452063 
0.469457 0.766752 0.561263 0.712137 0.628378 
0.428287 0.287432 0.606136 0.375437 0.480151 
0.567061 0.7017099999999999 0.804562 0.601035 0.746209 
0.570254 0.27999 0.405393 0.485078 0.496071 
0.559066 0.596996 0.533815 0.704887 0.360584 
0.52565 0.455733 0.297437 0.655145 0.392587 
0.545861 0.395579 0.548087 0.690513 0.523767 
0.218466 0.296854 0.375906 0.242117 0.444345 
0.434348 0.505297 0.602931 0.655894 0.502355 
0.521988 0.564689 0.286315 0.47573 0.452197 
0.30992 0.214781 0.292701 0.24568 0.188152 
0.314361 0.226519 0.257042 0.230705 0.173837 
0.437186 0.464424 0.6212029999999999 0.561131 0.384011 
0.319459 0.607055 0.488363 0.306341 0.431997 
0.763992 0.80923 0.715476 0.837884 0.757055 
0.650139 0.417954 0.606901 0.505405 0.671112 
0.635806 0.456525 0.536891 0.337933 0.47697 
0.469609 0.494851 0.744493 0.539179 0.626647 
0.557862 0.333514 0.505161 0.265067 0.405595 
0.251526 0.396018 0.424106 0.222195 0.401294 
0.425539 0.402756 0.400172 0.428974 0.651387 
0.549166 0.341184 0.312592 0.506694 0.393386 
0.267126 0.51642 0.524698 0.4102 0.551022 
0.643252 0.680326 0.586573 0.575366 0.426438 
0.596852 0.627351 0.392636 0.462271 0.499795 
0.256708 0.479324 0.356406 0.490905 0.348113 
0.258589 0.563181 0.259032 0.367423 0.404979 
0.28655 0.232936 0.405897 0.261394 0.361769 
0.617289 0.681693 0.64564 0.443818 0.53774 
0.411064 0.40669 0.20446 0.426838 0.386649 
0.569733 0.321076 0.417742 0.316079 0.441322 
0.244461 0.57744 0.310255 0.476983 0.429663 
0.687104 0.6579700000000001 0.760778 0.535256 0.719581 
0.700834 0.494772 0.707988 0.695461 0.469017 
0.527115 0.27972 0.35445 0.3737 0.407165 
0.472798 0.58729 0.505568 0.281615 0.619742 
0.603673 0.6153149999999999 0.427255 0.6140060000000001 0.242265 
0.514107 0.279452 0.611178 0.481206 0.330137 
0.668109 0.363755 0.380956 0.548502 0.428526 
0.489395 0.402479 0.544133 0.247018 0.492625 
0.353502 0.423444 0.423701 0.609341 0.374816 
0.536573 0.490729 0.6502250000000001 0.477838 0.733776 
0.513361 0.367072 0.26705 0.369491 0.266378 
0.6631089999999999 0.474911 0.356422 0.574192 0.344799 
0.285146 0.476863 0.534095 0.29624 0.5156809999999999 
0.635479 0.710622 0.470634 0.741279 0.495243 
0.244128 0.291334 0.351205 0.33931 0.24993 
0.261435 0.286133 0.48708 0.294055 0.444604 
0.233531 0.444409 0.392499 0.294673 0.523001 
0.304096 0.383334 0.218645 0.438391 0.247003 
0.770908 0.674659 0.579192 0.60342 0.543393 
0.80883 0.7097560000000001 0.6798689999999999 0.648436 0.624571 
0.389308 0.260068 0.332007 0.500884 0.364919 
0.410536 0.310319 0.347656 0.301837 0.199667 
0.447808 0.344297 0.443415 0.556496 0.265822 
0.300728 0.46116 0.552248 0.438007 0.452817 
0.319918 0.359255 0.469059 0.491233 0.537359 
0.624082 0.699397 0.765602 0.73799 0.736849 
0.689562 0.756944 0.7087290000000001 0.605208 0.789584 
0.214841 0.280711 0.404829 0.314497 0.347469 
0.526372 0.719282 0.492056 0.6508659999999999 0.73643 
0.168604 0.325146 0.301227 0.33167 0.344327 
0.496447 0.447039 0.633197 0.486518 0.326152 
0.325172 0.253933 0.367265 0.333903 0.198367 
0.394625 0.481235 0.251078 0.288449 0.488047 
0.555603 0.567149 0.389915 0.736365 0.615656 
0.22319 0.346554 0.24865 0.246478 0.38197 
0.391366 0.731391 0.534347 0.395873 0.630956 
0.367594 0.6787530000000001 0.486572 0.672234 0.649883 
0.6455610000000001 0.307941 0.659903 0.589361 0.466062 
0.490885 0.774381 0.576626 0.692414 0.6578580000000001 
0.6242220000000001 0.754987 0.711871 0.668832 0.813295 
0.260988 0.322279 0.316299 0.247621 0.236696 
0.519666 0.48584 0.488734 0.266515 0.516504 
0.679293 0.566908 0.40302 0.68088 0.40092 
0.728282 0.670161 0.814956 0.681413 0.714845 
0.348073 0.463558 0.325904 0.43074 0.612501 
0.556231 0.400603 0.510784 0.689057 0.507412 
0.609734 0.396967 0.577719 0.633439 0.347214 
0.361259 0.755291 0.472223 0.575824 0.665708 
0.540822 0.586464 0.630402 0.616777 0.397623 
0.642096 0.6341830000000001 0.764101 0.688034 0.590636 
0.703698 0.421844 0.4666 0.482979 0.347995 
0.48757 0.343582 0.581431 0.600459 0.537199 
0.391855 0.40549 0.5335259999999999 0.552348 0.351018 
0.6543060000000001 0.350268 0.480657 0.414531 0.335393 
0.505798 0.292923 0.357752 0.478049 0.213095 
0.438466 0.451913 0.5013570000000001 0.675326 0.520471 
0.300715 0.6272219999999999 0.339993 0.365131 0.5833930000000001 
0.62296 0.476691 0.752953 0.627746 0.482176 
0.416641 0.673634 0.448956 0.637751 0.664036 
0.397921 0.300469 0.221344 0.419502 0.23727 
0.7568589999999999 0.836646 0.685765 0.787846 0.699186 
0.627078 0.716248 0.576403 0.756475 0.5071600000000001 
0.623251 0.667945 0.525427 0.665873 0.356327 
0.7252189999999999 0.552953 0.6312950000000001 0.443485 0.533652 
0.485672 0.417984 0.374686 0.639454 0.577166 
0.734205 0.457791 0.5102719999999999 0.54074 0.601471 
0.473447 0.520111 0.63026 0.7022969999999999 0.60944 
0.551648 0.693173 0.6302489999999999 0.604877 0.463378 
0.531267 0.759083 0.573505 0.539175 0.743092 
0.623285 0.637953 0.458934 0.765076 0.419708 
0.749373 0.560066 0.515829 0.66023 0.565831 
0.685277 0.699163 0.778568 0.702442 0.807734 
0.541161 0.762563 0.5083029999999999 0.475111 0.691784 
0.428999 0.639841 0.267924 0.546387 0.457133 
0.298597 0.369678 0.457136 0.530236 0.399784 
0.222875 0.199001 0.274792 0.222333 0.305162 
0.238584 0.235093 0.321575 0.23442 0.241035 
0.367245 0.294328 0.511399 0.24944 0.392615 
0.331329 0.585626 0.454275 0.323476 0.647304 
0.747816 0.712906 0.769929 0.752316 0.592374 
0.570828 0.611414 0.306075 0.739513 0.502337 
0.394831 0.423861 0.455759 0.441655 0.221192 
0.600034 0.620988 0.55745 0.775463 0.463524 
0.33006 0.374276 0.557836 0.290713 0.577813 
0.7698 0.714537 0.787179 0.7747000000000001 0.8248259999999999 
0.47975 0.400512 0.452864 0.527239 0.238564 
0.375808 0.313734 0.330415 0.220834 0.243197 
0.257144 0.286369 0.428765 0.285988 0.301178 
0.779477 0.643891 0.653933 0.767975 0.5459039999999999 
0.736479 0.459874 0.524041 0.491467 0.568584 
0.23614 0.445567 0.452535 0.350119 0.557288 
0.512471 0.691101 0.529994 0.657935 0.415053 
0.356432 0.675242 0.602179 0.56107 0.662373 
0.342736 0.491602 0.501561 0.593016 0.433161 
0.718519 0.762528 0.768379 0.793268 0.773891 
0.652192 0.609659 0.560603 0.518636 0.761921 
0.223045 0.385985 0.241445 0.333198 0.419768 
0.276484 0.496553 0.427684 0.308984 0.354953 
0.24498 0.293393 0.210677 0.401836 0.263059 
0.542153 0.299328 0.52778 0.412275 0.285425 
0.623009 0.373443 0.561628 0.327337 0.596103 
0.653142 0.661184 0.715006 0.775458 0.613502 
0.680473 0.638972 0.395524 0.687205 0.566475 
0.669121 0.485236 0.563885 0.5288350000000001 0.696188 
0.693119 0.634563 0.688964 0.490918 0.75668 
0.418152 0.5424870000000001 0.422381 0.370042 0.668901 
0.752652 0.548249 0.781906 0.592426 0.544945 
0.330677 0.349362 0.510011 0.453856 0.296659 
0.360644 0.497846 0.354726 0.2444 0.403226 
0.313513 0.482515 0.584613 0.465457 0.640533 
0.56438 0.5895899999999999 0.7672909999999999 0.591476 0.599326 
0.373318 0.656169 0.337785 0.375942 0.334768 
0.432545 0.726681 0.390861 0.605914 0.403491 
0.326022 0.609594 0.550426 0.586382 0.607209 
0.15834 0.308634 0.219217 0.305989 0.27508 
0.530037 0.428383 0.274058 0.415249 0.460329 
0.510111 0.74924 0.639696 0.455023 0.597857 
0.696269 0.340307 0.655304 0.643609 0.527891 
0.306489 0.563461 0.420031 0.235145 0.52703 
0.310502 0.235854 0.318778 0.398488 0.333267 
0.711639 0.55193 0.679189 0.526955 0.738016 
0.297418 0.5959449999999999 0.326683 0.499489 0.351424 
0.372395 0.358938 0.371872 0.216977 0.520909 
0.636915 0.362333 0.619895 0.640873 0.417029 
0.80292 0.594318 0.672739 0.657157 0.691265 
0.800536 0.750227 0.708066 0.720706 0.609451 
0.214528 0.491116 0.293903 0.262429 0.38703 
0.273951 0.349935 0.350337 0.409215 0.252536 
0.624176 0.40808 0.759541 0.571171 0.643795 
0.792561 0.828942 0.737022 0.7474420000000001 0.753553 
0.61838 0.564404 0.321468 0.496391 0.498288 
0.522277 0.786694 0.613889 0.57742 0.606607 
0.393479 0.545022 0.341268 0.5428269999999999 0.243946 
0.722319 0.795917 0.658601 0.760337 0.760112 
0.645981 0.7247400000000001 0.553793 0.785063 0.628463 
0.720403 0.805859 0.640586 0.7096209999999999 0.75527 
0.410844 0.634512 0.643878 0.42049 0.566561 
0.767658 0.472284 0.649506 0.715943 0.619386 
0.200982 0.305277 0.191799 0.27806 0.256944 
0.656228 0.414383 0.626347 0.361246 0.432811 
0.641957 0.333105 0.677168 0.470446 0.5383520000000001 
0.54143 0.437225 0.561457 0.395993 0.698481 
0.654752 0.55636 0.64672 0.377504 0.62186 
0.495633 0.361585 0.524172 0.628468 0.404695 
0.499744 0.573581 0.424726 0.30988 0.433935 
0.415596 0.577974 0.60212 0.29823 0.588931 
0.346156 0.379372 0.293389 0.277044 0.477066 
0.590915 0.243601 0.409558 0.324295 0.328581 
0.681682 0.778897 0.729394 0.637157 0.779474 
0.551028 0.482783 0.635754 0.706643 0.555501 
0.832704 0.749336 0.8339839999999999 0.752898 0.810402 
0.383119 0.448314 0.295299 0.515526 0.557407 
0.640441 0.418602 0.689963 0.36283 0.635728 
0.466718 0.633462 0.314774 0.538514 0.605608 
0.5125420000000001 0.5802040000000001 0.452728 0.609347 0.282235 
0.296717 0.619393 0.322784 0.589737 0.399183 
0.365696 0.5044650000000001 0.51184 0.676744 0.511965 
0.7018760000000001 0.498245 0.715283 0.60529 0.438604 
0.58267 0.318975 0.35221 0.527052 0.483757 
0.676379 0.723826 0.531493 0.623053 0.511052 
0.390915 0.372103 0.469772 0.484898 0.6511209999999999 
0.42875 0.608779 0.556872 0.484512 0.758842 
0.267368 0.301073 0.344644 0.430514 0.285569 
0.707887 0.705366 0.703134 0.813921 0.655274 
0.224264 0.37208 0.261116 0.209137 0.348871 
0.704724 0.769114 0.742302 0.830421 0.725286 
0.396351 0.727001 0.383079 0.504749 0.632395 
0.635796 0.152564 0.54918 0.485251 0.395143 
0.507047 0.41931 0.297674 0.50556 0.19195 
0.539126 0.434759 0.265277 0.540723 0.238979 
0.433753 0.6275269999999999 0.63258 0.430529 0.515643 
0.517384 0.446434 0.6576379999999999 0.297333 0.618302 
0.72006 0.756479 0.745294 0.662588 0.819869 
0.310112 0.247146 0.231335 0.186961 0.273643 
0.298398 0.343067 0.183285 0.352126 0.272724 
0.43227 0.501024 0.4002 0.232875 0.540514 
0.516086 0.284653 0.330918 0.548712 0.360224 
0.213682 0.303003 0.18864 0.207943 0.275116 
0.395776 0.305459 0.279313 0.254435 0.232078 
0.768051 0.641772 0.560257 0.718495 0.570998 
0.370131 0.333395 0.235786 0.241699 0.328891 
0.441311 0.444135 0.681685 0.392999 0.449039 
0.337554 0.308256 0.505752 0.377035 0.321707 
0.211058 0.177846 0.286756 0.240698 0.248565 
0.646603 0.387025 0.642539 0.460098 0.653937 
0.355192 0.446025 0.23153 0.315094 0.297302 
0.204312 0.313266 0.313479 0.377683 0.316265 
0.321111 0.309509 0.455915 0.502606 0.474786 
0.463974 0.647456 0.684608 0.471691 0.699428 
0.308015 0.366034 0.281359 0.439185 0.209478 
0.252393 0.23531 0.185919 0.27207 0.196384 
0.794391 0.556071 0.775801 0.6986250000000001 0.641699 
0.594989 0.49124 0.655492 0.347561 0.431184 
0.626194 0.429202 0.615432 0.413065 0.336113 
0.31437 0.246863 0.338364 0.211234 0.431331 
0.506903 0.454029 0.620779 0.354263 0.363133 
0.507639 0.546022 0.662433 0.624219 0.454002 
0.486782 0.664457 0.710078 0.594017 0.6011879999999999 
0.63295 0.694177 0.610851 0.792346 0.742215 
0.641802 0.595271 0.4957 0.321467 0.6076510000000001 
0.493267 0.243039 0.367731 0.462902 0.40067 
0.347507 0.672787 0.474663 0.383522 0.676304 
0.77503 0.426354 0.665135 0.595473 0.464329 
0.323572 0.467999 0.3311 0.321217 0.257708 
0.514788 0.7954870000000001 0.428005 0.6292219999999999 0.5612009999999999 
0.441422 0.347463 0.3674 0.225222 0.294527 
0.468327 0.7052310000000001 0.409437 0.659408 0.395845 
0.456219 0.394016 0.332024 0.647958 0.338102 
0.374384 0.572905 0.638078 0.492049 0.751251 
0.29201 0.262747 0.491007 0.285968 0.40733 
0.429241 0.515385 0.249062 0.639104 0.352055 
0.473513 0.548277 0.308257 0.553135 0.588358 
0.654567 0.380543 0.541465 0.614031 0.326034 
0.685526 0.662758 0.737497 0.525153 0.516478 
0.717685 0.591557 0.743739 0.734922 0.667651 
0.608612 0.443687 0.737671 0.402301 0.656639 
0.647983 0.78276 0.519798 0.683429 0.619614 
0.591799 0.766523 0.687554 0.5230320000000001 0.72829 
0.419955 0.406283 0.626642 0.572755 0.57586 
0.212474 0.222008 0.227468 0.325759 0.215428 
0.5782620000000001 0.612553 0.760383 0.672812 0.6767030000000001 
0.553417 0.535241 0.686345 0.659851 0.741639 
0.444427 0.351846 0.700424 0.399772 0.543612 
0.651049 0.602279 0.342483 0.577176 0.46509 
0.424885 0.213708 0.48874 0.469084 0.277766 
0.545663 0.554697 0.72985 0.619007 0.496956 
0.594573 0.350798 0.625871 0.351429 0.520502 
0.32235 0.492478 0.398937 0.373161 0.6323839999999999 
0.425599 0.376616 0.62884 0.26709 0.53128 
0.410632 0.570356 0.585967 0.529575 0.434553 
0.238134 0.274799 0.323446 0.183989 0.408717 
0.529519 0.81286 0.6532289999999999 0.665326 0.664192 
0.395434 0.600234 0.388764 0.458429 0.674521 
0.617738 0.606637 0.678762 0.481434 0.77457 
0.777585 0.60145 0.731955 0.77234 0.693979 
0.597455 0.644806 0.482134 0.459705 0.686779 
0.403256 0.7166090000000001 0.338091 0.454469 0.530761 
0.502694 0.295934 0.410329 0.288344 0.263009 
0.470031 0.401382 0.460298 0.470849 0.679455 
0.646258 0.479066 0.550461 0.571738 0.6992159999999999 
0.4223 0.692181 0.662762 0.579511 0.619608 
0.531181 0.383162 0.366582 0.281118 0.416131 
0.583882 0.5295299999999999 0.667667 0.304426 0.546749 
0.487914 0.556824 0.334872 0.5838140000000001 0.242155 
0.356291 0.628486 0.613408 0.514973 0.633471 
0.313076 0.669829 0.414571 0.38951 0.610466 
0.355933 0.582588 0.568021 0.567824 0.496776 
0.603305 0.616012 0.692582 0.735641 0.729553 
0.389344 0.759382 0.418462 0.598773 0.440325 
0.322089 0.444845 0.434378 0.560505 0.556762 
0.723585 0.517316 0.69857 0.7405929999999999 0.68867 
0.292889 0.24343  0.219 0.239706 0.265208 
0.502382 0.555914 0.689991 0.648338 0.757668 
0.456721 0.456402 0.595612 0.438976 0.306357 
0.442436 0.686873 0.698758 0.562294 0.716666 
0.474767 0.6147899999999999 0.708176 0.620337 0.64192 
0.551523 0.333302 0.460755 0.508188 0.247957 
0.355763 0.38202 0.282191 0.354377 0.182997 
0.326607 0.555269 0.560634 0.316409 0.468049 
0.5220860000000001 0.593986 0.432716 0.694748 0.299625 
