5
675
0.698167 0.599191 0.630887 0.723157 0.461068 
0.391374 0.328716 0.574388 0.518921 0.475674 
0.678476 0.754561 0.591059 0.788131 0.559883 
0.319439 0.403636 0.235708 0.259096 0.386474 
0.392982 0.317617 0.291211 0.257117 0.384445 
0.715469 0.783987 0.608816 0.76331 0.589706 
0.42759 0.334646 0.502047 0.238088 0.368293 
0.676862 0.7478129999999999 0.7276899999999999 0.774651 0.76446 
0.327726 0.518851 0.618322 0.316883 0.510771 
0.682534 0.815304 0.73114 0.665327 0.706914 
0.306566 0.430148 0.238747 0.359802 0.434017 
0.399444 0.330801 0.233109 0.455018 0.408901 
0.277315 0.40776 0.414318 0.196787 0.430927 
0.743493 0.663094 0.798772 0.728195 0.763046 
0.554585 0.761309 0.6707419999999999 0.598306 0.705578 
0.325474 0.650494 0.484513 0.575698 0.572282 
0.22298 0.26032 0.351272 0.351096 0.338939 
0.390832 0.454549 0.402793 0.226571 0.462993 
0.392539 0.276393 0.572613 0.284392 0.476739 
0.6470590000000001 0.559318 0.448979 0.399913 0.547383 
0.682518 0.380328 0.520477 0.391496 0.551303 
0.538516 0.372208 0.312046 0.366777 0.387228 
0.66701 0.543368 0.446091 0.462717 0.458162 
0.547937 0.736326 0.700125 0.573161 0.741144 
0.45058 0.577394 0.677953 0.514877 0.7071229999999999 
0.626211 0.461613 0.363487 0.405796 0.437794 
0.519097 0.260399 0.366675 0.398779 0.380902 
0.358472 0.382125 0.5237579999999999 0.248054 0.405247 
0.37775 0.459881 0.300427 0.250714 0.436708 
0.572008 0.305673 0.580725 0.40162 0.339273 
0.494642 0.486016 0.313602 0.331355 0.401985 
0.7742 0.588354 0.596681 0.69869 0.455546 
0.323529 0.353818 0.423262 0.192454 0.449259 
0.671417 0.520244 0.791045 0.556996 0.650137 
0.6221449999999999 0.499027 0.74464 0.474876 0.702619 
0.263832 0.32995 0.204639 0.311418 0.217483 
0.5569730000000001 0.306938 0.603731 0.574696 0.465765 
0.506478 0.399127 0.670188 0.307757 0.530635 
0.379729 0.394655 0.469466 0.345575 0.655428 
0.481586 0.691923 0.476236 0.5179510000000001 0.718065 
0.358681 0.576437 0.6443990000000001 0.5494019999999999 0.506698 
0.239382 0.536403 0.430766 0.387726 0.550863 
0.340307 0.52121 0.3224 0.419333 0.563982 
0.617729 0.5453209999999999 0.40939 0.506726 0.294544 
0.468617 0.385897 0.6702090000000001 0.577747 0.488569 
0.304524 0.502817 0.544705 0.370206 0.403771 
0.62118 0.346293 0.700225 0.357237 0.544004 
0.667219 0.551898 0.656394 0.735743 0.669277 
0.748614 0.649114 0.534006 0.61937 0.512341 
0.412411 0.225676 0.312277 0.349627 0.203852 
0.421896 0.448979 0.310971 0.608926 0.381645 
0.248368 0.213219 0.349329 0.265634 0.38334 
0.498819 0.538127 0.429892 0.761675 0.545703 
0.766773 0.426008 0.5749919999999999 0.5676099999999999 0.487936 
0.309739 0.446914 0.612967 0.358982 0.450781 
0.610311 0.456691 0.500155 0.368612 0.586686 
0.741491 0.7437820000000001 0.590259 0.6292759999999999 0.626493 
0.718024 0.600055 0.524692 0.706446 0.665782 
0.722671 0.345863 0.5505910000000001 0.466292 0.376041 
0.715641 0.542125 0.553721 0.733077 0.59968 
0.251235 0.302344 0.178298 0.297578 0.266271 
0.42165 0.511912 0.461724 0.376168 0.674875 
0.54089 0.689723 0.653214 0.572334 0.783273 
0.18929 0.345067 0.338241 0.240014 0.361662 
0.360125 0.551984 0.333541 0.5315029999999999 0.5990799999999999 
0.402047 0.429301 0.232699 0.424353 0.243107 
0.385549 0.670142 0.284189 0.514888 0.444867 
0.553383 0.233394 0.45876 0.297948 0.34246 
0.600528 0.531346 0.762976 0.598193 0.73398 
0.361607 0.248884 0.349917 0.339121 0.476249 
0.637969 0.317748 0.678577 0.483237 0.558926 
0.643991 0.35925 0.457467 0.445061 0.319047 
0.386594 0.347102 0.284824 0.52406 0.355822 
0.360889 0.444718 0.344159 0.556175 0.217391 
0.663429 0.6858070000000001 0.635744 0.474414 0.649529 
0.605985 0.530227 0.50665 0.778716 0.513202 
0.794003 0.783849 0.796351 0.745765 0.8375320000000001 
0.529953 0.542435 0.428168 0.385221 0.335291 
0.245954 0.45924 0.400165 0.386943 0.53705 
0.449122 0.470649 0.637254 0.347495 0.677185 
0.401804 0.454944 0.316221 0.293128 0.523962 
0.63079 0.493912 0.436348 0.555001 0.66017 
0.192901 0.329989 0.25892 0.332334 0.276926 
0.623499 0.659508 0.778949 0.545382 0.680375 
0.474037 0.539288 0.587296 0.589344 0.743274 
0.7535269999999999 0.550691 0.783513 0.549123 0.699819 
0.571659 0.399878 0.437889 0.510253 0.631755 
0.404177 0.429647 0.632751 0.558403 0.50058 
0.453292 0.303318 0.372594 0.448594 0.198672 
0.5901999999999999 0.664282 0.400374 0.658921 0.401851 
0.35667 0.613132 0.363257 0.682275 0.381866 
0.755885 0.571947 0.744541 0.5889259999999999 0.5473170000000001 
0.714274 0.531908 0.41649 0.603113 0.390657 
0.407707 0.540171 0.682976 0.468521 0.477765 
0.444614 0.69965 0.6490629999999999 0.673499 0.600658 
0.182101 0.299299 0.231866 0.219335 0.273282 
0.61599 0.313208 0.610347 0.322715 0.517832 
0.591258 0.436483 0.661328 0.308071 0.628954 
0.565225 0.364144 0.680098 0.416121 0.433603 
0.768463 0.471228 0.644224 0.5209589999999999 0.562045 
0.219453 0.202731 0.241221 0.270605 0.21846 
0.470946 0.460955 0.475563 0.260758 0.580229 
0.710548 0.671094 0.74615 0.650051 0.825323 
0.467678 0.214828 0.383179 0.418376 0.264602 
0.73381 0.654589 0.731401 0.5695170000000001 0.586135 
0.5843699999999999 0.558352 0.495682 0.707298 0.354177 
0.512384 0.55897 0.720728 0.613391 0.541065 
0.699743 0.474633 0.456727 0.457339 0.518669 
0.5917750000000001 0.374693 0.583495 0.653962 0.545694 
0.716128 0.590969 0.811295 0.665916 0.662111 
0.369959 0.309901 0.442868 0.526062 0.430431 
0.363534 0.707761 0.456728 0.597086 0.43568 
0.58756 0.654294 0.726473 0.608448 0.807763 
0.593083 0.476903 0.483339 0.353052 0.369419 
0.281714 0.438543 0.361113 0.53957 0.406401 
0.7876880000000001 0.720676 0.74261 0.769729 0.662739 
0.766859 0.810104 0.785408 0.795732 0.745686 
0.377312 0.47389 0.333454 0.598596 0.527677 
0.298517 0.452703 0.225555 0.431178 0.36787 
0.296878 0.404564 0.323758 0.209013 0.331388 
0.318278 0.6350749999999999 0.465955 0.39432 0.61954 
0.641419 0.716222 0.780173 0.716763 0.680553 
0.569338 0.599658 0.741467 0.552572 0.764958 
0.268483 0.489742 0.284333 0.5188 0.37301 
0.807512 0.632188 0.706061 0.661026 0.724082 
0.6514529999999999 0.6250019999999999 0.690327 0.756119 0.74701 
0.619066 0.574858 0.79857 0.485885 0.642831 
0.743551 0.6021840000000001 0.657572 0.693115 0.719511 
0.682866 0.459518 0.552785 0.366645 0.460431 
0.3077 0.630448 0.383066 0.606464 0.476584 
0.280219 0.362097 0.231729 0.33627 0.418449 
0.27499 0.290221 0.451985 0.387321 0.401163 
0.695719 0.5586449999999999 0.645647 0.744632 0.494648 
0.546665 0.280522 0.484915 0.522786 0.471908 
0.427834 0.630714 0.33808 0.580535 0.347467 
0.5864819999999999 0.651608 0.48254 0.535924 0.387315 
0.67337 0.6968529999999999 0.795682 0.630697 0.763648 
0.45489 0.336461 0.642335 0.515421 0.425295 
0.642595 0.744407 0.511422 0.734506 0.677334 
0.48442 0.733891 0.646738 0.5279740000000001 0.64995 
0.80537 0.552463 0.701709 0.6086780000000001 0.664392 
0.470232 0.456509 0.506995 0.383176 0.698353 
0.536624 0.442518 0.606051 0.273345 0.457567 
0.400532 0.578067 0.689362 0.563949  0.616 
0.385134 0.488236 0.527497 0.249722 0.48718 
0.744515 0.533666 0.580954 0.721571 0.575896 
0.241671 0.285861 0.184728 0.323275 0.204931 
0.518253 0.390055 0.557018 0.67342 0.495267 
0.551627 0.518655 0.523882 0.498328 0.263849 
0.6650509999999999 0.673905 0.811049 0.62178 0.6985 
0.629657 0.46867 0.595431 0.701816 0.421866 
0.473739 0.621336 0.377905 0.464304 0.6362989999999999 
0.417068 0.495572 0.303814 0.282579 0.471085 
0.620889 0.350287 0.58453 0.612384 0.5350279999999999 
0.781271 0.433894 0.628607 0.572277 0.458737 
0.23493 0.201265 0.246155 0.207186 0.284245 
0.503784 0.305985 0.504063 0.541235 0.241098 
0.617766 0.76894 0.627074 0.800661 0.64303 
0.305697 0.314531 0.420867 0.423697 0.484346 
0.230713 0.229944 0.361402 0.335481 0.32909 
0.805804 0.5298079999999999 0.726518 0.6905210000000001 0.578385 
0.776957 0.76766 0.740254 0.818154 0.778599 
0.403595 0.208362 0.406249 0.241515 0.377474 
0.485395 0.227908 0.3497 0.415166 0.283417 
0.489284 0.34773 0.339676 0.484777 0.214507 
0.344509 0.473478 0.583412 0.276806 0.482372 
0.581936 0.799697 0.570385 0.620268 0.561999 
0.533542 0.330124 0.624835 0.367568 0.396705 
0.508041 0.30418 0.467046 0.42587 0.233675 
0.317802 0.277899 0.337619 0.340641 0.480477 
0.304686 0.245254 0.432588 0.20698 0.355187 
0.7115320000000001 0.586383 0.514278 0.5457689999999999 0.660626 
0.643355 0.817044 0.6961270000000001 0.6533099999999999 0.6499 
0.504762 0.355241 0.41589 0.396442 0.200427 
0.359161 0.354976 0.583826 0.380962 0.400441 
0.278854 0.540857 0.330045 0.591562 0.470081 
0.733973 0.588078 0.651038 0.532229 0.46758 
0.297152 0.57553 0.565191 0.585182 0.5420970000000001 
0.210779 0.215113 0.236232 0.190877 0.28277 
0.565233 0.379922 0.400395 0.56415 0.575893 
0.65582 0.798636 0.599228 0.6398470000000001 0.645192 
0.608606 0.236798 0.577761 0.526602 0.426692 
0.732751 0.707323 0.653783 0.6118710000000001 0.52596 
0.325814 0.326029 0.173411 0.316038 0.257375 
0.255152 0.392884 0.30277 0.488015 0.396589 
0.296144 0.375664 0.346868 0.241523 0.243707 
0.564061 0.502772 0.534699 0.64057 0.292332 
0.770062 0.566723 0.68601 0.5346959999999999 0.597176 
0.347966 0.182044 0.316396 0.20395 0.284016 
0.413997 0.376767 0.677022 0.313549 0.472755 
0.342525 0.6228399999999999 0.533466 0.375034 0.494937 
0.67424 0.336751 0.469624 0.575423 0.373783 
0.608993 0.720661 0.510926 0.782232 0.592397 
0.636147 0.563121 0.671288 0.6810349999999999 0.742191 
0.702211 0.421512 0.731163 0.528462 0.5489540000000001 
0.339687 0.54126 0.249235 0.489712 0.335311 
0.433672 0.315628 0.357426 0.386663 0.527469 
0.566056 0.364196 0.364185 0.449697 0.295532 
0.259502 0.387672 0.4538 0.429223 0.335324 
0.440032 0.29892 0.454365 0.32545 0.24296 
0.271196 0.32421 0.423836 0.441188 0.35354 
0.532855 0.210058 0.449372 0.37006 0.376078 
0.692338 0.434447 0.586846 0.501445 0.637729 
0.368483 0.398791 0.47073 0.491353 0.255105 
0.486163 0.733166 0.559314 0.674215 0.6805909999999999 
0.527481 0.252328 0.351174 0.326397 0.366681 
0.201337 0.222653 0.248009 0.230657 0.21004 
0.40876 0.677583 0.305953 0.694787 0.437742 
0.439004 0.689474 0.436963 0.447573 0.445881 
0.3361 0.390612 0.541789 0.230876 0.540005 
0.772387 0.751178 0.7003740000000001 0.615676 0.6727300000000001 
0.341583 0.214944 0.295213 0.393248 0.270963 
0.579101  0.584 0.602647 0.57385 0.816895 
0.784327 0.674432 0.8221889999999999   0.73 0.735189 
0.66623 0.429708 0.500744 0.7064859999999999 0.485459 
0.452554 0.401724 0.483911 0.290792 0.618637 
0.557032 0.791235 0.572388 0.5614749999999999 0.6347739999999999 
0.491499 0.681103 0.600241 0.40102 0.557315 
0.411188 0.500084 0.325206 0.327849 0.5380819999999999 
0.384035 0.68582 0.553597 0.574245 0.488796 
0.521188 0.661883 0.479597 0.697438 0.37518 
0.753317 0.637956 0.808351 0.710636 0.672799 
0.365773 0.562368 0.526077 0.419038 0.722866 
0.7780860000000001 0.791609 0.720306 0.776208 0.772562 
0.27739 0.348489 0.23409 0.254895 0.256639 
0.266309 0.357288 0.309597 0.387221 0.236525 
0.631659 0.7452029999999999 0.501941 0.6534799999999999 0.697886 
0.443044 0.632593 0.43678 0.463759 0.693592 
0.270418 0.409422 0.362364 0.426439 0.52176 
0.364463 0.680949 0.529505 0.462493 0.532532 
0.355836 0.550422 0.617718 0.461043 0.650344 
0.704456 0.622692 0.708224 0.707819 0.7685110000000001 
0.298901 0.473376 0.299014 0.311473 0.292173 
0.7320680000000001 0.432325 0.523457 0.522959 0.388025 
0.555088 0.642135 0.620101 0.582284 0.387657 
0.638065 0.672582 0.78183 0.719356 0.695565 
0.316991 0.484654 0.358702 0.272311 0.568232 
0.572749 0.263279 0.45399 0.36618 0.297345 
0.643339 0.323221 0.478482 0.591481 0.41661 
0.342125 0.496258 0.431421 0.266387 0.549935 
0.45016 0.7362379999999999 0.355043 0.516584 0.481788 
0.6289169999999999 0.558411 0.557771 0.699068 0.710082 
0.414343 0.512804 0.556149 0.333343 0.360731 
0.677141 0.590022 0.378921 0.59783 0.42452 
0.560231 0.726148 0.468844 0.653605 0.436082 
0.676022 0.795004 0.71132 0.637994 0.643398 
0.316045 0.399272 0.258526 0.501627 0.300228 
0.650867 0.383778 0.380115 0.461247 0.416089 
0.330295 0.704667 0.426175 0.477817 0.579473 
0.565885 0.695403 0.336237 0.553583 0.493436 
0.432958 0.518524 0.693989 0.504822 0.399419 
0.428469 0.264456 0.5166539999999999 0.550787 0.362926 
0.494914 0.708885 0.644203 0.495139 0.738912 
0.317389 0.592517 0.424444 0.504041 0.328271 
0.473898 0.689253 0.430421 0.68857 0.6218129999999999 
0.562346 0.632741 0.380065 0.463799 0.573142 
0.7447510000000001 0.448827 0.675615 0.65943 0.513154 
0.619217 0.737456 0.484913 0.590564 0.671723 
0.532879 0.744156 0.593283 0.622545 0.725112 
0.267811 0.30871 0.287643 0.269083 0.460591 
0.460821 0.382183 0.699643 0.373434 0.5883350000000001 
0.7670630000000001 0.679085 0.697157 0.801934 0.6901119999999999 
0.297113 0.280172 0.322189 0.233658 0.219454 
0.687137 0.65256 0.720657 0.791041 0.698198 
0.499922 0.5384409999999999 0.436562 0.709544 0.330214 
0.394417 0.505822 0.445517 0.67499 0.533506 
0.794096 0.749908 0.719847 0.72603 0.784253 
0.6697380000000001 0.42251 0.441779 0.496131 0.344196 
0.357185 0.307789 0.496908 0.5159820000000001 0.346813 
0.656104 0.56554 0.542808 0.578947 0.310087 
0.5455410000000001 0.523979 0.670376 0.671331 0.437011 
0.678742 0.800399 0.638341 0.758356 0.749265 
0.267728 0.399684 0.229089 0.29517 0.305928 
0.324461 0.254792 0.231192 0.376692 0.231627 
0.271795 0.246748 0.225958 0.197346 0.245214 
0.407772 0.247386 0.29689 0.348763 0.194527 
0.427935 0.29232 0.244042 0.374534 0.34837 
0.6048829999999999 0.479017 0.331467 0.422114 0.403938 
0.260251 0.534294 0.289316 0.352383 0.440939 
0.618801 0.524495 0.75608 0.529023 0.754813 
0.376157 0.682606 0.377709 0.665219 0.442848 
0.458334 0.257547 0.317425 0.42393 0.367399 
0.492553 0.476006 0.571933 0.301683 0.403129 
0.655023 0.58168 0.389269 0.721604 0.39987 
0.318415 0.381041 0.256558 0.324712 0.224967 
0.476105 0.314997 0.507997 0.61754 0.365636 
0.585979 0.461131 0.739641 0.409157 0.483582 
0.289859 0.262896 0.427002 0.313365 0.291551 
0.54377 0.379534 0.33796 0.59023 0.344697 
0.465779 0.251767 0.335106 0.455786 0.232087 
0.415939 0.5174260000000001 0.685065 0.5215919999999999 0.6785600000000001 
0.312477 0.49793 0.232804 0.385847 0.361448 
0.387296 0.320667 0.316601 0.529379 0.331531 
0.397333 0.682177 0.457977 0.509138 0.670249 
0.518851 0.436669 0.670148 0.5254760000000001 0.728863 
0.372004 0.507165 0.543228 0.433968 0.330377 
0.641364 0.666874 0.590807 0.612806 0.809077 
0.423635 0.306298 0.349769 0.429137 0.510447 
0.499917 0.401349 0.375603 0.475313 0.615013 
0.588793 0.317489 0.542156 0.579454 0.360741 
0.392762 0.519689 0.31685 0.337471 0.313117 
0.448487 0.6072689999999999 0.613725 0.626852 0.701189 
0.694283 0.827807 0.705503 0.690597 0.700271 
0.571722 0.321336 0.602677 0.380374 0.572381 
0.815515 0.552666 0.761821 0.635382 0.639489 
0.702592 0.6461980000000001 0.509453 0.630605 0.683136 
0.339924 0.19892 0.278919 0.252913 0.263869 
0.731992 0.647053 0.799305 0.6981039999999999 0.7987030000000001 
0.754203 0.649098 0.539536 0.566269 0.610653 
0.45832 0.236075 0.475263 0.244695 0.407757 
0.754503 0.709495 0.814881 0.715449 0.664614 
0.54457 0.504784 0.330969 0.490296 0.579295 
0.648598 0.557835 0.708661 0.53682 0.787617 
0.717656 0.525226 0.813514 0.594911 0.596167 
0.592347 0.427146 0.6501 0.346334 0.67728 
0.620803 0.422563 0.761114 0.49952 0.520323 
0.5422670000000001 0.393997 0.66973 0.550122 0.419042 
0.655435 0.627645 0.654768 0.64491 0.438079 
0.659812 0.687774 0.760375 0.674552 0.818503 
0.306248 0.591286 0.363797 0.350933 0.513109 
0.647804 0.619548 0.688073 0.5640810000000001 0.451075 
0.540646 0.469675 0.632331 0.484048 0.345671 
0.489654 0.410842 0.346319 0.296376 0.474477 
0.7420099999999999 0.319353 0.580085 0.474396 0.501081 
0.67994 0.65545 0.559569 0.501603 0.675558 
0.333141 0.217259 0.262052 0.350412 0.316601 
0.786065 0.6478390000000001 0.589544 0.710192 0.619347 
0.629093 0.479422 0.721631 0.382326 0.63141 
0.499525 0.553172 0.398043 0.535017 0.264905 
0.33523 0.598907 0.625574 0.465317 0.565049 
0.334018 0.234694 0.21545 0.325205 0.329831 
0.586811 0.484695 0.611078 0.503978 0.755522 
0.5472050000000001 0.418695 0.411969 0.68829 0.406473 
0.423767 0.548438 0.445752 0.417103 0.287913 
0.6059909999999999 0.516005 0.46002 0.593183 0.729218 
0.241507 0.55535 0.351755 0.449225 0.411974 
0.558943 0.456623 0.323155 0.383503 0.513876 
0.728721 0.731284 0.705387 0.85685 0.7019919999999999 
0.3772 0.420657 0.370941 0.519225 0.206651 
0.419155 0.288374 0.480849 0.231065 0.354323 
0.335506 0.271223 0.499591 0.231717 0.35791 
0.534878 0.531211 0.528326 0.492567 0.7474229999999999 
0.735868 0.580118 0.783946 0.701209 0.668755 
0.476594 0.622831 0.621139 0.712483 0.642499 
0.38237 0.481236 0.39291 0.288829 0.332878 
0.36484 0.190376 0.293952 0.325491 0.220101 
0.27152 0.519584 0.556235 0.408687 0.529226 
0.479396 0.454748 0.712361 0.5484869999999999 0.660829 
0.524024 0.378048 0.646744 0.3026 0.5967170000000001 
0.565869 0.447083 0.718193 0.510186 0.450033 
0.5787099999999999 0.428108 0.363879 0.535408 0.542801 
0.688678 0.714464 0.823634 0.7176129999999999 0.77355 
0.760261 0.767811 0.813584 0.765289 0.763721 
0.812313 0.67138 0.693075 0.632807 0.644886 
0.489589 0.467142 0.493775 0.457775 0.257989 
0.427188 0.574315 0.384587 0.352616 0.585519 
0.393995 0.487675 0.718773 0.492345 0.601401 
0.474561 0.600901 0.548196 0.588516 0.773652 
0.295928 0.406247 0.277279 0.347994 0.215593 
0.497977 0.400015 0.455425 0.259884 0.5413829999999999 
0.408118 0.296585 0.500275 0.286337 0.570285 
0.77405 0.488297 0.6869769999999999 0.609507 0.438288 
0.667922 0.7326859999999999 0.64485 0.741456 0.7820279999999999 
0.547002 0.463737 0.282262 0.431016 0.391093 
0.77119 0.645217 0.801903 0.640464 0.752996 
0.2459 0.203415 0.304328 0.166727 0.289713 
0.568213 0.445625 0.550671 0.7427009999999999 0.511594 
0.796287 0.615173 0.767733 0.615489 0.7246010000000001 
0.444131 0.5405720000000001 0.295993 0.458155 0.547784 
0.383047 0.219473 0.3684 0.455426 0.301699 
0.71839 0.789596 0.64161 0.6766529999999999 0.745522 
0.403273 0.235108 0.398002 0.224191 0.39032 
0.774112 0.48821 0.735924 0.573291 0.674203 
0.552853 0.32019 0.422684 0.449511 0.538705 
0.372852 0.545498 0.264225 0.58612 0.365273 
0.308254 0.432034 0.219215 0.439976 0.281332 
0.280702 0.558346 0.300343 0.499927 0.452322 
0.285593 0.62069 0.431751 0.401271 0.476694 
0.58036 0.71628 0.609565 0.5039709999999999 0.746451 
0.603109 0.5597299999999999 0.784295 0.614523 0.65859 
0.756403 0.655865 0.553042 0.70587 0.6231100000000001 
0.765948 0.700467 0.591168 0.637188 0.6041879999999999 
0.278758 0.251251 0.457026 0.242206 0.40265 
0.454376 0.589903 0.378324 0.307918 0.491203 
0.313036 0.362933 0.444094 0.221195 0.359998 
0.476334 0.388857 0.338614 0.545027 0.209992 
0.836398 0.6728730000000001 0.743565 0.715271 0.659801 
0.496357 0.53625 0.354152 0.33204 0.43151 
0.466685 0.27039 0.581442 0.389773 0.483498 
0.521859 0.389452 0.42372 0.289792 0.517956 
0.1788 0.409481 0.38367 0.379204 0.419055 
0.403194 0.236482 0.332435 0.29077 0.183485 
0.300071 0.477569 0.603863 0.442256 0.595884 
0.49873 0.765409 0.603756 0.586148 0.625486 
0.5820419999999999 0.520042 0.747011 0.612726 0.496215 
0.193034 0.320974 0.312919 0.300611 0.294882 
0.616835 0.623298 0.36299 0.549766 0.604419 
0.435987 0.626355 0.524028 0.609305 0.327626 
0.502966 0.592381 0.657922 0.350956 0.606124 
0.305745 0.206618 0.395184 0.225813 0.330354 
0.515556 0.633078 0.553733 0.657564 0.738909 
0.344554 0.451354 0.432003 0.476176 0.642922 
0.451072 0.286842 0.386257 0.403924 0.195788 
0.502134 0.777278 0.597797 0.678418 0.608282 
0.634145 0.506711 0.606656 0.423884 0.349095 
0.319726 0.430117 0.362935 0.225498 0.507477 
0.617221 0.764281 0.55133 0.783446 0.566984 
0.484957 0.313978 0.268484 0.497058 0.283787 
0.33774 0.433306 0.666821 0.330018 0.536828 
0.664293 0.6465610000000001 0.759683 0.7026250000000001 0.586416 
0.353729 0.342732 0.303459 0.408065 0.163456 
0.487228 0.533352 0.6442020000000001 0.335695 0.631285 
0.416485 0.507127 0.393509 0.510687 0.239267 
0.361321 0.520337 0.519006 0.497433 0.680503 
0.402314 0.628401 0.586188 0.426235 0.703238 
0.348187 0.395159 0.423951 0.553632 0.505561 
0.786856 0.623548 0.6930229999999999 0.756498 0.6818 
0.5284759999999999 0.7640169999999999 0.532923 0.715024 0.557257 
0.563344 0.555782 0.7537239999999999 0.428728 0.517503 
0.484538 0.629762 0.184076 0.585297 0.352993 
0.5194220000000001 0.608891 0.307228 0.439965 0.499746 
0.202087 0.383952 0.281853 0.360909 0.29307 
0.553647 0.469486 0.422748 0.340712 0.554437 
0.218008 0.435604 0.291957 0.357537 0.501217 
0.25988 0.236133 0.206666 0.355646 0.245475 
0.426927 0.356392 0.6563870000000001 0.443791 0.588736 
0.325364 0.44277 0.248662 0.357376 0.250532 
0.251722 0.40168 0.270889 0.30816 0.241267 
0.634645 0.3898 0.477243 0.529329 0.26973 
0.302107 0.234347 0.251686 0.217977 0.312948 
0.264904 0.256559 0.388432 0.243662 0.245976 
0.573271 0.707682 0.434371 0.513338 0.440086 
0.639315 0.803548 0.703211 0.750478 0.739074 
0.3051 0.606889 0.333635 0.452871 0.512664 
0.517088 0.43963 0.471296 0.397483 0.251129 
0.439181 0.580129 0.441025 0.725313 0.485216 
0.618966 0.812387 0.651894 0.704775 0.725168 
0.267041 0.271779 0.23586 0.23489 0.205118 
0.482758 0.481965 0.6992930000000001 0.476016 0.700385 
0.47745 0.713109 0.58593 0.692802 0.539938 
0.33941 0.5662779999999999 0.625339 0.564408 0.523631 
0.340716 0.269822 0.301484 0.43888 0.235304 
0.452484 0.49531 0.410428 0.259101 0.456377 
0.640881 0.801042 0.578918 0.745698 0.666386 
0.826111 0.637647 0.757647 0.636811 0.689732 
0.463633 0.640391 0.707095 0.519916 0.624549 
0.680756 0.698749 0.627937 0.802404 0.551045 
0.38522 0.380678 0.187032 0.452656 0.277074 
0.30481 0.58648 0.558619 0.6140370000000001 0.5605329999999999 
0.429442 0.363345 0.6658539999999999 0.430906 0.615457 
0.339973 0.332556 0.360703 0.492001 0.267134 
0.540054 0.758906 0.578829 0.7533300000000001 0.6645759999999999 
0.290098 0.51653 0.248019 0.436792 0.371841 
0.384579 0.251307 0.499333 0.434042 0.405596 
0.439378 0.453243 0.634643 0.619028 0.419319 
0.569342 0.534802 0.6915249999999999 0.712392 0.5547609999999999 
0.541622 0.56159 0.562276 0.408464 0.732687 
0.499165 0.388768 0.499676 0.419113 0.676808 
0.756633 0.670468 0.65179 0.578835 0.684449 
0.279323 0.474684 0.256017 0.401314 0.300132 
0.439941 0.45234 0.352638 0.276045 0.330648 
0.240429 0.335519 0.289737 0.256728 0.220032 
0.333979 0.294605 0.193186 0.302204 0.244933 
0.357688 0.421297 0.56495 0.491372 0.353995 
0.461184 0.39734 0.397285 0.458278 0.652849 
0.769173 0.793919 0.772454 0.77259 0.831647 
0.399868 0.236364 0.35754 0.430489 0.412697 
0.644732 0.620996 0.790234 0.708192 0.696796 
0.251045 0.456977 0.364033 0.504274 0.402229 
0.731069 0.363475 0.469007 0.565643 0.398324 
0.6488930000000001 0.704245 0.412534 0.688599 0.46405 
0.513833 0.733995 0.385375 0.550496 0.595805 
0.65985 0.699637 0.602442 0.607232 0.469093 
0.280734 0.180845 0.338955 0.333867 0.259165 
0.734479 0.809585 0.672058 0.734742 0.741411 
0.706528 0.581373 0.813517 0.624491 0.634251 
0.531628 0.568537 0.591022 0.399636 0.415065 
0.450772 0.521208 0.442393 0.296789 0.415725 
0.76186 0.708491 0.830152 0.666009 0.708774 
0.790954 0.689032 0.657821 0.7090379999999999 0.726888 
0.409085 0.439351 0.373727 0.649497 0.433383 
0.684924 0.6650239999999999 0.716585 0.481564 0.707185 
0.470853 0.460381 0.423734 0.673177 0.332046 
0.56407 0.440077 0.648039 0.659655 0.631178 
0.639592 0.422123 0.600955 0.63922 0.618034 
0.469209 0.334683 0.457183 0.584767 0.507919 
0.562043 0.358059 0.5460970000000001 0.25124 0.445119 
0.524778 0.38498 0.296119 0.386338 0.449885 
0.493676 0.576821 0.562848 0.747962 0.552217 
0.458565 0.636822 0.572207 0.345811 0.622026 
0.551282 0.451213 0.615907 0.620918 0.310505 
0.254286 0.180378 0.294565 0.202924 0.227342 
0.6939340000000001 0.7506429999999999 0.554764 0.764166 0.657545 
0.6568040000000001 0.696643 0.424534 0.642128 0.558969 
0.563582 0.523295 0.628787 0.288353 0.571821 
0.427122 0.727881 0.405625 0.6213379999999999 0.49593 
0.382732 0.513011 0.436923 0.632614 0.272606 
0.623726 0.783536 0.588068 0.625709 0.771378 
0.374068 0.643114 0.562087 0.392921 0.561743 
0.489219 0.275837 0.638791 0.408039 0.456164 
0.684156 0.741497 0.5697990000000001 0.706363 0.762344 
0.539385 0.491602 0.336751 0.662162 0.5516219999999999 
0.354076 0.350899 0.229382 0.369204 0.203804 
0.379223 0.533398 0.531978 0.635555 0.654077 
0.801702 0.584985 0.640042 0.693182 0.55377 
0.665802 0.352566 0.644126 0.6196700000000001 0.521187 
0.212392 0.21967 0.227863 0.204327 0.239056 
0.551944 0.680704 0.598587 0.45241 0.74077 
0.64872 0.591527 0.454398 0.705586 0.382451 
0.274175 0.519738 0.496276 0.399942 0.387576 
0.316756 0.19695 0.367106 0.310174 0.352581 
0.559342 0.6335460000000001 0.474577 0.771907 0.486634 
0.539467 0.554218 0.689388 0.588218 0.761031 
0.622382 0.502064 0.694187 0.435831 0.767703 
0.60538 0.299557 0.572106 0.460804 0.329138 
0.489143 0.499299 0.432064 0.7580750000000001 0.474225 
0.261693 0.555311 0.358814 0.505864 0.482908 
0.632367 0.676218 0.625397 0.81641 0.59854 
0.518207 0.323094 0.346889 0.366699 0.296928 
0.684118 0.474196 0.530377 0.349405 0.497494 
0.5417149999999999 0.360418 0.45235 0.5714360000000001 0.56617 
0.6251370000000001 0.7055360000000001 0.689211 0.532458 0.583333 
0.4004 0.362142 0.50701 0.518081 0.617765 
0.5003570000000001 0.274288 0.436576 0.549905 0.360091 
0.693282 0.648802 0.526242 0.749414 0.696556 
0.660046 0.585957 0.433784 0.547222 0.653332 
0.473703 0.685777 0.626132 0.482773 0.531507 
0.482492 0.291812 0.505141 0.504702 0.515443 
0.492209 0.399254 0.384044 0.631238 0.326003 
0.416501 0.5744939999999999 0.487812 0.576133 0.721678 
0.757059 0.752286 0.6778 0.768046 0.585333 
0.553886 0.455126 0.331917 0.5566179999999999 0.227727 
0.408725 0.452034 0.297801 0.310318 0.505436 
0.59352 0.503989 0.729784 0.484838 0.747487 
0.822048 0.773819 0.71585 0.815299 0.720646 
0.620594 0.77363 0.587798 0.578198 0.649847 
0.242397 0.203058 0.256379 0.298492 0.316592 
0.702952 0.398773 0.520364 0.431719 0.36758 
0.628877 0.294283 0.529022 0.365157 0.37375 
0.65158 0.446414 0.66269 0.657417 0.6130679999999999 
0.486368 0.285557 0.533594 0.36694 0.288525 
0.732689 0.424754 0.521163 0.568851 0.354541 
0.322532 0.632826 0.389076 0.505898 0.6550820000000001 
0.686843 0.558337 0.487246 0.7279600000000001 0.602885 
0.684994 0.386787 0.700804 0.390082 0.485403 
0.703213 0.448669 0.560286 0.633504 0.618451 
0.499295 0.34296 0.629404 0.317867 0.411434 
0.539112 0.735012 0.709696 0.700041 0.675277 
0.623382 0.821569 0.621256 0.666388 0.6928569999999999 
0.614474 0.574054 0.314753 0.730892 0.523729 
0.477432 0.733142 0.475186 0.599363 0.664784 
0.265811 0.26016 0.287329 0.289899 0.184565 
0.717025 0.560903 0.662597 0.505015 0.71436 
0.540197 0.612912 0.687046 0.389808 0.564141 
0.373975 0.454953 0.6875520000000001 0.473132 0.50188 
0.310347 0.401842 0.289214 0.284723 0.245687 
0.550301 0.542049 0.677965 0.416716 0.7491409999999999 
0.514423 0.6437349999999999 0.689159 0.705839 0.695063 
0.414758 0.360872 0.514012 0.232995 0.42929 
0.393333 0.216069 0.414867 0.306785 0.22668 
0.353903 0.183063 0.293812 0.31379 0.213652 
0.610754 0.66489 0.623302 0.740908 0.732229 
0.358174 0.253382 0.287201 0.443547 0.276551 
0.314355 0.183654 0.268135 0.278869 0.289606 
0.459518 0.615623 0.57598 0.5526529999999999 0.760676 
0.551189 0.589524 0.553571 0.700357 0.375322 
0.743197 0.748906 0.82625 0.718896 0.811601 
0.543753 0.377885 0.651629 0.305876 0.458228 
0.533365 0.319559 0.592569 0.471786 0.612894 
0.485683 0.485468 0.417345 0.574153 0.661391 
0.359883 0.556206 0.540374 0.535348 0.373287 
0.398336 0.242931 0.254242 0.407119 0.248141 
0.645428 0.451669 0.458823 0.532502 0.276755 
0.392006 0.253152 0.531506 0.242669 0.466831 
0.446168 0.499556 0.349859 0.288127 0.370145 
0.47706 0.561113 0.393047 0.474284 0.675898 
0.573617 0.247699 0.490056 0.397191 0.302396 
0.476502 0.7057 0.375495 0.675504 0.614749 
0.395804 0.326933 0.267208 0.323555 0.230819 
0.584426 0.563575 0.293961 0.556514 0.500775 
0.447915 0.527678 0.5636330000000001 0.321494 0.67753 
0.452622 0.69338 0.418357 0.386104 0.481481 
0.598756 0.628568 0.336404 0.512612 0.500113 
0.219219 0.2706 0.359063 0.231581 0.299711 
0.434017 0.592695 0.210849 0.504239 0.38757 
0.308847 0.653081 0.418278 0.53618 0.614964 
0.470381 0.689569 0.574009 0.519047 0.470314 
0.306944 0.337613 0.292095 0.383713 0.479987 
0.417081 0.455851 0.397733 0.227758 0.446452 
0.257206 0.272201 0.31149 0.384839 0.292789 
0.399753 0.496768 0.591807 0.4404 0.691569 
0.731061 0.608101 0.509888 0.522021 0.553048 
0.496346 0.462061 0.68377 0.391993 0.396525 
0.254906 0.355823 0.279501 0.432841 0.432837 
0.277515 0.417289 0.212552 0.417782 0.311565 
0.3632 0.34644 0.577195 0.473163 0.570991 
0.692724 0.756307 0.538946 0.735484 0.698253 
0.609025 0.684945 0.580943 0.43216 0.584274 
0.6539779999999999 0.497884 0.408461 0.710022 0.395312 
0.498951 0.475529 0.450661 0.585385 0.223583 
0.441475 0.21261 0.467897 0.279115 0.410579 
0.737198 0.798548 0.815831 0.738819 0.78455 
0.356445 0.532891 0.291045 0.314463 0.45588 
0.588973 0.499121 0.547716 0.302407 0.5410160000000001 
0.534936 0.7675999999999999 0.513922 0.699569 0.632972 
0.758864 0.791291 0.778399 0.709715 0.8013710000000001 
0.332915 0.37246 0.406654 0.503285 0.267807 
0.326389 0.451795 0.567144 0.5348039999999999 0.54648 
0.229735 0.298312 0.317685 0.268344 0.449808 
0.385725 0.485826 0.553026 0.629494 0.440848 
0.228654 0.273323 0.344963 0.309322 0.253532 
0.659501 0.5936399999999999 0.531326 0.7390949999999999 0.670149 
0.290315 0.214803 0.372554 0.375013 0.263444 
0.32039 0.476487 0.58192 0.369601 0.600108 
0.211524 0.251742 0.2843 0.291711 0.349028 
0.293678 0.226823 0.329661 0.175149 0.265877 
0.314833 0.340834 0.286324 0.48132 0.271645 
0.253233 0.263133 0.276697 0.180748 0.246696 
0.520153 0.453311 0.653721 0.577573 0.700627 
0.570153 0.461573 0.398673 0.604546 0.255385 
0.434541 0.467701 0.230265 0.386943 0.403636 
0.341428 0.209637 0.261779 0.27747 0.355088 
0.536523 0.426224 0.500692 0.320052 0.34419 
0.322822 0.380953 0.545733 0.382709 0.5908099999999999 
0.317323 0.469843 0.307786 0.478512 0.247198 
0.196997 0.395081 0.338439 0.282855 0.334919 
0.771438 0.687828 0.604117 0.74799 0.691121 
0.5889990000000001 0.605718 0.640846 0.359386 0.624438 
0.245123 0.551266 0.400854 0.369256 0.543902 
0.614795 0.674978 0.430293 0.692657 0.660175 
0.525358 0.513394 0.264045 0.610991 0.313528 
0.455562 0.333241 0.363105 0.3273 0.216394 
0.400439 0.187343 0.404709 0.329131 0.259917 
0.361024 0.371877 0.296895 0.293755 0.22309 
0.475342 0.660758 0.648992 0.618154 0.706605 
0.272173 0.315267 0.428176 0.21142 0.33315 
0.694416 0.412674 0.590693 0.601115 0.357992 
0.6425650000000001 0.352743 0.711881 0.577149 0.5102449999999999 
0.331154 0.395688 0.293771 0.253223 0.287185 
0.362785 0.354311 0.330775 0.362057 0.548571 
0.556321 0.602006 0.71374 0.568653 0.419301 
0.654443 0.648379 0.648023 0.471348 0.735425 
0.341482 0.208774 0.40217 0.25042 0.272613 
0.6784829999999999 0.643248 0.659497 0.507511 0.745935 
0.226695 0.219924 0.314485 0.244097 0.310401 
0.724783 0.825336 0.749096 0.792301 0.761149 
0.34804 0.363768 0.5269 0.5323020000000001 0.422476 
0.61894 0.7209950000000001 0.751511 0.721469 0.746597 
0.742604 0.659467 0.5685249999999999 0.645985 0.425872 
0.7375350000000001 0.548109 0.453056 0.652286 0.446229 
0.829169 0.58751 0.706856 0.634894 0.651049 
0.597661 0.375812 0.361959 0.345438 0.443114 
0.269281 0.430343 0.511888 0.287206 0.490727 
0.678807 0.768661 0.730328 0.693219 0.8244939999999999 
0.614631 0.334309 0.638737 0.394745 0.409818 
0.27383 0.536245 0.456032 0.498578 0.605159 
0.451068 0.298145 0.519869 0.299443 0.591759 
0.57981 0.600455 0.702074 0.367927 0.604905 
0.82102 0.610472 0.746494 0.655312 0.6275770000000001 
0.342594 0.255072 0.435438 0.426723 0.447573 
0.403406 0.430549 0.389918 0.293504 0.2761 
0.649211 0.458308 0.5858989999999999 0.529439 0.703714 
0.613302 0.634903 0.484464 0.741711 0.389582 
0.248195 0.416685 0.366086 0.204612 0.451547 
0.788434 0.611614 0.6370710000000001 0.753516 0.57896 
0.399631 0.337598 0.261481 0.295844 0.424005 
0.712384 0.423877 0.703296 0.455729 0.5902849999999999 
0.335878 0.212716 0.401021 0.322313 0.263378 
0.5899529999999999 0.673741 0.480025 0.643065 0.750728 
0.731993 0.429177 0.684841 0.565798 0.383833 
0.427809 0.641362 0.445662 0.436427 0.658847 
0.370197 0.623957 0.430921 0.651535 0.388425 
0.170965 0.346734 0.352584 0.266958 0.38604 
0.564018 0.401406 0.546628 0.692053 0.414975 
0.737948 0.739466 0.808654 0.676661 0.78854 
