5
292
3.253590000000000093e-01 3.779040000000000177e-01 4.460850000000000093e-01 3.850959999999999939e-01 3.441239999999999855e-01
4.961900000000000199e-01 4.319439999999999946e-01 5.547440000000000149e-01 5.064670000000000005e-01 4.885760000000000103e-01
5.384780000000000122e-01 3.696019999999999861e-01 6.307160000000000544e-01 5.271780000000000355e-01 4.912509999999999932e-01
5.221000000000000085e-01 4.193720000000000225e-01 5.041870000000000518e-01 3.943650000000000211e-01 4.008740000000000081e-01
3.369710000000000205e-01 6.017869999999999608e-01 5.466739999999999933e-01 4.709530000000000105e-01 6.002610000000000445e-01
6.649140000000000050e-01 5.755299999999999860e-01 7.486450000000000049e-01 5.738029999999999520e-01 6.897839999999999527e-01
6.628380000000000383e-01 6.551369999999999694e-01 6.367680000000000007e-01 7.167829999999999480e-01 7.351590000000000069e-01
6.410630000000000495e-01 5.361599999999999699e-01 5.574550000000000338e-01 5.224490000000000522e-01 5.962960000000000482e-01
5.057930000000000481e-01 4.180949999999999944e-01 3.913360000000000172e-01 5.108430000000000470e-01 5.591610000000000191e-01
5.299739999999999451e-01 3.423140000000000072e-01 5.614109999999999934e-01 4.943649999999999989e-01 4.648809999999999887e-01
3.710330000000000017e-01 5.134980000000000100e-01 4.343449999999999811e-01 5.243320000000000203e-01 5.945259999999999989e-01
3.956489999999999729e-01 3.877039999999999931e-01 3.616659999999999875e-01 4.947949999999999848e-01 3.525800000000000045e-01
3.369349999999999845e-01 5.070000000000000062e-01 3.932080000000000020e-01 5.108260000000000023e-01 4.517650000000000277e-01
3.421089999999999964e-01 4.436289999999999956e-01 3.971950000000000203e-01 4.238239999999999785e-01 4.575589999999999935e-01
6.682529999999999859e-01 6.734999999999999876e-01 6.878729999999999567e-01 6.129109999999999836e-01 5.369570000000000176e-01
5.923730000000000384e-01 6.182480000000000198e-01 5.148660000000000458e-01 7.119469999999999965e-01 5.525050000000000239e-01
5.232329999999999481e-01 6.333889999999999798e-01 6.175580000000000513e-01 5.741380000000000372e-01 7.510539999999999994e-01
6.331280000000000241e-01 6.563860000000000250e-01 5.343959999999999821e-01 6.476030000000000397e-01 5.590119999999999534e-01
6.526380000000000514e-01 4.490450000000000275e-01 6.370559999999999556e-01 5.149880000000000013e-01 5.718590000000000062e-01
5.335010000000000030e-01 5.593059999999999699e-01 5.703329999999999789e-01 5.720180000000000264e-01 5.034610000000000474e-01
4.078510000000000191e-01 5.364750000000000352e-01 5.214959999999999596e-01 4.676139999999999741e-01 4.733930000000000082e-01
5.475929999999999964e-01 5.321310000000000207e-01 5.668800000000000505e-01 5.490709999999999757e-01 3.533459999999999934e-01
4.800659999999999927e-01 5.784299999999999997e-01 5.047840000000000105e-01 6.539580000000000393e-01 6.174389999999999601e-01
6.981359999999999788e-01 5.052539999999999809e-01 6.006390000000000340e-01 6.898859999999999992e-01 6.113459999999999450e-01
5.143980000000000219e-01 6.430320000000000480e-01 5.270299999999999985e-01 4.921510000000000051e-01 5.823239999999999528e-01
5.202790000000000470e-01 7.087040000000000006e-01 5.809290000000000287e-01 6.577429999999999666e-01 6.875879999999999770e-01
4.300550000000000206e-01 6.204420000000000490e-01 5.121120000000000116e-01 5.308960000000000345e-01 5.495640000000000525e-01
4.377710000000000212e-01 6.068000000000000060e-01 5.174910000000000343e-01 4.482550000000000145e-01 5.157519999999999882e-01
5.580650000000000333e-01 3.802150000000000252e-01 5.368490000000000206e-01 4.743859999999999744e-01 4.394600000000000173e-01
6.261309999999999931e-01 4.500140000000000251e-01 5.780020000000000158e-01 6.465020000000000211e-01 5.048300000000000010e-01
7.608859999999999513e-01 6.690340000000000176e-01 6.350740000000000274e-01 7.092359999999999776e-01 6.628659999999999553e-01
7.474690000000000500e-01 7.533790000000000209e-01 7.458129999999999482e-01 7.172570000000000334e-01 7.490520000000000511e-01
6.290759999999999685e-01 6.726950000000000429e-01 7.506239999999999579e-01 6.125089999999999701e-01 6.853050000000000530e-01
3.890640000000000209e-01 3.320420000000000038e-01 3.205879999999999841e-01 4.308839999999999892e-01 2.508130000000000082e-01
5.904080000000000439e-01 4.123290000000000011e-01 4.656009999999999871e-01 4.832810000000000161e-01 5.557170000000000165e-01
4.949609999999999843e-01 6.077230000000000132e-01 6.598880000000000301e-01 5.265180000000000415e-01 4.972889999999999810e-01
5.254510000000000014e-01 5.918809999999999905e-01 6.179139999999999633e-01 5.791600000000000081e-01 6.162800000000000500e-01
5.027559999999999807e-01 5.117279999999999607e-01 4.802100000000000257e-01 3.638210000000000055e-01 6.247000000000000330e-01
7.250940000000000163e-01 6.850570000000000270e-01 7.404800000000000271e-01 6.533719999999999528e-01 7.186669999999999447e-01
5.194750000000000201e-01 6.109280000000000266e-01 4.927000000000000268e-01 6.932110000000000216e-01 5.456619999999999804e-01
6.101330000000000364e-01 5.551800000000000068e-01 3.848639999999999839e-01 6.374049999999999994e-01 5.541509999999999492e-01
3.960460000000000091e-01 5.830520000000000147e-01 3.966549999999999798e-01 3.532239999999999824e-01 4.949000000000000066e-01
5.563109999999999999e-01 4.705019999999999758e-01 6.205869999999999997e-01 5.384250000000000425e-01 6.738730000000000553e-01
5.812739999999999574e-01 7.083880000000000177e-01 4.715579999999999772e-01 6.123239999999999794e-01 6.464259999999999451e-01
5.406210000000000182e-01 5.231559999999999544e-01 6.344419999999999504e-01 4.940379999999999772e-01 6.500690000000000079e-01
4.055440000000000156e-01 4.832750000000000101e-01 3.470920000000000116e-01 5.300669999999999549e-01 4.711569999999999925e-01
4.407800000000000051e-01 5.618640000000000301e-01 4.976200000000000068e-01 4.752199999999999758e-01 6.149909999999999544e-01
3.320679999999999743e-01 3.739359999999999906e-01 3.920290000000000163e-01 4.791710000000000136e-01 4.247819999999999929e-01
5.681490000000000151e-01 4.900329999999999964e-01 6.288420000000000121e-01 4.369859999999999856e-01 6.706950000000000411e-01
4.240519999999999845e-01 4.095829999999999749e-01 3.053199999999999803e-01 4.287329999999999752e-01 3.171849999999999947e-01
7.238489999999999647e-01 5.772890000000000521e-01 6.590970000000000439e-01 7.116360000000000463e-01 5.524999999999999911e-01
4.027410000000000156e-01 3.749560000000000115e-01 4.242549999999999932e-01 3.405099999999999794e-01 4.461129999999999818e-01
4.976300000000000168e-01 5.488659999999999650e-01 4.721319999999999961e-01 6.341719999999999580e-01 4.409000000000000141e-01
6.718509999999999760e-01 6.632850000000000135e-01 6.139419999999999877e-01 6.851479999999999793e-01 6.841190000000000326e-01
4.362889999999999824e-01 4.785449999999999982e-01 5.526499999999999746e-01 3.262570000000000192e-01 6.035420000000000229e-01
5.419410000000000061e-01 7.278999999999999915e-01 5.516860000000000097e-01 6.095329999999999915e-01 6.780279999999999641e-01
6.205150000000000388e-01 4.710920000000000107e-01 5.240280000000000493e-01 5.354130000000000278e-01 5.116000000000000547e-01
4.174640000000000017e-01 4.286610000000000142e-01 5.550890000000000546e-01 5.456720000000000459e-01 5.297690000000000454e-01
5.572899999999999521e-01 5.642779999999999463e-01 6.354159999999999808e-01 5.891199999999999770e-01 7.416779999999999484e-01
5.796869999999999523e-01 5.530429999999999513e-01 7.280870000000000397e-01 5.218380000000000241e-01 6.429909999999999792e-01
6.218709999999999516e-01 4.886019999999999808e-01 6.242609999999999548e-01 4.646589999999999887e-01 5.391709999999999559e-01
5.431040000000000312e-01 5.842220000000000191e-01 4.756799999999999917e-01 6.104810000000000514e-01 4.590620000000000256e-01
6.385969999999999702e-01 6.698979999999999935e-01 6.752139999999999809e-01 6.686530000000000529e-01 6.903380000000000072e-01
3.577230000000000132e-01 4.166850000000000276e-01 3.580409999999999981e-01 4.442510000000000070e-01 4.468050000000000077e-01
5.081539999999999946e-01 5.536809999999999787e-01 5.390850000000000364e-01 4.211500000000000243e-01 6.121060000000000390e-01
4.369310000000000138e-01 5.036800000000000166e-01 4.908379999999999965e-01 6.186180000000000012e-01 5.634120000000000239e-01
5.987339999999999884e-01 6.244729999999999448e-01 6.540559999999999707e-01 5.616860000000000186e-01 5.865350000000000286e-01
7.225679999999999881e-01 6.866409999999999458e-01 7.737349999999999506e-01 6.424800000000000511e-01 6.600949999999999873e-01
5.014619999999999633e-01 5.796299999999999786e-01 4.237440000000000095e-01 4.463469999999999938e-01 6.136300000000000088e-01
2.877160000000000273e-01 4.671529999999999849e-01 3.993260000000000143e-01 3.405920000000000059e-01 4.498739999999999961e-01
3.453249999999999931e-01 4.263430000000000275e-01 3.964929999999999843e-01 3.089430000000000232e-01 4.649760000000000004e-01
5.157909999999999995e-01 5.236560000000000104e-01 5.284250000000000336e-01 4.899939999999999851e-01 6.833580000000000210e-01
3.741720000000000046e-01 4.290459999999999829e-01 4.834459999999999869e-01 4.051589999999999914e-01 4.075949999999999851e-01
5.092079999999999940e-01 4.308089999999999975e-01 5.007009999999999517e-01 5.943950000000000067e-01 3.297950000000000048e-01
5.296089999999999964e-01 5.901159999999999739e-01 6.902540000000000342e-01 5.216410000000000213e-01 6.638960000000000417e-01
6.991739999999999622e-01 6.948239999999999972e-01 7.574689999999999479e-01 6.963260000000000005e-01 6.346659999999999524e-01
6.375819999999999821e-01 5.715320000000000400e-01 5.625520000000000520e-01 6.227559999999999762e-01 6.842719999999999914e-01
3.812070000000000181e-01 5.134349999999999747e-01 3.650019999999999931e-01 3.225319999999999854e-01 4.760199999999999987e-01
6.154979999999999896e-01 5.240350000000000286e-01 5.549429999999999641e-01 6.564780000000000060e-01 6.358080000000000398e-01
6.477889999999999482e-01 5.485200000000000076e-01 6.471590000000000398e-01 5.056410000000000071e-01 6.566929999999999712e-01
6.602069999999999883e-01 5.417889999999999651e-01 6.478730000000000322e-01 4.567749999999999866e-01 5.693369999999999820e-01
6.138400000000000523e-01 4.483509999999999995e-01 5.020189999999999930e-01 6.056319999999999482e-01 3.780519999999999992e-01
3.752659999999999885e-01 4.179840000000000222e-01 4.630819999999999936e-01 4.154749999999999832e-01 5.370530000000000026e-01
5.537640000000000340e-01 6.744909999999999517e-01 6.225829999999999975e-01 6.828089999999999993e-01 7.064620000000000344e-01
6.382240000000000135e-01 5.732739999999999503e-01 5.610720000000000152e-01 6.213149999999999507e-01 4.574389999999999845e-01
5.994030000000000191e-01 4.434420000000000028e-01 5.956259999999999888e-01 5.644369999999999665e-01 6.624879999999999658e-01
5.828419999999999712e-01 6.351729999999999876e-01 7.507610000000000117e-01 5.285600000000000298e-01 6.782610000000000028e-01
4.462110000000000243e-01 4.159180000000000099e-01 4.371349999999999958e-01 3.850919999999999899e-01 3.650590000000000224e-01
5.565470000000000139e-01 6.073209999999999997e-01 5.642580000000000373e-01 6.214939999999999909e-01 4.697950000000000181e-01
4.883580000000000143e-01 4.482430000000000025e-01 5.183520000000000350e-01 4.577370000000000050e-01 3.613129999999999953e-01
4.667549999999999755e-01 6.831019999999999870e-01 4.491870000000000029e-01 5.387990000000000279e-01 5.582329999999999792e-01
4.460540000000000060e-01 5.405130000000000212e-01 4.518769999999999731e-01 6.154809999999999448e-01 3.959480000000000222e-01
5.037679999999999936e-01 6.124829999999999997e-01 4.127879999999999883e-01 5.606980000000000297e-01 4.700610000000000066e-01
4.804160000000000097e-01 4.199100000000000055e-01 4.601970000000000227e-01 4.766389999999999794e-01 4.078869999999999996e-01
3.384820000000000051e-01 2.791739999999999777e-01 3.971290000000000098e-01 3.242419999999999747e-01 3.055559999999999943e-01
4.343029999999999946e-01 4.616709999999999980e-01 2.985470000000000068e-01 4.293199999999999794e-01 3.456040000000000223e-01
4.068499999999999894e-01 4.680449999999999888e-01 3.325859999999999927e-01 3.422549999999999759e-01 3.214330000000000243e-01
4.956579999999999875e-01 3.440400000000000125e-01 3.287769999999999859e-01 4.930300000000000238e-01 3.438640000000000030e-01
7.307099999999999707e-01 5.310610000000000053e-01 6.685410000000000519e-01 5.863829999999999876e-01 6.152269999999999683e-01
5.440909999999999913e-01 3.954630000000000090e-01 4.055840000000000001e-01 4.894899999999999807e-01 4.505120000000000235e-01
4.891280000000000072e-01 5.542310000000000292e-01 3.703040000000000220e-01 4.774510000000000143e-01 5.914190000000000280e-01
6.641010000000000524e-01 6.668269999999999476e-01 6.522259999999999724e-01 6.580989999999999895e-01 5.798370000000000468e-01
6.229850000000000110e-01 6.864479999999999471e-01 4.675590000000000024e-01 6.261240000000000139e-01 6.057989999999999764e-01
4.852480000000000127e-01 5.731129999999999836e-01 5.867569999999999730e-01 6.523919999999999719e-01 4.728609999999999758e-01
4.264890000000000070e-01 6.033209999999999962e-01 5.276969999999999716e-01 5.276319999999999899e-01 4.424190000000000067e-01
6.376800000000000246e-01 6.532489999999999686e-01 6.859509999999999774e-01 6.266140000000000043e-01 6.339399999999999480e-01
4.782899999999999929e-01 5.479500000000000481e-01 4.421289999999999942e-01 6.592270000000000074e-01 5.611810000000000409e-01
6.336939999999999795e-01 6.255410000000000137e-01 6.549080000000000457e-01 5.325509999999999966e-01 6.073429999999999662e-01
4.759939999999999727e-01 4.453739999999999921e-01 4.958449999999999802e-01 2.798379999999999757e-01 3.961109999999999909e-01
5.122170000000000334e-01 6.112109999999999488e-01 4.333239999999999870e-01 5.449000000000000510e-01 4.661969999999999725e-01
4.724369999999999958e-01 3.175250000000000017e-01 3.868880000000000097e-01 3.280420000000000003e-01 3.214099999999999735e-01
3.973869999999999902e-01 4.183609999999999829e-01 5.037909999999999888e-01 2.918279999999999763e-01 4.008169999999999789e-01
6.481900000000000439e-01 7.033490000000000020e-01 5.832429999999999559e-01 6.763609999999999900e-01 6.012600000000000167e-01
4.624699999999999922e-01 4.353330000000000255e-01 4.505970000000000253e-01 4.211230000000000251e-01 4.608269999999999866e-01
4.743769999999999931e-01 6.374570000000000514e-01 6.015970000000000484e-01 5.460190000000000321e-01 5.570760000000000156e-01
5.995040000000000369e-01 5.516109999999999625e-01 5.868219999999999548e-01 6.950450000000000239e-01 5.799969999999999848e-01
6.426560000000000050e-01 4.674470000000000014e-01 6.617250000000000076e-01 4.948560000000000181e-01 5.348260000000000236e-01
3.360870000000000246e-01 3.580439999999999734e-01 3.066659999999999942e-01 3.652400000000000091e-01 2.863149999999999862e-01
5.476100000000000412e-01 6.067960000000000020e-01 4.221190000000000220e-01 5.721309999999999452e-01 5.313679999999999515e-01
5.749800000000000466e-01 5.234910000000000396e-01 6.933040000000000314e-01 5.190879999999999939e-01 4.658559999999999923e-01
5.244280000000000053e-01 4.522320000000000229e-01 4.199890000000000012e-01 3.536759999999999904e-01 4.496100000000000096e-01
6.481019999999999559e-01 4.306079999999999908e-01 4.825860000000000150e-01 4.544400000000000106e-01 5.025990000000000180e-01
6.101149999999999629e-01 6.395899999999999919e-01 5.575579999999999981e-01 5.144480000000000164e-01 4.940289999999999959e-01
3.702050000000000063e-01 5.915359999999999507e-01 3.390020000000000255e-01 5.161459999999999937e-01 5.246079999999999632e-01
4.682790000000000008e-01 5.662049999999999583e-01 4.412650000000000183e-01 4.693479999999999874e-01 3.956779999999999742e-01
6.656819999999999959e-01 5.894190000000000262e-01 5.135129999999999972e-01 6.018289999999999473e-01 6.121720000000000494e-01
6.410209999999999519e-01 5.738739999999999952e-01 6.317220000000000057e-01 6.619610000000000216e-01 6.335370000000000168e-01
6.681660000000000377e-01 4.705699999999999883e-01 5.899219999999999464e-01 6.751899999999999569e-01 5.248080000000000522e-01
3.262340000000000240e-01 5.452270000000000172e-01 4.094389999999999974e-01 3.824600000000000222e-01 4.335669999999999802e-01
6.318190000000000195e-01 5.330589999999999495e-01 5.274609999999999577e-01 6.135380000000000278e-01 3.685329999999999995e-01
3.404079999999999884e-01 5.157350000000000545e-01 3.504559999999999897e-01 4.562209999999999877e-01 4.549059999999999770e-01
6.242360000000000131e-01 4.572320000000000273e-01 5.299490000000000034e-01 5.479779999999999651e-01 3.784290000000000154e-01
3.827590000000000159e-01 5.817020000000000524e-01 5.252820000000000267e-01 5.174680000000000391e-01 5.808780000000000054e-01
6.442860000000000253e-01 6.905179999999999652e-01 7.101690000000000502e-01 6.561050000000000493e-01 7.383199999999999763e-01
5.670699999999999630e-01 6.149809999999999999e-01 7.089649999999999563e-01 6.147059999999999746e-01 6.629340000000000233e-01
4.717580000000000107e-01 6.549650000000000194e-01 4.898830000000000129e-01 6.120579999999999909e-01 5.198760000000000048e-01
5.041560000000000485e-01 5.975939999999999586e-01 5.732120000000000548e-01 4.192049999999999943e-01 6.196960000000000246e-01
5.340899999999999537e-01 7.429620000000000113e-01 5.834300000000000042e-01 5.993829999999999991e-01 7.371929999999999872e-01
3.915759999999999796e-01 3.156180000000000097e-01 4.104380000000000250e-01 4.036799999999999833e-01 3.336850000000000094e-01
5.032360000000000166e-01 6.899450000000000305e-01 5.316589999999999927e-01 5.536140000000000505e-01 7.036660000000000137e-01
3.513970000000000149e-01 4.653880000000000239e-01 4.570060000000000233e-01 2.961739999999999928e-01 5.598070000000000546e-01
2.368530000000000080e-01 3.940710000000000046e-01 2.638409999999999922e-01 3.014209999999999945e-01 3.405469999999999886e-01
4.774780000000000135e-01 4.421519999999999895e-01 3.587429999999999786e-01 5.012149999999999661e-01 3.036920000000000175e-01
6.496579999999999577e-01 6.392649999999999721e-01 5.876679999999999682e-01 7.001549999999999718e-01 5.826390000000000180e-01
6.600139999999999896e-01 7.093329999999999913e-01 5.473719999999999697e-01 6.727330000000000254e-01 5.285609999999999475e-01
5.128540000000000321e-01 6.915409999999999613e-01 6.149689999999999879e-01 5.590190000000000436e-01 6.494349999999999845e-01
7.525950000000000140e-01 6.530190000000000161e-01 7.106609999999999872e-01 7.427019999999999733e-01 6.804360000000000408e-01
4.579259999999999997e-01 5.950999999999999623e-01 5.836959999999999926e-01 4.585980000000000056e-01 4.710570000000000035e-01
6.338850000000000318e-01 4.062769999999999992e-01 4.708959999999999813e-01 5.523379999999999956e-01 4.663910000000000000e-01
6.622850000000000126e-01 6.685100000000000486e-01 6.714820000000000233e-01 7.426880000000000148e-01 6.855520000000000502e-01
4.264839999999999742e-01 3.578210000000000002e-01 3.612549999999999928e-01 4.796520000000000228e-01 4.618929999999999980e-01
6.160170000000000368e-01 5.986900000000000555e-01 6.547500000000000542e-01 6.335140000000000216e-01 5.965859999999999497e-01
6.976609999999999756e-01 6.525440000000000129e-01 6.684489999999999599e-01 5.966749999999999554e-01 6.754440000000000444e-01
5.960860000000000047e-01 7.154009999999999536e-01 5.062959999999999683e-01 5.835789999999999589e-01 5.912479999999999958e-01
3.362950000000000106e-01 6.022140000000000271e-01 4.438750000000000195e-01 4.004940000000000166e-01 5.437929999999999708e-01
2.935389999999999944e-01 3.068560000000000176e-01 3.082349999999999812e-01 2.431010000000000115e-01 2.738920000000000243e-01
4.199620000000000020e-01 5.373109999999999831e-01 5.295210000000000194e-01 5.555109999999999770e-01 6.588469999999999605e-01
6.114640000000000075e-01 6.274690000000000545e-01 6.308960000000000123e-01 7.111760000000000304e-01 6.111649999999999583e-01
5.544270000000000032e-01 6.797440000000000149e-01 6.642419999999999991e-01 5.337349999999999595e-01 5.769060000000000299e-01
5.444329999999999448e-01 4.189890000000000003e-01 6.530589999999999451e-01 4.762080000000000202e-01 6.753179999999999739e-01
5.829349999999999810e-01 4.280809999999999893e-01 4.018140000000000045e-01 5.588140000000000329e-01 4.773870000000000058e-01
4.029309999999999836e-01 3.637779999999999903e-01 4.933670000000000000e-01 3.441670000000000007e-01 3.202439999999999731e-01
7.235080000000000400e-01 5.891779999999999795e-01 6.276669999999999749e-01 5.702700000000000546e-01 5.736379999999999812e-01
4.953870000000000218e-01 5.020940000000000403e-01 3.581329999999999791e-01 5.082569999999999588e-01 5.366100000000000314e-01
6.658770000000000522e-01 5.701570000000000249e-01 5.923129999999999784e-01 5.760990000000000277e-01 6.535279999999999978e-01
4.963989999999999791e-01 5.212579999999999991e-01 4.121839999999999948e-01 5.238439999999999763e-01 4.568030000000000146e-01
5.144069999999999476e-01 6.218909999999999716e-01 5.765479999999999494e-01 4.683620000000000005e-01 6.838619999999999699e-01
6.189489999999999714e-01 6.692299999999999915e-01 6.312940000000000218e-01 5.500420000000000309e-01 5.715750000000000552e-01
7.236150000000000082e-01 7.637760000000000105e-01 7.186280000000000445e-01 7.549700000000000299e-01 7.027649999999999730e-01
4.395240000000000258e-01 3.583049999999999846e-01 4.950100000000000056e-01 3.344210000000000238e-01 4.787460000000000049e-01
3.763170000000000126e-01 4.439799999999999858e-01 3.721329999999999916e-01 5.056140000000000079e-01 3.980110000000000037e-01
6.437720000000000109e-01 6.891260000000000163e-01 6.164269999999999472e-01 6.949279999999999902e-01 5.921929999999999694e-01
4.838569999999999816e-01 3.897649999999999726e-01 4.716480000000000117e-01 3.741740000000000066e-01 5.233550000000000146e-01
4.231610000000000094e-01 5.731469999999999620e-01 3.754310000000000147e-01 5.248819999999999597e-01 4.086000000000000187e-01
6.721449999999999925e-01 5.151050000000000351e-01 5.979269999999999863e-01 5.375330000000000386e-01 6.475610000000000532e-01
3.950870000000000215e-01 2.825449999999999906e-01 3.560860000000000136e-01 3.501750000000000140e-01 3.213659999999999850e-01
4.574170000000000180e-01 4.355299999999999727e-01 6.107629999999999448e-01 4.291340000000000154e-01 5.362369999999999637e-01
3.762229999999999741e-01 3.796510000000000162e-01 3.696720000000000006e-01 3.886439999999999895e-01 4.714679999999999982e-01
5.946649999999999991e-01 6.452700000000000102e-01 4.722180000000000266e-01 6.498990000000000045e-01 5.288399999999999768e-01
5.656569999999999654e-01 6.040959999999999663e-01 6.009670000000000289e-01 6.342290000000000427e-01 6.426460000000000505e-01
5.373280000000000278e-01 6.046690000000000120e-01 5.161400000000000432e-01 6.117359999999999465e-01 5.641929999999999445e-01
5.834190000000000209e-01 5.691530000000000200e-01 4.772140000000000271e-01 5.402360000000000495e-01 6.681970000000000409e-01
6.053720000000000212e-01 5.394879999999999676e-01 5.936120000000000285e-01 3.949779999999999958e-01 5.930429999999999868e-01
5.290510000000000490e-01 5.160109999999999975e-01 5.051820000000000199e-01 5.290380000000000082e-01 3.314139999999999864e-01
4.486890000000000045e-01 4.876139999999999919e-01 4.552379999999999760e-01 5.284689999999999666e-01 5.183429999999999982e-01
5.980100000000000415e-01 6.404729999999999590e-01 6.455250000000000155e-01 6.577979999999999938e-01 5.888079999999999981e-01
4.466399999999999815e-01 4.858279999999999821e-01 6.062650000000000539e-01 5.785029999999999895e-01 5.082470000000000043e-01
3.525369999999999893e-01 5.068989999999999885e-01 4.119689999999999741e-01 5.792629999999999724e-01 4.398819999999999952e-01
4.781590000000000007e-01 3.721729999999999761e-01 4.501269999999999993e-01 5.276370000000000227e-01 3.756809999999999872e-01
4.843230000000000035e-01 4.696420000000000039e-01 5.012969999999999926e-01 4.659769999999999746e-01 3.540539999999999798e-01
5.522460000000000147e-01 3.916109999999999869e-01 4.425270000000000037e-01 5.149470000000000436e-01 4.122979999999999978e-01
6.585630000000000095e-01 5.189679999999999849e-01 5.711680000000000090e-01 5.970159999999999911e-01 6.202959999999999585e-01
3.343619999999999925e-01 2.618119999999999892e-01 3.832909999999999928e-01 3.428919999999999746e-01 3.268820000000000059e-01
4.519440000000000124e-01 6.623130000000000406e-01 5.197159999999999558e-01 4.379489999999999772e-01 6.201579999999999870e-01
3.346850000000000103e-01 3.811899999999999733e-01 3.120040000000000036e-01 4.264800000000000257e-01 2.938359999999999861e-01
6.308019999999999738e-01 4.944120000000000181e-01 5.045190000000000508e-01 5.286790000000000100e-01 3.966830000000000078e-01
6.583189999999999875e-01 5.502700000000000369e-01 5.878590000000000204e-01 5.160799999999999832e-01 5.377709999999999990e-01
6.150269999999999904e-01 6.693970000000000198e-01 5.304940000000000211e-01 6.275380000000000402e-01 6.534180000000000543e-01
5.814300000000000024e-01 5.736609999999999765e-01 5.145950000000000246e-01 4.305590000000000250e-01 5.660060000000000091e-01
4.692890000000000117e-01 4.514759999999999884e-01 5.994390000000000551e-01 2.910039999999999849e-01 5.464200000000000168e-01
6.402729999999999810e-01 6.166719999999999979e-01 6.627229999999999510e-01 6.512419999999999876e-01 6.531940000000000524e-01
4.376900000000000235e-01 3.356020000000000114e-01 4.402639999999999887e-01 3.593589999999999840e-01 4.882900000000000018e-01
7.194460000000000299e-01 7.466490000000000071e-01 6.964580000000000215e-01 7.193789999999999907e-01 7.467960000000000154e-01
5.584909999999999597e-01 5.845219999999999860e-01 6.292980000000000240e-01 5.990360000000000129e-01 5.828379999999999672e-01
2.924160000000000093e-01 3.796109999999999762e-01 3.827929999999999944e-01 3.079040000000000110e-01 3.537719999999999754e-01
5.313130000000000353e-01 6.156129999999999658e-01 6.241069999999999673e-01 6.120029999999999637e-01 5.618180000000000396e-01
4.250659999999999994e-01 6.042410000000000281e-01 4.586910000000000154e-01 5.397300000000000431e-01 6.032180000000000319e-01
4.778910000000000102e-01 6.271849999999999925e-01 6.046139999999999848e-01 4.752410000000000245e-01 6.240459999999999896e-01
4.915860000000000229e-01 5.757780000000000120e-01 5.743430000000000479e-01 6.470329999999999693e-01 5.594400000000000484e-01
4.684670000000000223e-01 5.703869999999999774e-01 5.142200000000000104e-01 6.758690000000000531e-01 6.011039999999999717e-01
6.025909999999999878e-01 4.582919999999999772e-01 5.426739999999999897e-01 6.050969999999999960e-01 4.328549999999999898e-01
4.301809999999999801e-01 5.261259999999999826e-01 4.482880000000000198e-01 4.829010000000000247e-01 4.753569999999999740e-01
4.645349999999999757e-01 4.172429999999999750e-01 3.708310000000000217e-01 5.387650000000000494e-01 5.281339999999999923e-01
6.588310000000000555e-01 5.663409999999999833e-01 6.036550000000000527e-01 5.354079999999999950e-01 6.235450000000000159e-01
5.602829999999999755e-01 5.267669999999999852e-01 4.961720000000000019e-01 6.005650000000000155e-01 6.522099999999999564e-01
5.934530000000000083e-01 7.059339999999999504e-01 7.166519999999999557e-01 5.440390000000000503e-01 6.909119999999999706e-01
6.435490000000000377e-01 5.675900000000000389e-01 6.062840000000000451e-01 5.453409999999999647e-01 5.215109999999999468e-01
4.142879999999999896e-01 4.589039999999999786e-01 3.986779999999999768e-01 3.553339999999999832e-01 3.278809999999999780e-01
4.366220000000000101e-01 5.019369999999999665e-01 4.907880000000000020e-01 5.649600000000000177e-01 5.865080000000000293e-01
5.632639999999999869e-01 3.484110000000000262e-01 4.585330000000000239e-01 3.979860000000000064e-01 4.309549999999999770e-01
5.183039999999999869e-01 6.106589999999999518e-01 3.854500000000000148e-01 5.509779999999999678e-01 5.818069999999999631e-01
6.277040000000000397e-01 6.053589999999999804e-01 6.134749999999999925e-01 6.303149999999999586e-01 6.518040000000000500e-01
6.447310000000000541e-01 5.285100000000000353e-01 4.572519999999999918e-01 5.611580000000000457e-01 6.116380000000000150e-01
4.982690000000000174e-01 5.488349999999999618e-01 4.573659999999999948e-01 6.605480000000000240e-01 6.036439999999999584e-01
4.550679999999999725e-01 4.207000000000000184e-01 4.361530000000000129e-01 5.020740000000000203e-01 3.251939999999999831e-01
5.454029999999999712e-01 4.929569999999999785e-01 5.473850000000000104e-01 5.899729999999999697e-01 6.794459999999999944e-01
5.290000000000000258e-01 6.712719999999999798e-01 4.550609999999999933e-01 6.700230000000000352e-01 5.469739999999999602e-01
6.689650000000000318e-01 6.027069999999999927e-01 7.011129999999999862e-01 6.259599999999999609e-01 6.030170000000000252e-01
4.467280000000000140e-01 5.031639999999999446e-01 4.432050000000000156e-01 3.167079999999999895e-01 4.829019999999999979e-01
5.367319999999999869e-01 6.293330000000000313e-01 5.398659999999999570e-01 5.407140000000000279e-01 4.752819999999999823e-01
4.886360000000000148e-01 4.636179999999999746e-01 4.034719999999999973e-01 3.607259999999999911e-01 3.499030000000000196e-01
3.671800000000000064e-01 3.299230000000000218e-01 3.937209999999999877e-01 4.430660000000000154e-01 4.332289999999999752e-01
4.633889999999999953e-01 4.563559999999999839e-01 4.972650000000000126e-01 5.303069999999999729e-01 4.741090000000000027e-01
5.267589999999999772e-01 5.167509999999999604e-01 4.378580000000000250e-01 5.507520000000000193e-01 5.850959999999999495e-01
5.249260000000000037e-01 4.938400000000000012e-01 4.273069999999999924e-01 4.656179999999999763e-01 5.003109999999999502e-01
4.942949999999999844e-01 4.106449999999999823e-01 4.795309999999999850e-01 4.083359999999999768e-01 4.825380000000000225e-01
6.244849999999999568e-01 4.999069999999999903e-01 5.639560000000000128e-01 4.461589999999999723e-01 5.837440000000000406e-01
6.548159999999999537e-01 5.569159999999999666e-01 6.257800000000000029e-01 6.673930000000000140e-01 5.438840000000000341e-01
7.468280000000000474e-01 7.416249999999999787e-01 7.308940000000000436e-01 6.931420000000000359e-01 6.968480000000000230e-01
7.168539999999999912e-01 6.271799999999999597e-01 6.838570000000000482e-01 6.653780000000000250e-01 6.284619999999999651e-01
4.749680000000000013e-01 3.758179999999999854e-01 4.454859999999999931e-01 4.127689999999999970e-01 4.811079999999999801e-01
4.175690000000000235e-01 3.060800000000000187e-01 4.799309999999999965e-01 3.987249999999999961e-01 4.551209999999999978e-01
4.115659999999999874e-01 5.867109999999999825e-01 5.553890000000000216e-01 5.873629999999999685e-01 5.942720000000000224e-01
5.428030000000000355e-01 6.162520000000000220e-01 6.203229999999999578e-01 6.110950000000000548e-01 5.255739999999999856e-01
5.684569999999999901e-01 6.201510000000000078e-01 6.016270000000000229e-01 4.349970000000000225e-01 5.748020000000000351e-01
7.514319999999999888e-01 7.525399999999999867e-01 7.758829999999999893e-01 7.270999999999999686e-01 7.405279999999999641e-01
3.618520000000000070e-01 4.926599999999999868e-01 3.343119999999999981e-01 4.418650000000000078e-01 5.579669999999999908e-01
6.893939999999999513e-01 7.226099999999999746e-01 7.406190000000000273e-01 7.193330000000000002e-01 7.548230000000000217e-01
4.652810000000000001e-01 5.738330000000000375e-01 3.934909999999999797e-01 4.918250000000000122e-01 4.399759999999999782e-01
4.394399999999999973e-01 3.932689999999999797e-01 3.748580000000000245e-01 4.040279999999999982e-01 4.170459999999999723e-01
6.488239999999999563e-01 6.753230000000000066e-01 5.128599999999999826e-01 5.827010000000000245e-01 6.426100000000000145e-01
6.901070000000000260e-01 5.678440000000000154e-01 6.195019999999999971e-01 5.741260000000000252e-01 6.057200000000000362e-01
3.480300000000000060e-01 5.340759999999999952e-01 3.853980000000000183e-01 5.258730000000000349e-01 5.321709999999999496e-01
4.019869999999999832e-01 3.387089999999999823e-01 2.931369999999999809e-01 3.917579999999999951e-01 3.697559999999999736e-01
4.043039999999999967e-01 6.120069999999999677e-01 4.889910000000000090e-01 4.475689999999999946e-01 6.386420000000000430e-01
4.854979999999999851e-01 5.740720000000000267e-01 6.655299999999999550e-01 4.382449999999999957e-01 5.930309999999999748e-01
6.086719999999999908e-01 6.600580000000000336e-01 6.808990000000000320e-01 4.654039999999999844e-01 5.632540000000000324e-01
3.605679999999999996e-01 3.381859999999999866e-01 5.033320000000000016e-01 4.073189999999999866e-01 4.428159999999999874e-01
5.036030000000000229e-01 6.155380000000000296e-01 4.907469999999999888e-01 6.350440000000000529e-01 5.439760000000000151e-01
6.549220000000000041e-01 5.414609999999999701e-01 4.746810000000000196e-01 6.018019999999999481e-01 5.848250000000000393e-01
3.764719999999999733e-01 5.643519999999999648e-01 4.550089999999999968e-01 6.055890000000000439e-01 5.285320000000000018e-01
5.590950000000000086e-01 4.954450000000000243e-01 5.089320000000000510e-01 5.008000000000000229e-01 4.026100000000000234e-01
5.577370000000000383e-01 4.273879999999999901e-01 5.634240000000000359e-01 5.804820000000000535e-01 3.661460000000000270e-01
4.482079999999999953e-01 3.691869999999999874e-01 3.405070000000000041e-01 3.328889999999999905e-01 3.770140000000000158e-01
3.757980000000000209e-01 2.582050000000000178e-01 3.568100000000000160e-01 3.704609999999999848e-01 3.647719999999999851e-01
3.946640000000000148e-01 4.186440000000000161e-01 4.679530000000000078e-01 3.783440000000000136e-01 3.721409999999999996e-01
7.050009999999999888e-01 6.888910000000000311e-01 7.520729999999999915e-01 6.546579999999999622e-01 6.831899999999999640e-01
4.871539999999999759e-01 4.228410000000000224e-01 4.680830000000000268e-01 5.440420000000000256e-01 4.159880000000000244e-01
5.228180000000000049e-01 4.754800000000000137e-01 6.807029999999999470e-01 3.521799999999999931e-01 5.807160000000000100e-01
4.811030000000000029e-01 6.662379999999999969e-01 4.946409999999999973e-01 6.336659999999999515e-01 6.833160000000000345e-01
5.753139999999999921e-01 5.364149999999999752e-01 6.116200000000000525e-01 4.104720000000000035e-01 6.183920000000000528e-01
6.088299999999999823e-01 3.980859999999999954e-01 4.689240000000000075e-01 5.712220000000000075e-01 3.239420000000000077e-01
5.962979999999999947e-01 5.484949999999999548e-01 5.044939999999999980e-01 4.837130000000000041e-01 5.948470000000000146e-01
5.484799999999999676e-01 7.005780000000000340e-01 4.648229999999999862e-01 5.832249999999999934e-01 4.697700000000000209e-01
5.698879999999999502e-01 4.273609999999999909e-01 6.453320000000000167e-01 6.053979999999999917e-01 5.201440000000000508e-01
4.056830000000000158e-01 3.007830000000000226e-01 3.166039999999999965e-01 2.972580000000000222e-01 3.496679999999999788e-01
3.321569999999999800e-01 5.860980000000000079e-01 4.404580000000000162e-01 4.808799999999999741e-01 5.925709999999999589e-01
4.354830000000000090e-01 2.918290000000000051e-01 4.320410000000000084e-01 3.665959999999999774e-01 4.597970000000000113e-01
3.861280000000000268e-01 5.371879999999999988e-01 4.871210000000000262e-01 5.240829999999999655e-01 4.620389999999999775e-01
4.542410000000000059e-01 3.430170000000000163e-01 4.967630000000000101e-01 5.342959999999999932e-01 4.569829999999999726e-01
4.513380000000000170e-01 5.084929999999999728e-01 5.870069999999999455e-01 4.991619999999999946e-01 5.552639999999999798e-01
5.677950000000000497e-01 6.595130000000000159e-01 5.266680000000000250e-01 7.090159999999999796e-01 6.456279999999999797e-01
3.388630000000000253e-01 5.427100000000000257e-01 3.295799999999999841e-01 4.229269999999999974e-01 4.608169999999999766e-01
5.589119999999999644e-01 5.649149999999999450e-01 5.392209999999999503e-01 7.244810000000000416e-01 5.072539999999999827e-01
5.232320000000000304e-01 6.233400000000000052e-01 6.602529999999999788e-01 6.096920000000000117e-01 5.623310000000000253e-01
7.247670000000000501e-01 6.970680000000000209e-01 6.862470000000000514e-01 7.039729999999999599e-01 6.576349999999999696e-01
6.048360000000000403e-01 6.795409999999999506e-01 6.166000000000000369e-01 6.254330000000000167e-01 5.724460000000000104e-01
5.541279999999999539e-01 4.856269999999999754e-01 4.222580000000000222e-01 5.903230000000000421e-01 5.090510000000000312e-01
3.993860000000000188e-01 2.917710000000000026e-01 4.800090000000000190e-01 3.781089999999999729e-01 3.739569999999999839e-01
3.650709999999999789e-01 4.052339999999999831e-01 3.681360000000000188e-01 4.746009999999999951e-01 3.553049999999999820e-01
6.502869999999999484e-01 7.239609999999999657e-01 7.508979999999999544e-01 6.148449999999999749e-01 7.324490000000000167e-01
3.455219999999999958e-01 3.972200000000000175e-01 4.074929999999999941e-01 2.907689999999999997e-01 4.468779999999999974e-01
