5
543
3.253590000000000093e-01 3.779040000000000177e-01 4.460850000000000093e-01 3.850959999999999939e-01 3.441239999999999855e-01
7.524870000000000170e-01 6.320200000000000262e-01 6.950089999999999879e-01 5.646250000000000435e-01 6.662369999999999681e-01
4.961900000000000199e-01 4.319439999999999946e-01 5.547440000000000149e-01 5.064670000000000005e-01 4.885760000000000103e-01
5.384780000000000122e-01 3.696019999999999861e-01 6.307160000000000544e-01 5.271780000000000355e-01 4.912509999999999932e-01
5.563669999999999449e-01 4.460399999999999920e-01 7.424950000000000161e-01 3.890700000000000269e-01 6.132589999999999986e-01
5.221000000000000085e-01 4.193720000000000225e-01 5.041870000000000518e-01 3.943650000000000211e-01 4.008740000000000081e-01
2.422729999999999884e-01 5.030120000000000147e-01 4.399259999999999837e-01 4.617359999999999798e-01 5.224119999999999875e-01
7.712590000000000279e-01 7.506669999999999732e-01 7.384699999999999598e-01 6.709979999999999833e-01 7.737429999999999586e-01
4.530299999999999883e-01 5.850779999999999870e-01 4.561430000000000207e-01 4.812540000000000151e-01 7.281950000000000367e-01
3.548520000000000008e-01 5.832720000000000127e-01 4.736630000000000007e-01 6.182279999999999998e-01 4.955680000000000085e-01
3.369710000000000205e-01 6.017869999999999608e-01 5.466739999999999933e-01 4.709530000000000105e-01 6.002610000000000445e-01
7.154430000000000511e-01 4.322440000000000171e-01 5.249489999999999990e-01 4.819330000000000003e-01 4.738490000000000202e-01
6.649140000000000050e-01 5.755299999999999860e-01 7.486450000000000049e-01 5.738029999999999520e-01 6.897839999999999527e-01
6.628380000000000383e-01 6.551369999999999694e-01 6.367680000000000007e-01 7.167829999999999480e-01 7.351590000000000069e-01
6.070619999999999905e-01 6.451320000000000388e-01 5.603749999999999565e-01 4.941599999999999882e-01 6.948790000000000244e-01
6.410630000000000495e-01 5.361599999999999699e-01 5.574550000000000338e-01 5.224490000000000522e-01 5.962960000000000482e-01
5.057930000000000481e-01 4.180949999999999944e-01 3.913360000000000172e-01 5.108430000000000470e-01 5.591610000000000191e-01
2.753860000000000197e-01 6.163840000000000430e-01 4.031299999999999883e-01 4.948770000000000113e-01 4.942679999999999851e-01
5.344100000000000517e-01 6.546290000000000164e-01 3.426910000000000234e-01 6.628100000000000103e-01 4.460520000000000040e-01
5.299739999999999451e-01 3.423140000000000072e-01 5.614109999999999934e-01 4.943649999999999989e-01 4.648809999999999887e-01
3.516079999999999761e-01 3.238590000000000080e-01 5.320770000000000222e-01 2.582929999999999948e-01 4.813500000000000001e-01
4.357219999999999982e-01 5.113050000000000095e-01 5.170770000000000088e-01 2.559549999999999881e-01 6.071919999999999540e-01
5.185720000000000329e-01 4.451109999999999789e-01 4.178180000000000227e-01 6.413440000000000252e-01 5.696550000000000225e-01
5.027359999999999607e-01 4.134349999999999969e-01 4.898980000000000001e-01 4.934080000000000132e-01 2.776520000000000099e-01
6.280630000000000379e-01 4.317150000000000154e-01 4.973230000000000151e-01 4.017160000000000175e-01 5.727889999999999926e-01
3.710330000000000017e-01 5.134980000000000100e-01 4.343449999999999811e-01 5.243320000000000203e-01 5.945259999999999989e-01
6.295250000000000012e-01 4.285229999999999873e-01 5.277209999999999956e-01 3.678440000000000043e-01 5.391540000000000221e-01
7.011629999999999807e-01 6.156019999999999825e-01 6.712850000000000206e-01 6.387049999999999672e-01 7.533480000000000176e-01
3.956489999999999729e-01 3.877039999999999931e-01 3.616659999999999875e-01 4.947949999999999848e-01 3.525800000000000045e-01
3.369349999999999845e-01 5.070000000000000062e-01 3.932080000000000020e-01 5.108260000000000023e-01 4.517650000000000277e-01
3.421089999999999964e-01 4.436289999999999956e-01 3.971950000000000203e-01 4.238239999999999785e-01 4.575589999999999935e-01
4.526000000000000023e-01 6.897830000000000350e-01 4.141079999999999761e-01 4.312699999999999867e-01 4.904620000000000091e-01
7.001810000000000533e-01 4.645710000000000117e-01 5.258159999999999501e-01 7.212049999999999850e-01 5.280700000000000394e-01
6.682529999999999859e-01 6.734999999999999876e-01 6.878729999999999567e-01 6.129109999999999836e-01 5.369570000000000176e-01
3.749979999999999980e-01 4.650810000000000222e-01 5.002060000000000395e-01 2.349310000000000009e-01 5.095790000000000042e-01
5.923730000000000384e-01 6.182480000000000198e-01 5.148660000000000458e-01 7.119469999999999965e-01 5.525050000000000239e-01
5.232329999999999481e-01 6.333889999999999798e-01 6.175580000000000513e-01 5.741380000000000372e-01 7.510539999999999994e-01
2.252180000000000015e-01 4.434009999999999896e-01 4.235380000000000256e-01 3.860310000000000130e-01 4.719329999999999914e-01
6.331280000000000241e-01 6.563860000000000250e-01 5.343959999999999821e-01 6.476030000000000397e-01 5.590119999999999534e-01
6.526380000000000514e-01 4.490450000000000275e-01 6.370559999999999556e-01 5.149880000000000013e-01 5.718590000000000062e-01
5.089749999999999552e-01 6.633660000000000112e-01 5.100590000000000401e-01 7.327329999999999677e-01 6.027160000000000295e-01
5.335010000000000030e-01 5.593059999999999699e-01 5.703329999999999789e-01 5.720180000000000264e-01 5.034610000000000474e-01
3.072389999999999843e-01 2.242750000000000021e-01 3.359739999999999949e-01 2.716700000000000226e-01 3.587890000000000246e-01
4.607680000000000109e-01 5.562150000000000150e-01 5.612669999999999604e-01 7.178290000000000504e-01 5.986650000000000027e-01
3.323849999999999860e-01 6.052269999999999595e-01 4.621540000000000092e-01 3.805660000000000154e-01 5.752359999999999696e-01
4.382630000000000137e-01 4.840679999999999983e-01 6.582970000000000210e-01 2.640500000000000069e-01 5.611340000000000217e-01
4.078510000000000191e-01 5.364750000000000352e-01 5.214959999999999596e-01 4.676139999999999741e-01 4.733930000000000082e-01
5.702970000000000539e-01 5.125589999999999868e-01 7.729660000000000419e-01 5.584590000000000387e-01 6.351029999999999731e-01
4.851260000000000017e-01 5.863500000000000378e-01 6.320360000000000422e-01 3.030800000000000161e-01 6.274429999999999730e-01
5.475929999999999964e-01 5.321310000000000207e-01 5.668800000000000505e-01 5.490709999999999757e-01 3.533459999999999934e-01
3.947860000000000258e-01 4.197370000000000267e-01 4.658760000000000123e-01 5.929630000000000178e-01 3.808819999999999983e-01
7.336970000000000436e-01 7.358900000000000441e-01 6.650059999999999860e-01 5.975249999999999728e-01 6.727009999999999934e-01
4.800659999999999927e-01 5.784299999999999997e-01 5.047840000000000105e-01 6.539580000000000393e-01 6.174389999999999601e-01
6.981359999999999788e-01 5.052539999999999809e-01 6.006390000000000340e-01 6.898859999999999992e-01 6.113459999999999450e-01
4.808410000000000184e-01 3.652670000000000083e-01 6.399329999999999741e-01 5.273710000000000342e-01 3.921339999999999826e-01
6.645510000000000028e-01 6.489209999999999701e-01 4.378600000000000270e-01 5.848029999999999617e-01 5.339819999999999567e-01
5.143980000000000219e-01 6.430320000000000480e-01 5.270299999999999985e-01 4.921510000000000051e-01 5.823239999999999528e-01
5.202790000000000470e-01 7.087040000000000006e-01 5.809290000000000287e-01 6.577429999999999666e-01 6.875879999999999770e-01
4.300550000000000206e-01 6.204420000000000490e-01 5.121120000000000116e-01 5.308960000000000345e-01 5.495640000000000525e-01
4.377710000000000212e-01 6.068000000000000060e-01 5.174910000000000343e-01 4.482550000000000145e-01 5.157519999999999882e-01
5.580650000000000333e-01 3.802150000000000252e-01 5.368490000000000206e-01 4.743859999999999744e-01 4.394600000000000173e-01
5.347279999999999811e-01 7.461919999999999664e-01 6.072870000000000212e-01 5.280200000000000449e-01 6.723860000000000392e-01
6.261309999999999931e-01 4.500140000000000251e-01 5.780020000000000158e-01 6.465020000000000211e-01 5.048300000000000010e-01
7.608859999999999513e-01 6.690340000000000176e-01 6.350740000000000274e-01 7.092359999999999776e-01 6.628659999999999553e-01
4.235889999999999933e-01 4.692020000000000080e-01 3.687190000000000190e-01 5.892539999999999445e-01 3.079500000000000015e-01
6.971589999999999732e-01 4.414850000000000163e-01 6.456180000000000252e-01 4.908870000000000178e-01 5.659300000000000441e-01
7.474690000000000500e-01 7.533790000000000209e-01 7.458129999999999482e-01 7.172570000000000334e-01 7.490520000000000511e-01
3.960359999999999991e-01 3.395139999999999825e-01 2.862069999999999892e-01 3.522460000000000035e-01 2.117279999999999995e-01
6.290759999999999685e-01 6.726950000000000429e-01 7.506239999999999579e-01 6.125089999999999701e-01 6.853050000000000530e-01
3.890640000000000209e-01 3.320420000000000038e-01 3.205879999999999841e-01 4.308839999999999892e-01 2.508130000000000082e-01
7.191729999999999512e-01 5.959400000000000253e-01 6.965200000000000280e-01 7.292669999999999986e-01 7.232370000000000188e-01
5.904080000000000439e-01 4.123290000000000011e-01 4.656009999999999871e-01 4.832810000000000161e-01 5.557170000000000165e-01
4.949609999999999843e-01 6.077230000000000132e-01 6.598880000000000301e-01 5.265180000000000415e-01 4.972889999999999810e-01
5.254510000000000014e-01 5.918809999999999905e-01 6.179139999999999633e-01 5.791600000000000081e-01 6.162800000000000500e-01
7.613720000000000487e-01 7.945160000000000000e-01 7.798580000000000512e-01 7.852909999999999613e-01 7.828380000000000338e-01
2.121220000000000050e-01 3.251689999999999858e-01 2.588320000000000065e-01 2.893879999999999786e-01 2.659070000000000045e-01
5.027559999999999807e-01 5.117279999999999607e-01 4.802100000000000257e-01 3.638210000000000055e-01 6.247000000000000330e-01
5.955259999999999998e-01 7.220879999999999521e-01 6.254459999999999464e-01 7.278620000000000090e-01 6.022929999999999673e-01
7.250940000000000163e-01 6.850570000000000270e-01 7.404800000000000271e-01 6.533719999999999528e-01 7.186669999999999447e-01
5.194750000000000201e-01 6.109280000000000266e-01 4.927000000000000268e-01 6.932110000000000216e-01 5.456619999999999804e-01
6.101330000000000364e-01 5.551800000000000068e-01 3.848639999999999839e-01 6.374049999999999994e-01 5.541509999999999492e-01
5.251080000000000192e-01 6.152999999999999581e-01 6.303039999999999754e-01 7.282769999999999522e-01 5.712819999999999565e-01
5.596440000000000303e-01 4.273319999999999896e-01 3.666909999999999892e-01 3.888579999999999814e-01 4.747629999999999906e-01
5.345400000000000151e-01 6.153520000000000101e-01 4.995729999999999893e-01 3.450909999999999811e-01 4.843020000000000103e-01
7.756490000000000329e-01 6.481050000000000422e-01 7.259590000000000209e-01 7.695499999999999563e-01 7.218020000000000547e-01
3.632770000000000166e-01 2.449840000000000073e-01 2.620580000000000132e-01 2.834450000000000025e-01 1.846470000000000056e-01
3.960460000000000091e-01 5.830520000000000147e-01 3.966549999999999798e-01 3.532239999999999824e-01 4.949000000000000066e-01
5.563109999999999999e-01 4.705019999999999758e-01 6.205869999999999997e-01 5.384250000000000425e-01 6.738730000000000553e-01
3.893420000000000214e-01 6.307080000000000464e-01 3.568910000000000138e-01 5.713319999999999510e-01 5.202290000000000525e-01
3.111860000000000182e-01 5.133750000000000258e-01 3.898460000000000258e-01 4.733519999999999950e-01 3.324960000000000138e-01
5.812739999999999574e-01 7.083880000000000177e-01 4.715579999999999772e-01 6.123239999999999794e-01 6.464259999999999451e-01
4.903159999999999741e-01 7.368970000000000242e-01 6.142039999999999722e-01 6.058090000000000419e-01 7.468460000000000099e-01
5.406210000000000182e-01 5.231559999999999544e-01 6.344419999999999504e-01 4.940379999999999772e-01 6.500690000000000079e-01
2.589739999999999820e-01 3.592569999999999930e-01 3.536610000000000031e-01 4.526370000000000116e-01 3.299790000000000223e-01
3.899770000000000181e-01 3.733000000000000207e-01 4.920910000000000006e-01 5.408230000000000537e-01 3.358220000000000094e-01
4.055440000000000156e-01 4.832750000000000101e-01 3.470920000000000116e-01 5.300669999999999549e-01 4.711569999999999925e-01
5.123189999999999689e-01 5.667809999999999793e-01 4.888239999999999807e-01 6.609140000000000015e-01 3.853030000000000066e-01
6.043049999999999811e-01 6.308439999999999603e-01 5.874009999999999510e-01 4.140159999999999951e-01 6.000240000000000018e-01
3.689779999999999727e-01 6.576800000000000423e-01 4.505520000000000080e-01 4.814720000000000111e-01 5.783770000000000300e-01
4.407800000000000051e-01 5.618640000000000301e-01 4.976200000000000068e-01 4.752199999999999758e-01 6.149909999999999544e-01
3.320679999999999743e-01 3.739359999999999906e-01 3.920290000000000163e-01 4.791710000000000136e-01 4.247819999999999929e-01
2.923330000000000095e-01 3.703730000000000078e-01 2.527440000000000242e-01 3.848300000000000054e-01 2.467820000000000014e-01
6.575560000000000294e-01 7.039220000000000477e-01 4.963489999999999847e-01 5.974310000000000453e-01 6.688589999999999813e-01
3.605559999999999876e-01 5.208770000000000344e-01 4.608200000000000074e-01 6.307880000000000154e-01 5.287300000000000333e-01
5.681490000000000151e-01 4.900329999999999964e-01 6.288420000000000121e-01 4.369859999999999856e-01 6.706950000000000411e-01
4.240519999999999845e-01 4.095829999999999749e-01 3.053199999999999803e-01 4.287329999999999752e-01 3.171849999999999947e-01
3.843300000000000050e-01 2.675080000000000235e-01 3.676189999999999736e-01 3.442569999999999797e-01 4.701870000000000216e-01
2.854530000000000123e-01 4.919350000000000112e-01 2.364900000000000058e-01 4.747999999999999998e-01 4.526330000000000076e-01
7.238489999999999647e-01 5.772890000000000521e-01 6.590970000000000439e-01 7.116360000000000463e-01 5.524999999999999911e-01
3.369630000000000125e-01 4.177239999999999842e-01 4.119840000000000169e-01 2.435329999999999995e-01 3.265319999999999889e-01
4.027410000000000156e-01 3.749560000000000115e-01 4.242549999999999932e-01 3.405099999999999794e-01 4.461129999999999818e-01
6.130179999999999518e-01 7.280200000000000005e-01 6.373170000000000224e-01 5.589159999999999684e-01 7.399339999999999806e-01
4.976300000000000168e-01 5.488659999999999650e-01 4.721319999999999961e-01 6.341719999999999580e-01 4.409000000000000141e-01
6.376199999999999646e-01 5.511279999999999513e-01 4.925820000000000198e-01 5.265379999999999505e-01 6.541190000000000060e-01
6.718509999999999760e-01 6.632850000000000135e-01 6.139419999999999877e-01 6.851479999999999793e-01 6.841190000000000326e-01
4.362889999999999824e-01 4.785449999999999982e-01 5.526499999999999746e-01 3.262570000000000192e-01 6.035420000000000229e-01
5.419410000000000061e-01 7.278999999999999915e-01 5.516860000000000097e-01 6.095329999999999915e-01 6.780279999999999641e-01
6.205150000000000388e-01 4.710920000000000107e-01 5.240280000000000493e-01 5.354130000000000278e-01 5.116000000000000547e-01
4.174640000000000017e-01 4.286610000000000142e-01 5.550890000000000546e-01 5.456720000000000459e-01 5.297690000000000454e-01
5.572899999999999521e-01 5.642779999999999463e-01 6.354159999999999808e-01 5.891199999999999770e-01 7.416779999999999484e-01
5.628589999999999982e-01 6.730639999999999956e-01 6.474800000000000555e-01 7.101960000000000495e-01 6.951899999999999746e-01
5.638419999999999543e-01 4.019650000000000167e-01 7.345289999999999875e-01 5.411289999999999711e-01 4.543530000000000069e-01
5.796869999999999523e-01 5.530429999999999513e-01 7.280870000000000397e-01 5.218380000000000241e-01 6.429909999999999792e-01
6.218709999999999516e-01 4.886019999999999808e-01 6.242609999999999548e-01 4.646589999999999887e-01 5.391709999999999559e-01
5.431040000000000312e-01 5.842220000000000191e-01 4.756799999999999917e-01 6.104810000000000514e-01 4.590620000000000256e-01
6.385969999999999702e-01 6.698979999999999935e-01 6.752139999999999809e-01 6.686530000000000529e-01 6.903380000000000072e-01
3.577230000000000132e-01 4.166850000000000276e-01 3.580409999999999981e-01 4.442510000000000070e-01 4.468050000000000077e-01
5.081539999999999946e-01 5.536809999999999787e-01 5.390850000000000364e-01 4.211500000000000243e-01 6.121060000000000390e-01
4.369310000000000138e-01 5.036800000000000166e-01 4.908379999999999965e-01 6.186180000000000012e-01 5.634120000000000239e-01
6.450320000000000498e-01 6.006590000000000540e-01 6.753609999999999891e-01 4.308879999999999932e-01 5.975530000000000008e-01
3.727630000000000110e-01 2.607639999999999958e-01 2.899360000000000270e-01 2.695649999999999991e-01 2.218559999999999977e-01
5.987339999999999884e-01 6.244729999999999448e-01 6.540559999999999707e-01 5.616860000000000186e-01 5.865350000000000286e-01
6.463750000000000329e-01 5.916660000000000252e-01 4.910370000000000013e-01 5.007810000000000317e-01 6.422360000000000291e-01
3.424479999999999746e-01 5.942889999999999562e-01 4.493059999999999832e-01 3.650950000000000029e-01 5.223339999999999650e-01
7.225679999999999881e-01 6.866409999999999458e-01 7.737349999999999506e-01 6.424800000000000511e-01 6.600949999999999873e-01
5.014619999999999633e-01 5.796299999999999786e-01 4.237440000000000095e-01 4.463469999999999938e-01 6.136300000000000088e-01
4.076819999999999888e-01 6.488049999999999651e-01 5.785949999999999704e-01 5.622610000000000108e-01 6.527760000000000229e-01
2.877160000000000273e-01 4.671529999999999849e-01 3.993260000000000143e-01 3.405920000000000059e-01 4.498739999999999961e-01
3.453249999999999931e-01 4.263430000000000275e-01 3.964929999999999843e-01 3.089430000000000232e-01 4.649760000000000004e-01
5.157909999999999995e-01 5.236560000000000104e-01 5.284250000000000336e-01 4.899939999999999851e-01 6.833580000000000210e-01
3.741720000000000046e-01 4.290459999999999829e-01 4.834459999999999869e-01 4.051589999999999914e-01 4.075949999999999851e-01
5.092079999999999940e-01 4.308089999999999975e-01 5.007009999999999517e-01 5.943950000000000067e-01 3.297950000000000048e-01
5.296089999999999964e-01 5.901159999999999739e-01 6.902540000000000342e-01 5.216410000000000213e-01 6.638960000000000417e-01
6.991739999999999622e-01 6.948239999999999972e-01 7.574689999999999479e-01 6.963260000000000005e-01 6.346659999999999524e-01
3.432250000000000023e-01 4.612769999999999926e-01 6.048339999999999828e-01 4.151259999999999950e-01 5.139639999999999764e-01
6.375819999999999821e-01 5.715320000000000400e-01 5.625520000000000520e-01 6.227559999999999762e-01 6.842719999999999914e-01
3.812070000000000181e-01 5.134349999999999747e-01 3.650019999999999931e-01 3.225319999999999854e-01 4.760199999999999987e-01
6.154979999999999896e-01 5.240350000000000286e-01 5.549429999999999641e-01 6.564780000000000060e-01 6.358080000000000398e-01
6.477889999999999482e-01 5.485200000000000076e-01 6.471590000000000398e-01 5.056410000000000071e-01 6.566929999999999712e-01
7.124960000000000182e-01 6.096799999999999997e-01 4.892440000000000122e-01 5.898369999999999447e-01 4.584369999999999834e-01
7.845370000000000399e-01 6.753540000000000099e-01 8.008840000000000403e-01 6.945170000000000510e-01 6.687880000000000491e-01
6.679469999999999574e-01 6.644079999999999986e-01 5.053170000000000162e-01 6.467220000000000191e-01 4.514270000000000227e-01
6.602069999999999883e-01 5.417889999999999651e-01 6.478730000000000322e-01 4.567749999999999866e-01 5.693369999999999820e-01
3.592620000000000258e-01 6.587990000000000235e-01 3.850469999999999726e-01 5.704850000000000199e-01 6.357840000000000158e-01
6.138400000000000523e-01 4.483509999999999995e-01 5.020189999999999930e-01 6.056319999999999482e-01 3.780519999999999992e-01
3.752659999999999885e-01 4.179840000000000222e-01 4.630819999999999936e-01 4.154749999999999832e-01 5.370530000000000026e-01
5.537640000000000340e-01 6.744909999999999517e-01 6.225829999999999975e-01 6.828089999999999993e-01 7.064620000000000344e-01
6.382240000000000135e-01 5.732739999999999503e-01 5.610720000000000152e-01 6.213149999999999507e-01 4.574389999999999845e-01
6.837999999999999634e-01 6.561759999999999815e-01 7.964430000000000121e-01 6.743200000000000305e-01 7.110159999999999814e-01
2.322649999999999992e-01 3.444590000000000152e-01 2.272409999999999985e-01 2.631410000000000138e-01 3.258699999999999930e-01
5.994030000000000191e-01 4.434420000000000028e-01 5.956259999999999888e-01 5.644369999999999665e-01 6.624879999999999658e-01
5.828419999999999712e-01 6.351729999999999876e-01 7.507610000000000117e-01 5.285600000000000298e-01 6.782610000000000028e-01
4.462110000000000243e-01 4.159180000000000099e-01 4.371349999999999958e-01 3.850919999999999899e-01 3.650590000000000224e-01
4.197670000000000012e-01 2.669110000000000094e-01 3.144899999999999918e-01 3.360090000000000021e-01 2.443140000000000034e-01
5.565470000000000139e-01 6.073209999999999997e-01 5.642580000000000373e-01 6.214939999999999909e-01 4.697950000000000181e-01
4.883580000000000143e-01 4.482430000000000025e-01 5.183520000000000350e-01 4.577370000000000050e-01 3.613129999999999953e-01
4.667549999999999755e-01 6.831019999999999870e-01 4.491870000000000029e-01 5.387990000000000279e-01 5.582329999999999792e-01
4.460540000000000060e-01 5.405130000000000212e-01 4.518769999999999731e-01 6.154809999999999448e-01 3.959480000000000222e-01
5.781800000000000272e-01 5.229160000000000474e-01 7.330579999999999874e-01 6.311170000000000391e-01 6.520979999999999555e-01
5.037679999999999936e-01 6.124829999999999997e-01 4.127879999999999883e-01 5.606980000000000297e-01 4.700610000000000066e-01
5.574770000000000003e-01 5.178000000000000380e-01 3.360710000000000086e-01 6.458580000000000432e-01 5.578929999999999723e-01
4.804160000000000097e-01 4.199100000000000055e-01 4.601970000000000227e-01 4.766389999999999794e-01 4.078869999999999996e-01
3.384820000000000051e-01 2.791739999999999777e-01 3.971290000000000098e-01 3.242419999999999747e-01 3.055559999999999943e-01
4.343029999999999946e-01 4.616709999999999980e-01 2.985470000000000068e-01 4.293199999999999794e-01 3.456040000000000223e-01
4.553909999999999902e-01 4.028639999999999999e-01 5.180069999999999952e-01 2.672979999999999801e-01 3.335960000000000036e-01
4.068499999999999894e-01 4.680449999999999888e-01 3.325859999999999927e-01 3.422549999999999759e-01 3.214330000000000243e-01
4.956579999999999875e-01 3.440400000000000125e-01 3.287769999999999859e-01 4.930300000000000238e-01 3.438640000000000030e-01
7.307099999999999707e-01 5.310610000000000053e-01 6.685410000000000519e-01 5.863829999999999876e-01 6.152269999999999683e-01
4.880849999999999911e-01 6.363969999999999905e-01 3.674799999999999733e-01 5.911410000000000275e-01 4.023149999999999782e-01
5.440909999999999913e-01 3.954630000000000090e-01 4.055840000000000001e-01 4.894899999999999807e-01 4.505120000000000235e-01
4.891280000000000072e-01 5.542310000000000292e-01 3.703040000000000220e-01 4.774510000000000143e-01 5.914190000000000280e-01
4.683169999999999833e-01 5.400669999999999638e-01 5.859250000000000291e-01 5.548459999999999503e-01 3.564209999999999878e-01
6.037150000000000016e-01 7.448599999999999666e-01 6.145720000000000072e-01 7.344399999999999817e-01 6.557250000000000023e-01
3.888980000000000214e-01 3.987169999999999881e-01 6.055960000000000232e-01 2.742839999999999723e-01 5.536759999999999460e-01
2.067380000000000051e-01 3.700049999999999728e-01 3.371419999999999972e-01 2.226360000000000006e-01 3.759879999999999889e-01
7.906320000000000014e-01 5.025119999999999587e-01 6.269949999999999690e-01 5.737029999999999630e-01 6.074960000000000360e-01
3.856680000000000108e-01 4.002319999999999767e-01 5.202120000000000077e-01 2.580709999999999948e-01 5.617900000000000116e-01
3.609820000000000251e-01 4.468429999999999902e-01 5.861309999999999576e-01 4.481850000000000001e-01 4.548300000000000121e-01
6.641010000000000524e-01 6.668269999999999476e-01 6.522259999999999724e-01 6.580989999999999895e-01 5.798370000000000468e-01
6.229850000000000110e-01 6.864479999999999471e-01 4.675590000000000024e-01 6.261240000000000139e-01 6.057989999999999764e-01
4.852480000000000127e-01 5.731129999999999836e-01 5.867569999999999730e-01 6.523919999999999719e-01 4.728609999999999758e-01
6.191520000000000357e-01 5.968769999999999909e-01 6.513149999999999773e-01 4.233620000000000161e-01 4.931510000000000060e-01
4.264890000000000070e-01 6.033209999999999962e-01 5.276969999999999716e-01 5.276319999999999899e-01 4.424190000000000067e-01
2.240669999999999884e-01 3.096200000000000063e-01 3.329799999999999982e-01 2.614890000000000270e-01 2.902620000000000200e-01
3.150999999999999912e-01 4.306760000000000033e-01 3.042920000000000069e-01 3.019789999999999974e-01 2.789260000000000073e-01
6.376800000000000246e-01 6.532489999999999686e-01 6.859509999999999774e-01 6.266140000000000043e-01 6.339399999999999480e-01
7.210739999999999927e-01 6.585919999999999552e-01 5.143419999999999659e-01 7.248200000000000198e-01 5.854589999999999517e-01
4.782899999999999929e-01 5.479500000000000481e-01 4.421289999999999942e-01 6.592270000000000074e-01 5.611810000000000409e-01
7.487030000000000074e-01 7.451680000000000526e-01 6.216669999999999696e-01 7.639270000000000227e-01 6.745459999999999789e-01
6.336939999999999795e-01 6.255410000000000137e-01 6.549080000000000457e-01 5.325509999999999966e-01 6.073429999999999662e-01
4.759939999999999727e-01 4.453739999999999921e-01 4.958449999999999802e-01 2.798379999999999757e-01 3.961109999999999909e-01
5.122170000000000334e-01 6.112109999999999488e-01 4.333239999999999870e-01 5.449000000000000510e-01 4.661969999999999725e-01
4.724369999999999958e-01 3.175250000000000017e-01 3.868880000000000097e-01 3.280420000000000003e-01 3.214099999999999735e-01
3.973869999999999902e-01 4.183609999999999829e-01 5.037909999999999888e-01 2.918279999999999763e-01 4.008169999999999789e-01
6.481900000000000439e-01 7.033490000000000020e-01 5.832429999999999559e-01 6.763609999999999900e-01 6.012600000000000167e-01
2.673599999999999866e-01 3.747539999999999760e-01 2.708209999999999784e-01 2.233400000000000107e-01 3.411069999999999935e-01
3.215660000000000185e-01 3.310409999999999742e-01 4.972340000000000093e-01 4.311800000000000077e-01 4.714430000000000009e-01
4.624699999999999922e-01 4.353330000000000255e-01 4.505970000000000253e-01 4.211230000000000251e-01 4.608269999999999866e-01
3.338800000000000101e-01 2.463619999999999977e-01 3.769600000000000173e-01 3.211879999999999735e-01 2.394519999999999982e-01
4.743769999999999931e-01 6.374570000000000514e-01 6.015970000000000484e-01 5.460190000000000321e-01 5.570760000000000156e-01
6.597790000000000044e-01 5.154919999999999503e-01 7.545100000000000140e-01 6.247460000000000235e-01 7.179400000000000226e-01
5.995040000000000369e-01 5.516109999999999625e-01 5.868219999999999548e-01 6.950450000000000239e-01 5.799969999999999848e-01
6.426560000000000050e-01 4.674470000000000014e-01 6.617250000000000076e-01 4.948560000000000181e-01 5.348260000000000236e-01
3.360870000000000246e-01 3.580439999999999734e-01 3.066659999999999942e-01 3.652400000000000091e-01 2.863149999999999862e-01
5.476100000000000412e-01 6.067960000000000020e-01 4.221190000000000220e-01 5.721309999999999452e-01 5.313679999999999515e-01
5.749800000000000466e-01 5.234910000000000396e-01 6.933040000000000314e-01 5.190879999999999939e-01 4.658559999999999923e-01
5.512139999999999818e-01 5.067890000000000450e-01 7.672560000000000491e-01 5.398619999999999530e-01 5.957860000000000378e-01
5.244280000000000053e-01 4.522320000000000229e-01 4.199890000000000012e-01 3.536759999999999904e-01 4.496100000000000096e-01
5.911149999999999460e-01 7.410320000000000240e-01 6.446800000000000308e-01 6.000670000000000170e-01 7.967180000000000373e-01
6.481019999999999559e-01 4.306079999999999908e-01 4.825860000000000150e-01 4.544400000000000106e-01 5.025990000000000180e-01
6.101149999999999629e-01 6.395899999999999919e-01 5.575579999999999981e-01 5.144480000000000164e-01 4.940289999999999959e-01
3.702050000000000063e-01 5.915359999999999507e-01 3.390020000000000255e-01 5.161459999999999937e-01 5.246079999999999632e-01
4.682790000000000008e-01 5.662049999999999583e-01 4.412650000000000183e-01 4.693479999999999874e-01 3.956779999999999742e-01
6.656819999999999959e-01 5.894190000000000262e-01 5.135129999999999972e-01 6.018289999999999473e-01 6.121720000000000494e-01
6.410209999999999519e-01 5.738739999999999952e-01 6.317220000000000057e-01 6.619610000000000216e-01 6.335370000000000168e-01
6.316040000000000543e-01 4.584489999999999954e-01 6.993690000000000184e-01 4.605210000000000137e-01 6.703689999999999927e-01
6.681660000000000377e-01 4.705699999999999883e-01 5.899219999999999464e-01 6.751899999999999569e-01 5.248080000000000522e-01
3.262340000000000240e-01 5.452270000000000172e-01 4.094389999999999974e-01 3.824600000000000222e-01 4.335669999999999802e-01
5.166049999999999809e-01 4.863890000000000158e-01 6.806320000000000148e-01 6.568300000000000249e-01 5.224800000000000555e-01
6.318190000000000195e-01 5.330589999999999495e-01 5.274609999999999577e-01 6.135380000000000278e-01 3.685329999999999995e-01
3.404079999999999884e-01 5.157350000000000545e-01 3.504559999999999897e-01 4.562209999999999877e-01 4.549059999999999770e-01
6.242360000000000131e-01 4.572320000000000273e-01 5.299490000000000034e-01 5.479779999999999651e-01 3.784290000000000154e-01
3.827590000000000159e-01 5.817020000000000524e-01 5.252820000000000267e-01 5.174680000000000391e-01 5.808780000000000054e-01
4.153379999999999850e-01 5.593270000000000186e-01 6.515720000000000400e-01 5.020080000000000098e-01 6.894350000000000200e-01
7.356279999999999486e-01 5.444139999999999535e-01 5.891960000000000530e-01 7.531679999999999486e-01 4.666919999999999957e-01
6.442860000000000253e-01 6.905179999999999652e-01 7.101690000000000502e-01 6.561050000000000493e-01 7.383199999999999763e-01
5.670699999999999630e-01 6.149809999999999999e-01 7.089649999999999563e-01 6.147059999999999746e-01 6.629340000000000233e-01
4.717580000000000107e-01 6.549650000000000194e-01 4.898830000000000129e-01 6.120579999999999909e-01 5.198760000000000048e-01
5.041560000000000485e-01 5.975939999999999586e-01 5.732120000000000548e-01 4.192049999999999943e-01 6.196960000000000246e-01
2.547490000000000032e-01 3.712909999999999822e-01 3.646760000000000002e-01 2.888229999999999964e-01 4.463480000000000225e-01
4.434649999999999981e-01 6.448110000000000230e-01 3.813840000000000008e-01 4.439960000000000018e-01 3.926609999999999823e-01
7.793269999999999920e-01 7.498340000000000005e-01 7.114570000000000061e-01 7.472820000000000018e-01 6.370780000000000332e-01
5.340899999999999537e-01 7.429620000000000113e-01 5.834300000000000042e-01 5.993829999999999991e-01 7.371929999999999872e-01
6.222699999999999898e-01 5.494320000000000315e-01 3.711450000000000027e-01 5.829969999999999875e-01 5.205480000000000107e-01
3.915759999999999796e-01 3.156180000000000097e-01 4.104380000000000250e-01 4.036799999999999833e-01 3.336850000000000094e-01
5.032360000000000166e-01 6.899450000000000305e-01 5.316589999999999927e-01 5.536140000000000505e-01 7.036660000000000137e-01
3.513970000000000149e-01 4.653880000000000239e-01 4.570060000000000233e-01 2.961739999999999928e-01 5.598070000000000546e-01
2.368530000000000080e-01 3.940710000000000046e-01 2.638409999999999922e-01 3.014209999999999945e-01 3.405469999999999886e-01
7.114829999999999766e-01 4.928589999999999915e-01 6.784799999999999720e-01 6.033009999999999762e-01 6.514600000000000390e-01
4.774780000000000135e-01 4.421519999999999895e-01 3.587429999999999786e-01 5.012149999999999661e-01 3.036920000000000175e-01
4.554560000000000275e-01 2.836130000000000040e-01 6.119440000000000435e-01 3.724160000000000248e-01 3.734529999999999794e-01
6.496579999999999577e-01 6.392649999999999721e-01 5.876679999999999682e-01 7.001549999999999718e-01 5.826390000000000180e-01
6.600139999999999896e-01 7.093329999999999913e-01 5.473719999999999697e-01 6.727330000000000254e-01 5.285609999999999475e-01
5.279220000000000024e-01 7.118579999999999908e-01 6.744560000000000555e-01 4.934549999999999770e-01 7.123439999999999772e-01
5.367210000000000036e-01 4.485339999999999883e-01 5.421150000000000135e-01 3.143779999999999908e-01 4.034019999999999828e-01
5.541340000000000154e-01 4.444940000000000002e-01 5.513930000000000220e-01 4.601379999999999915e-01 6.936170000000000391e-01
5.175049999999999928e-01 5.501049999999999551e-01 6.451480000000000548e-01 6.644219999999999571e-01 4.520000000000000129e-01
5.128540000000000321e-01 6.915409999999999613e-01 6.149689999999999879e-01 5.590190000000000436e-01 6.494349999999999845e-01
4.397710000000000230e-01 2.845449999999999924e-01 3.899170000000000136e-01 2.482570000000000054e-01 4.207710000000000061e-01
7.525950000000000140e-01 6.530190000000000161e-01 7.106609999999999872e-01 7.427019999999999733e-01 6.804360000000000408e-01
4.579259999999999997e-01 5.950999999999999623e-01 5.836959999999999926e-01 4.585980000000000056e-01 4.710570000000000035e-01
5.003459999999999575e-01 7.263579999999999481e-01 6.212450000000000472e-01 6.038139999999999619e-01 6.464720000000000466e-01
6.338850000000000318e-01 4.062769999999999992e-01 4.708959999999999813e-01 5.523379999999999956e-01 4.663910000000000000e-01
4.676910000000000234e-01 7.061260000000000314e-01 6.546729999999999494e-01 5.511650000000000160e-01 5.981720000000000370e-01
6.622850000000000126e-01 6.685100000000000486e-01 6.714820000000000233e-01 7.426880000000000148e-01 6.855520000000000502e-01
4.982690000000000174e-01 7.503560000000000230e-01 6.319770000000000110e-01 5.666179999999999550e-01 7.283730000000000482e-01
4.264839999999999742e-01 3.578210000000000002e-01 3.612549999999999928e-01 4.796520000000000228e-01 4.618929999999999980e-01
6.160170000000000368e-01 5.986900000000000555e-01 6.547500000000000542e-01 6.335140000000000216e-01 5.965859999999999497e-01
6.976609999999999756e-01 6.525440000000000129e-01 6.684489999999999599e-01 5.966749999999999554e-01 6.754440000000000444e-01
5.960860000000000047e-01 7.154009999999999536e-01 5.062959999999999683e-01 5.835789999999999589e-01 5.912479999999999958e-01
3.362950000000000106e-01 6.022140000000000271e-01 4.438750000000000195e-01 4.004940000000000166e-01 5.437929999999999708e-01
5.792950000000000044e-01 4.857929999999999748e-01 4.836010000000000031e-01 4.210570000000000146e-01 3.217869999999999897e-01
2.935389999999999944e-01 3.068560000000000176e-01 3.082349999999999812e-01 2.431010000000000115e-01 2.738920000000000243e-01
7.491090000000000249e-01 7.022650000000000281e-01 7.625589999999999868e-01 7.449280000000000346e-01 6.527920000000000389e-01
3.309650000000000092e-01 3.341950000000000198e-01 5.067909999999999915e-01 4.445770000000000000e-01 4.169999999999999818e-01
5.135129999999999972e-01 3.263199999999999990e-01 3.265149999999999997e-01 4.756949999999999790e-01 3.060169999999999835e-01
4.199620000000000020e-01 5.373109999999999831e-01 5.295210000000000194e-01 5.555109999999999770e-01 6.588469999999999605e-01
6.114640000000000075e-01 6.274690000000000545e-01 6.308960000000000123e-01 7.111760000000000304e-01 6.111649999999999583e-01
5.980739999999999945e-01 6.729110000000000369e-01 7.266160000000000396e-01 6.980669999999999931e-01 6.127909999999999746e-01
5.544270000000000032e-01 6.797440000000000149e-01 6.642419999999999991e-01 5.337349999999999595e-01 5.769060000000000299e-01
4.531250000000000000e-01 6.304699999999999749e-01 3.997720000000000162e-01 4.367360000000000131e-01 6.437610000000000277e-01
5.444329999999999448e-01 4.189890000000000003e-01 6.530589999999999451e-01 4.762080000000000202e-01 6.753179999999999739e-01
5.829349999999999810e-01 4.280809999999999893e-01 4.018140000000000045e-01 5.588140000000000329e-01 4.773870000000000058e-01
2.470910000000000051e-01 2.519299999999999873e-01 2.284730000000000094e-01 2.646390000000000131e-01 2.838030000000000275e-01
2.968080000000000163e-01 2.631399999999999850e-01 2.330969999999999986e-01 2.511829999999999896e-01 2.324799999999999922e-01
4.029309999999999836e-01 3.637779999999999903e-01 4.933670000000000000e-01 3.441670000000000007e-01 3.202439999999999731e-01
7.235080000000000400e-01 5.891779999999999795e-01 6.276669999999999749e-01 5.702700000000000546e-01 5.736379999999999812e-01
5.845190000000000108e-01 3.977399999999999824e-01 7.361619999999999830e-01 5.528180000000000316e-01 5.076100000000000056e-01
4.953870000000000218e-01 5.020940000000000403e-01 3.581329999999999791e-01 5.082569999999999588e-01 5.366100000000000314e-01
3.140530000000000266e-01 5.404799999999999605e-01 3.036229999999999762e-01 4.610909999999999731e-01 3.364440000000000208e-01
6.658770000000000522e-01 5.701570000000000249e-01 5.923129999999999784e-01 5.760990000000000277e-01 6.535279999999999978e-01
4.963989999999999791e-01 5.212579999999999991e-01 4.121839999999999948e-01 5.238439999999999763e-01 4.568030000000000146e-01
5.144069999999999476e-01 6.218909999999999716e-01 5.765479999999999494e-01 4.683620000000000005e-01 6.838619999999999699e-01
3.289529999999999954e-01 3.446549999999999891e-01 4.645980000000000110e-01 2.332380000000000009e-01 3.405889999999999751e-01
6.189489999999999714e-01 6.692299999999999915e-01 6.312940000000000218e-01 5.500420000000000309e-01 5.715750000000000552e-01
6.088059999999999583e-01 5.191310000000000091e-01 5.569290000000000074e-01 7.507700000000000484e-01 4.362530000000000019e-01
2.264110000000000011e-01 4.316619999999999902e-01 3.266560000000000019e-01 3.006130000000000191e-01 4.233390000000000208e-01
7.241689999999999516e-01 4.597200000000000175e-01 5.628149999999999542e-01 5.954359999999999653e-01 3.504079999999999973e-01
4.216260000000000008e-01 6.115990000000000038e-01 4.805809999999999804e-01 4.602849999999999997e-01 7.514340000000000463e-01
7.236150000000000082e-01 7.637760000000000105e-01 7.186280000000000445e-01 7.549700000000000299e-01 7.027649999999999730e-01
4.395240000000000258e-01 3.583049999999999846e-01 4.950100000000000056e-01 3.344210000000000238e-01 4.787460000000000049e-01
7.071979999999999933e-01 7.927819999999999867e-01 6.836719999999999464e-01 7.028499999999999748e-01 7.631900000000000350e-01
4.673499999999999877e-01 4.745539999999999758e-01 3.592409999999999770e-01 3.018259999999999832e-01 3.308729999999999727e-01
6.455400000000000027e-01 6.674489999999999590e-01 5.906609999999999916e-01 6.365220000000000322e-01 4.502320000000000211e-01
4.682850000000000068e-01 5.468769999999999465e-01 3.181999999999999829e-01 4.487269999999999870e-01 4.838509999999999756e-01
3.763170000000000126e-01 4.439799999999999858e-01 3.721329999999999916e-01 5.056140000000000079e-01 3.980110000000000037e-01
2.940760000000000041e-01 2.053750000000000020e-01 2.561669999999999781e-01 2.145420000000000105e-01 2.202070000000000138e-01
6.437720000000000109e-01 6.891260000000000163e-01 6.164269999999999472e-01 6.949279999999999902e-01 5.921929999999999694e-01
3.970890000000000253e-01 3.500039999999999818e-01 3.623759999999999759e-01 2.555129999999999901e-01 4.774800000000000155e-01
4.838569999999999816e-01 3.897649999999999726e-01 4.716480000000000117e-01 3.741740000000000066e-01 5.233550000000000146e-01
5.266159999999999730e-01 3.010450000000000070e-01 4.690830000000000277e-01 3.285089999999999955e-01 5.282170000000000476e-01
6.821989999999999998e-01 4.621270000000000100e-01 6.653280000000000305e-01 5.750979999999999981e-01 6.388610000000000122e-01
4.231610000000000094e-01 5.731469999999999620e-01 3.754310000000000147e-01 5.248819999999999597e-01 4.086000000000000187e-01
6.412489999999999579e-01 4.554429999999999867e-01 6.992040000000000477e-01 4.484589999999999965e-01 6.029910000000000547e-01
4.544199999999999906e-01 4.997719999999999940e-01 6.252830000000000332e-01 3.704169999999999963e-01 6.845729999999999871e-01
5.362770000000000037e-01 6.252360000000000140e-01 5.785829999999999584e-01 3.967289999999999983e-01 6.589939999999999687e-01
6.721449999999999925e-01 5.151050000000000351e-01 5.979269999999999863e-01 5.375330000000000386e-01 6.475610000000000532e-01
6.417730000000000379e-01 7.432619999999999783e-01 7.601219999999999644e-01 5.990429999999999922e-01 7.258470000000000200e-01
3.950870000000000215e-01 2.825449999999999906e-01 3.560860000000000136e-01 3.501750000000000140e-01 3.213659999999999850e-01
4.574170000000000180e-01 4.355299999999999727e-01 6.107629999999999448e-01 4.291340000000000154e-01 5.362369999999999637e-01
3.762229999999999741e-01 3.796510000000000162e-01 3.696720000000000006e-01 3.886439999999999895e-01 4.714679999999999982e-01
5.946649999999999991e-01 6.452700000000000102e-01 4.722180000000000266e-01 6.498990000000000045e-01 5.288399999999999768e-01
7.540510000000000268e-01 5.322099999999999609e-01 6.330000000000000071e-01 6.125340000000000229e-01 4.592629999999999768e-01
4.231590000000000074e-01 4.747580000000000133e-01 3.716459999999999764e-01 3.542469999999999786e-01 6.170139999999999514e-01
4.327679999999999860e-01 3.392569999999999752e-01 3.134890000000000176e-01 2.760219999999999896e-01 3.878170000000000228e-01
5.073320000000000052e-01 4.275920000000000276e-01 4.864430000000000143e-01 3.633779999999999788e-01 6.177340000000000053e-01
5.656569999999999654e-01 6.040959999999999663e-01 6.009670000000000289e-01 6.342290000000000427e-01 6.426460000000000505e-01
5.373280000000000278e-01 6.046690000000000120e-01 5.161400000000000432e-01 6.117359999999999465e-01 5.641929999999999445e-01
5.784200000000000452e-01 5.433390000000000164e-01 5.026080000000000547e-01 3.540440000000000254e-01 5.589129999999999932e-01
6.525480000000000169e-01 7.689629999999999521e-01 6.428070000000000173e-01 7.434159999999999657e-01 6.421170000000000488e-01
5.834190000000000209e-01 5.691530000000000200e-01 4.772140000000000271e-01 5.402360000000000495e-01 6.681970000000000409e-01
6.053720000000000212e-01 5.394879999999999676e-01 5.936120000000000285e-01 3.949779999999999958e-01 5.930429999999999868e-01
5.290510000000000490e-01 5.160109999999999975e-01 5.051820000000000199e-01 5.290380000000000082e-01 3.314139999999999864e-01
4.486890000000000045e-01 4.876139999999999919e-01 4.552379999999999760e-01 5.284689999999999666e-01 5.183429999999999982e-01
5.980100000000000415e-01 6.404729999999999590e-01 6.455250000000000155e-01 6.577979999999999938e-01 5.888079999999999981e-01
4.466399999999999815e-01 4.858279999999999821e-01 6.062650000000000539e-01 5.785029999999999895e-01 5.082470000000000043e-01
3.525369999999999893e-01 5.068989999999999885e-01 4.119689999999999741e-01 5.792629999999999724e-01 4.398819999999999952e-01
4.781590000000000007e-01 3.721729999999999761e-01 4.501269999999999993e-01 5.276370000000000227e-01 3.756809999999999872e-01
4.843230000000000035e-01 4.696420000000000039e-01 5.012969999999999926e-01 4.659769999999999746e-01 3.540539999999999798e-01
5.522460000000000147e-01 3.916109999999999869e-01 4.425270000000000037e-01 5.149470000000000436e-01 4.122979999999999978e-01
7.585769999999999458e-01 4.970470000000000166e-01 6.005390000000000450e-01 6.373370000000000424e-01 4.139499999999999846e-01
3.379989999999999939e-01 4.404379999999999962e-01 4.220960000000000267e-01 2.360500000000000098e-01 5.070909999999999584e-01
6.585630000000000095e-01 5.189679999999999849e-01 5.711680000000000090e-01 5.970159999999999911e-01 6.202959999999999585e-01
3.343619999999999925e-01 2.618119999999999892e-01 3.832909999999999928e-01 3.428919999999999746e-01 3.268820000000000059e-01
7.121309999999999585e-01 7.124850000000000350e-01 8.015910000000000535e-01 6.481799999999999784e-01 6.874829999999999552e-01
4.519440000000000124e-01 6.623130000000000406e-01 5.197159999999999558e-01 4.379489999999999772e-01 6.201579999999999870e-01
3.346850000000000103e-01 3.811899999999999733e-01 3.120040000000000036e-01 4.264800000000000257e-01 2.938359999999999861e-01
6.308019999999999738e-01 4.944120000000000181e-01 5.045190000000000508e-01 5.286790000000000100e-01 3.966830000000000078e-01
6.583189999999999875e-01 5.502700000000000369e-01 5.878590000000000204e-01 5.160799999999999832e-01 5.377709999999999990e-01
6.150269999999999904e-01 6.693970000000000198e-01 5.304940000000000211e-01 6.275380000000000402e-01 6.534180000000000543e-01
5.814300000000000024e-01 5.736609999999999765e-01 5.145950000000000246e-01 4.305590000000000250e-01 5.660060000000000091e-01
1.951559999999999961e-01 3.147690000000000210e-01 2.409479999999999955e-01 2.523449999999999860e-01 2.607970000000000010e-01
6.468690000000000273e-01 4.143029999999999768e-01 4.781929999999999792e-01 5.822399999999999798e-01 3.069660000000000166e-01
5.806470000000000242e-01 5.889990000000000503e-01 7.073099999999999943e-01 6.579620000000000468e-01 7.517629999999999590e-01
5.147920000000000273e-01 4.009690000000000198e-01 5.002210000000000267e-01 6.312069999999999625e-01 3.036329999999999862e-01
4.692890000000000117e-01 4.514759999999999884e-01 5.994390000000000551e-01 2.910039999999999849e-01 5.464200000000000168e-01
4.796739999999999893e-01 3.200810000000000044e-01 5.994730000000000336e-01 5.576149999999999718e-01 3.934739999999999904e-01
6.419759999999999911e-01 6.706010000000000026e-01 7.151509999999999811e-01 4.948219999999999841e-01 5.424560000000000493e-01
6.402729999999999810e-01 6.166719999999999979e-01 6.627229999999999510e-01 6.512419999999999876e-01 6.531940000000000524e-01
4.376900000000000235e-01 3.356020000000000114e-01 4.402639999999999887e-01 3.593589999999999840e-01 4.882900000000000018e-01
7.194460000000000299e-01 7.466490000000000071e-01 6.964580000000000215e-01 7.193789999999999907e-01 7.467960000000000154e-01
5.584909999999999597e-01 5.845219999999999860e-01 6.292980000000000240e-01 5.990360000000000129e-01 5.828379999999999672e-01
2.924160000000000093e-01 3.796109999999999762e-01 3.827929999999999944e-01 3.079040000000000110e-01 3.537719999999999754e-01
5.313130000000000353e-01 6.156129999999999658e-01 6.241069999999999673e-01 6.120029999999999637e-01 5.618180000000000396e-01
4.250659999999999994e-01 6.042410000000000281e-01 4.586910000000000154e-01 5.397300000000000431e-01 6.032180000000000319e-01
4.778910000000000102e-01 6.271849999999999925e-01 6.046139999999999848e-01 4.752410000000000245e-01 6.240459999999999896e-01
4.915860000000000229e-01 5.757780000000000120e-01 5.743430000000000479e-01 6.470329999999999693e-01 5.594400000000000484e-01
4.684670000000000223e-01 5.703869999999999774e-01 5.142200000000000104e-01 6.758690000000000531e-01 6.011039999999999717e-01
5.832079999999999487e-01 4.898159999999999736e-01 5.890079999999999760e-01 5.020409999999999595e-01 7.161950000000000260e-01
6.157019999999999715e-01 6.254499999999999504e-01 4.710320000000000062e-01 4.331320000000000170e-01 5.780809999999999560e-01
6.025909999999999878e-01 4.582919999999999772e-01 5.426739999999999897e-01 6.050969999999999960e-01 4.328549999999999898e-01
4.301809999999999801e-01 5.261259999999999826e-01 4.482880000000000198e-01 4.829010000000000247e-01 4.753569999999999740e-01
6.109299999999999731e-01 6.349099999999999744e-01 7.192119999999999624e-01 4.938040000000000207e-01 7.416660000000000474e-01
4.645349999999999757e-01 4.172429999999999750e-01 3.708310000000000217e-01 5.387650000000000494e-01 5.281339999999999923e-01
5.696759999999999602e-01 3.479059999999999930e-01 5.887679999999999580e-01 5.715719999999999690e-01 3.921140000000000181e-01
6.588310000000000555e-01 5.663409999999999833e-01 6.036550000000000527e-01 5.354079999999999950e-01 6.235450000000000159e-01
5.602829999999999755e-01 5.267669999999999852e-01 4.961720000000000019e-01 6.005650000000000155e-01 6.522099999999999564e-01
5.934530000000000083e-01 7.059339999999999504e-01 7.166519999999999557e-01 5.440390000000000503e-01 6.909119999999999706e-01
6.435490000000000377e-01 5.675900000000000389e-01 6.062840000000000451e-01 5.453409999999999647e-01 5.215109999999999468e-01
5.786219999999999697e-01 3.166900000000000270e-01 5.298969999999999514e-01 3.897869999999999946e-01 5.120449999999999724e-01
3.514619999999999966e-01 3.461299999999999932e-01 2.904999999999999805e-01 2.514140000000000263e-01 2.809639999999999915e-01
4.889080000000000092e-01 3.871410000000000129e-01 3.917280000000000206e-01 4.341650000000000231e-01 5.594620000000000148e-01
4.142879999999999896e-01 4.589039999999999786e-01 3.986779999999999768e-01 3.553339999999999832e-01 3.278809999999999780e-01
6.479369999999999852e-01 7.318249999999999478e-01 6.699709999999999832e-01 7.381510000000000016e-01 7.824640000000000484e-01
4.366220000000000101e-01 5.019369999999999665e-01 4.907880000000000020e-01 5.649600000000000177e-01 5.865080000000000293e-01
5.632639999999999869e-01 3.484110000000000262e-01 4.585330000000000239e-01 3.979860000000000064e-01 4.309549999999999770e-01
4.731630000000000003e-01 4.066960000000000020e-01 2.997580000000000244e-01 4.829590000000000272e-01 2.457749999999999935e-01
5.183039999999999869e-01 6.106589999999999518e-01 3.854500000000000148e-01 5.509779999999999678e-01 5.818069999999999631e-01
7.768800000000000150e-01 5.989090000000000247e-01 6.172009999999999996e-01 6.944299999999999917e-01 4.997849999999999793e-01
8.033230000000000093e-01 6.171839999999999549e-01 6.664250000000000451e-01 7.258200000000000207e-01 5.922279999999999767e-01
5.744899999999999451e-01 5.334069999999999645e-01 5.268059999999999965e-01 4.589369999999999838e-01 7.194409999999999972e-01
6.277040000000000397e-01 6.053589999999999804e-01 6.134749999999999925e-01 6.303149999999999586e-01 6.518040000000000500e-01
6.447310000000000541e-01 5.285100000000000353e-01 4.572519999999999918e-01 5.611580000000000457e-01 6.116380000000000150e-01
4.982690000000000174e-01 5.488349999999999618e-01 4.573659999999999948e-01 6.605480000000000240e-01 6.036439999999999584e-01
4.550679999999999725e-01 4.207000000000000184e-01 4.361530000000000129e-01 5.020740000000000203e-01 3.251939999999999831e-01
5.820680000000000298e-01 4.392130000000000201e-01 7.562630000000000186e-01 4.894310000000000049e-01 5.861420000000000519e-01
5.798790000000000333e-01 7.581940000000000346e-01 5.509669999999999845e-01 5.596250000000000391e-01 6.582949999999999635e-01
5.454029999999999712e-01 4.929569999999999785e-01 5.473850000000000104e-01 5.899729999999999697e-01 6.794459999999999944e-01
5.290000000000000258e-01 6.712719999999999798e-01 4.550609999999999933e-01 6.700230000000000352e-01 5.469739999999999602e-01
3.838480000000000225e-01 2.682209999999999872e-01 3.940719999999999779e-01 2.852459999999999996e-01 2.446659999999999946e-01
5.836550000000000349e-01 3.520809999999999773e-01 6.074310000000000542e-01 6.015399999999999636e-01 4.739289999999999892e-01
3.619760000000000200e-01 4.794970000000000065e-01 4.083160000000000123e-01 2.584549999999999903e-01 5.391329999999999734e-01
6.689650000000000318e-01 6.027069999999999927e-01 7.011129999999999862e-01 6.259599999999999609e-01 6.030170000000000252e-01
7.880789999999999740e-01 6.121560000000000334e-01 6.517279999999999740e-01 6.754099999999999548e-01 6.990159999999999707e-01
3.774480000000000057e-01 3.063389999999999724e-01 3.755060000000000064e-01 2.020339999999999914e-01 3.626340000000000119e-01
4.332980000000000165e-01 5.419190000000000396e-01 3.329030000000000045e-01 5.391449999999999854e-01 3.185560000000000058e-01
4.467280000000000140e-01 5.031639999999999446e-01 4.432050000000000156e-01 3.167079999999999895e-01 4.829019999999999979e-01
4.828629999999999867e-01 5.534270000000000023e-01 4.243199999999999750e-01 4.690880000000000050e-01 3.289259999999999962e-01
4.007350000000000079e-01 5.281700000000000284e-01 4.291030000000000122e-01 6.206840000000000135e-01 6.155420000000000336e-01
1.944909999999999972e-01 4.140469999999999984e-01 2.951300000000000034e-01 2.893229999999999968e-01 3.114859999999999851e-01
5.367319999999999869e-01 6.293330000000000313e-01 5.398659999999999570e-01 5.407140000000000279e-01 4.752819999999999823e-01
4.886360000000000148e-01 4.636179999999999746e-01 4.034719999999999973e-01 3.607259999999999911e-01 3.499030000000000196e-01
3.671800000000000064e-01 3.299230000000000218e-01 3.937209999999999877e-01 4.430660000000000154e-01 4.332289999999999752e-01
6.983200000000000518e-01 7.502750000000000252e-01 6.017130000000000534e-01 5.909950000000000481e-01 5.660859999999999781e-01
4.633889999999999953e-01 4.563559999999999839e-01 4.972650000000000126e-01 5.303069999999999729e-01 4.741090000000000027e-01
5.267589999999999772e-01 5.167509999999999604e-01 4.378580000000000250e-01 5.507520000000000193e-01 5.850959999999999495e-01
5.249260000000000037e-01 4.938400000000000012e-01 4.273069999999999924e-01 4.656179999999999763e-01 5.003109999999999502e-01
7.058100000000000485e-01 7.322739999999999805e-01 7.570459999999999967e-01 7.208280000000000243e-01 7.791609999999999925e-01
8.035670000000000313e-01 7.217630000000000434e-01 7.847480000000000011e-01 7.649749999999999606e-01 7.277099999999999680e-01
6.532710000000000461e-01 5.821520000000000028e-01 7.864830000000000432e-01 5.400470000000000548e-01 5.914709999999999690e-01
4.942949999999999844e-01 4.106449999999999823e-01 4.795309999999999850e-01 4.083359999999999768e-01 4.825380000000000225e-01
6.244849999999999568e-01 4.999069999999999903e-01 5.639560000000000128e-01 4.461589999999999723e-01 5.837440000000000406e-01
4.929950000000000165e-01 5.514909999999999535e-01 6.555069999999999508e-01 6.110830000000000428e-01 7.010089999999999932e-01
3.558830000000000049e-01 4.117379999999999929e-01 2.741339999999999888e-01 4.999770000000000048e-01 4.102919999999999900e-01
3.533749999999999947e-01 4.460410000000000208e-01 2.535939999999999861e-01 3.803849999999999731e-01 3.936359999999999859e-01
6.548159999999999537e-01 5.569159999999999666e-01 6.257800000000000029e-01 6.673930000000000140e-01 5.438840000000000341e-01
4.300619999999999998e-01 5.250110000000000054e-01 5.231860000000000399e-01 3.385670000000000068e-01 3.979519999999999724e-01
7.468280000000000474e-01 7.416249999999999787e-01 7.308940000000000436e-01 6.931420000000000359e-01 6.968480000000000230e-01
4.160110000000000197e-01 3.062679999999999847e-01 4.502760000000000096e-01 4.096110000000000029e-01 2.544139999999999735e-01
7.168539999999999912e-01 6.271799999999999597e-01 6.838570000000000482e-01 6.653780000000000250e-01 6.284619999999999651e-01
3.982359999999999789e-01 5.109040000000000248e-01 4.580380000000000007e-01 3.437209999999999988e-01 4.697700000000000209e-01
3.281499999999999972e-01 5.643709999999999560e-01 3.666030000000000122e-01 5.808529999999999527e-01 4.657430000000000181e-01
7.766939999999999955e-01 6.686509999999999954e-01 7.194779999999999509e-01 7.546739999999999560e-01 6.293279999999999985e-01
4.749680000000000013e-01 3.758179999999999854e-01 4.454859999999999931e-01 4.127689999999999970e-01 4.811079999999999801e-01
4.416269999999999918e-01 4.173799999999999732e-01 6.605100000000000415e-01 3.887599999999999945e-01 6.221160000000000023e-01
3.192519999999999802e-01 3.208670000000000133e-01 2.621040000000000036e-01 3.842849999999999877e-01 2.477050000000000085e-01
4.623059999999999947e-01 2.630959999999999965e-01 4.007399999999999851e-01 4.525489999999999791e-01 3.731180000000000052e-01
4.175690000000000235e-01 3.060800000000000187e-01 4.799309999999999965e-01 3.987249999999999961e-01 4.551209999999999978e-01
4.115659999999999874e-01 5.867109999999999825e-01 5.553890000000000216e-01 5.873629999999999685e-01 5.942720000000000224e-01
5.428030000000000355e-01 6.162520000000000220e-01 6.203229999999999578e-01 6.110950000000000548e-01 5.255739999999999856e-01
5.127340000000000231e-01 5.318699999999999539e-01 3.625479999999999814e-01 6.143589999999999884e-01 2.946409999999999862e-01
7.001270000000000548e-01 4.316650000000000209e-01 5.476050000000000084e-01 5.526670000000000194e-01 6.250799999999999690e-01
4.151150000000000118e-01 6.142250000000000210e-01 4.672209999999999974e-01 5.200150000000000050e-01 3.827499999999999791e-01
5.684569999999999901e-01 6.201510000000000078e-01 6.016270000000000229e-01 4.349970000000000225e-01 5.748020000000000351e-01
5.829389999999999850e-01 5.208169999999999744e-01 5.709180000000000366e-01 7.089459999999999651e-01 4.074729999999999741e-01
7.514319999999999888e-01 7.525399999999999867e-01 7.758829999999999893e-01 7.270999999999999686e-01 7.405279999999999641e-01
3.618520000000000070e-01 4.926599999999999868e-01 3.343119999999999981e-01 4.418650000000000078e-01 5.579669999999999908e-01
2.662370000000000014e-01 4.624260000000000037e-01 2.941349999999999798e-01 3.104020000000000112e-01 4.928969999999999740e-01
6.731439999999999646e-01 6.020130000000000203e-01 7.584199999999999831e-01 5.385450000000000514e-01 6.569749999999999757e-01
6.439930000000000376e-01 6.870490000000000208e-01 4.086679999999999757e-01 6.657450000000000312e-01 4.441220000000000168e-01
6.893939999999999513e-01 7.226099999999999746e-01 7.406190000000000273e-01 7.193330000000000002e-01 7.548230000000000217e-01
3.892689999999999761e-01 4.951439999999999730e-01 4.303930000000000256e-01 2.755969999999999809e-01 5.693970000000000420e-01
4.750130000000000186e-01 6.281919999999999726e-01 5.652909999999999879e-01 3.352299999999999724e-01 6.041499999999999648e-01
6.588279999999999692e-01 5.104870000000000241e-01 5.025889999999999525e-01 4.634249999999999758e-01 6.063920000000000421e-01
4.652810000000000001e-01 5.738330000000000375e-01 3.934909999999999797e-01 4.918250000000000122e-01 4.399759999999999782e-01
4.394399999999999973e-01 3.932689999999999797e-01 3.748580000000000245e-01 4.040279999999999982e-01 4.170459999999999723e-01
5.717379999999999685e-01 5.116960000000000397e-01 3.583069999999999866e-01 5.217730000000000423e-01 5.806660000000000155e-01
4.291989999999999972e-01 6.200170000000000403e-01 5.162480000000000402e-01 5.130080000000000195e-01 3.851450000000000151e-01
6.488239999999999563e-01 6.753230000000000066e-01 5.128599999999999826e-01 5.827010000000000245e-01 6.426100000000000145e-01
7.611959999999999837e-01 7.404589999999999783e-01 6.798769999999999536e-01 6.226639999999999953e-01 7.085960000000000036e-01
6.901070000000000260e-01 5.678440000000000154e-01 6.195019999999999971e-01 5.741260000000000252e-01 6.057200000000000362e-01
3.480300000000000060e-01 5.340759999999999952e-01 3.853980000000000183e-01 5.258730000000000349e-01 5.321709999999999496e-01
4.077549999999999786e-01 4.029710000000000236e-01 5.086580000000000545e-01 5.503649999999999931e-01 6.173880000000000479e-01
4.019869999999999832e-01 3.387089999999999823e-01 2.931369999999999809e-01 3.917579999999999951e-01 3.697559999999999736e-01
5.055500000000000549e-01 4.203620000000000134e-01 6.242309999999999803e-01 3.619660000000000100e-01 4.227020000000000222e-01
7.352370000000000294e-01 6.552259999999999751e-01 6.524189999999999712e-01 6.776929999999999898e-01 7.673060000000000436e-01
4.255550000000000166e-01 3.793489999999999918e-01 3.729589999999999850e-01 6.087380000000000013e-01 3.369500000000000273e-01
5.945019999999999749e-01 6.327009999999999579e-01 7.146829999999999572e-01 5.567069999999999519e-01 4.819370000000000043e-01
4.043039999999999967e-01 6.120069999999999677e-01 4.889910000000000090e-01 4.475689999999999946e-01 6.386420000000000430e-01
4.854979999999999851e-01 5.740720000000000267e-01 6.655299999999999550e-01 4.382449999999999957e-01 5.930309999999999748e-01
6.977769999999999806e-01 6.858360000000000012e-01 6.233340000000000547e-01 7.670879999999999921e-01 6.730559999999999876e-01
7.134679999999999911e-01 6.929549999999999876e-01 6.256359999999999699e-01 7.495249999999999968e-01 6.989950000000000330e-01
5.660530000000000284e-01 5.784449999999999870e-01 3.394050000000000122e-01 6.069909999999999473e-01 4.262319999999999998e-01
2.789760000000000018e-01 2.990399999999999725e-01 2.591310000000000002e-01 2.815139999999999865e-01 2.272379999999999955e-01
6.675119999999999942e-01 7.725239999999999885e-01 5.730239999999999778e-01 7.332549999999999901e-01 7.267400000000000526e-01
6.086719999999999908e-01 6.600580000000000336e-01 6.808990000000000320e-01 4.654039999999999844e-01 5.632540000000000324e-01
3.605679999999999996e-01 3.381859999999999866e-01 5.033320000000000016e-01 4.073189999999999866e-01 4.428159999999999874e-01
4.580350000000000255e-01 2.680859999999999910e-01 2.698059999999999903e-01 3.537669999999999981e-01 3.781100000000000017e-01
4.164820000000000189e-01 5.479260000000000241e-01 4.297400000000000109e-01 4.616419999999999968e-01 3.137889999999999846e-01
5.036030000000000229e-01 6.155380000000000296e-01 4.907469999999999888e-01 6.350440000000000529e-01 5.439760000000000151e-01
4.344939999999999913e-01 6.588829999999999965e-01 4.356169999999999765e-01 7.097409999999999553e-01 4.736349999999999727e-01
6.549220000000000041e-01 5.414609999999999701e-01 4.746810000000000196e-01 6.018019999999999481e-01 5.848250000000000393e-01
3.764719999999999733e-01 5.643519999999999648e-01 4.550089999999999968e-01 6.055890000000000439e-01 5.285320000000000018e-01
5.341470000000000384e-01 4.943739999999999801e-01 5.270899999999999475e-01 2.793860000000000232e-01 5.813399999999999679e-01
5.590950000000000086e-01 4.954450000000000243e-01 5.089320000000000510e-01 5.008000000000000229e-01 4.026100000000000234e-01
3.988320000000000198e-01 5.494149999999999867e-01 6.457039999999999447e-01 4.522550000000000181e-01 5.196150000000000491e-01
5.577370000000000383e-01 4.273879999999999901e-01 5.634240000000000359e-01 5.804820000000000535e-01 3.661460000000000270e-01
4.482079999999999953e-01 3.691869999999999874e-01 3.405070000000000041e-01 3.328889999999999905e-01 3.770140000000000158e-01
5.634890000000000176e-01 6.911620000000000541e-01 6.746079999999999854e-01 6.173629999999999951e-01 5.695210000000000550e-01
5.821169999999999956e-01 3.398780000000000134e-01 6.446150000000000491e-01 4.023490000000000122e-01 5.634980000000000544e-01
4.979049999999999865e-01 5.615189999999999904e-01 5.934930000000000483e-01 5.386680000000000357e-01 3.567489999999999828e-01
3.757980000000000209e-01 2.582050000000000178e-01 3.568100000000000160e-01 3.704609999999999848e-01 3.647719999999999851e-01
3.946640000000000148e-01 4.186440000000000161e-01 4.679530000000000078e-01 3.783440000000000136e-01 3.721409999999999996e-01
7.050009999999999888e-01 6.888910000000000311e-01 7.520729999999999915e-01 6.546579999999999622e-01 6.831899999999999640e-01
3.250390000000000224e-01 3.297289999999999943e-01 4.896929999999999894e-01 2.670859999999999901e-01 3.308789999999999787e-01
4.871539999999999759e-01 4.228410000000000224e-01 4.680830000000000268e-01 5.440420000000000256e-01 4.159880000000000244e-01
5.228180000000000049e-01 4.754800000000000137e-01 6.807029999999999470e-01 3.521799999999999931e-01 5.807160000000000100e-01
4.715559999999999752e-01 5.522420000000000107e-01 3.704689999999999928e-01 6.485769999999999591e-01 5.153280000000000083e-01
4.811030000000000029e-01 6.662379999999999969e-01 4.946409999999999973e-01 6.336659999999999515e-01 6.833160000000000345e-01
5.208730000000000304e-01 4.137609999999999899e-01 6.456380000000000452e-01 4.735019999999999785e-01 7.091819999999999791e-01
5.753139999999999921e-01 5.364149999999999752e-01 6.116200000000000525e-01 4.104720000000000035e-01 6.183920000000000528e-01
6.088299999999999823e-01 3.980859999999999954e-01 4.689240000000000075e-01 5.712220000000000075e-01 3.239420000000000077e-01
6.195249999999999924e-01 3.995299999999999963e-01 5.675299999999999789e-01 6.408329999999999860e-01 4.207929999999999726e-01
5.276669999999999972e-01 4.414589999999999903e-01 5.850880000000000525e-01 5.553780000000000383e-01 6.968440000000000190e-01
5.962979999999999947e-01 5.484949999999999548e-01 5.044939999999999980e-01 4.837130000000000041e-01 5.948470000000000146e-01
5.484799999999999676e-01 7.005780000000000340e-01 4.648229999999999862e-01 5.832249999999999934e-01 4.697700000000000209e-01
5.733700000000000463e-01 5.712409999999999988e-01 5.050590000000000357e-01 3.798750000000000182e-01 6.135509999999999575e-01
5.698879999999999502e-01 4.273609999999999909e-01 6.453320000000000167e-01 6.053979999999999917e-01 5.201440000000000508e-01
4.691069999999999962e-01 7.404209999999999958e-01 4.625690000000000079e-01 5.931509999999999838e-01 6.814139999999999642e-01
4.056830000000000158e-01 3.007830000000000226e-01 3.166039999999999965e-01 2.972580000000000222e-01 3.496679999999999788e-01
4.387110000000000176e-01 4.900499999999999856e-01 3.429820000000000091e-01 6.185500000000000442e-01 4.352550000000000030e-01
5.024309999999999610e-01 5.645679999999999588e-01 5.182470000000000132e-01 3.111340000000000217e-01 4.092759999999999732e-01
6.403480000000000283e-01 5.350139999999999896e-01 8.083230000000000137e-01 5.763319999999999554e-01 6.033969999999999612e-01
3.321569999999999800e-01 5.860980000000000079e-01 4.404580000000000162e-01 4.808799999999999741e-01 5.925709999999999589e-01
5.729699999999999793e-01 5.187070000000000292e-01 6.363140000000000462e-01 5.734190000000000120e-01 3.852729999999999766e-01
3.900100000000000233e-01 5.313240000000000185e-01 3.559700000000000086e-01 3.280549999999999855e-01 3.971810000000000063e-01
4.893020000000000147e-01 6.626060000000000283e-01 7.263889999999999514e-01 5.179890000000000327e-01 7.144580000000000375e-01
3.675419999999999798e-01 3.138290000000000246e-01 3.688029999999999919e-01 4.395899999999999808e-01 2.511579999999999924e-01
2.598329999999999806e-01 2.829800000000000093e-01 3.087590000000000057e-01 3.297289999999999943e-01 2.742430000000000145e-01
5.218819999999999570e-01 6.927959999999999674e-01 6.573630000000000306e-01 4.280930000000000013e-01 6.374990000000000379e-01
2.684509999999999952e-01 5.658889999999999754e-01 5.524489999999999679e-01 3.933949999999999947e-01 6.027959999999999985e-01
4.354830000000000090e-01 2.918290000000000051e-01 4.320410000000000084e-01 3.665959999999999774e-01 4.597970000000000113e-01
3.861280000000000268e-01 5.371879999999999988e-01 4.871210000000000262e-01 5.240829999999999655e-01 4.620389999999999775e-01
4.542410000000000059e-01 3.430170000000000163e-01 4.967630000000000101e-01 5.342959999999999932e-01 4.569829999999999726e-01
5.162259999999999627e-01 4.452729999999999744e-01 4.808490000000000264e-01 2.724650000000000127e-01 4.120940000000000158e-01
4.200679999999999970e-01 5.886949999999999683e-01 3.029149999999999898e-01 5.295870000000000299e-01 4.123229999999999951e-01
4.513380000000000170e-01 5.084929999999999728e-01 5.870069999999999455e-01 4.991619999999999946e-01 5.552639999999999798e-01
7.532259999999999511e-01 5.924819999999999531e-01 6.732690000000000063e-01 6.107970000000000343e-01 5.233790000000000386e-01
4.969040000000000123e-01 4.197529999999999872e-01 2.731270000000000087e-01 4.479940000000000033e-01 3.152840000000000087e-01
5.677950000000000497e-01 6.595130000000000159e-01 5.266680000000000250e-01 7.090159999999999796e-01 6.456279999999999797e-01
3.388630000000000253e-01 5.427100000000000257e-01 3.295799999999999841e-01 4.229269999999999974e-01 4.608169999999999766e-01
5.589119999999999644e-01 5.649149999999999450e-01 5.392209999999999503e-01 7.244810000000000416e-01 5.072539999999999827e-01
5.232320000000000304e-01 6.233400000000000052e-01 6.602529999999999788e-01 6.096920000000000117e-01 5.623310000000000253e-01
7.247670000000000501e-01 6.970680000000000209e-01 6.862470000000000514e-01 7.039729999999999599e-01 6.576349999999999696e-01
7.394249999999999989e-01 6.266620000000000523e-01 7.516559999999999908e-01 6.034880000000000244e-01 7.236749999999999572e-01
6.048360000000000403e-01 6.795409999999999506e-01 6.166000000000000369e-01 6.254330000000000167e-01 5.724460000000000104e-01
5.541279999999999539e-01 4.856269999999999754e-01 4.222580000000000222e-01 5.903230000000000421e-01 5.090510000000000312e-01
3.993860000000000188e-01 2.917710000000000026e-01 4.800090000000000190e-01 3.781089999999999729e-01 3.739569999999999839e-01
3.650709999999999789e-01 4.052339999999999831e-01 3.681360000000000188e-01 4.746009999999999951e-01 3.553049999999999820e-01
3.281020000000000048e-01 2.490600000000000036e-01 3.688520000000000132e-01 3.530280000000000085e-01 3.092840000000000034e-01
6.502869999999999484e-01 7.239609999999999657e-01 7.508979999999999544e-01 6.148449999999999749e-01 7.324490000000000167e-01
3.455219999999999958e-01 3.972200000000000175e-01 4.074929999999999941e-01 2.907689999999999997e-01 4.468779999999999974e-01
4.816900000000000071e-01 4.680900000000000061e-01 2.640060000000000184e-01 4.599179999999999935e-01 4.196730000000000183e-01
