5
977
0.588619 0.552391 0.812663 0.498517 0.62251 
0.433447 0.627655 0.718938 0.466962 0.731025 
0.480951 0.5366300000000001 0.414356 0.426163 0.241166 
0.277223 0.353878 0.346129 0.33097 0.565084 
0.533613 0.397216 0.75309 0.348187 0.642458 
0.3482 0.472957 0.241103 0.539988 0.245323 
0.722545 0.579353 0.72831 0.471571 0.5725980000000001 
0.572217 0.507063 0.689621 0.364956 0.749787 
0.327486 0.6856989999999999 0.393218 0.437994 0.399072 
0.56489 0.320206 0.7186979999999999 0.354409 0.572831 
0.248374 0.268617 0.431903 0.262183 0.281589 
0.507271 0.562927 0.236237 0.478493 0.346058 
0.529895 0.37062 0.385966 0.291676 0.310336 
0.69714 0.720963 0.449782 0.647992 0.621847 
0.329179 0.557136 0.215647 0.531832 0.500076 
0.728383 0.293321 0.706681 0.458427 0.419777 
0.801393 0.543488 0.544301 0.584942 0.515897 
0.410173 0.533981 0.303148 0.527959 0.245422 
0.588246 0.72636 0.459659 0.6265849999999999 0.742917 
0.677727 0.338993 0.691469 0.499069 0.315247 
0.606525 0.32059 0.701573 0.5784589999999999 0.439138 
0.366147 0.400584 0.346725 0.17269 0.418528 
0.167693 0.251899 0.294578 0.269514 0.276096 
0.481958 0.452914 0.373537 0.245492 0.4663 
0.214439 0.357282 0.48207 0.283559 0.457771 
0.692141 0.295097 0.551617 0.412661 0.374744 
0.435173 0.290947 0.297565 0.22226 0.373327 
0.348091 0.729683 0.39055 0.635462 0.575129 
0.283547 0.2699 0.389124 0.455362 0.403817 
0.293657 0.46668 0.289302 0.356015 0.226803 
0.446548 0.437106 0.7325469999999999 0.509395 0.611405 
0.687183 0.595198 0.552588 0.484356 0.353259 
0.676625 0.317355 0.518274 0.500467 0.246686 
0.488602 0.529655 0.391894 0.594126 0.697116 
0.445348 0.390423 0.711848 0.546269 0.535412 
0.508138 0.405198 0.59273 0.698174 0.520402 
0.411398 0.445955 0.531702 0.381514 0.771641 
0.316878 0.527899 0.237942 0.447493 0.265153 
0.720268 0.382131 0.5711619999999999 0.598197 0.599664 
0.783044 0.7297129999999999 0.628339 0.79376 0.584253 
0.340768 0.45539 0.171587 0.373989 0.286198 
0.340952 0.377863 0.352334 0.278745 0.590307 
0.693408 0.715355 0.805278 0.753745 0.67525 
0.33451 0.2788 0.460043 0.484484 0.37113 
0.79212 0.799521 0.792923 0.854483 0.804188 
0.586483 0.553378 0.771786 0.67265 0.552768 
0.348188 0.456098 0.571137 0.446528 0.714812 
0.785022 0.706122 0.791001 0.810418 0.709739 
0.447776 0.449512 0.480831 0.423014 0.233175 
0.771899 0.762717 0.711554 0.7692099999999999 0.584623 
0.675752 0.373993 0.361402 0.55003 0.416115 
0.39131 0.652682 0.244012 0.511872 0.396487 
0.330108 0.373132 0.2736 0.424279 0.532122 
0.381924 0.71944 0.635428 0.454171 0.646933 
0.823215 0.744854 0.838662 0.778979 0.817051 
0.344661 0.456724 0.548821 0.234057 0.481376 
0.665242 0.308153 0.660395 0.60407 0.434444 
0.382495 0.541417 0.59289 0.500974 0.362842 
0.817469 0.8416940000000001 0.7741400000000001 0.8015679999999999 0.7884 
0.291143 0.262033 0.523155 0.283405 0.403947 
0.482156 0.506483 0.38141 0.594114 0.219911 
0.539008 0.402639 0.356112 0.330238 0.290811 
0.637306 0.576357 0.436772 0.700193 0.306175 
0.269781 0.404556 0.475283 0.271052 0.633601 
0.29516 0.619833 0.508478 0.555961 0.513117 
0.340863 0.608685 0.572622 0.307154 0.730572 
0.504038 0.473342 0.39457 0.37953 0.701371 
0.596023 0.688862 0.484957 0.447376 0.52707 
0.345764 0.444058 0.655506 0.267047 0.653597 
0.283272 0.455993 0.456315 0.585415 0.5403480000000001 
0.6833050000000001 0.455667 0.650317 0.761337 0.567036 
0.177206 0.305767 0.424551 0.305677 0.397799 
0.263934 0.32581 0.564075 0.343596 0.471897 
0.76078 0.8509139999999999 0.725502 0.83255 0.782007 
0.438997 0.401303 0.484035 0.403208 0.728449 
0.241839 0.476052 0.405766 0.568735 0.393116 
0.253359 0.207885 0.402672 0.214121 0.383596 
0.254439 0.463364 0.363844 0.238926 0.5376300000000001 
0.824886 0.827282 0.8246599999999999 0.769257 0.8358449999999999 
0.526138 0.20029 0.413603 0.387936 0.382724 
0.545337 0.272724 0.733611 0.453226 0.494554 
0.396764 0.40282 0.258448 0.619908 0.300536 
0.187372 0.462847 0.38633 0.236542 0.533283 
0.256677 0.398077 0.50334 0.247584 0.408034 
0.230139 0.249337 0.139301 0.269043 0.212307 
0.240207 0.417781 0.21963 0.37727 0.443211 
0.613453 0.484739 0.818062 0.456222 0.573761 
0.618571 0.512529 0.488267 0.76623 0.387665 
0.277892 0.353995 0.281527 0.518871 0.298076 
0.283546 0.217931 0.345761 0.259427 0.186239 
0.570555 0.5815940000000001 0.497618 0.366525 0.343341 
0.552937 0.647962 0.476573 0.64571 0.320229 
0.469449 0.523806 0.490169 0.321169 0.313145 
0.209485 0.224195 0.309391 0.231272 0.17773 
0.442332 0.354912 0.58749 0.646377 0.438229 
0.666399 0.5291940000000001 0.646297 0.641293 0.769207 
0.254018 0.15528 0.323772 0.184995 0.310673 
0.539465 0.716585 0.401568 0.696706 0.385362 
0.6506769999999999 0.670529 0.588588 0.539988 0.382241 
0.661195 0.640568 0.630167 0.5200129999999999 0.78373 
0.288217 0.544663 0.619059 0.405129 0.61014 
0.64158 0.534226 0.386647 0.456269 0.315592 
0.338313 0.44932 0.231486 0.496683 0.51998 
0.645335 0.420031 0.776942 0.588116 0.520127 
0.70802 0.813302 0.598061 0.793387 0.743682 
0.489793 0.810333 0.50304 0.609116 0.578067 
0.596016 0.725149 0.366159 0.571147 0.649369 
0.376198 0.374792 0.503644 0.5918020000000001 0.589734 
0.67979 0.6609 0.540543 0.687157 0.388139 
0.32684 0.623583 0.536588 0.292953 0.605776 
0.372474 0.238915 0.382999 0.17537 0.249319 
0.421173 0.269694 0.269191 0.315126 0.425733 
0.394404 0.658281 0.6374840000000001 0.46405 0.466014 
0.475172 0.512283 0.764489 0.532799 0.65798 
0.735038 0.862501 0.747297 0.793891 0.727218 
0.838473 0.773459 0.75641 0.7932129999999999 0.707781 
0.2953 0.520488 0.190983 0.48285 0.361812 
0.491692 0.246775 0.396279 0.543385 0.419463 
0.217996 0.187904 0.287496 0.265765 0.213609 
0.498651 0.732963 0.716412 0.525439 0.686913 
0.692927 0.643859 0.709247 0.5733549999999999 0.81957 
0.400343 0.614789 0.276006 0.396238 0.568922 
0.518154 0.340321 0.549525 0.681623 0.415105 
0.711817 0.641818 0.40375 0.691842 0.541013 
0.568294 0.568561 0.448441 0.404353 0.300633 
0.509502 0.529986 0.337584 0.317405 0.405644 
0.535405 0.382719 0.470606 0.314661 0.655578 
0.586799 0.469973 0.5578419999999999 0.664443 0.300118 
0.719878 0.28855 0.607035 0.452963 0.390309 
0.706963 0.672364 0.719946 0.641983 0.838589 
0.642023 0.472682 0.51567 0.69429 0.636556 
0.556527 0.792722 0.573323 0.510699 0.760334 
0.271081 0.611666 0.531156 0.464988 0.698837 
0.272546 0.170549 0.309258 0.300296 0.18918 
0.346894 0.181339 0.438667 0.215085 0.334944 
0.309211 0.731273 0.429011 0.400034 0.577164 
0.453622 0.223264 0.55383 0.293621 0.322017 
0.429638 0.372737 0.615279 0.260325 0.38597 
0.430256 0.253793 0.633399 0.352539 0.564689 
0.385569 0.748986 0.557405 0.510908 0.54709 
0.804535 0.830812 0.822079 0.825492 0.789646 
0.350394 0.30969 0.358243 0.279575 0.178822 
0.427776 0.7319020000000001 0.458363 0.436415 0.730369 
0.410539 0.771149 0.36046 0.574377 0.479836 
0.514025 0.612442 0.569615 0.429342 0.343808 
0.255298 0.606414 0.56662 0.42308 0.647166 
0.471848 0.466461 0.482016 0.569428 0.24635 
0.545339 0.568757 0.441817 0.589087 0.733725 
0.502814 0.198859 0.387376 0.34791 0.31942 
0.766417 0.546224 0.731316 0.6694329999999999 0.477355 
0.751404 0.733646 0.812111 0.627996 0.729145 
0.386519 0.713385 0.276767 0.630515 0.433498 
0.416278 0.33366 0.45391 0.600474 0.512661 
0.241033 0.350313 0.190894 0.363978 0.2024 
0.539837 0.24144 0.491502 0.521061 0.513496 
0.5296920000000001 0.490225 0.400484 0.285451 0.423358 
0.443142 0.618207 0.472626 0.730639 0.601678 
0.636142 0.72503 0.519976 0.761853 0.477113 
0.5303099999999999 0.687636 0.442099 0.515672 0.370032 
0.672303 0.676817 0.81477 0.6794 0.816326 
0.839058 0.555786 0.641922 0.695536 0.587422 
0.622378 0.802077 0.740977 0.744202 0.7266280000000001 
0.50278 0.483487 0.737602 0.322777 0.609626 
0.5879259999999999 0.503792 0.49862 0.330525 0.627329 
0.8335320000000001 0.697638 0.765927 0.8018960000000001 0.682745 
0.531648 0.31596 0.507393 0.582449 0.5929489999999999 
0.561313 0.726946 0.718334 0.726758 0.7269949999999999 
0.72736 0.442023 0.524611 0.440508 0.585089 
0.633244 0.629165 0.410077 0.773569 0.462146 
0.472254 0.484225 0.418343 0.320174 0.656457 
0.403757 0.490546 0.456678 0.227281 0.561844 
0.578896 0.368795 0.56051 0.256727 0.512966 
0.42741 0.260618 0.456867 0.532049 0.277373 
0.805049 0.825747 0.805707 0.780326 0.747735 
0.348482 0.542858 0.630868 0.422481 0.400164 
0.346337 0.350163 0.355562 0.514625 0.229118 
0.761057 0.805697 0.708608 0.695771 0.683622 
0.19296 0.451448 0.196433 0.342751 0.371078 
0.404904 0.308529 0.563533 0.421383 0.293893 
0.379451 0.770518 0.475781 0.58497 0.605827 
0.199502 0.250273 0.182128 0.245277 0.152718 
0.7120379999999999 0.473441 0.412427 0.525996 0.541386 
0.409891 0.297179 0.455033 0.198619 0.472661 
0.463783 0.51622 0.515365 0.541278 0.787937 
0.652099 0.351745 0.401427 0.511663 0.523236 
0.687146 0.288067 0.664245 0.486438 0.329402 
0.428936 0.534243 0.157621 0.539638 0.414944 
0.523888 0.785961 0.668939 0.610058 0.6037979999999999 
0.73423 0.7649629999999999 0.714485 0.6379359999999999 0.825424 
0.53152 0.702826 0.453831 0.768851 0.585986 
0.534096 0.438612 0.692798 0.646378 0.634253 
0.603801 0.346104 0.574589 0.571064 0.654774 
0.619104 0.72145 0.760444 0.519719 0.755524 
0.574789 0.259628 0.632165 0.323432 0.377312 
0.662986 0.499816 0.6399049999999999 0.350232 0.451765 
0.541714 0.2362 0.559808 0.546759 0.435617 
0.460595 0.733198 0.37324 0.6366579999999999 0.404756 
0.434677 0.420046 0.569016 0.511014 0.707938 
0.396673 0.736193 0.321447 0.50552 0.5845359999999999 
0.685812 0.612358 0.512636 0.794583 0.456826 
0.823676 0.715544 0.7079299999999999 0.811172 0.683673 
0.290156 0.308526 0.354079 0.244545 0.181781 
0.457928 0.8180730000000001 0.466814 0.5412130000000001 0.690771 
0.7232460000000001 0.694931 0.646205 0.815369 0.738098 
0.586152 0.765496 0.753503 0.664754 0.773988 
0.577674 0.63584 0.602787 0.5336419999999999 0.355933 
0.582311 0.429167 0.7442839999999999 0.620784  0.647 
0.362625 0.520134 0.574145 0.572063 0.695913 
0.557437 0.589645 0.715664 0.72783 0.599945 
0.674297 0.528382 0.47506 0.449801 0.341284 
0.6453950000000001 0.570593 0.538471 0.664057 0.736569 
0.534168 0.386401 0.305865 0.346475 0.5193410000000001 
0.366311 0.305475 0.54399 0.231598 0.376218 
0.260521 0.665668 0.488385 0.456777 0.651369 
0.415078 0.6519160000000001 0.342126 0.6775330000000001 0.610691 
0.384832 0.449328 0.438373 0.641664 0.591475 
0.701408 0.612217 0.437787 0.7437550000000001 0.421157 
0.488605 0.269666 0.652216 0.504058 0.413409 
0.454883 0.195064 0.497153 0.451287 0.318339 
0.344497 0.324243 0.312849 0.58258 0.376823 
0.717495 0.447701 0.787519 0.473013 0.617401 
0.267527 0.218255 0.365753 0.192739 0.266667 
0.340381 0.666205 0.441771 0.469243 0.744331 
0.6646879999999999 0.420253 0.319437 0.499352 0.413078 
0.253934 0.440334 0.142064 0.352216 0.28116 
0.30094 0.322182 0.461155 0.18597 0.389945 
0.61672 0.521467 0.798184 0.587096 0.721318 
0.548562 0.764149 0.647535 0.744268 0.61148 
0.477873 0.532635 0.669656 0.460183 0.824691 
0.432528 0.750596 0.500835 0.470709 0.744209 
0.60912 0.396941 0.61598 0.653428 0.663747 
0.377779 0.374866 0.430761 0.409607 0.188463 
0.459206 0.532183 0.263169 0.378446 0.592481 
0.534008 0.252308 0.48138 0.271416 0.508024 
0.466535 0.290643 0.51327 0.200637 0.384469 
0.741777 0.7232460000000001 0.686458 0.858124 0.677219 
0.175373 0.366807 0.269168 0.335703 0.243988 
0.789636 0.520458 0.698559 0.728608 0.65429 
0.545806 0.553301 0.7794 0.5055500000000001 0.501968 
0.651629 0.728293 0.738968 0.543614 0.5991610000000001 
0.661351 0.461361 0.429002 0.743332 0.430207 
0.381606 0.290058 0.521176 0.203235 0.517709 
0.544247 0.380107 0.370477 0.646834 0.258417 
0.566236 0.656075 0.7493570000000001 0.71465 0.738272 
0.715415 0.637937 0.852685 0.6515570000000001 0.674802 
0.482793 0.66108 0.659303 0.3665 0.669736 
0.234353 0.156607 0.322392 0.22324 0.298621 
0.269844 0.191128 0.208931 0.203549 0.16533 
0.427032 0.6689580000000001 0.275668 0.571632 0.327606 
0.532204 0.330534 0.467702 0.493511 0.652517 
0.802471 0.480881 0.729152 0.6439780000000001 0.60085 
0.156491 0.197965 0.113973 0.175866 0.196963 
0.460908 0.192762 0.362971 0.461107 0.260408 
0.447222 0.451744 0.642888 0.629235 0.387888 
0.378534 0.487663 0.511981 0.663573 0.626414 
0.445635 0.276177 0.651345 0.285098 0.599608 
0.161224 0.391312 0.215211 0.284815 0.364422 
0.618456 0.324953 0.6924439999999999 0.373066 0.392836 
0.189211 0.256189 0.240691 0.332923 0.250165 
0.207481 0.242324 0.255759 0.178415 0.193168 
0.723622 0.464197 0.629298 0.450137 0.654439 
0.479158 0.6987989999999999 0.300506 0.673266 0.506767 
0.192909 0.318995 0.332716 0.188241 0.336665 
0.342181 0.612734 0.654641 0.541987 0.637487 
0.757412 0.553749 0.827739 0.649444 0.675076 
0.340279 0.401089 0.369822 0.6161140000000001 0.506033 
0.227397 0.270782 0.283363 0.28475 0.419871 
0.743291 0.492156 0.443778 0.499212 0.5006389999999999 
0.690792 0.386135 0.746069 0.60289 0.663483 
0.578923 0.433466 0.261771 0.499188 0.360421 
0.428637 0.209249 0.400399 0.330064 0.46769 
0.595511 0.401881 0.552021 0.449179 0.738317 
0.738762 0.723007 0.821284 0.7475850000000001 0.667571 
0.458926 0.584413 0.439826 0.278264 0.58927 
0.464146 0.252757 0.348479 0.416428 0.185436 
0.660593 0.716749 0.535751 0.724526 0.767734 
0.6027130000000001 0.34452 0.539771 0.272521 0.552245 
0.757117 0.827404 0.786763 0.714795 0.820045 
0.720762 0.7914060000000001 0.840872 0.745023 0.736904 
0.262236 0.348117 0.202424 0.305324 0.428742 
0.600111 0.511139 0.297462 0.6591399999999999 0.405719 
0.568902 0.341314 0.449215 0.40867 0.205235 
0.267771 0.292913 0.28671 0.174005 0.385982 
0.289007 0.174384 0.236016 0.31348 0.175543 
0.390453 0.690195 0.410554 0.600834 0.358595 
0.638912 0.472097 0.555069 0.376562 0.32115 
0.41031 0.4456 0.585521 0.246708 0.423593 
0.181468 0.213416 0.222931 0.188596 0.16181 
0.27349 0.220369 0.406228 0.346362 0.394325 
0.42832 0.70311 0.400819 0.587853 0.704388 
0.226518 0.49965 0.461696 0.406969 0.600338 
0.331549 0.217493 0.209922 0.209927 0.20766 
0.606529 0.640966 0.708318 0.422853 0.6845869999999999 
0.298482 0.621658 0.378885 0.349844 0.358083 
0.673945 0.412155 0.647844 0.483979 0.290825 
0.357707 0.759808 0.444814 0.632055 0.612274 
0.484156 0.381877 0.656659 0.25201 0.642241 
0.464397 0.5753819999999999 0.735329 0.39154 0.712992 
0.528295 0.719032 0.560752 0.761014 0.49687 
0.490021 0.484944 0.398348 0.666932 0.247147 
0.12951 0.216571 0.16246 0.190121 0.197727 
0.459588 0.69635 0.652024 0.496607 0.824165 
0.849588 0.782493 0.762756 0.792709 0.7761479999999999 
0.350903 0.237926 0.528969 0.221466 0.511361 
0.398736 0.336535 0.65547 0.481537 0.603313 
0.409881 0.561787 0.5308079999999999 0.313361 0.343542 
0.220442 0.358013 0.241271 0.381504 0.434538 
0.492632 0.481962 0.522598 0.761946 0.529832 
0.460753 0.430026 0.229993 0.3271 0.362339 
0.606376 0.7904949999999999 0.440097 0.71617 0.643189 
0.48496 0.28123 0.583693 0.483896 0.603983 
0.368492 0.504789 0.549855 0.65463 0.464026 
0.456504 0.636558 0.723666 0.56885 0.692865 
0.656927 0.790073 0.60556 0.808325 0.703854 
0.670637 0.577994 0.577828 0.776559 0.66984 
0.670287 0.413615 0.498465 0.719078 0.474085 
0.649899 0.626207 0.511656 0.437665 0.438288 
0.131935 0.264926 0.176154 0.202995 0.264262 
0.452783 0.492728 0.554683 0.265132 0.672072 
0.718314 0.526876 0.602513 0.656755 0.715243 
0.712807 0.516058 0.595462 0.404085 0.590804 
0.293645 0.477941 0.30498 0.582939 0.419199 
0.483454 0.765529 0.522477 0.7206129999999999 0.504749 
0.36202 0.469747 0.43678 0.1939 0.417371 
0.632614 0.82947 0.500947 0.750232 0.613212 
0.384684 0.634624 0.672525 0.36845 0.6021300000000001 
0.546692 0.482882 0.293735 0.711924 0.299606 
0.552951 0.659951 0.271849 0.655072 0.42045 
0.788976 0.627717 0.82146 0.717882 0.751075 
0.776872 0.811445 0.850959 0.732343 0.792789 
0.269387 0.458763 0.286816 0.376458 0.592146 
0.617406 0.506812 0.50935 0.650693 0.698648 
0.346737 0.252147 0.330858 0.162631 0.24865 
0.332697 0.481048 0.265522 0.234291 0.420451 
0.731054 0.666815 0.550246 0.724252 0.7434539999999999 
0.168631 0.497914 0.285443 0.322568 0.407367 
0.748986 0.738584 0.56903 0.810871 0.678072 
0.228435 0.437077 0.439395 0.470577 0.536162 
0.30753 0.192983 0.221304 0.273545 0.301585 
0.293445 0.474368 0.170513 0.46066 0.369319 
0.534701 0.82484 0.427337 0.58088 0.56828 
0.530589 0.363281 0.264849 0.574076 0.403759 
0.656415 0.75029 0.661911 0.8049269999999999 0.599875 
0.668596 0.300212 0.522553 0.366035 0.408021 
0.629243 0.52696 0.336261 0.431919 0.498204 
0.621462 0.767186 0.412839 0.726592 0.518001 
0.768624 0.801072 0.662532 0.746506 0.625825 
0.510228 0.655358 0.607606 0.377936 0.773427 
0.374966 0.378019 0.225991 0.481067 0.219669 
0.447213 0.40705 0.255132 0.478399 0.521685 
0.313945 0.7190839999999999 0.356296 0.491596 0.430231 
0.683658 0.371208 0.483353 0.662099 0.356574 
0.557937 0.760359 0.549799 0.635158 0.788811 
0.27612 0.251466 0.23264 0.407968 0.234784 
0.628669 0.245327 0.645146 0.505682  0.376 
0.560119 0.263296 0.363754 0.5144919999999999 0.305193 
0.383578 0.483974 0.525975 0.566257 0.319714 
0.472916 0.614283 0.379883 0.414741 0.30274 
0.446534 0.6500629999999999 0.307214 0.399255 0.431015 
0.561344 0.255309 0.386371 0.303144 0.334171 
0.759889 0.7529940000000001 0.652388 0.677085 0.772884 
0.748443 0.517241 0.59107 0.77956 0.5242019999999999 
0.478422 0.376246 0.52139 0.600997 0.638051 
0.812156 0.7367629999999999 0.652143 0.771895 0.722655 
0.291343 0.210926 0.405743 0.301617 0.428686 
0.269614 0.478486 0.551125 0.439617 0.606877 
0.443406 0.406147 0.34483 0.493559 0.634286 
0.780127 0.590291 0.719081 0.685975 0.760068 
0.350884 0.314326 0.412906 0.346928 0.177776 
0.266258 0.588569 0.454324 0.453719 0.408428 
0.540192 0.535654 0.68697 0.671015 0.427833 
0.331159 0.464559 0.166062 0.34994 0.375821 
0.592828 0.649217 0.488148 0.744322 0.716159 
0.529595 0.406113 0.569778 0.53483 0.243906 
0.747947 0.725038 0.500862 0.7414230000000001 0.602948 
0.298978 0.215447 0.312998 0.392419 0.312324 
0.196078 0.418538 0.328938 0.366674 0.299012 
0.331114 0.261296 0.162902 0.298668 0.239367 
0.408059 0.5223179999999999 0.255351 0.5090750000000001 0.576385 
0.459551 0.79434 0.534628 0.640218 0.547059 
0.563965 0.6744329999999999 0.50308 0.809104 0.585537 
0.629515 0.816058 0.679084 0.705447 0.610981 
0.685817 0.534548 0.844669 0.57533 0.683299 
0.786608 0.6375459999999999 0.709724 0.761501 0.53392 
0.6256 0.780367 0.688344 0.578889 0.592626 
0.176546 0.149076 0.150197 0.185944 0.147749 
0.465292 0.26013 0.663154 0.394806 0.5524520000000001 
0.308402 0.144279 0.302075 0.229368 0.197338 
0.56464 0.625763 0.340561 0.680275 0.355446 
0.604715 0.684462 0.54236 0.443176 0.743298 
0.653734 0.729678 0.698034 0.802387 0.775813 
0.163936 0.188786 0.194808 0.142605 0.185903 
0.59302 0.638675 0.499849 0.519268 0.749203 
0.746469 0.752363 0.640661 0.61029 0.655923 
0.850627 0.740026 0.76236 0.746053 0.75643 
0.816874 0.726762 0.808657 0.762433 0.830654 
0.213003 0.499386 0.351448 0.26975 0.566303 
0.633263 0.539921 0.352551 0.50514 0.320095 
0.860159 0.796566 0.833772 0.805343 0.787861 
0.347982 0.761006 0.42621 0.588876 0.540069 
0.7538280000000001 0.839063 0.755816 0.832171 0.827334 
0.324956 0.415884 0.5019749999999999 0.214467 0.602738 
0.646466 0.491593 0.391537 0.736976 0.459754 
0.694169 0.395925 0.604981 0.296769 0.470638 
0.71592 0.576863 0.648741 0.474176 0.708217 
0.774133 0.5675829999999999 0.767635 0.760135 0.636077 
0.572801 0.662814 0.565613 0.740713 0.395828 
0.639212 0.429301 0.749665 0.322129 0.565814 
0.19944 0.248599 0.136404 0.291752 0.235895 
0.218068 0.319523 0.342322 0.345069 0.24951 
0.738089 0.76649 0.6793400000000001 0.77998 0.813501 
0.280033 0.212689 0.346587 0.318597 0.405055 
0.8129729999999999 0.79538 0.7498 0.848511 0.735368 
0.661398 0.400317 0.661029 0.681546 0.399703 
0.353957 0.648466 0.476372 0.647988 0.493408 
0.50696 0.376006 0.408946 0.563383 0.623161 
0.316314 0.212972 0.489871 0.329625 0.355971 
0.237059 0.224477 0.224599 0.30557 0.347627 
0.433684 0.734568 0.663382 0.588234 0.714869 
0.597147 0.268015 0.584993 0.317146 0.588508 
0.415524 0.269305 0.430939 0.484925 0.5094880000000001 
0.454184 0.688049 0.542776 0.448062 0.811903 
0.296569 0.200623 0.465558 0.269605 0.362739 
0.31629 0.530987 0.278631 0.296185 0.500179 
0.40532 0.221513 0.550495 0.243349 0.391878 
0.768116 0.384163 0.528559 0.6248089999999999 0.475802 
0.331871 0.556437 0.29826 0.554115 0.588237 
0.788006 0.455958 0.5330780000000001 0.664394 0.513124 
0.7587 0.505331 0.556769 0.714968 0.429711 
0.367117 0.415727 0.667218 0.525954 0.542454 
0.472005 0.196552 0.418693 0.266138 0.401571 
0.379847 0.363589 0.34427 0.383725 0.5976860000000001 
0.752796 0.609199 0.802816 0.627775 0.81169 
0.354391 0.198049 0.31619 0.434263 0.270103 
0.320903 0.136833 0.324741 0.263411 0.250962 
0.649509 0.808746 0.634777 0.681698 0.541502 
0.693495 0.5530659999999999 0.511783 0.749022 0.653003 
0.449868 0.51318 0.465739 0.718232 0.622475 
0.534646 0.689351 0.30049 0.500672 0.6180060000000001 
0.699782 0.614553 0.464437 0.715167 0.655783 
0.705562 0.317412 0.692612 0.566681 0.587391 
0.687628 0.376368 0.603897 0.681052 0.534508 
0.581995 0.568012 0.734783 0.6600470000000001 0.767479 
0.607439 0.530973 0.437049 0.720591 0.635714 
0.317817 0.702028 0.332686 0.544003 0.634369 
0.383371 0.351036 0.240731 0.379865 0.481571 
0.416289 0.5523400000000001 0.660095 0.318412 0.7366819999999999 
0.642486 0.722808 0.797835 0.749985 0.726202 
0.626012 0.480055 0.5491509999999999 0.7336240000000001 0.352315 
0.5548 0.259138 0.430953 0.564404 0.380658 
0.40216 0.39319 0.652243 0.432827 0.693926 
0.306284 0.444965 0.606738 0.479332 0.436044 
0.824789 0.744851 0.7028799999999999 0.719274 0.656261 
0.320732 0.380103 0.318908 0.273065 0.183433 
0.626118 0.417375 0.45194 0.435121 0.222121 
0.35524 0.208209 0.271912 0.201366 0.293198 
0.218355 0.231683 0.290311 0.205875 0.173999 
0.294058 0.499383 0.6125119999999999 0.393625 0.645284 
0.586907 0.31233 0.353351 0.372006 0.265607 
0.641652 0.372308 0.715853 0.364088 0.464512 
0.495969 0.408656 0.20487  0.504 0.366701 
0.407092 0.553518 0.376513 0.497605 0.722254 
0.490664 0.525509 0.67757 0.308147 0.541153 
0.480161 0.186972 0.472368 0.310726 0.463159 
0.325328 0.33632 0.181067 0.426955 0.224537 
0.460582 0.353267 0.404193 0.43389 0.162591 
0.425509 0.37455 0.422803 0.186234 0.457476 
0.212776 0.194274 0.258802 0.287784 0.206804 
0.266123 0.364365 0.363635 0.170605 0.437928 
0.793956 0.5738180000000001 0.557433 0.705448 0.507367 
0.611708 0.430025 0.274414 0.557712 0.372319 
0.454531 0.530338 0.176469 0.448063 0.37099 
0.413759 0.32581 0.505117 0.348319 0.683985 
0.389698 0.375495 0.345669 0.594319 0.500776 
0.618119 0.641354 0.3279 0.644247 0.576827 
0.816977 0.570272 0.750963 0.746371 0.662596 
0.518448 0.546323 0.777048 0.401486 0.574684 
0.536304 0.571692 0.207093 0.57657 0.461786 
0.342639 0.38963 0.621166 0.355122 0.659685 
0.404555 0.19495 0.38046 0.277794 0.44761 
0.810024 0.7462760000000001 0.755183 0.744492 0.833218 
0.384896 0.522857 0.232586 0.463253 0.253784 
0.600629 0.66284 0.612669 0.76617 0.752027 
0.298948 0.147202 0.263263 0.21599 0.203948 
0.52518 0.56275 0.571984 0.771583 0.433327 
0.404223 0.27919 0.413634 0.203578 0.254227 
0.814292 0.634987 0.805003 0.635252 0.648398 
0.407089 0.725641 0.618148 0.447604 0.7024589999999999 
0.783765 0.604496 0.588639 0.7060340000000001 0.689984 
0.472083 0.706626 0.287202 0.610247 0.582835 
0.531047 0.503966 0.308397 0.72196 0.434707 
0.326838 0.268414 0.20192 0.219687 0.202243 
0.502661 0.699091 0.6430439999999999 0.770514 0.639872 
0.234989 0.146417 0.291579 0.18609 0.242581 
0.482496 0.719355 0.705122 0.634587 0.718906 
0.468551 0.636687 0.595363 0.765863 0.633043 
0.529528 0.401274 0.659037 0.66599 0.541442 
0.342014 0.5349 0.576577 0.651455 0.58231 
0.779402 0.626074 0.760528 0.724349 0.778741 
0.639794 0.5525369999999999 0.610049 0.614931 0.316945 
0.36557 0.413742 0.184821 0.521934 0.418833 
0.785883 0.633305 0.592566 0.568354 0.614201 
0.581267 0.319801 0.581201 0.671612 0.475042 
0.309633 0.72465 0.56347 0.445064 0.677318 
0.237295 0.404457 0.153588 0.301417 0.266741 
0.6881389999999999 0.463564 0.528262 0.668018 0.277623 
0.581068 0.819596 0.484883 0.611544 0.545644 
0.656883 0.617742 0.324654 0.69998 0.427399 
0.449424 0.270372 0.464377 0.506555 0.246144 
0.372171 0.193562 0.38504 0.364165 0.183346 
0.463341 0.372775 0.69074 0.513934 0.659447 
0.783785 0.638755 0.604339 0.7822440000000001 0.666697 
0.296434 0.581467 0.344668 0.638336 0.426599 
0.463076 0.786289 0.494872 0.620237 0.513695 
0.758118 0.462593 0.522855 0.591309 0.5895 
0.261014 0.278969 0.326917 0.382413 0.198921 
0.416919 0.288337 0.478479 0.307714 0.613567 
0.451873 0.543344 0.537357 0.253161 0.568097 
0.412395 0.428986 0.392222 0.206215 0.375564 
0.769137 0.481615 0.542066 0.632522 0.362567 
0.646756 0.410202 0.627623 0.608078 0.690486 
0.3513 0.528776 0.6662439999999999 0.541917 0.519482 
0.292958 0.61495 0.456435 0.558993 0.693515 
0.412247 0.568933 0.307849 0.622278 0.282376 
0.515743 0.819859 0.516904 0.59426 0.569219 
0.281804 0.48775 0.488132 0.607961 0.526558 
0.299302 0.502389 0.504929 0.570968 0.614543 
0.634568 0.62997 0.535432 0.512667 0.752301 
0.66673 0.48676 0.765281 0.441536 0.541161 
0.330193 0.200165 0.38055 0.36119 0.205277 
0.7213039999999999 0.447679 0.374739 0.512908 0.329258 
0.769961 0.806605 0.831965 0.822905 0.833282 
0.41395 0.346913 0.271984 0.300042 0.492954 
0.746154 0.53411 0.67765 0.786501 0.608886 
0.773878 0.775896 0.733507 0.727909 0.62291 
0.653273 0.627244 0.719364 0.779426 0.58805 
0.396578 0.624422 0.69852 0.410112 0.626794 
0.461205 0.698545 0.668316 0.440038 0.579887 
0.2746 0.382261 0.144397 0.354972 0.324429 
0.740314 0.51958 0.767181 0.6909380000000001 0.502109 
0.516365 0.280275 0.708433 0.409612 0.604849 
0.7444730000000001 0.680731 0.827121 0.7067870000000001 0.801735 
0.564079 0.792614 0.39564 0.639599 0.51134 
0.333124 0.574691 0.651749 0.483032 0.715863 
0.557375 0.623404 0.381232 0.648651 0.307691 
0.811541 0.765029 0.743449 0.813259 0.824168 
0.400366 0.182943 0.299941 0.276511 0.240084 
0.345348 0.636767 0.552688 0.316887 0.690297 
0.690204 0.781501 0.711221 0.593114 0.724925 
0.828952 0.787061 0.719214 0.786399 0.716708 
0.227492 0.525176 0.408675 0.528755 0.489957 
0.508098 0.31766 0.7141960000000001 0.488669 0.563963 
0.670247 0.6787570000000001 0.415166 0.791859 0.573303 
0.637774 0.459784 0.437122 0.748957 0.327689 
0.570926 0.803901 0.612799 0.562976 0.781393 
0.396985 0.23839 0.531823 0.31861 0.274629 
0.400045 0.592912 0.239862 0.346744 0.460344 
0.295448 0.713524 0.317094 0.48138 0.444931 
0.367661 0.563407 0.48498 0.651315 0.664778 
0.681724 0.829365 0.724432 0.6728499999999999 0.822924 
0.277515 0.316881 0.171374 0.306474 0.367125 
0.614903 0.538609 0.65688 0.384549 0.409008 
0.591703 0.428306 0.541992 0.7463880000000001 0.422537 
0.6004660000000001 0.723451 0.753722 0.731471 0.75842 
0.402612 0.660139 0.537027 0.714965 0.670199 
0.717448 0.625739 0.783578 0.7296550000000001 0.777981 
0.312031 0.190409 0.423102 0.299426 0.22723 
0.52664 0.352354 0.645918 0.506903 0.7001039999999999 
0.420491 0.238848 0.299391 0.285727 0.168804 
0.534767 0.723617 0.51013 0.749491 0.46169 
0.733576 0.7486350000000001 0.614389 0.615865 0.581765 
0.262839 0.671747 0.383954 0.5137389999999999 0.515988 
0.77164 0.637693 0.8236019999999999 0.696642 0.652103 
0.607473 0.761279 0.7236860000000001 0.736058 0.778353 
0.8525430000000001 0.599679 0.74765 0.6873010000000001 0.609138 
0.695374 0.552216 0.396743 0.6440439999999999 0.353689 
0.492687 0.591638 0.304855 0.39086 0.56992 
0.199595 0.326748 0.157128 0.28274 0.315415 
0.589376 0.550716 0.755126 0.413697 0.544996 
0.5057430000000001 0.430524 0.478951 0.392742 0.22565 
0.282009 0.351233 0.552656 0.284393 0.5603630000000001 
0.501976 0.791759 0.437696 0.678737 0.519957 
0.560093 0.312518 0.47925 0.225317 0.395146 
0.636941 0.546336 0.65386 0.78342 0.560518 
0.455717 0.397834 0.303577 0.47586 0.170896 
0.715595 0.557291 0.763202 0.644573 0.469016 
0.308085 0.395906 0.563921 0.357827 0.639641 
0.423959 0.656891 0.612996 0.7036559999999999 0.57173 
0.720749 0.61619 0.577233 0.817381 0.594811 
0.169922 0.199965 0.142555 0.165878 0.139364 
0.480305 0.372405 0.737322 0.318074 0.533344 
0.357428 0.5221749999999999 0.193033 0.394138 0.48169 
0.438537 0.503468 0.265679 0.326102 0.543569 
0.28726 0.505097 0.386092 0.598217 0.493594 
0.286676 0.34307 0.417342 0.202896 0.551511 
0.223515 0.284452 0.240018 0.154148 0.245462 
0.306113 0.436096 0.273248 0.232206 0.310817 
0.566179 0.697998 0.511247 0.722767 0.742675 
0.464494 0.621176 0.429678 0.606589 0.7332419999999999 
0.223203 0.379958 0.316829 0.239151 0.23301 
0.492814 0.241639 0.440006 0.529166 0.457648 
0.240615 0.301876 0.399314 0.172553 0.470787 
0.506067 0.656139 0.575897 0.575304 0.8623420000000001 
0.429854 0.737909 0.460292 0.486085 0.467065 
0.507485 0.50249 0.731193 0.639243 0.597965 
0.368773 0.261213 0.383125 0.467094 0.451142 
0.438328 0.5953040000000001 0.297837 0.683936 0.57392 
0.628664 0.339901 0.610711 0.327664 0.607717 
0.145626 0.189943 0.202022 0.163316 0.174906 
0.52954 0.495771 0.484754 0.594039 0.724661 
0.656126 0.626772 0.37431 0.526624 0.380214 
0.312112 0.677118 0.599505 0.440822 0.539094 
0.286514 0.149649 0.340666 0.26986 0.266655 
 0.139 0.223811 0.187429 0.171275 0.196164 
0.731715 0.8515160000000001 0.742388 0.79695 0.79657 
0.6646030000000001 0.512705 0.317052 0.593493 0.377024 
0.278539 0.365965 0.314293 0.36638 0.190639 
0.822331 0.615302 0.789526 0.6771160000000001 0.584711 
0.204453 0.5900260000000001 0.420234 0.419135 0.569588 
0.353844 0.305986 0.447218 0.426032 0.574567 
0.6428430000000001 0.741934 0.8042899999999999 0.60434 0.777168 
0.559235 0.626985 0.487597 0.58815 0.277733 
0.428742 0.278472 0.242718 0.396266 0.216225 
0.545523 0.612332 0.573987 0.274554 0.475131 
0.623753 0.613855 0.463279 0.418909 0.621316 
0.314429 0.324331 0.540407 0.372552 0.354674 
0.242065 0.19868 0.353128 0.164557 0.379322 
0.471563 0.557483 0.6616069999999999 0.673493 0.494885 
0.279316 0.573672 0.253415 0.516307 0.373781 
0.5689 0.456046 0.721189 0.41646 0.402923 
0.486041 0.559912 0.766415 0.483022 0.719917 
0.621274 0.693461 0.40809 0.769782 0.536706 
0.744928 0.685929 0.788278 0.562291 0.707871 
0.351364 0.257232 0.231336 0.277573 0.404449 
0.615932 0.393548 0.699701 0.6140139999999999 0.330751 
0.7203270000000001 0.622218 0.442994 0.693106 0.429237 
0.498453 0.633505 0.555132 0.738985 0.435008 
0.674573 0.606065 0.651993 0.377603 0.616991 
0.595852 0.709101 0.669029 0.730178 0.800504 
0.737868 0.353607 0.513182 0.468309 0.469096 
0.552874 0.432689 0.593899 0.325184 0.347395 
0.240406 0.377661 0.495051 0.492995 0.496006 
0.353095 0.363815 0.159673 0.469952 0.328858 
0.654618 0.590118 0.526239 0.775587 0.400125 
0.412969 0.469951 0.395803 0.624124 0.632358 
0.17887 0.496674 0.283812 0.269635 0.466844 
0.5885010000000001 0.227798 0.590625 0.363979 0.596855 
0.768088 0.594659 0.671146 0.671269 0.430327 
0.573578 0.610707 0.500021 0.358471 0.681607 
0.6821970000000001 0.804084 0.753012 0.660344 0.684829 
0.713533 0.755412 0.566362 0.648732 0.540277 
0.714936 0.368703 0.582292 0.652666 0.5860570000000001 
0.420275 0.5276729999999999 0.568394 0.664739 0.414176 
0.194641 0.5475410000000001 0.271939 0.4018 0.48648 
0.778536 0.698603 0.559889 0.637983 0.636619 
0.476297 0.701919 0.419323 0.750157 0.510345 
0.363214 0.6548079999999999 0.571595 0.325006 0.67678 
0.690406 0.648688 0.815059 0.702545 0.802902 
0.477764 0.781025 0.606894 0.504131 0.634065 
0.759026 0.588442 0.781735 0.512143 0.68528 
0.216662 0.417806 0.276705 0.417307 0.482805 
0.407909 0.401945 0.364631 0.667978 0.479982 
0.351522 0.327246 0.315805 0.369451 0.16325 
0.516632 0.560432 0.259744 0.661615 0.523178 
0.275809 0.471906 0.397179 0.399792 0.6536419999999999 
0.250131 0.392541 0.421399 0.40735 0.581842 
0.382946 0.42115 0.699858 0.383899 0.6479780000000001 
0.542471 0.694096 0.596029 0.775084 0.51433 
0.297228 0.358865 0.334996 0.523168 0.461799 
0.49845 0.77643 0.453859 0.62497 0.475003 
0.472286 0.447346 0.555276 0.639435 0.319809 
0.748713 0.5738 0.651707 0.437948 0.589473 
0.277216 0.543457 0.539627 0.528699 0.491059 
0.345377 0.648186 0.323668 0.605427 0.353506 
0.193189 0.496213 0.287971 0.453849 0.360055 
0.7441950000000001 0.717771 0.6649080000000001 0.573707 0.592436 
0.222459 0.416588 0.513566 0.317523 0.507234 
0.451856 0.214214 0.55916 0.374977 0.304812 
0.592998 0.803348 0.596446 0.758553 0.548339 
0.402362 0.288086 0.252121 0.246643 0.207407 
0.518483 0.368049 0.390314 0.369359 0.6035430000000001 
0.566165 0.44182 0.68698 0.370384 0.760613 
0.467244 0.36642 0.316333 0.638061 0.332174 
0.634956 0.552926 0.823225 0.607859 0.57326 
0.174099 0.387577 0.195492 0.29474 0.254735 
0.269276 0.469837 0.207056 0.380264 0.466761 
0.44634 0.498064 0.508552 0.743355 0.418324 
0.515153 0.592473 0.27226 0.6896679999999999 0.465079 
0.6745949999999999 0.643421 0.345399 0.625134 0.547498 
0.694445 0.387322 0.5012799999999999 0.585786 0.198089 
0.240086 0.259583 0.334549 0.411702 0.333252 
0.464807 0.474417 0.483195 0.257389 0.354135 
0.314589 0.666362 0.356868 0.586081 0.362789 
0.40539 0.265062 0.259607 0.374885 0.440843 
0.270288 0.300332 0.525819 0.354766 0.406681 
0.682098 0.716047 0.666642 0.828424 0.715425 
0.240363 0.243343 0.438005 0.253741 0.458072 
0.593209 0.519916 0.522365 0.530792 0.772746 
0.393822 0.731461 0.243239 0.559889 0.5138779999999999 
0.401971 0.226937 0.450162 0.170335 0.308787 
0.653606 0.695495 0.805526 0.708326 0.783628 
0.270376 0.156582 0.199779 0.199504 0.176973 
0.477194 0.567423 0.358246 0.730518 0.473362 
0.586774 0.7805299999999999 0.630946 0.787167 0.742988 
0.28315 0.3324 0.25333 0.451629 0.218931 
0.673925 0.255555 0.54053 0.437571 0.507873 
0.453327 0.370573 0.315461 0.645687 0.416636 
0.445909 0.7223270000000001 0.375675 0.696977 0.612529 
0.396306 0.571234 0.377395 0.451846 0.26416 
0.818514 0.515474 0.621596 0.603644 0.461748 
0.626871 0.316538 0.389192 0.463072 0.519612 
0.604338 0.484554 0.328363 0.412673 0.357504 
0.332489 0.525908 0.581925 0.254631 0.567292 
0.635927 0.501301 0.509971 0.710819 0.311536 
0.686799 0.468722 0.333186 0.566859 0.411081 
0.8355900000000001 0.659593 0.6938530000000001 0.7359560000000001 0.71637 
0.426866 0.292593 0.19943 0.378555 0.289037 
0.467209 0.397941 0.576615 0.221787 0.414144 
0.460996 0.789703 0.474634 0.67406 0.560593 
0.300978 0.736743 0.371458 0.51075 0.641289 
0.316396 0.265562 0.279152 0.447569 0.376053 
0.60763 0.619057 0.729121 0.66603 0.81077 
0.627271 0.426557 0.384804 0.693626 0.502459 
0.419679 0.2674 0.581695 0.330496 0.653146 
0.739699 0.39914 0.433232 0.53933 0.327244 
0.693388 0.435823 0.744575 0.649023 0.483137 
0.413311 0.549884 0.38149 0.62133 0.6732399999999999 
0.360801 0.585009 0.465878 0.533683 0.7356279999999999 
0.578082 0.271105 0.60993 0.567347 0.369342 
0.328851 0.50207 0.355075 0.235705 0.506207 
0.752166 0.543702 0.479798 0.7018529999999999 0.492364 
0.734926 0.718554 0.79491 0.716661 0.574628 
0.560617 0.607089 0.334677 0.400239 0.527828 
0.34558 0.429612 0.239413 0.578367 0.3131 
0.7951549999999999 0.644887 0.629813 0.748687 0.475223 
0.241576 0.421121 0.500699 0.268185 0.59068 
0.777303 0.780274 0.721648 0.74958 0.835519 
0.657791 0.666586 0.681056 0.489602 0.787223 
0.349068 0.348012 0.246395 0.210559 0.293638 
0.766263 0.581244 0.6990769999999999 0.744344 0.511058 
0.396309 0.608379 0.247469 0.6608309999999999 0.446998 
0.442888 0.33129 0.663286 0.286902 0.450516 
0.636124 0.281871 0.580003 0.459084 0.626102 
0.471629 0.269611 0.6479009999999999 0.366126 0.37765 
0.5705789999999999 0.586147 0.24924 0.539385 0.446818 
0.5678569999999999 0.635036 0.766452 0.687974 0.634776 
0.612554 0.652792 0.548434 0.8220730000000001 0.558216 
0.730451 0.670218 0.706184 0.729576 0.819962 
0.799192 0.69731 0.6058750000000001 0.6851699999999999 0.589201 
0.45603 0.375733 0.410111 0.277696 0.595811 
0.203332 0.423015 0.488121 0.379899 0.466141 
0.489857 0.445271 0.249402 0.480585 0.208226 
0.531095 0.654239 0.800133 0.53977 0.6513330000000001 
0.481388 0.732618 0.423521 0.650165 0.394483 
0.515083 0.773031 0.600726 0.684064 0.751817 
0.583255 0.524721 0.517416 0.456277 0.276318 
0.518621 0.762481 0.666947 0.615831 0.538744 
0.717994 0.772348 0.61397 0.829658 0.598264 
0.257111 0.246333 0.433159 0.170818 0.427579 
0.569361 0.764794 0.568638 0.745204 0.755897 
0.605866 0.44317 0.318048 0.672743 0.283698 
0.240598 0.440367 0.318232 0.366919 0.239449 
0.746986 0.7954909999999999 0.675527 0.649089 0.731331 
0.712795 0.70321 0.495923 0.57206 0.5491279999999999 
0.437681 0.476565 0.6498620000000001 0.417673 0.773967 
0.463818 0.347549 0.613684 0.261134 0.354497 
0.497914 0.469375 0.670525 0.632871 0.391385 
0.6515840000000001 0.769139 0.47604 0.670843 0.457054 
0.410381 0.651081 0.262596 0.6545339999999999 0.418012 
0.718688 0.380904 0.684023 0.421769 0.560451 
0.711608 0.582131 0.762142 0.778207 0.665353 
0.703622 0.782064 0.761153 0.810994 0.681998 
0.309793 0.243929 0.39352 0.181929 0.26993 
0.827164 0.806043 0.850123 0.785142 0.818821 
0.692959 0.371838 0.636114 0.364181 0.5692700000000001 
0.665411 0.407076 0.646658 0.378695 0.666139 
0.497719 0.223266 0.606193 0.29331 0.559349 
0.314517 0.689576 0.578773 0.41397 0.514869 
0.786669 0.44561 0.644247 0.537955 0.625811 
0.397933 0.593543 0.5006159999999999 0.65438 0.378295 
0.809606 0.616231 0.778039 0.6429859999999999 0.757537 
0.624899 0.484634 0.738175 0.735056 0.624679 
0.809995 0.806057 0.747292 0.723117 0.739211 
0.53009 0.718984 0.358062 0.49854 0.643155 
0.807092 0.583842 0.822739 0.659193 0.736111 
0.19337 0.205885 0.135864 0.149644 0.203455 
0.6485109999999999 0.636798 0.786535 0.742498 0.646127 
0.749559 0.391851 0.53345 0.532274 0.331489 
0.744073 0.653077 0.579529 0.538664 0.485108 
0.587805 0.5356 0.371973 0.762665 0.508579 
0.5222059999999999 0.61229 0.623764 0.7935990000000001 0.603197 
0.627346 0.593851 0.749324 0.758622 0.709952 
0.732626 0.496434 0.674207 0.449424 0.457974 
0.309138 0.558517 0.432802 0.257598 0.450948 
0.298627 0.644275 0.392955 0.358225 0.666991 
0.328685 0.16084 0.371397 0.314466 0.216557 
0.285008 0.228379 0.345351 0.15003 0.324608 
0.176892 0.33655 0.164571 0.279394 0.256238 
0.251042 0.286719 0.383696 0.189629 0.291679 
0.64716 0.7495849999999999 0.754379 0.665695 0.8692530000000001 
0.661683 0.620151 0.800696 0.534639 0.62253 
0.400403 0.352039 0.636146 0.257862 0.651623 
0.480441 0.456179 0.248065 0.645195 0.32682 
0.512638 0.559951 0.782539 0.503342 0.731101 
0.776438 0.669825 0.7044899999999999 0.7848850000000001 0.795661 
0.284083 0.619997 0.294146 0.551069 0.540941 
0.482524 0.317437 0.62702 0.601294 0.422762 
0.347359 0.300856 0.290253 0.486103 0.188941 
0.4324 0.385572 0.609909 0.431371 0.282903 
0.278712 0.467967 0.341389 0.471207 0.234967 
0.492911 0.275259 0.51841 0.547562 0.548199 
0.259921 0.376548 0.20717 0.438433 0.366586 
0.814092 0.844727 0.803621 0.833918 0.836303 
0.186623 0.308493 0.36091 0.21404 0.373178 
0.648524 0.522506 0.371319 0.621608 0.622857 
0.398386 0.281321 0.48109 0.467206 0.238931 
0.756538 0.82463 0.78933 0.8427 0.768364 
0.650376 0.68011 0.756077 0.661989 0.866211 
0.692041 0.6583329999999999 0.733894 0.482913 0.708319 
0.484092 0.516003 0.536099 0.245733 0.542136 
0.500229 0.564063 0.22036 0.571921 0.343937 
0.182956 0.439716 0.263576 0.472902 0.325833 
0.319434 0.173659 0.271726 0.268926 0.175691 
0.72193 0.761957 0.83552 0.747561 0.725698 
0.719466 0.423897 0.588372 0.420559 0.405424 
0.182796 0.174522 0.263252 0.206836 0.220942 
0.295754 0.585915 0.544127 0.552549 0.420319 
0.543451 0.288821 0.424273 0.662012 0.393535 
0.31676 0.373079 0.358411 0.6058829999999999 0.417656 
0.8148840000000001 0.580866 0.697666 0.586298 0.637888 
0.648125 0.483543 0.491755 0.729487 0.597954 
0.126886 0.27818 0.212468 0.222373 0.308919 
0.581217 0.5768990000000001 0.586165 0.318844 0.59687 
0.75763 0.473506 0.495888 0.680562 0.46978 
0.409847 0.418459 0.240114 0.593106 0.511785 
0.420195 0.341401 0.590096 0.336486 0.314461 
0.59399 0.201273 0.501542 0.344754 0.240479 
0.791585 0.712418 0.654773 0.629483 0.717302 
0.197218 0.479081 0.343753 0.232208 0.355735 
0.631571 0.822028 0.690804 0.631197 0.740214 
0.747335 0.549743 0.57422 0.446505 0.459744 
0.573427 0.510533 0.7741400000000001 0.383265 0.651851 
0.623709 0.290151 0.553414 0.628943 0.408929 
0.49422 0.61968 0.778262 0.558912 0.5866130000000001 
0.637123 0.326242 0.338541 0.384103 0.349803 
0.813564 0.575832 0.7739780000000001 0.6102109999999999 0.680961 
0.316854 0.683472 0.563654 0.511535 0.742634 
0.809818 0.754983 0.754447 0.731834 0.645437 
0.785122 0.722499 0.652514 0.807577 0.6064929999999999 
0.827431 0.758917 0.83189 0.788875 0.834211 
0.697563 0.613121 0.405003 0.68083 0.596465 
0.38268 0.270563 0.37614 0.218564 0.210193 
0.541174 0.70355 0.700168 0.671384 0.799288 
0.579369 0.265312 0.340414 0.434267 0.320348 
0.769061 0.519393 0.698109 0.497602 0.505096 
0.560777 0.761496 0.616708 0.640812 0.836129 
0.512873 0.512952 0.666602 0.486484 0.810569 
0.587067 0.309707 0.359734 0.497507 0.538362 
0.25661 0.354843 0.304737 0.485844 0.426349 
0.214296 0.231588 0.219388 0.146879 0.286058 
0.301906 0.316732 0.5065730000000001 0.475727 0.432924 
0.612851 0.69725 0.319768 0.603927 0.481902 
0.369674 0.32398 0.422732 0.585318 0.33739 
0.752007 0.564302 0.561592 0.654712 0.31629 
0.467164 0.347073 0.300539 0.596922 0.27959 
0.698556 0.756978 0.617225 0.609954 0.505518 
0.394668 0.786442 0.450408 0.530179 0.620742 
0.465252 0.517144 0.777799 0.395344 0.5010289999999999 
0.769015 0.566205 0.519591 0.55064 0.428168 
0.63392 0.73331 0.7176709999999999 0.817313 0.686156 
0.498589 0.387638 0.47337 0.227812 0.513307 
0.238805 0.174931 0.217013 0.228092 0.292546 
0.680094 0.724498 0.757178 0.576672 0.614655 
0.675874 0.5542049999999999 0.403359 0.446456 0.584619 
0.60455 0.364542 0.762679 0.504668 0.472839 
0.540928 0.572748 0.274135 0.556024 0.318094 
0.510206 0.717235 0.530374 0.781466 0.629146 
0.6367660000000001 0.82199 0.610239 0.803828 0.625318 
0.590735 0.414941 0.763139 0.498155 0.409292 
0.344464 0.422716 0.211816 0.504367 0.231393 
 0.551 0.45816 0.463061 0.71134 0.316455 
0.558134 0.775552 0.659613 0.755489 0.676971 
0.450357 0.314748 0.459752 0.399005 0.186863 
0.622739 0.662462 0.590257 0.436746 0.438521 
0.6085930000000001 0.5118509999999999 0.641305 0.523574 0.291819 
0.47979 0.339967 0.444192 0.301148 0.232554 
0.323741 0.46875 0.643915 0.452744 0.614148 
0.789232 0.759915 0.796611 0.757151 0.842534 
0.666434 0.526284 0.372454 0.71307 0.39934 
0.273102 0.386574 0.5427419999999999 0.230312 0.553837 
0.37555 0.398974 0.460095 0.193354 0.385551 
0.498753 0.475716 0.38426 0.720927 0.31223 
0.667997 0.832322 0.602555 0.662447 0.6355 
0.5445449999999999 0.6164770000000001 0.50644 0.358094 0.702725 
0.317163 0.163814 0.310105 0.173939 0.300947 
0.226734 0.452854 0.478471 0.238455 0.477926 
0.451633 0.705422 0.488138 0.527098 0.37416 
0.698696 0.631085 0.390969 0.5861730000000001 0.568309 
0.64769 0.512432 0.517748 0.358788 0.413661 
0.338805 0.200139 0.280836 0.243855 0.160482 
0.260027 0.442655 0.559237 0.353721 0.583882 
0.284065 0.390271 0.5251670000000001 0.407015 0.324008 
0.225799 0.271504 0.164455 0.278439 0.169716 
0.676683 0.726891 0.752151 0.76752 0.82339 
0.660199 0.548549 0.6906330000000001 0.5105150000000001 0.390948 
0.535819 0.390819 0.286324 0.5328850000000001 0.225461 
0.20116 0.536326 0.445107 0.365937 0.533755 
0.795414 0.612328 0.805822 0.6139790000000001 0.716765 
0.234772 0.604374 0.366671 0.325585 0.6125969999999999 
0.552928 0.74355 0.494121 0.710121 0.72614 
0.6799770000000001 0.59027 0.623695 0.801208 0.49879 
0.234892 0.355433 0.463824 0.224218 0.488165 
0.426904 0.218869 0.382798 0.424983 0.206748 
0.420218 0.378114 0.180322 0.418299 0.384784 
0.344034 0.740046 0.359609 0.511157 0.651969 
0.329645 0.269607 0.553697 0.21152 0.537417 
0.553751 0.601521 0.38537 0.518119 0.30712 
0.368895 0.398562 0.21922 0.542844 0.260787 
0.178244 0.292174 0.251154 0.354319 0.292288 
0.42794 0.479193 0.348659 0.6076279999999999 0.639637 
0.47518 0.562071 0.470307 0.254472 0.454847 
0.37725 0.754251 0.42222 0.479147 0.7242150000000001 
0.609088 0.289555 0.430747 0.334443 0.327817 
0.333718 0.702219 0.567275 0.540936 0.564725 
0.812029 0.8400879999999999 0.793427 0.778589 0.846342 
0.63209 0.466243 0.387181 0.62387 0.249823 
0.313507 0.253057 0.223617 0.330967 0.40028 
0.272655 0.675142 0.309937 0.473283 0.469492 
0.407286 0.276023 0.229335 0.422211 0.244281 
0.638489 0.233065 0.634845 0.443611 0.348667 
0.290717 0.19657 0.36213 0.183528 0.39389 
0.661865 0.310297 0.390325 0.5423210000000001 0.275648 
0.536776 0.628458 0.625367 0.330886 0.469165 
0.274531 0.5614710000000001 0.344695 0.263201 0.37782 
0.4728 0.581717 0.395741 0.7065669999999999 0.324279 
0.327281 0.237617 0.237409 0.195734 0.214874 
0.621047 0.655139 0.742707 0.770322 0.69104 
0.676802 0.526842 0.695183 0.736038 0.488282 
0.577572 0.689985 0.577827 0.406314 0.656849 
0.347692 0.68799 0.495699 0.458958 0.77416 
0.741137 0.817533 0.838272 0.730696 0.779809 
0.817479 0.671538 0.675831 0.675975 0.529034 
0.54618 0.676083 0.40121 0.75566 0.442293 
0.560778 0.709429 0.7111150000000001 0.758141 0.643145 
0.7058219999999999 0.478728 0.498588 0.735744 0.370253 
0.658228 0.331941 0.448759 0.575392 0.483307 
0.649605 0.269639 0.536792 0.487714 0.537133 
0.573585 0.38274 0.7402030000000001 0.475508 0.708944 
0.692439 0.7541639999999999 0.8136370000000001 0.727348 0.804895 
0.792976 0.642154 0.825634 0.656655 0.65441 
0.484165 0.490877 0.387276 0.457892 0.215295 
0.328297 0.267638 0.48189 0.382287 0.264633 
0.189979 0.177789 0.26096 0.212335 0.297027 
0.176452 0.159832 0.208726 0.156955 0.172815 
0.5218970000000001 0.278467 0.27515 0.501555 0.311861 
0.222304 0.440164 0.298691 0.219807 0.334192 
0.280934 0.272912 0.199018 0.204665 0.351031 
0.7160840000000001 0.52127 0.673495 0.485142 0.711923 
0.277648 0.346112 0.466682 0.180292 0.502549 
0.770557 0.352633 0.656435 0.620095 0.444835 
0.363341 0.644566 0.506709 0.318086 0.5370200000000001 
0.252351 0.163919 0.183419 0.193649 0.202703 
0.601674 0.655278 0.80403 0.679884 0.697754 
0.398824 0.5323639999999999 0.45354 0.282427 0.631599 
0.75795 0.53151 0.6757379999999999 0.7657350000000001 0.660097 
0.478314   0.67 0.744683 0.45095 0.614859 
0.441397 0.504419 0.5565 0.554218 0.298872 
0.524531 0.293136 0.357083 0.504607 0.495157 
0.546793 0.468959 0.370187 0.728349 0.38371 
0.340288 0.263649 0.239055 0.438512 0.253111 
0.503943 0.542646 0.566487 0.648608 0.77613 
0.294719 0.430515 0.317289 0.313202 0.614429 
0.414764 0.362648 0.666424 0.327886 0.646966 
0.584259 0.785484 0.429633 0.613244 0.498158 
0.446239 0.645017 0.446248 0.7512489999999999 0.477319 
0.517061 0.185477 0.553447 0.458224 0.383587 
0.428011 0.389523 0.572874 0.565974 0.318347 
