5
151
6.034589999999999677e-01 5.644820000000000393e-01 5.975289999999999768e-01 6.550709999999999589e-01 5.259660000000000446e-01
5.412479999999999514e-01 6.016380000000000061e-01 6.101529999999999454e-01 5.329599999999999893e-01 6.306019999999999959e-01
3.419260000000000077e-01 4.181730000000000169e-01 3.610180000000000056e-01 4.321969999999999978e-01 4.453480000000000216e-01
4.647809999999999997e-01 5.540669999999999762e-01 4.490239999999999787e-01 5.968820000000000237e-01 4.652330000000000076e-01
6.250700000000000145e-01 5.989449999999999497e-01 6.144640000000000102e-01 5.724089999999999456e-01 5.452209999999999557e-01
5.463160000000000238e-01 6.459340000000000082e-01 5.844009999999999483e-01 5.495069999999999677e-01 6.277859999999999552e-01
4.723189999999999888e-01 5.263179999999999525e-01 4.461840000000000250e-01 4.870689999999999742e-01 4.715759999999999952e-01
6.027510000000000367e-01 5.796510000000000273e-01 5.673430000000000417e-01 6.264899999999999913e-01 5.026599999999999957e-01
5.520950000000000024e-01 6.401019999999999488e-01 4.798990000000000200e-01 5.624710000000000543e-01 5.328749999999999876e-01
4.198120000000000185e-01 4.249069999999999792e-01 4.902259999999999951e-01 4.359399999999999942e-01 4.797270000000000145e-01
4.239919999999999800e-01 5.320319999999999494e-01 5.231609999999999872e-01 5.474750000000000449e-01 5.191900000000000404e-01
5.039690000000000003e-01 6.001360000000000028e-01 4.893109999999999959e-01 6.267869999999999830e-01 5.193719999999999448e-01
6.134880000000000333e-01 5.073490000000000499e-01 6.057850000000000179e-01 4.609400000000000164e-01 5.456339999999999524e-01
4.612629999999999786e-01 4.574030000000000040e-01 4.073499999999999899e-01 4.190530000000000088e-01 4.602800000000000225e-01
4.051290000000000169e-01 5.124950000000000339e-01 5.666830000000000478e-01 4.666230000000000100e-01 5.568589999999999929e-01
5.207270000000000509e-01 5.764690000000000092e-01 6.079689999999999817e-01 5.771530000000000271e-01 5.216290000000000093e-01
5.755580000000000140e-01 6.375880000000000436e-01 4.904100000000000126e-01 5.674749999999999517e-01 5.569539999999999491e-01
5.414240000000000164e-01 5.810800000000000409e-01 4.932050000000000045e-01 5.504269999999999996e-01 6.006019999999999692e-01
4.017470000000000208e-01 4.169070000000000276e-01 4.388699999999999823e-01 4.562970000000000081e-01 4.390310000000000046e-01
5.137720000000000065e-01 6.212769999999999682e-01 5.780279999999999863e-01 5.204149999999999610e-01 6.239099999999999646e-01
5.212299999999999711e-01 5.058979999999999588e-01 5.510979999999999768e-01 4.846550000000000025e-01 5.316520000000000135e-01
5.587010000000000032e-01 4.838749999999999996e-01 5.424080000000000013e-01 5.351489999999999858e-01 5.806489999999999707e-01
5.430540000000000367e-01 3.806129999999999791e-01 4.232179999999999831e-01 4.691339999999999955e-01 4.274899999999999811e-01
4.477220000000000089e-01 3.965690000000000048e-01 4.502410000000000023e-01 4.175329999999999875e-01 3.623939999999999939e-01
5.255400000000000071e-01 6.213030000000000497e-01 4.611990000000000256e-01 5.700539999999999496e-01 5.672599999999999865e-01
5.622740000000000515e-01 4.155429999999999957e-01 4.402920000000000167e-01 4.800280000000000102e-01 4.037299999999999778e-01
5.719899999999999984e-01 5.714460000000000095e-01 4.994439999999999991e-01 4.822210000000000107e-01 4.941309999999999869e-01
4.825740000000000030e-01 5.196939999999999893e-01 4.146619999999999751e-01 4.907670000000000088e-01 4.090369999999999839e-01
3.648279999999999856e-01 3.918309999999999849e-01 3.553499999999999992e-01 4.181989999999999874e-01 3.965190000000000103e-01
4.348389999999999755e-01 4.817529999999999868e-01 4.538179999999999992e-01 4.471570000000000267e-01 3.832530000000000103e-01
4.231579999999999786e-01 4.502070000000000238e-01 5.250629999999999464e-01 4.182409999999999739e-01 4.868859999999999855e-01
4.514949999999999797e-01 4.365049999999999764e-01 4.172879999999999923e-01 4.468230000000000257e-01 3.441870000000000207e-01
3.884130000000000082e-01 4.286150000000000237e-01 3.232099999999999973e-01 3.788380000000000081e-01 3.729979999999999962e-01
4.294319999999999804e-01 4.139439999999999786e-01 4.884399999999999853e-01 4.882329999999999726e-01 4.606459999999999999e-01
4.681020000000000181e-01 5.338559999999999972e-01 4.889290000000000025e-01 4.458590000000000053e-01 5.143250000000000322e-01
4.569860000000000033e-01 4.488230000000000275e-01 3.611739999999999950e-01 4.224330000000000029e-01 3.493760000000000199e-01
5.747750000000000359e-01 5.644959999999999978e-01 5.538380000000000525e-01 5.566849999999999854e-01 5.989119999999999999e-01
4.356829999999999870e-01 4.415859999999999785e-01 5.232409999999999561e-01 4.418320000000000025e-01 4.789619999999999989e-01
4.804140000000000077e-01 4.048200000000000132e-01 4.706069999999999975e-01 4.920370000000000021e-01 4.711159999999999792e-01
5.662850000000000383e-01 5.936770000000000103e-01 5.751570000000000293e-01 6.171210000000000306e-01 5.177019999999999955e-01
5.193689999999999696e-01 6.306410000000000071e-01 4.669380000000000197e-01 5.804040000000000310e-01 5.321890000000000231e-01
4.251309999999999811e-01 4.064650000000000207e-01 4.647600000000000064e-01 4.897589999999999999e-01 4.117770000000000041e-01
3.600700000000000012e-01 3.665610000000000257e-01 3.826129999999999809e-01 3.829980000000000051e-01 3.431150000000000033e-01
5.194010000000000016e-01 4.582109999999999794e-01 5.488629999999999898e-01 5.038839999999999986e-01 4.739289999999999892e-01
4.953940000000000010e-01 5.371050000000000546e-01 5.321259999999999879e-01 5.459039999999999448e-01 4.511499999999999955e-01
6.474609999999999532e-01 5.517760000000000442e-01 6.138949999999999685e-01 6.023810000000000553e-01 5.960919999999999552e-01
5.280820000000000514e-01 4.637959999999999861e-01 5.017319999999999558e-01 4.259620000000000073e-01 4.209499999999999909e-01
4.508010000000000073e-01 4.539940000000000087e-01 4.491550000000000264e-01 4.772759999999999780e-01 5.023149999999999560e-01
4.816030000000000033e-01 6.134600000000000053e-01 4.981149999999999745e-01 5.241139999999999688e-01 5.026049999999999685e-01
5.407750000000000057e-01 6.115589999999999637e-01 6.098639999999999617e-01 5.070770000000000000e-01 6.082889999999999686e-01
3.938639999999999919e-01 4.289979999999999905e-01 3.277970000000000050e-01 4.245860000000000190e-01 4.037529999999999730e-01
6.067160000000000331e-01 5.948919999999999764e-01 5.764960000000000084e-01 5.814040000000000319e-01 5.611650000000000249e-01
3.872590000000000199e-01 3.971210000000000018e-01 3.655729999999999813e-01 3.808520000000000238e-01 4.281059999999999865e-01
5.418269999999999476e-01 5.708130000000000148e-01 4.702250000000000041e-01 6.025970000000000493e-01 5.528380000000000516e-01
4.659280000000000088e-01 6.219510000000000316e-01 5.697060000000000457e-01 5.483940000000000481e-01 5.870189999999999575e-01
5.998390000000000111e-01 4.792569999999999886e-01 5.627600000000000380e-01 5.546609999999999596e-01 4.822919999999999985e-01
4.894359999999999822e-01 3.703629999999999978e-01 4.024590000000000112e-01 4.466860000000000275e-01 3.513720000000000176e-01
4.841920000000000113e-01 4.739990000000000037e-01 5.571989999999999998e-01 5.287319999999999798e-01 5.863099999999999978e-01
5.280139999999999834e-01 5.516929999999999890e-01 4.153220000000000245e-01 5.042440000000000255e-01 5.002579999999999805e-01
6.778699999999999726e-01 6.078459999999999974e-01 6.108409999999999673e-01 6.138559999999999572e-01 5.982450000000000268e-01
4.750960000000000183e-01 4.497869999999999924e-01 5.141289999999999472e-01 4.065670000000000117e-01 5.059379999999999988e-01
6.258099999999999774e-01 5.385370000000000434e-01 5.594559999999999533e-01 5.459119999999999528e-01 4.711440000000000072e-01
4.664429999999999965e-01 5.814160000000000439e-01 4.206139999999999879e-01 5.313099999999999490e-01 4.996269999999999878e-01
4.068959999999999799e-01 4.714249999999999829e-01 3.937890000000000001e-01 4.258859999999999868e-01 4.137399999999999967e-01
6.322950000000000514e-01 6.316180000000000128e-01 6.114810000000000523e-01 5.652070000000000149e-01 5.766719999999999624e-01
3.630059999999999953e-01 3.946799999999999753e-01 3.987749999999999906e-01 3.480199999999999960e-01 3.757240000000000024e-01
5.829499999999999682e-01 4.752990000000000270e-01 5.242299999999999738e-01 5.699229999999999574e-01 5.018920000000000048e-01
5.415590000000000126e-01 6.241799999999999571e-01 6.228639999999999732e-01 5.775200000000000333e-01 6.357610000000000205e-01
3.593049999999999855e-01 4.312639999999999807e-01 4.195710000000000273e-01 3.811970000000000081e-01 3.659720000000000195e-01
5.311979999999999480e-01 4.424020000000000175e-01 5.763369999999999882e-01 5.454919999999999769e-01 4.585500000000000131e-01
5.529680000000000151e-01 6.079839999999999689e-01 5.371529999999999916e-01 5.745550000000000379e-01 6.017409999999999703e-01
3.696409999999999973e-01 3.448269999999999946e-01 3.482589999999999852e-01 3.888860000000000094e-01 3.558270000000000044e-01
4.525569999999999871e-01 4.232060000000000266e-01 4.914740000000000220e-01 4.038260000000000183e-01 4.732160000000000255e-01
4.983349999999999724e-01 4.871289999999999787e-01 5.999409999999999465e-01 4.944180000000000241e-01 5.677259999999999529e-01
6.496650000000000480e-01 5.985679999999999890e-01 6.294600000000000195e-01 5.701410000000000089e-01 5.918860000000000232e-01
5.124769999999999603e-01 4.479969999999999786e-01 4.026859999999999884e-01 5.114309999999999690e-01 4.501589999999999758e-01
3.950420000000000043e-01 5.038230000000000208e-01 4.172390000000000265e-01 4.542880000000000251e-01 4.091750000000000109e-01
4.463639999999999830e-01 5.216460000000000541e-01 3.733369999999999744e-01 5.222459999999999880e-01 3.789009999999999878e-01
3.949559999999999738e-01 3.706610000000000182e-01 4.234069999999999778e-01 4.010859999999999981e-01 4.499400000000000066e-01
6.076409999999999867e-01 4.975029999999999730e-01 5.051750000000000407e-01 4.864080000000000070e-01 5.188009999999999566e-01
5.562399999999999567e-01 4.203140000000000209e-01 5.487549999999999928e-01 4.528110000000000190e-01 4.643959999999999755e-01
5.706790000000000473e-01 5.847959999999999825e-01 5.621739999999999515e-01 5.133039999999999825e-01 6.228719999999999812e-01
3.749600000000000155e-01 4.497160000000000046e-01 4.988540000000000196e-01 4.549130000000000118e-01 4.207210000000000116e-01
5.522019999999999706e-01 4.815789999999999793e-01 5.159789999999999655e-01 5.373559999999999448e-01 5.397420000000000551e-01
5.415200000000000014e-01 4.619130000000000180e-01 5.065619999999999568e-01 4.481840000000000268e-01 4.371800000000000130e-01
4.171940000000000093e-01 5.074340000000000517e-01 4.426359999999999739e-01 4.944279999999999786e-01 4.288199999999999790e-01
4.679320000000000146e-01 4.774880000000000235e-01 4.027649999999999841e-01 5.096300000000000274e-01 4.084019999999999873e-01
4.541810000000000014e-01 4.096210000000000129e-01 4.328029999999999933e-01 3.702380000000000115e-01 3.639499999999999957e-01
5.931079999999999686e-01 5.040799999999999725e-01 5.755860000000000420e-01 6.064720000000000111e-01 5.859210000000000251e-01
5.241620000000000168e-01 6.007580000000000142e-01 4.995290000000000008e-01 4.637939999999999841e-01 4.840180000000000038e-01
3.799120000000000275e-01 4.910229999999999873e-01 4.596790000000000043e-01 4.586810000000000054e-01 4.639119999999999910e-01
6.042469999999999786e-01 6.165300000000000225e-01 6.558329999999999993e-01 6.552890000000000104e-01 6.683639999999999581e-01
4.821079999999999810e-01 4.506580000000000030e-01 5.605409999999999560e-01 5.040630000000000388e-01 4.310109999999999775e-01
4.919189999999999952e-01 4.673229999999999884e-01 4.814189999999999858e-01 5.475750000000000339e-01 4.610850000000000226e-01
5.409479999999999844e-01 5.432550000000000434e-01 5.931189999999999518e-01 5.724949999999999761e-01 5.809579999999999744e-01
5.656069999999999709e-01 5.256129999999999969e-01 5.026410000000000045e-01 4.871019999999999794e-01 4.873959999999999959e-01
5.590749999999999886e-01 5.735500000000000043e-01 5.059150000000000036e-01 6.448059999999999903e-01 5.602939999999999587e-01
6.699019999999999975e-01 6.373860000000000081e-01 6.048120000000000163e-01 6.429780000000000495e-01 5.930720000000000436e-01
6.486509999999999776e-01 6.214610000000000412e-01 5.387060000000000182e-01 5.818999999999999728e-01 5.891269999999999563e-01
4.893859999999999877e-01 5.289479999999999738e-01 5.013579999999999703e-01 5.067399999999999682e-01 4.295550000000000201e-01
3.931049999999999822e-01 4.857620000000000271e-01 4.055699999999999861e-01 5.246929999999999650e-01 4.656759999999999788e-01
6.029079999999999995e-01 6.068909999999999583e-01 6.131079999999999863e-01 5.338600000000000012e-01 5.131099999999999550e-01
5.600619999999999488e-01 5.104769999999999586e-01 5.126220000000000221e-01 4.705219999999999958e-01 4.663769999999999860e-01
4.017249999999999988e-01 3.935699999999999754e-01 4.018769999999999842e-01 4.166000000000000258e-01 3.701070000000000193e-01
3.884360000000000035e-01 4.063180000000000125e-01 4.219370000000000065e-01 4.257810000000000206e-01 3.805830000000000046e-01
4.272050000000000014e-01 4.443010000000000015e-01 3.745260000000000256e-01 4.628439999999999777e-01 4.701719999999999788e-01
5.756729999999999903e-01 4.109240000000000115e-01 5.560890000000000555e-01 5.179909999999999792e-01 4.707379999999999898e-01
5.988240000000000229e-01 6.046620000000000328e-01 6.269249999999999545e-01 5.643610000000000015e-01 5.608680000000000332e-01
4.410430000000000184e-01 4.880800000000000138e-01 3.650740000000000096e-01 4.530319999999999903e-01 4.778819999999999735e-01
4.692529999999999757e-01 6.152560000000000251e-01 5.200709999999999500e-01 5.316950000000000287e-01 5.000679999999999570e-01
6.005129999999999635e-01 5.144809999999999661e-01 4.454460000000000086e-01 5.498840000000000394e-01 4.381990000000000052e-01
3.965099999999999736e-01 5.115640000000000187e-01 4.707370000000000165e-01 4.557610000000000272e-01 5.362270000000000092e-01
5.173710000000000253e-01 5.150209999999999511e-01 4.814329999999999998e-01 5.594339999999999868e-01 4.895909999999999984e-01
3.729700000000000237e-01 4.007569999999999744e-01 3.192130000000000245e-01 4.190459999999999741e-01 3.755390000000000117e-01
4.829860000000000264e-01 4.978230000000000155e-01 6.012459999999999471e-01 5.272550000000000292e-01 5.215589999999999948e-01
4.499699999999999811e-01 3.529249999999999887e-01 4.055849999999999733e-01 3.933490000000000042e-01 4.258600000000000163e-01
5.321660000000000279e-01 5.400230000000000308e-01 5.021670000000000300e-01 5.836219999999999741e-01 5.894549999999999512e-01
5.946489999999999831e-01 6.298599999999999755e-01 6.264760000000000328e-01 5.510429999999999495e-01 5.508159999999999723e-01
5.241890000000000160e-01 6.300750000000000517e-01 5.506419999999999648e-01 5.259310000000000374e-01 6.074370000000000047e-01
4.618829999999999880e-01 3.909929999999999795e-01 3.975380000000000025e-01 4.305519999999999903e-01 3.723920000000000008e-01
4.657120000000000148e-01 5.818630000000000191e-01 4.096969999999999779e-01 5.623960000000000070e-01 4.935780000000000167e-01
5.739680000000000337e-01 5.222660000000000080e-01 5.538359999999999950e-01 4.958480000000000110e-01 5.744320000000000537e-01
4.869990000000000152e-01 5.022780000000000022e-01 5.415379999999999638e-01 5.215119999999999756e-01 5.995209999999999706e-01
4.842000000000000193e-01 3.884349999999999747e-01 4.107370000000000188e-01 3.849569999999999936e-01 4.411169999999999813e-01
5.813350000000000461e-01 5.494989999999999597e-01 6.477800000000000225e-01 5.496450000000000502e-01 6.278049999999999464e-01
4.902480000000000171e-01 4.129909999999999970e-01 4.795559999999999823e-01 4.400160000000000182e-01 4.139950000000000019e-01
6.178930000000000256e-01 5.766050000000000342e-01 5.729610000000000536e-01 5.708400000000000141e-01 6.134650000000000380e-01
5.664179999999999771e-01 6.437950000000000061e-01 5.855709999999999527e-01 5.562409999999999854e-01 6.522339999999999804e-01
3.870700000000000252e-01 4.971760000000000068e-01 4.646730000000000027e-01 4.185929999999999929e-01 4.765019999999999811e-01
4.622020000000000017e-01 4.959669999999999912e-01 3.917579999999999951e-01 4.975709999999999855e-01 4.798339999999999828e-01
3.581719999999999904e-01 3.202420000000000266e-01 3.754500000000000060e-01 3.102900000000000102e-01 3.543959999999999888e-01
4.311400000000000232e-01 4.331160000000000010e-01 3.903090000000000170e-01 5.124429999999999819e-01 4.255709999999999771e-01
5.991220000000000434e-01 6.709239999999999648e-01 6.063730000000000508e-01 6.585280000000000022e-01 6.347040000000000459e-01
4.243720000000000270e-01 4.406200000000000117e-01 4.112250000000000072e-01 3.872820000000000151e-01 3.839629999999999987e-01
4.675770000000000204e-01 4.102279999999999816e-01 4.300390000000000046e-01 4.154849999999999932e-01 3.819130000000000025e-01
3.869870000000000254e-01 3.868619999999999837e-01 4.624510000000000010e-01 4.372400000000000175e-01 3.733090000000000019e-01
5.975559999999999761e-01 5.521620000000000417e-01 6.264060000000000183e-01 6.038919999999999844e-01 5.463390000000000191e-01
6.624959999999999738e-01 6.158730000000000038e-01 6.201579999999999870e-01 6.078379999999999894e-01 6.100060000000000482e-01
4.386269999999999891e-01 3.979659999999999864e-01 4.194359999999999755e-01 3.867329999999999934e-01 4.761179999999999857e-01
4.778479999999999950e-01 5.862370000000000081e-01 4.963480000000000114e-01 5.157209999999999850e-01 4.547129999999999783e-01
4.531810000000000005e-01 4.781170000000000142e-01 4.494389999999999774e-01 4.859149999999999858e-01 4.020540000000000225e-01
4.878850000000000131e-01 4.275280000000000191e-01 4.509340000000000015e-01 4.166850000000000276e-01 4.026850000000000152e-01
5.117819999999999592e-01 5.719859999999999944e-01 5.973140000000000116e-01 5.695280000000000342e-01 5.972629999999999884e-01
4.383429999999999827e-01 3.397279999999999744e-01 4.473460000000000214e-01 3.673919999999999964e-01 3.776829999999999909e-01
4.778419999999999890e-01 4.400339999999999807e-01 4.748950000000000116e-01 4.829510000000000192e-01 4.074570000000000136e-01
4.923159999999999759e-01 3.667030000000000012e-01 3.984719999999999929e-01 4.008129999999999749e-01 3.813300000000000023e-01
6.580359999999999543e-01 6.033199999999999674e-01 6.167660000000000364e-01 5.954150000000000276e-01 6.323140000000000427e-01
6.180670000000000330e-01 6.016489999999999894e-01 6.456650000000000444e-01 5.222780000000000200e-01 6.164570000000000327e-01
5.718090000000000117e-01 5.526240000000000041e-01 4.359709999999999974e-01 5.217079999999999496e-01 4.505609999999999893e-01
4.826759999999999939e-01 3.676920000000000188e-01 4.007009999999999739e-01 4.250439999999999774e-01 3.914779999999999927e-01
5.300430000000000419e-01 4.191449999999999898e-01 5.042419999999999680e-01 4.371220000000000105e-01 3.860990000000000255e-01
