5
482
0.48674 0.610665 0.434513 0.5012990000000001 0.641821 
0.469682 0.418503 0.30733 0.553939 0.355349 
0.673019 0.545621 0.618381 0.512472 0.681181 
0.6251679999999999 0.554468 0.608922 0.491274 0.440753 
0.394317 0.258679 0.392584 0.407944 0.292471 
0.599468 0.514759 0.6093460000000001 0.569298 0.415208 
0.471389 0.692006 0.503064 0.545745 0.635167 
0.526938 0.261632 0.47463 0.421365 0.360205 
0.550315 0.470678 0.52581 0.432543 0.353898 
0.359668 0.493527 0.359466 0.36556 0.530145 
0.7006289999999999 0.640984 0.599762 0.652505 0.709411 
0.499346 0.58474 0.445009 0.5824859999999999 0.665722 
0.527759 0.61174 0.669481 0.554901 0.708082 
0.448514 0.357509 0.295522 0.488909 0.341905 
0.544342 0.621707 0.703023 0.623796 0.677032 
0.365755 0.327356 0.340086 0.335224 0.243185 
0.590781 0.420176 0.579543 0.373775 0.414699 
0.634406 0.600297 0.7119220000000001 0.665189 0.5607259999999999 
0.70556 0.6137899999999999 0.6280019999999999 0.537941 0.680264 
0.3306 0.333628 0.363935 0.407016 0.484337 
0.708463 0.755654 0.678738 0.748401 0.650184 
0.510741 0.712537 0.510931 0.576616 0.494225 
0.506001 0.571587 0.324807 0.457123 0.415188 
0.419243 0.479038 0.280166 0.535081 0.384552 
0.536788 0.704599 0.617459 0.634047 0.714983 
0.607616 0.668702 0.728406 0.560055 0.657397 
0.412826 0.612134 0.414791 0.608413 0.393315 
0.545037 0.578794 0.431486 0.425618 0.422917 
0.670457 0.650271 0.645631 0.725602 0.551267 
0.582301 0.470338 0.431349 0.6484259999999999 0.534316 
0.339366 0.482413 0.433783 0.325374 0.5439580000000001 
0.335385 0.546278 0.355331 0.536597 0.422516 
0.407624 0.539135 0.5365220000000001 0.34371 0.5557530000000001 
0.650899 0.595768 0.678378 0.706927 0.671531 
0.560329 0.60372 0.357689 0.606705 0.459736 
0.641365 0.7336819999999999 0.649942 0.725346 0.6108440000000001 
0.677998 0.69059 0.593606 0.67703 0.525998 
0.6250869999999999 0.448273 0.6499470000000001 0.648728 0.49381 
0.414226 0.5245069999999999 0.624362 0.4835 0.652992 
0.558675 0.594027 0.383261 0.513272 0.552045 
0.614127 0.319785 0.502983 0.447282 0.447284 
0.465376 0.705456 0.482623 0.618082 0.59161 
0.624983 0.435003 0.583565 0.535991 0.601261 
0.406453 0.5659650000000001 0.450338 0.388737 0.601369 
0.5276189999999999 0.429607 0.406994 0.607784 0.479953 
0.514597 0.469449 0.448299 0.386469 0.335403 
0.403422 0.258471 0.401366 0.24929 0.368436 
0.672388 0.738327 0.618362 0.624576 0.648597 
0.647516 0.552527 0.578779 0.475404 0.433879 
0.397259 0.306433 0.368362 0.408495 0.458199 
0.679528 0.66881 0.620136 0.550011 0.578922 
0.355098 0.421211 0.411464 0.33053 0.307292 
0.407482 0.489889 0.488221 0.525625 0.635394 
0.521607 0.52533 0.655559 0.406317 0.514707 
0.305731 0.322889 0.311929 0.290285 0.430048 
0.6875869999999999 0.699929 0.731325 0.620899 0.732517 
0.4278 0.540533 0.546319 0.558793 0.400369 
0.609768 0.556252 0.603094 0.667223 0.452994 
0.313582 0.463913 0.514174 0.421576 0.411592 
0.733603 0.6891620000000001 0.692786 0.672426 0.767906 
0.244712 0.27804 0.277205 0.2773 0.303774 
0.641442 0.5522590000000001 0.440685 0.525831 0.468689 
0.691073 0.518772 0.645268 0.486932 0.510069 
0.729813 0.649239 0.737959 0.662851 0.76303 
0.523116 0.491717 0.328605 0.5968599999999999 0.348502 
0.248327 0.317444 0.369331 0.319505 0.308185 
0.278985 0.297824 0.328861 0.388896 0.35941 
0.369638 0.371039 0.560521 0.40907 0.4923 
0.319913 0.414714 0.257885 0.333842 0.323154 
0.320852 0.497678 0.301027 0.42417 0.476198 
0.694873 0.538422 0.530069 0.482969 0.47169 
0.539822 0.64937 0.43022 0.606277 0.434221 
0.656918 0.635157 0.651801 0.520865 0.703964 
0.409404 0.436493 0.376999 0.414787 0.565034 
0.581274 0.407118 0.666006 0.488764 0.599152 
0.640392 0.687895 0.504657 0.7094 0.659448 
0.623471 0.498855 0.7154 0.540121 0.6663559999999999 
0.282304 0.423722 0.301092 0.383295 0.281175 
0.583769 0.602048 0.415846 0.6268049999999999 0.622599 
0.408269 0.473029 0.354937 0.454567 0.277693 
0.488109 0.445482 0.537327 0.587886 0.603621 
0.352984 0.410581 0.5459580000000001 0.489762 0.494732 
0.475983 0.62499 0.494869 0.394171 0.520164 
0.509702 0.307027 0.374213 0.522632 0.344802 
0.611321 0.583771 0.419428 0.624146 0.390607 
0.614214 0.385612 0.662552 0.489247 0.534623 
0.704979 0.516981 0.690437 0.544517 0.676539 
0.459701 0.43321 0.588009 0.524275 0.414082 
0.5777910000000001 0.425002 0.531936 0.649431 0.48745 
0.692557 0.505691 0.652367 0.495907 0.508453 
0.552407 0.413447 0.339671 0.507242 0.442992 
0.628611 0.665316 0.468492 0.591767 0.456373 
0.255531 0.333563 0.288482 0.245571 0.290121 
0.570253 0.621363 0.446206 0.692508 0.43982 
0.574883 0.329833 0.544671 0.372203 0.370118 
0.277945 0.460825 0.312055 0.469535 0.4113 
0.620905 0.725618 0.564153 0.688005 0.537564 
0.517903 0.692094 0.544345 0.675161 0.666651 
0.720171 0.668005 0.553824 0.639589 0.617214 
0.445905 0.502905 0.311872 0.36685 0.428036 
0.6008559999999999 0.534149 0.709562 0.441561 0.565862 
0.41148 0.592239 0.563925 0.528898 0.430725 
0.2829 0.263117 0.301437 0.234756 0.315431 
0.665529 0.508198 0.492714 0.481904 0.562612 
0.587023 0.653897 0.695173 0.647192 0.7415310000000001 
0.408864 0.486563 0.300125 0.414264 0.332918 
0.575291 0.367316 0.595876 0.475789 0.394135 
0.535537 0.705735 0.537516 0.697343 0.499482 
0.321353 0.576352 0.493809 0.483055 0.467701 
0.678369 0.500577 0.683476 0.655122 0.6084889999999999 
0.583642 0.47607 0.394486 0.614571 0.359978 
0.395966 0.354155 0.381358 0.463034 0.496894 
0.322361 0.434344 0.274291 0.437847 0.376857 
0.371129 0.38425 0.25857 0.415555 0.396562 
0.761678 0.6205540000000001 0.701915 0.661551 0.6098980000000001 
0.302442 0.359738 0.382416 0.39106 0.274874 
0.724891 0.708944 0.734092 0.698172 0.749994 
0.577039 0.421862 0.5118 0.394071 0.583963 
0.472488 0.343517 0.399493 0.318453 0.339194 
0.258169 0.284689 0.255935 0.267774 0.307706 
0.610961 0.372656 0.550664 0.361395 0.476505 
0.467614 0.403621 0.408901 0.443042 0.263429 
0.6632400000000001 0.714994 0.65557 0.579476 0.656147 
0.409114 0.427813 0.283171 0.517239 0.388523 
0.293738 0.516238 0.359841 0.450758 0.354255 
0.502092 0.686918 0.460622 0.528495 0.469316 
0.464452 0.314477 0.46724 0.519594 0.344727 
0.397849 0.567508 0.392723 0.630812 0.447731 
0.571705 0.543076 0.482284 0.394904 0.578732 
0.566082 0.661169 0.628521 0.743354 0.618115 
0.609257 0.67944 0.649221 0.742995 0.584877 
0.711562 0.756121 0.713444 0.685795 0.7638470000000001 
0.39256 0.300361 0.364197 0.365661 0.454053 
0.57108 0.62456 0.589183 0.604471 0.738752 
0.53561 0.653741 0.6258590000000001 0.5507030000000001 0.728897 
0.566105 0.394612 0.644286 0.555269 0.492738 
0.663619 0.653495 0.452916 0.623403 0.563785 
0.75295 0.667012 0.670335 0.645172 0.6402139999999999 
0.554708 0.626935 0.393769 0.603729 0.425334 
0.327433 0.581983 0.363622 0.44264 0.511637 
0.429075 0.270361 0.467646 0.304289 0.37907 
0.555504 0.371232 0.516632 0.336908 0.415224 
0.464113 0.311677 0.336716 0.384891 0.421917 
0.438001 0.489442 0.304596 0.572842 0.39867 
0.388241 0.455124 0.5022529999999999 0.571766 0.450462 
0.394951 0.459617 0.337651 0.535944 0.318895 
0.565867 0.487786 0.499344 0.477505 0.319971 
0.742969 0.6961580000000001 0.612367 0.674258 0.65273 
0.359367 0.366749 0.392179 0.499369 0.33708 
0.632005 0.31486 0.537362 0.526822 0.408581 
0.517836 0.476704 0.631471 0.599088 0.599089 
0.494334 0.645594 0.46367 0.582404 0.637713 
0.279195 0.480946 0.404594 0.467207 0.451601 
0.510574 0.727677 0.615177 0.610679 0.661837 
0.570363 0.336136 0.450849 0.427458 0.495352 
0.488234 0.678792 0.615783 0.593741 0.547354 
0.738352 0.636358 0.738174 0.611694 0.689262 
0.563964 0.6709310000000001 0.672436 0.534482 0.682634 
0.607854 0.714715 0.744089 0.632845 0.717332 
0.464264 0.6697689999999999 0.508717 0.61048 0.459149 
0.285334 0.413577 0.407758 0.480243 0.396542 
0.438516 0.390756 0.436395 0.569814 0.49104 
0.475102 0.65082 0.532071 0.478339 0.690672 
0.399312 0.617468 0.465949 0.416433 0.548005 
0.436122 0.316825 0.430649 0.334684 0.497096 
0.5032140000000001 0.616953 0.584086 0.41929 0.499213 
0.531983 0.667338 0.414571 0.668366 0.5094689999999999 
0.768154 0.633015 0.713722 0.662131 0.726575 
0.5507570000000001 0.602093 0.419386 0.691734 0.428856 
0.482366 0.603624 0.604101 0.675192 0.590268 
0.666274 0.552702 0.576328 0.628661 0.451194 
0.507582 0.619772 0.617025 0.49466 0.699031 
0.532738 0.502601 0.522922 0.366579 0.436287 
0.5729340000000001 0.600367 0.491837 0.48055 0.43144 
0.523723 0.429115 0.480689 0.636649 0.491917 
0.554813 0.575346 0.493363 0.707649 0.420037 
0.364755 0.447335 0.256726 0.368222 0.362173 
0.7157750000000001 0.726183 0.668285 0.735893 0.704505 
0.356676 0.325373 0.402121 0.451613 0.294652 
0.645991 0.732384 0.623396 0.749899 0.701352 
0.345907 0.450849 0.560467 0.328049 0.537337 
0.314746 0.351644 0.231865 0.370953 0.32202 
0.560051 0.529903 0.730703 0.519131 0.670461 
0.352305 0.285096 0.268958 0.286518 0.266418 
0.598181 0.438023 0.652284 0.375741 0.508683 
0.255018 0.280957 0.312483 0.290893 0.287302 
0.658627 0.725861 0.567658 0.7268250000000001 0.663791 
0.349892 0.309885 0.411163 0.35927 0.499045 
0.6782550000000001 0.54335 0.526412 0.693287 0.512875 
0.530156 0.623543 0.598298 0.45862 0.704039 
0.359903 0.556402 0.487559 0.500203 0.610865 
0.556584 0.613563 0.597857 0.48548 0.727084 
0.615385 0.73838 0.7147250000000001 0.689823 0.720194 
0.728073 0.707037 0.598859 0.740222 0.652698 
0.466667 0.405871 0.510416 0.448458 0.29987 
0.533114 0.659903 0.540958 0.503769 0.701554 
0.308154 0.526598 0.490793 0.372687 0.499652 
0.432136 0.652143 0.603773 0.545033 0.617648 
0.376445 0.591107 0.416212 0.406183 0.578247 
0.310997 0.298728 0.441443 0.275693 0.419473 
0.738941 0.7553 0.652918 0.716332 0.724909 
0.5577569999999999 0.667055 0.460566 0.718655 0.516423 
0.651253 0.720092 0.724009 0.63311 0.761036 
0.537365 0.451008 0.643417 0.513815 0.429704 
0.682998 0.499665 0.747733 0.600373 0.57766 
0.514819 0.405505 0.634516 0.508872 0.611776 
0.702865 0.582693 0.698762 0.679018 0.7136 
0.722207 0.6685950000000001 0.703892 0.571838 0.666702 
0.647714 0.410731 0.440104 0.462873 0.421286 
0.571924 0.619963 0.555644 0.658409 0.7213580000000001 
0.585274 0.753447 0.544763 0.589211 0.615555 
0.390834 0.232718 0.344112 0.338031 0.287818 
0.631385 0.612111 0.618958 0.548515 0.464332 
0.552959 0.397602 0.429513 0.500758 0.286641 
0.5216769999999999 0.529257 0.505532 0.494064 0.33346 
0.452259 0.6107669999999999 0.4949 0.413007 0.598783 
0.533632 0.562598 0.432846 0.6813399999999999 0.386518 
0.438589 0.511826 0.309002 0.586646 0.402975 
0.6050680000000001 0.464165 0.648353 0.6694 0.515792 
0.448476 0.464821 0.517105 0.484366 0.313969 
0.572971 0.5827599999999999 0.46999 0.647428 0.634728 
0.488847 0.649301 0.497773 0.417076 0.522671 
0.386796 0.438791 0.625909 0.362315 0.4707 
0.678196 0.55426 0.609286 0.563712 0.463364 
0.487239 0.256542 0.440078 0.358907 0.30267 
0.383519 0.636619 0.450412 0.564543 0.549355 
0.634109 0.576515 0.743081 0.561553 0.730506 
0.311645 0.24213 0.305899 0.321649 0.34718 
0.609206 0.45028 0.443334 0.430834 0.462427 
0.51471 0.457749 0.6162 0.565729 0.400065 
0.70126 0.489777 0.681381 0.562013 0.531369 
0.465079 0.458011 0.376571 0.520846 0.568354 
0.555885 0.73532 0.5881690000000001 0.64005 0.581348 
0.5994119999999999 0.559499 0.419441 0.711217 0.49975 
0.486373 0.301371 0.465187 0.446198 0.295973 
0.471492 0.543961 0.492245 0.428561 0.681459 
0.497728 0.300648 0.379134 0.380919 0.331284 
0.401487 0.474875 0.6002150000000001 0.438367 0.423108 
0.76999 0.657609 0.7668469999999999 0.689966 0.710975 
0.412681 0.396258 0.305183 0.423841 0.498155 
0.413991 0.2746 0.461735 0.439054 0.374195 
0.67588 0.671335 0.519923 0.707645 0.499285 
0.406325 0.415933 0.3393 0.318534 0.320735 
0.578305 0.739401 0.59713 0.620516 0.716719 
0.599271 0.6841 0.64234 0.662238 0.764891 
0.594734 0.427259 0.388519 0.552983 0.326079 
0.460828 0.550435 0.289772 0.572477 0.357736 
0.343661 0.456499 0.267811 0.375718 0.360761 
0.325729 0.475802 0.400546 0.400362 0.308511 
0.416597 0.257876 0.41129 0.359363 0.441788 
0.400827 0.683975 0.50421 0.50967 0.567757 
0.563142 0.562735 0.434061 0.713966 0.460923 
0.54904 0.487207 0.398742 0.390487 0.399573 
0.657815 0.665927 0.65599 0.603021 0.5461819999999999 
0.547395 0.566844 0.618123 0.668106 0.664875 
0.66701 0.542205 0.45782 0.650292 0.542872 
0.451716 0.396961 0.273866 0.44455 0.368956 
0.407195 0.26146 0.36577 0.421152 0.335057 
0.5447610000000001 0.418196 0.433128 0.348112 0.389661 
0.340196 0.508252 0.582709 0.513889 0.5323059999999999 
0.636552 0.362875 0.629417 0.551044 0.51285 
0.283974 0.485402 0.458103 0.395701 0.496291 
0.316276 0.342403 0.356172 0.266825 0.449998 
0.521612 0.517327 0.662791 0.47723 0.435306 
0.433134 0.552365 0.535552 0.492663 0.361088 
0.527748 0.622632 0.618181 0.5450199999999999 0.734696 
0.719287 0.715201 0.7563 0.731027 0.724353 
0.311963 0.302853 0.259862 0.363467 0.261446 
0.331655 0.464112 0.304136 0.46717 0.288925 
0.593546 0.7268559999999999 0.695609 0.655282 0.6194229999999999 
0.394868 0.421999 0.475354 0.58051 0.464825 
0.526343 0.681154 0.359681 0.55145 0.47111 
0.600395 0.667023 0.6738150000000001 0.654085 0.757282 
0.56212 0.616827 0.495244 0.564714 0.372269 
0.564966 0.616267 0.556419 0.683308 0.68708 
0.540551 0.486287 0.415636 0.483376 0.294573 
0.576456 0.551916 0.556589 0.37729 0.549169 
0.459765 0.474668 0.370238 0.615578 0.430236 
0.521404 0.366583 0.545955 0.518889 0.541466 
0.578993 0.472438 0.377528 0.561974 0.510974 
0.361961 0.635265 0.390507 0.5069900000000001 0.453769 
0.6684369999999999 0.439403 0.515768 0.49138 0.543861 
0.422784 0.535326 0.353364 0.455641 0.554102 
0.583242 0.73136 0.524841 0.69854 0.573682 
0.55335 0.668704 0.634517 0.639336 0.729795 
0.6185619999999999 0.415305 0.611753 0.371186 0.520675 
0.699005 0.629615 0.717975 0.598794 0.7525269999999999 
0.475279 0.455987 0.565751 0.575843 0.411129 
0.74025 0.646603 0.769447 0.70908 0.688604 
0.531949 0.58571 0.711565 0.563538 0.54305 
0.32249 0.394002 0.395599 0.372304 0.529072 
0.346351 0.620638 0.436049 0.422532 0.512281 
0.442307 0.647162 0.456073 0.631097 0.557816 
0.669088 0.5788180000000001 0.490174 0.5009130000000001 0.571625 
0.301625 0.296509 0.24408 0.307476 0.26189 
0.469838 0.645703 0.483902 0.493528 0.413384 
0.504059 0.6822009999999999 0.57988 0.667327 0.607934 
0.505188 0.511547 0.673695 0.606519 0.585303 
0.299949 0.270444 0.368129 0.22873 0.360965 
0.6501400000000001 0.483474 0.475374 0.633796 0.559131 
0.357915 0.475787 0.285697 0.483923 0.389361 
0.405947 0.334906 0.430996 0.42959 0.255229 
0.6081 0.500706 0.551345 0.475336 0.66713 
0.595654 0.553246 0.485734 0.541838 0.658013 
0.374765 0.425436 0.287263 0.51159 0.399616 
0.382021 0.314671 0.450774 0.298417 0.305047 
0.525915 0.339198 0.427472 0.374537 0.491367 
0.556689 0.451657 0.34172 0.531439 0.315107 
0.385464 0.405879 0.28685 0.450706 0.258816 
0.415254 0.28328 0.449891 0.381175 0.476609 
0.46603 0.6449240000000001 0.573977 0.655408 0.507252 
0.490828 0.419673 0.335262 0.496834 0.490847 
0.701128 0.671445 0.669091 0.55855 0.671301 
0.485459 0.562257 0.481662 0.650594 0.615621 
0.636645 0.644714 0.522286 0.669425 0.675266 
0.302617 0.438758 0.325245 0.374482 0.280912 
0.349704 0.494772 0.577468 0.361898 0.482077 
0.362925 0.530513 0.609415 0.482182 0.5682469999999999 
0.383199 0.630153 0.531577 0.571041 0.495683 
0.4519 0.510509 0.618282 0.602298 0.533816 
0.369992 0.358446 0.452913 0.258417 0.5033 
0.402724 0.434897 0.601849 0.39022 0.420046 
0.469872 0.376038 0.616864 0.366129 0.580089 
0.376483 0.499133 0.32274 0.333049 0.400657 
0.435214 0.318829 0.408203 0.401036 0.512632 
0.660473 0.541068 0.461207 0.671077 0.490531 
0.722008 0.651428 0.764551 0.658801 0.656477 
0.652419 0.667692 0.742594 0.687456 0.754189 
0.364649 0.263083 0.273587 0.290123 0.304923 
0.512698 0.586293 0.393004 0.5175149999999999 0.368482 
0.341638 0.353768 0.545911 0.303508 0.437181 
0.492031 0.578703 0.589754 0.582763 0.716598 
0.592458 0.679168 0.443158 0.618501 0.619422 
0.460526 0.690731 0.56604 0.497343 0.578618 
0.674075 0.430269 0.658701 0.618963 0.478977 
0.41234 0.383409 0.563732 0.413462 0.57912 
0.531184 0.454974 0.686069 0.520916 0.560162 
0.566416 0.56237 0.426535 0.497401 0.348979 
0.6698460000000001 0.5418269999999999 0.621719 0.670651 0.470209 
0.416353 0.426937 0.584338 0.405671 0.596517 
0.314981 0.282204 0.396449 0.371038 0.329206 
0.728916 0.548201 0.646451 0.6667 0.595867 
0.467628 0.669056 0.585493 0.603983 0.661456 
0.688256 0.715689 0.558172 0.629633 0.660211 
0.404882 0.395548 0.273144 0.344517 0.355432 
0.585071 0.698875 0.5536489999999999 0.708005 0.669865 
0.624591 0.429626 0.470888 0.446964 0.53745 
0.6100640000000001 0.709388 0.696831 0.5684439999999999 0.641931 
0.308391 0.47077 0.50539 0.480939 0.439141 
0.68632 0.479667 0.627962 0.477011 0.4849 
0.541591 0.684526 0.685308 0.682691 0.646991 
0.707654 0.725455 0.722498 0.6901389999999999 0.668868 
0.577303 0.482739 0.71038 0.481428 0.650932 
0.474837 0.474949 0.393757 0.582063 0.555467 
0.641278 0.7324929999999999 0.574904 0.669081 0.70323 
0.486217 0.54262 0.403116 0.619239 0.321664 
0.332771 0.551091 0.488459 0.51311 0.39728 
0.576144 0.356882 0.487374 0.35004 0.432597 
0.654419 0.439278 0.495256 0.453857 0.476415 
0.702286 0.584183 0.585237 0.508901 0.518573 
0.719688 0.629152 0.577465 0.601351 0.642747 
0.6343 0.403708 0.564881 0.454349 0.369564 
0.272999 0.402587 0.389155 0.300483 0.434565 
0.339104 0.280969 0.419164 0.221838 0.379269 
0.458702 0.5457880000000001 0.378385 0.629104 0.486374 
0.370777 0.527139 0.345813 0.370973 0.349781 
0.6526 0.592018 0.715396 0.706145 0.621559 
0.524421 0.696894 0.579338 0.685574 0.517765 
0.415444 0.396259 0.40714 0.489112 0.542632 
0.411498 0.668714 0.375827 0.497013 0.500604 
0.666029 0.588887 0.585453 0.583492 0.696534 
0.557798 0.656788 0.56151 0.460676 0.53089 
0.52723 0.60938 0.669221 0.540065 0.486683 
0.336236 0.447562 0.479049 0.460901 0.36662 
0.389061 0.591869 0.484663 0.439925 0.389552 
0.456876 0.576022 0.499204 0.5766790000000001 0.693387 
0.527987 0.687141 0.654186 0.521519 0.589036 
0.469977 0.46325 0.452334 0.540344 0.285495 
0.513727 0.651498 0.531988 0.60161 0.706828 
0.605312 0.6241679999999999 0.517918 0.742745 0.589825 
0.394635 0.598603 0.518198 0.420958 0.465652 
0.431462 0.285521 0.36623 0.411689 0.275682 
0.359065 0.448814 0.435272 0.590452 0.506063 
0.402263 0.58647 0.620421 0.505636 0.54892 
0.369405 0.640032 0.422627 0.552647 0.449116 
0.441717 0.259756 0.444268 0.316469 0.35316 
0.673607 0.700198 0.66149 0.566816 0.609803 
0.633619 0.551101 0.47943 0.670414 0.605449 
0.5485 0.440694 0.672566 0.514445 0.646793 
0.5313639999999999 0.346377 0.487139 0.496731 0.51693 
0.505619 0.486284 0.464935 0.347178 0.568518 
0.50586 0.350285 0.38616 0.461355 0.253477 
0.752265 0.718245 0.670295 0.7137 0.742989 
0.64264 0.6466769999999999 0.734185 0.585747 0.752273 
0.45313 0.436609 0.650205 0.42468 0.481626 
0.610142 0.463989 0.488953 0.696995 0.445042 
0.525627 0.335613 0.42341 0.335377 0.347751 
0.58384 0.562811 0.421849 0.541021 0.630869 
0.703075 0.635808 0.691603 0.747296 0.66681 
0.664842 0.517055 0.528757 0.702675 0.523168 
0.478161 0.506531 0.6704329999999999 0.441295 0.479256 
0.482237 0.589249 0.638883 0.445404 0.65286 
0.401857 0.632976 0.373862 0.420429 0.466407 
0.700252 0.600419 0.692248 0.5504869999999999 0.544473 
0.442013 0.426931 0.585477 0.285271 0.528715 
0.394674 0.637582 0.5155690000000001 0.538147 0.47091 
0.624075 0.681559 0.600434 0.6228860000000001 0.749486 
0.683709 0.6483449999999999 0.687005 0.722743 0.742597 
0.382183 0.234188 0.398912 0.331253 0.303646 
0.544254 0.477148 0.569392 0.489054 0.687296 
0.628733 0.528302 0.384672 0.629019 0.437505 
0.537003 0.516694 0.58758 0.421522 0.695608 
0.322872 0.237431 0.307329 0.272229 0.329286 
0.588722 0.73197 0.694387 0.661254 0.71114 
0.517248 0.511302 0.421068 0.635856 0.330306 
0.249433 0.456739 0.304814 0.360111 0.424175 
0.567997 0.534353 0.644663 0.65679 0.636669 
0.382379 0.348601 0.376861 0.484377 0.289528 
0.443018 0.521523 0.663419 0.491373 0.503964 
0.536697 0.450232 0.580851 0.394387 0.657861 
0.522355 0.297555 0.423853 0.5164260000000001 0.393647 
0.355731 0.285597 0.276869 0.279034 0.338381 
0.522698 0.729637 0.625645 0.645601 0.6224499999999999 
0.696622 0.423487 0.68236 0.527587 0.543764 
0.266336 0.355053 0.375054 0.344634 0.47437 
0.560598 0.372796 0.651631 0.534979 0.51831 
0.399805 0.579117 0.450937 0.457265 0.358499 
0.593545 0.332368 0.618733 0.517014 0.486893 
0.292708 0.387087 0.265493 0.434224 0.344985 
0.296703 0.318559 0.27531 0.371326 0.373489 
0.639798 0.555914 0.699808 0.457495 0.680982 
0.36308 0.498955 0.336329 0.295215 0.442083 
0.296394 0.289146 0.343515 0.313177 0.265142 
0.504739 0.595436 0.337621 0.624514 0.451438 
0.552014 0.449656 0.367997 0.433264 0.441103 
0.308182 0.454235 0.5235300000000001 0.430628 0.528998 
0.660513 0.50018 0.524574 0.477119 0.406283 
0.327794 0.496941 0.31182 0.482692 0.334505 
0.740555 0.624302 0.642633 0.585884 0.628669 
0.66043 0.504197 0.497046 0.514244 0.403005 
0.365261 0.244672 0.32369 0.389295 0.288967 
0.495723 0.5099860000000001 0.543886 0.6485109999999999 0.443069 
0.750572 0.6145040000000001 0.640456 0.652035 0.5750459999999999 
0.581963 0.422463 0.640912 0.60314 0.493702 
0.709303 0.5996359999999999 0.5838719999999999 0.716564 0.511475 
0.461392 0.380593 0.367881 0.456357 0.241683 
0.439954 0.466389 0.458659 0.507024 0.6157049999999999 
0.642405 0.707606 0.615387 0.569286 0.66327 
0.679018 0.590289 0.740022 0.606511 0.72283 
0.615885 0.5577260000000001 0.708365 0.484695 0.690014 
0.410767 0.35929 0.515834 0.418376 0.31484 
0.489221 0.482851 0.435968 0.341922 0.402086 
0.6018210000000001 0.6381250000000001 0.6420709999999999 0.688652 0.741398 
0.612556 0.5305800000000001 0.469804 0.700047 0.448586 
0.38805 0.512398 0.309286 0.480391 0.51964 
0.318636 0.509188 0.495416 0.41374 0.426952 
0.381718 0.339759 0.418578 0.497079 0.305398 
0.393308 0.57522 0.568194 0.481414 0.447086 
0.599448 0.394665 0.605606 0.580016 0.558127 
0.576277 0.58895 0.420375 0.547162 0.64447 
0.452002 0.504488 0.503176 0.656624 0.469619 
0.598783 0.548329 0.517381 0.578294 0.375969 
0.48274 0.385532 0.491795 0.37833 0.59942 
0.465056 0.34593 0.341078 0.345931 0.437421 
0.597933 0.684374 0.623745 0.593487 0.75056 
0.454404 0.516321 0.470578 0.561479 0.314395 
0.643218 0.713047 0.532146 0.6800620000000001 0.696067 
0.677713 0.413213 0.666876 0.576087 0.521956 
0.538085 0.382887 0.356159 0.472511 0.336785 
0.481825 0.488765 0.424796 0.643273 0.505217 
0.612125 0.563194 0.603483 0.507866 0.711541 
0.6086240000000001 0.616473 0.413384 0.576533 0.411287 
0.489749 0.606177 0.667583 0.470287 0.631847 
0.289237 0.27353 0.40676 0.296808 0.364876 
0.380749 0.373228 0.450111 0.51472 0.498444 
0.611631 0.58908 0.633583 0.651509 0.465002 
0.450063 0.476838 0.33271 0.554541 0.513811 
0.398977 0.305475 0.410218 0.314381 0.481865 
0.29512 0.270099 0.287251 0.388578 0.281772 
0.6442020000000001 0.6727959999999999 0.708747 0.529761 0.673424 
0.467701 0.600002 0.54376 0.506641 0.398893 
0.31508 0.341025 0.301897 0.34939 0.230337 
