5
1044
0.470162 0.281228 0.6157010000000001 0.514021 0.416108 
0.614332 0.488424 0.302316 0.516637 0.430306 
0.735423 0.518452 0.598711 0.455161 0.581947 
0.753433 0.8015330000000001 0.671857 0.687717 0.73109 
0.314382 0.483184 0.339217 0.305865 0.579938 
0.57809 0.450662 0.663868 0.578045 0.333161 
0.507633 0.742958 0.564304 0.480153 0.678186 
0.514727 0.258985 0.577174 0.279851 0.504782 
0.646836 0.658733 0.482661 0.773106 0.550866 
0.175041 0.39691 0.28062 0.326105 0.408843 
0.6402139999999999 0.451977 0.423331 0.656301 0.519547 
0.216889 0.316105 0.458614 0.291462 0.402228 
0.721994 0.760142 0.7349869999999999 0.8342039999999999 0.7418 
0.781541 0.726261 0.804861 0.786504 0.798006 
0.454944 0.614066 0.615603 0.611537 0.438363 
0.334131 0.184528 0.423647 0.291096 0.314023 
0.387798 0.572651 0.660068 0.392404 0.580341 
0.682535 0.454192 0.766578 0.462056 0.6321 
0.509151 0.580864 0.463973 0.701165 0.685049 
0.433216 0.655966 0.500175 0.708855 0.496586 
0.678731 0.584739 0.52886 0.7120570000000001 0.379921 
0.269721 0.209671 0.197568 0.242969 0.159066 
0.528623 0.580917 0.580182 0.7554999999999999 0.565778 
0.488008 0.252924 0.525125 0.237914 0.37754 
0.391979 0.372108 0.5211440000000001 0.310778 0.659695 
0.345238 0.510371 0.260435 0.338691 0.530398 
0.608792 0.475939 0.409422 0.694873 0.34932 
0.546167 0.49301 0.486201 0.593896 0.250349 
0.618332 0.489203 0.569369 0.377834 0.652874 
0.494227 0.676522 0.595572 0.452887 0.49479 
0.609356 0.490124 0.546866 0.731467 0.593495 
0.370579 0.397248 0.478389 0.23695 0.361836 
0.294155 0.456276 0.301657 0.404414 0.562879 
0.55789 0.370412 0.3947 0.363152 0.2672 
0.642844 0.520793 0.398622 0.606555 0.318567 
0.385415 0.327323 0.302219 0.255937 0.241726 
0.544788 0.69577 0.307493 0.618313 0.51406 
0.654801 0.441826 0.793395 0.522365 0.556181 
0.458568 0.416435 0.501096 0.509682 0.244839 
0.250263 0.449745 0.216042 0.367469 0.438265 
0.746015 0.801664 0.752199 0.678273 0.757583 
0.43317 0.691465 0.515429 0.440251 0.456868 
0.45121 0.225789 0.572247 0.350964 0.464336 
0.76384 0.47758 0.709466 0.657742 0.6504490000000001 
0.340995 0.211196 0.346351 0.38425 0.359336 
0.375254 0.545351 0.623717 0.319437 0.581498 
0.732779 0.575451 0.498601 0.687102 0.456824 
0.7369599999999999 0.788606 0.794349 0.741806 0.704722 
0.698033 0.583103 0.481852 0.488057 0.492402 
0.437939 0.268143 0.403796 0.396508 0.198544 
0.286786 0.441664 0.292707 0.249979 0.377054 
0.641801 0.343841 0.362715 0.487277 0.368489 
0.61583 0.63535 0.499231 0.765803 0.457172 
0.370321 0.455724 0.239774 0.5523130000000001 0.460302 
0.617173 0.725975 0.54592 0.745887 0.714311 
0.740104 0.816657 0.742334 0.701806 0.749153 
0.247899 0.446219 0.308426 0.43463 0.256341 
0.764218 0.699333 0.7035400000000001 0.69074 0.549539 
0.616793 0.397006 0.719407 0.540432 0.663578 
0.744136 0.599645 0.67567 0.487979 0.59211 
0.532297 0.251985 0.466109 0.394967 0.213757 
0.292996 0.214826 0.398027 0.21056 0.363127 
0.348568 0.591375 0.5037 0.2889 0.564065 
0.562541 0.58126 0.736272 0.455437 0.547044 
0.18384 0.289437 0.262844 0.232331 0.213753 
0.31423 0.225447 0.417958 0.214412 0.293469 
0.38393 0.401648 0.5346959999999999 0.212302 0.476772 
0.457543 0.234399 0.52961 0.260531 0.51754 
0.342605 0.366682 0.523139 0.271461 0.361717 
0.680273 0.465009 0.459983 0.538062 0.261357 
0.495889 0.437695 0.257474 0.465272 0.28716 
0.743923 0.702814 0.607057 0.772975 0.747935 
0.668347 0.628841 0.687701 0.789781 0.697531 
0.338835 0.45426 0.367239 0.257485 0.320068 
0.753615 0.503275 0.723054 0.504892 0.630583 
0.394712 0.719099 0.447226 0.489336 0.732922 
0.185389 0.305238 0.342406 0.334366 0.343237 
0.434859 0.566612 0.326603 0.419881 0.6462869999999999 
0.732363 0.6710660000000001 0.807026 0.616161 0.708241 
0.757043 0.769111 0.607729 0.734774 0.705216 
0.262553 0.321851 0.2194 0.233867 0.396918 
0.314202 0.631251 0.390968 0.545581 0.35694 
0.278605 0.218778 0.347969 0.230827 0.217934 
0.813257 0.773348 0.731295 0.752165 0.790272 
0.62205 0.762609 0.753605 0.724553  0.785 
0.164917 0.244356 0.257899 0.235582 0.272719 
0.482121 0.319807 0.415223 0.596532 0.433647 
 0.627 0.337928 0.492286 0.59506 0.532185 
0.369111 0.7112039999999999 0.414424 0.606622 0.516983 
0.777583 0.546071 0.637136 0.572377 0.644072 
0.402824 0.417505 0.403406 0.191338 0.45388 
0.714727 0.647048 0.675435 0.5145110000000001 0.699289 
0.3558 0.62688 0.5352479999999999 0.600629 0.535948 
0.568591 0.373698 0.492388 0.381674 0.249192 
0.300807 0.246485 0.228306 0.185811 0.278022 
0.747986 0.775415 0.76803 0.689362 0.820076 
0.233293 0.28324 0.220328 0.200984 0.190963 
0.417593 0.426558 0.370727 0.6556650000000001 0.390667 
0.779095 0.5999370000000001 0.5922269999999999 0.727017 0.623268 
0.544608 0.366652 0.623003 0.303393 0.413737 
0.703171 0.574163 0.62734 0.7717619999999999 0.483936 
0.418593 0.514275 0.555104 0.291824 0.6672630000000001 
0.353899 0.1897 0.27447 0.318749 0.298226 
0.443803 0.398638 0.303068 0.630339 0.333542 
0.307399 0.482621 0.399827 0.314932 0.293723 
0.371491 0.512923 0.388977 0.606594 0.606096 
0.359158 0.547457 0.56189 0.627209 0.627684 
0.377474 0.401979 0.327301 0.620208 0.441291 
0.475145 0.339116 0.404137 0.231072 0.325414 
0.415731 0.375993 0.567955 0.500506 0.657531 
0.702064 0.569707 0.729613 0.664085 0.77029 
0.395181 0.404394 0.466651 0.627727 0.5311940000000001 
0.554236 0.295286 0.599777 0.30559 0.438664 
0.729052 0.728237 0.746101 0.703533 0.831385 
0.471814 0.344251 0.531778 0.514023 0.620859 
0.366122 0.44068 0.344168 0.302144 0.255445 
0.506261 0.422381 0.721426 0.536068 0.507371 
0.510396 0.368535 0.5379660000000001 0.684449 0.410533 
0.194565 0.399583 0.262445 0.381992 0.339681 
0.537677 0.339336 0.274688 0.507678 0.311098 
0.810123 0.682555 0.770914 0.717801 0.614611 
0.202321 0.185484 0.1997 0.207302 0.182171 
0.295582 0.415942 0.414198 0.55536 0.442502 
0.572317 0.32598 0.339686 0.379825 0.302032 
0.696157 0.736855 0.71766 0.562645 0.709901 
0.615496 0.541571 0.596873 0.346594 0.4918 
0.5013300000000001 0.646061 0.495156 0.341338 0.522846 
0.243002 0.589697 0.356091 0.500905 0.496202 
0.458155 0.352168 0.473587 0.437433 0.656617 
0.388433 0.555243 0.365203 0.302192 0.404415 
0.171253 0.317795 0.285407 0.328526 0.306859 
0.411625 0.248838 0.5296 0.433617 0.471256 
0.661507 0.70195 0.804182 0.649112 0.767249 
0.702403 0.601608 0.650142 0.459504 0.519085 
0.556157 0.78817 0.495423 0.559746 0.650928 
0.424229 0.303352 0.638281 0.419674 0.583664 
0.724041 0.47333 0.692393 0.452019 0.5498189999999999 
0.541434 0.69482 0.41676 0.517749 0.679544 
0.622136 0.788309 0.68338 0.587499 0.747219 
0.567222 0.575075 0.490164 0.345819 0.4828 
0.257036 0.271647 0.400267 0.244009 0.269851 
0.437974 0.323562 0.310151 0.239231 0.339133 
0.627509 0.457677 0.72904 0.534385 0.421127 
0.412608 0.654999 0.376624 0.6201140000000001 0.383788 
0.6901929999999999 0.467469 0.445033 0.447501 0.550458 
0.672386 0.417211 0.5663010000000001 0.68605 0.409934 
0.425794 0.370889 0.376126 0.396134 0.200038 
0.703471 0.667528 0.721181 0.682518 0.825175 
0.563073 0.591784 0.391494 0.743522 0.564286 
0.522679 0.734841 0.59345 0.7451179999999999 0.719194 
0.729085 0.508109 0.800835 0.5962150000000001 0.682241 
0.6662940000000001 0.418539 0.511785 0.655628 0.58308 
0.263726 0.489451 0.210838 0.443004 0.324899 
0.732065 0.693082 0.8112009999999999 0.748912 0.796742 
0.63071 0.76014 0.71489 0.672233 0.599181 
0.452679 0.331326 0.608034 0.258287 0.456578 
0.594755 0.7450639999999999 0.731701 0.719655 0.652496 
0.658242 0.703693 0.623198 0.721401 0.476844 
0.355112 0.254142 0.213135 0.26229 0.302751 
0.26078 0.29218 0.227829 0.182067 0.274773 
0.35765 0.680368 0.320697 0.439651 0.488361 
0.534064 0.5295260000000001 0.598947 0.456461 0.780699 
0.35325 0.186297 0.441239 0.241509 0.336516 
0.788903 0.768947 0.74196 0.7563879999999999 0.65804 
0.492972 0.6809539999999999 0.302056 0.636276 0.410468 
0.579804 0.808388 0.490298 0.6552210000000001 0.540516 
0.694062 0.602128 0.540426 0.47083 0.480387 
0.624089 0.561296 0.363224 0.623262 0.348894 
0.385197 0.343312 0.279596  0.225 0.386176 
0.61115 0.673247 0.446085 0.712069 0.404195 
0.539581 0.441675 0.690082 0.603783 0.673203 
0.308796 0.401281 0.480335 0.428436 0.59172 
0.787515 0.461433 0.5824780000000001 0.601084 0.453761 
0.750752 0.648268 0.697495 0.679882 0.508277 
0.405002 0.525436 0.54772 0.300413 0.418676 
0.489727 0.6281099999999999 0.345948 0.594414 0.331245 
0.622085 0.7408 0.721671 0.768253 0.772521 
0.484817 0.461031 0.489826 0.7030110000000001 0.399989 
0.739927 0.6260559999999999 0.666972 0.542319 0.69617 
0.37332 0.656577 0.262906 0.615407 0.436207 
0.282619 0.573058 0.283737 0.442862 0.326978 
0.198624 0.257561 0.16146 0.204697 0.196282 
0.369383 0.360401 0.255785 0.545401 0.322854 
0.507335 0.656819 0.5043260000000001 0.608743 0.351124 
0.345652 0.602447 0.237343 0.527155 0.375408 
0.46637 0.354327 0.245762 0.492929 0.353013 
0.509208 0.625353 0.569149 0.5885899999999999 0.800547 
0.508296 0.402986 0.406017 0.640761 0.519004 
0.688439 0.691361 0.636046 0.805212 0.572738 
0.71687 0.330194 0.6313260000000001 0.457889 0.507778 
0.569889 0.50667 0.485483 0.397552 0.67963 
0.615249 0.693701 0.451854 0.765679 0.55406 
0.834526 0.557585 0.685966 0.690311 0.588927 
0.298132 0.265652 0.462221 0.198114 0.411803 
0.285933 0.374747 0.427374 0.233175 0.561891 
0.37897 0.554128 0.458073 0.32689 0.358911 
0.417353 0.356487 0.363255 0.22335 0.31388 
0.233991 0.30777 0.242489 0.199036 0.219704 
0.654961 0.413947 0.500074 0.634995 0.25864 
0.35086 0.190221 0.324465 0.370759 0.221783 
0.653096 0.719476 0.443796 0.6308009999999999 0.644471 
0.337665 0.41121 0.315259 0.222497 0.340498 
0.465004 0.252979 0.348598 0.251609 0.33356 
0.742655 0.614733 0.544876 0.6732939999999999 0.6767069999999999 
0.589703 0.365316 0.3317 0.414531 0.399333 
0.458924 0.527098 0.465322 0.49181 0.268524 
0.170971 0.390501 0.345979 0.251461 0.439306 
0.572775 0.639026 0.492254 0.772629 0.5390509999999999 
0.757022 0.443735 0.603149 0.604818 0.610221 
0.492231 0.573485 0.686652 0.648213 0.524834 
0.280437 0.259176 0.280885 0.433476 0.283316 
0.361437 0.446465 0.254887 0.577311 0.379014 
0.27498 0.221663 0.299553 0.373381 0.274317 
0.525336 0.482703 0.5158160000000001 0.735284 0.495496 
0.699558 0.750397 0.7896840000000001 0.776218 0.765119 
0.545111 0.398392 0.418993 0.327178 0.303243 
0.456836 0.682823 0.626634 0.5573360000000001 0.4957 
0.584066 0.668169 0.5802040000000001 0.597994 0.798837 
0.449841 0.266459 0.585808 0.296223 0.415833 
0.5920029999999999 0.464215 0.311351 0.613313 0.451602 
0.603277 0.65868 0.5598 0.39735 0.497169 
0.749211 0.8100540000000001 0.822918 0.744285 0.79565 
0.340088 0.305225 0.530307 0.447491 0.48752 
0.354081 0.382733 0.418803 0.327622 0.227685 
0.474789 0.375775 0.524912 0.230924 0.552854 
0.637834 0.491282 0.469348 0.363936 0.558436 
0.701647 0.474852 0.491598 0.523061 0.303474 
0.178879 0.264068 0.323278 0.24907 0.349974 
0.35405 0.693425 0.456803 0.497954 0.704373 
0.693317 0.775721 0.646644 0.710533 0.564032 
0.6332179999999999 0.786412 0.631638 0.800848 0.710452 
0.5575059999999999 0.7173850000000001 0.548104 0.794137 0.636256 
0.378339 0.335296 0.387198 0.445499 0.203931 
0.337218 0.487947 0.361671 0.259609 0.536961 
0.632659 0.727538 0.476623 0.732592 0.5068009999999999 
0.478214 0.37397 0.599598 0.604322 0.402856 
0.616057 0.803266 0.701229 0.677358 0.772361 
0.7066 0.819654 0.70285 0.6735989999999999 0.78157 
0.34526 0.311895 0.317942 0.49963 0.425911 
0.69968 0.757786 0.522307 0.71431 0.613251 
0.283663 0.255478 0.289481 0.357396 0.185861 
0.481785 0.758144 0.659817 0.548152 0.658098 
0.687717 0.565594 0.735502 0.628298 0.475346 
0.558708 0.801902 0.518392 0.683554 0.537465 
0.6931580000000001 0.641464 0.43039 0.715903 0.516728 
0.676335 0.702183 0.7124509999999999 0.750394 0.550083 
0.527977 0.387269 0.5971880000000001 0.256709 0.435952 
0.478498 0.476294 0.40997 0.408875 0.71121 
0.242393 0.267701 0.244057 0.363365 0.357678 
0.638137 0.589656 0.470051 0.642734 0.333253 
0.720732 0.730934 0.741554 0.828036 0.726674 
0.436139 0.526528 0.514192 0.370039 0.739856 
0.543587 0.655054 0.770446 0.641139 0.6358819999999999 
0.627878 0.63859 0.681441 0.464008 0.554769 
0.588168 0.680125 0.388574 0.715585 0.571699 
0.290469 0.456935 0.359578 0.216262 0.43277 
0.811923 0.773506 0.757443 0.729649 0.803406 
0.652914 0.370305 0.72061 0.43714 0.613945 
0.555342 0.7591020000000001 0.571484 0.659649 0.764049 
0.5452900000000001 0.230046 0.471877 0.32659 0.409613 
0.675003 0.5983619999999999 0.423599 0.55669 0.405801 
0.306402 0.235636 0.414389 0.197614 0.432375 
0.45411 0.348102 0.555822 0.35707 0.290588 
0.651581 0.484616 0.545847 0.370836 0.376245 
0.213637 0.200272 0.282854 0.224539 0.298035 
0.648702 0.610175 0.557737 0.767458 0.676488 
0.350297 0.441389 0.200452 0.341592 0.361518 
0.465742 0.729288 0.614856 0.495501 0.730234 
0.53222 0.41189 0.489664 0.26776 0.5304410000000001 
0.5855359999999999 0.762158 0.695959 0.579673 0.617793 
0.220474 0.463733 0.25565 0.375675 0.461278 
0.429215 0.5208159999999999 0.559248 0.61097 0.380377 
0.482793 0.66108 0.659303 0.3665 0.669736 
0.270771 0.270804 0.300829 0.189648 0.386181 
0.532204 0.330534 0.467702 0.493511 0.652517 
0.768476 0.64344 0.623208 0.758485 0.685192 
0.437164 0.567825 0.376286 0.707608 0.494385 
0.420111 0.551921 0.445727 0.285368 0.583295 
0.281217 0.5598379999999999 0.559379 0.397338 0.665724 
0.432927 0.724698 0.366711 0.516188 0.63193 
0.6310750000000001 0.393104 0.362186 0.458062 0.448029 
0.34924 0.36483 0.413035 0.333117 0.217996 
0.520216 0.631718 0.565944 0.7270529999999999 0.468724 
0.621801 0.307954 0.539459 0.343284 0.457411 
0.370607 0.415241 0.285951 0.478489 0.56621 
0.361669 0.591843 0.47351 0.430329 0.353595 
0.474712 0.679285 0.275011 0.535709 0.468152 
0.6519239999999999 0.535202 0.43509 0.585625 0.658539 
0.726253 0.403992 0.5424909999999999 0.649994 0.364963 
0.340279 0.401089 0.369822 0.6161140000000001 0.506033 
0.395447 0.5905550000000001 0.224151 0.528579 0.504377 
0.169124 0.209268 0.221824 0.197286 0.223801 
0.222407 0.316445 0.242437 0.193963 0.277997 
0.6125119999999999 0.596518 0.527702 0.698819 0.350441 
0.431322 0.245206 0.45656 0.234922 0.297819 
0.795054 0.688558 0.752399 0.78054 0.793104 
0.389346  0.502 0.322015 0.288684 0.38311 
0.517773 0.522447 0.680741 0.34598 0.658246 
0.565845 0.348397 0.505957 0.255722 0.415955 
0.446097 0.242945 0.459716 0.439319 0.456301 
0.619058 0.525876 0.53655 0.340642 0.59087 
0.610704 0.291737 0.665266 0.423047 0.461182 
0.81205 0.756479 0.754424 0.818479 0.7762520000000001 
0.429934 0.498705 0.348494 0.261951  0.439 
0.583495 0.657533 0.546757 0.484204 0.424067 
0.61009 0.563452 0.696642 0.743944 0.553302 
0.6455689999999999 0.364431 0.366084 0.482354 0.378643 
0.6799500000000001 0.468517 0.522095 0.361929 0.508221 
0.320412 0.51992 0.4739 0.55067 0.616009 
0.405053 0.436696 0.472708 0.645492 0.550793 
0.749668 0.7430600000000001 0.570094 0.693636 0.626622 
0.283499 0.535335 0.27861 0.456541 0.521115 
0.644352 0.572401 0.739457 0.684867 0.504125 
0.584541 0.298908 0.375268 0.53531 0.330807 
0.363296 0.263476 0.448906 0.392923 0.243229 
0.677329 0.673107 0.569334 0.81272 0.600965 
0.6118710000000001 0.5684630000000001 0.674428 0.411219 0.737942 
0.78447 0.702917 0.640865 0.7047369999999999 0.715749 
0.375521 0.335792 0.273623 0.291879 0.461929 
0.269267 0.377446 0.403778 0.31352 0.565201 
0.496382 0.244045 0.514919 0.328535 0.309784 
0.520638 0.240621 0.546864 0.369538 0.518876 
0.336229 0.367997 0.550655 0.330042 0.6513910000000001 
0.628999 0.64056 0.431164 0.496092 0.607192 
0.275789 0.204097 0.209598 0.303074 0.192133 
0.806428 0.717841 0.77041 0.67327 0.753834 
0.538915 0.736428 0.6832 0.511688 0.702303 
0.519949 0.568707 0.489238 0.769915 0.551563 
0.428903 0.227769 0.50225 0.343914 0.490853 
0.405379 0.420366 0.321166 0.308375 0.260734 
0.511034 0.543666 0.769613 0.502094 0.667775 
0.576312 0.403855 0.595987 0.695273 0.5202 
0.314164 0.40648 0.38234 0.5298929999999999 0.30276 
0.542992 0.42357 0.704307 0.483926 0.719509 
0.244679 0.306259 0.213312 0.400273 0.307249 
0.262847 0.600396 0.53263 0.464783 0.56824 
0.562352 0.406883 0.735857 0.372533 0.632256 
0.53401 0.687741 0.320122 0.565118 0.456538 
0.259591 0.247136 0.185068 0.261907 0.280178 
0.47482 0.243565 0.572039 0.468024 0.444367 
0.348854 0.24245 0.362076 0.437773 0.343612 
0.266326 0.572386 0.543393 0.44289 0.618285 
0.630627 0.588941 0.804284 0.583417 0.576244 
0.450916 0.604179 0.397835 0.724774 0.47335 
0.427028 0.319197 0.570564 0.575188 0.415084 
0.705969 0.780236 0.589047 0.793305 0.707472 
0.619709 0.771767 0.577012 0.668809 0.496918 
0.63243 0.411814 0.334327 0.546383 0.296786 
0.811045 0.802785 0.806999 0.794714 0.80593 
0.321858 0.543826 0.614424 0.485391 0.598436 
0.445737 0.464979 0.370013 0.597706 0.255614 
0.445596 0.451446 0.654068 0.594965 0.594783 
0.361009 0.5380740000000001 0.32522 0.437224 0.640049 
0.594768 0.565609 0.64122 0.498275 0.353208 
0.379193 0.324992 0.30512 0.329087 0.183554 
0.724348 0.744657 0.8032629999999999 0.644647 0.691149 
0.339938 0.250958 0.489642 0.261917 0.331535 
0.446493 0.556296 0.527678 0.719696 0.47577 
0.568491 0.479532 0.325778 0.66151 0.521217 
0.495862 0.413884 0.393269 0.331208 0.6152879999999999 
0.711138 0.400875 0.531093 0.403786 0.462276 
0.438692 0.668431 0.424873 0.411524 0.671326 
0.328282 0.246694 0.516212 0.256666 0.457025 
0.407097 0.528773 0.502573 0.6803090000000001 0.537439 
0.603486 0.303454 0.543067 0.598453 0.5237889999999999 
0.48263 0.488606 0.244099 0.536393 0.291875 
0.680466 0.584866 0.765885 0.579408 0.760804 
0.639281 0.417402 0.701908 0.652535 0.555698 
0.759668 0.587149 0.795206 0.633327 0.738137 
0.7993209999999999 0.73921 0.726888 0.689468 0.6702 
0.461448 0.471631 0.396622 0.484176 0.211597 
0.735255 0.575012 0.540501 0.559531 0.647922 
0.36469 0.531867 0.430383 0.455256 0.292953 
0.765091 0.750761 0.684408 0.764303 0.5747640000000001 
0.807306 0.659068 0.652787 0.7288019999999999 0.6209249999999999 
0.31622 0.447481 0.392112 0.454993 0.631625 
0.304029 0.380392 0.421147 0.531425 0.452746 
0.535758 0.38515 0.384259 0.620034 0.513768 
0.354427 0.549583 0.342803 0.30684 0.375469 
0.216359 0.305099 0.2215 0.253355 0.178308 
0.680508 0.425409 0.7584959999999999 0.595087 0.6037439999999999 
0.57342 0.437783 0.332745 0.426641 0.296447 
0.18899 0.235245 0.234836 0.261364 0.31777 
0.169069 0.330688 0.240108 0.281474 0.323873 
0.455232 0.63601 0.292235 0.539165 0.583991 
0.457167 0.340492 0.578532 0.385307 0.290609 
0.726778 0.529606 0.49069 0.521373 0.476303 
0.6757069999999999 0.358223 0.727427 0.46204 0.46821 
0.587186 0.436307 0.572112 0.420421 0.696034 
0.800196 0.7479980000000001 0.823669 0.777995 0.765249 
0.511003 0.255065 0.6138710000000001 0.409732 0.363193 
0.364003 0.285784 0.490527 0.486119 0.464546 
0.351855 0.349949 0.252713 0.442362 0.209129 
0.601793 0.453592 0.314519 0.47692 0.376333 
0.670198 0.386156 0.561165 0.405833 0.567401 
0.390477 0.708242 0.282192 0.5852889999999999 0.521309 
0.59889 0.802558 0.617301 0.587168 0.700581 
0.418901 0.226909 0.343876 0.453672 0.298769 
0.394491 0.612494 0.411538 0.69691 0.535842 
0.577913 0.483248 0.298084 0.6375690000000001 0.3284 
0.522001 0.434664 0.327115 0.580254 0.256479 
0.314166 0.431461 0.416843 0.524879 0.572692 
0.580956 0.674687 0.728324 0.627061 0.819831 
0.296242 0.307353 0.461713 0.187619 0.434108 
0.693802 0.66896 0.820848 0.620524 0.738371 
0.49733 0.7061539999999999 0.449723 0.712571 0.450818 
0.234889 0.441653 0.291365 0.381121 0.248275 
0.28179 0.304016 0.177988 0.309214 0.341668 
0.332983 0.572781 0.424329 0.342287 0.6596919999999999 
0.516829 0.602746 0.663388 0.445406 0.451092 
0.317481 0.182882 0.288691 0.309547 0.190684 
0.247653 0.160581 0.221596 0.248215 0.207082 
0.394845 0.506784 0.275664 0.429394 0.582072 
0.771656 0.6866 0.632351 0.611561 0.709851 
0.184535 0.243803 0.203069 0.182991 0.176169 
0.660884 0.766951 0.733721 0.665194 0.8194399999999999 
0.453418 0.279004 0.293954 0.356847 0.448627 
0.556465 0.463707 0.335642 0.6000529999999999 0.573417 
0.337267 0.299181 0.295801 0.415506 0.187383 
0.297316 0.62782 0.434414 0.410349 0.423366 
0.449421 0.324706 0.429328 0.579559 0.466875 
0.212574 0.527355 0.370737 0.365129 0.409856 
0.471376 0.473943 0.304505 0.349018 0.559441 
0.388172 0.345418 0.379735 0.239693 0.241038 
0.510256 0.738931 0.527565 0.757803 0.635958 
0.640835 0.703044 0.5782389999999999 0.8034750000000001 0.678413 
0.633263 0.539921 0.352551 0.50514 0.320095 
0.7003200000000001 0.708535 0.475895 0.716012 0.579825 
0.547812 0.418033 0.573157 0.424343 0.287289 
0.343198 0.374139 0.304962 0.256608 0.48709 
0.428939 0.221819 0.422297 0.299862 0.217161 
0.622441 0.758385 0.738787 0.572356 0.74513 
0.333599 0.255011 0.372489 0.312966 0.201028 
0.575814 0.332728 0.37952 0.492313 0.241088 
0.382971 0.412256 0.60912 0.366987 0.6949070000000001 
0.603616 0.694459 0.592189 0.6282180000000001 0.802327 
0.545136 0.497027 0.269427 0.632393 0.346562 
0.448071 0.375934 0.601838 0.26441 0.617876 
0.202489 0.345965 0.177071 0.310657 0.335785 
0.334181 0.475853 0.531771 0.572619 0.536811 
0.412593 0.560472 0.382493 0.302106 0.537395 
0.199368 0.461709 0.366024 0.297334 0.512164 
0.360203 0.415901 0.348924 0.430494 0.612123 
0.442055 0.580174 0.34469 0.458236 0.660815 
0.377231 0.523941 0.547337 0.592113 0.3938 
0.20141 0.275026 0.176739 0.256797 0.246931 
0.760953 0.627979 0.5599 0.71756 0.6523 
0.340089 0.257555 0.338817 0.425325 0.225691 
0.561411 0.6891890000000001 0.378266 0.693015 0.446878 
0.533538 0.682501 0.630261 0.444722 0.545119 
0.818847 0.5948870000000001 0.7262189999999999 0.676776 0.587174 
0.33309 0.5469810000000001 0.394795 0.6447000000000001 0.483732 
0.481589 0.6765370000000001 0.720486 0.591112 0.655735 
0.8082859999999999 0.736244 0.733518 0.811535 0.692341 
0.293591 0.705471 0.404923 0.524346 0.602989 
0.197517 0.231861 0.23976 0.198987 0.311437 
0.284607 0.555185 0.538061 0.344717 0.6610279999999999 
0.537931 0.337145 0.690902 0.524649 0.48445 
0.474841 0.617498 0.341138 0.591573 0.638362 
0.246594 0.347268 0.27296 0.363321 0.204411 
0.585184 0.654211 0.476068 0.475951 0.701077 
0.42327 0.289636 0.352431 0.244439 0.434035 
0.768059 0.786942 0.680113 0.715102 0.759471 
0.693004 0.581797 0.706516 0.749368 0.709811 
0.366711 0.5875089999999999 0.41895 0.308748 0.560517 
0.60772 0.644954 0.504229 0.636336 0.361927 
0.699954 0.740737 0.690495 0.753819 0.558649 
0.5975780000000001 0.363117 0.493222 0.306223 0.548488 
0.674741 0.760812 0.585873 0.656511 0.540635 
0.448582 0.491725 0.747113 0.468905 0.568619 
0.697757 0.696645 0.734113 0.8049539999999999 0.667307 
0.227893 0.201007 0.276157 0.200856 0.300286 
0.801306 0.64669 0.6371250000000001 0.729674 0.6481209999999999 
0.172523 0.272145 0.283233 0.186686 0.292766 
0.68308 0.666764 0.405643 0.679024 0.542755 
0.662766 0.777408 0.753931 0.766551 0.7920430000000001 
0.463883 0.410319 0.227205 0.434482 0.317083 
0.275789 0.463813 0.494889 0.248201 0.522293 
0.276409 0.2989 0.293496 0.431181 0.243451 
0.564662 0.433666 0.303678 0.435313 0.515406 
0.634705 0.60159 0.349587 0.555477 0.5484869999999999 
0.607654 0.536614 0.51546 0.740174 0.626111 
0.393001 0.546533 0.52756 0.258785 0.554366 
0.525648 0.701696 0.470853 0.661951 0.399589 
0.729512 0.653635 0.584367 0.781305 0.678532 
0.509773 0.30711 0.535768 0.551369 0.303246 
0.296742 0.58385 0.382688 0.330226 0.359734 
0.393476 0.374057 0.206385 0.400236 0.405732 
0.40216 0.39319 0.652243 0.432827 0.693926 
0.323149 0.262677 0.281436 0.447669 0.251413 
0.27733 0.276985 0.211015 0.179436 0.257705 
0.31144 0.637454 0.553463 0.417101 0.5437920000000001 
0.281857 0.269215 0.286821 0.35745 0.184672 
0.495434 0.485626 0.503012 0.317803 0.314427 
0.403058 0.637157 0.523729 0.561132 0.405192 
0.43358 0.280719 0.292285 0.341889 0.204151 
0.706272 0.656569 0.615772 0.684982 0.78728 
0.380744 0.621385 0.380424 0.38713 0.6327970000000001 
0.312992 0.593876 0.40525 0.573393 0.601994 
0.223784 0.301177 0.365785 0.317931 0.425771 
0.54179 0.417708 0.729869 0.592379 0.566809 
0.219263 0.466557 0.453892 0.365203 0.528955 
0.447274 0.457154 0.394683 0.618523 0.266717 
0.808819 0.735225 0.706265 0.780125 0.64498 
0.606772 0.659628 0.713041 0.6875830000000001 0.807908 
0.537505 0.588368 0.541076 0.312871 0.453791 
0.227221 0.216232 0.300656 0.256356 0.203325 
0.691697 0.344047 0.673953 0.54322 0.588983 
0.210633 0.285244 0.245159 0.200431 0.362176 
0.395405 0.521966 0.189775 0.44931 0.369328 
0.697334 0.496998 0.572894 0.384566 0.457112 
0.54913 0.288651 0.413776 0.305089 0.430534 
0.724634 0.603172 0.538378 0.511443 0.549684 
0.801582 0.6758150000000001 0.768963 0.779768 0.675235 
0.250044 0.445831 0.456944 0.33048 0.371446 
0.461095 0.236714 0.498382 0.499011 0.323309 
0.684903 0.553563 0.587687 0.406359 0.599997 
0.5186770000000001 0.789608 0.492935 0.704225 0.587309 
0.62495 0.789601 0.706688 0.660793 0.815272 
0.691914 0.736232 0.656029 0.635809 0.814289 
0.384896 0.522857 0.232586 0.463253 0.253784 
0.208256 0.268857 0.195856 0.312131 0.223782 
0.471492 0.499974 0.717105 0.399995 0.643459 
0.680542 0.418415 0.610218 0.53569 0.289117 
0.623426 0.392879 0.403761 0.380521 0.465715 
0.621418 0.584743 0.373686 0.452461 0.457295 
0.26792 0.207219 0.239686 0.170702 0.2678 
0.643792 0.270902 0.535182 0.437096 0.540669 
0.491949 0.290506 0.690793 0.369289 0.5476490000000001 
0.367016 0.6568889999999999 0.304086 0.615179 0.41824 
0.571223 0.698792 0.547239 0.769728 0.498044 
0.618581 0.369046 0.347601 0.5863699999999999 0.329442 
0.420273 0.614981 0.241024 0.5879799999999999 0.5075499999999999 
0.772877 0.8249649999999999 0.767778 0.7770629999999999 0.716984 
0.543279 0.267497 0.45752 0.366117 0.5293099999999999 
0.656316 0.404094 0.5502359999999999 0.345722 0.540606 
0.517428 0.508507 0.362572 0.728243 0.444777 
0.6871660000000001 0.391484 0.478692 0.429898 0.466461 
0.675446 0.780408 0.572434 0.731893 0.753331 
0.365162 0.674776 0.361739 0.381631 0.542072 
0.333367 0.594402 0.379744 0.634479 0.460249 
0.49839 0.405951 0.286194 0.575499 0.273095 
0.610531 0.592738 0.39992 0.453661 0.611727 
0.204518 0.442672 0.31682 0.300868 0.325942 
0.744941 0.645861 0.5314489999999999 0.719152 0.474082 
0.775958 0.715438 0.715662 0.6185580000000001 0.696262 
0.687981 0.829696 0.684741 0.676141 0.736596 
0.652294 0.492997 0.377303 0.644985 0.441023 
0.778999 0.668152 0.697717 0.641262 0.571646 
0.398453 0.350476 0.287564 0.291953 0.237221 
0.67881 0.6421249999999999 0.520082 0.6253840000000001 0.394061 
0.694653 0.749151 0.578275 0.80166 0.593371 
0.676281 0.427322 0.521238 0.376265 0.528409 
0.629413 0.36803 0.667261 0.597623 0.396004 
0.738808 0.7389210000000001 0.6664949999999999 0.6782049999999999 0.557777 
0.465477 0.269816 0.609578 0.363111 0.403971 
0.494243 0.336968 0.521158 0.451892 0.241042 
0.57579 0.335169 0.669032 0.549491 0.376381 
0.5862540000000001 0.618363 0.554524 0.552352 0.328964 
0.399884 0.332885 0.264447 0.38084 0.484007 
0.550556 0.2869 0.331661 0.40003 0.315526 
0.464456 0.429883 0.554684 0.424747 0.745402 
0.331903 0.589201 0.454761 0.408752 0.355344 
0.594322 0.72372 0.589444 0.48348 0.665058 
0.805295 0.765884 0.683767 0.772251 0.694385 
0.355684 0.643741 0.632812 0.508416 0.68082 
0.488891 0.672878 0.569066 0.431245 0.752628 
0.715519 0.706207 0.7901280000000001 0.577296 0.739553 
0.417509 0.261929 0.313281 0.241028 0.279566 
0.761624 0.652346 0.547017 0.715063 0.515825 
0.69539 0.347674 0.568948 0.605595 0.460392 
0.385335 0.571364 0.6324920000000001 0.520025 0.4426 
0.485617 0.536566 0.512593 0.267615 0.456479 
0.223275 0.436621 0.251985 0.44825 0.331605 
0.621318 0.455426 0.556836 0.362651 0.343632 
0.592302 0.671091 0.762835 0.698869 0.674641 
0.62397 0.655527 0.785184 0.5842850000000001 0.77847 
0.224562 0.43487 0.394442 0.452823 0.355061 
0.441777 0.667727 0.576664 0.676593 0.701143 
0.510101 0.328344 0.63708 0.484586 0.623597 
0.607362 0.758974 0.57594 0.634404 0.771645 
0.276756 0.6180909999999999 0.437985 0.476446 0.665228 
0.266418 0.381484 0.338756 0.208253 0.31699 
0.291447 0.335324 0.179523 0.373824 0.25598 
0.789741 0.798906 0.764757 0.731419 0.7647350000000001 
0.566387 0.265372 0.378835 0.450843 0.382237 
0.747719 0.795228 0.700321 0.7646770000000001 0.633859 
0.659541 0.493629 0.414111 0.579775 0.29635 
0.7061539999999999 0.805667 0.741158 0.748132 0.836265 
0.757619 0.620055 0.76501 0.719876 0.762186 
0.445449 0.32998 0.6216 0.394752 0.349332 
0.796872 0.632463 0.722032 0.733672 0.552495 
0.767528 0.665824 0.7737309999999999 0.608395 0.678738 
0.660527 0.453957 0.747642 0.652468 0.506072 
0.499751 0.762375 0.516059 0.69548 0.683218 
0.744662 0.422827 0.658481 0.60217 0.61328 
0.459487 0.294288 0.475731 0.469024 0.247227 
0.613558 0.812323 0.661045 0.695651 0.693663 
0.608644 0.631446 0.615132 0.510323 0.77965 
0.724113 0.452087 0.547257 0.675507 0.528226 
0.352018 0.42035 0.652138 0.463312 0.596326 
0.6208979999999999 0.49752 0.6855059999999999 0.335859 0.518184 
0.690621 0.770285 0.737477 0.71789 0.839069 
0.643621 0.763853 0.77539 0.675019 0.786035 
0.635278 0.682762 0.679898 0.5683319999999999 0.510771 
0.520648 0.319616 0.691294 0.483039 0.5361359999999999 
0.6283840000000001 0.619621 0.432489 0.452559 0.443742 
0.611606 0.5063029999999999 0.511693 0.475215 0.705564 
0.686277 0.682124 0.471962 0.59405 0.589049 
0.317334 0.262823 0.330328 0.408821 0.224601 
0.183146 0.393925 0.347377 0.328477 0.44761 
0.479853 0.315784 0.321178 0.287007 0.313887 
0.32656 0.620499 0.580728 0.454195 0.486023 
0.223185 0.409998 0.475605 0.366904 0.495803 
0.312016 0.279326 0.463429 0.202346 0.388032 
0.629731 0.624424 0.675245 0.5699 0.430152 
0.32781 0.25358 0.473296 0.239266 0.522543 
0.273394 0.293792 0.389674 0.296074 0.221068 
0.232546 0.258082 0.22173 0.335173 0.345346 
0.409928 0.57477 0.676866 0.601151 0.568906 
0.397817 0.602561 0.428299 0.5535870000000001 0.722081 
0.64084 0.638317 0.756463 0.726495 0.628044 
0.5645019999999999 0.601689 0.660485 0.671337 0.790137 
0.652675 0.444381 0.728137 0.606507 0.451514 
0.492046 0.343796 0.663958 0.515143 0.580313 
0.480305 0.372405 0.737322 0.318074 0.533344 
0.393764 0.611056 0.497214 0.413872 0.755192 
0.440881 0.624614 0.424306 0.388058 0.680916 
0.37245 0.412693 0.286491 0.53462 0.527282 
0.705136 0.348512 0.607575 0.426663 0.51026 
0.676121 0.553523 0.419469 0.714094 0.465284 
0.341834 0.551532 0.212553 0.447839 0.325891 
0.326818 0.223755 0.250775 0.256692 0.374092 
0.467021 0.610088 0.280673 0.659453 0.409287 
0.638419 0.440677 0.40231 0.418788 0.333819 
0.399558 0.33031 0.51619 0.383418 0.25913 
0.666879 0.419495 0.765752 0.466043 0.547372 
0.498474 0.552067 0.464648 0.307578 0.419156 
0.363154 0.371427 0.64701 0.385167 0.563775 
0.272266 0.175394 0.222088 0.211484 0.19424 
0.733849 0.680127 0.69164 0.579103 0.752409 
0.726582 0.542444 0.556752 0.749143 0.509011 
0.371775 0.396528 0.419959 0.638186 0.42506 
0.6946 0.6574989999999999 0.78557 0.757349 0.764296 
0.507485 0.50249 0.731193 0.639243 0.597965 
0.438328 0.5953040000000001 0.297837 0.683936 0.57392 
0.222432 0.367052 0.178038 0.334936 0.264381 
0.700392 0.609774 0.6185040000000001 0.68527 0.760565 
0.416572 0.626439 0.547133 0.682789 0.660174 
0.424098 0.397728 0.665901 0.317134 0.6194499999999999 
0.481649 0.248746 0.602677 0.390203 0.5073260000000001 
0.456573 0.211673 0.492115 0.341967 0.342005 
0.255371 0.5548959999999999 0.38372 0.52761 0.396564 
0.386623 0.75918 0.499487 0.513839 0.656726 
0.357291 0.642388 0.390093 0.462023 0.382055 
0.250799 0.22064 0.371631 0.210708 0.320717 
0.523638 0.585179 0.648559 0.327681 0.593119 
0.550121 0.748048 0.712932 0.672432 0.711963 
0.339073 0.653192 0.42713 0.38097 0.490032 
0.41005 0.730331 0.472534 0.650967 0.524414 
0.42422 0.310988 0.288067 0.46723 0.462585 
0.496523 0.413539 0.596368 0.270003 0.6355690000000001 
0.483828 0.776435 0.373623 0.5962769999999999 0.594492 
0.832299 0.658025 0.697585 0.719164 0.689491 
0.352651 0.586762 0.616282 0.352559 0.633082 
0.658975 0.474972 0.379396 0.582095 0.3148 
0.46137 0.492622 0.606024 0.584363 0.728782 
0.52901 0.41389 0.392278 0.434614 0.618996 
0.523938 0.724379 0.541486 0.707769 0.454262 
0.6094619999999999 0.800872 0.6408 0.7789160000000001 0.700658 
0.407852 0.532196 0.39883 0.484971 0.721715 
0.71751 0.571946 0.7020110000000001 0.644811 0.7770550000000001 
0.400106 0.346522 0.336591 0.506475 0.206379 
0.746463 0.433151 0.642276 0.60834 0.418568 
0.30504 0.262653 0.33442 0.174996 0.377533 
0.587444 0.441184 0.494991 0.294783 0.443603 
0.414697 0.487514 0.401214 0.375467 0.26026 
0.529515 0.514988 0.641247 0.488074 0.350574 
0.672343 0.485302 0.568806 0.539219 0.711433 
0.524457 0.498801 0.223965 0.570105 0.408192 
0.763168 0.613872 0.742874 0.656895  0.764 
0.687114 0.362229 0.552154 0.494571 0.598498 
0.515781 0.602249 0.345673 0.7016289999999999 0.37216 
0.692616 0.657057 0.807761 0.655599 0.794866 
0.637034 0.5409890000000001 0.7623799999999999 0.429102 0.602881 
0.7727000000000001 0.703399 0.597705 0.687099 0.575923 
0.624716 0.301206 0.432583 0.460636 0.485659 
0.306159 0.544794 0.506672 0.545855 0.400004 
0.447389 0.696177 0.425622 0.448853 0.484901 
0.246689 0.176821 0.261689 0.210897 0.253472 
0.478192 0.504931 0.329649 0.399861 0.622181 
0.667543 0.743258 0.515054 0.79009 0.614547 
0.573578 0.610707 0.500021 0.358471 0.681607 
0.671239 0.482569 0.623304 0.73748 0.443499 
0.611599 0.295106 0.63533 0.445867 0.406042 
0.760073 0.631965 0.559538 0.569217 0.577871 
0.237153 0.405023 0.314884 0.349326 0.244484 
0.619028 0.559719 0.645497 0.715969 0.712879 
0.39989 0.596435 0.587066 0.552916 0.421344 
0.66962 0.657877 0.710796 0.640767 0.827811 
0.339698 0.265432 0.379858 0.439216 0.449682 
0.53723 0.751538 0.650875 0.649549 0.783855 
0.345608 0.685976 0.515781 0.395403 0.615594 
0.687207 0.7319 0.516386 0.725724 0.684127 
0.607405 0.310046 0.468741 0.571836 0.508692 
0.484724 0.421089 0.375043 0.6812550000000001 0.43373 
0.464247 0.413935 0.72502 0.521681 0.569248 
0.425796 0.435175 0.230667 0.353591 0.292205 
0.697026 0.362392 0.6341059999999999 0.639244 0.479088 
0.620548 0.585948 0.760537 0.69046 0.588602 
0.650111 0.402116 0.425334 0.586714 0.548333 
0.536511 0.247414 0.375997 0.327558 0.34963 
0.492218 0.325897 0.549687 0.403579 0.645926 
0.384612 0.201508 0.449784 0.308025 0.392354 
0.597286 0.55561 0.323349 0.468189 0.459174 
0.583861 0.378399 0.585989 0.605376 0.6449859999999999 
0.750364 0.580557 0.569229 0.732454 0.491543 
0.626231 0.580581 0.63193 0.715768 0.432559 
0.256021 0.547718 0.492344 0.339625 0.55806 
0.805046 0.823904 0.7661210000000001 0.781515 0.813284 
0.79535 0.613635 0.613625 0.616915 0.50905 
0.602484 0.574441 0.478435 0.663224 0.30578 
0.193258 0.329993 0.387131 0.228759 0.405511 
0.607721 0.660021 0.386707 0.522831 0.494716 
0.587691 0.806252 0.635361 0.732936 0.7192229999999999 
0.366675 0.502537 0.546474 0.640922 0.472463 
 0.435 0.391952 0.341428 0.311715 0.250506 
0.347722 0.45871 0.564833 0.281098 0.607795 
0.689561 0.56037 0.6738960000000001 0.51667 0.440782 
0.532039 0.544206 0.758019 0.42688 0.604016 
0.54722 0.442286 0.6802550000000001 0.692285 0.572448 
0.211885 0.414264 0.360139 0.227494 0.349936 
0.461684 0.468649 0.740214 0.431966 0.480968 
0.269186 0.415139 0.521772 0.279121 0.419032 
0.290205 0.395137 0.447039 0.249707 0.350745 
0.325216 0.269779 0.334157 0.20629 0.22152 
0.776258 0.6248050000000001 0.686829 0.69876 0.743949 
0.216356 0.258468 0.297833 0.207926 0.222976 
0.643114 0.638713 0.679619 0.545395 0.470617 
0.646801 0.786658 0.673579 0.8073 0.714796 
0.348119 0.316476 0.307468 0.216771 0.420426 
0.574848 0.4409 0.685965 0.483791 0.348799 
0.681772 0.7918269999999999 0.723397 0.77863 0.660524 
0.6824170000000001 0.299882 0.531853 0.451234 0.404336 
0.517938 0.302142 0.395535 0.546999 0.490242 
0.257296 0.267342 0.276429 0.271718 0.413432 
0.715004 0.616243 0.457267 0.691891 0.475295 
0.562853 0.7002660000000001 0.724401 0.477517 0.733675 
0.461977 0.373347 0.28877 0.616868 0.376425 
0.481554 0.214204 0.497315 0.371446 0.406727 
0.664614 0.367331 0.644263 0.388018 0.42604 
0.413569 0.413785 0.438995 0.662086 0.44829 
0.294825 0.250741 0.334625 0.201809 0.214678 
0.487553 0.736965 0.679283 0.612893 0.723485 
0.395639 0.428654 0.283103 0.579751 0.519356 
0.274236 0.530366 0.35362 0.525818 0.520222 
0.675872 0.456493 0.615679 0.501827 0.317143 
0.499712 0.687183 0.724808 0.594095 0.6982660000000001 
0.485917 0.319021 0.411745 0.359146 0.209642 
0.267999 0.577375 0.28513 0.513298 0.475339 
0.587457 0.630682 0.765906 0.561715 0.556187 
0.491371 0.401195 0.28141 0.334589 0.294265 
0.320064 0.526126 0.323966 0.53218 0.289416 
0.623953 0.488918 0.361737 0.669869 0.397146 
0.267094 0.62033 0.43231 0.473073 0.487407 
0.463677 0.320764 0.31726 0.551311 0.416528 
0.794951 0.635859 0.686432 0.782786 0.618125 
0.430064 0.337931 0.308895 0.234962 0.352131 
0.5689149999999999 0.523023 0.668425 0.607688 0.754964 
0.577258 0.627321 0.680163 0.428671 0.739873 
0.78722 0.472714 0.6503 0.676967 0.5231749999999999 
0.247026 0.488402 0.309186 0.299143 0.343821 
0.646333 0.588956 0.356262 0.6446229999999999 0.449553 
0.66717 0.529489 0.752885 0.465898 0.693801 
0.626281 0.385638 0.659209 0.361734 0.6316580000000001 
0.460284 0.475076 0.597102 0.352106 0.7450560000000001 
0.447627 0.6008559999999999 0.460465 0.460151 0.75582 
0.607353 0.5787910000000001 0.5242329999999999 0.517117 0.314188 
0.496917 0.369206 0.332276 0.512331 0.218445 
0.746732 0.7038720000000001 0.6044580000000001 0.789496 0.588601 
0.326143 0.279866 0.179906 0.354998 0.248152 
0.417129 0.6539509999999999 0.495503 0.379321 0.6780389999999999 
0.6097 0.629888 0.780987 0.545998 0.7357050000000001 
0.696962 0.821423 0.670585 0.754192 0.756871 
0.608365 0.374834 0.363555 0.574245 0.503074 
0.202982 0.402476 0.195705 0.372776 0.31331 
0.533905 0.600684 0.6649350000000001 0.5711349999999999 0.821149 
0.683743 0.603048 0.554688 0.475878 0.379814 
0.281349 0.417615 0.216392 0.456696 0.283135 
0.736876 0.732503 0.668415 0.5839530000000001 0.683127 
0.703044 0.519952 0.775716 0.684568 0.582907 
0.310389 0.503895 0.341445 0.307751 0.579349 
0.402315 0.559454 0.655486 0.354479 0.6145929999999999 
0.726144 0.572657 0.629054 0.591663 0.392613 
0.558388 0.251341 0.495285 0.385966 0.553133 
0.66849 0.438649 0.454762 0.616432 0.588384 
0.642498 0.372479 0.541846 0.358006 0.371345 
0.6741239999999999 0.573917 0.395357 0.547548 0.442105 
0.696112 0.624687 0.822778 0.679117 0.760596 
0.6612980000000001 0.604469 0.584054 0.803463 0.58675 
0.395411 0.42997 0.447437 0.556115 0.286411 
0.548215 0.522299 0.661913 0.690624 0.685422 
0.362291 0.272345 0.478089 0.192147 0.394843 
0.691375 0.572591 0.768342 0.619237 0.518548 
0.32591 0.372609 0.308462 0.545692 0.286254 
0.233877 0.200218 0.247941 0.282109 0.273067 
0.345158 0.616866 0.400002 0.594762 0.383043 
0.486856 0.223636 0.351973 0.370519 0.339454 
0.524906 0.340459 0.625906 0.416263 0.6553060000000001 
0.440075 0.443935 0.666508 0.339872 0.654174 
0.286974 0.536776 0.330775 0.5439659999999999 0.332022 
0.572366 0.708797 0.599189 0.6719270000000001 0.452466 
0.471222 0.632344 0.57951 0.703915 0.714681 
0.53074 0.6378200000000001 0.626735 0.619132 0.811188 
0.448376 0.253973 0.355502 0.516277 0.294062 
0.5120440000000001 0.291129 0.361707 0.562151 0.337054 
0.691682 0.360239 0.460312 0.499819 0.291994 
0.7570750000000001 0.482272 0.753136 0.639863 0.585615 
0.567033 0.792609 0.547415 0.745524 0.598079 
0.63458 0.8376 0.645954 0.683953 0.728732 
0.32315 0.251108 0.460271 0.329471 0.467433 
0.586542 0.46917 0.733386 0.358314 0.61039 
0.567343 0.727935 0.462426 0.574617 0.725035 
0.6131450000000001 0.284036 0.4459 0.523353 0.340825 
0.667133 0.620721 0.81692 0.64849 0.7443920000000001 
0.287727 0.270217 0.297971 0.158056 0.31294 
0.7671829999999999 0.5255570000000001 0.704404 0.7390330000000001 0.62012 
0.396309 0.608379 0.247469 0.6608309999999999 0.446998 
0.636124 0.281871 0.580003 0.459084 0.626102 
0.527504 0.569825 0.312979 0.595092 0.581241 
0.4833 0.463061 0.725024 0.37798 0.487818 
0.76685 0.732459 0.766436 0.817253 0.71063 
0.230364 0.5868100000000001 0.427036 0.355027 0.5989100000000001 
0.662309 0.415655 0.47768 0.522456 0.240724 
0.646938 0.782785 0.558959 0.765047 0.69564 
0.614691 0.801558 0.616961 0.754721 0.729237 
0.6412330000000001 0.645655 0.677898 0.461206 0.7532140000000001 
0.402437 0.353233 0.508751 0.567053 0.36592 
0.758002 0.528481 0.725126 0.726918 0.633499 
0.618599 0.363087 0.570538 0.301248 0.556883 
0.466892 0.6491170000000001 0.530734 0.576302 0.789058 
0.560628 0.409966 0.697496 0.389391 0.408608 
0.707586 0.689539 0.491208 0.697263 0.503663 
0.205226 0.255436 0.170767 0.247824 0.196877 
0.398097 0.699914 0.540752 0.63285 0.70145 
0.242839 0.346123 0.203475 0.409822 0.288753 
0.556738 0.531366 0.256922 0.475797 0.411313 
0.437681 0.476565 0.6498620000000001 0.417673 0.773967 
0.653383 0.290198 0.6308280000000001 0.433045 0.508386 
0.316407 0.377233 0.446432 0.464998 0.284823 
0.705129 0.556877 0.468546 0.728085 0.423989 
0.841128 0.7602680000000001 0.826784 0.779878 0.789963 
0.393882 0.629317 0.623873 0.380369 0.5073800000000001 
0.475141 0.471273 0.599495 0.392868 0.325615 
0.519526 0.648822 0.288655 0.543546 0.425119 
0.733182 0.714668 0.680402 0.65561 0.528662 
0.224189 0.574108 0.338059 0.345181 0.564993 
0.512297 0.660669 0.440382 0.621459 0.731004 
0.334115 0.322759 0.403703 0.44436 0.525687 
0.446173 0.631244 0.314396 0.429117 0.380929 
0.59326 0.502846 0.399852 0.705369 0.329892 
0.351962 0.353558 0.430068 0.378062 0.220595 
0.296964 0.319455 0.274423 0.414741 0.190497 
0.393555 0.602362 0.670968 0.416165 0.669474 
0.521275 0.515929 0.52507 0.677264 0.347112 
0.482915 0.336349 0.518832 0.482556 0.6538350000000001 
0.382928 0.617692 0.603888 0.5957209999999999 0.654106 
0.474797 0.377036 0.5085460000000001 0.412895 0.702536 
0.533332 0.607904 0.438121 0.536045 0.731944 
0.177826 0.329512 0.270752 0.312173 0.256394 
0.5523400000000001 0.691416 0.691118 0.7223039999999999 0.594183 
0.396675 0.503943 0.689033 0.472619 0.693542 
0.550472 0.413291 0.508853 0.491153 0.719836 
0.602764 0.314177 0.459694 0.5779570000000001 0.295399 
0.311234 0.510286 0.403008 0.258979 0.397267 
0.552048 0.5074149999999999 0.712884 0.443256 0.450192 
0.317815 0.493705 0.302772 0.354702 0.566872 
0.78682 0.6830580000000001 0.7968150000000001 0.772524 0.711404 
0.556463 0.5076079999999999 0.414321 0.485081 0.26059 
0.439079 0.545242 0.537508 0.294963 0.676083 
0.288825 0.278152 0.303913 0.270007 0.456411 
0.347092 0.460018 0.629317 0.422984 0.677626 
0.449972 0.581713 0.560351 0.7183850000000001 0.52443 
0.638476 0.392915 0.709529 0.491668 0.400532 
0.432027 0.314231 0.42166 0.216096 0.472331 
0.446544 0.655331 0.295111 0.418111 0.530451 
0.24717 0.370688 0.306391 0.444906 0.454675 
0.195909 0.396884 0.244754 0.288597 0.315225 
0.571411 0.768933 0.656529 0.748155 0.669859 
0.355018 0.519954 0.204308 0.518651 0.460691 
0.518981 0.701488 0.697481 0.534477 0.56811 
0.359644 0.541022 0.556888 0.622869 0.538116 
0.512151 0.679817 0.60437 0.740013 0.674298 
0.562191 0.231889 0.60311 0.372273 0.467699 
0.598477 0.501627 0.523438 0.30495 0.498629 
0.550337 0.442007 0.458135 0.386031 0.260014 
0.430396 0.768543 0.5508459999999999 0.545532 0.588581 
0.7310219999999999 0.736677 0.708806 0.736389 0.826024 
0.502085 0.661372 0.634289 0.663686 0.486061 
0.581217 0.5768990000000001 0.586165 0.318844 0.59687 
0.668256 0.61027 0.388829 0.593741 0.433917 
0.248537 0.223377 0.215553 0.213331 0.289033 
0.357933 0.447879 0.181113 0.388585 0.41294 
0.749346 0.639819 0.667525 0.754382 0.744591 
0.473296 0.405452 0.26094 0.442134 0.497853 
0.64629 0.442304 0.561823 0.42158 0.645061 
0.708758 0.363953 0.46246 0.546896 0.460856 
0.604492 0.532506 0.574465 0.629216 0.740785 
0.255275 0.157862 0.227875 0.19446 0.204197 
0.210895 0.467542 0.34095 0.398404 0.490437 
0.291571 0.236137 0.198891 0.329672 0.239757 
0.5005500000000001 0.778244 0.403558 0.562002 0.603256 
0.711099 0.406517 0.7180299999999999 0.514937 0.417532 
0.391718 0.62781 0.459351 0.695363 0.579386 
0.684191 0.573984 0.60136 0.756464 0.659188 
0.388262 0.445531 0.274792 0.595625 0.447469 
0.364719 0.332463 0.623061 0.383741 0.543861 
0.580619 0.65715 0.760578 0.601996 0.77995 
0.246499 0.307684 0.443517 0.34846 0.432692 
0.609915 0.548632 0.413896 0.749348 0.53935 
0.690754 0.746157 0.7849739999999999 0.742946 0.814016 
0.818589 0.544163 0.722374 0.705858 0.60353 
0.592948 0.469286 0.677978 0.706106 0.485068 
0.278634 0.518898 0.236266 0.381704 0.473099 
0.679289 0.462657 0.409025 0.494662 0.469523 
0.263172 0.5167580000000001 0.398253 0.32691 0.341978 
0.545656 0.779726 0.399484 0.62412 0.5117969999999999 
0.556017 0.370912 0.329608 0.585156 0.483771 
0.437289 0.790492 0.443672 0.546486 0.636161 
0.224826 0.363706 0.427585 0.308222 0.337088 
0.383023 0.343475 0.291613 0.436347 0.189921 
0.624735 0.282239 0.6087 0.585741 0.424412 
0.514687 0.497095 0.714305 0.550248 0.462054 
0.699493 0.800902 0.810128 0.730008 0.734632 
0.362613 0.201819 0.39767 0.346969 0.208253 
0.773281 0.745042 0.804274 0.748533 0.81737 
0.66591 0.293577 0.622855 0.391749 0.436365 
0.7136400000000001 0.755004 0.675364 0.708793 0.555499 
0.4566 0.262713 0.367974 0.26682 0.253242 
0.324532 0.467857 0.491088 0.467749 0.672785 
0.379988 0.340744 0.505926 0.226432 0.344537 
0.25661 0.354843 0.304737 0.485844 0.426349 
0.775264 0.484263 0.582431 0.654457 0.465124 
0.548395 0.513568 0.336948 0.409137 0.327298 
0.478383 0.230169 0.468244 0.247997 0.40776 
0.487234 0.785644 0.578963 0.59939 0.728748 
0.742402 0.755643 0.665393 0.664269 0.615267 
0.706153 0.660901 0.478888 0.594353 0.531077 
0.445556 0.3013 0.5444329999999999 0.44652 0.276433 
0.788318 0.816329 0.783675 0.802879 0.7753910000000001 
0.6364300000000001 0.497432 0.773161 0.593253 0.498676 
0.29356 0.68451 0.40734 0.494811 0.653105 
0.355047 0.217467 0.338537 0.21011 0.357532 
0.40309 0.559922 0.47552 0.357541 0.706342 
0.449613 0.717726 0.623404 0.475439 0.62438 
0.165704 0.226943 0.197278 0.178429 0.239944 
0.294871 0.234789 0.355989 0.336974 0.40233 
0.427569 0.590476 0.62537 0.577394 0.750147 
0.407598 0.254836 0.28272 0.313492 0.419292 
0.371012 0.673787 0.646583 0.449506 0.59441 
0.209138 0.551743 0.3216 0.373443 0.430501 
0.300275 0.327345 0.189031 0.373749 0.321651 
0.5673240000000001 0.713112 0.744966 0.656657 0.632286 
0.166156 0.236726 0.213658 0.235164 0.248738 
0.390705 0.251772 0.530753 0.234913 0.5111520000000001 
0.670715 0.391368 0.602244 0.32183 0.514111 
0.187219 0.265761 0.18038 0.267248 0.212994 
0.813043 0.74827 0.754308 0.820727 0.7475579999999999 
0.695508 0.517305 0.6968529999999999 0.477211 0.477599 
0.283283 0.18199 0.2855 0.263815 0.177368 
0.47979 0.339967 0.444192 0.301148 0.232554 
0.80445 0.831107 0.807044 0.793528 0.803945 
0.269744 0.416283 0.46577 0.273018 0.370735 
0.794468 0.500567 0.721506 0.6220329999999999 0.626715 
0.28653 0.372712 0.159254 0.349341 0.269173 
0.2987 0.568191 0.373867 0.290565 0.494442 
0.495504 0.371719 0.723452 0.323917 0.511879 
0.56804 0.402762 0.345511 0.388839 0.514062 
0.298214 0.20171 0.368203 0.283801 0.20249 
0.179356 0.298455 0.263135 0.297369 0.369005 
0.358662 0.555133 0.526276 0.573677 0.375359 
0.6488699999999999 0.642084 0.414845 0.536207 0.636167 
0.491946 0.665723 0.5420779999999999 0.344853 0.584843 
0.78016 0.479884 0.654966 0.541936 0.515807 
0.496089 0.596074 0.632437 0.68476 0.716662 
0.226589 0.357913 0.337797 0.379879 0.261757 
0.713985 0.526158 0.699474 0.538237 0.742078 
0.6981849999999999 0.742138 0.7097560000000001 0.798921 0.785219 
0.284065 0.390271 0.5251670000000001 0.407015 0.324008 
0.715159 0.603998 0.7531600000000001 0.757594 0.627198 
0.485921 0.544161 0.448667 0.684692 0.31045 
0.611063 0.698496 0.623503 0.757583 0.5120400000000001 
0.548919 0.449097 0.6807 0.520049 0.350258 
0.401746 0.464067 0.570764 0.244639 0.530416 
0.371547 0.606636 0.285064 0.437722 0.56044 
0.426904 0.218869 0.382798 0.424983 0.206748 
0.5805360000000001 0.583489 0.376903 0.470833 0.637795 
0.743325 0.71069 0.816939 0.7414809999999999 0.66178 
0.743725 0.812817 0.679515 0.797912 0.683208 
0.303356 0.443715 0.535823 0.504037 0.5254219999999999 
0.368895 0.398562 0.21922 0.542844 0.260787 
0.409025 0.329453 0.473817 0.254309 0.293124 
0.279189 0.374724 0.537713 0.373861 0.520203 
0.610707 0.70051 0.703396 0.778243 0.703352 
0.564039 0.705819 0.725983 0.621761 0.792539 
0.269197 0.422494 0.446732 0.360591 0.595129 
0.185413 0.303836 0.178235 0.233954 0.292555 
0.400987 0.443991 0.478551 0.393026 0.267086 
0.664523 0.741653 0.732407 0.746689 0.816577 
0.313507 0.253057 0.223617 0.330967 0.40028 
0.272655 0.675142 0.309937 0.473283 0.469492 
0.492382 0.483691 0.311739 0.348769 0.560926 
0.32964 0.476467 0.602861 0.464758 0.425457 
0.606728 0.737498 0.70452 0.7131459999999999 0.806995 
0.6387969999999999 0.667723 0.56567 0.658844 0.78793 
0.514252 0.6585029999999999  0.318 0.698295 0.47778 
0.699526 0.781716 0.671532 0.82047 0.667592 
0.316306 0.432483 0.291371 0.570931 0.34714 
0.489885 0.539237 0.327545 0.671874 0.301161 
0.367947 0.595033 0.540701 0.451831 0.748265 
0.5878949999999999 0.446946 0.6863359999999999 0.605811 0.379999 
0.648084 0.537655 0.733904 0.520665 0.489118 
0.529732 0.33862 0.397469 0.534754 0.22505 
0.428224 0.5881420000000001 0.46272 0.299016 0.425475 
0.455946 0.218508 0.467252 0.424975 0.401476 
0.232579 0.302826 0.313531 0.417168 0.340839 
0.649605 0.269639 0.536792 0.487714 0.537133 
0.676639 0.705574 0.802245 0.695349 0.778241 
0.737918 0.36015 0.682141 0.613004 0.52758 
0.199674 0.193621 0.185849 0.202433 0.168314 
0.351676 0.693887 0.521305 0.464668 0.548644 
0.478314   0.67 0.744683 0.45095 0.614859 
0.333258 0.478675 0.640086 0.422143 0.557384 
0.438719 0.383754 0.486102 0.631956 0.365429 
0.531006 0.54057 0.344035 0.690881 0.34083 
0.277749 0.441924 0.359158 0.571004 0.374483 
0.576646 0.495545 0.462515 0.374482 0.338832 
0.481983 0.616671 0.580375 0.657034 0.406225 
0.524531 0.293136 0.357083 0.504607 0.495157 
0.451181 0.67576 0.660659 0.489604 0.531462 
0.681406 0.507262 0.721146 0.404825 0.5584209999999999 
0.229394 0.482844 0.252621 0.413995 0.463339 
0.715017 0.63828 0.695377 0.56372 0.515194 
0.779369 0.458106 0.5665289999999999 0.616076 0.519822 
