5
483
5.251620000000000177e-01 5.196359999999999868e-01 5.402280000000000415e-01 5.688299999999999468e-01 6.202919999999999545e-01
5.421620000000000328e-01 4.733499999999999930e-01 6.170940000000000314e-01 4.789619999999999989e-01 5.886670000000000513e-01
4.735590000000000077e-01 4.197110000000000007e-01 4.431080000000000019e-01 4.651120000000000254e-01 4.982940000000000147e-01
3.811820000000000208e-01 4.517320000000000224e-01 3.980219999999999869e-01 4.963830000000000187e-01 4.244780000000000220e-01
6.024119999999999475e-01 6.171950000000000491e-01 5.434050000000000269e-01 6.269890000000000185e-01 5.610640000000000072e-01
6.594309999999999894e-01 6.220799999999999663e-01 5.628980000000000095e-01 6.423050000000000148e-01 6.136859999999999538e-01
5.508210000000000051e-01 5.352970000000000228e-01 6.401109999999999856e-01 5.672460000000000280e-01 5.381050000000000555e-01
5.859729999999999661e-01 6.109510000000000218e-01 6.157129999999999548e-01 6.710650000000000226e-01 5.914519999999999778e-01
4.688010000000000232e-01 4.311880000000000157e-01 4.649119999999999919e-01 5.229369999999999852e-01 4.936010000000000120e-01
5.746200000000000196e-01 4.627910000000000079e-01 5.109789999999999610e-01 5.081290000000000529e-01 4.690980000000000150e-01
4.220619999999999927e-01 4.080730000000000190e-01 3.652440000000000131e-01 4.372519999999999740e-01 4.111409999999999787e-01
3.830640000000000156e-01 4.826480000000000214e-01 3.767469999999999986e-01 3.825080000000000147e-01 4.576270000000000060e-01
5.657180000000000542e-01 5.426579999999999737e-01 5.562550000000000550e-01 5.541850000000000387e-01 5.706639999999999491e-01
3.455320000000000058e-01 3.753119999999999790e-01 4.319660000000000166e-01 3.135180000000000189e-01 4.158810000000000007e-01
5.709239999999999871e-01 5.553900000000000503e-01 5.313160000000000105e-01 5.642570000000000086e-01 4.461959999999999815e-01
6.043990000000000196e-01 5.628760000000000430e-01 6.323400000000000132e-01 5.476079999999999837e-01 5.195009999999999906e-01
4.964580000000000104e-01 6.313900000000000068e-01 5.764029999999999987e-01 5.805470000000000352e-01 6.061640000000000361e-01
5.556919999999999638e-01 5.715500000000000025e-01 5.730039999999999578e-01 6.366399999999999837e-01 5.074199999999999822e-01
5.393660000000000121e-01 5.145269999999999566e-01 6.053349999999999564e-01 4.472519999999999829e-01 5.513940000000000508e-01
3.529510000000000147e-01 4.377139999999999920e-01 4.550750000000000073e-01 4.291400000000000214e-01 4.184109999999999774e-01
4.536950000000000149e-01 4.732959999999999945e-01 5.446779999999999955e-01 4.499879999999999991e-01 5.489849999999999453e-01
4.555750000000000077e-01 4.535560000000000147e-01 5.515409999999999480e-01 4.831639999999999824e-01 5.134999999999999565e-01
4.549030000000000018e-01 4.037899999999999823e-01 3.355250000000000177e-01 4.245140000000000025e-01 3.328209999999999780e-01
5.197270000000000501e-01 5.358169999999999877e-01 6.025840000000000085e-01 5.190700000000000314e-01 5.838309999999999889e-01
5.855449999999999822e-01 5.344389999999999974e-01 6.257359999999999589e-01 5.220359999999999445e-01 6.597290000000000099e-01
3.784540000000000126e-01 4.600150000000000072e-01 5.255410000000000359e-01 4.530629999999999935e-01 4.542109999999999759e-01
3.800319999999999809e-01 4.040360000000000062e-01 4.787359999999999949e-01 4.624929999999999874e-01 4.145199999999999996e-01
3.791220000000000145e-01 4.413230000000000208e-01 4.124700000000000033e-01 4.631100000000000216e-01 4.661910000000000220e-01
4.579920000000000102e-01 4.537359999999999727e-01 4.414989999999999748e-01 4.688780000000000170e-01 3.656449999999999978e-01
5.314269999999999827e-01 4.740619999999999834e-01 6.249919999999999920e-01 5.285050000000000026e-01 5.753730000000000233e-01
3.657360000000000055e-01 3.612500000000000155e-01 3.293590000000000129e-01 3.129620000000000180e-01 3.343349999999999933e-01
4.137600000000000167e-01 4.253509999999999791e-01 4.327059999999999795e-01 3.543749999999999956e-01 4.935120000000000062e-01
4.474819999999999909e-01 3.676490000000000036e-01 4.815459999999999741e-01 4.294169999999999932e-01 4.998099999999999765e-01
5.238519999999999843e-01 5.895970000000000377e-01 5.305210000000000203e-01 6.511609999999999898e-01 5.704339999999999966e-01
5.709840000000000471e-01 4.559710000000000152e-01 5.851269999999999527e-01 4.946539999999999826e-01 5.932659999999999600e-01
4.268620000000000192e-01 4.154360000000000275e-01 4.879789999999999961e-01 4.059989999999999988e-01 4.929959999999999898e-01
4.080219999999999958e-01 4.496829999999999994e-01 4.760150000000000214e-01 3.906720000000000192e-01 3.857140000000000013e-01
4.759079999999999977e-01 5.803789999999999782e-01 4.853779999999999761e-01 5.016100000000000003e-01 5.366450000000000387e-01
3.969440000000000190e-01 3.370179999999999843e-01 4.260209999999999830e-01 3.351919999999999900e-01 4.196429999999999882e-01
4.062689999999999912e-01 4.777710000000000012e-01 5.190900000000000514e-01 4.348420000000000063e-01 5.790309999999999624e-01
4.255490000000000106e-01 4.709180000000000033e-01 4.414759999999999796e-01 3.973809999999999842e-01 4.678419999999999801e-01
6.194830000000000059e-01 5.225990000000000357e-01 5.428319999999999812e-01 5.769459999999999589e-01 4.411370000000000013e-01
3.515539999999999776e-01 5.091059999999999475e-01 3.848869999999999791e-01 4.236500000000000266e-01 4.967639999999999834e-01
6.585250000000000270e-01 6.141450000000000520e-01 6.595199999999999951e-01 6.362069999999999670e-01 6.863259999999999916e-01
3.969400000000000150e-01 4.188509999999999733e-01 4.510430000000000272e-01 3.908710000000000240e-01 4.983299999999999952e-01
5.014389999999999681e-01 5.567959999999999576e-01 5.141299999999999759e-01 4.622060000000000057e-01 5.054199999999999804e-01
6.537389999999999590e-01 6.288319999999999466e-01 6.963070000000000093e-01 6.442510000000000181e-01 6.625929999999999875e-01
5.446830000000000283e-01 4.072749999999999981e-01 5.795749999999999513e-01 4.978239999999999887e-01 5.118359999999999577e-01
6.126669999999999616e-01 5.968240000000000212e-01 6.183110000000000550e-01 6.753409999999999691e-01 5.717569999999999597e-01
4.468030000000000057e-01 4.713660000000000072e-01 3.951040000000000108e-01 5.424430000000000085e-01 4.463529999999999998e-01
6.115110000000000268e-01 5.560669999999999780e-01 5.535930000000000017e-01 5.300730000000000164e-01 5.610060000000000047e-01
4.185769999999999769e-01 3.467930000000000179e-01 3.976779999999999760e-01 3.752889999999999837e-01 3.857929999999999970e-01
5.816599999999999548e-01 5.844390000000000418e-01 5.755409999999999693e-01 5.141879999999999784e-01 6.645100000000000451e-01
4.191059999999999786e-01 4.299100000000000144e-01 4.329910000000000148e-01 5.125640000000000196e-01 3.983169999999999766e-01
5.146950000000000136e-01 4.489940000000000042e-01 5.165129999999999999e-01 5.509020000000000028e-01 5.334179999999999477e-01
3.622759999999999869e-01 4.073689999999999811e-01 4.445640000000000147e-01 3.374679999999999902e-01 4.514500000000000179e-01
3.734060000000000157e-01 4.576270000000000060e-01 3.869870000000000254e-01 4.164880000000000249e-01 4.240300000000000180e-01
5.056530000000000191e-01 5.409690000000000332e-01 4.888430000000000275e-01 5.794690000000000119e-01 5.582939999999999570e-01
5.163450000000000539e-01 4.411349999999999993e-01 4.906650000000000178e-01 4.490270000000000095e-01 5.340639999999999832e-01
3.904969999999999830e-01 3.269270000000000231e-01 3.677010000000000001e-01 3.446279999999999899e-01 3.090359999999999774e-01
4.840039999999999898e-01 4.588720000000000021e-01 4.275990000000000069e-01 4.686000000000000165e-01 5.185720000000000329e-01
4.541649999999999854e-01 4.786139999999999839e-01 5.650859999999999772e-01 5.336750000000000105e-01 5.147329999999999961e-01
4.476080000000000059e-01 5.382850000000000135e-01 3.945179999999999798e-01 5.513489999999999780e-01 4.910300000000000220e-01
4.908069999999999933e-01 5.660739999999999661e-01 5.366469999999999851e-01 5.298040000000000527e-01 5.487880000000000535e-01
3.827180000000000026e-01 4.043289999999999940e-01 4.253950000000000231e-01 4.769599999999999951e-01 3.804179999999999784e-01
3.802130000000000232e-01 4.176179999999999892e-01 3.690890000000000004e-01 4.703309999999999991e-01 3.720479999999999898e-01
4.553900000000000170e-01 4.527140000000000053e-01 4.969029999999999836e-01 4.091020000000000212e-01 5.112550000000000150e-01
3.428889999999999993e-01 4.187130000000000019e-01 3.364190000000000236e-01 4.109849999999999892e-01 4.136989999999999834e-01
5.444470000000000143e-01 5.043670000000000098e-01 5.072499999999999787e-01 5.241069999999999895e-01 5.766700000000000159e-01
4.442229999999999790e-01 4.206969999999999876e-01 5.140080000000000204e-01 4.628320000000000212e-01 5.162240000000000162e-01
6.557640000000000136e-01 4.971260000000000123e-01 5.645329999999999515e-01 5.282639999999999558e-01 5.363649999999999807e-01
5.513989999999999725e-01 4.438400000000000123e-01 5.588880000000000514e-01 4.343609999999999971e-01 5.445740000000000025e-01
6.120360000000000245e-01 6.640329999999999844e-01 6.679979999999999807e-01 5.925399999999999556e-01 6.373039999999999816e-01
5.823749999999999760e-01 5.859849999999999781e-01 5.429589999999999694e-01 5.399939999999999740e-01 5.210590000000000499e-01
3.917530000000000179e-01 4.277730000000000143e-01 3.341299999999999826e-01 4.177250000000000130e-01 4.127350000000000185e-01
6.469549999999999468e-01 6.162250000000000227e-01 6.090550000000000130e-01 6.369599999999999707e-01 5.391770000000000174e-01
4.009789999999999743e-01 4.167770000000000086e-01 3.848300000000000054e-01 5.011740000000000084e-01 3.676869999999999861e-01
5.637339999999999574e-01 5.069150000000000045e-01 4.977940000000000142e-01 5.506020000000000358e-01 5.309770000000000323e-01
3.817989999999999995e-01 3.800120000000000164e-01 4.031350000000000211e-01 4.417170000000000263e-01 4.145130000000000203e-01
4.867199999999999860e-01 3.922649999999999748e-01 4.859299999999999731e-01 4.102049999999999863e-01 4.867710000000000092e-01
6.477570000000000272e-01 5.811749999999999972e-01 6.467289999999999983e-01 6.780829999999999913e-01 6.450310000000000210e-01
5.788200000000000012e-01 5.842349999999999488e-01 4.787069999999999936e-01 6.320000000000000062e-01 5.573099999999999721e-01
4.424139999999999739e-01 4.403929999999999789e-01 3.563120000000000176e-01 4.639789999999999748e-01 4.848100000000000187e-01
5.954549999999999566e-01 5.540509999999999602e-01 5.057530000000000081e-01 6.362940000000000262e-01 5.887649999999999828e-01
6.107989999999999808e-01 5.270299999999999985e-01 5.149249999999999661e-01 5.328640000000000043e-01 5.598119999999999763e-01
4.456240000000000201e-01 4.657189999999999941e-01 4.298830000000000151e-01 4.332170000000000187e-01 4.799880000000000257e-01
5.136770000000000502e-01 5.171769999999999978e-01 4.107060000000000155e-01 5.212430000000000119e-01 3.874130000000000074e-01
4.799340000000000273e-01 4.990490000000000204e-01 4.035659999999999803e-01 4.442940000000000222e-01 4.217369999999999730e-01
4.789550000000000196e-01 4.440990000000000215e-01 4.560529999999999862e-01 3.587119999999999753e-01 4.382050000000000112e-01
5.449040000000000550e-01 5.606440000000000312e-01 4.987179999999999946e-01 5.680760000000000254e-01 6.142539999999999667e-01
6.515630000000000033e-01 6.208249999999999602e-01 6.181060000000000443e-01 6.504159999999999942e-01 6.719600000000000017e-01
3.978079999999999949e-01 4.060710000000000153e-01 4.971200000000000063e-01 3.914159999999999862e-01 5.126020000000000021e-01
3.282999999999999807e-01 4.063629999999999742e-01 3.879170000000000118e-01 3.668069999999999942e-01 4.555440000000000045e-01
5.956609999999999960e-01 5.753759999999999986e-01 5.899780000000000024e-01 6.483339999999999659e-01 6.356739999999999613e-01
4.058649999999999758e-01 4.226909999999999834e-01 5.020270000000000010e-01 4.544110000000000094e-01 3.811220000000000163e-01
5.167079999999999451e-01 5.156709999999999905e-01 4.751529999999999920e-01 5.691840000000000233e-01 5.077669999999999684e-01
6.131029999999999536e-01 6.712730000000000086e-01 6.097909999999999719e-01 6.222090000000000121e-01 6.348700000000000454e-01
3.397580000000000044e-01 4.237790000000000168e-01 3.648839999999999861e-01 4.178499999999999992e-01 4.268210000000000059e-01
5.266539999999999555e-01 5.089500000000000135e-01 4.575429999999999775e-01 6.085450000000000026e-01 4.353040000000000243e-01
5.511800000000000033e-01 5.156209999999999960e-01 5.530720000000000081e-01 6.284450000000000314e-01 5.158669999999999645e-01
4.937320000000000042e-01 5.294539999999999802e-01 3.748009999999999953e-01 4.581799999999999762e-01 4.534989999999999855e-01
5.191059999999999564e-01 5.753899999999999570e-01 5.208139999999999992e-01 5.138310000000000377e-01 6.121039999999999814e-01
3.498439999999999883e-01 4.583849999999999869e-01 4.554159999999999875e-01 3.828269999999999729e-01 4.428349999999999786e-01
3.733349999999999724e-01 3.555519999999999792e-01 3.934670000000000112e-01 3.680669999999999775e-01 4.729990000000000028e-01
5.941269999999999607e-01 6.565170000000000172e-01 6.280310000000000059e-01 6.242790000000000283e-01 6.838940000000000019e-01
5.434099999999999486e-01 4.728530000000000233e-01 5.594160000000000244e-01 4.148950000000000138e-01 5.050780000000000269e-01
4.975490000000000190e-01 5.572329999999999783e-01 5.512899999999999467e-01 5.365809999999999746e-01 5.075119999999999632e-01
3.497350000000000181e-01 3.845160000000000244e-01 3.224719999999999809e-01 3.528640000000000110e-01 3.828280000000000016e-01
4.675770000000000204e-01 3.869110000000000049e-01 4.756150000000000100e-01 5.207969999999999544e-01 4.295260000000000189e-01
5.428209999999999980e-01 4.744650000000000256e-01 6.272900000000000142e-01 5.343599999999999461e-01 5.125899999999999901e-01
6.254669999999999952e-01 6.079999999999999849e-01 5.687569999999999570e-01 6.080929999999999946e-01 6.232910000000000394e-01
5.869370000000000420e-01 5.531359999999999610e-01 5.029550000000000409e-01 5.418830000000000036e-01 5.815949999999999731e-01
6.462579999999999991e-01 5.816900000000000404e-01 5.807959999999999789e-01 6.542189999999999950e-01 5.042590000000000128e-01
4.959049999999999847e-01 5.631610000000000227e-01 5.918630000000000280e-01 5.161689999999999889e-01 5.617349999999999843e-01
4.724570000000000158e-01 4.336699999999999999e-01 3.946890000000000120e-01 3.763409999999999811e-01 3.550470000000000015e-01
6.794299999999999784e-01 5.719999999999999529e-01 6.696649999999999547e-01 5.678699999999999859e-01 6.473989999999999467e-01
5.370629999999999571e-01 4.574130000000000140e-01 5.064140000000000308e-01 5.473109999999999919e-01 4.903790000000000093e-01
3.725390000000000090e-01 5.205279999999999907e-01 4.237799999999999900e-01 4.513920000000000154e-01 5.100989999999999691e-01
5.844570000000000043e-01 5.811290000000000067e-01 6.242140000000000466e-01 5.617919999999999581e-01 5.686560000000000503e-01
4.969609999999999861e-01 4.246170000000000222e-01 5.275819999999999954e-01 4.990290000000000004e-01 4.700239999999999974e-01
4.608539999999999859e-01 4.461820000000000230e-01 4.099010000000000153e-01 4.317150000000000154e-01 4.744189999999999796e-01
5.379760000000000097e-01 4.833210000000000006e-01 5.182449999999999557e-01 5.052969999999999962e-01 4.924310000000000076e-01
5.223459999999999770e-01 5.499030000000000307e-01 6.187850000000000295e-01 5.724879999999999969e-01 5.336070000000000535e-01
4.670750000000000179e-01 4.662749999999999950e-01 4.206639999999999824e-01 5.210559999999999636e-01 3.479510000000000103e-01
5.036859999999999671e-01 5.666639999999999455e-01 4.788189999999999946e-01 5.085610000000000408e-01 5.616470000000000073e-01
4.202259999999999884e-01 4.174660000000000037e-01 3.688429999999999764e-01 3.372379999999999822e-01 4.094300000000000161e-01
5.182919999999999749e-01 5.630749999999999922e-01 5.041149999999999798e-01 4.652350000000000096e-01 5.171599999999999531e-01
4.906690000000000218e-01 4.735500000000000265e-01 3.929110000000000102e-01 4.079039999999999888e-01 4.569980000000000153e-01
5.560270000000000490e-01 4.981099999999999972e-01 5.830779999999999852e-01 5.902439999999999909e-01 5.445200000000000040e-01
4.766759999999999886e-01 4.448940000000000117e-01 4.603550000000000142e-01 4.488199999999999967e-01 5.063250000000000250e-01
5.831859999999999822e-01 6.385600000000000165e-01 5.722810000000000397e-01 6.261740000000000084e-01 5.133490000000000553e-01
4.904410000000000158e-01 4.065489999999999937e-01 5.425609999999999600e-01 4.835019999999999873e-01 5.507429999999999826e-01
6.837590000000000057e-01 5.962330000000000130e-01 6.352320000000000189e-01 5.620150000000000423e-01 6.149729999999999919e-01
4.481629999999999781e-01 5.452890000000000237e-01 4.378290000000000237e-01 5.017490000000000006e-01 4.480009999999999826e-01
5.286180000000000323e-01 5.353919999999999790e-01 6.412820000000000187e-01 5.298429999999999529e-01 6.296220000000000150e-01
6.050780000000000047e-01 6.074500000000000455e-01 6.469829999999999748e-01 6.470970000000000333e-01 6.538789999999999880e-01
3.843730000000000202e-01 3.917080000000000006e-01 3.210279999999999800e-01 3.406839999999999868e-01 3.453220000000000178e-01
3.955679999999999752e-01 4.092560000000000087e-01 4.221659999999999857e-01 3.709089999999999887e-01 3.986700000000000244e-01
5.703559999999999741e-01 6.195399999999999796e-01 6.777109999999999523e-01 5.854399999999999604e-01 6.718020000000000103e-01
4.090699999999999892e-01 4.120630000000000126e-01 4.565759999999999819e-01 3.833889999999999798e-01 4.662609999999999810e-01
5.172959999999999781e-01 5.521509999999999474e-01 5.687710000000000266e-01 4.927219999999999933e-01 5.106509999999999661e-01
5.517260000000000497e-01 4.395180000000000198e-01 4.430450000000000221e-01 4.995700000000000141e-01 4.604699999999999904e-01
4.247119999999999784e-01 5.194940000000000113e-01 4.343609999999999971e-01 5.100500000000000034e-01 4.259930000000000105e-01
6.495600000000000263e-01 6.379719999999999835e-01 6.408760000000000012e-01 6.553809999999999913e-01 6.232929999999999859e-01
4.578019999999999867e-01 5.182330000000000547e-01 4.969859999999999833e-01 4.725909999999999833e-01 6.137449999999999850e-01
4.372229999999999728e-01 3.828550000000000009e-01 4.618399999999999728e-01 3.916189999999999949e-01 4.822770000000000112e-01
6.509179999999999966e-01 5.993290000000000006e-01 6.577499999999999458e-01 6.154159999999999631e-01 6.766489999999999450e-01
6.411860000000000337e-01 5.427619999999999667e-01 5.418760000000000243e-01 5.942720000000000224e-01 5.843540000000000401e-01
3.828750000000000209e-01 4.175070000000000170e-01 3.718350000000000266e-01 3.273329999999999851e-01 4.028660000000000019e-01
6.256239999999999579e-01 6.122140000000000359e-01 6.217730000000000201e-01 6.877529999999999477e-01 6.226239999999999553e-01
4.752000000000000113e-01 3.711990000000000012e-01 4.522379999999999733e-01 5.011339999999999684e-01 4.424480000000000079e-01
5.316920000000000535e-01 6.555370000000000363e-01 5.277169999999999916e-01 6.237899999999999556e-01 5.791819999999999746e-01
6.584170000000000300e-01 6.283870000000000289e-01 5.819100000000000383e-01 6.514760000000000550e-01 5.490920000000000245e-01
5.284790000000000321e-01 4.689349999999999907e-01 4.224849999999999994e-01 4.775360000000000160e-01 3.899770000000000181e-01
6.076270000000000282e-01 4.288629999999999942e-01 5.310340000000000060e-01 4.938980000000000037e-01 5.049470000000000347e-01
5.610249999999999959e-01 4.602600000000000025e-01 5.368589999999999751e-01 4.722120000000000206e-01 4.500109999999999943e-01
5.168179999999999996e-01 5.455440000000000289e-01 4.095489999999999964e-01 4.709119999999999973e-01 4.808080000000000132e-01
6.642280000000000406e-01 6.060809999999999809e-01 6.381240000000000245e-01 5.726430000000000131e-01 5.693120000000000402e-01
4.011179999999999746e-01 3.389090000000000158e-01 3.984309999999999796e-01 4.471809999999999952e-01 3.666949999999999932e-01
4.891920000000000157e-01 5.403769999999999962e-01 5.241639999999999633e-01 4.494480000000000142e-01 5.204339999999999522e-01
4.241130000000000178e-01 4.981670000000000265e-01 4.783729999999999927e-01 4.125670000000000170e-01 5.633420000000000094e-01
3.332899999999999752e-01 3.903170000000000250e-01 4.024050000000000127e-01 4.310559999999999947e-01 3.807440000000000269e-01
5.147690000000000321e-01 5.496900000000000119e-01 6.244020000000000126e-01 4.834030000000000271e-01 5.290479999999999627e-01
4.435990000000000211e-01 4.513840000000000074e-01 4.481430000000000136e-01 4.838870000000000116e-01 3.786959999999999771e-01
5.468760000000000288e-01 4.585770000000000124e-01 5.297830000000000039e-01 4.462200000000000055e-01 4.845960000000000267e-01
5.449030000000000262e-01 4.942759999999999931e-01 4.206159999999999899e-01 4.769300000000000206e-01 4.945669999999999789e-01
6.277749999999999719e-01 6.263889999999999736e-01 5.944639999999999924e-01 6.632630000000000470e-01 6.302929999999999922e-01
5.220740000000000380e-01 4.691290000000000182e-01 3.734009999999999829e-01 4.624809999999999754e-01 4.509059999999999735e-01
4.205760000000000054e-01 4.020070000000000032e-01 4.417150000000000243e-01 4.389000000000000123e-01 3.422370000000000134e-01
5.331869999999999665e-01 6.100820000000000132e-01 5.261149999999999993e-01 6.373760000000000536e-01 5.933779999999999610e-01
5.213440000000000296e-01 4.609670000000000156e-01 4.769809999999999883e-01 4.268419999999999992e-01 3.735169999999999879e-01
4.188549999999999773e-01 5.326570000000000471e-01 4.529969999999999830e-01 4.805989999999999984e-01 5.434189999999999854e-01
5.233060000000000489e-01 5.691880000000000273e-01 4.610940000000000039e-01 4.730249999999999733e-01 5.523810000000000109e-01
3.590300000000000158e-01 4.309910000000000130e-01 3.122500000000000275e-01 3.753049999999999997e-01 3.567859999999999920e-01
3.642730000000000135e-01 3.753679999999999795e-01 3.616119999999999890e-01 3.478919999999999790e-01 3.527330000000000187e-01
4.108319999999999750e-01 4.834120000000000084e-01 4.508800000000000030e-01 3.851089999999999791e-01 4.318660000000000276e-01
4.215920000000000223e-01 5.218359999999999665e-01 5.511909999999999865e-01 5.306840000000000446e-01 5.193529999999999536e-01
4.651549999999999851e-01 4.229899999999999771e-01 4.624249999999999750e-01 4.040059999999999762e-01 4.790590000000000126e-01
4.872130000000000072e-01 4.427459999999999729e-01 5.279840000000000089e-01 5.381580000000000252e-01 5.334170000000000300e-01
4.803689999999999904e-01 4.597789999999999933e-01 4.382730000000000237e-01 3.633719999999999728e-01 4.712779999999999747e-01
4.144939999999999736e-01 3.142289999999999806e-01 4.286420000000000230e-01 3.941720000000000224e-01 3.939599999999999769e-01
4.288649999999999962e-01 4.628880000000000217e-01 4.127709999999999990e-01 4.337039999999999784e-01 5.124170000000000114e-01
3.910060000000000202e-01 3.474079999999999946e-01 4.049039999999999861e-01 4.405419999999999892e-01 3.561639999999999806e-01
5.016209999999999836e-01 4.448230000000000239e-01 4.705150000000000166e-01 4.368400000000000061e-01 3.908889999999999865e-01
4.714420000000000277e-01 4.600890000000000257e-01 4.144510000000000138e-01 5.086829999999999963e-01 4.500020000000000131e-01
5.782129999999999770e-01 6.286159999999999526e-01 6.619519999999999849e-01 6.327580000000000426e-01 6.769249999999999989e-01
4.180300000000000127e-01 6.018350000000000088e-01 4.466040000000000010e-01 4.825969999999999982e-01 5.154520000000000213e-01
6.023920000000000385e-01 6.167390000000000372e-01 6.730340000000000211e-01 6.611519999999999619e-01 6.342999999999999750e-01
4.769869999999999943e-01 5.041999999999999815e-01 4.791070000000000051e-01 3.848010000000000042e-01 4.389489999999999781e-01
3.819080000000000252e-01 5.190780000000000394e-01 4.349890000000000145e-01 3.741010000000000169e-01 5.174410000000000398e-01
5.046289999999999942e-01 5.747090000000000254e-01 5.907729999999999926e-01 4.625449999999999839e-01 5.950290000000000301e-01
3.268199999999999994e-01 4.506729999999999903e-01 3.853770000000000251e-01 4.418699999999999850e-01 3.921819999999999751e-01
5.614479999999999471e-01 5.643500000000000183e-01 5.206239999999999757e-01 4.555440000000000045e-01 5.196079999999999588e-01
5.339230000000000365e-01 6.340839999999999810e-01 5.036150000000000349e-01 5.965240000000000542e-01 5.112060000000000493e-01
5.608830000000000204e-01 5.146760000000000224e-01 5.569770000000000554e-01 4.886150000000000215e-01 6.002459999999999463e-01
3.673899999999999944e-01 3.849960000000000049e-01 4.038070000000000270e-01 4.284990000000000188e-01 3.616690000000000182e-01
4.077609999999999846e-01 4.522149999999999781e-01 5.085359999999999880e-01 4.172150000000000025e-01 4.330180000000000140e-01
3.131229999999999847e-01 3.454340000000000188e-01 4.071409999999999751e-01 3.238789999999999725e-01 3.895339999999999914e-01
3.821880000000000277e-01 4.465299999999999825e-01 3.978389999999999982e-01 4.334740000000000260e-01 3.834009999999999918e-01
4.843640000000000168e-01 6.030670000000000197e-01 4.893339999999999912e-01 5.985430000000000472e-01 5.393820000000000281e-01
3.926040000000000085e-01 5.042820000000000080e-01 5.164889999999999759e-01 4.198069999999999857e-01 4.914229999999999987e-01
4.841849999999999765e-01 3.777599999999999847e-01 4.638499999999999845e-01 3.910669999999999980e-01 4.614770000000000261e-01
5.929039999999999866e-01 6.305680000000000174e-01 5.889459999999999695e-01 6.352799999999999558e-01 6.003690000000000415e-01
3.736510000000000109e-01 3.371029999999999860e-01 4.185630000000000184e-01 4.192210000000000103e-01 3.721090000000000231e-01
5.621810000000000418e-01 5.258490000000000109e-01 6.181419999999999693e-01 5.684770000000000101e-01 4.969819999999999793e-01
4.188160000000000216e-01 5.028310000000000279e-01 4.877630000000000021e-01 4.663649999999999740e-01 4.150269999999999793e-01
5.057059999999999889e-01 4.222910000000000275e-01 4.478539999999999743e-01 3.836359999999999770e-01 4.190720000000000001e-01
5.219789999999999708e-01 4.675340000000000051e-01 5.295469999999999899e-01 4.119519999999999849e-01 5.837539999999999951e-01
5.562080000000000357e-01 6.036850000000000271e-01 4.858169999999999988e-01 5.984369999999999967e-01 5.522460000000000147e-01
5.182029999999999692e-01 6.166380000000000194e-01 4.815860000000000141e-01 6.318880000000000052e-01 4.753820000000000268e-01
5.597410000000000441e-01 5.034220000000000361e-01 5.019590000000000440e-01 4.332650000000000112e-01 4.677580000000000071e-01
5.386539999999999662e-01 5.192320000000000269e-01 4.951670000000000238e-01 6.225389999999999535e-01 4.988719999999999821e-01
3.722199999999999953e-01 4.006310000000000149e-01 3.526270000000000238e-01 3.963700000000000001e-01 3.941569999999999796e-01
4.161730000000000151e-01 4.992599999999999816e-01 4.478079999999999838e-01 5.104429999999999801e-01 4.617899999999999783e-01
3.886680000000000135e-01 4.473300000000000054e-01 4.195559999999999845e-01 4.020810000000000217e-01 5.013630000000000031e-01
6.440970000000000306e-01 6.064960000000000351e-01 5.644130000000000535e-01 6.673980000000000468e-01 5.233640000000000514e-01
5.037049999999999583e-01 5.036049999999999693e-01 4.957030000000000047e-01 4.331409999999999982e-01 6.015019999999999811e-01
3.836780000000000190e-01 4.419420000000000015e-01 3.737670000000000159e-01 4.214530000000000221e-01 4.326599999999999890e-01
4.685690000000000133e-01 5.188580000000000414e-01 5.514970000000000150e-01 5.805860000000000465e-01 5.780910000000000215e-01
3.931180000000000230e-01 4.247830000000000217e-01 3.956640000000000157e-01 4.136889999999999734e-01 3.198710000000000164e-01
3.588410000000000211e-01 5.127930000000000543e-01 4.732649999999999912e-01 4.908339999999999925e-01 4.601999999999999980e-01
5.023379999999999512e-01 4.674929999999999919e-01 4.465620000000000145e-01 4.810740000000000016e-01 5.060489999999999711e-01
4.674960000000000226e-01 4.726380000000000026e-01 4.134019999999999917e-01 4.731079999999999730e-01 3.577270000000000172e-01
4.597240000000000215e-01 4.821880000000000055e-01 4.968600000000000239e-01 4.360640000000000072e-01 4.798149999999999915e-01
4.670610000000000039e-01 4.426039999999999974e-01 3.901740000000000208e-01 4.247219999999999884e-01 4.118660000000000099e-01
4.109860000000000180e-01 4.290080000000000005e-01 3.061769999999999770e-01 4.280809999999999893e-01 3.609249999999999958e-01
5.663160000000000416e-01 6.731369999999999854e-01 6.235640000000000072e-01 5.738649999999999585e-01 6.674930000000000030e-01
4.100659999999999861e-01 4.076609999999999956e-01 5.186530000000000307e-01 4.762830000000000119e-01 4.490339999999999887e-01
4.035529999999999951e-01 5.048209999999999642e-01 3.833250000000000268e-01 5.400490000000000013e-01 4.503280000000000061e-01
6.588469999999999605e-01 6.498310000000000475e-01 6.844219999999999748e-01 6.516889999999999628e-01 6.167850000000000277e-01
5.380220000000000002e-01 6.091490000000000515e-01 5.723260000000000014e-01 6.097270000000000190e-01 5.674069999999999947e-01
5.273409999999999487e-01 6.250670000000000393e-01 5.994089999999999696e-01 5.847759999999999625e-01 6.350500000000000034e-01
6.497249999999999970e-01 5.634630000000000472e-01 6.301430000000000087e-01 6.368780000000000552e-01 6.622519999999999518e-01
5.115520000000000067e-01 5.631859999999999644e-01 6.487150000000000416e-01 5.278709999999999791e-01 6.004869999999999930e-01
6.283999999999999586e-01 6.880380000000000384e-01 6.513010000000000188e-01 6.296960000000000335e-01 7.027649999999999730e-01
3.945310000000000206e-01 3.964420000000000166e-01 3.205649999999999888e-01 4.458150000000000168e-01 3.482040000000000135e-01
6.301710000000000367e-01 4.689559999999999840e-01 5.436029999999999474e-01 4.982289999999999774e-01 5.406560000000000255e-01
5.396170000000000133e-01 5.020879999999999788e-01 4.274100000000000121e-01 5.031139999999999501e-01 3.804819999999999869e-01
4.716679999999999762e-01 5.607929999999999859e-01 4.650859999999999994e-01 5.970100000000000406e-01 4.828069999999999862e-01
6.071779999999999955e-01 5.546440000000000259e-01 6.286920000000000286e-01 5.665780000000000260e-01 5.571720000000000006e-01
6.717260000000000453e-01 6.989119999999999777e-01 6.804059999999999553e-01 6.777250000000000218e-01 6.581829999999999625e-01
3.868650000000000144e-01 5.254240000000000022e-01 4.047819999999999752e-01 4.483030000000000070e-01 4.895829999999999904e-01
2.919010000000000216e-01 4.042180000000000217e-01 3.730350000000000055e-01 3.537839999999999874e-01 3.864589999999999970e-01
3.983249999999999846e-01 4.310039999999999982e-01 3.626099999999999879e-01 3.334010000000000029e-01 3.834489999999999843e-01
5.120850000000000124e-01 6.614119999999999999e-01 4.956599999999999895e-01 5.369530000000000136e-01 5.966599999999999682e-01
5.334259999999999557e-01 6.798760000000000359e-01 5.900220000000000464e-01 5.715959999999999930e-01 5.869130000000000180e-01
5.947489999999999721e-01 6.478840000000000154e-01 6.646800000000000486e-01 6.411729999999999929e-01 6.505990000000000384e-01
6.404330000000000300e-01 6.100600000000000467e-01 5.929280000000000106e-01 6.959260000000000446e-01 5.875770000000000159e-01
5.053290000000000282e-01 4.957989999999999897e-01 4.276090000000000169e-01 5.720659999999999634e-01 5.311190000000000078e-01
4.363600000000000256e-01 4.997559999999999780e-01 3.830160000000000231e-01 4.816969999999999863e-01 5.047129999999999672e-01
4.768930000000000113e-01 4.311909999999999910e-01 5.628269999999999662e-01 4.959049999999999847e-01 5.449659999999999505e-01
6.051809999999999690e-01 5.281139999999999723e-01 5.398629999999999818e-01 6.023870000000000058e-01 5.425900000000000167e-01
5.234199999999999964e-01 6.405290000000000150e-01 5.307319999999999816e-01 6.275089999999999835e-01 5.223959999999999715e-01
5.963079999999999492e-01 5.505940000000000278e-01 5.447030000000000483e-01 5.957379999999999898e-01 4.718669999999999809e-01
5.308129999999999793e-01 4.579599999999999782e-01 5.418020000000000058e-01 5.974509999999999543e-01 4.836989999999999901e-01
4.052439999999999931e-01 5.687870000000000426e-01 4.355040000000000022e-01 4.576729999999999965e-01 5.635700000000000154e-01
5.935719999999999885e-01 5.458460000000000534e-01 6.398160000000000514e-01 5.559020000000000072e-01 5.987000000000000099e-01
3.536420000000000119e-01 3.959030000000000049e-01 2.968720000000000248e-01 4.302059999999999773e-01 3.802300000000000124e-01
5.106870000000000021e-01 5.159989999999999855e-01 5.207049999999999734e-01 4.569130000000000136e-01 5.253219999999999557e-01
3.297999999999999821e-01 4.364739999999999731e-01 3.572940000000000005e-01 4.212859999999999938e-01 3.937109999999999776e-01
3.370730000000000115e-01 4.301180000000000003e-01 3.614589999999999748e-01 3.809449999999999781e-01 4.180530000000000079e-01
5.232719999999999594e-01 4.273460000000000036e-01 5.057500000000000329e-01 4.524070000000000036e-01 3.977060000000000040e-01
5.476450000000000484e-01 3.977129999999999832e-01 4.617209999999999925e-01 4.897340000000000027e-01 4.530770000000000075e-01
5.350819999999999466e-01 6.239190000000000014e-01 6.190809999999999924e-01 5.733939999999999593e-01 6.853580000000000227e-01
4.538280000000000092e-01 5.109879999999999978e-01 4.776079999999999770e-01 4.564739999999999909e-01 5.131189999999999918e-01
6.396960000000000424e-01 6.045040000000000413e-01 5.547490000000000476e-01 5.903639999999999999e-01 5.532880000000000020e-01
4.624619999999999842e-01 3.778569999999999984e-01 5.113739999999999952e-01 4.956929999999999947e-01 4.253330000000000166e-01
3.977260000000000240e-01 3.729020000000000112e-01 3.486070000000000002e-01 4.098519999999999941e-01 4.523449999999999971e-01
4.379959999999999964e-01 4.616480000000000028e-01 4.260200000000000098e-01 4.103069999999999773e-01 5.443320000000000380e-01
4.741139999999999799e-01 3.927579999999999960e-01 4.018789999999999862e-01 3.786749999999999838e-01 4.178120000000000167e-01
4.410000000000000031e-01 3.824719999999999787e-01 4.717910000000000159e-01 4.399509999999999810e-01 4.292549999999999977e-01
3.502500000000000058e-01 4.469290000000000207e-01 4.200269999999999837e-01 3.498959999999999848e-01 4.966030000000000166e-01
4.582660000000000067e-01 4.957989999999999897e-01 4.538619999999999877e-01 4.055960000000000121e-01 5.539849999999999497e-01
6.299930000000000252e-01 5.042389999999999928e-01 5.670749999999999957e-01 5.253360000000000252e-01 5.602080000000000393e-01
4.893140000000000267e-01 4.989959999999999951e-01 5.211010000000000364e-01 5.387859999999999872e-01 4.763800000000000257e-01
5.173990000000000533e-01 4.142850000000000144e-01 4.906880000000000130e-01 4.748020000000000018e-01 4.508920000000000150e-01
5.862779999999999658e-01 5.732920000000000238e-01 5.927869999999999528e-01 6.126939999999999609e-01 5.048970000000000402e-01
4.036910000000000220e-01 4.268689999999999984e-01 4.983360000000000012e-01 3.678930000000000256e-01 4.189680000000000071e-01
3.981629999999999892e-01 4.447189999999999754e-01 3.455949999999999855e-01 4.001089999999999924e-01 4.312659999999999827e-01
5.859079999999999844e-01 5.898020000000000485e-01 5.032550000000000079e-01 5.540230000000000432e-01 5.961779999999999857e-01
4.554520000000000235e-01 4.512860000000000205e-01 4.896420000000000217e-01 4.209109999999999796e-01 4.203950000000000187e-01
5.049139999999999739e-01 5.225250000000000172e-01 4.479839999999999933e-01 4.297710000000000141e-01 5.645200000000000218e-01
6.014829999999999899e-01 4.767379999999999951e-01 5.516950000000000465e-01 5.195109999999999451e-01 5.729070000000000551e-01
3.510750000000000259e-01 4.375479999999999925e-01 4.279029999999999778e-01 3.422359999999999847e-01 4.753490000000000215e-01
3.838900000000000090e-01 4.531089999999999840e-01 4.457229999999999803e-01 4.738649999999999807e-01 4.396769999999999845e-01
6.078489999999999727e-01 5.207289999999999974e-01 6.587910000000000155e-01 5.583730000000000082e-01 5.186089999999999867e-01
3.787809999999999788e-01 5.622460000000000235e-01 4.557010000000000227e-01 4.858239999999999781e-01 5.458469999999999711e-01
6.360829999999999540e-01 6.522099999999999564e-01 5.359749999999999792e-01 6.215680000000000094e-01 5.886759999999999771e-01
4.557760000000000145e-01 4.900019999999999931e-01 5.384550000000000169e-01 4.666109999999999980e-01 5.264069999999999583e-01
3.759770000000000056e-01 4.968290000000000206e-01 4.870530000000000137e-01 4.541419999999999901e-01 4.749539999999999873e-01
5.593120000000000314e-01 4.665340000000000042e-01 5.478420000000000512e-01 4.350109999999999810e-01 5.748539999999999761e-01
6.113279999999999825e-01 5.781020000000000048e-01 5.617459999999999676e-01 6.132959999999999523e-01 6.532240000000000268e-01
5.635790000000000521e-01 6.048379999999999868e-01 4.817609999999999948e-01 6.301400000000000334e-01 4.791670000000000096e-01
5.441540000000000266e-01 4.894600000000000062e-01 4.550819999999999865e-01 5.745040000000000147e-01 3.953639999999999932e-01
4.834930000000000061e-01 5.083140000000000436e-01 4.770559999999999801e-01 4.641700000000000270e-01 4.555069999999999952e-01
4.652410000000000156e-01 4.174350000000000005e-01 5.038930000000000353e-01 4.334759999999999724e-01 4.576060000000000128e-01
5.240609999999999991e-01 4.597570000000000268e-01 4.090289999999999759e-01 4.949680000000000191e-01 4.595759999999999845e-01
6.792719999999999869e-01 5.784690000000000110e-01 6.668420000000000458e-01 6.273239999999999927e-01 6.018850000000000033e-01
5.863559999999999883e-01 5.228679999999999994e-01 5.867229999999999945e-01 5.734829999999999650e-01 5.981760000000000410e-01
4.287670000000000092e-01 4.577930000000000055e-01 3.685800000000000187e-01 4.087779999999999747e-01 3.931629999999999847e-01
4.557579999999999965e-01 4.311220000000000052e-01 4.786440000000000139e-01 4.091929999999999734e-01 4.758240000000000247e-01
4.457260000000000111e-01 5.595729999999999871e-01 4.294239999999999724e-01 4.485959999999999948e-01 5.293550000000000200e-01
5.204630000000000090e-01 5.602009999999999490e-01 5.457130000000000036e-01 5.353879999999999750e-01 5.124279999999999946e-01
4.842560000000000198e-01 5.574510000000000298e-01 5.663420000000000121e-01 5.088510000000000533e-01 5.915909999999999780e-01
3.486609999999999987e-01 3.363050000000000206e-01 4.212770000000000126e-01 3.708810000000000162e-01 4.018249999999999877e-01
4.429469999999999796e-01 4.478170000000000206e-01 5.414320000000000244e-01 4.027760000000000229e-01 5.004560000000000120e-01
4.098319999999999741e-01 4.482119999999999993e-01 3.755290000000000017e-01 4.557519999999999905e-01 3.258699999999999930e-01
5.789140000000000397e-01 5.448600000000000110e-01 5.518250000000000099e-01 5.648119999999999807e-01 6.151130000000000209e-01
5.211799999999999766e-01 5.799819999999999975e-01 5.296149999999999469e-01 5.095429999999999682e-01 5.062579999999999858e-01
3.435770000000000213e-01 4.745469999999999966e-01 3.600400000000000267e-01 3.789399999999999991e-01 3.789509999999999823e-01
4.993500000000000161e-01 5.093060000000000365e-01 5.284240000000000048e-01 5.743679999999999897e-01 5.764010000000000522e-01
4.106850000000000223e-01 5.309789999999999788e-01 4.403170000000000139e-01 5.485510000000000108e-01 5.445480000000000320e-01
5.646590000000000220e-01 6.722040000000000237e-01 6.218420000000000059e-01 5.567050000000000054e-01 6.400150000000000006e-01
5.565219999999999612e-01 6.111619999999999830e-01 5.352719999999999700e-01 6.593250000000000499e-01 5.768499999999999739e-01
6.719309999999999450e-01 6.065669999999999673e-01 6.032950000000000257e-01 6.322510000000000074e-01 6.279839999999999867e-01
5.007179999999999964e-01 4.696949999999999736e-01 4.892000000000000237e-01 5.389279999999999626e-01 5.524010000000000309e-01
4.858620000000000161e-01 4.384919999999999929e-01 5.400040000000000395e-01 5.544689999999999896e-01 4.612720000000000153e-01
4.372980000000000200e-01 4.735949999999999882e-01 3.790560000000000040e-01 4.807600000000000207e-01 4.645859999999999990e-01
6.439169999999999616e-01 6.348310000000000342e-01 6.529439999999999689e-01 6.550740000000000451e-01 6.799739999999999673e-01
5.659859999999999891e-01 5.464609999999999745e-01 5.296990000000000309e-01 5.593390000000000306e-01 5.868949999999999445e-01
3.483689999999999842e-01 3.788500000000000201e-01 3.853239999999999998e-01 4.003439999999999777e-01 4.099309999999999898e-01
5.307070000000000398e-01 4.982409999999999894e-01 5.791849999999999499e-01 4.862349999999999728e-01 5.354680000000000550e-01
5.087159999999999460e-01 5.297509999999999719e-01 4.522860000000000213e-01 4.691110000000000002e-01 4.581100000000000172e-01
6.387610000000000232e-01 5.379909999999999970e-01 6.225300000000000278e-01 5.951459999999999528e-01 5.453839999999999799e-01
5.182309999999999972e-01 4.945849999999999969e-01 4.376840000000000175e-01 5.305170000000000163e-01 4.717979999999999952e-01
3.959630000000000094e-01 4.897839999999999971e-01 3.875529999999999808e-01 4.212359999999999993e-01 4.962610000000000077e-01
3.541989999999999861e-01 4.817549999999999888e-01 4.610489999999999866e-01 4.127000000000000113e-01 4.361140000000000017e-01
5.992490000000000316e-01 5.170240000000000391e-01 5.763420000000000210e-01 5.844799999999999995e-01 5.327939999999999898e-01
5.265419999999999545e-01 5.763190000000000257e-01 6.067449999999999788e-01 5.952119999999999633e-01 6.463550000000000129e-01
4.925720000000000098e-01 4.207850000000000201e-01 5.532529999999999948e-01 4.482479999999999798e-01 4.089349999999999929e-01
4.338969999999999771e-01 4.311920000000000197e-01 5.243389999999999995e-01 4.255740000000000078e-01 3.904639999999999778e-01
4.171250000000000235e-01 4.111429999999999807e-01 4.524259999999999948e-01 3.970659999999999745e-01 4.938299999999999912e-01
3.302820000000000200e-01 3.598160000000000247e-01 3.866339999999999777e-01 3.378889999999999949e-01 4.428099999999999814e-01
4.426490000000000147e-01 4.199550000000000227e-01 5.030019999999999492e-01 3.629310000000000036e-01 4.547599999999999976e-01
4.419790000000000108e-01 4.609389999999999876e-01 4.824510000000000187e-01 4.753229999999999955e-01 4.790139999999999953e-01
6.594560000000000421e-01 5.591380000000000239e-01 6.854620000000000157e-01 6.146559999999999802e-01 6.537840000000000318e-01
5.839440000000000186e-01 6.445039999999999658e-01 5.512660000000000338e-01 5.935200000000000475e-01 6.291309999999999958e-01
6.172790000000000221e-01 6.848199999999999843e-01 6.518429999999999502e-01 6.579239999999999533e-01 6.134180000000000188e-01
4.350689999999999835e-01 5.877090000000000369e-01 5.135939999999999950e-01 5.627320000000000100e-01 5.211280000000000356e-01
5.129409999999999803e-01 4.765440000000000231e-01 5.419300000000000228e-01 4.271010000000000084e-01 4.878859999999999864e-01
5.044760000000000355e-01 6.093600000000000128e-01 5.942020000000000080e-01 6.000830000000000330e-01 6.309690000000000021e-01
5.390530000000000044e-01 5.302320000000000366e-01 4.852520000000000167e-01 4.977610000000000090e-01 5.588229999999999587e-01
4.995370000000000088e-01 4.563710000000000266e-01 4.886409999999999920e-01 5.532430000000000403e-01 4.394029999999999880e-01
6.737619999999999720e-01 6.516009999999999858e-01 6.649810000000000443e-01 6.526089999999999947e-01 6.395410000000000261e-01
6.114239999999999675e-01 5.508629999999999916e-01 6.389259999999999939e-01 6.342020000000000435e-01 5.668419999999999570e-01
4.187319999999999931e-01 4.469690000000000052e-01 4.289549999999999752e-01 4.253979999999999984e-01 4.898719999999999741e-01
4.719409999999999994e-01 3.877229999999999843e-01 4.668140000000000067e-01 5.030179999999999652e-01 4.800590000000000135e-01
4.597539999999999960e-01 3.528939999999999855e-01 3.813460000000000183e-01 3.856689999999999841e-01 3.759419999999999984e-01
4.165349999999999886e-01 3.858570000000000055e-01 3.379849999999999799e-01 3.903019999999999823e-01 3.052810000000000246e-01
3.825660000000000172e-01 3.753330000000000277e-01 4.703959999999999808e-01 3.836100000000000065e-01 4.505299999999999860e-01
4.805300000000000127e-01 6.291069999999999718e-01 5.619950000000000223e-01 5.341719999999999802e-01 5.509049999999999780e-01
4.903830000000000133e-01 4.441640000000000033e-01 4.596419999999999950e-01 3.822519999999999807e-01 3.738540000000000196e-01
5.329899999999999638e-01 4.097350000000000159e-01 5.172870000000000523e-01 5.291510000000000380e-01 4.407490000000000019e-01
4.487309999999999910e-01 4.863759999999999750e-01 4.286090000000000177e-01 3.810520000000000018e-01 4.850869999999999904e-01
5.843880000000000186e-01 5.339730000000000310e-01 6.106580000000000341e-01 4.971110000000000251e-01 4.982989999999999919e-01
6.633630000000000360e-01 6.260710000000000441e-01 6.465629999999999988e-01 6.654560000000000475e-01 6.597859999999999836e-01
6.095359999999999667e-01 5.824549999999999450e-01 6.644170000000000353e-01 5.482569999999999943e-01 5.842479999999999896e-01
5.571669999999999678e-01 5.355320000000000080e-01 5.647140000000000493e-01 6.521740000000000315e-01 5.394280000000000186e-01
5.571040000000000436e-01 5.031710000000000349e-01 4.780949999999999922e-01 6.185180000000000122e-01 4.507789999999999853e-01
4.993230000000000168e-01 6.241959999999999731e-01 4.836309999999999776e-01 5.681490000000000151e-01 5.894030000000000102e-01
4.625469999999999859e-01 4.351689999999999725e-01 5.466149999999999620e-01 4.952659999999999840e-01 5.056399999999999784e-01
5.951149999999999496e-01 6.361170000000000435e-01 5.173849999999999838e-01 6.361019999999999452e-01 5.446360000000000090e-01
4.490120000000000222e-01 3.676349999999999896e-01 4.395560000000000023e-01 4.141850000000000254e-01 3.489570000000000172e-01
4.666469999999999785e-01 5.369930000000000536e-01 4.851960000000000162e-01 5.006800000000000139e-01 4.957219999999999960e-01
5.044600000000000195e-01 5.587490000000000512e-01 4.784880000000000244e-01 4.492189999999999794e-01 4.572080000000000033e-01
3.816010000000000235e-01 4.011859999999999871e-01 3.809029999999999916e-01 4.417170000000000263e-01 4.200679999999999970e-01
3.702449999999999908e-01 3.558080000000000132e-01 4.443949999999999845e-01 3.132690000000000197e-01 4.381920000000000259e-01
4.820439999999999725e-01 5.489910000000000068e-01 5.462029999999999941e-01 5.589279999999999804e-01 4.602680000000000105e-01
4.570190000000000086e-01 4.544440000000000146e-01 5.689959999999999463e-01 4.450799999999999756e-01 4.497959999999999736e-01
3.862260000000000137e-01 4.441050000000000275e-01 3.706610000000000182e-01 4.273850000000000149e-01 3.341210000000000013e-01
6.535210000000000186e-01 5.655649999999999844e-01 5.845500000000000140e-01 6.023389999999999578e-01 4.824950000000000072e-01
4.325609999999999733e-01 4.190090000000000203e-01 4.456169999999999853e-01 3.923409999999999953e-01 3.408129999999999771e-01
5.018789999999999640e-01 6.237359999999999571e-01 5.559539999999999482e-01 5.798389999999999933e-01 5.434609999999999719e-01
2.893330000000000068e-01 4.183189999999999964e-01 3.947510000000000185e-01 3.699060000000000126e-01 3.759899999999999909e-01
3.184949999999999726e-01 3.706809999999999827e-01 3.403649999999999731e-01 3.669870000000000076e-01 3.334409999999999874e-01
4.394109999999999960e-01 4.903839999999999866e-01 4.785420000000000229e-01 4.670889999999999764e-01 6.067519999999999580e-01
5.407980000000000009e-01 5.673770000000000202e-01 5.340129999999999599e-01 4.671310000000000184e-01 5.709300000000000486e-01
5.786059999999999537e-01 6.119029999999999747e-01 5.786210000000000520e-01 5.978830000000000533e-01 6.089240000000000208e-01
6.164359999999999840e-01 4.616060000000000163e-01 5.232480000000000464e-01 5.681699999999999529e-01 5.158089999999999620e-01
6.010229999999999739e-01 5.929870000000000418e-01 6.147010000000000529e-01 6.379110000000000058e-01 6.486180000000000279e-01
5.177599999999999980e-01 5.689490000000000380e-01 6.504469999999999974e-01 5.151360000000000383e-01 5.983690000000000397e-01
6.159660000000000135e-01 5.645090000000000385e-01 5.895580000000000265e-01 5.204429999999999890e-01 5.539969999999999617e-01
6.044199999999999573e-01 6.038639999999999564e-01 5.622009999999999508e-01 5.607189999999999674e-01 6.642789999999999528e-01
4.371149999999999758e-01 4.719860000000000166e-01 3.808139999999999858e-01 4.661489999999999800e-01 3.880020000000000135e-01
5.332419999999999938e-01 4.710460000000000202e-01 5.824099999999999833e-01 5.024840000000000417e-01 6.190630000000000299e-01
3.427009999999999779e-01 4.609650000000000136e-01 4.327130000000000143e-01 3.602150000000000074e-01 4.159669999999999757e-01
6.316469999999999585e-01 6.047820000000000418e-01 5.246819999999999817e-01 5.738609999999999545e-01 6.102100000000000302e-01
5.446919999999999540e-01 4.250320000000000209e-01 4.490600000000000147e-01 4.567649999999999766e-01 3.805370000000000141e-01
3.848010000000000042e-01 5.116650000000000365e-01 3.483399999999999830e-01 4.584239999999999982e-01 4.084639999999999938e-01
5.864939999999999598e-01 4.646520000000000095e-01 6.029290000000000482e-01 4.587350000000000039e-01 5.304480000000000306e-01
5.354229999999999823e-01 6.065669999999999673e-01 6.069679999999999520e-01 6.041050000000000031e-01 5.819130000000000136e-01
4.910189999999999833e-01 4.545799999999999841e-01 4.416860000000000230e-01 4.023769999999999847e-01 5.152290000000000481e-01
4.362179999999999946e-01 5.231679999999999664e-01 5.113499999999999712e-01 5.568290000000000184e-01 4.400540000000000007e-01
5.419389999999999485e-01 5.463860000000000383e-01 5.871410000000000240e-01 5.915730000000000155e-01 5.321489999999999831e-01
3.380500000000000171e-01 4.614389999999999881e-01 4.416329999999999978e-01 4.446039999999999992e-01 4.728780000000000205e-01
4.888890000000000180e-01 4.209499999999999909e-01 4.593990000000000018e-01 4.840769999999999795e-01 3.294920000000000071e-01
5.791049999999999809e-01 5.192539999999999933e-01 5.946240000000000414e-01 5.874700000000000477e-01 5.248800000000000132e-01
5.192550000000000221e-01 5.948280000000000234e-01 5.885979999999999546e-01 5.440760000000000041e-01 6.617150000000000531e-01
4.220039999999999902e-01 3.579740000000000144e-01 4.699479999999999769e-01 3.788380000000000081e-01 3.514619999999999966e-01
6.136420000000000208e-01 6.080240000000000089e-01 6.660150000000000237e-01 6.123920000000000474e-01 5.940370000000000372e-01
4.394739999999999758e-01 4.039900000000000158e-01 4.920189999999999841e-01 4.169789999999999885e-01 4.477780000000000094e-01
3.938099999999999934e-01 3.636789999999999745e-01 3.605169999999999764e-01 4.421959999999999780e-01 4.100429999999999908e-01
3.565280000000000116e-01 3.464700000000000002e-01 4.425689999999999902e-01 3.754330000000000167e-01 4.015110000000000068e-01
5.504559999999999453e-01 4.329410000000000203e-01 4.845430000000000015e-01 5.371519999999999628e-01 5.258749999999999813e-01
3.514689999999999759e-01 4.790949999999999931e-01 3.656630000000000158e-01 3.859620000000000273e-01 4.618439999999999768e-01
4.546749999999999958e-01 3.930629999999999957e-01 5.048799999999999955e-01 4.641830000000000123e-01 4.905470000000000108e-01
4.792089999999999961e-01 5.807649999999999757e-01 4.706029999999999935e-01 5.222909999999999497e-01 4.310129999999999795e-01
5.613489999999999869e-01 6.209820000000000340e-01 5.395429999999999948e-01 6.471440000000000525e-01 5.259260000000000046e-01
4.405930000000000124e-01 3.545110000000000205e-01 4.039010000000000100e-01 3.961810000000000054e-01 4.205829999999999846e-01
4.891039999999999832e-01 5.596470000000000056e-01 4.110800000000000010e-01 4.760530000000000039e-01 4.224689999999999834e-01
5.210879999999999956e-01 5.727659999999999973e-01 4.510500000000000065e-01 5.627579999999999805e-01 5.271980000000000555e-01
5.149249999999999661e-01 5.511179999999999968e-01 5.758590000000000098e-01 6.084479999999999889e-01 6.289959999999999996e-01
3.404840000000000089e-01 4.733680000000000110e-01 3.951689999999999925e-01 4.084229999999999805e-01 4.917190000000000172e-01
6.401620000000000088e-01 5.705259999999999776e-01 6.464100000000000401e-01 5.835960000000000036e-01 6.532040000000000068e-01
3.780819999999999736e-01 4.894200000000000217e-01 4.517909999999999981e-01 3.603319999999999856e-01 4.494529999999999914e-01
4.115659999999999874e-01 4.618920000000000248e-01 4.157779999999999809e-01 4.630009999999999959e-01 4.109129999999999727e-01
3.394719999999999960e-01 3.963280000000000136e-01 4.238589999999999858e-01 3.828159999999999896e-01 3.636619999999999853e-01
3.677199999999999913e-01 3.454389999999999961e-01 4.335760000000000169e-01 4.010580000000000256e-01 3.738009999999999944e-01
5.685149999999999926e-01 4.494940000000000047e-01 4.847330000000000250e-01 4.121299999999999963e-01 4.800840000000000107e-01
3.880460000000000020e-01 4.163819999999999744e-01 4.622269999999999990e-01 3.604140000000000121e-01 4.156520000000000215e-01
5.048350000000000337e-01 5.627600000000000380e-01 6.290689999999999893e-01 4.841260000000000008e-01 5.546480000000000299e-01
6.061839999999999451e-01 4.894549999999999734e-01 4.881800000000000028e-01 5.756790000000000518e-01 4.175289999999999835e-01
5.177389999999999493e-01 6.151510000000000034e-01 4.958250000000000157e-01 5.280730000000000146e-01 4.638349999999999973e-01
5.187009999999999676e-01 6.195300000000000251e-01 4.771340000000000026e-01 4.916639999999999899e-01 5.146800000000000264e-01
5.312599999999999545e-01 3.705479999999999885e-01 4.476999999999999869e-01 4.179120000000000057e-01 4.380169999999999897e-01
3.816869999999999985e-01 3.849929999999999741e-01 4.737219999999999764e-01 3.827209999999999779e-01 4.273790000000000089e-01
5.160979999999999457e-01 5.174260000000000526e-01 4.242770000000000152e-01 4.090369999999999839e-01 3.828070000000000084e-01
3.400949999999999807e-01 3.662940000000000085e-01 4.534549999999999970e-01 3.545440000000000258e-01 4.499859999999999971e-01
6.004089999999999705e-01 6.285699999999999621e-01 6.078980000000000494e-01 6.695400000000000240e-01 6.868919999999999471e-01
4.211230000000000251e-01 4.651460000000000039e-01 4.479069999999999996e-01 4.798850000000000060e-01 3.862209999999999810e-01
3.111059999999999937e-01 4.092660000000000187e-01 3.881370000000000098e-01 4.064820000000000100e-01 3.894469999999999876e-01
4.580259999999999887e-01 6.024620000000000530e-01 5.378460000000000463e-01 5.082259999999999556e-01 5.842289999999999983e-01
4.150309999999999833e-01 4.103780000000000205e-01 4.634969999999999923e-01 5.037679999999999936e-01 4.449089999999999989e-01
6.792479999999999629e-01 5.854939999999999589e-01 5.730460000000000553e-01 5.802110000000000323e-01 5.626619999999999955e-01
5.423499999999999988e-01 5.214579999999999771e-01 5.031269999999999909e-01 5.061919999999999753e-01 5.551819999999999533e-01
5.005140000000000144e-01 4.515730000000000022e-01 3.939819999999999989e-01 5.145330000000000181e-01 3.972550000000000248e-01
5.431679999999999842e-01 5.373299999999999743e-01 6.262670000000000181e-01 5.480099999999999971e-01 6.080539999999999834e-01
6.045669999999999655e-01 6.603700000000000125e-01 5.839919999999999556e-01 6.920760000000000245e-01 6.261379999999999724e-01
4.559159999999999879e-01 4.639550000000000063e-01 4.557300000000000240e-01 4.182089999999999974e-01 4.273150000000000004e-01
3.695809999999999929e-01 4.013630000000000253e-01 4.195809999999999818e-01 3.189170000000000060e-01 4.338270000000000182e-01
4.678260000000000196e-01 4.338319999999999954e-01 5.410949999999999926e-01 4.011219999999999786e-01 5.455419999999999714e-01
4.237929999999999753e-01 5.187540000000000484e-01 5.252499999999999947e-01 4.253790000000000071e-01 5.818410000000000526e-01
5.385780000000000012e-01 5.325320000000000054e-01 5.123959999999999626e-01 4.251499999999999724e-01 4.847029999999999950e-01
5.733329999999999815e-01 5.458290000000000086e-01 4.614449999999999941e-01 6.075260000000000105e-01 4.995129999999999848e-01
3.406159999999999743e-01 4.118950000000000111e-01 3.508260000000000267e-01 4.061710000000000043e-01 4.686649999999999983e-01
4.871389999999999887e-01 5.192689999999999806e-01 5.495919999999999694e-01 5.566210000000000324e-01 4.816630000000000078e-01
4.733939999999999815e-01 3.848159999999999914e-01 4.410709999999999908e-01 4.954029999999999823e-01 4.137580000000000147e-01
5.062100000000000488e-01 5.263929999999999998e-01 5.665759999999999685e-01 4.503759999999999986e-01 5.249239999999999462e-01
5.777609999999999690e-01 5.941389999999999727e-01 5.435929999999999929e-01 5.472860000000000502e-01 5.193560000000000398e-01
5.167659999999999476e-01 4.617220000000000213e-01 4.189050000000000273e-01 4.651810000000000112e-01 4.921289999999999831e-01
5.410760000000000014e-01 5.905709999999999571e-01 6.314330000000000220e-01 4.997460000000000235e-01 5.939799999999999525e-01
4.404359999999999942e-01 4.926949999999999941e-01 5.178599999999999870e-01 4.237199999999999855e-01 5.185370000000000257e-01
5.976740000000000386e-01 5.249420000000000197e-01 5.136889999999999512e-01 4.842580000000000218e-01 4.578679999999999972e-01
5.741519999999999957e-01 5.424539999999999917e-01 5.275109999999999522e-01 4.868640000000000190e-01 5.867710000000000425e-01
6.087730000000000086e-01 6.519850000000000367e-01 5.464290000000000536e-01 6.732270000000000199e-01 6.152499999999999636e-01
5.814300000000000024e-01 4.900349999999999984e-01 5.682479999999999754e-01 4.513389999999999902e-01 5.340150000000000174e-01
3.882990000000000053e-01 5.127159999999999496e-01 3.571320000000000050e-01 4.917179999999999884e-01 4.245599999999999929e-01
4.812310000000000199e-01 5.715869999999999562e-01 4.452110000000000234e-01 5.569079999999999586e-01 4.526200000000000223e-01
5.598340000000000538e-01 5.248260000000000147e-01 4.248449999999999727e-01 5.017629999999999590e-01 4.444379999999999997e-01
4.748910000000000076e-01 4.403750000000000164e-01 5.210280000000000467e-01 4.808589999999999809e-01 4.348899999999999988e-01
5.149949999999999806e-01 4.036359999999999948e-01 4.130719999999999947e-01 4.489239999999999897e-01 4.043229999999999880e-01
5.358249999999999957e-01 6.094960000000000377e-01 4.631489999999999774e-01 5.265729999999999578e-01 5.671190000000000397e-01
4.344689999999999941e-01 4.302520000000000233e-01 4.398739999999999872e-01 4.493639999999999857e-01 5.559290000000000065e-01
3.464070000000000205e-01 4.394040000000000168e-01 3.768690000000000095e-01 3.467500000000000027e-01 4.507979999999999765e-01
5.295079999999999787e-01 5.322160000000000224e-01 4.823629999999999862e-01 4.617490000000000205e-01 5.024300000000000432e-01
3.522449999999999748e-01 5.173879999999999590e-01 4.306409999999999960e-01 4.673490000000000144e-01 5.247349999999999515e-01
6.438359999999999639e-01 6.182429999999999870e-01 6.787539999999999685e-01 6.451000000000000068e-01 5.925610000000000044e-01
4.835860000000000158e-01 4.347460000000000213e-01 3.668560000000000154e-01 4.874910000000000077e-01 3.615140000000000020e-01
4.979509999999999770e-01 4.917810000000000237e-01 4.277940000000000076e-01 5.866569999999999840e-01 4.896050000000000124e-01
6.728610000000000424e-01 5.324299999999999589e-01 6.338799999999999990e-01 6.240189999999999904e-01 5.823610000000000175e-01
4.885249999999999870e-01 3.451520000000000143e-01 3.873059999999999836e-01 3.864819999999999922e-01 3.712960000000000149e-01
6.562409999999999632e-01 6.504569999999999519e-01 7.052399999999999780e-01 6.346690000000000387e-01 6.691169999999999618e-01
5.952870000000000106e-01 6.162609999999999477e-01 4.731130000000000058e-01 6.168280000000000429e-01 4.854120000000000101e-01
5.620220000000000216e-01 5.607550000000000034e-01 5.124229999999999619e-01 5.777940000000000298e-01 4.748339999999999783e-01
6.238439999999999541e-01 6.179299999999999793e-01 5.867050000000000320e-01 6.543120000000000047e-01 5.471430000000000460e-01
4.909200000000000230e-01 4.085909999999999820e-01 5.540329999999999977e-01 4.193000000000000060e-01 5.113299999999999512e-01
3.452100000000000168e-01 3.372209999999999930e-01 4.054590000000000138e-01 3.393820000000000170e-01 3.375210000000000155e-01
4.868239999999999790e-01 4.185690000000000244e-01 4.937590000000000034e-01 3.741439999999999766e-01 4.778180000000000205e-01
3.810689999999999911e-01 5.742509999999999559e-01 4.078939999999999788e-01 4.698379999999999779e-01 4.507990000000000053e-01
4.470080000000000164e-01 4.290990000000000082e-01 5.493660000000000210e-01 4.608889999999999931e-01 4.109439999999999760e-01
5.946780000000000399e-01 6.050740000000000007e-01 5.492860000000000520e-01 5.798109999999999653e-01 4.895340000000000247e-01
4.369850000000000123e-01 3.316500000000000004e-01 4.498500000000000276e-01 3.345690000000000053e-01 4.215059999999999918e-01
3.747380000000000155e-01 4.034309999999999841e-01 3.622520000000000184e-01 3.816350000000000020e-01 3.748210000000000153e-01
