5
302
0.471722 0.433321 0.244229 0.35807 0.695385 
0.359928 0.5907520000000001 0.135533 0.799601 0.423409 
0.811724 0.462767 0.7328170000000001 0.618596 0.316472 
0.760337 0.588775 0.5370200000000001 0.431861 0.342848 
0.7604610000000001 0.501156 0.800115 0.433829 0.376886 
0.595503 0.332198 0.375082 0.812331 0.376711 
0.144976 0.306834 0.142861 0.210377 0.168226 
0.890574 0.871742 0.901475 0.848933 0.902551 
0.688762 0.547728 0.676423 0.26492 0.596742 
0.42467 0.541021 0.123681 0.662057 0.327878 
0.911855 0.709187 0.746231 0.7650090000000001 0.726721 
0.727178 0.762128 0.85939 0.835349 0.752636 
0.128033 0.302736 0.182037 0.14942 0.288923 
0.195536 0.608216 0.275938 0.586673 0.637879 
0.7563569999999999 0.6284729999999999 0.65491 0.899147 0.545311 
0.693049 0.195025 0.451314 0.709341 0.447423 
0.336883 0.709638 0.616757 0.307838 0.616614 
0.506611 0.306532 0.568809 0.514593 0.134876 
0.777684 0.882273 0.78898 0.90312 0.877003 
0.319059 0.685863 0.591075 0.604172 0.819502 
0.631902 0.800068 0.418701 0.730738 0.289951 
0.585737 0.260558 0.216637 0.7011500000000001 0.108284 
0.443956 0.140246 0.365856 0.177124 0.249976 
0.189806 0.58023 0.099243 0.56488 0.333248 
0.519783 0.812137 0.681146 0.4527 0.643733 
0.505682 0.5238969999999999 0.203292 0.617729 0.649798 
0.81294 0.5407189999999999 0.343481 0.521621 0.387875 
0.302003 0.316278 0.19547 0.164749 0.257437 
0.338287 0.353405 0.789996 0.44733 0.671751 
0.650092 0.236989 0.727669 0.326288 0.401834 
0.86247 0.907234 0.871578 0.885119 0.8983989999999999 
0.133116 0.095064 0.180553 0.119524 0.085426 
0.371387 0.295575 0.75373 0.211915 0.576735 
0.767777 0.555527 0.457664 0.741935 0.354712 
0.073905 0.199811 0.166201 0.13889 0.201677 
0.14506 0.258854 0.372284 0.257002 0.405714 
0.743818 0.661537 0.763402 0.58109 0.451481 
0.250743 0.196788 0.052352 0.200654 0.141941 
0.261979 0.512478 0.685097 0.597757 0.253421 
0.758301 0.788655 0.5874470000000001 0.832761 0.50365 
0.51569 0.416906 0.682145 0.673135 0.704907 
0.262028 0.301581 0.144809 0.260248 0.125913 
0.553701 0.591237 0.570143 0.159156 0.711914 
0.457567 0.600164 0.566078 0.562613 0.893965 
0.23863 0.356367 0.315291 0.442725 0.635439 
0.516562 0.342882 0.51623 0.58233 0.128504 
0.664873 0.1937 0.554495 0.754515 0.176663 
0.763504 0.260226 0.67415 0.298439 0.379616 
0.6826100000000001 0.537296 0.734958 0.676791 0.344868 
0.40453 0.589581 0.117666 0.620063 0.319355 
0.201756 0.458414 0.121106 0.444489 0.454713 
0.668842 0.198041 0.385206 0.462708 0.237256 
0.417404 0.775752 0.450869 0.318429 0.60248 
0.496164 0.653594 0.795646 0.773515 0.766747 
0.470166 0.784404 0.251242 0.72057 0.61739 
0.624031 0.558261 0.883179 0.410743 0.536559 
0.806518 0.525745 0.732654 0.430875 0.696898 
0.85155 0.549827 0.636386 0.698797 0.449477 
0.525454 0.6035239999999999 0.668973 0.621588 0.91247 
0.555854 0.756995 0.571126 0.422043 0.35819 
0.596707 0.457716 0.313836 0.551742 0.152625 
0.7455349999999999 0.609117 0.709184 0.882082 0.599924 
0.277213 0.40772 0.730569 0.418516 0.572016 
0.318864 0.28948 0.664372 0.058024 0.5904470000000001 
0.486556 0.273278 0.83635 0.271019 0.714857 
0.151162 0.10466 0.12686 0.14264 0.186147 
0.313134 0.289066 0.493699 0.477692 0.590423 
0.227452 0.30744 0.436425 0.505965 0.341295 
0.419666 0.1409 0.444155 0.259538 0.516383 
0.809574 0.280448 0.56471 0.320205 0.445412 
0.669509 0.608378 0.760999 0.346089 0.495513 
0.526353 0.283616 0.170031 0.448256 0.336605 
0.651493 0.590411 0.286746 0.633786 0.289836 
0.775003 0.374706 0.875213 0.430416 0.513513 
0.48506 0.448859 0.34388 0.453118 0.108003 
0.787642 0.23286 0.616969 0.578931 0.308355 
0.709557 0.576769 0.379489 0.753428 0.318752 
0.461633 0.762399 0.782888 0.550594 0.640684 
0.854841 0.813144 0.923779 0.743469 0.741297 
0.356412 0.7885180000000001 0.438258 0.530161 0.372152 
0.6898030000000001 0.375097 0.478039 0.467252 0.128009 
0.556044 0.670919 0.170948 0.502134 0.307623 
0.293816 0.496801 0.354549 0.343647 0.23204 
0.233249 0.383539 0.35718 0.588295 0.409035 
0.514053 0.243754 0.637818 0.192225 0.387615 
0.646055 0.597699 0.185918 0.777902 0.512899 
0.889076 0.785367 0.81626 0.88888 0.757728 
0.318981 0.677868 0.339679 0.387732 0.707637 
0.231611 0.64816 0.427348 0.643966 0.326383 
0.079511 0.474851 0.27203 0.261119 0.4971 
0.518433 0.700041 0.415453 0.298566 0.642239 
0.119494 0.084595 0.110896 0.06950199999999999 0.117505 
0.153352 0.542731 0.224676 0.446299 0.567726 
0.5213100000000001 0.5392980000000001 0.8205249999999999 0.470804 0.793632 
0.893698 0.786019 0.90879 0.812811 0.8505509999999999 
0.8416360000000001 0.359959 0.578576 0.422537 0.536228 
0.260931 0.143333 0.197781 0.25022 0.097441 
0.390769 0.328086 0.506639 0.568816 0.684732 
0.435293 0.601312 0.177819 0.323061 0.499681 
0.634961 0.675548 0.411598 0.338828 0.390669 
0.548694 0.806575 0.627359 0.545388 0.86264 
0.285481 0.289784 0.203516 0.544276 0.291915 
0.9038580000000001 0.372078 0.844966 0.64101 0.544984 
0.5983619999999999 0.5257579999999999 0.736178 0.6418430000000001 0.293289 
0.559127 0.429784 0.6384609999999999 0.450995 0.190962 
0.471296 0.273996 0.5051600000000001 0.488133 0.757504 
0.405486 0.164382 0.165568 0.334077 0.191184 
0.663313 0.742986 0.472926 0.853137 0.528602 
0.479001 0.688334 0.7566889999999999 0.44302 0.781452 
0.6464569999999999 0.6482290000000001 0.537729 0.931868 0.513733 
0.774471 0.451585 0.499858 0.365637 0.612299 
0.206164 0.702989 0.513867 0.711668 0.755172 
0.194313 0.140972 0.110158 0.1124 0.248393 
0.539928 0.351819 0.365736 0.375435 0.756869 
0.674603 0.519111 0.33768 0.833693 0.43559 
0.651597 0.6260520000000001 0.431666 0.8773030000000001 0.466325 
0.267486 0.5149 0.442439 0.647407 0.706104 
0.5436839999999999 0.18853 0.629382 0.733936 0.319776 
0.752318 0.606599 0.8777509999999999 0.744164 0.700542 
0.835728 0.6166199999999999 0.909619 0.620014 0.63231 
0.819584 0.371492 0.502826 0.349805 0.223152 
0.42071 0.776344 0.185057 0.684497 0.346717 
0.8321190000000001 0.540358 0.539184 0.789558 0.543385 
0.593673 0.7170530000000001 0.613519 0.5833159999999999 0.893262 
0.612107 0.660416 0.61982 0.755949 0.858398 
0.324031 0.423673 0.213951 0.179503 0.347741 
0.610465 0.250964 0.248946 0.486653 0.444731 
0.715577 0.293468 0.343672 0.482616 0.572308 
0.633619 0.317744 0.332021 0.294395 0.276431 
0.882809 0.852312 0.737092 0.776576 0.780266 
0.330811 0.812335 0.549493 0.5138160000000001 0.474442 
0.207496 0.531523 0.496018 0.562459 0.295459 
0.300115 0.337516 0.580507 0.55436 0.488403 
0.789654 0.9079120000000001 0.6874670000000001 0.831194 0.7123699999999999 
0.426977 0.592546 0.864861 0.51725 0.458476 
0.223303 0.328903 0.16855 0.384433 0.165728 
 0.712 0.621645 0.702009 0.868208 0.679419 
0.192308 0.227132 0.656847 0.169063 0.485021 
0.869403 0.586198 0.767208 0.698774 0.769739 
0.8446360000000001 0.564212 0.448394 0.466378 0.458007 
0.656545 0.726441 0.592318 0.356351 0.561374 
0.734711 0.468673 0.291791 0.766405 0.444517 
0.8242350000000001 0.718602 0.773802 0.788393 0.55006 
0.590367 0.618471 0.2931 0.426008 0.777832 
0.860191 0.854885 0.854264 0.922882 0.88847 
0.234782 0.669998 0.591866 0.496866 0.806257 
0.468641 0.158731 0.46865 0.463835 0.146541 
0.634811 0.32964 0.688515 0.551047 0.248099 
0.42026 0.304327 0.785609 0.545806 0.456627 
0.713463 0.719983 0.770691 0.86699 0.645749 
0.130279 0.559579 0.212861 0.436986 0.482648 
0.177638 0.08228199999999999 0.158926 0.161685 0.109786 
0.446561 0.22573 0.488182 0.114761 0.29742 
0.473247 0.330003 0.505316 0.66005 0.639404 
0.480066 0.680636 0.480706 0.868939 0.440765 
0.638782 0.770641 0.823892 0.588106 0.86861 
0.241615 0.15625 0.427733 0.354445 0.360902 
0.601925 0.300626 0.816501 0.155148 0.631159 
0.5518729999999999 0.244157 0.427355 0.165017 0.464601 
0.240793 0.410289 0.486406 0.251544 0.82261 
0.349684 0.8359220000000001 0.295731 0.373753 0.588911 
0.835095 0.770933 0.637198 0.870986 0.687935 
0.747466 0.878726 0.740302 0.879061 0.713127 
0.267953 0.501715 0.622462 0.162379 0.756579 
0.527021 0.731258 0.535409 0.868227 0.730043 
0.7197170000000001 0.8661720000000001 0.662891 0.520064 0.716513 
0.446225 0.498501 0.324133 0.82841 0.562594 
0.377626 0.751574 0.528597 0.44525 0.860367 
0.464048 0.9213479999999999 0.521536 0.704228 0.39075 
0.194062 0.243199 0.167289 0.269964 0.124723 
0.778132 0.56482 0.488903 0.497197 0.238462 
0.44591 0.49995 0.567065 0.06876699999999999 0.594736 
0.261493 0.493518 0.317636 0.446626 0.7363 
0.257781 0.595861 0.68472 0.603719 0.531574 
0.100054 0.512009 0.510441 0.330869 0.528531 
0.652504 0.825685 0.683303 0.714499 0.879634 
0.866336 0.796863 0.8607320000000001 0.867564 0.933311 
0.490693 0.136309 0.701431 0.24435 0.64649 
0.172585 0.55585 0.350712 0.088643 0.454377 
0.150066 0.574411 0.401132 0.230662 0.63846 
0.601042 0.280988 0.70957 0.306731 0.822984 
0.505296 0.340696 0.345993 0.828632 0.347015 
0.785234 0.749131 0.600368 0.563711 0.841191 
0.534462 0.275322 0.569466 0.336018 0.206661 
0.642242 0.514097 0.514418 0.201913 0.494947 
0.821759 0.780509 0.901429 0.828437 0.77901 
0.8194939999999999 0.7816380000000001 0.807828 0.602367 0.698856 
0.486976 0.466013 0.615525 0.213449 0.337213 
0.51825 0.798613 0.602245 0.707855 0.84224 
0.322185 0.27094 0.144183 0.282525 0.123104 
0.355785 0.608193 0.350263 0.326423 0.708257 
0.192217 0.267841 0.439958 0.323365 0.476424 
0.823756 0.740743 0.688337 0.879399 0.795654 
0.440893 0.367541 0.826525 0.40324 0.500086 
0.164016 0.213846 0.304082 0.345263 0.235781 
0.744677 0.342602 0.541726 0.78911 0.417983 
0.212648 0.68525 0.588748 0.478574 0.6514990000000001 
0.889914 0.836099 0.778621 0.771913 0.801983 
0.271446 0.692681 0.247836 0.461509 0.625071 
0.389015 0.5461240000000001 0.251599 0.604622 0.190003 
0.430584 0.599141 0.421532 0.74333 0.164183 
0.8789090000000001 0.830299 0.918706 0.7857769999999999 0.967481 
0.76027 0.697013 0.876476 0.763444 0.583017 
0.802744 0.601422 0.653127 0.685805 0.38706 
0.564621 0.677775 0.812881 0.462782 0.782041 
0.456259 0.38122 0.296431 0.519113 0.81818 
0.387968 0.5730420000000001 0.811393 0.706774 0.792296 
0.702144 0.881481 0.703418 0.8627939999999999 0.81394 
0.84108 0.83286 0.855149 0.878028 0.779674 
0.6063539999999999 0.585564 0.380312 0.626782 0.192341 
0.155975 0.194325 0.138861 0.146053 0.274979 
0.199188 0.163879 0.274898 0.410516 0.24712 
0.481252 0.525262 0.67047 0.188074 0.8332349999999999 
0.258372 0.36254 0.107708 0.512913 0.258502 
0.13254 0.170263 0.144917 0.207645 0.132082 
0.344028 0.445756 0.319091 0.251303 0.238333 
0.139268 0.466801 0.24014 0.256501 0.311231 
0.713411 0.78301 0.7448939999999999 0.808902 0.91024 
0.874417 0.7136209999999999 0.818433 0.684832 0.903892 
0.877619 0.534222 0.48669 0.670477 0.455544 
0.400657 0.587271 0.214226 0.890395 0.275934 
0.365248 0.163083 0.46643 0.335595 0.535675 
0.8193279999999999 0.886423 0.747288 0.8481919999999999 0.797195 
0.624015 0.742527 0.489633 0.76154 0.314283 
0.869385 0.459979 0.65108 0.457142 0.369002 
0.187737 0.41488 0.497133 0.499266 0.45139 
0.655975 0.833392 0.788339 0.57336 0.746482 
0.445522 0.252586 0.469322 0.726146 0.20408 
0.516518 0.681338 0.456275 0.248116 0.662239 
0.128689 0.227592 0.227795 0.085937 0.295241 
0.537586 0.450755 0.785511 0.395498 0.402329 
0.5542550000000001 0.672939 0.936974 0.625678 0.666483 
0.419964 0.346391 0.451042 0.32187 0.801746 
0.505223 0.695555 0.368996 0.416118 0.325752 
0.388894 0.788243 0.447078 0.354946 0.5294720000000001 
0.682979 0.374799 0.725977 0.146558 0.532821 
0.733196 0.430313 0.870628 0.498505 0.47032 
0.777339 0.414865 0.7166 0.486056 0.233785 
0.525004 0.991201 0.470971 0.669275 0.433544 
0.908766 0.49927 0.626327 0.558701 0.600197 
0.883184 0.909844 0.8678439999999999 0.856275 0.87469 
0.712448 0.267504 0.352839 0.310689 0.441294 
0.85855 0.644784 0.690442 0.859336 0.5959179999999999 
0.255123 0.583833 0.302695 0.715722 0.572837 
0.582037 0.59105 0.8921289999999999 0.356922 0.588304 
0.894201 0.481638 0.793326 0.546449 0.5911149999999999 
0.239344 0.5420779999999999 0.07764699999999999 0.5957480000000001 0.427952 
0.248978 0.80241 0.409275 0.456944 0.709373 
0.32213 0.478152 0.403936 0.155619 0.590978 
0.504943 0.20601 0.627823 0.478287 0.669903 
0.51072 0.383572 0.276291 0.624626 0.6048289999999999 
0.276017 0.138472 0.241612 0.372112 0.329932 
0.725247 0.699169 0.599996 0.544006 0.363926 
0.863131 0.418309 0.467195 0.453606  0.461 
0.571508 0.823668 0.65195 0.883094 0.647051 
0.27071 0.68765 0.271318 0.487789 0.34568 
0.611779 0.562109 0.839399 0.35866 0.728031 
0.566699 0.307748 0.526452 0.71868 0.171727 
0.317575 0.670567 0.31218 0.254131 0.579864 
0.205317 0.711362 0.282729 0.517438 0.395598 
0.895285 0.8583460000000001 0.883529 0.8442269999999999 0.88713 
0.41684 0.241697 0.431189 0.323009 0.138361 
0.419878 0.740738 0.249139 0.702815 0.731193 
0.410185 0.327685 0.732733 0.336547 0.806552 
0.195032 0.539589 0.390557 0.429562 0.727019 
0.8089730000000001 0.650486 0.345048 0.547307 0.481198 
0.7021810000000001 0.44054 0.71109 0.721942 0.677845 
0.258918 0.7740089999999999 0.454564 0.7019919999999999 0.327265 
0.391683 0.122547 0.329994 0.203546 0.375226 
0.495516 0.868649 0.684138 0.649154 0.8066449999999999 
0.21611 0.391832 0.5035849999999999 0.486216 0.59639 
0.7915140000000001 0.351521 0.541345 0.417951 0.585457 
0.286524 0.346855 0.234708 0.276727 0.128076 
0.395735 0.556809 0.743304 0.184571 0.443189 
0.133667 0.456546 0.43925 0.217699 0.499583 
0.219828 0.682499 0.541894 0.314672 0.718228 
0.698931 0.38214 0.467627 0.258202 0.646266 
0.5997710000000001  0.619 0.301652 0.8062859999999999 0.604401 
0.107215 0.463175 0.393722 0.310282 0.357883 
0.642998 0.186316 0.563767 0.536398 0.195729 
0.123676 0.438861 0.356175 0.49676 0.471216 
0.081431 0.08456 0.119487 0.066077 0.097632 
0.7678779999999999 0.228757 0.621676 0.353848 0.563052 
0.375701 0.386186 0.68013 0.379809 0.81211 
0.785007 0.32522 0.5299779999999999 0.6022149999999999 0.573292 
0.8205519999999999 0.81252 0.732364 0.9091630000000001 0.623054 
0.633736 0.243002 0.736382 0.43992 0.38966 
0.899327 0.841005 0.862773 0.81889 0.8445279999999999 
0.510769 0.202923 0.708247 0.338941 0.485117 
0.620004 0.40119 0.894506 0.325112 0.680065 
0.560885 0.275314 0.756542 0.533628 0.37684 
0.803297 0.816809 0.8580449999999999 0.882902 0.806439 
0.519721 0.741478 0.319459 0.442089 0.370883 
0.888216 0.386252 0.493529 0.598257 0.46949 
0.515062 0.7567120000000001 0.657883 0.339224 0.683643 
0.332358 0.346452 0.569866 0.184277 0.210779 
0.688561 0.322807 0.363273 0.304024 0.525585 
0.702502 0.550498 0.383709 0.814709 0.346348 
0.262677 0.6993509999999999 0.608604 0.428375 0.578672 
0.726313  0.183 0.727643 0.454301 0.574648 
0.310605 0.045055 0.310614 0.16572 0.210414 
0.225667 0.862001 0.240726 0.632038 0.514499 
