5
246
0.45402 0.5127620000000001 0.323525 0.482794 0.383592 
0.595572 0.561745 0.473192 0.622478 0.581048 
0.314881 0.337902 0.32045 0.383328 0.321792 
0.448903 0.5975009999999999 0.520477 0.474497 0.51056 
0.624295 0.659863 0.567043 0.673501 0.6304650000000001 
0.5827329999999999 0.405032 0.482356 0.476858 0.372561 
0.690697 0.5895629999999999 0.632236 0.589408 0.63034 
0.541295 0.572973 0.606835 0.543891 0.672147 
0.356524 0.387824 0.431809 0.450305 0.329012 
0.431077 0.317114 0.376115 0.357032 0.444094 
0.526914 0.6164539999999999 0.498831 0.465414 0.486649 
0.650613 0.642418 0.651759 0.624762 0.71107 
0.335297 0.352165 0.406419 0.334893 0.439728 
0.581646 0.649728 0.6539700000000001 0.593209 0.6645990000000001 
0.443965 0.35421 0.511718 0.396671 0.370862 
0.4558 0.336544 0.356466 0.363796 0.412122 
0.5028589999999999 0.429355 0.33581 0.506931 0.395089 
0.400096 0.474604 0.354988 0.381146 0.402903 
0.522226 0.661713 0.466286 0.53179 0.507816 
0.500937 0.474827 0.458797 0.384396 0.457771 
0.562929 0.52111 0.447015 0.5364139999999999 0.573939 
0.571417 0.6709039999999999 0.639719 0.631993 0.597567 
0.626505 0.496417 0.6088440000000001 0.451453 0.563088 
0.438189 0.351348 0.332514 0.404543 0.369949 
0.677328 0.548508 0.5742660000000001 0.6315190000000001 0.556376 
0.578688 0.5397729999999999 0.611686 0.5859 0.660315 
0.448213 0.417701 0.5179280000000001 0.514559 0.441946 
0.518966 0.6144810000000001 0.409953 0.559678 0.5189550000000001 
0.655431 0.550769 0.653484 0.557247 0.557049 
0.433961 0.460888 0.427679 0.400673 0.346624 
0.33087 0.432742 0.332599 0.375742 0.345541 
0.343865 0.421266 0.480429 0.411682 0.490117 
0.634791 0.555955 0.47463 0.558836 0.463061 
0.421197 0.454614 0.371836 0.511517 0.357118 
0.51066 0.403406 0.395448 0.407855 0.475746 
0.541583 0.6323839999999999 0.520512 0.666111 0.495231 
0.36833 0.483702 0.35393 0.491885 0.41271 
0.494976 0.49937 0.488724 0.395696 0.523415 
0.491569 0.521656 0.554837 0.614557 0.50324 
0.467554 0.418054 0.339202 0.413626 0.387675 
0.592794 0.601652 0.511313 0.673118 0.5896169999999999 
0.519385 0.641828 0.566267 0.661782 0.540457 
0.588174 0.593472 0.517083 0.577593 0.643911 
0.326804 0.320979 0.288363 0.359287 0.319705 
0.650332 0.589822 0.56094 0.507061 0.585638 
0.59066 0.466857 0.62131 0.494188 0.465626 
0.400558 0.572638 0.437162 0.569361 0.503315 
0.511459 0.535591 0.632725 0.568544 0.499574 
0.321926 0.387033 0.393463 0.32302 0.365852 
0.495922 0.687154 0.5294140000000001 0.576045 0.609383 
0.414147 0.456135 0.332242 0.47752 0.409288 
0.460084 0.570341 0.3733 0.557429 0.470018 
0.383494 0.545575 0.545623 0.500443 0.509101 
0.530758 0.47949 0.542174 0.494543 0.623587 
0.386762 0.295677 0.333289 0.341895 0.326851 
0.6707920000000001 0.641752 0.671997 0.684682 0.677154 
0.366367 0.432582 0.510886 0.455903 0.5326379999999999 
0.445406 0.374945 0.321132 0.400889 0.34518 
0.613633 0.710028 0.641799 0.674504 0.657121 
0.42619 0.474252 0.344952 0.444137 0.482902 
0.489855 0.48741 0.5820070000000001 0.459604 0.625598 
0.479814 0.33504 0.465725 0.354235 0.401137 
0.3205 0.407413 0.348408 0.369688 0.385058 
0.52176 0.519743 0.442937 0.416069 0.476964 
0.45745 0.352116 0.498015 0.411571 0.341884 
0.61431 0.535577 0.5563439999999999 0.62016 0.611052 
0.451178 0.570598 0.5132679999999999 0.465926 0.425421 
0.566242 0.511575 0.660467 0.491111 0.5776250000000001 
0.372646 0.295396 0.386916 0.359805 0.42515 
0.561511 0.668193 0.572356 0.6808959999999999 0.547515 
0.415242 0.361182 0.416818 0.434345 0.30581 
0.543137 0.433182 0.620279 0.431688 0.479985 
0.690875 0.565983 0.6435419999999999 0.562887 0.599897 
0.536086 0.664256 0.464774 0.548123 0.570716 
0.494818 0.653054 0.462172 0.493352 0.526114 
0.645875 0.499315 0.606415 0.522176 0.592063 
0.419662 0.339435 0.459814 0.451594 0.386468 
0.420254 0.633441 0.523787 0.540755 0.569845 
0.387126 0.333374 0.454049 0.362203 0.434867 
0.50424 0.6057169999999999 0.514319 0.569746 0.641833 
0.675161 0.474776 0.5806559999999999 0.543188 0.499278 
0.653201 0.617596 0.519096 0.582252 0.605606 
0.559178 0.668398 0.521279 0.6354340000000001 0.537659 
0.550625 0.416969 0.387343 0.513172 0.452425 
0.5503 0.673157 0.488794 0.606359 0.563204 
0.348868 0.376981 0.395356 0.444027 0.423761 
0.47042 0.343135 0.485335 0.353208 0.417066 
0.5555020000000001 0.426484 0.562024 0.541723 0.54797 
0.523194 0.514946 0.626129 0.585703 0.623129 
0.566082 0.500262 0.58053 0.433263 0.465117 
0.607953 0.458076 0.530033 0.55635 0.41545 
0.450052 0.350445 0.534635 0.441014 0.496997 
0.6792820000000001 0.6064929999999999 0.692227 0.562482 0.649373 
0.334243 0.438995 0.355336 0.367502 0.349873 
0.459953 0.5376300000000001 0.364123 0.45913 0.421619 
0.637162 0.657938 0.608422 0.640379 0.570076 
0.463068 0.525729 0.55457 0.602751 0.565893 
0.659965 0.62214 0.5540580000000001 0.570435 0.593152 
0.484633 0.320087 0.490853 0.417851 0.445487 
0.597066 0.5051870000000001 0.585651 0.626465 0.548037 
0.618511 0.564241 0.500255 0.521085 0.465189 
0.316679 0.317058 0.318533 0.331437 0.304547 
0.532345 0.471995 0.362922 0.508019 0.376191 
0.55802 0.394533 0.4713 0.524887 0.425624 
0.673241 0.653193 0.654065 0.688584 0.6017709999999999 
0.488812 0.581371 0.575578 0.470546 0.549022 
0.36344 0.357104 0.409853 0.432082 0.331047 
0.682339 0.639769 0.664794 0.651755 0.682776 
0.497401 0.662139 0.6048750000000001 0.606841 0.628124 
0.587002 0.499814 0.664405 0.470079 0.574523 
0.451065 0.544841 0.408483 0.558692 0.520822 
0.637459 0.667737 0.6426809999999999 0.590773 0.595354 
0.528877 0.689321 0.5414949999999999 0.6531979999999999 0.5560619999999999 
0.664245 0.520273 0.610935 0.50953 0.582948 
0.44238 0.5984159999999999 0.464969 0.485023 0.587948 
0.350905 0.300671 0.372755 0.287803 0.372731 
0.495832 0.459623 0.570122 0.387718 0.503119 
0.507138 0.533442 0.545053 0.612011 0.598614 
0.528715 0.491209 0.373343 0.453859 0.407964 
0.387178 0.38741 0.362264 0.45828 0.348719 
0.400085 0.550992 0.42201 0.563648 0.493843 
0.313661 0.425262 0.440822 0.428028 0.463086 
0.572627 0.467843 0.46709 0.5960800000000001 0.474451 
0.691473 0.657269 0.601278 0.636196 0.626989 
0.502453 0.609926 0.517685 0.492307 0.636151 
0.604583 0.568276 0.585588 0.495827 0.457487 
0.561557 0.408582 0.400411 0.502893 0.359536 
0.504506 0.407989 0.376987 0.469985 0.472446 
0.335697 0.398243 0.350272 0.374613 0.323646 
0.535317 0.5993309999999999 0.473864 0.6188630000000001 0.43257 
0.549185 0.409051 0.5774860000000001 0.399441 0.490554 
0.564515 0.673685 0.594149 0.541002 0.573793 
0.405154 0.567693 0.405677 0.563388 0.475841 
0.604742 0.460709 0.537504 0.524721 0.573111 
0.512783 0.539705 0.640841 0.5303949999999999 0.553596 
0.482446 0.409086 0.481091 0.34517 0.510507 
0.447221 0.579167 0.414425 0.537705 0.416992 
0.359492 0.402877 0.488222 0.443289 0.397387 
0.322946 0.308021 0.386559 0.357322 0.388283 
0.5049169999999999 0.410856 0.594027 0.462786 0.556262 
0.444184 0.546212 0.367762 0.515278 0.367049 
0.474092 0.467028 0.365269 0.437883 0.332311 
0.5407999999999999 0.37736 0.445489 0.405655 0.459595 
0.467904 0.466524 0.432738 0.371452 0.468482 
0.627045 0.557307 0.629292 0.6609120000000001 0.55271 
0.527668 0.481332 0.435207 0.441341 0.518186 
0.373865 0.336906 0.413075 0.427306 0.370203 
0.626086 0.525494 0.463331 0.578196 0.466378 
0.592982 0.566156 0.637046 0.58979 0.672668 
0.482507 0.529074 0.402555 0.409556 0.453598 
0.393597 0.479921 0.37897 0.531541 0.503969 
0.648863 0.596949 0.638809 0.517429 0.629179 
0.61293 0.455759 0.5148430000000001 0.547556 0.533042 
0.443169 0.459337 0.380429 0.549733 0.422526 
0.34952 0.394975 0.299329 0.330733 0.356925 
0.66703 0.593557 0.52839 0.558016 0.531132 
0.698923 0.53986 0.571399 0.563345 0.588717 
0.597141 0.477981 0.592391 0.619634 0.486009 
0.550272 0.387682 0.432508 0.437198 0.467314 
0.635211 0.515551 0.638002 0.610691 0.59588 
0.59979 0.54715 0.683239 0.566465 0.612588 
0.691369 0.627038 0.585225 0.63514 0.622528 
0.351354 0.342202 0.336801 0.361976 0.288172 
0.559442 0.640933 0.679986 0.554837 0.590137 
0.388937 0.464982 0.413155 0.356247 0.375151 
0.489689 0.483379 0.361193 0.5019670000000001 0.356033 
0.688398 0.670419 0.632509 0.692752 0.668315 
0.587721 0.421966 0.6044890000000001 0.563113 0.496287 
0.493615 0.578824 0.600702 0.492168 0.63451 
0.5513749999999999 0.379109 0.489893 0.488604 0.474044 
0.456695 0.429394 0.465437 0.445121 0.327773 
0.451933 0.347855 0.432806 0.372478 0.483221 
0.323553 0.479247 0.380951 0.397628 0.474618 
0.491166 0.613702 0.608344 0.529477 0.62255 
0.565943 0.396388 0.501213 0.504757 0.412709 
0.300259 0.318267 0.366198 0.324733 0.349363 
0.636619 0.615848 0.655341 0.639826 0.582121 
0.572208 0.521295 0.594311 0.43522 0.581884 
0.644879 0.594378 0.6629620000000001 0.602611 0.684318 
0.466835 0.486683 0.344763 0.494156 0.454131 
0.611381 0.561115 0.612617 0.484668 0.525819 
0.435795 0.299913 0.391101 0.420855 0.358256 
0.481107 0.458645 0.382981 0.5693049999999999 0.435976 
0.606459 0.577294 0.5185149999999999 0.62523 0.61731 
0.359646 0.336573 0.387693 0.339753 0.435126 
0.366923 0.391194 0.402356 0.442953 0.494802 
0.603984 0.631687 0.665194 0.678492 0.67938 
0.617618 0.493973 0.651274 0.57798 0.567832 
0.5229279999999999 0.591168 0.562813 0.653712 0.49329 
0.589379 0.644353 0.535243 0.580862 0.655079 
0.400168 0.495803 0.371841 0.5201750000000001 0.372452 
0.565981 0.662623 0.533523 0.54178 0.611074 
0.428811 0.296102 0.400189 0.35397 0.369744 
0.394218 0.38177 0.444584 0.370953 0.514675 
0.329068 0.383544 0.414882 0.341029 0.359078 
0.333004 0.398358 0.428648 0.452813 0.411851 
0.46674 0.618716 0.583765 0.524379 0.567424 
0.395828 0.403307 0.392607 0.515194 0.435449 
0.52051 0.479892 0.477241 0.617174 0.461441 
0.545078 0.361222 0.421901 0.4508 0.412582 
0.38829 0.313607 0.417493 0.308995 0.414585 
0.5281169999999999 0.433951 0.547329 0.493579 0.367538 
0.444215 0.5413480000000001 0.438504 0.447341 0.381467 
0.624847 0.452184 0.610811 0.463513 0.502429 
0.555646 0.462227 0.383659 0.469083 0.43987 
0.591836 0.605834 0.60485 0.546519 0.711247 
0.450067 0.355155 0.483116 0.432965 0.331614 
0.426733 0.38948 0.445442 0.48719 0.320041 
0.347244 0.397724 0.362141 0.455595 0.393336 
0.368911 0.429259 0.433859 0.381185 0.518129 
0.601004 0.661711 0.494005 0.5762389999999999 0.575414 
0.640305 0.629867 0.503264 0.656367 0.549445 
0.55992 0.601271 0.482704 0.650986 0.480582 
0.354739 0.40893 0.353967 0.321367 0.431169 
0.509005 0.421737 0.414087 0.404388 0.347385 
0.497132 0.412783 0.577654 0.426122 0.536407 
0.5499270000000001 0.6151799999999999 0.614227 0.492773 0.598896 
0.497485 0.479627 0.497347 0.60803 0.52001 
0.56264  0.678 0.574169 0.63964 0.534146 
0.421565 0.319315 0.454268 0.338035 0.373964 
0.548382 0.686591 0.58921 0.606973 0.660041 
0.648044 0.5620540000000001 0.579356 0.513087 0.612449 
0.384933 0.499005 0.560857 0.448663 0.5654130000000001 
0.368401 0.522932 0.368923 0.484165 0.469913 
0.337419 0.41345 0.326493 0.427737 0.41978 
0.386102 0.434308 0.380814 0.515866 0.452566 
0.391861 0.531266 0.467046 0.4128 0.502281 
0.343049 0.416315 0.386431 0.401456 0.486095 
0.477544 0.449719 0.581975 0.514671 0.603352 
0.55764 0.370374 0.50134 0.400899 0.41729 
0.316032 0.354698 0.375364 0.331069 0.384587 
0.388723 0.400819 0.456098 0.408614 0.339107 
0.386498 0.397017 0.46228 0.346422 0.381153 
0.409051 0.560931 0.546038 0.482331 0.559524 
0.6414609999999999 0.531631 0.5587029999999999 0.507414 0.616121 
0.397166 0.363788 0.430677 0.314899 0.367875 
0.460933 0.497061 0.408339 0.544092 0.533263 
0.451109 0.567716 0.403198 0.500548 0.549545 
0.426966 0.551433 0.442539 0.43038 0.423883 
0.362392 0.52394 0.428196 0.524497 0.482907 
0.664399 0.554504 0.577588 0.658914 0.499531 
0.564672 0.553975 0.536934 0.677229 0.483108 
0.551079 0.512567 0.525327 0.638578 0.574722 
0.445678 0.618865 0.524027 0.544504 0.602015 
0.535968 0.484982 0.378641 0.509072 0.504484 
0.506535 0.369668 0.494402 0.346099 0.475526 
