5
208
0.85914 0.716704 0.909953 0.80608 0.716543 
0.310649 0.267299 0.6405189999999999 0.166064 0.409793 
0.623574 0.191665 0.341022 0.623312 0.24508 
0.08884300000000001 0.198648 0.08143499999999999 0.193597 0.091644 
0.427931 0.439977 0.430094 0.712593 0.23965 
0.879739 0.73916 0.847768 0.69691 0.76244 
0.484543 0.428942 0.791888 0.307123 0.7169410000000001 
0.897767 0.673598 0.762821 0.784238 0.615445 
0.7178020000000001 0.06877999999999999 0.505497 0.540328 0.526937 
0.20586 0.6525879999999999 0.270435 0.387967 0.6743479999999999 
0.111032 0.298595 0.264487 0.391134 0.317173 
0.563303 0.637562 0.256009 0.407531 0.392327 
0.390788 0.291052 0.625957 0.154863 0.365298 
0.239093 0.306441 0.544875 0.321734 0.542645 
0.227634 0.15785 0.445901 0.397025 0.303304 
0.599953 0.297858 0.351793 0.825944 0.3709 
0.724997 0.441424 0.6564449999999999 0.562459 0.265564 
0.822229 0.370732 0.597954 0.632971 0.469954 
0.485038 0.338113 0.346033 0.173091 0.510275 
0.773075 0.490474 0.755521 0.687065 0.7719279999999999 
0.439359 0.437897 0.641362 0.462209 0.223319 
0.689674 0.60173 0.735109 0.686737 0.336742 
0.731291 0.182753 0.492403 0.464729 0.360461 
0.8277870000000001 0.889994 0.873435 0.865764 0.86168 
0.615878 0.516936 0.859951 0.493819 0.514271 
0.738734 0.423273 0.658796 0.703691 0.320911 
0.568113 0.556791 0.784224 0.7263500000000001 0.496023 
0.663664 0.537016 0.788396 0.773321 0.590231 
0.511119 0.307689 0.271447 0.616941 0.179933 
0.255225 0.488333 0.323053 0.553527 0.595533 
0.681318 0.787235 0.7164779999999999 0.633601 0.493614 
0.342116 0.640667 0.146224 0.752659 0.318228 
0.250948 0.526537 0.6352100000000001 0.178785 0.476057 
0.5655210000000001 0.637245 0.346972 0.38105 0.775511 
0.895385 0.841132 0.867066 0.845793 0.874198 
0.627116 0.436492 0.313735 0.6533330000000001 0.625441 
0.220267 0.612371 0.370677 0.663161 0.316076 
0.684814 0.128734 0.723042 0.6322719999999999 0.358616 
0.269507 0.424437 0.672515 0.269808 0.488942 
0.494463 0.311675 0.806275 0.29669 0.458044 
0.544606 0.671839 0.190464 0.85449 0.44198 
0.6386810000000001 0.466042 0.380144 0.197073 0.555992 
0.752767 0.597777 0.312833 0.697994 0.419321 
0.755626 0.6212530000000001 0.534674 0.794654 0.353053 
0.552032 0.086164 0.428434 0.40266 0.312728 
0.65691 0.346428 0.611398 0.516804 0.165915 
0.429269 0.441574 0.6652709999999999 0.698113 0.408061 
0.322887 0.688146 0.319908 0.678202 0.666844 
0.77215 0.751089 0.866547 0.538413 0.733688 
0.319935 0.167866 0.48795 0.304191 0.266593 
0.747871 0.240461 0.605135 0.214457 0.511798 
0.297628 0.249672 0.394371 0.184088 0.494816 
0.635225 0.231622 0.389972 0.373499 0.301378 
0.28404 0.417824 0.588768 0.139481 0.596566 
0.442648 0.632593 0.399955 0.5330589999999999 0.212459 
0.077872 0.123615 0.135688 0.136772 0.169547 
0.370953 0.499273 0.188363 0.420109 0.619982 
0.532726 0.497903 0.37732 0.400831 0.740848 
0.729312 0.730734 0.5042 0.440633 0.564387 
0.561531 0.750237 0.49008 0.257336 0.732165 
0.249391 0.308667 0.384439 0.126555 0.306423 
0.479803 0.62213 0.708769 0.648514 0.364967 
0.548934 0.501475 0.336865 0.201422 0.161164 
0.252495 0.6185310000000001 0.198541 0.282736 0.716004 
0.674766 0.472248 0.753054 0.201998 0.63727 
0.692206 0.8514890000000001 0.816093 0.787178 0.731566 
0.673847 0.69939 0.329411 0.656818 0.632371 
0.246778 0.491825 0.6873860000000001 0.186653 0.778915 
0.450963 0.82602 0.390328 0.568616 0.385924 
0.486184 0.332927 0.345705 0.781579 0.343962 
0.462856 0.874583 0.273732 0.345807 0.597827 
0.80347 0.436381 0.7894060000000001 0.6904400000000001 0.502726 
0.491662 0.745434 0.655984 0.647328 0.891856 
0.527705 0.268404 0.225153 0.545285 0.239211 
0.81664 0.503867 0.365058 0.685258 0.323831 
0.807829 0.630785 0.856922 0.796126 0.790377 
0.184308 0.200794 0.224682 0.119614 0.154215 
0.275919 0.853868 0.36906 0.677536 0.6406539999999999 
0.555866 0.36884 0.184615 0.503333 0.449882 
0.170093 0.450227 0.311308 0.191694 0.482916 
0.134611 0.471414 0.272075 0.392332 0.327048 
0.711307 0.9126880000000001 0.6748690000000001 0.716521 0.719341 
0.185936 0.621719 0.578342 0.367095 0.46721 
0.176469 0.29451 0.139664 0.175108 0.298123 
0.777022 0.782599 0.602703 0.879876 0.602575 
0.524346 0.269848 0.459089 0.224234 0.5829 
0.208022 0.421989 0.093844 0.446027 0.300112 
0.42176 0.830763 0.459676 0.253767 0.386125 
0.651994 0.371734 0.605101 0.528577 0.136593 
0.244666 0.266225 0.244316 0.224858 0.12521 
0.218368 0.259211 0.135004 0.174474 0.27603 
0.5594209999999999 0.358714 0.328296 0.5233100000000001 0.088213 
0.723221 0.808226 0.861478 0.792445 0.892582 
0.781209 0.502136 0.654664 0.810541 0.543699 
0.7649010000000001 0.818551 0.758359 0.867286 0.85038 
0.171043 0.122438 0.149892 0.116354 0.115369 
0.591637 0.944565 0.734115 0.729364 0.796933 
0.814393 0.884988 0.755262 0.902901 0.8531530000000001 
0.296078 0.580152 0.567576 0.631599 0.73625 
0.378704 0.427931 0.428696 0.566063 0.196159 
0.393175 0.7138910000000001 0.445879 0.854481 0.573946 
0.375703 0.313976 0.879851 0.445447 0.501617 
0.291045 0.389346 0.419108 0.6309129999999999 0.31018 
0.635811 0.460522 0.652424 0.497277 0.800658 
0.427422 0.775514 0.387403 0.409296 0.744237 
0.581993 0.53333 0.5731540000000001 0.196867 0.831209 
0.312197 0.469371 0.775959 0.424262 0.530092 
0.240457 0.510072 0.438838 0.598623 0.564811 
0.29717 0.784065 0.391181 0.512966 0.430822 
0.446865 0.601849 0.663072 0.740401  0.531 
0.863005 0.467343 0.6982969999999999 0.407633 0.558549 
0.743287 0.554925 0.446866 0.641193 0.236656 
0.834937 0.88753 0.766999 0.8605429999999999 0.9075029999999999 
0.377819 0.481036 0.385873 0.797691 0.301759 
0.920661 0.690095 0.777789 0.777085 0.655846 
0.285744 0.347576 0.485507 0.582649 0.288723 
0.853186 0.914118 0.811095 0.860413 0.810924 
0.106509 0.505983 0.202199 0.28593 0.481817 
0.882506 0.7331839999999999 0.7378479999999999 0.732838 0.775626 
0.106095 0.158936 0.130591 0.182885 0.109528 
0.2271 0.929562 0.355252 0.598062 0.659989 
0.565662 0.604701 0.295888 0.928324 0.428192 
0.325155 0.130661 0.251339 0.249521 0.348769 
0.666609 0.828232 0.750038 0.602786 0.8429140000000001 
0.324245 0.147268 0.211178 0.300646 0.082649 
0.5267539999999999 0.331518 0.665045 0.29883 0.67789 
0.844728 0.38161 0.735981 0.396659 0.397382 
0.805677 0.263759 0.634587 0.529599 0.430475 
0.255479 0.127509 0.194828 0.169528 0.194576 
0.562001 0.312148 0.395143 0.299506 0.202615 
0.116676 0.162441 0.161255 0.125455 0.136175 
0.814594 0.935804 0.83371 0.898386 0.849055 
0.23937 0.103959 0.214635 0.215486 0.119947 
0.184916 0.134149 0.350984 0.159976 0.263197 
0.345956 0.605217 0.706357 0.123562 0.736654 
0.537133 0.612066 0.6329979999999999 0.226557 0.357658 
0.688199 0.714112 0.672966 0.7881280000000001 0.439657 
0.756664 0.630335 0.784352 0.538991 0.814901 
0.758485 0.403907 0.446137 0.592005 0.522555 
0.36285 0.351074 0.39014 0.31127 0.6306389999999999 
0.730573 0.714777 0.6557269999999999 0.965434 0.634755 
0.460719 0.361772 0.476048 0.832144 0.417213 
0.67754 0.575562 0.306054 0.504298 0.570689 
0.863538 0.819573 0.734977 0.871229 0.741749 
0.391478 0.388635 0.155459 0.6089329999999999 0.386779 
0.737531 0.4536 0.300267 0.5123799999999999 0.301544 
0.559891 0.332573 0.208965 0.582302 0.22192 
0.7593299999999999 0.649845 0.683831 0.430316 0.550304 
0.437413 0.395817 0.445169 0.643774 0.731584 
0.788416 0.446095 0.568573 0.2377 0.6187510000000001 
0.875185 0.688626 0.708767 0.910431 0.81909 
0.82333 0.404547 0.743747 0.603932 0.490861 
0.306515 0.24916 0.20157 0.197293 0.363068 
0.751348 0.460144 0.854043 0.526281 0.55033 
0.42265 0.226498 0.198193 0.326147 0.163239 
0.377258 0.260719 0.218651 0.43719 0.434243 
0.482346 0.29465 0.159577 0.430352 0.201087 
0.779716 0.356667 0.687011 0.271011 0.498627 
0.262897 0.564064 0.57273 0.573033 0.32682 
0.520814 0.168598 0.39473 0.555675 0.225497 
0.296759 0.566318 0.621559 0.665469 0.598836 
0.566293 0.468303 0.238962 0.801886 0.296498 
0.7009570000000001 0.500485 0.668508 0.896136 0.656297 
0.303611 0.408645 0.253876 0.243877 0.140616 
0.626991 0.389815 0.271258 0.367386 0.502439 
0.705982 0.627462 0.804054 0.623577 0.835163 
0.260326 0.14168 0.149461 0.1769 0.182021 
0.186648 0.383382 0.437882 0.299589 0.574718 
0.833515 0.56808 0.59007 0.533168 0.419354 
0.474447 0.681178 0.317282 0.764805 0.27802 
0.657106 0.358826 0.590746 0.190023 0.437893 
0.422111 0.600651 0.806149 0.622673 0.719641 
0.718361 0.412036 0.474072 0.656362 0.178695 
0.326422 0.79736 0.640561 0.550881  0.476 
0.501782 0.834284 0.371559 0.496102 0.702264 
0.545502 0.704686 0.143898 0.7049 0.315542 
0.477395 0.407916 0.230207 0.286047 0.308601 
0.292931 0.111328 0.144027 0.263508 0.12087 
0.637001 0.850268 0.782094 0.679514 0.850866 
0.344907 0.274614 0.523604 0.645364 0.7385969999999999 
0.40107 0.323168 0.704721 0.202013 0.617441 
0.264833 0.82489 0.204521 0.475747 0.491134 
0.270861 0.802849 0.387176 0.467685 0.495057 
0.541636 0.311953 0.517499 0.381466 0.68704 
0.731264 0.805577 0.753904 0.6312489999999999 0.8818589999999999 
0.329724 0.684156 0.464116 0.599032 0.819725 
0.6100449999999999 0.495472 0.376034 0.602588 0.109428 
0.499392 0.451984 0.272962 0.601523 0.152881 
0.666471 0.499407 0.585803 0.775614 0.209928 
0.529348 0.314133 0.287654 0.400773 0.538359 
0.453981 0.586188 0.470514 0.433938 0.8055099999999999 
0.441857 0.724006 0.849569 0.435046 0.724576 
0.866422 0.81197 0.841013 0.7699510000000001 0.777336 
0.414017 0.632343 0.552561 0.419423 0.847455 
0.273426 0.424336 0.306663 0.188046 0.208512 
0.479529 0.554829 0.669284 0.68002 0.81572 
0.140432 0.562422 0.46958 0.398425 0.511084 
0.280333 0.409183 0.679355 0.27713 0.43804 
0.496846 0.815219 0.196431 0.612757 0.5573 
0.197463 0.455422 0.5062759999999999 0.485367 0.539477 
0.474183 0.44482 0.904457 0.321037 0.674995 
0.888704 0.585544 0.703493 0.717229 0.595626 
0.34188 0.60371 0.76414 0.368799 0.723437 
0.306353 0.550808 0.674677 0.618825 0.491342 
0.631902 0.403632 0.699943 0.25875 0.296547 
0.493572 0.360118 0.60158 0.416407 0.770047 
0.132877 0.190213 0.17757 0.099745 0.211566 
0.689801 0.691117 0.756725 0.462896 0.381154 
