5
38
0.472319 0.526318 0.446184 0.487069 0.471576 
0.419812 0.424907 0.490226 0.43594 0.479727 
0.461263 0.457403 0.40735 0.419053 0.46028 
0.401747 0.416907 0.43887 0.456297 0.439031 
0.482574 0.519694 0.414662 0.490767 0.409037 
0.364828 0.391831 0.35535 0.418199 0.396519 
0.574775 0.564496 0.5538380000000001 0.556685 0.598912 
0.435683 0.441586 0.523241 0.441832 0.478962 
0.519401 0.458211 0.548863 0.503884 0.473929 
0.450801 0.453994 0.449155 0.477276 0.502315 
0.606716 0.594892 0.576496 0.581404 0.561165 
0.406896 0.471425 0.393789 0.425886 0.41374 
0.552968 0.607984 0.537153 0.574555 0.601741 
0.452557 0.423206 0.491474 0.403826 0.473216 
0.552202 0.481579 0.515979 0.5373559999999999 0.5397420000000001 
0.54152 0.461913 0.506562 0.448184 0.43718 
0.417194 0.5074340000000001 0.442636 0.494428 0.42882 
0.467932 0.477488 0.402765 0.50963 0.408402 
0.491919 0.467323 0.481419 0.547575 0.461085 
0.540948 0.543255 0.593119 0.572495 0.580958 
0.565607 0.525613 0.502641 0.487102 0.487396 
0.489386 0.528948 0.501358 0.50674 0.429555 
0.5600619999999999 0.510477 0.512622 0.470522 0.466377 
0.401725 0.39357 0.401877 0.4166 0.370107 
0.388436 0.406318 0.421937 0.425781 0.380583 
0.598824 0.604662 0.626925 0.564361 0.560868 
0.517371 0.515021 0.481433 0.559434 0.489591 
0.461883 0.390993 0.397538 0.430552 0.372392 
0.573968 0.522266 0.553836 0.495848 0.5744320000000001 
0.490248 0.412991 0.479556 0.440016 0.413995 
0.462202 0.495967 0.391758 0.497571 0.479834 
0.424372 0.44062 0.411225 0.387282 0.383963 
0.467577 0.410228 0.430039 0.415485 0.381913 
0.453181 0.478117 0.449439 0.485915 0.402054 
0.487885 0.427528 0.450934 0.416685 0.402685 
0.511782 0.571986 0.597314 0.569528 0.597263 
0.477842 0.440034 0.474895 0.482951 0.407457 
0.482676 0.367692 0.400701 0.425044 0.391478 
