5
208
0.391995 0.503795 0.54581 0.723921 0.487575 
0.737035 0.665102 0.562428 0.6474259999999999 0.366151 
0.257185 0.550426 0.382207 0.693253 0.274952 
0.615112 0.792332 0.628193 0.66872 0.5092179999999999 
0.204006 0.225171 0.120748 0.246651 0.151988 
0.35448 0.7557120000000001 0.434252 0.812176 0.508614 
0.707476 0.839473 0.796494 0.800212 0.814839 
0.37827 0.675311 0.636778 0.611885 0.485612 
0.554875 0.209294 0.327589 0.446354 0.305603 
0.313708 0.516893 0.177842 0.582835 0.55752 
0.373125 0.345158 0.296133 0.449327 0.08150499999999999 
0.265057 0.709531 0.24873 0.50009 0.469225 
0.8580140000000001 0.848392 0.87737 0.853958 0.835608 
0.641562 0.876616 0.641658 0.640006 0.754034 
0.595214 0.694491 0.78243 0.757526 0.715638 
0.291951 0.450703 0.603507 0.455327 0.696451 
0.143053 0.151434 0.146476 0.063833 0.16113 
0.5933580000000001 0.561924 0.718693 0.560872 0.8347329999999999 
0.55364 0.44333 0.221853 0.40531 0.34836 
0.472674 0.257635 0.60346 0.365719 0.713191 
0.602288 0.769019 0.343902 0.759054 0.45555 
0.2203 0.121249 0.296423 0.134409 0.174088 
0.580449 0.32374 0.7135590000000001 0.250495 0.457816 
0.81249 0.768832 0.912614 0.751063 0.906922 
0.329669 0.715736 0.637381 0.270831 0.678106 
0.482315 0.39563 0.442657 0.289205 0.652426 
0.416825 0.228514 0.517655 0.497667 0.522375 
0.608192 0.322099 0.7495849999999999 0.4174 0.440862 
0.354679 0.764854 0.193141 0.534131 0.43403 
0.359111 0.717106 0.61355 0.497817 0.575214 
0.380821 0.492449 0.698603 0.274972 0.708023 
0.453578 0.785833 0.368641 0.702144 0.698595 
0.84609 0.649359 0.772251 0.733183 0.547942 
0.519894 0.307225 0.6209519999999999 0.638946 0.303111 
0.39825 0.645926 0.398528 0.442047 0.695762 
0.420154 0.636271 0.269185 0.625407 0.710467 
0.557631 0.826604 0.599961 0.859584 0.602773 
0.314258 0.292052 0.589889 0.447716 0.628318 
0.568255 0.701682 0.499242 0.861741 0.653281 
0.655485 0.46024 0.811951 0.427937 0.589481 
0.69506 0.815988 0.751695 0.8834109999999999 0.734421 
0.272437 0.365127 0.233259 0.515408 0.327687 
0.318312 0.544017 0.292852 0.541751 0.24083 
0.215685 0.319501 0.110589 0.242007 0.303519 
0.345939 0.344363 0.705385 0.562352 0.325236 
0.721642 0.633915 0.825218 0.787723 0.683383 
0.619828 0.42984 0.633543 0.912308 0.522824 
0.443121 0.261212 0.282873 0.520355 0.221801 
0.358467 0.384785 0.162118 0.564291 0.422453 
0.496705 0.301923 0.789869 0.372726 0.642346 
0.571914 0.766644  0.494 0.263282 0.393668 
0.879897 0.467138 0.540158 0.700803 0.354471 
0.256422 0.62821 0.316163 0.572883 0.597977 
0.669901 0.459019 0.296701 0.76976 0.516223 
0.320231 0.153377 0.359202 0.313777 0.261342 
0.447489 0.679001 0.755953 0.396651 0.667695 
0.357564 0.72237 0.404369 0.543583 0.711152 
0.234936 0.334001 0.40466 0.494972 0.293859 
0.441562 0.7412260000000001 0.616778 0.622796 0.85545 
0.676529 0.780568 0.449028 0.6296119999999999 0.419499 
0.553984 0.43721 0.155776 0.62996 0.442124 
0.751631 0.726665 0.784045 0.865606 0.781321 
0.396995 0.7607350000000001 0.490312 0.271923 0.577057 
0.261829 0.5032990000000001 0.652971 0.503064 0.427161 
0.206422 0.201407 0.388071 0.345958 0.328724 
0.440097 0.737061 0.31969 0.593294 0.400109 
0.655984 0.654931 0.462474 0.513632 0.749488 
0.196655 0.252381 0.253615 0.183072 0.378793 
0.288125 0.255291 0.3957 0.354224 0.179597 
0.538436 0.634382 0.701641 0.469186 0.836213 
0.282218 0.43819 0.554802 0.51508 0.6918530000000001 
0.306413 0.550082 0.369149 0.7113969999999999 0.6029060000000001 
0.180577 0.472888 0.534629 0.428623 0.594464 
0.419145 0.221091 0.7440290000000001 0.477763 0.574549 
0.35592 0.324043 0.189374 0.371069 0.458986 
0.400874 0.306161 0.260775 0.5012450000000001 0.124257 
0.700319 0.712657 0.757595 0.682956 0.892193 
0.604395 0.683321 0.476669 0.8799940000000001 0.617364 
0.70291 0.310374 0.277703 0.709544 0.288022 
0.506092 0.767436 0.817948 0.593031 0.696994 
0.134731 0.271602 0.173434 0.181272 0.146619 
0.429938 0.156009 0.490939 0.385129 0.282754 
0.581641 0.681972 0.702861 0.412654 0.78933 
0.849714 0.623405 0.662486 0.634769 0.775963 
0.732044 0.651603 0.640381 0.390393 0.439064 
0.563565 0.286893 0.259166 0.504992 0.0832 
0.747417 0.825829 0.595448 0.695148 0.780301 
0.417738 0.7081460000000001 0.527566 0.5472359999999999 0.850811 
0.361847 0.366798 0.259586 0.597643 0.36298 
0.327077 0.391419 0.2011 0.323412 0.534876 
0.749223 0.345045 0.390996 0.441394 0.545098 
0.5510389999999999 0.186127 0.5938560000000001 0.365513 0.459415 
0.465279 0.601234 0.5390239999999999 0.779469 0.689663 
0.141427 0.097472 0.184927 0.073172 0.155172 
0.538555 0.380881 0.42906 0.143112 0.364033 
0.764366 0.842749 0.757343 0.741229 0.8669790000000001 
0.452091 0.18104 0.412421 0.419191 0.222781 
0.605201 0.218182 0.400835 0.488283 0.315427 
0.792113 0.789614 0.439536 0.689473 0.533847 
0.379942 0.649526 0.119716 0.684171 0.437858 
0.3176 0.515882 0.23448 0.691188 0.522199 
0.87752 0.885985 0.748158 0.871471 0.758382 
0.519948 0.6104850000000001 0.572557 0.363947 0.806029 
0.423698 0.457359 0.735189 0.157553 0.676782 
0.5813390000000001 0.327657 0.742488 0.251359 0.525466 
0.310003 0.521614 0.643115 0.227055 0.602535 
0.119681 0.276241 0.155426 0.242079 0.242034 
0.279972 0.349798 0.293594 0.173388 0.46291 
0.785561 0.495079 0.774663 0.671939 0.667924 
0.149746 0.615855 0.468878 0.353199 0.783447 
0.609561 0.742398 0.389235 0.469055 0.420759 
0.620263 0.377077 0.232004 0.28546 0.402681 
0.910805 0.835682 0.8570410000000001 0.8061120000000001 0.893102 
0.394266 0.7214699999999999 0.619323 0.676244 0.763169 
0.606668 0.504814 0.313323 0.631738 0.243368 
0.51977 0.723114 0.185596 0.735573 0.612766 
0.759562 0.419091 0.388013 0.497822 0.34895 
0.355509 0.38852 0.359652 0.181106 0.5172099999999999 
0.514389 0.258068 0.314663 0.598033 0.533632 
0.675779 0.575081 0.791568 0.777227 0.541409 
0.798857 0.639952 0.83311 0.785659 0.766209 
0.744042 0.676661 0.730168 0.641081 0.851325 
0.523647 0.577592 0.6072380000000001 0.473598 0.851512 
0.2923 0.373412 0.472991 0.476924 0.699591 
0.534289 0.531678 0.627035 0.557874 0.270376 
0.7643 0.69417 0.66994 0.658959 0.833412 
0.374233 0.477563 0.431402 0.42027 0.785397 
0.226708 0.277094 0.27197 0.271354 0.142776 
0.629948 0.504243 0.855389 0.509458 0.62819 
0.6706800000000001 0.755354 0.453609 0.6750159999999999 0.761367 
0.429909 0.340589 0.44698 0.160585 0.46667 
0.673615 0.808797 0.410972 0.654111 0.56068 
0.47912 0.682648 0.339243 0.3815 0.5126810000000001 
0.8215 0.323454 0.6682360000000001 0.662385 0.28392 
0.787537 0.574554 0.61565 0.854291 0.584411 
0.473313 0.223094 0.586876 0.275389 0.452512 
0.733692 0.402794 0.682824 0.438875 0.586566 
0.656377 0.432287 0.270392 0.6179829999999999 0.354161 
0.699621 0.750572 0.819347 0.786767 0.826389 
0.775343 0.748564 0.569562 0.802679 0.759859 
0.435288 0.141735 0.485913 0.365934 0.351631 
0.37555 0.530888 0.368537 0.749485 0.414407 
0.5616449999999999 0.310558 0.352026 0.381627 0.144906 
0.672354 0.394517 0.7090880000000001 0.617537 0.709027 
0.727332 0.368822 0.431983 0.7913559999999999 0.321065 
0.326406 0.468287 0.337453 0.244672 0.550132 
0.577526 0.756672 0.407938 0.443122 0.546763 
0.745096 0.867113 0.800149 0.906713 0.736303 
0.589642 0.322935 0.584411 0.479634 0.229451 
0.71021 0.7549630000000001 0.885431 0.600653 0.8170230000000001 
0.484233 0.246752 0.375306 0.582256 0.300582 
0.470378 0.475433 0.692784 0.668922 0.334773 
0.286187 0.403621 0.565012 0.339762 0.701987 
0.865545 0.821942 0.828398 0.831886 0.902726 
0.626138 0.633924 0.369509 0.6827220000000001 0.286653 
0.662478 0.5236730000000001 0.732698 0.60722 0.825009 
0.351778 0.400881 0.198521 0.531496 0.60212 
0.716933 0.841257 0.680858 0.78718 0.7937920000000001 
0.324859 0.354744 0.691953 0.459464 0.453053 
0.346008 0.250069 0.457251 0.221523 0.206263 
0.264859 0.456636 0.52114 0.181718 0.690907 
0.450006 0.721231 0.543829 0.432585 0.7529940000000001 
0.454545 0.437276 0.859945 0.464024 0.55103 
0.625659 0.380007 0.307781 0.518494 0.625287 
0.439982 0.526408 0.337653 0.789443 0.711878 
0.134001 0.174896 0.182724 0.197472 0.267752 
0.417998 0.232509 0.6355 0.272184 0.50446 
0.447986 0.557069 0.800489 0.289092 0.283955 
0.584461 0.359639 0.77627 0.5497069999999999 0.661149 
0.770664 0.753955 0.645448 0.828701 0.828295 
0.73933 0.489521 0.39335 0.472694 0.612229 
0.277335 0.627057 0.5044419999999999 0.409183 0.435585 
0.111206 0.41118 0.08925 0.261878 0.338563 
0.652212 0.768115 0.750735 0.751667 0.861195 
0.695947 0.516535 0.642011 0.649212 0.783374 
0.387534 0.62805 0.706576 0.548387 0.692858 
0.883444 0.8461109999999999 0.859743 0.812601 0.872229 
0.849417 0.559779 0.529774 0.319973 0.561402 
0.193487 0.394797 0.21759 0.401515 0.177589 
0.375081 0.240026 0.531894 0.572917 0.263537 
0.677393 0.383575 0.499086 0.8163550000000001 0.191205 
0.380705 0.173276 0.397483 0.30997 0.200041 
0.781241 0.632012 0.880674 0.7050959999999999 0.749767 
0.7542219999999999 0.232544 0.694693 0.561047 0.36195 
0.27865 0.258226 0.565582 0.328296 0.475113 
0.200107 0.142019 0.146175 0.131184 0.15973 
0.706834 0.272254 0.672808 0.47425 0.548365 
0.298036 0.115906 0.290892 0.171177 0.188511 
0.290218 0.348507 0.149292 0.283372 0.25872 
0.088226 0.462476 0.389192 0.379431 0.346672 
0.779894 0.655119 0.870709 0.672246 0.658609 
0.393852 0.179957 0.56376 0.316099 0.306399 
0.424142 0.218267 0.444729 0.47681 0.215265 
0.494746 0.444488 0.372998 0.648087 0.69942 
0.618181 0.244098 0.326139 0.278828 0.515288 
0.478481 0.64947 0.419148 0.440814 0.693953 
0.7781670000000001 0.85336 0.807996 0.784941 0.755594 
0.476275 0.425138 0.32458 0.5713240000000001 0.123913 
0.311103 0.462965 0.688501 0.426875 0.559773 
0.50884 0.68629 0.716295 0.35066 0.597559 
0.579556 0.428222 0.848122 0.532602 0.687347 
0.205356 0.280542 0.275748 0.36674 0.214403 
0.818843 0.762348 0.80633 0.870003 0.78442 
0.367995 0.433507 0.419852 0.693642 0.54315 
0.642635 0.336562 0.283801 0.386232 0.315119 
0.467135 0.220997 0.562913 0.257775 0.25571 
0.298738 0.34358 0.584772 0.5448809999999999 0.351388 
0.6748459999999999 0.511506 0.666856 0.326733 0.759387 
