5
23
6.410630000000000495e-01 5.361599999999999699e-01 5.574550000000000338e-01 5.224490000000000522e-01 5.962960000000000482e-01
5.335010000000000030e-01 5.593059999999999699e-01 5.703329999999999789e-01 5.720180000000000264e-01 5.034610000000000474e-01
5.254510000000000014e-01 5.918809999999999905e-01 6.179139999999999633e-01 5.791600000000000081e-01 6.162800000000000500e-01
4.027410000000000156e-01 3.749560000000000115e-01 4.242549999999999932e-01 3.405099999999999794e-01 4.461129999999999818e-01
6.385969999999999702e-01 6.698979999999999935e-01 6.752139999999999809e-01 6.686530000000000529e-01 6.903380000000000072e-01
5.987339999999999884e-01 6.244729999999999448e-01 6.540559999999999707e-01 5.616860000000000186e-01 5.865350000000000286e-01
4.804160000000000097e-01 4.199100000000000055e-01 4.601970000000000227e-01 4.766389999999999794e-01 4.078869999999999996e-01
6.376800000000000246e-01 6.532489999999999686e-01 6.859509999999999774e-01 6.266140000000000043e-01 6.339399999999999480e-01
4.624699999999999922e-01 4.353330000000000255e-01 4.505970000000000253e-01 4.211230000000000251e-01 4.608269999999999866e-01
6.160170000000000368e-01 5.986900000000000555e-01 6.547500000000000542e-01 6.335140000000000216e-01 5.965859999999999497e-01
4.963989999999999791e-01 5.212579999999999991e-01 4.121839999999999948e-01 5.238439999999999763e-01 4.568030000000000146e-01
5.656569999999999654e-01 6.040959999999999663e-01 6.009670000000000289e-01 6.342290000000000427e-01 6.426460000000000505e-01
5.373280000000000278e-01 6.046690000000000120e-01 5.161400000000000432e-01 6.117359999999999465e-01 5.641929999999999445e-01
4.486890000000000045e-01 4.876139999999999919e-01 4.552379999999999760e-01 5.284689999999999666e-01 5.183429999999999982e-01
6.402729999999999810e-01 6.166719999999999979e-01 6.627229999999999510e-01 6.512419999999999876e-01 6.531940000000000524e-01
5.584909999999999597e-01 5.845219999999999860e-01 6.292980000000000240e-01 5.990360000000000129e-01 5.828379999999999672e-01
4.301809999999999801e-01 5.261259999999999826e-01 4.482880000000000198e-01 4.829010000000000247e-01 4.753569999999999740e-01
6.588310000000000555e-01 5.663409999999999833e-01 6.036550000000000527e-01 5.354079999999999950e-01 6.235450000000000159e-01
6.277040000000000397e-01 6.053589999999999804e-01 6.134749999999999925e-01 6.303149999999999586e-01 6.518040000000000500e-01
4.633889999999999953e-01 4.563559999999999839e-01 4.972650000000000126e-01 5.303069999999999729e-01 4.741090000000000027e-01
4.942949999999999844e-01 4.106449999999999823e-01 4.795309999999999850e-01 4.083359999999999768e-01 4.825380000000000225e-01
4.749680000000000013e-01 3.758179999999999854e-01 4.454859999999999931e-01 4.127689999999999970e-01 4.811079999999999801e-01
4.871539999999999759e-01 4.228410000000000224e-01 4.680830000000000268e-01 5.440420000000000256e-01 4.159880000000000244e-01
