5
387
0.257914 0.325583 0.182991 0.208633 0.280057 
0.751519 0.774183 0.659938 0.776143 0.807572 
0.547854 0.658018 0.493611 0.786538 0.703618 
0.521454 0.408211 0.541666 0.213879 0.352471 
0.779533 0.774984 0.649134 0.817655 0.6048519999999999 
0.6462599999999999 0.457144 0.828664 0.512004 0.652724 
0.804714 0.598654 0.573811 0.751831 0.649605 
0.7276010000000001 0.523467 0.59359 0.464716 0.398951 
0.305304 0.710558 0.32276 0.410493 0.606714 
0.290345 0.280525 0.36792 0.192515 0.493055 
0.216898 0.283982 0.193479 0.336606 0.342224 
0.308334 0.731735 0.506184 0.666388 0.620449 
0.334525 0.432845 0.18489 0.427103 0.214905 
0.449075 0.504928 0.615673 0.415939 0.78594 
0.629598 0.624604 0.330962 0.7757309999999999 0.407026 
0.676619 0.405105 0.455678 0.432436 0.295773 
0.593588 0.753339 0.344098 0.640619 0.51288 
0.790916 0.744682 0.857688 0.697526 0.665161 
0.509213 0.247905 0.571922 0.276511 0.328532 
0.835862 0.885019 0.781874 0.859459 0.771057 
0.33412 0.540896 0.568819 0.314251 0.409895 
0.255142 0.198359 0.386267 0.320361 0.26178 
0.480363 0.313845 0.222497 0.561322 0.329854 
0.271617 0.439323 0.594504 0.415911 0.581995 
0.150048 0.290175 0.171823 0.187287 0.286933 
0.789174 0.692777 0.6112880000000001 0.824542 0.643024 
0.392692 0.57355 0.642629 0.635226 0.772421 
0.580157 0.308581 0.5685170000000001 0.343965 0.616573 
0.327054 0.437933 0.633385 0.472399 0.392929 
0.311927 0.635954 0.395943 0.5647759999999999 0.644767 
0.290289 0.670056 0.5907559999999999 0.442486 0.614347 
0.160107 0.144747 0.202921 0.164425 0.17015 
0.768981 0.8826850000000001 0.845697 0.825343 0.834588 
0.329074 0.305658 0.183156 0.292527 0.326261 
0.559515 0.756095 0.565895 0.596709 0.834627 
0.433145 0.502084 0.589807 0.265149 0.38523 
0.784781 0.6067939999999999 0.7640749999999999 0.830723 0.7398169999999999 
0.633684 0.542444 0.645657 0.686338 0.334359 
0.475134 0.252143 0.368422 0.460893 0.541841 
0.216699 0.267063 0.222713 0.19199 0.181741 
0.361614 0.651904 0.346981 0.656119 0.392223 
0.857868 0.786054 0.830992 0.776923 0.857995 
0.293817 0.339024 0.396948 0.338984 0.597764 
0.664498 0.378772 0.725336 0.37482 0.6241640000000001 
0.468564 0.419567 0.196784 0.450931 0.333287 
0.161499 0.410771 0.320996 0.252774 0.423965 
0.780247 0.527874 0.737581 0.794313 0.659533 
0.154692 0.41665 0.366631 0.24075 0.406276 
0.254992 0.45134 0.382386 0.285709 0.5848989999999999 
0.508294 0.210835 0.343717 0.325491 0.400664 
0.529788 0.352123 0.35676 0.256654 0.347467 
0.5452979999999999 0.384765 0.481379 0.814599 0.44318 
0.631984 0.713591 0.83186 0.687052 0.706121 
0.834874 0.636215 0.691231 0.6793400000000001 0.628647 
0.251633 0.283429 0.40057 0.162638 0.337582 
0.575454 0.803427 0.780271 0.592282 0.7487470000000001 
0.256946 0.37641 0.478353 0.315227 0.612328 
0.552669 0.593351 0.260079 0.837351 0.470349 
0.564491 0.668753 0.721645 0.494656 0.423935 
0.613889 0.445301 0.6057900000000001 0.6807839999999999 0.708189 
0.770633 0.794219 0.797597 0.707769 0.83617 
0.188969 0.234337 0.372795 0.194383 0.306086 
0.309729 0.327399 0.166551 0.326562 0.219249 
0.361149 0.670463 0.391793 0.464919 0.715098 
0.698942 0.383195 0.566904 0.430571 0.657514 
0.556913 0.471793 0.522435 0.38822 0.204598 
0.460557 0.455051 0.237955 0.469445 0.5068589999999999 
0.50931 0.59463 0.427946 0.363755 0.344858 
0.701962 0.35196 0.633331 0.709295 0.543247 
0.631511 0.776424 0.629126 0.552073 0.561773 
0.541372 0.214506 0.343654 0.329919 0.344731 
0.342668 0.222289 0.443521 0.314103 0.488326 
0.670654 0.761618 0.570337 0.822175 0.728918 
0.548304 0.813066 0.5586 0.5331320000000001 0.753546 
0.623959 0.812483 0.740047 0.696753 0.641882 
0.599143 0.525192 0.5999370000000001 0.243469 0.725117 
0.207681 0.209359 0.216061 0.147767 0.222339 
0.613233 0.68893 0.76893 0.66942 0.848399 
0.271148 0.594463 0.268408 0.292213 0.455899 
0.09795 0.222881 0.152293 0.187581 0.21868 
0.520916 0.499095 0.639278 0.228357 0.608931 
0.441902 0.247366 0.311669 0.526149 0.268718 
0.749614 0.684402 0.605217 0.698148 0.453381 
0.328035 0.419912 0.285054 0.27954 0.20813 
0.579155 0.560114 0.217727 0.620848 0.324868 
0.590776 0.577298 0.352233 0.399789 0.375612 
0.458088 0.313176 0.268377 0.597652 0.279952 
0.168005 0.253475 0.195184 0.178973 0.205552 
0.266423 0.561895 0.465596 0.219299 0.409161 
0.321113 0.667106 0.5675210000000001 0.28011 0.673404 
0.787869 0.661264 0.782845 0.843101 0.643512 
0.288942 0.299607 0.350861 0.492455 0.270479 
0.273817 0.37479 0.302453 0.185294 0.295446 
0.690134 0.763717 0.761233 0.7576270000000001 0.565411 
0.285025 0.304437 0.201463 0.435063 0.326569 
0.710989 0.367228 0.558488 0.6929 0.551046 
0.37965 0.391878 0.473004 0.227626 0.296891 
0.790246 0.501513 0.557136 0.549306 0.4806 
0.282754 0.124235 0.312483 0.224889 0.245245 
0.781602 0.398049 0.600479 0.626961 0.473679 
0.356198 0.604563 0.596606 0.604849 0.515582 
0.431978 0.368364 0.439443 0.479267 0.18161 
0.200331 0.360784 0.41421 0.188682 0.414739 
0.659015 0.428234 0.331952 0.580885 0.463468 
0.36569 0.59862 0.35762 0.480937 0.694431 
0.43011 0.372498 0.339162 0.373376 0.590933 
0.215933 0.366894 0.19498 0.212737 0.26022 
0.286631 0.271404 0.277695 0.251271 0.143567 
0.423084 0.259431 0.374472 0.235478 0.490007 
0.540506 0.688905 0.588506 0.709786 0.426879 
0.211476 0.222095 0.232487 0.2558 0.121002 
0.78218 0.624171 0.8123629999999999 0.796288 0.64051 
0.339932 0.428631 0.61729 0.608758 0.487301 
0.536332 0.202199 0.518135 0.290507 0.438757 
0.414767 0.58504 0.729765 0.318725 0.596642 
0.152479 0.174377 0.212785 0.229046 0.242579 
0.574197 0.6246699999999999 0.6867529999999999 0.5592240000000001 0.38553 
0.223035 0.254954 0.191438 0.200362 0.163717 
0.648383 0.516471 0.47224 0.687486 0.72174 
0.122117 0.227734 0.216726 0.273256 0.265088 
0.59879 0.546837 0.692031 0.353845 0.764377 
0.223947 0.681432 0.394306 0.500847 0.615993 
0.507556 0.218632 0.311145 0.438521 0.445264 
0.153169 0.189146 0.156491 0.204085 0.181828 
0.700616 0.546465 0.754308 0.527886 0.743721 
0.654051 0.49423 0.831479 0.538783 0.6092649999999999 
0.408795 0.320747 0.522856 0.605699 0.547885 
0.215964 0.153647 0.319617 0.216464 0.2866 
0.725954 0.734588 0.450398 0.695265 0.639327 
0.5835320000000001 0.540234 0.811626 0.487351 0.765286 
0.705185 0.828495 0.630006 0.755749 0.808249 
0.222868 0.402351 0.25489 0.357261 0.545243 
0.292601 0.7143080000000001 0.389029 0.404002 0.501219 
0.412802 0.478694 0.316606 0.406963 0.619869 
0.446543 0.537157 0.454335 0.568649 0.755717 
0.38236 0.445114 0.277846 0.496978 0.601486 
0.397682 0.261485 0.489127 0.208756 0.340553 
0.331703 0.6310480000000001 0.532125 0.679836 0.582468 
0.610334 0.474961 0.574039 0.260413 0.586349 
0.255569 0.429607 0.524711 0.473284 0.6333569999999999 
0.6947 0.592476 0.44747 0.5718 0.349193 
0.682738 0.562775 0.541392 0.767324 0.400997 
0.360856 0.449458 0.529779 0.284597 0.671388 
0.389165 0.239411 0.324522 0.24008 0.455612 
0.697615 0.675363 0.816708 0.775157 0.81165 
0.456519 0.346411 0.256323 0.258387 0.180719 
0.416392 0.334693 0.650837 0.287105 0.544366 
0.603673 0.6153149999999999 0.427255 0.6140060000000001 0.242265 
0.561523 0.660577 0.734399 0.451195 0.813654 
0.840096 0.562073 0.648591 0.685124 0.6748769999999999 
0.335724 0.288753 0.252034 0.469344 0.420108 
0.304451 0.517541 0.533844 0.542509 0.712371 
0.64683 0.764575 0.836032 0.598592 0.726318 
0.271197 0.631984 0.463239 0.623411 0.592032 
0.695747 0.5333639999999999 0.821475 0.564631 0.552006 
0.6064659999999999 0.478293 0.543401 0.379931 0.723146 
0.508226 0.228244 0.542795 0.376335 0.507409 
0.549441 0.403602 0.238455 0.362627 0.355631 
0.751371 0.75761 0.570652 0.632943 0.686242 
0.460466 0.69474 0.31093 0.441297 0.5885089999999999 
0.457514 0.469512 0.762314 0.310624 0.7088719999999999 
0.243757 0.544612 0.262667 0.42233 0.590253 
0.482602 0.388918 0.222271 0.610434 0.320992 
0.6879459999999999 0.609734 0.735484 0.7540559999999999 0.518568 
0.555953 0.501017 0.502592 0.852334 0.485054 
0.797068 0.611262 0.552297 0.567646 0.478285 
0.499105 0.571626 0.656971 0.350177 0.375746 
0.303796 0.473372 0.536683 0.502414 0.727878 
0.5238930000000001 0.380418 0.229309 0.46229 0.288738 
0.646263 0.489797 0.516043 0.849039 0.433036 
0.583933 0.771719 0.528651 0.726081 0.789063 
0.45963 0.590069 0.314925 0.483924 0.274255 
0.370735 0.399911 0.587988 0.542801 0.744651 
0.349281 0.476809 0.339911 0.470275 0.6729810000000001 
0.215259 0.140289 0.197963 0.249298 0.147596 
0.446388 0.482735 0.261313 0.500651 0.579014 
0.5629189999999999 0.794624 0.494558 0.566451 0.710249 
0.355526 0.405299 0.475869 0.327907 0.675733 
0.581556 0.598403 0.527023 0.61926 0.277035 
0.5858449999999999 0.413878 0.654357 0.283506 0.369549 
0.578942 0.713929 0.495334 0.668805 0.384591 
0.403543 0.809528 0.432611 0.612968 0.616849 
0.211843 0.303448 0.281652 0.447154 0.257537 
0.586033 0.618424 0.436778 0.387826 0.441697 
0.157021 0.132529 0.233204 0.203397 0.201777 
0.8126100000000001 0.535254 0.556826 0.538176 0.619707 
0.298785 0.616598 0.384679 0.682554 0.415616 
0.588829 0.23214 0.635676 0.449584 0.519845 
0.700916 0.300212 0.415298 0.637539 0.300161 
0.459987 0.538133 0.206437 0.563294 0.470822 
0.301553 0.29823 0.200171 0.318503 0.166086 
0.670614 0.592487 0.45792 0.616623 0.746251 
0.671705 0.392432 0.730745 0.354291 0.558531 
0.778548 0.386389 0.562674 0.5474059999999999 0.482335 
0.539357 0.69249 0.7537779999999999 0.401049 0.703827 
0.5124610000000001 0.349472 0.5197000000000001 0.223056 0.52008 
0.7393999999999999 0.630687 0.653162 0.456426 0.551526 
0.361669 0.771031 0.306271 0.535239 0.525604 
0.261244 0.190691 0.206128 0.207522 0.148467 
0.655942 0.559651 0.779778 0.448374 0.52373 
0.559408 0.497644 0.853279 0.448955 0.61115 
0.79144 0.731034 0.755596 0.790088 0.8167410000000001 
0.313524 0.530486 0.441039 0.373444 0.271459 
0.548536 0.686268 0.263101 0.471968 0.477519 
0.382871 0.79039 0.53455 0.473481 0.628811 
0.278281 0.398356 0.568121 0.256044 0.519043 
0.464472 0.392317 0.287596 0.724925 0.295247 
0.494596 0.202961 0.439955 0.471004 0.478105 
0.497553 0.447577 0.503862 0.207018 0.407558 
0.426341 0.302323 0.418255 0.168743 0.431721 
0.438002 0.765717 0.558022 0.552667 0.78784 
0.705157 0.284786 0.480235 0.415627 0.574393 
0.504371 0.286362 0.254038 0.462289 0.26103 
0.414656 0.334179 0.581256 0.537511 0.668416 
0.70501 0.77443 0.667014 0.71351 0.83796 
0.681669 0.7043779999999999 0.854338 0.675444 0.7707619999999999 
0.654381 0.366383 0.589985 0.6489 0.213157 
0.688051 0.758375 0.610266 0.800206 0.541722 
0.474116 0.491848 0.606714 0.214054 0.5556219999999999 
0.744969 0.744704 0.581542 0.835084 0.629752 
0.613654 0.451394 0.697388 0.345854 0.330181 
0.404782 0.278757 0.6748499999999999 0.372627 0.577433 
0.336756 0.65476 0.373284 0.733282 0.567574 
0.368743 0.6533870000000001 0.385921 0.480002 0.276079 
0.296617 0.347992 0.455327 0.175757 0.416601 
0.525933 0.524603 0.254809 0.345456 0.525265 
0.357101 0.193021 0.392402 0.353477 0.441333 
0.654998 0.460018 0.374095 0.44389 0.569141 
0.730266 0.261521 0.637101 0.536909 0.336581 
0.4998 0.208584 0.557617 0.377269 0.471752 
0.448879 0.630092 0.484709 0.648694 0.73604 
0.192979 0.303549 0.437657 0.286989 0.469312 
0.431591 0.312068 0.346978 0.182862 0.461543 
0.310466 0.534092 0.299573 0.241541 0.439813 
0.6378509999999999 0.312527 0.742669 0.414114 0.419851 
0.453002 0.313851 0.353242 0.646137 0.408521 
0.748796 0.677678 0.70429 0.522222 0.6772860000000001 
0.454377 0.132343 0.406081 0.345423 0.331691 
0.27724 0.317874 0.479313 0.177318 0.345101 
0.369962 0.690987 0.521945 0.685733 0.678321 
0.594075 0.382969 0.5809 0.757852 0.332877 
0.481966 0.21357 0.401587 0.442473 0.228843 
0.476206 0.6877490000000001 0.333579 0.7433110000000001 0.607746 
0.255587 0.584717 0.372088 0.266751 0.55276 
0.377134 0.335393 0.620827 0.57301 0.60407 
0.339068 0.52229 0.605279 0.66665 0.569987 
0.677816 0.341137 0.7714569999999999 0.387637 0.453814 
0.283039 0.448088 0.494599 0.516657 0.385574 
0.704646 0.658736   0.75 0.50359 0.523528 
0.696181 0.515776 0.428388 0.615997 0.286186 
0.315934 0.602869 0.318471 0.550059 0.308453 
0.357649 0.680735 0.571748 0.55892 0.529116 
0.299455 0.211319 0.228559 0.167679 0.239127 
0.756115 0.685648 0.7735300000000001 0.766863 0.8174360000000001 
0.373318 0.656169 0.337785 0.375942 0.334768 
0.658058 0.754246 0.815628 0.763015 0.78625 
0.389443 0.81841 0.498545 0.483805 0.698348 
0.637124 0.7624570000000001 0.798994 0.563212 0.774384 
0.688225 0.360013 0.533846 0.702439 0.318168 
0.702932 0.436785 0.407806 0.619409 0.270031 
0.317541 0.272036 0.227957 0.19258 0.337641 
0.327316 0.5232520000000001 0.498584 0.553681 0.296843 
0.473035 0.516131  0.527 0.734536 0.340215 
0.150606 0.425823 0.270532 0.239644 0.393742 
0.313975 0.417431 0.183639 0.460265 0.190761 
0.201042 0.138315 0.239027 0.242819 0.237882 
0.270782 0.464406 0.286985 0.439874 0.213352 
0.817173 0.70479 0.748368 0.654842 0.55829 
0.439856 0.619684 0.719421 0.521947 0.513771 
0.231557 0.621732 0.204565 0.363525 0.547536 
0.5049940000000001 0.217529 0.657854 0.588656 0.367259 
0.35508 0.212201 0.230918 0.257811 0.257906 
0.430498 0.572626 0.514756 0.615371 0.309971 
0.636491 0.217562 0.653548 0.637057 0.531176 
0.437413 0.395817 0.445169 0.643774 0.731584 
0.201917 0.502933 0.454369 0.253096 0.5104340000000001 
0.505843 0.332844 0.648563 0.582527 0.707159 
0.268107 0.421657 0.494116 0.282899 0.631812 
0.683171 0.703012 0.549817 0.747989 0.769977 
0.590353 0.810613 0.595695 0.784609 0.6928840000000001 
0.314434 0.498291 0.318216 0.595942 0.55275 
0.455401 0.410074 0.714935 0.533386 0.358985 
0.318853 0.6695680000000001 0.589628 0.31184 0.678604 
0.590915 0.243601 0.409558 0.324295 0.328581 
0.363242 0.7191419999999999 0.284339 0.6005549999999999 0.567187 
0.485457 0.488504 0.612973 0.406983 0.302759 
0.629864 0.356725 0.343225 0.433185 0.442709 
0.31534 0.301195 0.16918 0.355602 0.277489 
0.813265 0.591336 0.622177 0.678909 0.434328 
0.366697 0.457833 0.47693 0.561067 0.227464 
0.459426 0.7113080000000001 0.460858 0.294168 0.642604 
0.408409 0.683875 0.250808 0.71382 0.509158 
0.529495 0.800078 0.674258 0.672853 0.783556 
0.799156 0.395846 0.581438 0.586871 0.518516 
0.271093 0.585741 0.337336 0.448823 0.347361 
0.628705 0.47227 0.340141 0.765741 0.39786 
0.737443 0.8415899999999999 0.759848 0.847616 0.729835 
0.510614 0.329885 0.678659 0.275689 0.475863 
0.2099 0.149731 0.180204 0.19653 0.186509 
0.651076 0.7128679999999999 0.419649 0.586825 0.679847 
0.769703 0.676729 0.526396 0.696485 0.548226 
0.280442 0.6848919999999999 0.447792 0.600738 0.543741 
0.470801 0.742573 0.405267 0.443335 0.678277 
0.388631 0.261014 0.254246 0.359393 0.402084 
0.635796 0.152564 0.54918 0.485251 0.395143 
0.338813 0.240497 0.606637 0.341019 0.354926 
0.41802 0.549746 0.494462 0.303507 0.324251 
0.585998 0.801561 0.44856 0.68575 0.690368 
0.484025 0.478808 0.760164 0.423629 0.733305 
0.355738 0.17211 0.340108 0.28956 0.197175 
0.25767 0.640062 0.524412 0.433072 0.674864 
0.26809 0.258736 0.159445 0.237386 0.193316 
0.40933 0.517926 0.444242 0.701978 0.321722 
0.468027 0.62724 0.40966 0.721222 0.298496 
0.640178 0.207661 0.55702 0.373119 0.394628 
0.352355 0.794092 0.387193 0.449424 0.458141 
0.348255 0.201922 0.34149 0.401892 0.196425 
0.461567 0.539927 0.6697920000000001 0.706948 0.611919 
0.384115 0.709982 0.21975 0.518721 0.385867 
0.536432 0.501203 0.336529 0.694982 0.277739 
0.712521 0.756917 0.583981 0.65389 0.5341050000000001 
0.631414 0.663667 0.761038 0.395708 0.66046 
0.333487 0.646384 0.162616 0.50505 0.357691 
0.597271 0.61454 0.300414 0.726227 0.502657 
0.450026 0.356697 0.722124 0.280383 0.470982 
0.326998 0.499299 0.716446 0.340656 0.548145 
0.275444 0.528702 0.238167 0.550028 0.303978 
0.843466 0.759371 0.7172539999999999 0.690537 0.720001 
0.500409 0.720388 0.637894 0.315517 0.6278010000000001 
0.634917 0.384377 0.522196 0.318806 0.434879 
0.505428 0.733538 0.803693 0.605907 0.7186 
0.671169 0.361874 0.378709 0.662917 0.242051 
0.8371729999999999 0.654965 0.763668 0.646554 0.693975 
0.42576 0.454701 0.202842 0.596105 0.328398 
0.779057 0.558858 0.7950700000000001 0.566399 0.523881 
0.409889 0.364354 0.360538 0.641782 0.528196 
0.561418 0.835241 0.623324 0.730337 0.772532 
0.403272 0.348127 0.222153 0.325791 0.170454 
0.320949 0.536737 0.600657 0.258123 0.689542 
0.676551 0.572167 0.508541 0.430712 0.731915 
0.239935 0.379945 0.352006 0.151845 0.457613 
0.50566 0.32462 0.737218 0.405733 0.373266 
0.66314 0.685154 0.412767 0.470781 0.6561900000000001 
0.387599 0.230529 0.36096 0.246724 0.199714 
0.430299 0.588401 0.400184 0.394591 0.691018 
0.300993 0.169979 0.217418 0.323167 0.228384 
0.396631 0.507867 0.692752 0.394299 0.741615 
0.406588 0.5994930000000001 0.773312 0.543079 0.730417 
0.243874 0.392016 0.405805 0.442579 0.603935 
0.674805 0.571652 0.478897 0.308892 0.630718 
0.458866 0.503179 0.308646 0.347896 0.584239 
0.325347 0.520648 0.578914 0.348999 0.740418 
0.312641 0.330031 0.561327 0.38018 0.629101 
0.208227 0.370714 0.28993 0.242854 0.490343 
0.710593 0.802748 0.7886570000000001 0.634897 0.668164 
0.84534 0.8460569999999999 0.863245 0.852752 0.83895 
0.351475 0.239423 0.208674 0.309348 0.315533 
0.54351 0.892224 0.616129 0.584259 0.643532 
0.576537 0.505087 0.48523 0.363029 0.310297 
0.549879 0.686905 0.278389 0.638213 0.470283 
0.236569 0.401801 0.415478 0.277213 0.271564 
0.354935 0.6240289999999999 0.172974 0.554681 0.381658 
0.511038 0.413838 0.250246 0.586707 0.175363 
0.390232 0.789358 0.4264 0.599414 0.41839 
0.847895 0.661475 0.817932 0.713511 0.726118 
0.484027 0.427807 0.285028 0.213214 0.433638 
0.324554 0.758412 0.445622 0.547879 0.67581 
0.746743 0.465212 0.657299 0.794933 0.5375529999999999 
0.532044 0.275176 0.498271 0.241924 0.408145 
0.402981 0.429179 0.30354 0.211694 0.495978 
0.433299 0.447248 0.555067 0.661857 0.305045 
0.720845 0.625179 0.641232 0.842957 0.664462 
0.428899 0.286354 0.42555 0.285557 0.211179 
0.805438 0.848178 0.82073 0.777983 0.778712 
0.618934 0.603032 0.296117 0.7376819999999999 0.448793 
0.531012 0.494903 0.690599 0.425992 0.765361 
0.6682129999999999 0.452098 0.60088 0.349288 0.442095 
0.532668 0.704194 0.776682 0.653362 0.57285 
0.671071 0.724515 0.74133 0.741377 0.845486 
0.18646 0.225806 0.257101 0.155299 0.272523 
0.5547029999999999 0.6672 0.34556 0.383879 0.638095 
0.58311 0.318411 0.736988 0.368597 0.556818 
0.617005 0.653674 0.5458190000000001 0.843317 0.470125 
0.362742 0.645905 0.431697 0.276062 0.6619119999999999 
0.381171 0.369722 0.503796 0.197275 0.502447 
0.618639 0.414774 0.27772 0.567725 0.40426 
0.763135 0.362523 0.547113 0.629749 0.5795670000000001 
