5
415
0.466982 0.496997 0.335868 0.521363 0.458331 
0.33133 0.527295 0.427833 0.467571 0.519397 
0.49642 0.639727 0.470937 0.530137 0.618109 
0.5459850000000001 0.496751 0.574457 0.639251 0.509118 
0.664073 0.624992 0.668277 0.718046 0.649048 
0.465924 0.486022 0.612808 0.457216 0.501929 
0.618487 0.577478 0.652321 0.506361 0.537426 
0.510719 0.355943 0.456451 0.363155 0.443362 
0.344635 0.399922 0.405274 0.470748 0.392828 
0.464582 0.457668 0.61102 0.5174569999999999 0.52467 
0.38231 0.469753 0.475622 0.399343 0.405139 
0.397913 0.499459 0.319826 0.461728 0.370205 
0.548278 0.396576 0.501677 0.5165110000000001 0.364828 
0.52386 0.620381 0.601913 0.555508 0.519626 
0.468789 0.636696 0.552554 0.49732 0.57064 
0.413546 0.417543 0.306871 0.430612 0.435791 
0.409915 0.33352 0.395467 0.350416 0.458884 
0.326883 0.344861 0.28446 0.39614 0.381328 
0.355857 0.364261 0.314892 0.425655 0.310231 
0.465173 0.597542 0.514702 0.459028 0.652999 
0.441302 0.534658 0.454734 0.426544 0.396235 
0.588924 0.684846 0.61846 0.612038 0.707292 
0.613829 0.649173 0.62393 0.630609 0.72456 
0.403792 0.436206 0.333799 0.462205 0.321596 
0.641159 0.64328 0.613985 0.575294 0.532249 
0.607004 0.605587 0.48529 0.66778 0.434818 
0.616077 0.548902 0.634312 0.531609 0.489756 
0.479368 0.538364 0.580948 0.495328 0.67293 
0.394569 0.33046 0.466326 0.330291 0.456846 
0.6241 0.671737 0.537536 0.675994 0.573852 
0.438045 0.299033 0.451869 0.357961 0.40526 
0.487728 0.650562 0.549024 0.521294 0.5438460000000001 
0.548426 0.692376 0.637223 0.605759 0.651683 
0.43828 0.339575 0.5070789999999999 0.366607 0.391648 
0.298596 0.49103 0.375094 0.437726 0.424929 
0.628057 0.686185 0.616905 0.5776790000000001 0.628548 
0.348278 0.295278 0.37514 0.277633 0.357929 
0.666519 0.663629 0.708534 0.656025 0.624235 
0.578742 0.591956 0.450136 0.640164 0.547289 
0.572757 0.53893 0.547297 0.464221 0.448006 
0.614573 0.511802 0.662191 0.6035239999999999 0.543359 
0.615418 0.526213 0.658448 0.567613 0.493506 
0.474017 0.597702 0.436609 0.628514 0.514133 
0.392436 0.354172 0.360612 0.40524 0.275505 
0.630368 0.598392 0.508526 0.674135 0.5546489999999999 
0.333843 0.472505 0.32282 0.386493 0.34279 
0.400396 0.288613 0.403624 0.299279 0.346707 
0.495839 0.406249 0.571682 0.461444 0.603016 
0.281091 0.316309 0.339479 0.294054 0.33261 
0.533641 0.520797 0.560464 0.424498 0.615783 
0.37761 0.405771 0.434864 0.425512 0.32865 
0.638458 0.576955 0.558736 0.6948 0.594386 
0.6614719999999999 0.5889760000000001 0.707483 0.6192879999999999 0.670973 
0.669731 0.565111 0.669248 0.643571 0.536604 
0.484553 0.377008 0.424575 0.332356 0.44573 
0.415492 0.353794 0.384031 0.433928 0.45734 
0.5034380000000001 0.466121 0.419808 0.519863 0.330963 
0.467289 0.550534 0.556713 0.519019 0.453371 
0.460983 0.503904 0.596036 0.533659 0.486266 
0.366348 0.41232 0.434546 0.417546 0.334623 
0.50398 0.446411 0.386855 0.403907 0.396153 
0.465344 0.378834 0.351017 0.398937 0.301279 
0.51317 0.466672 0.532786 0.533236 0.393705 
0.6803169999999999 0.542316 0.637912 0.554602 0.663821 
0.467177 0.677498 0.470303 0.536641 0.561446 
0.328178 0.417755 0.446808 0.455058 0.465423 
0.38767 0.487507 0.562096 0.433816 0.5127 
0.410625 0.484193 0.385936 0.543319 0.385127 
0.273135 0.367924 0.340826 0.315158 0.366982 
0.5831460000000001 0.495614 0.478219 0.423896 0.516705 
0.349923 0.481909 0.316788 0.377758 0.349787 
0.676337 0.523029 0.55081 0.565198 0.533407 
0.366205 0.389197 0.407393 0.485519 0.390554 
0.502275 0.638343 0.575214 0.6216159999999999 0.576873 
0.407697 0.409513 0.394041 0.475201 0.319716 
0.450561 0.480668 0.371199 0.451546 0.536098 
0.637362 0.475583 0.5919219999999999 0.468279 0.5485370000000001 
0.448249 0.585367 0.423712 0.600164 0.521492 
0.458552 0.38621 0.403886 0.529456 0.45648 
0.567537 0.448445 0.394507 0.468015 0.439661 
0.562312 0.42262 0.546005 0.582378 0.490091 
0.514309 0.494912 0.593805 0.562682 0.455538 
0.653797 0.465216 0.541017 0.491271 0.502537 
0.549574 0.467053 0.644737 0.451164 0.561466 
0.486779 0.522349 0.490317 0.378384 0.478854 
0.577559 0.473213 0.659004 0.520011 0.480761 
0.418542 0.444536 0.387797 0.343704 0.487719 
0.559246 0.701657 0.626611 0.607085 0.60908 
0.541635 0.544929 0.6264960000000001 0.536476 0.672576 
0.49125 0.493189 0.498464 0.374665 0.432467 
0.663828 0.610376 0.614579 0.706402 0.582848 
0.434102 0.360478 0.40554 0.411146 0.298223 
0.498173 0.529407 0.384693 0.42771 0.458253 
0.393496 0.357031 0.461258 0.448363 0.352601 
0.656208 0.653067 0.603749 0.72197 0.595973 
0.575846 0.38425 0.483788 0.417392 0.419795 
0.665477 0.547473 0.656297 0.517272 0.62759 
0.456196 0.429237 0.38508 0.470175 0.531572 
0.464106 0.499534 0.49674 0.533307 0.386045 
0.413036 0.537887 0.553864 0.496493 0.605865 
0.488737 0.638136 0.488256 0.613456 0.44653 
0.333041 0.43182 0.300062 0.363481 0.402811 
0.6406849999999999 0.650853 0.7142539999999999 0.675639 0.668432 
0.604651 0.526525 0.588541 0.53983 0.446403 
0.65888 0.708304 0.657859 0.63549 0.658691 
0.28869 0.365513 0.385758 0.360315 0.36306 
0.40221 0.315718 0.349127 0.349697 0.275938 
0.499341 0.623636 0.563702 0.5149550000000001 0.5085 
0.529312 0.59574 0.557632 0.523366 0.708692 
0.682066 0.632976 0.681897 0.576218 0.677917 
0.31844 0.312444 0.418645 0.295894 0.366927 
0.554967 0.592303 0.65001 0.502317 0.517276 
0.451892 0.413185 0.351821 0.504124 0.408808 
0.621124 0.662232 0.527527 0.707607 0.56441 
0.457658 0.464767 0.501603 0.399626 0.378448 
0.670068 0.578308 0.675156 0.595531 0.555588 
0.683759 0.596233 0.635232 0.562015 0.614973 
0.653233 0.53137 0.597715 0.659733 0.524143 
0.490465 0.472454 0.634715 0.453567 0.522216 
0.513263 0.409095 0.458802 0.365763 0.388183 
0.414075 0.329476 0.458178 0.467713 0.396751 
0.6720660000000001 0.660285 0.569913 0.670867 0.596821 
0.451926 0.50584 0.443422 0.363833 0.431464 
0.401548 0.484449 0.356796 0.536834 0.481108 
0.452054 0.517261 0.606172 0.548928 0.531296 
0.56428 0.600449 0.686562 0.615757 0.647927 
0.381629 0.479592 0.324186 0.449797 0.346283 
0.595899 0.630316 0.639393 0.518406 0.598938 
0.5268040000000001 0.589929 0.579303 0.65559 0.563394 
0.542932 0.471261 0.599184 0.477013 0.643194 
0.588742 0.540049 0.517272 0.595187 0.396318 
0.4173 0.358118 0.460536 0.477058 0.458197 
0.674489 0.580637 0.7039570000000001 0.655865 0.668346 
0.489906 0.440086 0.474494 0.556316 0.377081 
0.398967 0.454002 0.499968 0.516315 0.421913 
0.505399 0.468704 0.432266 0.401622 0.549747 
0.513444 0.624389 0.436232 0.504242 0.450146 
0.639088 0.6928609999999999 0.557099 0.637051 0.61468 
0.65517 0.676071 0.697926 0.715984 0.666223 
0.345423 0.330305 0.357284 0.382165 0.297061 
0.489368 0.445207 0.467777 0.435673 0.607378 
0.37744 0.381013 0.339193 0.30605 0.339856 
0.471585 0.440565 0.316876 0.42873 0.38547 
0.463982 0.467763 0.458189 0.558164 0.367085 
0.543763 0.519878 0.543839 0.515042 0.6629969999999999 
0.559536 0.542064 0.55599 0.646091 0.620929 
0.675577 0.528273 0.628872 0.537438 0.514772 
0.363853 0.523077 0.395583 0.362166 0.517165 
0.45185 0.509707 0.490732 0.447154 0.6437 
0.537326 0.535353 0.604532 0.543478 0.444807 
0.384533 0.327257 0.402441 0.41572 0.417998 
0.321794 0.404234 0.286121 0.425508 0.317084 
0.438746 0.453126 0.318332 0.437283 0.460854 
0.530288 0.473765 0.555545 0.387532 0.520736 
 0.384 0.436886 0.523273 0.399526 0.442436 
0.576427 0.626594 0.627453 0.661632 0.676267 
0.444577 0.459217 0.386995 0.5405450000000001 0.37334 
0.572095 0.614087 0.504291 0.54032 0.640575 
0.560177 0.603338 0.686347 0.612753 0.657996 
0.519459 0.5979370000000001 0.426979 0.452948 0.462249 
0.387142 0.41001 0.338595 0.436422 0.474651 
0.431002 0.503233 0.554846 0.440254 0.610689 
0.448295 0.627282 0.5151790000000001 0.482977 0.517724 
0.479145 0.445906 0.586862 0.371754 0.539594 
0.495136 0.512868 0.445261 0.444807 0.5993039999999999 
0.320637 0.328063 0.383957 0.378085 0.403708 
0.530566 0.578555 0.464963 0.500983 0.618828 
0.487488 0.434708 0.596008 0.500197 0.43631 
0.412659 0.413992 0.502341 0.414035 0.364558 
0.466651 0.563401 0.547187 0.620208 0.600708 
0.638052 0.5882540000000001 0.651597 0.579353 0.716263 
0.628919 0.525334 0.47931 0.493092 0.51294 
0.452327 0.404192 0.575784 0.399524 0.501376 
0.444968 0.522984 0.383748 0.464165 0.555165 
0.466241 0.576878 0.5096039999999999 0.400167 0.544308 
0.366124 0.403722 0.441315 0.434715 0.338098 
0.334829 0.292072 0.364017 0.280672 0.314665 
0.647093 0.51955 0.542502 0.482726 0.55504 
0.461435 0.402729 0.456837 0.385289 0.565925 
0.511634 0.412873 0.506721 0.376843 0.383072 
0.512401 0.441388 0.5366379999999999 0.455917 0.639778 
0.514222 0.587883 0.545068 0.654062 0.614094 
0.457388 0.420904 0.547629 0.458322 0.383292 
0.562366 0.671652 0.503755 0.567952 0.640277 
0.324977 0.406765 0.404619 0.350453 0.352176 
0.6511710000000001 0.550186 0.599259 0.6828920000000001 0.6155040000000001 
0.555349 0.570464 0.609138 0.568334 0.694928 
0.429322 0.487121 0.486698 0.475045 0.363639 
0.550937 0.480799 0.422746 0.534178 0.369466 
0.494398 0.528569 0.633413 0.426123 0.595108 
0.487272 0.371032 0.513077 0.454516 0.55045 
0.514778 0.692935 0.565396 0.549733 0.6373490000000001 
0.488135 0.473284 0.514139 0.599916 0.433726 
0.305303 0.332659 0.394923 0.264338 0.374666 
0.368311 0.401071 0.406741 0.328871 0.354109 
0.271696 0.372701 0.294433 0.317922 0.316972 
0.6222800000000001 0.653034 0.578579 0.709356 0.655863 
0.551294 0.640634 0.543517 0.606779 0.665737 
0.446897 0.524465 0.504266 0.586215 0.602158 
0.485896 0.427785 0.393628 0.424682 0.512242 
0.350869 0.432392 0.433857 0.299671 0.417994 
0.56407 0.502462 0.66296 0.561612 0.5691000000000001 
0.531832 0.569499 0.555611 0.548741 0.428459 
0.306968 0.395947 0.364251 0.301312 0.420431 
0.559802 0.47131 0.635597 0.592767 0.534578 
0.448766 0.382354 0.555711 0.432167 0.410087 
0.663043 0.622066 0.575066 0.659784 0.531432 
0.667507 0.593575 0.5268119999999999 0.5773200000000001 0.556492 
0.389496 0.380437 0.519254 0.396193 0.5032720000000001 
0.43616 0.465426 0.383087 0.354456 0.367726 
0.323816 0.341305 0.427768 0.366151 0.400952 
0.4211 0.509498 0.582202 0.526091 0.5423210000000001 
0.505842 0.524379 0.371251 0.552405 0.489167 
0.709979 0.635875 0.659571 0.679552 0.669917 
0.402928 0.451936 0.376822 0.529868 0.371499 
0.496805 0.453672 0.524408 0.353328 0.533615 
0.341722 0.537978 0.475403 0.471212 0.516415 
0.476304 0.426618 0.424672 0.511539 0.559127 
0.68174 0.530486 0.585116 0.578169 0.5050559999999999 
0.330388 0.416132 0.347027 0.310355 0.400983 
0.398322 0.314838 0.306645 0.330841 0.327811 
0.678978 0.530907 0.580418 0.555132 0.61327 
0.556918 0.535648 0.610861 0.456871 0.48453 
0.568138 0.653689 0.650107 0.599352 0.706986 
0.312959 0.347516 0.329892 0.379149 0.298839 
0.675179 0.5555639999999999 0.684575 0.601876 0.67071 
0.484312 0.430682 0.53495 0.544986 0.413153 
0.547347 0.377207 0.506884 0.494693 0.357604 
0.5325220000000001 0.512791 0.386083 0.488878 0.407425 
0.436985 0.583307 0.5489309999999999 0.571101 0.586673 
0.585476 0.478749 0.419084 0.47033 0.464897 
0.489523 0.600729 0.414091 0.562157 0.413747 
0.620961 0.624138 0.480077 0.637311 0.518489 
0.644545 0.68077 0.67447 0.625529 0.720973 
0.658677 0.517437 0.550713 0.59184 0.606141 
0.545667 0.524817 0.5275879999999999 0.4188 0.567696 
0.525956 0.385626 0.55951 0.456581 0.546341 
0.357442 0.401715 0.305654 0.374978 0.301673 
0.447059 0.508135 0.384714 0.35427 0.474361 
0.410794 0.403434 0.436425 0.338745 0.526389 
0.580565 0.450735 0.592261 0.445246 0.479753 
0.498398 0.492482 0.562433 0.5117 0.660239 
0.471109 0.387389 0.345874 0.389282 0.352854 
0.375364 0.372045 0.4112 0.362046 0.51585 
0.508973 0.367671 0.432922 0.389505 0.486337 
0.55501 0.48339 0.577261 0.596594 0.5834 
0.412037 0.468717 0.542318 0.465375 0.431855 
0.455241 0.436602 0.409617 0.446697 0.312336 
0.417766 0.43205 0.371486 0.550545 0.417989 
0.5452360000000001 0.639776 0.528732 0.672634 0.585239 
0.390867 0.421348 0.389307 0.486153 0.508066 
0.34809 0.350958 0.293969 0.359893 0.303591 
0.631393 0.6309900000000001 0.506345 0.624461 0.629601 
0.47676 0.459051 0.577442 0.513033 0.607402 
0.525207 0.451157 0.45944 0.442834 0.585327 
0.381667 0.46108 0.526482 0.473046 0.430884 
0.44443 0.534823 0.384136 0.554962 0.388523 
0.445939 0.496872 0.54309 0.552648 0.439051 
0.522405 0.560215 0.608808 0.449484 0.659704 
0.336372 0.532547 0.374252 0.442499 0.405001 
0.38974 0.327748 0.437069 0.356007 0.340713 
0.533189 0.480466 0.526659 0.6127590000000001 0.539635 
0.481439 0.503103 0.54901 0.434858 0.6629429999999999 
0.709471 0.612408 0.7083429999999999 0.665041 0.660048 
0.379588 0.518439 0.329111 0.461455 0.437024 
0.389168 0.343078 0.318599 0.399513 0.383756 
0.423714 0.32558 0.464962 0.318518 0.426538 
0.614559 0.584043 0.549122 0.580109 0.439379 
0.342529 0.315968 0.322779 0.374021 0.296691 
0.556351 0.489619 0.640799 0.489509 0.633412 
0.603295 0.551213 0.690394 0.632654 0.6234189999999999 
0.5419890000000001 0.456852 0.558575 0.434077 0.6180369999999999 
0.462473 0.572771 0.613365 0.520995 0.610863 
0.333238 0.515587 0.443829 0.479794 0.433438 
0.587275 0.42191 0.456719 0.438306 0.423064 
0.609284 0.649424 0.71274 0.5811269999999999 0.682534 
0.410712 0.512369 0.391508 0.383356 0.394259 
0.687124 0.537215 0.599307 0.650519 0.563798 
0.327792 0.506463 0.362958 0.40126 0.393382 
0.381976 0.531274 0.522062 0.516491 0.463475 
0.577921 0.675029 0.607158 0.680036 0.596193 
0.583776 0.451135 0.516442 0.622847 0.483854 
0.360282 0.366159 0.275045 0.385987 0.351918 
0.7293269999999999 0.640369 0.662454 0.642701 0.657762 
0.553486 0.633752 0.568421 0.561382 0.4766 
0.566489 0.671932 0.608124 0.659241 0.629898 
0.417318 0.41009 0.496348 0.489221 0.385713 
0.604673 0.556843 0.509382 0.6662130000000001 0.508261 
0.325321 0.494726 0.370558 0.392655 0.51063 
0.434963 0.640854 0.50419 0.557192 0.587641 
0.351738 0.414981 0.350933 0.39686 0.512528 
0.392053 0.492175 0.521685 0.38053 0.504893 
0.474571 0.439068 0.442276 0.482786 0.313794 
0.392472 0.550068 0.381509 0.415194 0.516516 
0.528668 0.641811 0.618053 0.547964 0.552227 
0.660373 0.709326 0.591545 0.672863 0.647358 
0.62143 0.494477 0.619736 0.638934 0.570881 
0.459447 0.443431 0.510347 0.393736 0.5908409999999999 
0.264523 0.433033 0.352226 0.363011 0.400739 
0.569475 0.472752 0.434155 0.574887 0.526223 
0.343798 0.394064 0.353712 0.397989 0.295032 
0.427697 0.470157 0.437155 0.523375 0.558362 
0.424715 0.318605 0.358025 0.416001 0.360756 
0.372399 0.433712 0.4672 0.371342 0.558293 
0.615547 0.442545 0.636199 0.56188 0.492974 
0.681682 0.725607 0.687181 0.68171 0.674086 
0.382021 0.41689 0.525766 0.433406 0.478055 
0.700879 0.601505 0.674637 0.701344 0.658428 
0.553466 0.5010790000000001 0.623042 0.532992 0.659887 
0.501121 0.420414 0.47065 0.41664 0.333559 
0.386298 0.448227 0.500438 0.469335 0.388624 
0.38563 0.389788 0.5323059999999999 0.4149 0.429809 
0.574932 0.592018 0.449323 0.653375 0.475463 
0.423744 0.459156 0.421047 0.339675 0.390393 
0.517736 0.659517 0.5336 0.505961 0.635979 
0.6676879999999999 0.527957 0.604214 0.590409 0.475608 
0.58724 0.545505 0.661373 0.495549 0.677458 
0.6251949999999999 0.541137 0.640799 0.629242 0.505691 
0.335926 0.315383 0.405698 0.313537 0.40501 
0.426838 0.60562 0.446738 0.568516 0.425558 
0.312432 0.485925 0.381064 0.381315 0.495205 
0.341467 0.347803 0.456264 0.324343 0.463394 
0.662425 0.72263 0.692098 0.671413 0.696738 
0.289333 0.418319 0.394751 0.369906 0.37599 
0.318747 0.41046 0.34352 0.43617 0.368401 
0.579511 0.573661 0.50393 0.475286 0.465797 
0.429559 0.597208 0.558944 0.562396 0.574353 
0.461087 0.413934 0.540252 0.519182 0.429889 
0.701685 0.668956 0.6691820000000001 0.7028450000000001 0.646388 
0.523482 0.560032 0.455645 0.62901 0.586435 
0.544822 0.502285 0.442016 0.491096  0.571 
0.643131 0.561916 0.579267 0.667322 0.638167 
0.415371 0.391569 0.467327 0.417185 0.340322 
0.332724 0.514083 0.384245 0.383348 0.43787 
0.692735 0.567539 0.604828 0.6088 0.537443 
0.597078 0.484987 0.42872 0.5373599999999999 0.419608 
0.340283 0.426914 0.480678 0.416462 0.456982 
0.50515 0.600515 0.592089 0.640055 0.571095 
0.498234 0.6366540000000001 0.468707 0.605075 0.46331 
0.5934160000000001 0.465857 0.535882 0.616495 0.559295 
0.633949 0.462017 0.55419 0.449215 0.5201710000000001 
0.497087 0.519597 0.47783 0.410401 0.585831 
0.584628 0.492374 0.631043 0.5708029999999999 0.638106 
0.566652 0.42726 0.5671040000000001 0.573244 0.444192 
0.423327 0.416722 0.311647 0.457795 0.329947 
0.623175 0.655013 0.6873629999999999 0.566281 0.617848 
0.5757139999999999 0.572164 0.5714900000000001 0.639506 0.480049 
0.483284 0.561379 0.429805 0.395038 0.515379 
0.501269 0.671117 0.502348 0.638082 0.593473 
0.386664 0.493203 0.32021 0.384194 0.374232 
0.439265 0.599791 0.456423 0.560519 0.5807 
0.291763 0.394812 0.317735 0.338863 0.427785 
0.33722 0.381372 0.374091 0.292193 0.418649 
0.592457 0.613312 0.601179 0.594686 0.482316 
0.455837 0.489188 0.558168 0.38821 0.585438 
0.642736 0.547271 0.659817 0.612637 0.67318 
0.446793 0.585267 0.53377 0.461039 0.653033 
0.562375 0.668682 0.568527 0.675737 0.5432979999999999 
0.446815 0.551294 0.477274 0.603456 0.432156 
0.629092 0.626193 0.665139 0.648276 0.697858 
0.483749 0.323411 0.373611 0.406785 0.319618 
0.393603 0.397261 0.492402 0.470943 0.400707 
0.562819 0.356856 0.539284 0.424294 0.420683 
0.65189 0.566173 0.634398 0.526266 0.647654 
0.672048 0.645658 0.547431 0.673341 0.60459 
0.589414 0.428245 0.465179 0.530802 0.384463 
0.521199 0.357122 0.397766 0.419991 0.358393 
0.620651 0.5292519999999999 0.668214 0.533367 0.670359 
0.5160979999999999 0.5174260000000001 0.424277 0.409037 0.382807 
0.528747 0.597113 0.491332 0.567837 0.425446 
0.5699650000000001 0.49797 0.427989 0.466826 0.51975 
0.667895 0.488299 0.579669 0.537735 0.527575 
0.398999 0.324063 0.467479 0.377635 0.446934 
0.600409 0.62857 0.607898 0.66954 0.6868919999999999 
0.420202 0.396455 0.539782 0.376405 0.540832 
0.6267200000000001 0.645028 0.655498 0.709193 0.6145080000000001 
0.448294 0.377331 0.393295 0.466375 0.331007 
0.410609 0.5151250000000001 0.542866 0.394332 0.484212 
0.48527 0.368095 0.469905 0.363515 0.334331 
0.45789 0.594322 0.460781 0.424145 0.490019 
0.572545 0.663896 0.500184 0.532184 0.608753 
0.608508 0.640483 0.599649 0.688557 0.672293 
0.428108 0.442131 0.477308 0.330577 0.49472 
0.367299 0.311165 0.41139 0.358755 0.346313 
0.381779 0.420193 0.409037 0.414006 0.548079 
0.46614 0.46994 0.47641 0.369424 0.401581 
0.400178 0.399402 0.349386 0.306881 0.378354 
0.553337 0.443848 0.412033 0.450879 0.499548 
0.5722429999999999 0.567364 0.591021 0.516051 0.702676 
0.518803 0.678978 0.536593 0.634136 0.580382 
0.465023 0.610178 0.5580310000000001 0.53267 0.639051 
0.507336 0.625893 0.569136 0.566641 0.66351 
0.6017940000000001 0.57992 0.629322 0.661482 0.651521 
0.60614 0.653967 0.683301 0.555942 0.70075 
0.552946 0.323397 0.495223 0.406546 0.486172 
0.408292 0.354878 0.509846 0.422607 0.451325 
0.49242 0.41823 0.607785 0.488649 0.483215 
0.680445 0.590753 0.58901 0.662254 0.643068 
0.449108 0.623955 0.387975 0.495414 0.5189550000000001 
0.333709 0.385587 0.3495 0.401303 0.462775 
0.409037 0.446132 0.300804 0.384312 0.356022 
0.518583 0.64972 0.473474 0.617293 0.5816789999999999 
0.515645 0.588386 0.412615 0.458336 0.452452 
0.506541 0.646697 0.42713 0.506719 0.5244760000000001 
0.483418 0.446421 0.432085 0.537336 0.333869 
0.640663 0.526991 0.672704 0.5115 0.552247 
0.604479 0.721484 0.616075 0.649526 0.6914400000000001 
0.390578 0.423246 0.397386 0.420264 0.311755 
0.583987 0.712581 0.6333569999999999 0.608334 0.634607 
0.360854 0.485952 0.410114 0.491288 0.508965 
0.462197 0.519969 0.623559 0.514106 0.578698 
0.451476 0.35427 0.398187 0.367676 0.483331 
0.562494 0.652077 0.567433 0.53527 0.6761 
0.597384 0.502197 0.654157 0.612282 0.604514 
0.591722 0.63978 0.494209 0.581821 0.514402 
