5
371
0.603089 0.558189 0.763172 0.640339 0.650689 
0.583683 0.6176430000000001 0.784545 0.58081 0.6655180000000001 
0.646965 0.375811 0.472137 0.457396 0.491853 
0.619266 0.5447920000000001 0.653658 0.424651 0.503089 
0.673307 0.513773 0.639855 0.439989 0.592127 
0.600757 0.469602 0.45097 0.6885 0.375172 
0.374576 0.290304 0.30599 0.230899 0.325177 
0.318905 0.239223 0.412676 0.330599 0.414012 
0.416232 0.708138 0.463713 0.573905 0.618631 
0.671312 0.70287 0.683209 0.608944 0.7769470000000001 
0.40856 0.549691 0.398559 0.392934 0.633317 
0.422644 0.294394 0.433122 0.44443 0.264714 
0.425126 0.451629 0.5487570000000001 0.287123 0.418317 
0.5971379999999999 0.431441 0.462026 0.49656 0.326983 
0.529415 0.718321 0.538481 0.523648 0.508874 
0.618138 0.678476 0.763308 0.555922 0.66852 
0.65527 0.683083 0.605442 0.545378 0.530529 
0.674231 0.5494329999999999 0.601819 0.590253 0.716168 
0.533076 0.585287 0.530821 0.630478 0.696391 
0.505233 0.726515 0.552559 0.530415 0.684604 
0.564431 0.564746 0.686847 0.57825 0.748088 
0.662656 0.680658 0.575242 0.520205 0.524739 
0.380891 0.448229 0.317592 0.350224 0.531258 
0.53786 0.644038 0.507244 0.702003 0.469389 
0.5039 0.242519 0.38958 0.359646 0.347893 
0.253596 0.364614 0.261288 0.233218 0.349366 
0.320492 0.555323 0.426863 0.418113 0.645519 
0.5107699999999999 0.382816 0.5231440000000001 0.388326 0.284897 
0.796598 0.687752 0.676906 0.691656 0.640572 
0.348266 0.275843 0.436363 0.260099 0.415023 
0.669847 0.734889 0.759498 0.72415 0.75904 
0.723562 0.727038 0.724092 0.802275 0.678668 
0.369497 0.263031 0.306215 0.292954 0.400928 
0.732536 0.793427 0.6889999999999999 0.78973 0.66637 
0.67056 0.628932 0.487891 0.710202 0.585383 
0.768715 0.658005 0.771814 0.7545460000000001 0.740262 
0.401637 0.35118 0.39992 0.319164 0.5641620000000001 
0.464522 0.263652 0.358782 0.449954 0.347619 
0.349734 0.304353 0.240843 0.255721 0.316665 
0.371065 0.41716 0.546167 0.471849 0.604801 
0.633062 0.366124 0.60097 0.427068 0.6048559999999999 
0.236468 0.297963 0.364327 0.320449 0.393554 
0.651288 0.435063 0.709032 0.553545 0.647289 
0.28286 0.234556 0.216829 0.240233 0.223056 
0.675936 0.487087 0.469308 0.451503 0.477093 
0.491676 0.632674 0.602092 0.460279 0.453117 
0.475319 0.459926 0.330077 0.544812 0.245895 
0.703085 0.5089050000000001 0.559787 0.499929 0.640325 
0.505447 0.39292 0.397536 0.330437 0.284375 
0.6468930000000001 0.467429 0.511893 0.671311 0.375701 
0.644671 0.536619 0.742408 0.62376 0.561654 
0.43632 0.503393 0.465543 0.649868 0.370332 
0.729807 0.787927 0.686052 0.687147 0.751727 
0.524729 0.62007 0.546682 0.365926 0.509616 
0.715458 0.568016 0.550119 0.609749 0.627078 
0.54426 0.457326 0.654883 0.313496 0.60829 
0.741416 0.746767 0.737819 0.763051 0.7234699999999999 
0.488868 0.565508 0.499934 0.458224 0.317196 
0.656516 0.484157 0.447286 0.695646 0.512106 
0.472973 0.300122 0.423605 0.275231 0.408539 
0.684402 0.459664 0.672144 0.466923 0.461108 
0.610861 0.488713 0.598307 0.659729 0.391027 
0.719174 0.748099 0.6021570000000001 0.644888 0.619669 
0.363715 0.571555 0.5649189999999999 0.321026 0.484557 
0.440829 0.588103 0.373411 0.338089 0.54266 
0.716732 0.527308 0.620862 0.528465 0.457123 
0.718198 0.616045 0.587821 0.745746 0.637894 
0.689175 0.39006 0.6690160000000001 0.48895 0.431194 
0.360994 0.424746 0.310343 0.392159 0.214495 
0.536296 0.466183 0.483603 0.63901 0.327785 
0.447515 0.4993 0.275429 0.472091 0.436995 
0.403058 0.383976 0.357871 0.438212 0.555369 
0.596377 0.718962 0.714708 0.635416 0.784018 
0.538856 0.309387 0.364639 0.529463 0.324683 
0.68008 0.488178 0.427876 0.656207 0.4091 
0.420502 0.34955 0.295231 0.273828 0.38314 
0.453466 0.285781 0.549781 0.347597 0.460302 
0.449918 0.667472 0.6512559999999999 0.554868 0.617131 
0.432976 0.5751540000000001 0.617237 0.470553 0.46954 
0.614628 0.458924 0.441323 0.682535 0.441864 
0.263103 0.384904 0.206625 0.366746 0.300228 
0.734407 0.507745 0.549076 0.518194 0.546027 
0.712651 0.423037 0.620461 0.644652 0.46591 
0.384101 0.580417 0.319334 0.444706 0.32639 
0.716465 0.385668 0.649427 0.566106 0.502203 
0.297573 0.297105 0.451274 0.353171 0.364551 
0.487986 0.693807 0.581789 0.619224 0.722233 
0.629189 0.545705 0.512592 0.381296 0.558867 
0.454495 0.306614 0.378333 0.326972 0.265755 
0.371737 0.629396 0.550651 0.491082 0.6948 
0.23077 0.436261 0.327902 0.450849 0.366004 
0.603694 0.789961 0.5338349999999999 0.695508 0.6409010000000001 
0.387733 0.641684 0.320805 0.525294 0.531915 
0.497261 0.365906 0.500727 0.616743 0.528253 
0.625134 0.652253 0.694638 0.742823 0.672641 
0.690307 0.6376309999999999 0.655496 0.564204 0.740348 
0.538067 0.676488 0.436891 0.479758 0.603452 
0.5732930000000001 0.566874 0.386134 0.420297 0.451359 
0.660205 0.607228 0.465611 0.536655 0.598039 
0.28756 0.230741 0.309222 0.197896 0.259239 
0.621487 0.747131 0.6789269999999999 0.6269400000000001 0.604608 
0.581949 0.524454 0.376051 0.484285 0.39306 
0.286685 0.439728 0.328352 0.256011 0.39793 
0.442794 0.702437 0.5178160000000001 0.675362 0.623928 
0.573099 0.523529 0.4197 0.447907 0.612892 
0.544358 0.20582 0.483495 0.431953 0.409958 
0.588299 0.406059 0.715847 0.565156 0.609436 
0.503668 0.421446 0.53878 0.517374 0.306184 
0.429222 0.5578880000000001 0.534131 0.581456 0.384766 
0.498442 0.455646 0.475265 0.385483 0.264709 
0.483063 0.591651 0.432463 0.645578 0.609118 
0.564176 0.721445 0.762647 0.626737 0.728859 
0.435668 0.336299 0.338947 0.345083 0.501232 
0.473769 0.459568 0.684917 0.46509 0.505858 
0.397389 0.28484 0.407305 0.307756 0.48919 
0.596858 0.621942 0.667254 0.647546 0.486163 
0.522024 0.471565 0.537897 0.654222 0.626596 
0.6747030000000001 0.592126 0.679812 0.466507 0.716938 
0.684212 0.425496 0.486457 0.572011 0.395556 
0.731537 0.628277 0.620243 0.5734050000000001 0.49871 
0.4481 0.667563 0.623542 0.589437 0.586592 
0.403265 0.378137 0.330927 0.343518 0.209014 
0.562473 0.566609 0.327657 0.630682 0.535327 
0.201499 0.269811 0.276265 0.238536  0.331 
0.655092 0.504403 0.712456 0.469764 0.543851 
0.288744 0.267296 0.343421 0.382017 0.238595 
0.413445 0.564308 0.555993 0.40911 0.420982 
0.425218 0.424059 0.392885 0.60483 0.504104 
0.472219 0.699841 0.429002 0.578045 0.628711 
0.330473 0.344747 0.195295 0.367663 0.284992 
0.357077 0.6299360000000001 0.469484 0.568079 0.609289 
0.566407 0.45696 0.5489540000000001 0.697628 0.470354 
0.6172569999999999 0.639714 0.429811 0.570788 0.588966 
0.51553 0.583185 0.620182 0.680625 0.6909650000000001 
0.438694 0.344954 0.322773 0.478896 0.230474 
0.652833 0.56773 0.666143 0.559441 0.743563 
0.506315 0.542092 0.544602 0.312189 0.497724 
0.321006 0.238892 0.330523 0.260054 0.336794 
0.388137 0.521898 0.273164 0.40172 0.329449 
0.563707 0.340681 0.621192 0.390319 0.494272 
0.414022 0.480448 0.292854 0.586492 0.458345 
0.587221 0.749476 0.471262 0.685248 0.6340249999999999 
0.332532 0.45385 0.248868 0.301615 0.335025 
0.375801 0.362924 0.551219 0.348187 0.564558 
0.4295 0.425045 0.5108239999999999 0.261743 0.549695 
0.332857 0.33424 0.326771 0.511321 0.326431 
0.756215 0.619847 0.706504 0.626091 0.53635 
0.322572 0.490561 0.360107 0.373701 0.312142 
0.536334 0.695163 0.544897 0.705676 0.534898 
0.691199 0.371449 0.644813 0.51245 0.5331050000000001 
0.45277 0.6769770000000001 0.348378 0.542573 0.531941 
0.670578 0.6862200000000001 0.513325 0.614381 0.57218 
0.424457 0.516944 0.606491 0.473107 0.455172 
0.5612819999999999 0.492797 0.542907 0.390551 0.379107 
0.54492 0.459471 0.427819 0.576159 0.606586 
0.5279740000000001 0.682512 0.549825 0.412329 0.632474 
0.657351 0.508105 0.599448 0.489283 0.685589 
0.33985 0.538836 0.411845 0.276135 0.522743 
0.476224 0.429445 0.273144 0.5274180000000001 0.337635 
0.480515 0.467784 0.356799 0.638503 0.568546 
0.783106 0.664037 0.748956 0.645684 0.738021 
0.496011 0.443005 0.342159 0.6315809999999999 0.274585 
0.702107 0.680521 0.657156 0.718268 0.770105 
0.360516 0.557377 0.414347 0.361892 0.38044 
0.579354 0.44272 0.498207 0.304789 0.5671929999999999 
0.688503 0.428265 0.559099 0.601837 0.369493 
0.771492 0.540836 0.704865 0.703009 0.662755 
0.627843 0.313609 0.6194190000000001 0.477586 0.449205 
0.552049 0.69723 0.5970220000000001 0.5172 0.519518 
0.519154 0.570248 0.308628 0.553098 0.384697 
0.382884 0.283364 0.3422 0.475013 0.323679 
0.599359 0.482685 0.392847 0.42714 0.486412 
0.644604 0.349231 0.468913 0.467566 0.436776 
0.556808 0.705812 0.662066 0.665091 0.586866 
0.297809 0.305761 0.422759 0.245148 0.302379 
0.294501 0.617202 0.367509 0.405344 0.455325 
0.602252 0.576149 0.637053 0.653093 0.737489 
0.573134 0.487575 0.369337 0.472936 0.376824 
0.394394 0.244235 0.302016 0.338274 0.263502 
0.533788 0.336006 0.579611 0.467984 0.374808 
0.405345 0.381334 0.561523 0.279083 0.465403 
0.408514 0.456325 0.382078 0.494507 0.619196 
0.533766 0.650342 0.580673 0.399072 0.699998 
0.49297 0.608615 0.664629 0.413197 0.533002 
0.549882 0.683373 0.431749 0.674247 0.482565 
0.382576 0.406189 0.586801 0.445205 0.515835 
0.317112 0.494409 0.343372 0.454267 0.306719 
0.638359 0.704472 0.620483 0.654581 0.769164 
0.742116 0.586877 0.612529 0.7336510000000001 0.546135 
0.700537 0.428939 0.680499 0.516236 0.509941 
0.513077 0.604977 0.456668 0.352696 0.576025 
0.618696 0.502429 0.622779 0.620324 0.70758 
0.619708 0.765993 0.577396 0.609416 0.664237 
0.648886 0.6969 0.6807569999999999 0.6154849999999999 0.7838039999999999 
0.654856 0.67134 0.615943 0.655677 0.766211 
0.556074 0.7797809999999999 0.529231 0.678771 0.609065 
0.454285 0.527336 0.381845 0.283742 0.485733 
0.759924 0.7182500000000001 0.778825 0.711727 0.7549940000000001 
0.331158 0.608174 0.530587 0.494215 0.582195 
0.419381 0.478847 0.574312 0.51152 0.6737340000000001 
0.540757 0.681157 0.463077 0.473128 0.503673 
0.70655 0.386948 0.595888 0.584118 0.404224 
0.235985 0.406891 0.394636 0.285571 0.501518 
0.625165 0.686605 0.691256 0.491243 0.681411 
0.465781 0.401999 0.316624 0.404257 0.239878 
0.600366 0.558651 0.540778 0.551928 0.7005 
0.419089 0.433273 0.367338 0.335354 0.553328 
0.512774 0.479944 0.649054 0.447101 0.452685 
0.405817 0.473428 0.621566 0.398944 0.668045 
0.7568 0.642174 0.593458 0.623909 0.5375450000000001 
0.218189 0.259115 0.263407 0.304351 0.31032 
0.319788 0.321435 0.363199 0.204649 0.45762 
0.52868 0.567502 0.623871 0.356514 0.559092 
0.335332 0.415443 0.395844 0.251683 0.338124 
0.354862 0.467602 0.570144 0.304189 0.551592 
0.387095 0.296332 0.345087 0.216028 0.284071 
0.572384 0.497917 0.5467610000000001 0.325485 0.625124 
0.496695 0.51705 0.394509 0.687634 0.566752 
0.339202 0.510063 0.31443 0.489166 0.534266 
0.548075 0.552362 0.325476 0.577101 0.465908 
0.527401 0.322952 0.464545 0.513583 0.290179 
0.492951 0.655664 0.716016 0.58694 0.657158 
0.365526 0.358763 0.27511 0.257323 0.329966 
0.5727719999999999 0.414272 0.460577 0.309622 0.469153 
0.6066009999999999 0.651017 0.436896 0.653451 0.451956 
0.5151250000000001 0.755097 0.623744 0.647949 0.616461 
0.611357 0.72345 0.577526 0.771323 0.673091 
0.546778 0.301834 0.540588 0.512256 0.519984 
0.385541 0.618179 0.415899 0.342693 0.538767 
0.420364 0.375454 0.421043 0.521639 0.251301 
0.612434 0.787611 0.577993 0.72963 0.647521 
0.409543 0.32409 0.241238 0.35406 0.260554 
0.500688 0.755423 0.551973 0.546053 0.6584449999999999 
0.529114 0.662679 0.679632 0.462862 0.724902 
0.474587 0.783713 0.50725 0.6193109999999999 0.62155 
0.58195 0.584667 0.63622 0.6801 0.482291 
0.416336 0.346295 0.609497 0.422039 0.56754 
0.553633 0.397625 0.62664 0.573952 0.393549 
0.475525 0.325878 0.50368 0.258681 0.353487 
0.351223 0.653143 0.5414949999999999 0.442864 0.547892 
0.417451 0.552773 0.301501 0.371479 0.477287 
0.399491 0.422691 0.447443 0.250282 0.507368 
0.417305 0.52106 0.366405 0.616242 0.355568 
0.6380209999999999 0.643339 0.637643 0.527081 0.517506 
0.50462 0.498335 0.6683249999999999 0.5991610000000001 0.57851 
0.364884 0.509581 0.471555 0.57563 0.382969 
0.718604 0.587757 0.773875 0.685352 0.612839 
0.510016 0.629369 0.479456 0.406518 0.438767 
0.404517 0.664758 0.544118 0.481383 0.684966 
0.649325 0.421712 0.473467 0.541547 0.585369 
0.784375 0.71612 0.7148099999999999 0.779233 0.648019 
0.5154840000000001 0.361824 0.29558 0.479325 0.305161 
0.574888 0.362955 0.512223 0.381922 0.570457 
0.601284 0.35573 0.613352 0.557779 0.478971 
0.374477 0.279498 0.30667 0.329243 0.230238 
0.572474 0.472428 0.485652 0.540628 0.308086 
0.240277 0.473357 0.321056 0.40734 0.394393 
0.650935 0.723992 0.687698 0.661455 0.788072 
0.25737 0.330774 0.366009 0.382964 0.321542 
0.406094 0.697417 0.502676 0.530317 0.6603019999999999 
0.47635 0.665472 0.34769 0.47648 0.496957 
0.357709 0.677792 0.40569 0.47233 0.558526 
0.52421 0.703277 0.664863 0.696561 0.657693 
0.583147 0.5269160000000001 0.462072 0.6994939999999999 0.602303 
0.599463 0.502193 0.7244429999999999 0.5585869999999999 0.546636 
0.37514 0.324256 0.444738 0.275221 0.293013 
0.578272 0.391582 0.55232 0.634765 0.527075 
0.436538 0.384661 0.234402 0.446827 0.251941 
0.48362 0.58303 0.320337 0.485515 0.528107 
0.496347 0.748658 0.517414 0.486295 0.585565 
0.619293 0.512974 0.679032 0.699659 0.678934 
0.472728 0.378518 0.604299 0.565779 0.621828 
0.27428 0.511178 0.34765 0.360616 0.5147350000000001 
0.58267 0.318975 0.35221 0.527052 0.483757 
0.560189 0.774159 0.488502 0.645408 0.598646 
0.652685 0.725481 0.591377 0.787968 0.595052 
0.432518 0.439433 0.421493 0.486672 0.249826 
0.406103 0.331739 0.436824 0.5051870000000001 0.5607799999999999 
0.5418230000000001 0.6647380000000001 0.393754 0.501701 0.466903 
0.539451 0.301592 0.611679 0.398329 0.488744 
0.733577 0.780188 0.656855 0.713964 0.626324 
0.637082 0.501492 0.394962 0.626914 0.379835 
0.529393 0.427771 0.420182 0.294839 0.490042 
0.591322 0.377607 0.61758 0.571441 0.43631 
0.296931 0.353336 0.294744 0.462319 0.293497 
0.697875 0.690152 0.70248 0.534371 0.696442 
0.509126 0.318773 0.48215 0.413001 0.258761 
0.316336 0.5528380000000001 0.461505 0.330468 0.630972 
0.612024 0.772024 0.6647999999999999 0.662004 0.638829 
0.5344100000000001 0.729087 0.404924 0.5792040000000001 0.546338 
0.409756 0.260924 0.436421 0.466572 0.329148 
0.516043 0.555028 0.658171 0.376661 0.495311 
0.537778 0.420484 0.506119 0.298928 0.385419 
0.290522 0.263315 0.403293 0.250572 0.396659 
0.22493 0.244738 0.229331 0.284013 0.216043 
0.19498 0.357288 0.293813 0.37182 0.351533 
0.43702 0.763209 0.460447 0.583892 0.498945 
0.603807 0.673291 0.502127 0.665644 0.465254 
0.498061 0.5514210000000001 0.713943 0.534119 0.654379 
0.435277 0.507575 0.389119 0.644618 0.355732 
0.7160260000000001 0.755348 0.768559 0.724063 0.706589 
0.736028 0.567194 0.616094 0.523631 0.603123 
0.320804 0.610274 0.496275 0.43382 0.631088 
0.776218 0.70042 0.7420020000000001 0.680378 0.67033 
0.461302 0.442763 0.320838 0.372657 0.473234 
0.682383 0.624985 0.779265 0.671618 0.744776 
0.564049 0.281625 0.534346 0.473922 0.496254 
0.706579 0.441364 0.611863 0.6248280000000001 0.422617 
0.484099 0.416361 0.53485 0.657069 0.5021640000000001 
0.59258 0.634029 0.693393 0.551478 0.75327 
0.475915 0.554802 0.405828 0.707843 0.512121 
0.550608 0.627181 0.472426 0.379109 0.547287 
0.294911 0.273792 0.231774 0.282075 0.205989 
0.394435 0.456947 0.438907 0.40553 0.653007 
0.686598 0.696774 0.674723 0.678885 0.776693 
0.31734 0.334913 0.491771 0.341399 0.354559 
0.322017 0.421196 0.482113 0.389738 0.606884 
0.522224 0.420377 0.6900500000000001 0.430812 0.601114 
0.312015 0.524106 0.481738 0.370755 0.38301 
0.345195 0.362651 0.472068 0.525779 0.466384 
0.242447 0.301493 0.189001 0.25859 0.264609 
0.5880840000000001 0.270929 0.498931 0.352209 0.387425 
0.467351 0.734494 0.6030489999999999 0.66575 0.651265 
0.489837 0.426654 0.393354 0.456591 0.595483 
0.500315 0.514831 0.319811 0.534296 0.533679 
0.619266 0.5037509999999999 0.45112 0.405237 0.472069 
0.684833 0.621043 0.631383 0.771425 0.574638 
0.571476 0.494337 0.564999 0.340124 0.460073 
0.5476490000000001 0.593078 0.403644 0.464838 0.369945 
0.6144770000000001 0.410609 0.431319 0.6338510000000001 0.496219 
0.406452 0.264298 0.336026 0.440288 0.335654 
0.476733 0.218289 0.425294 0.360425 0.311999 
0.489971 0.339115 0.513527 0.297379 0.32952 
0.5277809999999999 0.404904 0.566544 0.449002 0.631806 
0.394148 0.385277 0.281167 0.488906 0.446728 
0.6854209999999999 0.592038 0.543237 0.747397 0.577866 
0.307947 0.387527 0.366482 0.516048 0.406753 
0.511449 0.691024 0.623455 0.555028 0.747282 
0.492349 0.640146 0.470704 0.694808 0.508677 
0.26447 0.338405 0.417496 0.231346 0.431465 
0.550167 0.68637 0.757755 0.591533 0.6965710000000001 
0.714224 0.428966 0.558432 0.64584 0.398626 
0.240179 0.427535 0.270777 0.35214 0.455172 
0.37687 0.365629 0.5283330000000001 0.425521 0.328374 
0.443662 0.637541 0.468056 0.363351 0.557038 
0.657738 0.573428 0.7575229999999999 0.5168970000000001 0.666949 
0.383858 0.293301 0.387339 0.269807 0.250017 
0.528622 0.278605 0.461936 0.495974 0.319213 
0.574809 0.533517 0.520706 0.667257 0.320105 
0.403615 0.358765 0.560041 0.421654 0.37069 
0.26565 0.394668 0.429372 0.259519 0.386193 
0.355316 0.283162 0.477093 0.411624 0.405453 
0.313838 0.538412 0.506783 0.5118 0.627969 
0.438646 0.481061 0.524976 0.648571 0.44146 
0.35708 0.313352 0.370004 0.468101 0.272323 
0.674275 0.601064 0.7263269999999999 0.638894 0.497475 
0.502929 0.520558 0.597388 0.683455 0.540863 
0.531558 0.61653 0.38644 0.494573 0.338261 
0.386947 0.581942 0.359711 0.310135 0.459732 
0.355125 0.524029 0.500107 0.494032 0.404727 
0.702172 0.749638 0.625726 0.791978 0.719174 
0.327661 0.489608 0.485531 0.538848 0.458335 
0.598241 0.329738 0.408743 0.498407 0.36015 
0.350757 0.399815 0.434547 0.33902 0.283208 
0.464687 0.33029 0.526463 0.391828 0.572887 
0.800005 0.714666 0.789035 0.743411 0.755823 
0.24636 0.314473 0.250021 0.246501 0.259836 
0.355763 0.38202 0.282191 0.354377 0.182997 
0.767754 0.690205 0.588736 0.735327 0.636209 
0.397707 0.51503 0.522125 0.651511 0.482449 
0.64594 0.767533 0.5579190000000001 0.65426 0.610388 
