5
38
4.636520000000000086e-01 4.938569999999999904e-01 5.048169999999999602e-01 5.061309999999999976e-01 4.869310000000000027e-01
4.732379999999999920e-01 4.957250000000000267e-01 5.125840000000000396e-01 4.275630000000000264e-01 5.386170000000000124e-01
4.543449999999999989e-01 4.496600000000000041e-01 4.227730000000000099e-01 4.533889999999999865e-01 3.925960000000000005e-01
4.917710000000000137e-01 4.771830000000000238e-01 4.473170000000000202e-01 4.581729999999999969e-01 5.359359999999999680e-01
6.105519999999999836e-01 5.375760000000000538e-01 5.409629999999999717e-01 5.494729999999999892e-01 5.057719999999999994e-01
5.252649999999999819e-01 5.569309999999999539e-01 4.647950000000000137e-01 5.758539999999999770e-01 4.748009999999999731e-01
4.338330000000000242e-01 4.193200000000000260e-01 4.312730000000000175e-01 3.742719999999999936e-01 3.963240000000000096e-01
5.947259999999999769e-01 5.368319999999999759e-01 5.647699999999999942e-01 5.038859999999999451e-01 5.160510000000000375e-01
4.803669999999999884e-01 5.695879999999999832e-01 4.425419999999999909e-01 5.024399999999999977e-01 4.590159999999999796e-01
4.780130000000000212e-01 5.617910000000000403e-01 5.644040000000000168e-01 5.088869999999999783e-01 5.093199999999999950e-01
6.020870000000000388e-01 5.655559999999999476e-01 6.289630000000000498e-01 6.009330000000000505e-01 5.535729999999999817e-01
4.442570000000000130e-01 4.647879999999999789e-01 4.599940000000000140e-01 3.935589999999999922e-01 4.832460000000000089e-01
5.237410000000000121e-01 4.160249999999999782e-01 4.921710000000000251e-01 4.432139999999999969e-01 4.496769999999999934e-01
4.965720000000000134e-01 4.719140000000000001e-01 4.188729999999999953e-01 5.055749999999999966e-01 4.168799999999999728e-01
5.267939999999999845e-01 5.563000000000000167e-01 5.340920000000000112e-01 5.868839999999999613e-01 5.781250000000000000e-01
4.902889999999999748e-01 5.688180000000000458e-01 5.642200000000000548e-01 5.211440000000000516e-01 5.254889999999999839e-01
3.679640000000000133e-01 3.794660000000000255e-01 4.039320000000000133e-01 3.672230000000000216e-01 4.219169999999999865e-01
5.389659999999999451e-01 5.277380000000000404e-01 4.852679999999999771e-01 5.008780000000000454e-01 5.079350000000000254e-01
5.544869999999999521e-01 6.206540000000000390e-01 5.006699999999999484e-01 5.775379999999999958e-01 5.243470000000000075e-01
5.153969999999999940e-01 4.891699999999999937e-01 4.338130000000000042e-01 4.742720000000000269e-01 5.030839999999999756e-01
4.055830000000000268e-01 4.360189999999999899e-01 3.676099999999999923e-01 4.058740000000000125e-01 4.554360000000000075e-01
4.284669999999999868e-01 5.068030000000000035e-01 4.575400000000000023e-01 4.967570000000000041e-01 4.854069999999999774e-01
3.851709999999999856e-01 4.074300000000000144e-01 4.510950000000000237e-01 4.305860000000000243e-01 3.995699999999999807e-01
4.483289999999999775e-01 4.733820000000000250e-01 4.824249999999999927e-01 4.436729999999999841e-01 4.230260000000000131e-01
5.778480000000000283e-01 5.826130000000000475e-01 5.519159999999999622e-01 6.151820000000000066e-01 5.232419999999999849e-01
4.923290000000000166e-01 5.065920000000000423e-01 5.443170000000000508e-01 5.318070000000000297e-01 5.454120000000000079e-01
4.843770000000000020e-01 4.201849999999999752e-01 4.249080000000000079e-01 3.985079999999999734e-01 4.514250000000000207e-01
4.324689999999999923e-01 4.168479999999999963e-01 4.468869999999999787e-01 3.598060000000000147e-01 4.606270000000000087e-01
4.162529999999999841e-01 4.431999999999999829e-01 3.779879999999999907e-01 3.597069999999999990e-01 4.689159999999999995e-01
4.484079999999999733e-01 4.648829999999999907e-01 4.684679999999999955e-01 4.168080000000000118e-01 5.026359999999999717e-01
6.395809999999999551e-01 5.617159999999999931e-01 5.507319999999999993e-01 5.710950000000000193e-01 5.555390000000000050e-01
4.664760000000000018e-01 4.871800000000000019e-01 4.540420000000000011e-01 4.427420000000000244e-01 5.010970000000000146e-01
4.297690000000000121e-01 5.295830000000000259e-01 4.426570000000000227e-01 4.892989999999999839e-01 5.608600000000000252e-01
4.885390000000000010e-01 6.087050000000000516e-01 5.486050000000000093e-01 4.993830000000000213e-01 5.881570000000000409e-01
5.402749999999999497e-01 6.150700000000000056e-01 5.496410000000000462e-01 5.495790000000000397e-01 5.030040000000000067e-01
5.996550000000000491e-01 5.997369999999999646e-01 6.164039999999999520e-01 6.132790000000000186e-01 5.507729999999999571e-01
4.115360000000000129e-01 4.417539999999999800e-01 4.081989999999999785e-01 4.218160000000000243e-01 4.126059999999999728e-01
6.001370000000000315e-01 5.812030000000000252e-01 6.136449999999999960e-01 5.384339999999999682e-01 6.014800000000000146e-01
