5
741
4.540199999999999791e-01 5.127620000000000511e-01 3.235250000000000070e-01 4.827940000000000009e-01 3.835919999999999885e-01
5.685700000000000198e-01 4.814140000000000086e-01 5.879130000000000189e-01 6.465130000000000043e-01 4.892719999999999847e-01
6.233450000000000379e-01 5.216460000000000541e-01 5.905569999999999986e-01 4.447840000000000127e-01 4.707629999999999870e-01
6.259780000000000344e-01 6.014479999999999826e-01 5.900900000000000034e-01 6.642909999999999648e-01 6.781490000000000018e-01
4.511530000000000262e-01 3.184379999999999988e-01 3.345489999999999853e-01 3.967970000000000108e-01 3.904969999999999830e-01
5.955719999999999903e-01 5.617450000000000498e-01 4.731920000000000015e-01 6.224779999999999758e-01 5.810480000000000089e-01
6.061109999999999554e-01 6.483409999999999451e-01 6.377469999999999528e-01 6.491580000000000128e-01 5.266889999999999628e-01
6.034589999999999677e-01 5.644820000000000393e-01 5.975289999999999768e-01 6.550709999999999589e-01 5.259660000000000446e-01
6.267460000000000253e-01 4.361809999999999854e-01 5.357589999999999852e-01 5.241959999999999953e-01 4.035889999999999755e-01
4.024059999999999859e-01 4.412209999999999743e-01 4.380109999999999837e-01 5.418140000000000178e-01 5.246079999999999632e-01
5.657510000000000039e-01 5.983330000000000037e-01 7.140250000000000208e-01 5.798529999999999518e-01 5.599610000000000420e-01
4.889530000000000265e-01 3.124210000000000043e-01 4.547510000000000163e-01 3.243240000000000012e-01 4.387039999999999829e-01
6.228599999999999692e-01 5.150219999999999798e-01 6.900469999999999660e-01 5.080040000000000111e-01 5.549600000000000088e-01
3.148810000000000220e-01 3.379019999999999802e-01 3.204500000000000126e-01 3.833280000000000021e-01 3.217920000000000225e-01
5.412479999999999514e-01 6.016380000000000061e-01 6.101529999999999454e-01 5.329599999999999893e-01 6.306019999999999959e-01
3.419260000000000077e-01 4.181730000000000169e-01 3.610180000000000056e-01 4.321969999999999978e-01 4.453480000000000216e-01
4.647809999999999997e-01 5.540669999999999762e-01 4.490239999999999787e-01 5.968820000000000237e-01 4.652330000000000076e-01
6.250700000000000145e-01 5.989449999999999497e-01 6.144640000000000102e-01 5.724089999999999456e-01 5.452209999999999557e-01
5.636090000000000266e-01 5.692639999999999922e-01 4.553110000000000213e-01 4.762859999999999872e-01 4.163540000000000019e-01
4.489029999999999965e-01 5.975009999999999488e-01 5.204769999999999675e-01 4.744970000000000021e-01 5.105600000000000138e-01
6.557469999999999688e-01 5.267349999999999532e-01 4.718530000000000224e-01 5.445069999999999633e-01 4.732899999999999885e-01
6.242950000000000443e-01 6.598629999999999773e-01 5.670429999999999637e-01 6.735010000000000163e-01 6.304650000000000531e-01
5.704280000000000461e-01 5.203579999999999872e-01 6.399629999999999486e-01 5.278300000000000214e-01 6.613250000000000517e-01
5.463160000000000238e-01 6.459340000000000082e-01 5.844009999999999483e-01 5.495069999999999677e-01 6.277859999999999552e-01
5.827329999999999455e-01 4.050320000000000031e-01 4.823560000000000070e-01 4.768580000000000041e-01 3.725609999999999755e-01
6.906970000000000054e-01 5.895629999999999482e-01 6.322360000000000202e-01 5.894080000000000430e-01 6.303400000000000114e-01
4.169010000000000216e-01 4.837219999999999853e-01 3.777900000000000147e-01 5.006209999999999827e-01 2.953569999999999807e-01
4.723189999999999888e-01 5.263179999999999525e-01 4.461840000000000250e-01 4.870689999999999742e-01 4.715759999999999952e-01
3.809980000000000033e-01 3.914900000000000047e-01 3.180189999999999961e-01 3.031139999999999946e-01 3.719600000000000128e-01
4.254459999999999908e-01 5.597919999999999563e-01 3.417620000000000102e-01 5.523820000000000396e-01 4.743839999999999724e-01
3.211669999999999803e-01 3.009930000000000105e-01 3.726450000000000040e-01 2.978350000000000164e-01 2.949550000000000227e-01
6.027510000000000367e-01 5.796510000000000273e-01 5.673430000000000417e-01 6.264899999999999913e-01 5.026599999999999957e-01
5.412949999999999706e-01 5.729729999999999546e-01 6.068350000000000133e-01 5.438910000000000133e-01 6.721470000000000500e-01
4.015509999999999913e-01 2.743729999999999780e-01 3.923400000000000221e-01 3.770850000000000035e-01 3.888909999999999867e-01
4.384830000000000116e-01 4.721000000000000196e-01 3.347069999999999768e-01 3.801019999999999954e-01 3.817880000000000162e-01
5.652869999999999839e-01 5.463440000000000518e-01 6.631449999999999845e-01 4.439139999999999753e-01 5.984960000000000280e-01
3.565240000000000076e-01 3.878240000000000021e-01 4.318089999999999984e-01 4.503050000000000108e-01 3.290120000000000267e-01
2.858490000000000197e-01 3.811809999999999921e-01 3.225609999999999866e-01 2.937690000000000023e-01 3.543020000000000058e-01
5.489230000000000498e-01 7.015639999999999654e-01 5.603609999999999980e-01 6.563489999999999602e-01 5.097530000000000117e-01
5.520950000000000024e-01 6.401019999999999488e-01 4.798990000000000200e-01 5.624710000000000543e-01 5.328749999999999876e-01
4.310769999999999880e-01 3.171140000000000070e-01 3.761149999999999771e-01 3.570320000000000160e-01 4.440939999999999888e-01
4.198120000000000185e-01 4.249069999999999792e-01 4.902259999999999951e-01 4.359399999999999942e-01 4.797270000000000145e-01
4.792049999999999921e-01 3.433410000000000073e-01 5.290960000000000107e-01 3.888090000000000157e-01 3.616280000000000050e-01
5.269139999999999935e-01 6.164539999999999464e-01 4.988310000000000244e-01 4.654139999999999944e-01 4.866489999999999982e-01
6.182819999999999983e-01 6.288120000000000376e-01 4.771529999999999938e-01 6.184600000000000097e-01 4.672399999999999887e-01
6.506129999999999969e-01 6.424180000000000446e-01 6.517589999999999772e-01 6.247620000000000395e-01 7.110699999999999799e-01
3.372899999999999787e-01 4.379529999999999812e-01 4.431809999999999916e-01 3.105020000000000002e-01 4.862589999999999968e-01
6.321379999999999777e-01 5.551350000000000451e-01 5.816789999999999461e-01 4.943379999999999996e-01 4.411269999999999913e-01
3.352970000000000117e-01 3.521650000000000058e-01 4.064189999999999747e-01 3.348929999999999962e-01 4.397280000000000078e-01
5.493879999999999875e-01 5.843429999999999458e-01 7.076989999999999670e-01 5.156760000000000232e-01 6.087369999999999726e-01
4.551129999999999898e-01 5.582810000000000272e-01 6.082250000000000156e-01 4.507149999999999768e-01 5.893070000000000253e-01
5.816459999999999964e-01 6.497279999999999722e-01 6.539700000000000513e-01 5.932089999999999863e-01 6.645990000000000508e-01
4.439649999999999985e-01 3.542100000000000248e-01 5.117180000000000062e-01 3.966709999999999958e-01 3.708620000000000250e-01
4.557999999999999829e-01 3.365440000000000098e-01 3.564660000000000051e-01 3.637960000000000083e-01 4.121219999999999883e-01
5.028589999999999449e-01 4.293549999999999867e-01 3.358099999999999974e-01 5.069310000000000205e-01 3.950890000000000235e-01
4.239919999999999800e-01 5.320319999999999494e-01 5.231609999999999872e-01 5.474750000000000449e-01 5.191900000000000404e-01
5.039690000000000003e-01 6.001360000000000028e-01 4.893109999999999959e-01 6.267869999999999830e-01 5.193719999999999448e-01
4.000960000000000072e-01 4.746040000000000258e-01 3.549880000000000257e-01 3.811459999999999848e-01 4.029030000000000111e-01
4.442360000000000197e-01 6.579970000000000541e-01 5.801429999999999643e-01 5.595219999999999638e-01 6.107709999999999528e-01
5.071930000000000049e-01 5.804280000000000550e-01 6.394269999999999676e-01 4.711060000000000247e-01 5.286980000000000013e-01
5.222259999999999680e-01 6.617129999999999956e-01 4.662859999999999783e-01 5.317899999999999849e-01 5.078160000000000451e-01
4.468380000000000130e-01 3.075459999999999861e-01 4.675819999999999976e-01 4.488139999999999907e-01 3.794680000000000275e-01
5.009369999999999656e-01 4.748269999999999991e-01 4.587970000000000104e-01 3.843960000000000155e-01 4.577709999999999835e-01
6.134880000000000333e-01 5.073490000000000499e-01 6.057850000000000179e-01 4.609400000000000164e-01 5.456339999999999524e-01
4.612629999999999786e-01 4.574030000000000040e-01 4.073499999999999899e-01 4.190530000000000088e-01 4.602800000000000225e-01
2.856799999999999895e-01 4.585650000000000004e-01 4.001089999999999924e-01 3.570619999999999905e-01 4.597769999999999913e-01
4.051290000000000169e-01 5.124950000000000339e-01 5.666830000000000478e-01 4.666230000000000100e-01 5.568589999999999929e-01
5.207270000000000509e-01 5.764690000000000092e-01 6.079689999999999817e-01 5.771530000000000271e-01 5.216290000000000093e-01
5.755580000000000140e-01 6.375880000000000436e-01 4.904100000000000126e-01 5.674749999999999517e-01 5.569539999999999491e-01
5.629290000000000127e-01 5.211099999999999621e-01 4.470149999999999957e-01 5.364139999999999464e-01 5.739389999999999770e-01
5.714169999999999527e-01 6.709039999999999448e-01 6.397190000000000376e-01 6.319930000000000270e-01 5.975669999999999593e-01
3.648210000000000064e-01 3.738159999999999816e-01 4.291860000000000119e-01 4.438300000000000023e-01 4.951439999999999730e-01
3.826590000000000269e-01 5.260869999999999713e-01 4.251369999999999871e-01 5.900830000000000242e-01 4.529739999999999878e-01
6.125899999999999679e-01 4.002129999999999854e-01 5.419009999999999661e-01 4.944839999999999791e-01 4.963850000000000207e-01
5.414240000000000164e-01 5.810800000000000409e-01 4.932050000000000045e-01 5.504269999999999996e-01 6.006019999999999692e-01
5.601880000000000193e-01 4.743749999999999911e-01 4.885010000000000185e-01 4.344299999999999828e-01 5.724839999999999929e-01
4.017470000000000208e-01 4.169070000000000276e-01 4.388699999999999823e-01 4.562970000000000081e-01 4.390310000000000046e-01
5.137720000000000065e-01 6.212769999999999682e-01 5.780279999999999863e-01 5.204149999999999610e-01 6.239099999999999646e-01
5.212299999999999711e-01 5.058979999999999588e-01 5.510979999999999768e-01 4.846550000000000025e-01 5.316520000000000135e-01
6.265049999999999786e-01 4.964169999999999972e-01 6.088440000000000518e-01 4.514529999999999932e-01 5.630880000000000329e-01
3.044580000000000064e-01 3.062320000000000042e-01 3.930230000000000112e-01 3.691639999999999922e-01 3.619330000000000047e-01
6.712420000000000053e-01 5.342959999999999932e-01 5.212710000000000399e-01 6.813029999999999919e-01 5.101120000000000099e-01
4.381889999999999952e-01 3.513479999999999936e-01 3.325139999999999763e-01 4.045429999999999859e-01 3.699489999999999723e-01
5.210240000000000427e-01 7.148039999999999949e-01 5.648079999999999767e-01 5.726430000000000131e-01 6.272320000000000118e-01
6.773280000000000411e-01 5.485079999999999956e-01 5.742660000000000542e-01 6.315190000000000525e-01 5.563759999999999817e-01
5.092480000000000340e-01 3.065970000000000084e-01 5.205659999999999732e-01 4.513849999999999807e-01 4.704610000000000181e-01
5.786879999999999802e-01 5.397729999999999473e-01 6.116859999999999520e-01 5.858999999999999764e-01 6.603149999999999853e-01
4.482129999999999725e-01 4.177009999999999890e-01 5.179280000000000550e-01 5.145589999999999886e-01 4.419460000000000055e-01
4.833339999999999859e-01 5.584179999999999700e-01 5.664839999999999876e-01 4.088649999999999785e-01 6.083800000000000319e-01
6.065359999999999641e-01 6.526420000000000554e-01 4.929419999999999913e-01 5.474440000000000417e-01 5.637739999999999974e-01
5.189660000000000384e-01 6.144810000000000549e-01 4.099530000000000118e-01 5.596780000000000088e-01 5.189550000000000551e-01
3.754990000000000272e-01 2.838459999999999872e-01 3.115240000000000231e-01 3.993010000000000170e-01 2.925010000000000110e-01
6.554309999999999858e-01 5.507689999999999531e-01 6.534839999999999538e-01 5.572470000000000478e-01 5.570490000000000164e-01
6.568760000000000154e-01 6.426939999999999875e-01 5.354210000000000358e-01 7.023220000000000018e-01 5.835320000000000507e-01
4.339609999999999856e-01 4.608880000000000199e-01 4.276789999999999758e-01 4.006730000000000014e-01 3.466239999999999877e-01
5.235360000000000014e-01 5.429310000000000525e-01 4.435879999999999823e-01 6.845210000000000461e-01 4.459949999999999748e-01
3.308699999999999974e-01 4.327420000000000155e-01 3.325989999999999780e-01 3.757420000000000204e-01 3.455409999999999870e-01
6.453790000000000360e-01 6.361710000000000420e-01 7.017980000000000329e-01 5.689469999999999805e-01 6.297430000000000527e-01
5.587010000000000032e-01 4.838749999999999996e-01 5.424080000000000013e-01 5.351489999999999858e-01 5.806489999999999707e-01
4.238790000000000058e-01 6.048139999999999628e-01 4.979700000000000237e-01 4.884830000000000005e-01 6.289350000000000218e-01
4.803689999999999904e-01 4.269100000000000117e-01 3.099620000000000153e-01 5.080360000000000431e-01 3.340879999999999961e-01
5.430540000000000367e-01 3.806129999999999791e-01 4.232179999999999831e-01 4.691339999999999955e-01 4.274899999999999811e-01
5.608640000000000292e-01 4.942119999999999846e-01 5.742899999999999672e-01 6.444010000000000016e-01 4.588059999999999916e-01
6.305330000000000101e-01 5.342449999999999699e-01 6.452679999999999527e-01 6.083680000000000199e-01 6.720840000000000147e-01
4.477220000000000089e-01 3.965690000000000048e-01 4.502410000000000023e-01 4.175329999999999875e-01 3.623939999999999939e-01
4.935680000000000067e-01 6.056139999999999857e-01 3.671240000000000059e-01 4.954609999999999848e-01 5.108500000000000263e-01
7.149330000000000407e-01 6.234659999999999647e-01 6.478279999999999594e-01 6.640390000000000459e-01 6.284020000000000161e-01
5.255400000000000071e-01 6.213030000000000497e-01 4.611990000000000256e-01 5.700539999999999496e-01 5.672599999999999865e-01
4.256809999999999761e-01 5.657590000000000119e-01 3.377939999999999832e-01 5.414120000000000044e-01 3.773880000000000012e-01
3.438649999999999762e-01 4.212659999999999738e-01 4.804289999999999949e-01 4.116819999999999924e-01 4.901170000000000249e-01
5.622740000000000515e-01 4.155429999999999957e-01 4.402920000000000167e-01 4.800280000000000102e-01 4.037299999999999778e-01
6.347909999999999942e-01 5.559549999999999770e-01 4.746299999999999963e-01 5.588359999999999994e-01 4.630610000000000004e-01
5.719899999999999984e-01 5.714460000000000095e-01 4.994439999999999991e-01 4.822210000000000107e-01 4.941309999999999869e-01
3.316459999999999964e-01 4.364290000000000114e-01 3.119219999999999771e-01 4.766210000000000169e-01 4.252489999999999881e-01
4.825740000000000030e-01 5.196939999999999893e-01 4.146619999999999751e-01 4.907670000000000088e-01 4.090369999999999839e-01
6.289730000000000043e-01 5.836289999999999534e-01 5.601509999999999545e-01 5.790840000000000432e-01 6.865949999999999553e-01
3.648279999999999856e-01 3.918309999999999849e-01 3.553499999999999992e-01 4.181989999999999874e-01 3.965190000000000103e-01
4.211969999999999881e-01 4.546140000000000181e-01 3.718359999999999999e-01 5.115169999999999995e-01 3.571179999999999910e-01
4.348389999999999755e-01 4.817529999999999868e-01 4.538179999999999992e-01 4.471570000000000267e-01 3.832530000000000103e-01
3.006960000000000188e-01 4.188959999999999906e-01 2.764980000000000215e-01 3.534340000000000259e-01 3.249239999999999906e-01
5.106600000000000028e-01 4.034059999999999868e-01 3.954480000000000217e-01 4.078550000000000231e-01 4.757460000000000022e-01
4.231579999999999786e-01 4.502070000000000238e-01 5.250629999999999464e-01 4.182409999999999739e-01 4.868859999999999855e-01
4.315379999999999772e-01 6.167280000000000539e-01 6.120109999999999717e-01 5.342980000000000507e-01 5.592009999999999481e-01
4.514949999999999797e-01 4.365049999999999764e-01 4.172879999999999923e-01 4.468230000000000257e-01 3.441870000000000207e-01
6.359129999999999505e-01 4.502669999999999728e-01 4.837359999999999993e-01 5.481160000000000476e-01 5.295670000000000099e-01
5.415830000000000366e-01 6.323839999999999462e-01 5.205119999999999747e-01 6.661110000000000086e-01 4.952309999999999768e-01
3.683299999999999907e-01 4.837020000000000208e-01 3.539300000000000224e-01 4.918850000000000167e-01 4.127100000000000213e-01
2.865409999999999902e-01 3.644209999999999949e-01 4.046750000000000069e-01 3.259549999999999947e-01 3.911529999999999729e-01
5.511819999999999498e-01 5.245389999999999775e-01 5.290460000000000163e-01 6.754360000000000364e-01 4.399870000000000170e-01
4.949760000000000271e-01 4.993699999999999806e-01 4.887239999999999918e-01 3.956959999999999922e-01 5.234149999999999636e-01
3.172630000000000172e-01 3.904230000000000200e-01 3.759859999999999869e-01 3.400580000000000269e-01 4.669510000000000050e-01
3.395819999999999950e-01 3.843460000000000210e-01 5.231829999999999536e-01 3.404760000000000009e-01 4.359589999999999854e-01
3.884130000000000082e-01 4.286150000000000237e-01 3.232099999999999973e-01 3.788380000000000081e-01 3.729979999999999962e-01
7.034780000000000477e-01 6.074060000000000015e-01 6.790469999999999562e-01 6.048679999999999612e-01 6.417899999999999716e-01
5.294790000000000330e-01 5.660119999999999596e-01 6.939859999999999918e-01 5.669269999999999587e-01 6.450270000000000170e-01
3.506859999999999977e-01 5.221500000000000030e-01 3.320239999999999858e-01 4.680759999999999921e-01 4.518240000000000034e-01
3.700379999999999781e-01 4.365600000000000036e-01 3.706309999999999882e-01 3.180100000000000149e-01 3.560729999999999729e-01
4.915689999999999782e-01 5.216560000000000086e-01 5.548370000000000246e-01 6.145570000000000199e-01 5.032400000000000206e-01
5.252909999999999524e-01 3.123079999999999745e-01 4.200999999999999734e-01 4.111170000000000102e-01 3.339059999999999806e-01
4.990169999999999884e-01 3.764989999999999726e-01 3.320679999999999743e-01 4.577840000000000242e-01 4.188279999999999781e-01
4.675540000000000251e-01 4.180539999999999812e-01 3.392020000000000035e-01 4.136259999999999937e-01 3.876749999999999918e-01
6.686950000000000394e-01 6.252069999999999572e-01 5.449850000000000527e-01 5.689670000000000005e-01 6.226169999999999760e-01
7.215300000000000047e-01 5.906569999999999876e-01 6.913979999999999571e-01 6.915710000000000468e-01 6.129970000000000141e-01
5.927940000000000431e-01 6.016519999999999646e-01 5.113130000000000175e-01 6.731179999999999941e-01 5.896169999999999467e-01
4.294319999999999804e-01 4.139439999999999786e-01 4.884399999999999853e-01 4.882329999999999726e-01 4.606459999999999999e-01
6.409000000000000252e-01 5.034819999999999851e-01 6.643799999999999706e-01 4.411030000000000229e-01 5.790849999999999609e-01
5.251120000000000232e-01 3.587830000000000186e-01 4.656699999999999728e-01 3.798469999999999902e-01 3.558310000000000084e-01
5.193849999999999856e-01 6.418279999999999541e-01 5.662669999999999648e-01 6.617819999999999814e-01 5.404569999999999652e-01
5.881739999999999746e-01 5.934719999999999995e-01 5.170829999999999593e-01 5.775930000000000231e-01 6.439110000000000111e-01
5.021849999999999925e-01 5.857999999999999874e-01 3.956390000000000184e-01 6.104739999999999611e-01 4.209640000000000049e-01
3.268039999999999834e-01 3.209790000000000143e-01 2.883629999999999804e-01 3.592870000000000230e-01 3.197050000000000169e-01
4.681020000000000181e-01 5.338559999999999972e-01 4.889290000000000025e-01 4.458590000000000053e-01 5.143250000000000322e-01
4.254660000000000108e-01 3.874330000000000274e-01 4.456330000000000013e-01 5.266549999999999843e-01 5.065479999999999983e-01
4.569860000000000033e-01 4.488230000000000275e-01 3.611739999999999950e-01 4.224330000000000029e-01 3.493760000000000199e-01
5.399680000000000035e-01 4.905070000000000263e-01 5.385410000000000474e-01 5.692610000000000170e-01 6.365969999999999684e-01
6.503320000000000212e-01 5.898219999999999574e-01 5.609399999999999942e-01 5.070609999999999840e-01 5.856379999999999919e-01
5.556440000000000268e-01 5.035530000000000284e-01 5.971009999999999929e-01 4.220670000000000255e-01 4.474600000000000244e-01
4.415060000000000096e-01 5.145469999999999766e-01 3.297209999999999863e-01 4.313239999999999852e-01 4.008720000000000061e-01
6.675050000000000150e-01 6.787779999999999925e-01 6.225990000000000135e-01 6.919349999999999667e-01 6.750469999999999526e-01
2.840779999999999972e-01 3.421139999999999737e-01 2.754030000000000089e-01 3.175220000000000264e-01 3.544919999999999738e-01
5.747750000000000359e-01 5.644959999999999978e-01 5.538380000000000525e-01 5.566849999999999854e-01 5.989119999999999999e-01
4.356829999999999870e-01 4.415859999999999785e-01 5.232409999999999561e-01 4.418320000000000025e-01 4.789619999999999989e-01
7.095339999999999980e-01 5.068620000000000347e-01 6.395520000000000094e-01 5.934669999999999668e-01 5.900570000000000537e-01
3.271580000000000044e-01 3.595510000000000095e-01 3.044580000000000064e-01 3.415449999999999875e-01 2.828370000000000051e-01
4.804140000000000077e-01 4.048200000000000132e-01 4.706069999999999975e-01 4.920370000000000021e-01 4.711159999999999792e-01
5.906599999999999628e-01 4.668570000000000220e-01 6.213100000000000289e-01 4.941880000000000162e-01 4.656259999999999843e-01
4.005580000000000251e-01 5.726379999999999804e-01 4.371619999999999950e-01 5.693610000000000060e-01 5.033149999999999569e-01
5.114589999999999970e-01 5.355910000000000393e-01 6.327249999999999819e-01 5.685440000000000493e-01 4.995740000000000181e-01
5.780870000000000175e-01 5.098110000000000142e-01 7.021479999999999944e-01 5.698729999999999629e-01 5.938069999999999737e-01
3.219259999999999899e-01 3.870330000000000159e-01 3.934630000000000072e-01 3.230199999999999738e-01 3.658520000000000105e-01
4.389219999999999788e-01 3.464349999999999929e-01 4.603280000000000149e-01 4.889539999999999997e-01 3.912640000000000007e-01
5.662850000000000383e-01 5.936770000000000103e-01 5.751570000000000293e-01 6.171210000000000306e-01 5.177019999999999955e-01
5.193689999999999696e-01 6.306410000000000071e-01 4.669380000000000197e-01 5.804040000000000310e-01 5.321890000000000231e-01
3.549519999999999897e-01 2.917699999999999738e-01 4.230949999999999989e-01 3.309690000000000132e-01 4.043300000000000227e-01
2.756239999999999801e-01 4.140039999999999831e-01 4.009889999999999843e-01 3.929139999999999855e-01 4.468590000000000062e-01
4.251309999999999811e-01 4.064650000000000207e-01 4.647600000000000064e-01 4.897589999999999999e-01 4.117770000000000041e-01
6.245089999999999808e-01 7.152389999999999581e-01 6.615039999999999809e-01 6.947520000000000362e-01 6.257530000000000037e-01
3.600700000000000012e-01 3.665610000000000257e-01 3.826129999999999809e-01 3.829980000000000051e-01 3.431150000000000033e-01
4.959219999999999740e-01 6.871540000000000425e-01 5.294140000000000512e-01 5.760450000000000292e-01 6.093830000000000080e-01
5.781960000000000433e-01 6.292429999999999968e-01 4.349500000000000033e-01 6.176239999999999508e-01 6.260740000000000194e-01
5.194010000000000016e-01 4.582109999999999794e-01 5.488629999999999898e-01 5.038839999999999986e-01 4.739289999999999892e-01
6.919330000000000203e-01 6.373879999999999546e-01 5.309479999999999755e-01 6.182389999999999830e-01 5.830060000000000242e-01
4.741020000000000234e-01 3.099270000000000080e-01 5.304470000000000018e-01 4.282850000000000268e-01 4.261739999999999973e-01
4.141469999999999874e-01 4.561350000000000127e-01 3.322419999999999818e-01 4.775200000000000000e-01 4.092879999999999852e-01
4.600839999999999930e-01 5.703409999999999869e-01 3.733000000000000207e-01 5.574289999999999523e-01 4.700179999999999914e-01
6.180229999999999890e-01 5.114999999999999547e-01 4.991680000000000006e-01 5.755569999999999853e-01 3.897019999999999929e-01
6.801099999999999923e-01 4.902059999999999751e-01 6.537230000000000540e-01 5.431169999999999609e-01 4.948739999999999806e-01
3.834940000000000015e-01 5.455750000000000322e-01 5.456229999999999691e-01 5.004429999999999712e-01 5.091010000000000257e-01
5.001390000000000002e-01 5.861619999999999608e-01 6.590449999999999919e-01 6.220620000000000038e-01 5.835599999999999676e-01
5.307579999999999520e-01 4.794900000000000273e-01 5.421740000000000448e-01 4.945430000000000104e-01 6.235870000000000024e-01
4.953940000000000010e-01 5.371050000000000546e-01 5.321259999999999879e-01 5.459039999999999448e-01 4.511499999999999955e-01
5.691939999999999777e-01 3.931819999999999760e-01 4.117390000000000216e-01 5.208199999999999497e-01 3.182229999999999781e-01
6.474609999999999532e-01 5.517760000000000442e-01 6.138949999999999685e-01 6.023810000000000553e-01 5.960919999999999552e-01
4.877949999999999786e-01 5.823129999999999695e-01 6.750239999999999574e-01 5.002520000000000300e-01 6.150560000000000471e-01
3.867619999999999947e-01 2.956770000000000231e-01 3.332890000000000019e-01 3.418950000000000045e-01 3.268510000000000026e-01
6.707920000000000549e-01 6.417519999999999891e-01 6.719969999999999555e-01 6.846820000000000128e-01 6.771540000000000337e-01
6.733569999999999833e-01 6.316209999999999880e-01 6.915160000000000196e-01 5.859990000000000476e-01 7.452999999999999625e-01
3.515699999999999936e-01 4.544170000000000154e-01 5.434440000000000381e-01 4.396610000000000240e-01 4.610850000000000226e-01
4.466010000000000257e-01 5.510279999999999623e-01 5.115570000000000395e-01 6.043549999999999756e-01 6.155709999999999793e-01
3.663669999999999982e-01 4.325820000000000221e-01 5.108859999999999513e-01 4.559030000000000027e-01 5.326379999999999448e-01
6.564729999999999732e-01 4.858060000000000156e-01 7.074319999999999498e-01 5.243769999999999820e-01 5.611070000000000224e-01
4.454060000000000241e-01 3.749449999999999728e-01 3.211319999999999730e-01 4.008889999999999953e-01 3.451799999999999868e-01
6.239559999999999551e-01 6.144889999999999519e-01 5.973880000000000301e-01 4.960860000000000269e-01 6.672109999999999985e-01
6.136329999999999840e-01 7.100279999999999925e-01 6.417990000000000084e-01 6.745039999999999925e-01 6.571209999999999551e-01
3.556739999999999902e-01 4.940470000000000139e-01 4.939230000000000009e-01 3.729379999999999917e-01 4.335490000000000177e-01
3.053080000000000238e-01 4.122310000000000141e-01 2.834340000000000193e-01 3.980879999999999974e-01 3.740410000000000124e-01
5.280820000000000514e-01 4.637959999999999861e-01 5.017319999999999558e-01 4.259620000000000073e-01 4.209499999999999909e-01
5.229570000000000052e-01 3.805060000000000109e-01 5.322719999999999674e-01 3.468379999999999797e-01 5.135269999999999557e-01
4.508010000000000073e-01 4.539940000000000087e-01 4.491550000000000264e-01 4.772759999999999780e-01 5.023149999999999560e-01
3.287129999999999774e-01 2.670420000000000016e-01 3.910770000000000080e-01 3.326629999999999865e-01 3.518490000000000228e-01
5.586870000000000447e-01 7.202389999999999626e-01 6.405739999999999768e-01 6.152870000000000283e-01 6.770950000000000024e-01
5.831380000000000452e-01 6.385319999999999885e-01 5.613970000000000349e-01 5.091820000000000235e-01 4.917900000000000049e-01
5.770990000000000286e-01 5.227359999999999784e-01 4.872190000000000132e-01 5.171409999999999618e-01 6.395720000000000294e-01
4.012270000000000003e-01 4.753550000000000275e-01 3.526980000000000115e-01 5.516910000000000425e-01 4.330459999999999865e-01
4.261900000000000133e-01 4.742520000000000069e-01 3.449519999999999809e-01 4.441370000000000040e-01 4.829019999999999979e-01
4.898549999999999849e-01 4.874100000000000099e-01 5.820070000000000521e-01 4.596040000000000125e-01 6.255979999999999874e-01
4.798140000000000183e-01 3.350400000000000045e-01 4.657250000000000001e-01 3.542350000000000221e-01 4.011370000000000213e-01
4.073680000000000079e-01 5.274689999999999657e-01 3.341009999999999813e-01 4.743209999999999926e-01 4.847170000000000090e-01
4.816030000000000033e-01 6.134600000000000053e-01 4.981149999999999745e-01 5.241139999999999688e-01 5.026049999999999685e-01
3.362330000000000041e-01 2.868410000000000126e-01 3.507930000000000215e-01 3.555599999999999872e-01 4.112979999999999969e-01
3.205000000000000071e-01 4.074130000000000251e-01 3.484079999999999955e-01 3.696880000000000166e-01 3.850580000000000114e-01
5.964519999999999822e-01 6.230059999999999487e-01 6.464769999999999683e-01 6.240639999999999521e-01 7.306000000000000272e-01
4.815889999999999893e-01 4.564250000000000251e-01 4.489159999999999817e-01 5.764660000000000339e-01 3.320060000000000233e-01
5.217600000000000016e-01 5.197429999999999550e-01 4.429370000000000251e-01 4.160690000000000222e-01 4.769639999999999991e-01
4.861699999999999910e-01 4.883359999999999923e-01 3.572020000000000195e-01 4.478360000000000118e-01 4.880340000000000233e-01
5.407750000000000057e-01 6.115589999999999637e-01 6.098639999999999617e-01 5.070770000000000000e-01 6.082889999999999686e-01
4.574500000000000233e-01 3.521159999999999846e-01 4.980149999999999855e-01 4.115710000000000202e-01 3.418840000000000212e-01
3.922370000000000023e-01 3.234969999999999790e-01 4.775440000000000240e-01 3.343889999999999918e-01 3.640419999999999767e-01
6.835529999999999662e-01 6.102290000000000214e-01 6.236669999999999714e-01 5.451439999999999619e-01 6.948539999999999717e-01
3.938639999999999919e-01 4.289979999999999905e-01 3.277970000000000050e-01 4.245860000000000190e-01 4.037529999999999730e-01
6.067160000000000331e-01 5.948919999999999764e-01 5.764960000000000084e-01 5.814040000000000319e-01 5.611650000000000249e-01
6.223060000000000258e-01 4.385140000000000149e-01 5.140730000000000022e-01 6.249620000000000175e-01 4.423369999999999802e-01
3.872590000000000199e-01 3.971210000000000018e-01 3.655729999999999813e-01 3.808520000000000238e-01 4.281059999999999865e-01
6.143100000000000227e-01 5.355769999999999698e-01 5.563439999999999497e-01 6.201600000000000446e-01 6.110520000000000396e-01
3.995230000000000170e-01 3.777570000000000094e-01 3.396799999999999820e-01 4.555930000000000257e-01 2.825099999999999834e-01
4.756299999999999972e-01 6.770369999999999999e-01 4.984239999999999782e-01 5.261860000000000426e-01 5.753059999999999841e-01
3.412189999999999945e-01 3.891390000000000127e-01 5.206439999999999957e-01 3.462000000000000077e-01 4.511740000000000195e-01
4.511780000000000235e-01 5.705980000000000496e-01 5.132679999999999465e-01 4.659260000000000068e-01 4.254209999999999936e-01
3.146039999999999948e-01 5.109879999999999978e-01 3.773850000000000260e-01 4.827389999999999737e-01 4.849040000000000017e-01
6.759789999999999965e-01 5.550030000000000241e-01 6.973000000000000309e-01 6.322010000000000129e-01 6.655860000000000110e-01
5.418269999999999476e-01 5.708130000000000148e-01 4.702250000000000041e-01 6.025970000000000493e-01 5.528380000000000516e-01
5.662420000000000231e-01 5.115750000000000020e-01 6.604670000000000263e-01 4.911110000000000197e-01 5.776250000000000551e-01
4.659280000000000088e-01 6.219510000000000316e-01 5.697060000000000457e-01 5.483940000000000481e-01 5.870189999999999575e-01
3.726459999999999773e-01 2.953959999999999919e-01 3.869159999999999822e-01 3.598049999999999859e-01 4.251499999999999724e-01
5.615109999999999824e-01 6.681930000000000369e-01 5.723559999999999759e-01 6.808959999999999457e-01 5.475149999999999739e-01
4.152420000000000000e-01 3.611820000000000030e-01 4.168180000000000218e-01 4.343449999999999811e-01 3.058100000000000263e-01
5.868700000000000028e-01 6.330529999999999768e-01 5.386680000000000357e-01 5.804460000000000175e-01 6.963500000000000245e-01
5.998390000000000111e-01 4.792569999999999886e-01 5.627600000000000380e-01 5.546609999999999596e-01 4.822919999999999985e-01
4.894359999999999822e-01 3.703629999999999978e-01 4.024590000000000112e-01 4.466860000000000275e-01 3.513720000000000176e-01
5.219519999999999715e-01 5.214469999999999938e-01 5.040329999999999533e-01 4.818049999999999833e-01 3.765379999999999838e-01
4.841920000000000113e-01 4.739990000000000037e-01 5.571989999999999998e-01 5.287319999999999798e-01 5.863099999999999978e-01
5.280139999999999834e-01 5.516929999999999890e-01 4.153220000000000245e-01 5.042440000000000255e-01 5.002579999999999805e-01
3.598979999999999957e-01 4.513349999999999862e-01 5.385090000000000154e-01 4.213100000000000178e-01 4.168830000000000036e-01
5.431369999999999809e-01 4.331820000000000115e-01 6.202790000000000248e-01 4.316880000000000162e-01 4.799849999999999950e-01
3.633350000000000191e-01 4.807910000000000239e-01 3.135680000000000134e-01 3.826749999999999874e-01 3.505920000000000147e-01
5.490960000000000285e-01 6.402139999999999498e-01 6.991990000000000149e-01 5.963260000000000227e-01 6.392539999999999889e-01
6.688209999999999988e-01 6.108850000000000113e-01 6.919849999999999612e-01 5.226180000000000270e-01 6.756410000000000471e-01
6.778699999999999726e-01 6.078459999999999974e-01 6.108409999999999673e-01 6.138559999999999572e-01 5.982450000000000268e-01
5.683259999999999978e-01 4.370689999999999853e-01 3.743540000000000201e-01 4.826980000000000159e-01 4.544730000000000159e-01
6.908750000000000169e-01 5.659830000000000139e-01 6.435419999999999474e-01 5.628870000000000262e-01 5.998970000000000136e-01
4.880729999999999791e-01 4.796009999999999995e-01 4.386140000000000039e-01 5.886409999999999698e-01 3.284509999999999930e-01
5.285830000000000251e-01 2.879539999999999877e-01 4.495580000000000132e-01 4.800180000000000002e-01 3.840500000000000025e-01
3.914509999999999934e-01 3.893840000000000079e-01 5.504189999999999916e-01 4.169729999999999825e-01 5.596560000000000423e-01
4.750960000000000183e-01 4.497869999999999924e-01 5.141289999999999472e-01 4.065670000000000117e-01 5.059379999999999988e-01
6.900579999999999492e-01 5.616389999999999993e-01 5.800509999999999833e-01 6.854050000000000420e-01 5.915559999999999707e-01
5.360859999999999514e-01 6.642559999999999576e-01 4.647740000000000204e-01 5.481230000000000269e-01 5.707160000000000011e-01
4.948179999999999801e-01 6.530540000000000234e-01 4.621720000000000272e-01 4.933520000000000127e-01 5.261139999999999706e-01
6.458749999999999769e-01 4.993150000000000088e-01 6.064150000000000373e-01 5.221759999999999735e-01 5.920630000000000059e-01
5.296680000000000277e-01 4.743660000000000099e-01 4.225970000000000004e-01 4.120010000000000061e-01 5.294680000000000497e-01
5.592580000000000329e-01 6.243699999999999806e-01 7.035620000000000207e-01 5.888710000000000333e-01 5.796059999999999546e-01
3.166039999999999965e-01 3.936330000000000107e-01 3.141300000000000203e-01 3.283349999999999880e-01 3.111019999999999897e-01
6.258099999999999774e-01 5.385370000000000434e-01 5.594559999999999533e-01 5.459119999999999528e-01 4.711440000000000072e-01
4.576230000000000020e-01 6.931619999999999449e-01 5.353470000000000173e-01 5.648600000000000287e-01 5.669689999999999452e-01
4.664429999999999965e-01 5.814160000000000439e-01 4.206139999999999879e-01 5.313099999999999490e-01 4.996269999999999878e-01
5.177399999999999780e-01 5.001870000000000482e-01 5.924589999999999579e-01 6.390709999999999447e-01 5.701770000000000449e-01
6.394400000000000084e-01 7.096900000000000430e-01 6.568559999999999954e-01 6.129130000000000411e-01 6.586910000000000265e-01
6.742010000000000502e-01 5.198749999999999760e-01 6.659080000000000554e-01 6.486650000000000471e-01 5.935770000000000213e-01
3.201919999999999766e-01 3.959039999999999782e-01 3.204830000000000179e-01 3.808889999999999776e-01 2.952670000000000017e-01
4.196619999999999795e-01 3.394349999999999867e-01 4.598140000000000005e-01 4.515939999999999954e-01 3.864679999999999782e-01
4.136980000000000102e-01 2.709170000000000189e-01 4.088160000000000127e-01 3.800200000000000244e-01 3.134480000000000044e-01
4.068959999999999799e-01 4.714249999999999829e-01 3.937890000000000001e-01 4.258859999999999868e-01 4.137399999999999967e-01
6.322950000000000514e-01 6.316180000000000128e-01 6.114810000000000523e-01 5.652070000000000149e-01 5.766719999999999624e-01
4.202540000000000164e-01 6.334410000000000318e-01 5.237870000000000026e-01 5.407549999999999857e-01 5.698450000000000459e-01
6.082440000000000069e-01 6.685069999999999624e-01 5.971239999999999881e-01 5.677250000000000352e-01 5.363820000000000254e-01
3.630059999999999953e-01 3.946799999999999753e-01 3.987749999999999906e-01 3.480199999999999960e-01 3.757240000000000024e-01
5.829499999999999682e-01 4.752990000000000270e-01 5.242299999999999738e-01 5.699229999999999574e-01 5.018920000000000048e-01
2.975280000000000147e-01 4.365490000000000204e-01 2.995990000000000042e-01 4.076899999999999968e-01 3.805660000000000154e-01
6.048740000000000228e-01 6.462869999999999449e-01 6.277249999999999774e-01 6.109149999999999858e-01 5.147110000000000296e-01
5.415590000000000126e-01 6.241799999999999571e-01 6.228639999999999732e-01 5.775200000000000333e-01 6.357610000000000205e-01
4.273480000000000056e-01 5.254769999999999719e-01 3.050990000000000091e-01 5.183600000000000430e-01 4.133299999999999752e-01
3.871260000000000256e-01 3.333740000000000037e-01 4.540489999999999804e-01 3.622029999999999972e-01 4.348670000000000035e-01
5.042400000000000215e-01 6.057169999999999499e-01 5.143189999999999706e-01 5.697459999999999747e-01 6.418329999999999869e-01
6.751610000000000111e-01 4.747759999999999758e-01 5.806559999999999500e-01 5.431880000000000042e-01 4.992779999999999996e-01
6.532010000000000316e-01 6.175960000000000338e-01 5.190960000000000019e-01 5.822519999999999918e-01 6.056059999999999777e-01
3.593049999999999855e-01 4.312639999999999807e-01 4.195710000000000273e-01 3.811970000000000081e-01 3.659720000000000195e-01
5.591779999999999529e-01 6.683980000000000476e-01 5.212790000000000479e-01 6.354340000000000543e-01 5.376589999999999980e-01
3.771970000000000045e-01 3.054950000000000165e-01 4.270849999999999924e-01 3.139009999999999856e-01 4.276969999999999938e-01
5.380110000000000170e-01 5.360270000000000312e-01 5.417899999999999938e-01 4.335249999999999937e-01 6.310689999999999911e-01
6.664069999999999716e-01 6.877140000000000475e-01 6.701489999999999947e-01 7.202420000000000488e-01 6.189069999999999849e-01
4.557950000000000057e-01 3.693259999999999876e-01 3.585670000000000246e-01 3.775890000000000080e-01 4.695420000000000149e-01
5.311979999999999480e-01 4.424020000000000175e-01 5.763369999999999882e-01 5.454919999999999769e-01 4.585500000000000131e-01
3.879360000000000031e-01 4.787799999999999834e-01 5.594580000000000108e-01 4.936369999999999925e-01 5.258730000000000349e-01
5.146960000000000424e-01 4.495080000000000187e-01 5.457560000000000189e-01 4.651440000000000019e-01 3.464809999999999834e-01
5.529680000000000151e-01 6.079839999999999689e-01 5.371529999999999916e-01 5.745550000000000379e-01 6.017409999999999703e-01
3.570639999999999925e-01 5.570549999999999669e-01 4.600319999999999965e-01 4.812569999999999903e-01 4.762989999999999724e-01
6.481810000000000072e-01 7.123829999999999885e-01 6.857140000000000457e-01 7.276529999999999943e-01 6.746119999999999894e-01
5.506250000000000311e-01 4.169689999999999785e-01 3.873429999999999929e-01 5.131719999999999615e-01 4.524250000000000216e-01
5.503000000000000114e-01 6.731570000000000054e-01 4.887940000000000063e-01 6.063589999999999813e-01 5.632040000000000379e-01
5.514829999999999455e-01 4.504929999999999768e-01 3.970310000000000228e-01 5.301190000000000069e-01 4.990220000000000211e-01
7.150440000000000129e-01 5.366189999999999571e-01 6.861519999999999841e-01 6.458199999999999497e-01 6.271029999999999660e-01
3.468860000000000277e-01 2.694829999999999726e-01 3.504050000000000220e-01 2.901900000000000035e-01 3.318309999999999871e-01
4.375729999999999897e-01 3.844989999999999797e-01 3.896160000000000179e-01 4.684090000000000198e-01 5.233590000000000186e-01
4.860650000000000248e-01 6.616969999999999796e-01 5.506180000000000518e-01 5.074189999999999534e-01 5.899029999999999552e-01
5.606160000000000032e-01 4.737129999999999952e-01 6.596309999999999674e-01 4.819620000000000015e-01 4.653919999999999724e-01
4.320519999999999916e-01 4.631089999999999929e-01 6.150550000000000184e-01 4.279399999999999871e-01 5.248159999999999492e-01
3.488680000000000114e-01 3.769810000000000105e-01 3.953559999999999852e-01 4.440270000000000050e-01 4.237609999999999988e-01
4.704200000000000048e-01 3.431350000000000233e-01 4.853350000000000164e-01 3.532080000000000219e-01 4.170659999999999923e-01
5.318490000000000162e-01 6.243210000000000148e-01 5.981530000000000458e-01 4.679220000000000046e-01 5.567220000000000502e-01
4.206579999999999764e-01 5.342139999999999667e-01 3.196899999999999742e-01 5.320529999999999982e-01 3.938710000000000266e-01
3.696409999999999973e-01 3.448269999999999946e-01 3.482589999999999852e-01 3.888860000000000094e-01 3.558270000000000044e-01
5.976630000000000553e-01 3.699910000000000143e-01 6.005810000000000315e-01 5.292940000000000422e-01 4.415830000000000033e-01
4.525569999999999871e-01 4.232060000000000266e-01 4.914740000000000220e-01 4.038260000000000183e-01 4.732160000000000255e-01
4.318719999999999781e-01 4.706389999999999740e-01 3.121579999999999910e-01 4.953569999999999918e-01 4.615230000000000166e-01
6.666520000000000223e-01 6.629739999999999522e-01 6.264690000000000536e-01 5.753019999999999801e-01 5.516410000000000480e-01
5.555020000000000513e-01 4.264839999999999742e-01 5.620239999999999680e-01 5.417229999999999546e-01 5.479699999999999571e-01
5.231940000000000479e-01 5.149460000000000148e-01 6.261290000000000466e-01 5.857029999999999736e-01 6.231290000000000440e-01
5.660819999999999741e-01 5.002619999999999845e-01 5.805299999999999905e-01 4.332630000000000092e-01 4.651170000000000027e-01
3.149899999999999922e-01 4.756480000000000152e-01 4.320019999999999971e-01 5.075779999999999736e-01 4.111190000000000122e-01
5.103280000000000038e-01 5.507170000000000121e-01 6.455619999999999692e-01 6.048689999999999900e-01 5.277319999999999789e-01
4.983349999999999724e-01 4.871289999999999787e-01 5.999409999999999465e-01 4.944180000000000241e-01 5.677259999999999529e-01
6.079529999999999657e-01 4.580759999999999832e-01 5.300329999999999764e-01 5.563500000000000112e-01 4.154499999999999860e-01
4.500520000000000076e-01 3.504450000000000065e-01 5.346349999999999714e-01 4.410140000000000171e-01 4.969970000000000221e-01
3.976439999999999975e-01 6.061579999999999746e-01 4.978489999999999860e-01 5.280730000000000146e-01 4.608389999999999986e-01
3.531730000000000147e-01 3.777760000000000007e-01 5.265950000000000353e-01 3.071189999999999753e-01 4.407440000000000246e-01
6.496650000000000480e-01 5.985679999999999890e-01 6.294600000000000195e-01 5.701410000000000089e-01 5.918860000000000232e-01
6.792820000000000524e-01 6.064929999999999488e-01 6.922270000000000367e-01 5.624820000000000375e-01 6.493729999999999780e-01
3.342430000000000123e-01 4.389950000000000241e-01 3.553359999999999852e-01 3.675019999999999953e-01 3.498729999999999896e-01
4.599530000000000007e-01 5.376300000000000523e-01 3.641229999999999745e-01 4.591299999999999826e-01 4.216190000000000215e-01
3.709299999999999820e-01 3.757679999999999909e-01 3.635320000000000218e-01 3.125530000000000252e-01 3.079339999999999855e-01
6.578509999999999636e-01 6.389810000000000212e-01 5.717179999999999485e-01 5.585689999999999822e-01 6.225650000000000350e-01
5.124769999999999603e-01 4.479969999999999786e-01 4.026859999999999884e-01 5.114309999999999690e-01 4.501589999999999758e-01
6.418310000000000404e-01 7.068170000000000286e-01 5.742909999999999959e-01 6.655910000000000437e-01 5.784340000000000037e-01
5.347229999999999484e-01 6.627650000000000485e-01 5.317060000000000120e-01 5.903500000000000414e-01 6.629540000000000433e-01
5.757830000000000448e-01 4.394239999999999813e-01 5.495689999999999742e-01 5.418589999999999796e-01 3.800229999999999997e-01
4.610190000000000121e-01 6.452860000000000262e-01 4.721360000000000001e-01 4.743419999999999859e-01 5.639469999999999761e-01
5.397170000000000023e-01 7.251659999999999773e-01 5.203339999999999632e-01 5.937949999999999617e-01 6.086580000000000323e-01
6.371620000000000061e-01 6.579380000000000228e-01 6.084220000000000184e-01 6.403790000000000315e-01 5.700760000000000272e-01
3.950420000000000043e-01 5.038230000000000208e-01 4.172390000000000265e-01 4.542880000000000251e-01 4.091750000000000109e-01
4.463639999999999830e-01 5.216460000000000541e-01 3.733369999999999744e-01 5.222459999999999880e-01 3.789009999999999878e-01
3.949559999999999738e-01 3.706610000000000182e-01 4.234069999999999778e-01 4.010859999999999981e-01 4.499400000000000066e-01
5.263459999999999805e-01 3.408280000000000198e-01 5.097420000000000284e-01 3.587589999999999946e-01 4.793769999999999976e-01
4.630679999999999796e-01 5.257290000000000019e-01 5.545700000000000074e-01 6.027510000000000367e-01 5.658929999999999794e-01
6.076409999999999867e-01 4.975029999999999730e-01 5.051750000000000407e-01 4.864080000000000070e-01 5.188009999999999566e-01
6.599650000000000238e-01 6.221400000000000263e-01 5.540580000000000505e-01 5.704350000000000254e-01 5.931520000000000126e-01
4.597229999999999928e-01 3.705430000000000113e-01 4.673010000000000219e-01 3.666260000000000074e-01 3.397319999999999784e-01
5.562399999999999567e-01 4.203140000000000209e-01 5.487549999999999928e-01 4.528110000000000190e-01 4.643959999999999755e-01
4.846329999999999805e-01 3.200870000000000104e-01 4.908529999999999838e-01 4.178509999999999724e-01 4.454870000000000219e-01
5.706790000000000473e-01 5.847959999999999825e-01 5.621739999999999515e-01 5.133039999999999825e-01 6.228719999999999812e-01
5.916379999999999972e-01 5.733840000000000048e-01 6.918299999999999450e-01 5.529190000000000493e-01 6.926369999999999472e-01
4.861550000000000038e-01 5.203740000000000032e-01 4.572350000000000025e-01 5.639659999999999673e-01 6.088729999999999976e-01
5.970659999999999856e-01 5.051870000000000527e-01 5.856510000000000327e-01 6.264650000000000496e-01 5.480369999999999964e-01
3.034479999999999955e-01 4.063709999999999822e-01 3.059259999999999757e-01 4.398639999999999772e-01 3.305040000000000200e-01
4.627899999999999792e-01 6.733660000000000201e-01 5.042200000000000015e-01 6.224229999999999485e-01 5.982290000000000108e-01
6.185110000000000330e-01 5.642409999999999926e-01 5.002550000000000052e-01 5.210850000000000204e-01 4.651890000000000192e-01
6.870709999999999873e-01 5.470909999999999940e-01 6.808380000000000543e-01 5.699579999999999647e-01 5.703799999999999981e-01
3.166789999999999883e-01 3.170580000000000065e-01 3.185330000000000106e-01 3.314369999999999816e-01 3.045470000000000121e-01
5.323449999999999571e-01 4.719949999999999979e-01 3.629220000000000224e-01 5.080189999999999984e-01 3.761909999999999976e-01
4.086210000000000120e-01 3.434579999999999855e-01 4.005630000000000024e-01 3.002290000000000236e-01 3.425849999999999729e-01
5.580199999999999605e-01 3.945330000000000226e-01 4.712999999999999967e-01 5.248869999999999925e-01 4.256240000000000023e-01
3.749600000000000155e-01 4.497160000000000046e-01 4.988540000000000196e-01 4.549130000000000118e-01 4.207210000000000116e-01
6.733909999999999618e-01 6.731939999999999591e-01 5.695670000000000455e-01 6.161159999999999970e-01 6.186559999999999837e-01
6.732409999999999783e-01 6.531930000000000236e-01 6.540650000000000075e-01 6.885839999999999739e-01 6.017709999999999448e-01
6.712979999999999503e-01 5.773979999999999668e-01 5.271580000000000155e-01 5.189780000000000504e-01 5.277680000000000149e-01
4.888120000000000243e-01 5.813709999999999711e-01 5.755780000000000340e-01 4.705460000000000198e-01 5.490220000000000100e-01
7.121589999999999865e-01 5.698710000000000164e-01 5.683340000000000058e-01 5.774049999999999461e-01 5.362879999999999869e-01
3.634399999999999853e-01 3.571039999999999770e-01 4.098530000000000229e-01 4.320820000000000216e-01 3.310469999999999802e-01
2.754059999999999842e-01 3.069509999999999739e-01 2.941420000000000146e-01 2.649449999999999861e-01 3.463339999999999752e-01
5.615670000000000384e-01 5.427279999999999882e-01 5.339620000000000477e-01 5.678210000000000202e-01 4.016049999999999898e-01
6.823390000000000288e-01 6.397690000000000321e-01 6.647939999999999960e-01 6.517549999999999732e-01 6.827760000000000495e-01
4.974009999999999820e-01 6.621390000000000331e-01 6.048750000000000515e-01 6.068409999999999638e-01 6.281240000000000157e-01
5.870020000000000238e-01 4.998139999999999805e-01 6.644050000000000233e-01 4.700790000000000246e-01 5.745230000000000059e-01
4.202119999999999744e-01 5.584689999999999932e-01 4.101259999999999906e-01 4.621850000000000125e-01 3.631719999999999948e-01
5.522019999999999706e-01 4.815789999999999793e-01 5.159789999999999655e-01 5.373559999999999448e-01 5.397420000000000551e-01
5.882089999999999819e-01 5.440009999999999568e-01 5.707759999999999501e-01 4.163250000000000006e-01 4.866659999999999875e-01
4.510649999999999937e-01 5.448410000000000197e-01 4.084829999999999850e-01 5.586919999999999664e-01 5.208220000000000072e-01
6.374589999999999979e-01 6.677370000000000250e-01 6.426809999999999468e-01 5.907729999999999926e-01 5.953540000000000498e-01
5.415200000000000014e-01 4.619130000000000180e-01 5.065619999999999568e-01 4.481840000000000268e-01 4.371800000000000130e-01
6.207209999999999672e-01 5.665529999999999733e-01 5.219289999999999763e-01 5.559859999999999802e-01 6.623820000000000263e-01
3.695399999999999796e-01 3.126709999999999767e-01 3.957570000000000254e-01 3.753429999999999822e-01 2.748789999999999845e-01
4.674159999999999981e-01 4.877520000000000189e-01 3.618460000000000010e-01 5.427619999999999667e-01 3.214659999999999740e-01
4.651950000000000252e-01 5.933359999999999745e-01 3.588169999999999971e-01 5.086060000000000025e-01 4.159769999999999857e-01
6.172100000000000364e-01 6.725330000000000474e-01 5.518760000000000332e-01 7.077879999999999727e-01 5.894190000000000262e-01
4.862670000000000048e-01 4.373589999999999978e-01 4.932989999999999875e-01 3.885529999999999817e-01 5.826999999999999957e-01
5.063290000000000290e-01 4.462829999999999853e-01 3.392729999999999912e-01 5.860149999999999526e-01 3.942399999999999793e-01
6.883590000000000542e-01 6.724040000000000017e-01 6.232450000000000490e-01 6.538159999999999528e-01 5.545320000000000249e-01
5.288770000000000415e-01 6.893209999999999615e-01 5.414949999999999486e-01 6.531979999999999453e-01 5.560619999999999452e-01
6.971460000000000434e-01 6.561890000000000223e-01 6.420590000000000463e-01 6.963890000000000358e-01 7.032819999999999627e-01
4.171940000000000093e-01 5.074340000000000517e-01 4.426359999999999739e-01 4.944279999999999786e-01 4.288199999999999790e-01
4.679320000000000146e-01 4.774880000000000235e-01 4.027649999999999841e-01 5.096300000000000274e-01 4.084019999999999873e-01
6.642449999999999743e-01 5.202729999999999855e-01 6.109350000000000058e-01 5.095300000000000384e-01 5.829480000000000217e-01
4.423799999999999955e-01 5.984159999999999480e-01 4.649690000000000212e-01 4.850229999999999819e-01 5.879480000000000262e-01
6.202879999999999505e-01 4.254919999999999813e-01 5.427809999999999580e-01 4.094650000000000234e-01 4.687379999999999880e-01
4.541810000000000014e-01 4.096210000000000129e-01 4.328029999999999933e-01 3.702380000000000115e-01 3.639499999999999957e-01
3.509050000000000225e-01 3.006710000000000216e-01 3.727550000000000030e-01 2.878029999999999755e-01 3.727309999999999790e-01
5.931079999999999686e-01 5.040799999999999725e-01 5.755860000000000420e-01 6.064720000000000111e-01 5.859210000000000251e-01
5.161839999999999762e-01 6.802019999999999733e-01 5.055439999999999934e-01 4.768999999999999906e-01 5.392860000000000431e-01
5.566010000000000124e-01 6.554529999999999523e-01 6.665619999999999878e-01 5.384940000000000282e-01 5.797849999999999948e-01
4.958319999999999950e-01 4.596230000000000038e-01 5.701220000000000176e-01 3.877180000000000071e-01 5.031189999999999829e-01
3.750370000000000092e-01 3.538749999999999951e-01 3.520119999999999916e-01 2.992420000000000080e-01 4.203569999999999807e-01
4.781929999999999792e-01 4.172739999999999783e-01 5.261940000000000506e-01 4.204470000000000152e-01 3.381310000000000149e-01
5.241620000000000168e-01 6.007580000000000142e-01 4.995290000000000008e-01 4.637939999999999841e-01 4.840180000000000038e-01
3.799120000000000275e-01 4.910229999999999873e-01 4.596790000000000043e-01 4.586810000000000054e-01 4.639119999999999910e-01
6.042469999999999786e-01 6.165300000000000225e-01 6.558329999999999993e-01 6.552890000000000104e-01 6.683639999999999581e-01
4.821079999999999810e-01 4.506580000000000030e-01 5.605409999999999560e-01 5.040630000000000388e-01 4.310109999999999775e-01
4.239939999999999820e-01 4.782449999999999757e-01 3.950560000000000183e-01 3.280230000000000090e-01 4.797339999999999938e-01
2.742970000000000130e-01 4.287290000000000267e-01 3.149600000000000177e-01 3.624729999999999897e-01 4.156850000000000267e-01
4.600589999999999957e-01 4.071000000000000174e-01 3.719140000000000224e-01 5.533780000000000365e-01 4.047760000000000247e-01
5.257119999999999571e-01 5.553550000000000431e-01 5.348030000000000284e-01 6.569920000000000204e-01 4.382210000000000272e-01
5.071379999999999777e-01 5.334419999999999717e-01 5.450530000000000097e-01 6.120109999999999717e-01 5.986139999999999795e-01
5.287150000000000460e-01 4.912090000000000067e-01 3.733429999999999804e-01 4.538590000000000124e-01 4.079639999999999933e-01
3.871780000000000221e-01 3.874099999999999766e-01 3.622639999999999749e-01 4.582800000000000207e-01 3.487190000000000012e-01
6.383109999999999618e-01 6.983190000000000230e-01 6.721589999999999510e-01 7.176979999999999471e-01 6.274370000000000225e-01
4.266590000000000105e-01 5.592489999999999961e-01 3.984469999999999956e-01 4.243979999999999975e-01 3.995679999999999787e-01
2.820210000000000217e-01 3.329570000000000030e-01 3.637610000000000010e-01 3.166370000000000018e-01 4.102040000000000131e-01
4.236949999999999883e-01 5.033189999999999609e-01 4.214870000000000005e-01 5.649079999999999657e-01 5.600000000000000533e-01
4.000850000000000239e-01 5.509920000000000373e-01 4.220099999999999962e-01 5.636480000000000379e-01 4.938429999999999764e-01
3.136610000000000231e-01 4.252619999999999734e-01 4.408219999999999916e-01 4.280280000000000196e-01 4.630859999999999976e-01
6.385239999999999805e-01 5.398600000000000065e-01 6.294760000000000355e-01 6.308380000000000098e-01 6.037470000000000336e-01
5.726269999999999971e-01 4.678430000000000089e-01 4.670900000000000052e-01 5.960800000000000542e-01 4.744510000000000116e-01
2.963109999999999911e-01 4.730480000000000240e-01 3.329099999999999837e-01 3.727190000000000225e-01 3.617389999999999772e-01
6.788790000000000102e-01 6.805750000000000410e-01 7.229039999999999910e-01 6.762550000000000505e-01 6.984890000000000265e-01
5.966749999999999554e-01 5.255999999999999561e-01 5.928050000000000264e-01 4.959040000000000115e-01 6.640970000000000484e-01
4.840650000000000230e-01 4.268290000000000139e-01 5.294830000000000370e-01 5.531260000000000066e-01 5.888120000000000021e-01
6.914730000000000043e-01 6.572689999999999921e-01 6.012779999999999792e-01 6.361959999999999837e-01 6.269890000000000185e-01
5.314830000000000387e-01 3.631210000000000271e-01 3.988610000000000211e-01 3.749080000000000190e-01 3.732659999999999867e-01
5.024530000000000385e-01 6.099259999999999682e-01 5.176849999999999508e-01 4.923069999999999946e-01 6.361510000000000220e-01
6.045829999999999815e-01 5.682760000000000034e-01 5.855879999999999974e-01 4.958270000000000177e-01 4.574869999999999770e-01
7.064890000000000336e-01 6.711899999999999533e-01 6.230660000000000087e-01 6.638370000000000104e-01 6.710610000000000186e-01
6.143530000000000380e-01 4.313830000000000164e-01 4.969870000000000121e-01 4.568169999999999731e-01 3.883260000000000045e-01
5.727780000000000094e-01 5.583660000000000290e-01 7.025169999999999471e-01 4.857009999999999939e-01 6.559430000000000538e-01
5.040109999999999868e-01 3.437999999999999945e-01 3.959360000000000102e-01 3.795490000000000252e-01 4.736130000000000062e-01
5.615569999999999729e-01 4.085820000000000007e-01 4.004110000000000169e-01 5.028930000000000344e-01 3.595360000000000222e-01
4.741420000000000079e-01 6.507669999999999844e-01 6.078409999999999647e-01 5.900680000000000369e-01 6.060079999999999911e-01
4.919189999999999952e-01 4.673229999999999884e-01 4.814189999999999858e-01 5.475750000000000339e-01 4.610850000000000226e-01
3.217360000000000220e-01 2.759929999999999883e-01 3.247519999999999851e-01 2.917350000000000221e-01 3.080579999999999985e-01
3.222960000000000269e-01 3.926660000000000150e-01 3.640349999999999975e-01 3.264589999999999992e-01 3.020970000000000044e-01
5.045060000000000100e-01 4.079889999999999906e-01 3.769870000000000165e-01 4.699849999999999861e-01 4.724459999999999771e-01
3.356970000000000232e-01 3.982430000000000136e-01 3.502719999999999723e-01 3.746129999999999738e-01 3.236459999999999892e-01
4.038289999999999935e-01 3.405299999999999994e-01 4.520649999999999946e-01 4.636140000000000261e-01 3.209980000000000055e-01
5.353170000000000428e-01 5.993309999999999471e-01 4.738640000000000074e-01 6.188630000000000519e-01 4.325700000000000101e-01
3.123850000000000238e-01 4.812960000000000016e-01 4.713410000000000100e-01 4.548800000000000066e-01 3.881020000000000025e-01
5.409479999999999844e-01 5.432550000000000434e-01 5.931189999999999518e-01 5.724949999999999761e-01 5.809579999999999744e-01
4.680679999999999841e-01 4.836799999999999988e-01 5.830180000000000362e-01 4.560580000000000189e-01 6.311740000000000128e-01
5.491850000000000342e-01 4.090509999999999979e-01 5.774860000000000548e-01 3.994409999999999905e-01 4.905539999999999901e-01
5.582540000000000280e-01 4.426149999999999807e-01 4.973440000000000083e-01 3.654919999999999836e-01 4.412429999999999963e-01
5.645149999999999890e-01 6.736849999999999783e-01 5.941490000000000382e-01 5.410019999999999829e-01 5.737929999999999975e-01
4.051540000000000141e-01 5.676930000000000032e-01 4.056770000000000098e-01 5.633879999999999999e-01 4.758410000000000140e-01
6.047420000000000018e-01 4.607089999999999796e-01 5.375039999999999818e-01 5.247209999999999930e-01 5.731110000000000371e-01
5.127829999999999888e-01 5.397049999999999903e-01 6.408409999999999940e-01 5.303949999999999498e-01 5.535959999999999770e-01
5.656069999999999709e-01 5.256129999999999969e-01 5.026410000000000045e-01 4.871019999999999794e-01 4.873959999999999959e-01
5.590749999999999886e-01 5.735500000000000043e-01 5.059150000000000036e-01 6.448059999999999903e-01 5.602939999999999587e-01
3.177010000000000112e-01 3.212740000000000040e-01 3.801700000000000079e-01 3.927439999999999820e-01 3.201820000000000221e-01
4.824459999999999860e-01 4.090860000000000052e-01 4.810909999999999909e-01 3.451699999999999768e-01 5.105070000000000441e-01
6.048559999999999492e-01 5.062189999999999745e-01 6.453539999999999832e-01 5.442669999999999453e-01 4.519730000000000136e-01
4.472209999999999797e-01 5.791669999999999874e-01 4.144249999999999878e-01 5.377049999999999885e-01 4.169919999999999738e-01
6.114960000000000395e-01 5.811070000000000402e-01 7.191560000000000175e-01 5.883559999999999901e-01 6.430890000000000217e-01
6.699019999999999975e-01 6.373860000000000081e-01 6.048120000000000163e-01 6.429780000000000495e-01 5.930720000000000436e-01
6.486509999999999776e-01 6.214610000000000412e-01 5.387060000000000182e-01 5.818999999999999728e-01 5.891269999999999563e-01
4.893859999999999877e-01 5.289479999999999738e-01 5.013579999999999703e-01 5.067399999999999682e-01 4.295550000000000201e-01
6.104039999999999466e-01 6.989619999999999722e-01 7.132899999999999796e-01 6.840019999999999989e-01 6.671310000000000295e-01
3.594919999999999782e-01 4.028769999999999851e-01 4.882219999999999893e-01 4.432889999999999886e-01 3.973869999999999902e-01
3.931049999999999822e-01 4.857620000000000271e-01 4.055699999999999861e-01 5.246929999999999650e-01 4.656759999999999788e-01
3.229460000000000108e-01 3.080209999999999892e-01 3.865589999999999860e-01 3.573219999999999730e-01 3.882829999999999893e-01
3.459459999999999757e-01 4.266389999999999905e-01 4.725989999999999913e-01 5.131860000000000310e-01 4.789729999999999821e-01
2.716919999999999891e-01 3.073890000000000233e-01 2.898129999999999873e-01 3.496779999999999888e-01 3.386230000000000073e-01
5.887470000000000203e-01 5.110019999999999563e-01 3.958079999999999932e-01 4.998600000000000265e-01 4.345939999999999803e-01
3.697289999999999743e-01 4.657540000000000013e-01 3.550840000000000107e-01 3.152309999999999834e-01 3.874859999999999971e-01
3.946330000000000116e-01 5.334670000000000245e-01 5.325860000000000039e-01 4.962289999999999757e-01 6.061269999999999714e-01
5.049169999999999492e-01 4.108559999999999990e-01 5.940269999999999717e-01 4.627859999999999752e-01 5.562620000000000342e-01
6.029079999999999995e-01 6.068909999999999583e-01 6.131079999999999863e-01 5.338600000000000012e-01 5.131099999999999550e-01
4.441840000000000233e-01 5.462120000000000308e-01 3.677619999999999778e-01 5.152780000000000138e-01 3.670490000000000141e-01
5.196899999999999853e-01 4.678109999999999769e-01 4.047859999999999792e-01 4.813439999999999941e-01 5.551549999999999541e-01
4.424000000000000155e-01 3.706269999999999842e-01 3.231069999999999776e-01 4.333810000000000162e-01 4.532599999999999962e-01
5.600619999999999488e-01 5.104769999999999586e-01 5.126220000000000221e-01 4.705219999999999958e-01 4.663769999999999860e-01
6.578760000000000163e-01 4.483190000000000230e-01 6.335769999999999458e-01 6.050159999999999982e-01 4.629829999999999779e-01
4.017249999999999988e-01 3.935699999999999754e-01 4.018769999999999842e-01 4.166000000000000258e-01 3.701070000000000193e-01
4.740920000000000134e-01 4.670279999999999987e-01 3.652690000000000103e-01 4.378830000000000222e-01 3.323110000000000230e-01
5.407999999999999474e-01 3.773599999999999732e-01 4.454890000000000239e-01 4.056549999999999878e-01 4.595949999999999758e-01
4.679039999999999866e-01 4.665239999999999942e-01 4.327380000000000115e-01 3.714520000000000044e-01 4.684820000000000095e-01
3.884360000000000035e-01 4.063180000000000125e-01 4.219370000000000065e-01 4.257810000000000206e-01 3.805830000000000046e-01
4.272050000000000014e-01 4.443010000000000015e-01 3.745260000000000256e-01 4.628439999999999777e-01 4.701719999999999788e-01
4.523880000000000123e-01 4.225110000000000254e-01 3.129199999999999759e-01 3.820500000000000007e-01 3.633390000000000231e-01
6.270449999999999635e-01 5.573069999999999968e-01 6.292919999999999625e-01 6.609120000000000550e-01 5.527100000000000346e-01
5.276680000000000259e-01 4.813319999999999821e-01 4.352070000000000105e-01 4.413409999999999833e-01 5.181860000000000355e-01
3.738650000000000029e-01 3.369059999999999833e-01 4.130750000000000255e-01 4.273060000000000191e-01 3.702030000000000043e-01
6.698460000000000525e-01 5.418269999999999476e-01 6.217190000000000216e-01 6.706509999999999971e-01 4.702089999999999881e-01
4.712950000000000195e-01 6.471970000000000223e-01 4.771059999999999746e-01 6.326479999999999881e-01 5.031259999999999621e-01
6.260860000000000314e-01 5.254940000000000166e-01 4.633309999999999929e-01 5.781960000000000433e-01 4.663780000000000148e-01
5.872640000000000082e-01 5.870870000000000255e-01 5.561070000000000180e-01 7.007940000000000280e-01 5.222510000000000208e-01
5.929820000000000091e-01 5.661559999999999926e-01 6.370460000000000012e-01 5.897900000000000365e-01 6.726680000000000437e-01
5.756729999999999903e-01 4.109240000000000115e-01 5.560890000000000555e-01 5.179909999999999792e-01 4.707379999999999898e-01
6.723190000000000000e-01 6.013789999999999969e-01 5.020200000000000218e-01 5.424740000000000117e-01 5.458619999999999584e-01
4.369270000000000098e-01 5.180329999999999657e-01 4.501580000000000026e-01 6.166859999999999564e-01 5.247000000000000552e-01
5.988240000000000229e-01 6.046620000000000328e-01 6.269249999999999545e-01 5.643610000000000015e-01 5.608680000000000332e-01
4.825070000000000192e-01 5.290740000000000443e-01 4.025549999999999962e-01 4.095559999999999756e-01 4.535980000000000012e-01
4.105840000000000045e-01 4.908390000000000253e-01 3.066050000000000164e-01 4.054559999999999831e-01 4.133519999999999972e-01
3.935969999999999747e-01 4.799209999999999865e-01 3.789699999999999736e-01 5.315410000000000412e-01 5.039690000000000003e-01
4.410430000000000184e-01 4.880800000000000138e-01 3.650740000000000096e-01 4.530319999999999903e-01 4.778819999999999735e-01
6.488629999999999676e-01 5.969489999999999519e-01 6.388089999999999602e-01 5.174290000000000278e-01 6.291790000000000438e-01
4.692529999999999757e-01 6.152560000000000251e-01 5.200709999999999500e-01 5.316950000000000287e-01 5.000679999999999570e-01
4.842779999999999863e-01 5.643540000000000223e-01 4.548070000000000168e-01 6.439249999999999696e-01 4.128839999999999733e-01
6.203809999999999603e-01 5.587800000000000544e-01 6.554410000000000514e-01 5.996960000000000068e-01 4.834399999999999809e-01
6.005129999999999635e-01 5.144809999999999661e-01 4.454460000000000086e-01 5.498840000000000394e-01 4.381990000000000052e-01
6.129299999999999748e-01 4.557590000000000252e-01 5.148430000000000506e-01 5.475560000000000427e-01 5.330420000000000158e-01
3.965099999999999736e-01 5.115640000000000187e-01 4.707370000000000165e-01 4.557610000000000272e-01 5.362270000000000092e-01
4.437450000000000006e-01 5.069590000000000485e-01 5.437990000000000324e-01 5.393419999999999881e-01 6.286800000000000166e-01
3.579060000000000019e-01 3.410819999999999963e-01 4.291739999999999999e-01 2.638480000000000270e-01 3.912370000000000014e-01
6.347230000000000372e-01 5.038799999999999946e-01 5.417450000000000321e-01 6.159379999999999855e-01 5.910130000000000106e-01
5.108639999999999848e-01 5.729269999999999641e-01 5.121050000000000324e-01 5.070449999999999680e-01 6.921669999999999767e-01
4.431689999999999796e-01 4.593369999999999953e-01 3.804290000000000171e-01 5.497330000000000272e-01 4.225260000000000127e-01
3.495199999999999974e-01 3.949750000000000205e-01 2.993290000000000117e-01 3.307329999999999992e-01 3.569249999999999923e-01
5.173710000000000253e-01 5.150209999999999511e-01 4.814329999999999998e-01 5.594339999999999868e-01 4.895909999999999984e-01
6.032039999999999624e-01 5.386549999999999949e-01 4.110739999999999950e-01 6.451480000000000548e-01 5.193419999999999703e-01
4.467590000000000172e-01 6.572310000000000096e-01 5.327960000000000473e-01 5.287570000000000325e-01 6.218850000000000211e-01
6.313309999999999755e-01 4.454489999999999839e-01 5.464160000000000128e-01 5.972730000000000539e-01 4.157109999999999972e-01
6.670300000000000118e-01 5.935570000000000013e-01 5.283900000000000263e-01 5.580159999999999565e-01 5.311320000000000485e-01
3.729700000000000237e-01 4.007569999999999744e-01 3.192130000000000245e-01 4.190459999999999741e-01 3.755390000000000117e-01
6.989229999999999610e-01 5.398600000000000065e-01 5.713989999999999903e-01 5.633449999999999847e-01 5.887170000000000458e-01
5.971410000000000329e-01 4.779809999999999892e-01 5.923910000000000009e-01 6.196340000000000181e-01 4.860090000000000243e-01
4.829860000000000264e-01 4.978230000000000155e-01 6.012459999999999471e-01 5.272550000000000292e-01 5.215589999999999948e-01
4.499699999999999811e-01 3.529249999999999887e-01 4.055849999999999733e-01 3.933490000000000042e-01 4.258600000000000163e-01
6.156669999999999643e-01 6.864390000000000214e-01 6.176490000000000036e-01 7.216620000000000257e-01 5.762589999999999657e-01
3.572710000000000052e-01 2.942130000000000023e-01 2.709079999999999822e-01 3.480280000000000040e-01 2.993689999999999962e-01
4.599550000000000027e-01 3.335089999999999999e-01 3.176510000000000167e-01 4.210070000000000201e-01 3.532819999999999849e-01
3.271029999999999771e-01 2.968549999999999800e-01 3.428089999999999749e-01 3.385830000000000228e-01 2.985789999999999833e-01
4.699800000000000089e-01 4.830070000000000197e-01 4.118169999999999886e-01 6.223509999999999875e-01 4.994460000000000011e-01
5.502719999999999834e-01 3.876820000000000266e-01 4.325080000000000036e-01 4.371979999999999755e-01 4.673140000000000072e-01
6.352109999999999701e-01 5.155509999999999815e-01 6.380019999999999580e-01 6.106909999999999838e-01 5.958799999999999653e-01
5.321660000000000279e-01 5.400230000000000308e-01 5.021670000000000300e-01 5.836219999999999741e-01 5.894549999999999512e-01
5.946489999999999831e-01 6.298599999999999755e-01 6.264760000000000328e-01 5.510429999999999495e-01 5.508159999999999723e-01
5.997900000000000453e-01 5.471500000000000252e-01 6.832390000000000407e-01 5.664649999999999963e-01 6.125880000000000214e-01
3.214239999999999875e-01 4.412460000000000271e-01 3.477370000000000183e-01 4.020889999999999742e-01 3.048930000000000251e-01
6.913690000000000113e-01 6.270379999999999843e-01 5.852249999999999952e-01 6.351400000000000379e-01 6.225279999999999703e-01
5.761309999999999487e-01 4.599239999999999995e-01 4.787379999999999969e-01 5.559309999999999530e-01 5.791490000000000249e-01
3.513539999999999996e-01 3.422020000000000062e-01 3.368010000000000170e-01 3.619760000000000200e-01 2.881719999999999837e-01
6.285420000000000451e-01 5.877529999999999699e-01 5.281219999999999803e-01 4.763539999999999996e-01 5.594909999999999606e-01
5.241890000000000160e-01 6.300750000000000517e-01 5.506419999999999648e-01 5.259310000000000374e-01 6.074370000000000047e-01
5.594419999999999948e-01 6.409329999999999750e-01 6.799859999999999793e-01 5.548370000000000246e-01 5.901370000000000227e-01
3.889369999999999772e-01 4.649820000000000064e-01 4.131549999999999945e-01 3.562469999999999803e-01 3.751510000000000122e-01
5.488319999999999865e-01 6.574259999999999549e-01 4.618490000000000095e-01 6.280360000000000387e-01 5.844040000000000346e-01
4.896889999999999854e-01 4.833790000000000031e-01 3.611929999999999863e-01 5.019670000000000520e-01 3.560329999999999884e-01
6.883979999999999544e-01 6.704189999999999872e-01 6.325089999999999879e-01 6.927520000000000344e-01 6.683149999999999924e-01
3.806010000000000226e-01 3.397809999999999997e-01 4.530399999999999983e-01 4.523829999999999796e-01 4.255780000000000118e-01
4.618829999999999880e-01 3.909929999999999795e-01 3.975380000000000025e-01 4.305519999999999903e-01 3.723920000000000008e-01
5.111090000000000355e-01 5.516440000000000232e-01 6.410959999999999992e-01 4.134789999999999854e-01 6.014119999999999466e-01
5.877210000000000489e-01 4.219660000000000077e-01 6.044890000000000541e-01 5.631129999999999747e-01 4.962869999999999782e-01
4.936150000000000260e-01 5.788240000000000052e-01 6.007019999999999582e-01 4.921679999999999944e-01 6.345100000000000184e-01
3.135450000000000181e-01 4.695420000000000149e-01 4.840670000000000250e-01 4.659889999999999866e-01 4.123390000000000111e-01
5.762479999999999825e-01 7.221480000000000121e-01 6.194709999999999939e-01 6.210240000000000204e-01 6.468180000000000041e-01
4.657120000000000148e-01 5.818630000000000191e-01 4.096969999999999779e-01 5.623960000000000070e-01 4.935780000000000167e-01
5.739680000000000337e-01 5.222660000000000080e-01 5.538359999999999950e-01 4.958480000000000110e-01 5.744320000000000537e-01
5.513749999999999485e-01 3.791089999999999738e-01 4.898930000000000229e-01 4.886039999999999828e-01 4.740440000000000209e-01
5.718100000000000405e-01 6.073749999999999982e-01 6.581059999999999688e-01 5.382400000000000517e-01 6.995719999999999716e-01
4.299180000000000224e-01 3.139319999999999888e-01 5.096840000000000259e-01 3.658629999999999938e-01 4.012519999999999976e-01
4.566950000000000176e-01 4.293939999999999979e-01 4.654369999999999896e-01 4.451209999999999889e-01 3.277729999999999810e-01
4.869990000000000152e-01 5.022780000000000022e-01 5.415379999999999638e-01 5.215119999999999756e-01 5.995209999999999706e-01
4.842000000000000193e-01 3.884349999999999747e-01 4.107370000000000188e-01 3.849569999999999936e-01 4.411169999999999813e-01
4.519329999999999736e-01 3.478550000000000253e-01 4.328060000000000240e-01 3.724779999999999758e-01 4.832210000000000116e-01
5.813350000000000461e-01 5.494989999999999597e-01 6.477800000000000225e-01 5.496450000000000502e-01 6.278049999999999464e-01
4.902480000000000171e-01 4.129909999999999970e-01 4.795559999999999823e-01 4.400160000000000182e-01 4.139950000000000019e-01
4.828200000000000269e-01 4.332799999999999985e-01 3.038750000000000062e-01 4.945990000000000109e-01 3.494340000000000224e-01
3.235529999999999795e-01 4.792469999999999786e-01 3.809509999999999841e-01 3.976279999999999815e-01 4.746179999999999843e-01
6.178930000000000256e-01 5.766050000000000342e-01 5.729610000000000536e-01 5.708400000000000141e-01 6.134650000000000380e-01
4.433179999999999898e-01 3.430429999999999868e-01 5.281029999999999891e-01 3.872470000000000079e-01 5.344470000000000054e-01
4.911659999999999915e-01 6.137019999999999698e-01 6.083439999999999959e-01 5.294769999999999754e-01 6.225500000000000478e-01
5.659429999999999739e-01 3.963880000000000181e-01 5.012130000000000196e-01 5.047570000000000112e-01 4.127089999999999925e-01
6.874810000000000088e-01 6.357369999999999965e-01 6.918809999999999683e-01 5.641669999999999741e-01 6.526800000000000379e-01
5.917829999999999480e-01 6.830000000000000515e-01 5.890339999999999465e-01 6.905339999999999812e-01 6.397490000000000121e-01
5.664179999999999771e-01 6.437950000000000061e-01 5.855709999999999527e-01 5.562409999999999854e-01 6.522339999999999804e-01
3.002589999999999981e-01 3.182670000000000221e-01 3.661980000000000235e-01 3.247329999999999939e-01 3.493629999999999791e-01
6.366190000000000460e-01 6.158479999999999510e-01 6.553409999999999513e-01 6.398260000000000058e-01 5.821209999999999996e-01
3.870700000000000252e-01 4.971760000000000068e-01 4.646730000000000027e-01 4.185929999999999929e-01 4.765019999999999811e-01
3.283550000000000080e-01 4.516370000000000107e-01 3.078830000000000178e-01 4.423360000000000070e-01 4.363489999999999869e-01
5.722080000000000499e-01 5.212949999999999529e-01 5.943110000000000337e-01 4.352199999999999958e-01 5.818839999999999568e-01
4.468719999999999914e-01 6.403370000000000450e-01 5.373520000000000518e-01 5.276089999999999947e-01 4.586000000000000076e-01
6.448789999999999800e-01 5.943779999999999619e-01 6.629620000000000513e-01 6.026110000000000078e-01 6.843179999999999819e-01
4.668350000000000000e-01 4.866829999999999767e-01 3.447629999999999861e-01 4.941559999999999842e-01 4.541310000000000069e-01
4.336559999999999859e-01 3.511779999999999902e-01 5.395510000000000028e-01 3.699410000000000198e-01 4.013379999999999725e-01
5.591990000000000016e-01 6.190550000000000219e-01 4.314990000000000214e-01 5.472299999999999942e-01 6.090790000000000370e-01
3.959500000000000242e-01 3.183000000000000274e-01 3.388570000000000193e-01 3.673529999999999851e-01 2.987609999999999988e-01
6.113809999999999523e-01 5.611150000000000304e-01 6.126169999999999671e-01 4.846679999999999877e-01 5.258190000000000364e-01
4.622020000000000017e-01 4.959669999999999912e-01 3.917579999999999951e-01 4.975709999999999855e-01 4.798339999999999828e-01
4.357949999999999879e-01 2.999129999999999852e-01 3.911009999999999764e-01 4.208549999999999791e-01 3.582560000000000189e-01
3.482540000000000080e-01 4.280320000000000236e-01 4.262650000000000050e-01 4.161779999999999924e-01 5.364970000000000017e-01
3.581719999999999904e-01 3.202420000000000266e-01 3.754500000000000060e-01 3.102900000000000102e-01 3.543959999999999888e-01
5.891039999999999610e-01 5.225480000000000125e-01 6.735210000000000363e-01 6.491080000000000183e-01 5.683559999999999723e-01
5.785390000000000255e-01 5.369310000000000471e-01 4.447710000000000274e-01 6.547849999999999504e-01 5.678180000000000449e-01
3.451069999999999971e-01 3.024290000000000034e-01 3.569330000000000003e-01 4.178290000000000060e-01 3.901310000000000056e-01
4.737990000000000257e-01 3.420210000000000194e-01 5.162369999999999459e-01 4.493789999999999729e-01 3.422990000000000199e-01
3.960020000000000207e-01 4.986320000000000197e-01 5.218199999999999505e-01 5.119209999999999594e-01 3.915710000000000024e-01
4.811070000000000069e-01 4.586450000000000249e-01 3.829810000000000159e-01 5.693049999999999500e-01 4.359759999999999747e-01
6.064589999999999703e-01 5.772939999999999738e-01 5.185149999999999482e-01 6.252299999999999525e-01 6.173100000000000254e-01
4.525870000000000171e-01 3.140930000000000111e-01 5.316809999999999592e-01 4.192569999999999908e-01 4.182569999999999899e-01
3.596460000000000212e-01 3.365730000000000111e-01 3.876930000000000098e-01 3.397530000000000272e-01 4.351260000000000128e-01
5.188129999999999686e-01 5.155469999999999775e-01 3.663620000000000210e-01 5.816559999999999508e-01 3.526869999999999727e-01
3.669229999999999992e-01 3.911939999999999862e-01 4.023559999999999914e-01 4.429529999999999856e-01 4.948020000000000196e-01
5.275819999999999954e-01 7.069360000000000088e-01 6.201539999999999830e-01 6.270590000000000330e-01 6.666980000000000128e-01
6.039839999999999653e-01 6.316869999999999985e-01 6.651939999999999520e-01 6.784919999999999840e-01 6.793799999999999839e-01
6.176180000000000003e-01 4.939729999999999954e-01 6.512740000000000196e-01 5.779800000000000493e-01 5.678320000000000034e-01
5.737879999999999647e-01 6.228630000000000555e-01 6.129040000000000044e-01 6.081820000000000004e-01 4.821639999999999815e-01
4.311400000000000232e-01 4.331160000000000010e-01 3.903090000000000170e-01 5.124429999999999819e-01 4.255709999999999771e-01
6.313579999999999748e-01 4.693109999999999782e-01 6.202659999999999840e-01 5.906019999999999603e-01 6.087470000000000381e-01
5.229279999999999484e-01 5.911680000000000268e-01 5.628130000000000077e-01 6.537119999999999598e-01 4.932900000000000063e-01
4.869649999999999812e-01 3.332660000000000067e-01 4.968299999999999939e-01 4.843250000000000055e-01 4.677729999999999944e-01
5.893789999999999862e-01 6.443529999999999536e-01 5.352430000000000243e-01 5.808619999999999894e-01 6.550789999999999669e-01
3.355469999999999842e-01 3.009740000000000193e-01 3.287930000000000019e-01 2.701350000000000140e-01 3.053440000000000043e-01
5.991220000000000434e-01 6.709239999999999648e-01 6.063730000000000508e-01 6.585280000000000022e-01 6.347040000000000459e-01
4.001680000000000237e-01 4.958029999999999937e-01 3.718409999999999771e-01 5.201750000000000540e-01 3.724520000000000053e-01
5.659809999999999564e-01 6.626229999999999620e-01 5.335229999999999695e-01 5.417800000000000393e-01 6.110740000000000061e-01
4.288109999999999977e-01 2.961019999999999763e-01 4.001890000000000169e-01 3.539700000000000069e-01 3.697440000000000171e-01
4.655900000000000039e-01 3.722219999999999973e-01 5.117739999999999512e-01 3.260270000000000112e-01 5.197800000000000198e-01
5.712409999999999988e-01 6.195460000000000411e-01 4.088200000000000167e-01 5.550070000000000281e-01 4.295140000000000069e-01
3.942180000000000129e-01 3.817699999999999982e-01 4.445839999999999792e-01 3.709529999999999772e-01 5.146749999999999936e-01
7.021690000000000431e-01 7.191450000000000342e-01 6.508169999999999789e-01 7.034350000000000325e-01 6.281729999999999814e-01
3.290680000000000271e-01 3.835439999999999960e-01 4.148819999999999730e-01 3.410290000000000266e-01 3.590780000000000083e-01
3.330040000000000222e-01 3.983579999999999899e-01 4.286479999999999735e-01 4.528130000000000210e-01 4.118510000000000226e-01
4.303879999999999928e-01 4.691529999999999867e-01 2.771989999999999732e-01 4.895709999999999784e-01 3.529140000000000055e-01
4.667399999999999882e-01 6.187160000000000437e-01 5.837649999999999784e-01 5.243790000000000395e-01 5.674240000000000395e-01
4.243720000000000270e-01 4.406200000000000117e-01 4.112250000000000072e-01 3.872820000000000151e-01 3.839629999999999987e-01
5.681880000000000264e-01 5.256330000000000169e-01 5.509610000000000340e-01 5.271940000000000515e-01 6.843080000000000274e-01
5.285450000000000426e-01 6.643729999999999913e-01 4.346169999999999756e-01 5.335379999999999567e-01 5.486790000000000278e-01
4.675770000000000204e-01 4.102279999999999816e-01 4.300390000000000046e-01 4.154849999999999932e-01 3.819130000000000025e-01
3.958280000000000132e-01 4.033070000000000266e-01 3.926069999999999838e-01 5.151940000000000408e-01 4.354489999999999750e-01
5.205100000000000282e-01 4.798919999999999852e-01 4.772410000000000263e-01 6.171740000000000004e-01 4.614409999999999901e-01
5.450779999999999514e-01 3.612219999999999875e-01 4.219010000000000260e-01 4.507999999999999785e-01 4.125820000000000043e-01
3.882900000000000240e-01 3.136070000000000246e-01 4.174930000000000030e-01 3.089950000000000196e-01 4.145849999999999813e-01
3.869870000000000254e-01 3.868619999999999837e-01 4.624510000000000010e-01 4.372400000000000175e-01 3.733090000000000019e-01
5.281169999999999476e-01 4.339509999999999756e-01 5.473289999999999544e-01 4.935789999999999900e-01 3.675379999999999758e-01
4.430180000000000229e-01 5.215229999999999588e-01 6.634189999999999809e-01 4.913730000000000042e-01 5.039639999999999675e-01
4.442150000000000265e-01 5.413480000000000514e-01 4.385040000000000049e-01 4.473409999999999886e-01 3.814670000000000005e-01
3.631119999999999903e-01 3.879830000000000223e-01 4.843009999999999815e-01 4.446339999999999737e-01 3.774569999999999870e-01
4.465970000000000217e-01 5.151540000000000008e-01 5.961079999999999712e-01 5.768029999999999546e-01 5.142919999999999714e-01
5.975559999999999761e-01 5.521620000000000417e-01 6.264060000000000183e-01 6.038919999999999844e-01 5.463390000000000191e-01
4.371860000000000190e-01 5.005410000000000137e-01 5.536900000000000155e-01 3.778799999999999937e-01 4.381109999999999727e-01
6.248470000000000413e-01 4.521839999999999749e-01 6.108109999999999928e-01 4.635130000000000083e-01 5.024290000000000145e-01
5.556459999999999733e-01 4.622269999999999990e-01 3.836589999999999723e-01 4.690830000000000277e-01 4.398699999999999832e-01
5.918360000000000287e-01 6.058339999999999836e-01 6.048499999999999988e-01 5.465189999999999770e-01 7.112469999999999626e-01
4.500669999999999948e-01 3.551549999999999985e-01 4.831159999999999899e-01 4.329649999999999888e-01 3.316140000000000199e-01
3.523220000000000240e-01 3.493769999999999931e-01 4.360660000000000092e-01 4.322010000000000018e-01 3.177719999999999989e-01
3.676479999999999748e-01 3.899449999999999861e-01 3.935930000000000262e-01 4.370600000000000041e-01 2.813869999999999982e-01
6.624959999999999738e-01 6.158730000000000038e-01 6.201579999999999870e-01 6.078379999999999894e-01 6.100060000000000482e-01
6.244729999999999448e-01 6.339080000000000270e-01 5.784460000000000157e-01 7.101929999999999632e-01 6.445659999999999723e-01
4.267329999999999735e-01 3.894799999999999929e-01 4.454420000000000046e-01 4.871900000000000119e-01 3.200410000000000199e-01
3.472439999999999971e-01 3.977240000000000220e-01 3.621409999999999907e-01 4.555950000000000277e-01 3.933360000000000190e-01
3.689109999999999889e-01 4.292590000000000017e-01 4.338589999999999947e-01 3.811849999999999961e-01 5.181289999999999507e-01
6.007449999999999735e-01 4.325269999999999948e-01 6.091889999999999805e-01 5.944009999999999572e-01 4.523400000000000198e-01
4.386269999999999891e-01 3.979659999999999864e-01 4.194359999999999755e-01 3.867329999999999934e-01 4.761179999999999857e-01
6.010039999999999827e-01 6.617110000000000491e-01 4.940050000000000274e-01 5.762389999999999457e-01 5.754139999999999810e-01
4.778479999999999950e-01 5.862370000000000081e-01 4.963480000000000114e-01 5.157209999999999850e-01 4.547129999999999783e-01
6.450240000000000418e-01 4.988710000000000089e-01 5.556069999999999620e-01 4.475180000000000269e-01 5.346340000000000536e-01
6.403050000000000130e-01 6.298669999999999547e-01 5.032640000000000446e-01 6.563670000000000337e-01 5.494449999999999612e-01
3.725220000000000198e-01 4.813569999999999793e-01 5.736029999999999740e-01 4.158490000000000242e-01 5.632270000000000332e-01
5.599199999999999733e-01 6.012709999999999999e-01 4.827040000000000219e-01 6.509859999999999536e-01 4.805820000000000092e-01
3.547390000000000265e-01 4.089300000000000157e-01 3.539669999999999761e-01 3.213670000000000138e-01 4.311690000000000245e-01
5.090050000000000407e-01 4.217369999999999730e-01 4.140869999999999829e-01 4.043880000000000252e-01 3.473849999999999993e-01
6.199900000000000411e-01 3.492009999999999836e-01 5.215090000000000003e-01 4.922210000000000196e-01 3.904380000000000073e-01
5.992380000000000484e-01 4.573849999999999860e-01 6.773409999999999709e-01 5.819609999999999506e-01 5.757719999999999505e-01
3.695959999999999801e-01 3.945540000000000158e-01 5.258119999999999461e-01 4.530399999999999983e-01 4.823479999999999990e-01
6.035719999999999974e-01 5.581840000000000135e-01 4.193330000000000113e-01 5.936529999999999863e-01 4.354230000000000045e-01
4.971320000000000183e-01 4.127830000000000110e-01 5.776540000000000008e-01 4.261220000000000008e-01 5.364069999999999672e-01
5.499270000000000547e-01 6.151799999999999491e-01 6.142269999999999675e-01 4.927730000000000166e-01 5.988959999999999839e-01
4.171619999999999773e-01 3.838840000000000030e-01 5.576630000000000198e-01 3.024890000000000079e-01 4.851019999999999777e-01
4.974850000000000105e-01 4.796270000000000255e-01 4.973469999999999835e-01 6.080299999999999594e-01 5.200099999999999723e-01
5.626400000000000290e-01 6.780000000000000471e-01 5.741690000000000405e-01 6.396399999999999864e-01 5.341460000000000097e-01
4.215650000000000230e-01 3.193150000000000155e-01 4.542680000000000051e-01 3.380349999999999744e-01 3.739640000000000186e-01
5.629450000000000287e-01 4.339649999999999896e-01 5.786879999999999802e-01 5.827590000000000270e-01 5.320620000000000349e-01
4.531810000000000005e-01 4.781170000000000142e-01 4.494389999999999774e-01 4.859149999999999858e-01 4.020540000000000225e-01
6.044789999999999885e-01 5.928999999999999826e-01 7.011110000000000397e-01 6.394360000000000044e-01 7.081479999999999997e-01
4.878850000000000131e-01 4.275280000000000191e-01 4.509340000000000015e-01 4.166850000000000276e-01 4.026850000000000152e-01
4.749669999999999725e-01 4.364959999999999951e-01 3.539220000000000144e-01 4.309850000000000070e-01 3.038100000000000245e-01
3.505360000000000142e-01 3.913519999999999777e-01 3.814100000000000268e-01 2.937679999999999736e-01 3.494869999999999921e-01
6.305500000000000549e-01 6.780270000000000463e-01 6.569620000000000459e-01 5.794190000000000174e-01 6.853879999999999972e-01
5.483820000000000361e-01 6.865909999999999513e-01 5.892100000000000115e-01 6.069729999999999848e-01 6.600409999999999888e-01
6.480439999999999534e-01 5.620540000000000536e-01 5.793559999999999821e-01 5.130869999999999598e-01 6.124490000000000212e-01
3.849330000000000251e-01 4.990049999999999764e-01 5.608570000000000499e-01 4.486629999999999785e-01 5.654130000000000544e-01
3.833699999999999886e-01 5.723219999999999974e-01 3.880870000000000153e-01 4.877989999999999826e-01 4.075300000000000034e-01
5.117819999999999592e-01 5.719859999999999944e-01 5.973140000000000116e-01 5.695280000000000342e-01 5.972629999999999884e-01
3.684009999999999785e-01 5.229319999999999524e-01 3.689230000000000009e-01 4.841650000000000120e-01 4.699130000000000251e-01
3.821789999999999909e-01 6.007630000000000470e-01 4.174950000000000050e-01 4.569409999999999861e-01 5.262459999999999916e-01
3.374190000000000245e-01 4.134499999999999842e-01 3.264929999999999777e-01 4.277369999999999783e-01 4.197799999999999865e-01
4.156380000000000075e-01 4.690239999999999965e-01 3.740430000000000144e-01 3.455119999999999858e-01 4.715559999999999752e-01
4.892210000000000170e-01 4.828509999999999747e-01 4.359680000000000222e-01 3.419220000000000037e-01 4.020859999999999990e-01
3.861020000000000008e-01 4.343080000000000274e-01 3.808139999999999858e-01 5.158660000000000467e-01 4.525660000000000238e-01
3.918610000000000149e-01 5.312660000000000160e-01 4.670460000000000167e-01 4.128000000000000003e-01 5.022809999999999775e-01
3.430489999999999928e-01 4.163149999999999906e-01 3.864310000000000245e-01 4.014559999999999795e-01 4.860949999999999993e-01
4.383429999999999827e-01 3.397279999999999744e-01 4.473460000000000214e-01 3.673919999999999964e-01 3.776829999999999909e-01
4.788669999999999871e-01 5.721640000000000059e-01 3.760359999999999814e-01 4.735289999999999777e-01 4.180539999999999812e-01
4.775440000000000240e-01 4.497189999999999799e-01 5.819750000000000201e-01 5.146709999999999896e-01 6.033519999999999994e-01
5.576400000000000245e-01 3.703739999999999810e-01 5.013400000000000079e-01 4.008990000000000054e-01 4.172899999999999943e-01
6.230200000000000182e-01 6.310890000000000111e-01 5.707520000000000371e-01 5.840840000000000476e-01 4.677540000000000031e-01
3.160319999999999796e-01 3.546980000000000133e-01 3.753639999999999755e-01 3.310690000000000022e-01 3.845870000000000122e-01
3.887229999999999852e-01 4.008189999999999809e-01 4.560980000000000034e-01 4.086139999999999772e-01 3.391069999999999918e-01
4.124559999999999893e-01 4.440020000000000078e-01 4.947170000000000178e-01 3.236939999999999817e-01 4.873299999999999854e-01
3.864980000000000082e-01 3.970170000000000088e-01 4.622800000000000242e-01 3.464220000000000077e-01 3.811530000000000196e-01
4.778419999999999890e-01 4.400339999999999807e-01 4.748950000000000116e-01 4.829510000000000192e-01 4.074570000000000136e-01
4.090509999999999979e-01 5.609309999999999574e-01 5.460380000000000233e-01 4.823310000000000097e-01 5.595240000000000213e-01
6.414609999999999479e-01 5.316309999999999647e-01 5.587029999999999497e-01 5.074140000000000317e-01 6.161210000000000298e-01
5.419540000000000468e-01 6.156460000000000266e-01 5.052950000000000497e-01 6.416450000000000209e-01 6.567499999999999449e-01
6.119569999999999732e-01 6.038860000000000339e-01 7.179029999999999578e-01 5.982709999999999972e-01 6.913230000000000208e-01
3.971660000000000190e-01 3.637880000000000003e-01 4.306769999999999765e-01 3.148989999999999845e-01 3.678750000000000075e-01
4.609329999999999816e-01 4.970609999999999751e-01 4.083390000000000075e-01 5.440920000000000201e-01 5.332630000000000425e-01
4.923159999999999759e-01 3.667030000000000012e-01 3.984719999999999929e-01 4.008129999999999749e-01 3.813300000000000023e-01
6.580359999999999543e-01 6.033199999999999674e-01 6.167660000000000364e-01 5.954150000000000276e-01 6.323140000000000427e-01
6.180670000000000330e-01 6.016489999999999894e-01 6.456650000000000444e-01 5.222780000000000200e-01 6.164570000000000327e-01
5.718090000000000117e-01 5.526240000000000041e-01 4.359709999999999974e-01 5.217079999999999496e-01 4.505609999999999893e-01
4.511089999999999822e-01 5.677159999999999984e-01 4.031980000000000008e-01 5.005479999999999929e-01 5.495449999999999502e-01
4.997860000000000080e-01 4.610830000000000206e-01 4.297560000000000269e-01 5.892399999999999860e-01 5.561519999999999797e-01
5.188970000000000526e-01 4.658079999999999998e-01 4.667169999999999930e-01 5.331120000000000303e-01 5.965270000000000294e-01
6.662310000000000176e-01 7.348529999999999784e-01 7.042049999999999699e-01 6.946360000000000312e-01 7.011309999999999487e-01
5.550079999999999458e-01 6.755330000000000501e-01 6.782660000000000355e-01 6.184720000000000217e-01 6.513870000000000493e-01
4.269660000000000122e-01 5.514329999999999510e-01 4.425390000000000157e-01 4.303799999999999848e-01 4.238830000000000098e-01
3.623919999999999919e-01 5.239399999999999613e-01 4.281960000000000210e-01 5.244969999999999910e-01 4.829069999999999752e-01
6.643989999999999618e-01 5.545039999999999969e-01 5.775879999999999903e-01 6.589139999999999997e-01 4.995310000000000028e-01
3.292990000000000084e-01 3.549390000000000045e-01 2.884189999999999809e-01 4.080500000000000238e-01 2.810179999999999900e-01
3.732249999999999734e-01 3.965710000000000068e-01 3.121380000000000265e-01 3.347109999999999808e-01 3.275790000000000091e-01
6.736720000000000486e-01 6.227789999999999715e-01 5.142910000000000537e-01 6.943570000000000020e-01 5.315239999999999965e-01
3.728460000000000107e-01 5.742420000000000302e-01 4.798810000000000020e-01 5.237619999999999498e-01 4.687290000000000068e-01
4.790099999999999913e-01 6.402970000000000050e-01 4.751029999999999975e-01 6.477579999999999449e-01 5.393229999999999968e-01
5.646719999999999517e-01 5.539749999999999952e-01 5.369340000000000224e-01 6.772289999999999699e-01 4.831079999999999819e-01
5.753449999999999953e-01 6.190459999999999852e-01 6.235870000000000024e-01 6.813839999999999897e-01 7.090300000000000491e-01
3.356680000000000219e-01 5.026119999999999477e-01 4.392739999999999978e-01 4.921539999999999804e-01 5.072710000000000274e-01
4.826759999999999939e-01 3.676920000000000188e-01 4.007009999999999739e-01 4.250439999999999774e-01 3.914779999999999927e-01
3.639169999999999905e-01 3.910159999999999747e-01 3.117610000000000103e-01 4.205709999999999726e-01 2.697809999999999930e-01
3.223730000000000206e-01 3.101389999999999980e-01 3.447299999999999809e-01 3.353849999999999887e-01 4.431289999999999951e-01
5.510789999999999855e-01 5.125669999999999948e-01 5.253269999999999884e-01 6.385779999999999790e-01 5.747219999999999551e-01
4.456780000000000186e-01 6.188649999999999984e-01 5.240270000000000206e-01 5.445039999999999880e-01 6.020149999999999668e-01
5.300430000000000419e-01 4.191449999999999898e-01 5.042419999999999680e-01 4.371220000000000105e-01 3.860990000000000255e-01
5.140759999999999774e-01 7.056010000000000337e-01 5.435550000000000104e-01 6.682770000000000099e-01 5.344149999999999734e-01
3.989770000000000261e-01 3.054749999999999965e-01 4.102180000000000271e-01 3.143810000000000215e-01 4.818649999999999878e-01
5.359680000000000000e-01 4.849820000000000242e-01 3.786410000000000053e-01 5.090719999999999690e-01 5.044840000000000435e-01
5.065349999999999575e-01 3.696679999999999966e-01 4.944020000000000081e-01 3.460989999999999900e-01 4.755260000000000042e-01
