5
135
3.999619999999999842e-01 4.363099999999999756e-01 4.480160000000000253e-01 4.239120000000000110e-01 5.279730000000000256e-01
5.101590000000000291e-01 4.814709999999999823e-01 4.542149999999999799e-01 4.491740000000000177e-01 3.575110000000000232e-01
4.471789999999999932e-01 3.869630000000000014e-01 4.114929999999999977e-01 4.650679999999999814e-01 4.439290000000000180e-01
6.517349999999999532e-01 4.815150000000000263e-01 5.676750000000000407e-01 5.485430000000000028e-01 5.310099999999999820e-01
5.800250000000000128e-01 4.447690000000000254e-01 5.808060000000000445e-01 4.397969999999999935e-01 5.000609999999999777e-01
4.550290000000000168e-01 5.928240000000000176e-01 5.222120000000000095e-01 4.606799999999999784e-01 5.452580000000000204e-01
3.840910000000000157e-01 4.425740000000000229e-01 3.491060000000000274e-01 3.406629999999999936e-01 4.474299999999999944e-01
5.571770000000000334e-01 4.772970000000000268e-01 5.842140000000000111e-01 4.783549999999999747e-01 5.878799999999999581e-01
4.657669999999999866e-01 4.236130000000000173e-01 4.671080000000000232e-01 5.124250000000000194e-01 3.806010000000000226e-01
4.255039999999999933e-01 3.630720000000000058e-01 3.437500000000000000e-01 3.783480000000000176e-01 3.781289999999999929e-01
4.026699999999999724e-01 4.663780000000000148e-01 4.085679999999999867e-01 4.759959999999999747e-01 3.504590000000000205e-01
5.287720000000000198e-01 5.005650000000000377e-01 5.367790000000000061e-01 3.782900000000000151e-01 4.808359999999999856e-01
5.038120000000000376e-01 5.919529999999999514e-01 4.454359999999999986e-01 5.392179999999999751e-01 4.265599999999999947e-01
4.873739999999999739e-01 4.437809999999999810e-01 4.603130000000000277e-01 3.871060000000000056e-01 5.470920000000000227e-01
4.636520000000000086e-01 4.938569999999999904e-01 5.048169999999999602e-01 5.061309999999999976e-01 4.869310000000000027e-01
4.732379999999999920e-01 4.957250000000000267e-01 5.125840000000000396e-01 4.275630000000000264e-01 5.386170000000000124e-01
4.379520000000000080e-01 4.563670000000000226e-01 5.498089999999999922e-01 4.947730000000000183e-01 4.916170000000000262e-01
5.743329999999999824e-01 4.730289999999999773e-01 4.620659999999999767e-01 5.353649999999999798e-01 4.408860000000000001e-01
4.525319999999999898e-01 5.218019999999999881e-01 4.367429999999999923e-01 3.879909999999999748e-01 5.114309999999999690e-01
4.543449999999999989e-01 4.496600000000000041e-01 4.227730000000000099e-01 4.533889999999999865e-01 3.925960000000000005e-01
4.917710000000000137e-01 4.771830000000000238e-01 4.473170000000000202e-01 4.581729999999999969e-01 5.359359999999999680e-01
3.858809999999999740e-01 3.832329999999999903e-01 4.818029999999999813e-01 4.136529999999999929e-01 4.617669999999999830e-01
6.105519999999999836e-01 5.375760000000000538e-01 5.409629999999999717e-01 5.494729999999999892e-01 5.057719999999999994e-01
6.746940000000000159e-01 5.432869999999999644e-01 6.567359999999999864e-01 6.329799999999999871e-01 6.073560000000000070e-01
5.252649999999999819e-01 5.569309999999999539e-01 4.647950000000000137e-01 5.758539999999999770e-01 4.748009999999999731e-01
4.338330000000000242e-01 4.193200000000000260e-01 4.312730000000000175e-01 3.742719999999999936e-01 3.963240000000000096e-01
4.231770000000000254e-01 3.865049999999999875e-01 3.610999999999999766e-01 4.799019999999999953e-01 3.624859999999999749e-01
5.947259999999999769e-01 5.368319999999999759e-01 5.647699999999999942e-01 5.038859999999999451e-01 5.160510000000000375e-01
4.451359999999999761e-01 4.604509999999999992e-01 4.804189999999999849e-01 5.491380000000000150e-01 4.632080000000000086e-01
4.803669999999999884e-01 5.695879999999999832e-01 4.425419999999999909e-01 5.024399999999999977e-01 4.590159999999999796e-01
5.638859999999999983e-01 6.321229999999999905e-01 4.988409999999999789e-01 5.548699999999999743e-01 5.305980000000000141e-01
4.780130000000000212e-01 5.617910000000000403e-01 5.644040000000000168e-01 5.088869999999999783e-01 5.093199999999999950e-01
6.020870000000000388e-01 5.655559999999999476e-01 6.289630000000000498e-01 6.009330000000000505e-01 5.535729999999999817e-01
5.236269999999999536e-01 5.929020000000000401e-01 5.240339999999999998e-01 6.325600000000000112e-01 5.625179999999999625e-01
5.323510000000000186e-01 5.312419999999999920e-01 4.863060000000000160e-01 5.691030000000000255e-01 3.930060000000000220e-01
3.612580000000000235e-01 4.237489999999999868e-01 3.310040000000000204e-01 4.341679999999999984e-01 3.482319999999999860e-01
4.442570000000000130e-01 4.647879999999999789e-01 4.599940000000000140e-01 3.935589999999999922e-01 4.832460000000000089e-01
5.237410000000000121e-01 4.160249999999999782e-01 4.921710000000000251e-01 4.432139999999999969e-01 4.496769999999999934e-01
3.397569999999999757e-01 4.679070000000000173e-01 3.830990000000000228e-01 4.296889999999999876e-01 3.907840000000000202e-01
3.994610000000000105e-01 4.674789999999999779e-01 5.237960000000000393e-01 4.435540000000000038e-01 4.714709999999999734e-01
5.068479999999999652e-01 4.645599999999999730e-01 5.939039999999999875e-01 4.063979999999999815e-01 5.586940000000000239e-01
4.965720000000000134e-01 4.719140000000000001e-01 4.188729999999999953e-01 5.055749999999999966e-01 4.168799999999999728e-01
6.285260000000000291e-01 7.006090000000000373e-01 6.858419999999999517e-01 6.226469999999999505e-01 6.598019999999999996e-01
5.965169999999999639e-01 6.623890000000000056e-01 5.770950000000000246e-01 6.418979999999999686e-01 5.369230000000000391e-01
3.730580000000000007e-01 4.898620000000000196e-01 4.285100000000000020e-01 4.173080000000000123e-01 3.960899999999999976e-01
5.740600000000000147e-01 5.037979999999999681e-01 5.798480000000000301e-01 6.011999999999999567e-01 5.218530000000000113e-01
5.732279999999999598e-01 5.105899999999999883e-01 6.095690000000000275e-01 4.787270000000000136e-01 5.225649999999999462e-01
5.267939999999999845e-01 5.563000000000000167e-01 5.340920000000000112e-01 5.868839999999999613e-01 5.781250000000000000e-01
4.940590000000000259e-01 5.248220000000000107e-01 4.465749999999999997e-01 5.236849999999999561e-01 3.592750000000000110e-01
4.672020000000000062e-01 4.731679999999999775e-01 3.908550000000000080e-01 4.480689999999999951e-01 5.075709999999999944e-01
5.695500000000000007e-01 6.716659999999999853e-01 5.342710000000000514e-01 5.853479999999999794e-01 5.443139999999999645e-01
5.276420000000000554e-01 4.999020000000000130e-01 6.476070000000000437e-01 5.218730000000000313e-01 5.529960000000000431e-01
4.008639999999999981e-01 4.808700000000000196e-01 4.623570000000000180e-01 4.966439999999999744e-01 4.823230000000000017e-01
4.902889999999999748e-01 5.688180000000000458e-01 5.642200000000000548e-01 5.211440000000000516e-01 5.254889999999999839e-01
3.679640000000000133e-01 3.794660000000000255e-01 4.039320000000000133e-01 3.672230000000000216e-01 4.219169999999999865e-01
4.911510000000000042e-01 4.898719999999999741e-01 4.917369999999999797e-01 5.766759999999999664e-01 5.234769999999999701e-01
3.965290000000000203e-01 4.943279999999999896e-01 3.879770000000000163e-01 3.957869999999999999e-01 4.638920000000000265e-01
6.104180000000000161e-01 5.095190000000000552e-01 4.887949999999999795e-01 5.823439999999999728e-01 4.878179999999999739e-01
4.103370000000000073e-01 4.819269999999999943e-01 5.296039999999999637e-01 4.399259999999999837e-01 5.301230000000000109e-01
4.479369999999999741e-01 4.481160000000000143e-01 4.279310000000000058e-01 4.213210000000000011e-01 5.309409999999999963e-01
5.389659999999999451e-01 5.277380000000000404e-01 4.852679999999999771e-01 5.008780000000000454e-01 5.079350000000000254e-01
4.749940000000000273e-01 6.066390000000000393e-01 6.046359999999999513e-01 5.768330000000000402e-01 5.685289999999999511e-01
6.079250000000000487e-01 5.139099999999999779e-01 5.752260000000000151e-01 5.317659999999999609e-01 6.211449999999999472e-01
5.544869999999999521e-01 6.206540000000000390e-01 5.006699999999999484e-01 5.775379999999999958e-01 5.243470000000000075e-01
5.153969999999999940e-01 4.891699999999999937e-01 4.338130000000000042e-01 4.742720000000000269e-01 5.030839999999999756e-01
4.051839999999999886e-01 3.788969999999999838e-01 3.402439999999999909e-01 4.106929999999999747e-01 4.189499999999999891e-01
4.055830000000000268e-01 4.360189999999999899e-01 3.676099999999999923e-01 4.058740000000000125e-01 4.554360000000000075e-01
5.222130000000000383e-01 5.837940000000000351e-01 4.730739999999999945e-01 5.804880000000000040e-01 4.903410000000000268e-01
4.407389999999999919e-01 4.377289999999999792e-01 3.558270000000000044e-01 4.409649999999999959e-01 3.256600000000000050e-01
5.157950000000000035e-01 4.773169999999999913e-01 6.166460000000000274e-01 5.576740000000000030e-01 4.997530000000000028e-01
5.512179999999999858e-01 5.129869999999999708e-01 4.784630000000000272e-01 4.162640000000000229e-01 5.665400000000000436e-01
4.157569999999999877e-01 3.573439999999999950e-01 4.435120000000000173e-01 4.453059999999999796e-01 4.677200000000000246e-01
5.123100000000000431e-01 4.889270000000000005e-01 4.716589999999999949e-01 5.767139999999999489e-01 4.451720000000000121e-01
5.441909999999999803e-01 6.124020000000000019e-01 5.113750000000000240e-01 5.897139999999999604e-01 5.830880000000000507e-01
4.284669999999999868e-01 5.068030000000000035e-01 4.575400000000000023e-01 4.967570000000000041e-01 4.854069999999999774e-01
6.797090000000000076e-01 5.763009999999999522e-01 6.148280000000000411e-01 5.936860000000000470e-01 5.380620000000000402e-01
4.111679999999999779e-01 4.624949999999999894e-01 3.463370000000000060e-01 4.246420000000000194e-01 3.476409999999999778e-01
4.455959999999999921e-01 5.166770000000000529e-01 3.735879999999999757e-01 5.112010000000000165e-01 4.089220000000000077e-01
3.806030000000000246e-01 4.956550000000000122e-01 4.465160000000000240e-01 4.893859999999999877e-01 4.551189999999999958e-01
4.055000000000000271e-01 3.547199999999999798e-01 3.461650000000000005e-01 4.269609999999999794e-01 3.586300000000000043e-01
3.740439999999999876e-01 3.868249999999999744e-01 3.234139999999999793e-01 3.666470000000000007e-01 4.015469999999999873e-01
4.431379999999999764e-01 3.762579999999999814e-01 4.711299999999999932e-01 3.992559999999999998e-01 4.398029999999999995e-01
3.851709999999999856e-01 4.074300000000000144e-01 4.510950000000000237e-01 4.305860000000000243e-01 3.995699999999999807e-01
4.483289999999999775e-01 4.733820000000000250e-01 4.824249999999999927e-01 4.436729999999999841e-01 4.230260000000000131e-01
3.644439999999999902e-01 4.154660000000000020e-01 3.294429999999999858e-01 4.114889999999999937e-01 3.290969999999999729e-01
4.255740000000000078e-01 4.270740000000000092e-01 5.015899999999999803e-01 4.993560000000000221e-01 4.749010000000000176e-01
5.018860000000000543e-01 5.648030000000000550e-01 5.681859999999999689e-01 4.535210000000000075e-01 4.670099999999999807e-01
4.232920000000000016e-01 5.578549999999999898e-01 5.077909999999999924e-01 4.559590000000000032e-01 6.154349999999999543e-01
6.042779999999999818e-01 5.926580000000000181e-01 5.478499999999999481e-01 6.472430000000000128e-01 5.718320000000000070e-01
4.525150000000000006e-01 4.018200000000000105e-01 3.958670000000000244e-01 4.962969999999999882e-01 3.274050000000000016e-01
5.065269999999999495e-01 5.477229999999999599e-01 4.350479999999999903e-01 5.533700000000000285e-01 3.861430000000000140e-01
6.138130000000000530e-01 4.630380000000000051e-01 5.420620000000000438e-01 5.602000000000000313e-01 4.453989999999999894e-01
5.778480000000000283e-01 5.826130000000000475e-01 5.519159999999999622e-01 6.151820000000000066e-01 5.232419999999999849e-01
4.162460000000000049e-01 5.206800000000000317e-01 3.802699999999999969e-01 4.655909999999999771e-01 4.571999999999999953e-01
4.923290000000000166e-01 5.065920000000000423e-01 5.443170000000000508e-01 5.318070000000000297e-01 5.454120000000000079e-01
4.843770000000000020e-01 4.201849999999999752e-01 4.249080000000000079e-01 3.985079999999999734e-01 4.514250000000000207e-01
3.836829999999999963e-01 4.161179999999999879e-01 4.687589999999999812e-01 4.252859999999999974e-01 3.971560000000000090e-01
4.324689999999999923e-01 4.168479999999999963e-01 4.468869999999999787e-01 3.598060000000000147e-01 4.606270000000000087e-01
3.972010000000000263e-01 5.455419999999999714e-01 4.308239999999999847e-01 4.419000000000000150e-01 4.185570000000000124e-01
5.119930000000000314e-01 5.151790000000000536e-01 5.544670000000000432e-01 5.797809999999999908e-01 4.653349999999999986e-01
5.017009999999999525e-01 5.846000000000000085e-01 4.986389999999999989e-01 4.468039999999999790e-01 5.909379999999999633e-01
5.353860000000000285e-01 5.963540000000000507e-01 5.250519999999999632e-01 6.352419999999999733e-01 6.192320000000000046e-01
5.910020000000000273e-01 6.574149999999999716e-01 5.504860000000000309e-01 5.914460000000000273e-01 5.234739999999999949e-01
6.239599999999999591e-01 4.476120000000000099e-01 6.328409999999999869e-01 5.593420000000000059e-01 5.017110000000000181e-01
4.162529999999999841e-01 4.431999999999999829e-01 3.779879999999999907e-01 3.597069999999999990e-01 4.689159999999999995e-01
4.484079999999999733e-01 4.648829999999999907e-01 4.684679999999999955e-01 4.168080000000000118e-01 5.026359999999999717e-01
3.007460000000000133e-01 3.274199999999999888e-01 3.286780000000000257e-01 3.202300000000000146e-01 3.366419999999999968e-01
6.239850000000000119e-01 5.271810000000000107e-01 6.649110000000000298e-01 5.374560000000000448e-01 6.090940000000000243e-01
6.395809999999999551e-01 5.617159999999999931e-01 5.507319999999999993e-01 5.710950000000000193e-01 5.555390000000000050e-01
3.939329999999999776e-01 4.643669999999999742e-01 4.416550000000000198e-01 4.524960000000000093e-01 5.200350000000000250e-01
4.664760000000000018e-01 4.871800000000000019e-01 4.540420000000000011e-01 4.427420000000000244e-01 5.010970000000000146e-01
4.216579999999999773e-01 4.179280000000000217e-01 3.476960000000000051e-01 5.014950000000000241e-01 4.328850000000000198e-01
6.053330000000000100e-01 5.688569999999999460e-01 5.173689999999999678e-01 5.320070000000000077e-01 5.210730000000000084e-01
3.969579999999999775e-01 3.449400000000000244e-01 4.307159999999999878e-01 3.842619999999999925e-01 3.386730000000000018e-01
3.279179999999999873e-01 3.321999999999999953e-01 3.655439999999999801e-01 3.014399999999999857e-01 3.503299999999999748e-01
5.537140000000000395e-01 4.136509999999999909e-01 5.465750000000000330e-01 5.288990000000000080e-01 4.414339999999999931e-01
4.302610000000000046e-01 4.019869999999999832e-01 5.028759999999999897e-01 4.640759999999999885e-01 3.987419999999999853e-01
4.297690000000000121e-01 5.295830000000000259e-01 4.426570000000000227e-01 4.892989999999999839e-01 5.608600000000000252e-01
5.788999999999999702e-01 6.539190000000000280e-01 5.219930000000000403e-01 5.513409999999999700e-01 5.668140000000000400e-01
6.697189999999999532e-01 6.077510000000000412e-01 5.704749999999999543e-01 6.370630000000000459e-01 6.204619999999999580e-01
4.885390000000000010e-01 6.087050000000000516e-01 5.486050000000000093e-01 4.993830000000000213e-01 5.881570000000000409e-01
6.039210000000000411e-01 6.701510000000000522e-01 6.136789999999999745e-01 5.746360000000000356e-01 6.162480000000000180e-01
5.402749999999999497e-01 6.150700000000000056e-01 5.496410000000000462e-01 5.495790000000000397e-01 5.030040000000000067e-01
4.263839999999999852e-01 5.292120000000000157e-01 4.939629999999999854e-01 4.866820000000000035e-01 6.194079999999999586e-01
5.075469999999999704e-01 6.352550000000000141e-01 5.401599999999999735e-01 5.760880000000000445e-01 5.543810000000000127e-01
4.037519999999999998e-01 5.140439999999999454e-01 4.341149999999999731e-01 4.627959999999999852e-01 5.742840000000000167e-01
4.677439999999999931e-01 3.778299999999999992e-01 3.806379999999999764e-01 3.617119999999999780e-01 4.253529999999999811e-01
5.996550000000000491e-01 5.997369999999999646e-01 6.164039999999999520e-01 6.132790000000000186e-01 5.507729999999999571e-01
4.670009999999999994e-01 3.972149999999999848e-01 5.284910000000000441e-01 4.703300000000000258e-01 5.090329999999999577e-01
5.918010000000000215e-01 6.007599999999999607e-01 6.344870000000000232e-01 6.532170000000000476e-01 5.776959999999999873e-01
4.115360000000000129e-01 4.417539999999999800e-01 4.081989999999999785e-01 4.218160000000000243e-01 4.126059999999999728e-01
4.472200000000000064e-01 5.122079999999999966e-01 5.171449999999999658e-01 5.214860000000000051e-01 5.730119999999999658e-01
6.001370000000000315e-01 5.812030000000000252e-01 6.136449999999999960e-01 5.384339999999999682e-01 6.014800000000000146e-01
5.800309999999999633e-01 5.349559999999999871e-01 5.794890000000000319e-01 6.014220000000000121e-01 6.146519999999999762e-01
4.265349999999999975e-01 5.139390000000000347e-01 3.990920000000000023e-01 4.420819999999999750e-01 5.027519999999999767e-01
