5
344
0.56857 0.481414 0.587913 0.646513 0.489272 
0.623345 0.5216460000000001 0.590557 0.444784 0.470763 
0.625978 0.601448 0.59009 0.664291 0.678149 
0.451153 0.318438 0.334549 0.396797 0.390497 
0.606111 0.6483409999999999 0.637747 0.649158 0.526689 
0.626746 0.436181 0.535759 0.524196 0.403589 
0.402406 0.441221 0.438011 0.541814 0.524608 
0.565751 0.598333 0.714025 0.579853 0.559961 
0.488953 0.312421 0.454751 0.324324 0.438704 
0.62286 0.515022 0.690047 0.508004 0.55496 
0.563609 0.569264 0.455311 0.476286 0.416354 
0.655747 0.526735 0.471853 0.544507 0.47329 
0.570428 0.520358 0.6399629999999999 0.52783 0.6613250000000001 
0.416901 0.483722 0.37779 0.500621 0.295357 
0.380998 0.39149 0.318019 0.303114 0.37196 
0.425446 0.559792 0.341762 0.552382 0.474384 
0.321167 0.300993 0.372645 0.297835 0.294955 
0.401551 0.274373 0.39234 0.377085 0.388891 
0.438483 0.4721 0.334707 0.380102 0.381788 
0.565287 0.5463440000000001 0.663145 0.443914 0.598496 
0.285849 0.381181 0.322561 0.293769 0.354302 
0.548923 0.701564 0.560361 0.656349 0.509753 
0.479205 0.343341 0.529096 0.388809 0.361628 
0.618282 0.628812 0.477153 0.61846 0.46724 
0.33729 0.437953 0.443181 0.310502 0.486259 
0.632138 0.555135 0.5816789999999999 0.494338 0.441127 
0.549388 0.5843429999999999 0.707699 0.515676 0.608737 
0.455113 0.558281 0.608225 0.450715 0.589307 
0.444236 0.6579970000000001 0.580143 0.559522 0.610771 
0.507193 0.5804280000000001 0.639427 0.471106 0.528698 
0.446838 0.307546 0.467582 0.448814 0.379468 
0.28568 0.458565 0.400109 0.357062 0.459777 
0.364821 0.373816 0.429186 0.44383 0.495144 
0.382659 0.526087 0.425137 0.590083 0.452974 
0.61259 0.400213 0.541901 0.494484 0.496385 
0.560188 0.474375 0.488501 0.43443 0.572484 
0.304458 0.306232 0.393023 0.369164 0.361933 
0.671242 0.534296 0.521271 0.681303 0.510112 
0.521024 0.714804 0.564808 0.572643 0.627232 
0.509248 0.306597 0.520566 0.451385 0.470461 
0.483334 0.558418 0.566484 0.408865 0.60838 
0.606536 0.6526420000000001 0.492942 0.547444 0.563774 
0.375499 0.283846 0.311524 0.399301 0.292501 
0.656876 0.642694 0.535421 0.702322 0.5835320000000001 
0.523536 0.5429310000000001 0.443588 0.684521 0.445995 
0.645379 0.636171 0.701798 0.568947 0.6297430000000001 
0.423879 0.604814 0.49797 0.488483 0.628935 
0.480369 0.42691 0.309962 0.508036 0.334088 
0.560864 0.494212 0.57429 0.644401 0.458806 
0.630533 0.534245 0.645268 0.608368 0.672084 
0.493568 0.605614 0.367124 0.495461 0.51085 
0.714933 0.623466 0.647828 0.664039 0.628402 
0.425681 0.565759 0.337794 0.541412 0.377388 
0.331646 0.436429 0.311922 0.476621 0.425249 
0.628973 0.583629 0.560151 0.579084 0.686595 
0.300696 0.418896 0.276498 0.353434 0.324924 
0.431538 0.6167280000000001 0.612011 0.5342980000000001 0.5592009999999999 
0.635913 0.450267 0.483736 0.548116 0.529567 
0.286541 0.364421 0.404675 0.325955 0.391153 
0.5511819999999999 0.524539 0.529046 0.675436 0.439987 
0.317263 0.390423 0.375986 0.340058 0.466951 
0.339582 0.384346 0.523183 0.340476 0.435959 
0.703478 0.607406 0.679047 0.604868 0.64179 
0.529479 0.566012 0.693986 0.566927 0.645027 
0.350686 0.52215 0.332024 0.468076 0.451824 
0.370038 0.43656 0.370631 0.31801 0.356073 
0.525291 0.312308 0.4201 0.411117 0.333906 
0.499017 0.376499 0.332068 0.457784 0.418828 
0.668695 0.625207 0.5449850000000001 0.568967 0.622617 
0.72153 0.590657 0.691398 0.691571 0.612997 
0.6409 0.503482 0.66438 0.441103 0.579085 
0.525112 0.358783 0.46567 0.379847 0.355831 
0.502185 0.5858 0.395639 0.610474 0.420964 
0.425466 0.387433 0.445633 0.526655 0.506548 
0.539968 0.490507 0.538541 0.569261 0.636597 
0.555644 0.503553 0.597101 0.422067 0.44746 
0.441506 0.514547 0.329721 0.431324 0.400872 
0.667505 0.678778 0.622599 0.691935 0.675047 
0.284078 0.342114 0.275403 0.317522 0.354492 
0.709534 0.506862 0.639552 0.593467 0.5900570000000001 
0.327158 0.359551 0.304458 0.341545 0.282837 
0.578087 0.509811 0.702148 0.569873 0.593807 
0.438922 0.346435 0.460328 0.488954 0.391264 
0.354952 0.29177 0.423095 0.330969 0.40433 
0.275624 0.414004 0.400989 0.392914 0.446859 
0.624509 0.715239 0.661504 0.694752 0.625753 
0.578196 0.629243 0.43495 0.617624 0.626074 
0.691933 0.637388 0.530948 0.618239 0.583006 
0.474102 0.309927 0.530447 0.428285 0.426174 
0.618023 0.5115 0.499168 0.575557 0.389702 
0.68011 0.490206 0.6537230000000001 0.543117 0.494874 
0.500139 0.586162 0.659045 0.622062 0.58356 
0.569194 0.393182 0.411739 0.5208199999999999 0.318223 
0.487795 0.582313 0.675024 0.500252 0.615056 
0.673357 0.631621 0.691516 0.585999 0.7453 
0.35157 0.454417 0.543444 0.439661 0.461085 
0.446601 0.551028 0.511557 0.604355 0.615571 
0.656473 0.485806 0.7074319999999999 0.524377 0.561107 
0.623956 0.614489 0.597388 0.496086 0.667211 
0.355674 0.494047 0.493923 0.372938 0.433549 
0.305308 0.412231 0.283434 0.398088 0.374041 
0.522957 0.380506 0.532272 0.346838 0.513527 
0.328713 0.267042 0.391077 0.332663 0.351849 
0.558687 0.720239 0.640574 0.615287 0.677095 
0.583138 0.638532 0.561397 0.509182 0.49179 
0.577099 0.522736 0.487219 0.517141 0.639572 
0.401227 0.475355 0.352698 0.551691 0.433046 
0.407368 0.527469 0.334101 0.474321 0.484717 
0.336233 0.286841 0.350793 0.35556 0.411298 
0.596452 0.6230059999999999 0.646477 0.624064 0.7306 
0.481589 0.456425 0.448916 0.576466 0.332006 
0.48617 0.488336 0.357202 0.447836 0.488034 
0.392237 0.323497 0.477544 0.334389 0.364042 
0.683553 0.610229 0.623667 0.545144 0.694854 
0.622306 0.438514 0.514073 0.624962 0.442337 
0.399523 0.377757 0.33968 0.455593 0.28251 
0.47563 0.677037 0.498424 0.526186 0.575306 
0.341219 0.389139 0.520644 0.3462 0.451174 
0.314604 0.510988 0.377385 0.482739 0.484904 
0.675979 0.555003 0.6973 0.632201 0.665586 
0.58687 0.633053 0.538668 0.580446 0.69635 
0.521952 0.521447 0.504033 0.481805 0.376538 
0.359898 0.451335 0.538509 0.42131 0.416883 
0.363335 0.480791 0.313568 0.382675 0.350592 
0.549096 0.6402139999999999 0.699199 0.596326 0.639254 
0.668821 0.610885 0.691985 0.522618 0.675641 
0.568326 0.437069 0.374354 0.482698 0.454473 
0.488073 0.479601 0.438614 0.588641 0.328451 
0.528583 0.287954 0.449558 0.480018 0.38405 
0.391451 0.389384 0.550419 0.416973 0.559656 
0.6900579999999999 0.561639 0.580051 0.685405 0.591556 
0.529668 0.474366 0.422597 0.412001 0.529468 
0.559258 0.62437 0.703562 0.588871 0.579606 
0.316604 0.393633 0.31413 0.328335 0.311102 
0.457623 0.6931619999999999 0.535347 0.56486 0.5669689999999999 
0.51774 0.500187 0.592459 0.6390709999999999 0.570177 
0.63944 0.70969 0.656856 0.612913 0.658691 
0.6742010000000001 0.519875 0.6659080000000001 0.648665 0.593577 
0.320192 0.395904 0.320483 0.380889 0.295267 
0.413698 0.270917 0.408816 0.38002 0.313448 
0.608244 0.668507 0.597124 0.567725 0.536382 
0.297528 0.436549 0.299599 0.40769 0.380566 
0.604874 0.6462869999999999 0.627725 0.610915 0.514711 
0.427348 0.525477 0.305099 0.51836 0.41333 
0.377197 0.305495 0.427085 0.313901 0.427697 
0.538011 0.536027 0.54179 0.433525 0.631069 
0.666407 0.687714 0.670149 0.720242 0.618907 
0.455795 0.369326 0.358567 0.377589 0.469542 
0.387936 0.47878 0.559458 0.493637 0.525873 
0.514696 0.449508 0.545756 0.465144 0.346481 
0.357064 0.557055 0.460032 0.481257 0.476299 
0.648181 0.712383 0.685714 0.727653 0.674612 
0.5514829999999999 0.450493 0.397031 0.530119 0.499022 
0.715044 0.536619 0.686152 0.6458199999999999 0.627103 
0.346886 0.269483 0.350405 0.29019 0.331831 
0.437573 0.384499 0.389616 0.468409 0.523359 
0.486065 0.661697 0.5506180000000001 0.507419 0.589903 
0.560616 0.473713 0.659631 0.481962 0.465392 
0.432052 0.463109 0.615055 0.42794 0.5248159999999999 
0.531849 0.624321 0.598153 0.467922 0.5567220000000001 
0.420658 0.534214 0.31969 0.532053 0.393871 
0.5976630000000001 0.369991 0.600581 0.529294 0.441583 
0.431872 0.470639 0.312158 0.495357 0.461523 
0.666652 0.662974 0.6264690000000001 0.575302 0.551641 
0.31499 0.475648 0.432002 0.507578 0.411119 
0.510328 0.550717 0.645562 0.604869 0.527732 
0.397644 0.606158 0.497849 0.528073 0.460839 
0.353173 0.377776 0.526595 0.307119 0.440744 
0.37093 0.375768 0.363532 0.312553 0.307934 
0.657851 0.638981 0.5717179999999999 0.558569 0.622565 
0.641831 0.706817 0.574291 0.665591 0.578434 
0.5347229999999999 0.662765 0.531706 0.59035 0.662954 
0.575783 0.439424 0.549569 0.541859 0.380023 
0.461019 0.645286 0.472136 0.474342 0.563947 
0.539717 0.725166 0.520334 0.593795 0.608658 
0.526346 0.340828 0.509742 0.358759 0.479377 
0.459723 0.370543 0.467301 0.366626 0.339732 
0.591638 0.573384 0.6918299999999999 0.552919 0.6926369999999999 
0.486155 0.520374 0.457235 0.563966 0.608873 
0.303448 0.406371 0.305926 0.439864 0.330504 
0.46279 0.673366 0.50422 0.6224229999999999 0.598229 
0.687071 0.547091 0.6808380000000001 0.569958 0.57038 
0.408621 0.343458 0.400563 0.300229 0.342585 
0.673391 0.673194 0.569567 0.616116 0.618656 
0.671298 0.577398 0.527158 0.5189780000000001 0.527768 
0.712159 0.569871 0.568334 0.5774049999999999 0.536288 
0.275406 0.306951 0.294142 0.264945 0.346334 
0.561567 0.542728 0.533962 0.567821 0.401605 
0.420212 0.558469 0.410126 0.462185 0.363172 
0.588209 0.544001 0.570776 0.416325 0.486666 
0.620721 0.566553 0.521929 0.555986 0.662382 
0.36954 0.312671 0.395757 0.375343 0.274879 
0.467416 0.487752 0.361846 0.542762 0.321466 
0.465195 0.593336 0.358817 0.508606 0.415977 
0.61721 0.672533 0.551876 0.707788 0.589419 
0.486267 0.437359 0.493299 0.388553 0.5827 
0.506329 0.446283 0.339273 0.586015 0.39424 
0.6883590000000001 0.672404 0.623245 0.653816 0.554532 
0.697146 0.656189 0.642059 0.696389 0.703282 
0.620288 0.425492 0.542781 0.409465 0.468738 
0.516184 0.680202 0.505544 0.4769 0.539286 
0.556601 0.655453 0.666562 0.538494 0.579785 
0.375037 0.353875 0.352012 0.299242 0.420357 
0.478193 0.417274 0.5261940000000001 0.420447 0.338131 
0.423994 0.478245 0.395056 0.328023 0.479734 
0.274297 0.428729 0.31496 0.362473 0.415685 
0.460059 0.4071 0.371914 0.553378 0.404776 
0.525712 0.555355 0.534803 0.656992 0.438221 
0.638311 0.698319 0.672159 0.7176979999999999 0.627437 
0.426659 0.559249 0.398447 0.424398 0.399568 
0.282021 0.332957 0.363761 0.316637 0.410204 
0.423695 0.503319 0.421487 0.564908 0.5600000000000001 
0.296311 0.473048 0.33291 0.372719 0.361739 
0.678879 0.680575 0.722904 0.6762550000000001 0.698489 
0.596675 0.5256 0.592805 0.495904 0.664097 
0.484065 0.426829 0.529483 0.553126 0.588812 
0.531483 0.363121 0.398861 0.374908 0.373266 
0.706489 0.67119 0.623066 0.663837 0.671061 
0.614353 0.431383 0.496987 0.456817 0.388326 
0.572778 0.558366 0.7025169999999999 0.485701 0.6559430000000001 
0.504011 0.3438 0.395936 0.379549 0.473613 
0.474142 0.650767 0.607841 0.590068 0.606008 
0.321736 0.275993 0.324752 0.291735 0.308058 
0.322296 0.392666 0.364035 0.326459 0.302097 
0.403829 0.34053 0.452065 0.463614 0.320998 
0.312385 0.481296 0.471341 0.45488 0.388102 
0.468068 0.48368 0.583018 0.456058 0.631174 
0.558254 0.442615 0.497344 0.365492 0.441243 
0.317701 0.321274 0.38017 0.392744 0.320182 
0.6048559999999999 0.506219 0.645354 0.5442669999999999 0.451973 
0.611496 0.581107 0.719156 0.588356 0.643089 
0.6104039999999999 0.698962 0.71329 0.684002 0.667131 
0.345946 0.426639 0.472599 0.513186 0.478973 
0.271692 0.307389 0.289813 0.349678 0.338623 
0.588747 0.511002 0.395808 0.49986 0.434594 
0.369729 0.465754 0.355084 0.315231 0.387486 
0.394633 0.533467 0.532586 0.496229 0.606127 
0.51969 0.467811 0.404786 0.481344 0.555155 
0.4424 0.370627 0.323107 0.433381 0.45326 
0.657876 0.448319 0.6335769999999999 0.605016 0.462983 
0.452388 0.422511 0.31292 0.38205 0.363339 
0.6698460000000001 0.5418269999999999 0.621719 0.670651 0.470209 
0.471295 0.647197 0.477106 0.632648 0.503126 
0.587264 0.587087 0.556107 0.700794 0.522251 
0.672319 0.601379 0.50202 0.542474 0.545862 
0.436927 0.518033 0.450158 0.616686 0.5247000000000001 
0.410584 0.490839 0.306605 0.405456 0.413352 
0.484278 0.564354 0.454807 0.643925 0.412884 
0.620381 0.5587800000000001 0.6554410000000001 0.599696 0.48344 
0.443745 0.506959 0.543799 0.539342 0.62868 
0.357906 0.341082 0.429174 0.263848 0.391237 
0.634723 0.50388 0.541745 0.615938 0.591013 
0.510864 0.572927 0.512105 0.507045 0.692167 
0.603204 0.538655 0.411074 0.6451480000000001 0.519342 
0.446759 0.657231 0.532796 0.528757 0.621885 
0.631331 0.445449 0.546416 0.5972730000000001 0.415711 
0.698923 0.53986 0.571399 0.563345 0.588717 
0.615667 0.686439 0.617649 0.721662 0.576259 
0.357271 0.294213 0.270908 0.348028 0.299369 
0.459955 0.333509 0.317651 0.421007 0.353282 
0.327103 0.296855 0.342809 0.338583 0.298579 
0.46998 0.483007 0.411817 0.622351 0.499446 
0.321424 0.441246 0.347737 0.402089 0.304893 
0.5761309999999999 0.459924 0.478738 0.555931 0.579149 
0.628542 0.587753 0.528122 0.476354 0.559491 
0.548832 0.657426 0.461849 0.628036 0.584404 
0.380601 0.339781 0.45304 0.452383 0.425578 
0.511109 0.551644 0.641096 0.413479 0.6014119999999999 
0.313545 0.469542 0.484067 0.465989 0.412339 
0.576248 0.722148 0.619471 0.621024 0.646818 
0.57181 0.607375 0.658106 0.5382400000000001 0.699572 
0.429918 0.313932 0.509684 0.365863 0.401252 
0.48282 0.43328 0.303875 0.494599 0.349434 
0.443318 0.343043 0.528103 0.387247 0.534447 
0.687481 0.635737 0.691881 0.564167 0.65268 
0.5917829999999999 0.6830000000000001 0.5890339999999999 0.690534 0.639749 
0.328355 0.451637 0.307883 0.442336 0.436349 
0.446872 0.640337 0.5373520000000001 0.527609 0.4586 
0.433656 0.351178 0.539551 0.369941 0.401338 
0.559199 0.619055 0.431499 0.54723 0.609079 
0.39595 0.3183 0.338857 0.367353 0.298761 
0.348254 0.428032 0.426265 0.416178 0.536497 
0.589104 0.522548 0.673521 0.649108 0.568356 
0.578539 0.536931 0.444771 0.654785 0.567818 
0.345107 0.302429 0.356933 0.417829 0.390131 
0.473799 0.342021 0.5162369999999999 0.449379 0.342299 
0.396002 0.498632 0.52182 0.511921 0.391571 
0.452587 0.314093 0.531681 0.419257 0.418257 
0.518813 0.515547 0.366362 0.581656 0.352687 
0.527582 0.706936 0.620154 0.627059 0.666698 
0.573788 0.6228630000000001 0.612904 0.608182 0.482164 
0.631358 0.469311 0.620266 0.590602 0.608747 
0.486965 0.333266 0.49683 0.484325 0.467773 
0.335547 0.300974 0.328793 0.270135 0.305344 
0.46559 0.372222 0.511774 0.326027 0.51978 
0.571241 0.619546 0.40882 0.555007 0.429514 
0.702169 0.719145 0.650817 0.703435 0.628173 
0.430388 0.469153 0.277199 0.489571 0.352914 
0.568188 0.525633 0.550961 0.5271940000000001 0.684308 
0.528545 0.664373 0.434617 0.533538 0.548679 
0.443018 0.521523 0.663419 0.491373 0.503964 
0.363112 0.387983 0.484301 0.444634 0.377457 
0.446597 0.515154 0.596108 0.576803 0.514292 
0.437186 0.500541 0.55369 0.37788 0.438111 
0.352322 0.349377 0.436066 0.432201 0.317772 
0.367648 0.389945 0.393593 0.43706 0.281387 
0.6244729999999999 0.633908 0.578446 0.710193 0.644566 
0.600745 0.432527 0.609189 0.594401 0.45234 
0.645024 0.498871 0.555607 0.447518 0.5346340000000001 
0.372522 0.481357 0.573603 0.415849 0.563227 
0.61999 0.349201 0.521509 0.492221 0.390438 
0.599238 0.457385 0.677341 0.581961 0.575772 
0.369596 0.394554 0.5258119999999999 0.45304 0.482348 
0.603572 0.558184 0.419333 0.593653 0.435423 
0.417162 0.383884 0.557663 0.302489 0.485102 
0.562945 0.433965 0.578688 0.582759 0.532062 
0.604479 0.5929 0.701111 0.639436 0.708148 
0.474967 0.436496 0.353922 0.430985 0.30381 
0.350536 0.391352 0.38141 0.293768 0.349487 
0.6305500000000001 0.678027 0.656962 0.579419 0.685388 
0.38337 0.572322 0.388087 0.487799 0.40753 
0.382179 0.600763 0.417495 0.456941 0.526246 
0.415638 0.469024 0.374043 0.345512 0.471556 
0.489221 0.482851 0.435968 0.341922 0.402086 
0.478867 0.572164 0.376036 0.473529 0.418054 
0.62302 0.631089 0.570752 0.584084 0.467754 
0.412456 0.444002 0.494717 0.323694 0.48733 
0.541954 0.615646 0.505295 0.641645 0.6567499999999999 
0.611957 0.603886 0.717903 0.598271 0.691323 
0.499786 0.461083 0.429756 0.58924 0.556152 
0.5188970000000001 0.465808 0.466717 0.533112 0.596527 
0.666231 0.734853 0.704205 0.694636 0.7011309999999999 
0.5550079999999999 0.6755330000000001 0.678266 0.618472 0.651387 
0.329299 0.354939 0.288419 0.40805 0.281018 
0.373225 0.396571 0.312138 0.334711 0.327579 
0.673672 0.622779 0.5142910000000001 0.694357 0.531524 
0.372846 0.574242 0.479881 0.5237619999999999 0.468729 
0.47901 0.640297 0.475103 0.6477579999999999 0.539323 
0.575345 0.619046 0.623587 0.681384 0.70903 
0.335668 0.5026119999999999 0.439274 0.492154 0.507271 
0.363917 0.391016 0.311761 0.420571 0.269781 
0.322373 0.310139 0.34473 0.335385 0.443129 
0.514076 0.705601 0.543555 0.668277 0.534415 
0.398977 0.305475 0.410218 0.314381 0.481865 
