5
190
0.424088 0.571773 0.5151210000000001 0.41607 0.60566 
0.462886 0.338458 0.357296 0.407932 0.416035 
0.425301 0.346199 0.438383 0.465222 0.455996 
0.697643 0.72031 0.642118 0.685972 0.690199 
0.594218 0.463989 0.615223 0.591977 0.438533 
0.564936 0.65478 0.695149 0.558399 0.647455 
0.562548 0.71984 0.589809 0.5815129999999999 0.630694 
0.320911 0.397733 0.42827 0.4349 0.411117 
0.605219 0.564013 0.432453 0.595525 0.552481 
0.6082070000000001 0.58618 0.548847 0.668266 0.529576 
0.54837 0.456057 0.582176 0.400007 0.465905 
0.5483980000000001 0.540309 0.671202 0.503459 0.641676 
0.5183759999999999 0.626356 0.608982 0.655289 0.628138 
0.566699 0.6349320000000001 0.468387 0.622357 0.591374 
0.417675 0.479916 0.320844 0.548934 0.446817 
0.296686 0.336779 0.285837 0.271473 0.361416 
0.373937 0.384914 0.432917 0.47895 0.382974 
0.522934 0.450623 0.615538 0.519387 0.451213 
0.645614 0.606636 0.685001 0.60941 0.68749 
0.53334 0.432962 0.438963 0.582025 0.351969 
0.493753 0.435533 0.5282559999999999 0.419711 0.384183 
0.517672 0.461052 0.473976 0.362168 0.418994 
0.380758 0.306081 0.400658 0.340928 0.373784 
0.602202 0.652465 0.488333 0.637738 0.57903 
0.411837 0.58322 0.535601 0.45685 0.54573 
0.58182 0.498871 0.628071 0.45037 0.499838 
0.583618 0.61776 0.460062 0.561597 0.484683 
0.425852 0.339952 0.38874 0.419603 0.278224 
0.577005 0.676795 0.5301399999999999 0.557667 0.668084 
0.452829 0.6021260000000001 0.590899 0.531936 0.568511 
0.315518 0.353255 0.375757 0.338327 0.412475 
0.5210630000000001 0.629785 0.608334 0.54215 0.543198 
0.411096 0.377696 0.305166 0.460738 0.340323 
0.5159629999999999 0.732474 0.556194 0.645205 0.590778 
0.484514 0.535297 0.48493 0.462184 0.624566 
0.5871 0.398582 0.581543 0.540033 0.451219 
0.315574 0.472475 0.351365 0.3874 0.480587 
0.566883 0.611644 0.631907 0.688685 0.598363 
0.575631 0.567618 0.473202 0.447085 0.5968909999999999 
0.596147 0.507317 0.702254 0.525272 0.60414 
0.65195 0.440522 0.535153 0.554022 0.418792 
0.472407 0.590789 0.416889 0.5515949999999999 0.5128 
0.625563 0.493496 0.548042 0.57108 0.405195 
0.380042 0.371191 0.31992 0.378888 0.273505 
0.532348 0.414412 0.515119 0.373933 0.461619 
0.406111 0.609121 0.449946 0.441606 0.513796 
0.561078 0.58314 0.461816 0.461196 0.525096 
0.552229 0.374255 0.417149 0.466671 0.350928 
0.593056 0.667532 0.595097 0.6461479999999999 0.6880500000000001 
0.533555 0.669802 0.631258 0.658579 0.620907 
0.597625 0.555832 0.499516 0.448701 0.50586 
0.33313 0.482769 0.43237 0.445652 0.497795 
0.568515 0.634951 0.467966 0.582358 0.481272 
0.368774 0.510192 0.541593 0.425587 0.53913 
0.463159 0.389746 0.431466 0.325646 0.375116 
0.463316 0.565263 0.535367 0.595202 0.478233 
0.572356 0.454306 0.518357 0.518155 0.5879259999999999 
0.454571 0.388509 0.348385 0.436817 0.316177 
0.478752 0.4062 0.454076 0.302813 0.446475 
0.590051 0.458983 0.47628 0.637617 0.511095 
0.393916 0.448109 0.270492 0.465246 0.345864 
0.426313 0.358952 0.471164 0.474469 0.376448 
0.541623 0.465455 0.427312 0.400008 0.5719 
0.508258 0.333526 0.475521 0.503923 0.405183 
0.4944 0.460375 0.595718 0.368176 0.57248 
0.605247 0.480081 0.674798 0.482721 0.633683 
0.517798 0.581864 0.589141 0.447708 0.474095 
0.595712 0.440948 0.563204 0.594715 0.404662 
0.522987 0.541342 0.35915 0.528487 0.374255 
0.498219 0.576334 0.432507 0.391906 0.483358 
0.667607 0.6010490000000001 0.496327 0.617206 0.55369 
0.605789 0.699718 0.560135 0.575303 0.664126 
0.437242 0.583391 0.591045 0.53223 0.544951 
0.6827260000000001 0.554378 0.6512289999999999 0.6584950000000001 0.517133 
0.457911 0.658546 0.503354 0.516501 0.573034 
0.651894 0.526578 0.6633019999999999 0.601495 0.6443719999999999 
0.691659 0.710985 0.609964 0.633613 0.630982 
0.378055 0.43769 0.404232 0.348779 0.338136 
0.618175 0.592665 0.523319 0.6876679999999999 0.6182839999999999 
0.530382 0.570582 0.47783 0.413897 0.585332 
0.727763 0.601875 0.673835 0.63105 0.618765 
0.34988 0.399989 0.313406 0.412528 0.431748 
0.314592 0.39199 0.308046 0.374026 0.392871 
0.379414 0.400283 0.421898 0.44873 0.52073 
0.361805 0.333268 0.292875 0.314021 0.338395 
0.389995 0.294461 0.443426 0.403778 0.337512 
0.556473 0.695964 0.553078 0.6727109999999999 0.561662 
0.54653 0.570433 0.570207 0.663798 0.640084 
0.397457 0.449358 0.378511 0.545633 0.37133 
0.537106 0.6443680000000001 0.511866 0.477814 0.637975 
0.57193 0.559115 0.508428 0.681269 0.589897 
0.276136 0.325093 0.273682 0.275588 0.305877 
0.653538 0.63514 0.558873 0.562237 0.544999 
0.504036 0.483188 0.406956 0.397026 0.442263 
0.6768110000000001 0.526024 0.570832 0.589828 0.490598 
0.566571 0.50267 0.609148 0.633163 0.5743780000000001 
0.370981 0.497114 0.422395 0.377458 0.389604 
0.495426 0.472788 0.429991 0.476862 0.310508 
0.448933 0.454748 0.494694 0.356139 0.378104 
0.601117 0.649224 0.5447380000000001 0.529864 0.527953 
0.282184 0.325151 0.309394 0.360846 0.307335 
0.585118 0.366507 0.547733 0.489283 0.438745 
0.62807 0.543505 0.652273 0.4634 0.5927829999999999 
0.303887 0.31535 0.295651 0.286909 0.317274 
0.567026 0.375166 0.586396 0.478678 0.485898 
0.331383 0.323052 0.359156 0.284043 0.35125 
0.465055 0.36643 0.388834 0.34675 0.340976 
0.468745 0.418743 0.470416 0.470015 0.587652 
0.459984 0.530477 0.527099 0.373537 0.568001 
0.634489 0.415028 0.614954 0.552509 0.529617 
0.585546 0.43794 0.478587 0.629376 0.458582 
0.563182 0.489569 0.591973 0.429936 0.632443 
0.514304 0.610216 0.511007 0.620655 0.423096 
0.678463 0.48115 0.585496 0.539004 0.507864 
0.432754 0.517504 0.352161 0.454725 0.475293 
0.308164 0.463149 0.389994 0.385728 0.460313 
0.38504 0.520149 0.356535 0.524824 0.396885 
0.642503 0.604592 0.636507 0.5757100000000001 0.522331 
0.623544 0.691318 0.726869 0.618678 0.701109 
0.487432 0.595424 0.41177 0.446897 0.519614 
0.353422 0.371428 0.445046 0.362153 0.464244 
0.583299 0.63064 0.561242 0.484907 0.5435410000000001 
0.668838 0.6472830000000001 0.700681 0.708595 0.669316 
0.705354 0.652103 0.665664 0.6447349999999999 0.675362 
0.551768 0.573352 0.412438 0.558693 0.591549 
0.414712 0.5144030000000001 0.347726 0.433191 0.323037 
0.410539 0.388534 0.489961 0.343753 0.42926 
0.488305 0.419214 0.376194 0.480122 0.33008 
0.38558 0.416858 0.508263 0.480555 0.418187 
0.465268 0.421595 0.413884 0.497187 0.302535 
0.499589 0.546748 0.456471 0.615518 0.583356 
0.473066 0.388543 0.443002 0.324618 0.4699 
0.715245 0.623127 0.673762 0.678419 0.566905 
0.540148 0.584046 0.594022 0.443021 0.660018 
0.563902 0.59378 0.518898 0.571132 0.446292 
0.320365 0.311977 0.276213 0.354215 0.302602 
0.286143 0.419327 0.347637 0.376036 0.425995 
0.657924 0.721532 0.6765330000000001 0.638835 0.611171 
0.615275 0.6160600000000001 0.688252 0.631087 0.574344 
0.442376 0.323781 0.357001 0.417218 0.366187 
0.394055 0.35614 0.412449 0.299294 0.354113 
0.628318 0.564528 0.691943 0.655617 0.644355 
0.680841 0.592877 0.715579 0.588826 0.592701 
0.605552 0.477732 0.500566 0.4772 0.574836 
0.609182 0.407999 0.674215 0.5344640000000001 0.527311 
0.395964 0.398463 0.543546 0.409956 0.495614 
0.400099 0.376247 0.516212 0.381846 0.433262 
0.692249 0.5802040000000001 0.628975 0.682312 0.645387 
0.476582 0.491218 0.542503 0.610027 0.568029 
0.586718 0.736197 0.598688 0.615191 0.638561 
0.511754 0.430684 0.418779 0.454522 0.319953 
0.587382 0.698735 0.608532 0.610623 0.55845 
0.675437 0.6781470000000001 0.5587029999999999 0.62151 0.611295 
0.347391 0.326488 0.417022 0.393849 0.443365 
0.5988289999999999 0.608021 0.5854200000000001 0.440265 0.5821499999999999 
0.455405 0.549435 0.559769 0.563315 0.466185 
0.308951 0.292344 0.371031 0.321009 0.305704 
0.600867 0.43834 0.604185 0.449411 0.550064 
0.626042 0.670399 0.661151 0.5339120000000001 0.660419 
0.399868 0.526857 0.410682 0.437304 0.582645 
0.506085 0.538788 0.581686 0.603599 0.658327 
0.68482 0.561212 0.586103 0.64501 0.490287 
0.349035 0.482981 0.430547 0.395758 0.55942 
0.556593 0.548706 0.418852 0.501823 0.555707 
0.512949 0.502545 0.598983 0.388135  0.519 
0.336731 0.471302 0.370585 0.443065 0.500675 
0.343092 0.29424 0.319101 0.351731 0.351703 
0.5027470000000001 0.644778 0.541111 0.523366 0.486158 
0.511211 0.551173 0.652616 0.59131 0.575325 
0.388037 0.416395 0.454689 0.328191 0.489405 
0.400192 0.431549 0.421997 0.494213 0.344811 
0.377353 0.309006 0.299283 0.336521 0.306336 
0.298641 0.335186 0.371194 0.370497 0.390547 
0.337995 0.35963 0.286851 0.311517 0.358965 
0.612661 0.560687 0.596718 0.6801430000000001 0.595527 
0.327061 0.407765 0.360887 0.323208 0.330119 
0.353939 0.5104340000000001 0.35767 0.479073 0.495697 
0.38922 0.39358 0.374916 0.50383 0.445401 
0.507165 0.434612 0.421048 0.600803 0.354441 
0.449637 0.419751 0.489937 0.399064 0.366532 
0.352601 0.519601 0.460345 0.361304 0.553051 
0.508362 0.476998 0.614137 0.56051 0.454612 
0.37069 0.5585290000000001 0.420291 0.512061 0.413987 
0.3819 0.435223 0.382837 0.307413 0.511993 
0.616137 0.412909 0.49301 0.456881 0.484177 
0.500435 0.379058 0.5419850000000001 0.362632 0.466686 
0.432076 0.321025 0.367512 0.331135 0.423362 
0.440666 0.438858 0.497568 0.366748 0.586591 
0.563237 0.557486 0.595124 0.414656 0.528204 
0.425713 0.552207 0.53282 0.5198970000000001 0.645601 
