5
125
4.961900000000000199e-01 4.319439999999999946e-01 5.547440000000000149e-01 5.064670000000000005e-01 4.885760000000000103e-01
5.221000000000000085e-01 4.193720000000000225e-01 5.041870000000000518e-01 3.943650000000000211e-01 4.008740000000000081e-01
6.410630000000000495e-01 5.361599999999999699e-01 5.574550000000000338e-01 5.224490000000000522e-01 5.962960000000000482e-01
3.369349999999999845e-01 5.070000000000000062e-01 3.932080000000000020e-01 5.108260000000000023e-01 4.517650000000000277e-01
3.421089999999999964e-01 4.436289999999999956e-01 3.971950000000000203e-01 4.238239999999999785e-01 4.575589999999999935e-01
6.331280000000000241e-01 6.563860000000000250e-01 5.343959999999999821e-01 6.476030000000000397e-01 5.590119999999999534e-01
5.335010000000000030e-01 5.593059999999999699e-01 5.703329999999999789e-01 5.720180000000000264e-01 5.034610000000000474e-01
4.078510000000000191e-01 5.364750000000000352e-01 5.214959999999999596e-01 4.676139999999999741e-01 4.733930000000000082e-01
4.800659999999999927e-01 5.784299999999999997e-01 5.047840000000000105e-01 6.539580000000000393e-01 6.174389999999999601e-01
5.143980000000000219e-01 6.430320000000000480e-01 5.270299999999999985e-01 4.921510000000000051e-01 5.823239999999999528e-01
4.300550000000000206e-01 6.204420000000000490e-01 5.121120000000000116e-01 5.308960000000000345e-01 5.495640000000000525e-01
4.377710000000000212e-01 6.068000000000000060e-01 5.174910000000000343e-01 4.482550000000000145e-01 5.157519999999999882e-01
5.580650000000000333e-01 3.802150000000000252e-01 5.368490000000000206e-01 4.743859999999999744e-01 4.394600000000000173e-01
6.261309999999999931e-01 4.500140000000000251e-01 5.780020000000000158e-01 6.465020000000000211e-01 5.048300000000000010e-01
5.254510000000000014e-01 5.918809999999999905e-01 6.179139999999999633e-01 5.791600000000000081e-01 6.162800000000000500e-01
5.563109999999999999e-01 4.705019999999999758e-01 6.205869999999999997e-01 5.384250000000000425e-01 6.738730000000000553e-01
5.406210000000000182e-01 5.231559999999999544e-01 6.344419999999999504e-01 4.940379999999999772e-01 6.500690000000000079e-01
4.407800000000000051e-01 5.618640000000000301e-01 4.976200000000000068e-01 4.752199999999999758e-01 6.149909999999999544e-01
4.027410000000000156e-01 3.749560000000000115e-01 4.242549999999999932e-01 3.405099999999999794e-01 4.461129999999999818e-01
4.976300000000000168e-01 5.488659999999999650e-01 4.721319999999999961e-01 6.341719999999999580e-01 4.409000000000000141e-01
6.718509999999999760e-01 6.632850000000000135e-01 6.139419999999999877e-01 6.851479999999999793e-01 6.841190000000000326e-01
5.419410000000000061e-01 7.278999999999999915e-01 5.516860000000000097e-01 6.095329999999999915e-01 6.780279999999999641e-01
6.205150000000000388e-01 4.710920000000000107e-01 5.240280000000000493e-01 5.354130000000000278e-01 5.116000000000000547e-01
6.218709999999999516e-01 4.886019999999999808e-01 6.242609999999999548e-01 4.646589999999999887e-01 5.391709999999999559e-01
5.431040000000000312e-01 5.842220000000000191e-01 4.756799999999999917e-01 6.104810000000000514e-01 4.590620000000000256e-01
6.385969999999999702e-01 6.698979999999999935e-01 6.752139999999999809e-01 6.686530000000000529e-01 6.903380000000000072e-01
3.577230000000000132e-01 4.166850000000000276e-01 3.580409999999999981e-01 4.442510000000000070e-01 4.468050000000000077e-01
5.081539999999999946e-01 5.536809999999999787e-01 5.390850000000000364e-01 4.211500000000000243e-01 6.121060000000000390e-01
5.987339999999999884e-01 6.244729999999999448e-01 6.540559999999999707e-01 5.616860000000000186e-01 5.865350000000000286e-01
3.453249999999999931e-01 4.263430000000000275e-01 3.964929999999999843e-01 3.089430000000000232e-01 4.649760000000000004e-01
3.741720000000000046e-01 4.290459999999999829e-01 4.834459999999999869e-01 4.051589999999999914e-01 4.075949999999999851e-01
6.154979999999999896e-01 5.240350000000000286e-01 5.549429999999999641e-01 6.564780000000000060e-01 6.358080000000000398e-01
6.138400000000000523e-01 4.483509999999999995e-01 5.020189999999999930e-01 6.056319999999999482e-01 3.780519999999999992e-01
6.382240000000000135e-01 5.732739999999999503e-01 5.610720000000000152e-01 6.213149999999999507e-01 4.574389999999999845e-01
4.462110000000000243e-01 4.159180000000000099e-01 4.371349999999999958e-01 3.850919999999999899e-01 3.650590000000000224e-01
5.565470000000000139e-01 6.073209999999999997e-01 5.642580000000000373e-01 6.214939999999999909e-01 4.697950000000000181e-01
4.883580000000000143e-01 4.482430000000000025e-01 5.183520000000000350e-01 4.577370000000000050e-01 3.613129999999999953e-01
5.037679999999999936e-01 6.124829999999999997e-01 4.127879999999999883e-01 5.606980000000000297e-01 4.700610000000000066e-01
4.804160000000000097e-01 4.199100000000000055e-01 4.601970000000000227e-01 4.766389999999999794e-01 4.078869999999999996e-01
5.440909999999999913e-01 3.954630000000000090e-01 4.055840000000000001e-01 4.894899999999999807e-01 4.505120000000000235e-01
6.641010000000000524e-01 6.668269999999999476e-01 6.522259999999999724e-01 6.580989999999999895e-01 5.798370000000000468e-01
6.376800000000000246e-01 6.532489999999999686e-01 6.859509999999999774e-01 6.266140000000000043e-01 6.339399999999999480e-01
6.336939999999999795e-01 6.255410000000000137e-01 6.549080000000000457e-01 5.325509999999999966e-01 6.073429999999999662e-01
5.122170000000000334e-01 6.112109999999999488e-01 4.333239999999999870e-01 5.449000000000000510e-01 4.661969999999999725e-01
6.481900000000000439e-01 7.033490000000000020e-01 5.832429999999999559e-01 6.763609999999999900e-01 6.012600000000000167e-01
4.624699999999999922e-01 4.353330000000000255e-01 4.505970000000000253e-01 4.211230000000000251e-01 4.608269999999999866e-01
4.743769999999999931e-01 6.374570000000000514e-01 6.015970000000000484e-01 5.460190000000000321e-01 5.570760000000000156e-01
5.995040000000000369e-01 5.516109999999999625e-01 5.868219999999999548e-01 6.950450000000000239e-01 5.799969999999999848e-01
3.360870000000000246e-01 3.580439999999999734e-01 3.066659999999999942e-01 3.652400000000000091e-01 2.863149999999999862e-01
5.476100000000000412e-01 6.067960000000000020e-01 4.221190000000000220e-01 5.721309999999999452e-01 5.313679999999999515e-01
4.682790000000000008e-01 5.662049999999999583e-01 4.412650000000000183e-01 4.693479999999999874e-01 3.956779999999999742e-01
6.656819999999999959e-01 5.894190000000000262e-01 5.135129999999999972e-01 6.018289999999999473e-01 6.121720000000000494e-01
6.410209999999999519e-01 5.738739999999999952e-01 6.317220000000000057e-01 6.619610000000000216e-01 6.335370000000000168e-01
3.404079999999999884e-01 5.157350000000000545e-01 3.504559999999999897e-01 4.562209999999999877e-01 4.549059999999999770e-01
3.827590000000000159e-01 5.817020000000000524e-01 5.252820000000000267e-01 5.174680000000000391e-01 5.808780000000000054e-01
6.442860000000000253e-01 6.905179999999999652e-01 7.101690000000000502e-01 6.561050000000000493e-01 7.383199999999999763e-01
5.041560000000000485e-01 5.975939999999999586e-01 5.732120000000000548e-01 4.192049999999999943e-01 6.196960000000000246e-01
3.915759999999999796e-01 3.156180000000000097e-01 4.104380000000000250e-01 4.036799999999999833e-01 3.336850000000000094e-01
6.496579999999999577e-01 6.392649999999999721e-01 5.876679999999999682e-01 7.001549999999999718e-01 5.826390000000000180e-01
5.128540000000000321e-01 6.915409999999999613e-01 6.149689999999999879e-01 5.590190000000000436e-01 6.494349999999999845e-01
6.160170000000000368e-01 5.986900000000000555e-01 6.547500000000000542e-01 6.335140000000000216e-01 5.965859999999999497e-01
6.976609999999999756e-01 6.525440000000000129e-01 6.684489999999999599e-01 5.966749999999999554e-01 6.754440000000000444e-01
6.114640000000000075e-01 6.274690000000000545e-01 6.308960000000000123e-01 7.111760000000000304e-01 6.111649999999999583e-01
6.658770000000000522e-01 5.701570000000000249e-01 5.923129999999999784e-01 5.760990000000000277e-01 6.535279999999999978e-01
4.963989999999999791e-01 5.212579999999999991e-01 4.121839999999999948e-01 5.238439999999999763e-01 4.568030000000000146e-01
6.189489999999999714e-01 6.692299999999999915e-01 6.312940000000000218e-01 5.500420000000000309e-01 5.715750000000000552e-01
4.395240000000000258e-01 3.583049999999999846e-01 4.950100000000000056e-01 3.344210000000000238e-01 4.787460000000000049e-01
3.763170000000000126e-01 4.439799999999999858e-01 3.721329999999999916e-01 5.056140000000000079e-01 3.980110000000000037e-01
6.437720000000000109e-01 6.891260000000000163e-01 6.164269999999999472e-01 6.949279999999999902e-01 5.921929999999999694e-01
4.838569999999999816e-01 3.897649999999999726e-01 4.716480000000000117e-01 3.741740000000000066e-01 5.233550000000000146e-01
3.762229999999999741e-01 3.796510000000000162e-01 3.696720000000000006e-01 3.886439999999999895e-01 4.714679999999999982e-01
5.946649999999999991e-01 6.452700000000000102e-01 4.722180000000000266e-01 6.498990000000000045e-01 5.288399999999999768e-01
5.656569999999999654e-01 6.040959999999999663e-01 6.009670000000000289e-01 6.342290000000000427e-01 6.426460000000000505e-01
5.373280000000000278e-01 6.046690000000000120e-01 5.161400000000000432e-01 6.117359999999999465e-01 5.641929999999999445e-01
4.486890000000000045e-01 4.876139999999999919e-01 4.552379999999999760e-01 5.284689999999999666e-01 5.183429999999999982e-01
5.980100000000000415e-01 6.404729999999999590e-01 6.455250000000000155e-01 6.577979999999999938e-01 5.888079999999999981e-01
4.781590000000000007e-01 3.721729999999999761e-01 4.501269999999999993e-01 5.276370000000000227e-01 3.756809999999999872e-01
4.843230000000000035e-01 4.696420000000000039e-01 5.012969999999999926e-01 4.659769999999999746e-01 3.540539999999999798e-01
5.522460000000000147e-01 3.916109999999999869e-01 4.425270000000000037e-01 5.149470000000000436e-01 4.122979999999999978e-01
6.585630000000000095e-01 5.189679999999999849e-01 5.711680000000000090e-01 5.970159999999999911e-01 6.202959999999999585e-01
6.583189999999999875e-01 5.502700000000000369e-01 5.878590000000000204e-01 5.160799999999999832e-01 5.377709999999999990e-01
6.150269999999999904e-01 6.693970000000000198e-01 5.304940000000000211e-01 6.275380000000000402e-01 6.534180000000000543e-01
6.402729999999999810e-01 6.166719999999999979e-01 6.627229999999999510e-01 6.512419999999999876e-01 6.531940000000000524e-01
4.376900000000000235e-01 3.356020000000000114e-01 4.402639999999999887e-01 3.593589999999999840e-01 4.882900000000000018e-01
5.584909999999999597e-01 5.845219999999999860e-01 6.292980000000000240e-01 5.990360000000000129e-01 5.828379999999999672e-01
5.313130000000000353e-01 6.156129999999999658e-01 6.241069999999999673e-01 6.120029999999999637e-01 5.618180000000000396e-01
4.250659999999999994e-01 6.042410000000000281e-01 4.586910000000000154e-01 5.397300000000000431e-01 6.032180000000000319e-01
4.778910000000000102e-01 6.271849999999999925e-01 6.046139999999999848e-01 4.752410000000000245e-01 6.240459999999999896e-01
4.915860000000000229e-01 5.757780000000000120e-01 5.743430000000000479e-01 6.470329999999999693e-01 5.594400000000000484e-01
6.025909999999999878e-01 4.582919999999999772e-01 5.426739999999999897e-01 6.050969999999999960e-01 4.328549999999999898e-01
4.301809999999999801e-01 5.261259999999999826e-01 4.482880000000000198e-01 4.829010000000000247e-01 4.753569999999999740e-01
6.588310000000000555e-01 5.663409999999999833e-01 6.036550000000000527e-01 5.354079999999999950e-01 6.235450000000000159e-01
6.435490000000000377e-01 5.675900000000000389e-01 6.062840000000000451e-01 5.453409999999999647e-01 5.215109999999999468e-01
4.366220000000000101e-01 5.019369999999999665e-01 4.907880000000000020e-01 5.649600000000000177e-01 5.865080000000000293e-01
6.277040000000000397e-01 6.053589999999999804e-01 6.134749999999999925e-01 6.303149999999999586e-01 6.518040000000000500e-01
4.550679999999999725e-01 4.207000000000000184e-01 4.361530000000000129e-01 5.020740000000000203e-01 3.251939999999999831e-01
6.689650000000000318e-01 6.027069999999999927e-01 7.011129999999999862e-01 6.259599999999999609e-01 6.030170000000000252e-01
5.367319999999999869e-01 6.293330000000000313e-01 5.398659999999999570e-01 5.407140000000000279e-01 4.752819999999999823e-01
4.633889999999999953e-01 4.563559999999999839e-01 4.972650000000000126e-01 5.303069999999999729e-01 4.741090000000000027e-01
5.267589999999999772e-01 5.167509999999999604e-01 4.378580000000000250e-01 5.507520000000000193e-01 5.850959999999999495e-01
5.249260000000000037e-01 4.938400000000000012e-01 4.273069999999999924e-01 4.656179999999999763e-01 5.003109999999999502e-01
4.942949999999999844e-01 4.106449999999999823e-01 4.795309999999999850e-01 4.083359999999999768e-01 4.825380000000000225e-01
6.244849999999999568e-01 4.999069999999999903e-01 5.639560000000000128e-01 4.461589999999999723e-01 5.837440000000000406e-01
6.548159999999999537e-01 5.569159999999999666e-01 6.257800000000000029e-01 6.673930000000000140e-01 5.438840000000000341e-01
7.168539999999999912e-01 6.271799999999999597e-01 6.838570000000000482e-01 6.653780000000000250e-01 6.284619999999999651e-01
4.749680000000000013e-01 3.758179999999999854e-01 4.454859999999999931e-01 4.127689999999999970e-01 4.811079999999999801e-01
5.428030000000000355e-01 6.162520000000000220e-01 6.203229999999999578e-01 6.110950000000000548e-01 5.255739999999999856e-01
4.652810000000000001e-01 5.738330000000000375e-01 3.934909999999999797e-01 4.918250000000000122e-01 4.399759999999999782e-01
4.394399999999999973e-01 3.932689999999999797e-01 3.748580000000000245e-01 4.040279999999999982e-01 4.170459999999999723e-01
6.901070000000000260e-01 5.678440000000000154e-01 6.195019999999999971e-01 5.741260000000000252e-01 6.057200000000000362e-01
5.036030000000000229e-01 6.155380000000000296e-01 4.907469999999999888e-01 6.350440000000000529e-01 5.439760000000000151e-01
6.549220000000000041e-01 5.414609999999999701e-01 4.746810000000000196e-01 6.018019999999999481e-01 5.848250000000000393e-01
5.590950000000000086e-01 4.954450000000000243e-01 5.089320000000000510e-01 5.008000000000000229e-01 4.026100000000000234e-01
3.946640000000000148e-01 4.186440000000000161e-01 4.679530000000000078e-01 3.783440000000000136e-01 3.721409999999999996e-01
7.050009999999999888e-01 6.888910000000000311e-01 7.520729999999999915e-01 6.546579999999999622e-01 6.831899999999999640e-01
4.871539999999999759e-01 4.228410000000000224e-01 4.680830000000000268e-01 5.440420000000000256e-01 4.159880000000000244e-01
5.753139999999999921e-01 5.364149999999999752e-01 6.116200000000000525e-01 4.104720000000000035e-01 6.183920000000000528e-01
5.962979999999999947e-01 5.484949999999999548e-01 5.044939999999999980e-01 4.837130000000000041e-01 5.948470000000000146e-01
3.861280000000000268e-01 5.371879999999999988e-01 4.871210000000000262e-01 5.240829999999999655e-01 4.620389999999999775e-01
4.513380000000000170e-01 5.084929999999999728e-01 5.870069999999999455e-01 4.991619999999999946e-01 5.552639999999999798e-01
7.247670000000000501e-01 6.970680000000000209e-01 6.862470000000000514e-01 7.039729999999999599e-01 6.576349999999999696e-01
6.048360000000000403e-01 6.795409999999999506e-01 6.166000000000000369e-01 6.254330000000000167e-01 5.724460000000000104e-01
5.541279999999999539e-01 4.856269999999999754e-01 4.222580000000000222e-01 5.903230000000000421e-01 5.090510000000000312e-01
3.650709999999999789e-01 4.052339999999999831e-01 3.681360000000000188e-01 4.746009999999999951e-01 3.553049999999999820e-01
3.455219999999999958e-01 3.972200000000000175e-01 4.074929999999999941e-01 2.907689999999999997e-01 4.468779999999999974e-01
