5
621
0.771479 0.560283 0.674934 0.698304 0.520696 
0.434666 0.440374 0.545243 0.321936 0.395728 
0.643601 0.489341 0.601979 0.623475 0.679171 
0.63051 0.743416 0.716294 0.620207 0.688442 
0.576718 0.6720120000000001 0.426651 0.700149 0.594894 
0.224403 0.330903 0.322412 0.283569 0.434626 
0.468875 0.524542 0.491801 0.309835 0.513463 
0.401022 0.607132 0.57502 0.38224 0.603807 
0.5531470000000001 0.610499 0.65984 0.453248 0.508885 
0.358922 0.276872 0.406776 0.338006 0.47094 
0.318409 0.561922 0.358141 0.529977 0.342661 
0.332027 0.533866 0.298486 0.550975 0.368777 
0.474366 0.38778 0.625417 0.354136 0.449623 
0.602857 0.475445 0.410917 0.385665 0.449714 
0.601576 0.42464 0.688828 0.351696 0.551507 
0.301705 0.362145 0.349924 0.480137 0.337272 
0.369746 0.415972 0.489005 0.5236459999999999 0.5817600000000001 
0.502484 0.545122 0.302222 0.529814 0.491504 
0.308503 0.250979 0.255072 0.360067 0.227684 
0.476542 0.332415 0.6185389999999999 0.324948 0.54362 
0.44564 0.265516 0.457821 0.353443 0.254503 
0.280889 0.305634 0.252325 0.398944 0.237095 
0.408693 0.500791 0.670472 0.411556 0.606731 
0.505012 0.63966 0.580199 0.7012659999999999 0.67935 
0.295789 0.280214 0.230776 0.292316 0.237415 
0.400865 0.317672 0.493218 0.524828 0.392747 
0.689461 0.476332 0.654238 0.488147 0.648216 
0.349625 0.551517 0.5898910000000001 0.397599 0.469265 
0.600047 0.726558 0.469528 0.69432 0.552111 
0.240523 0.282276 0.225516 0.22379 0.287416 
0.294674 0.433803 0.293597 0.400921 0.246873 
0.695472 0.410115 0.609443 0.636138 0.450443 
0.5309739999999999 0.425412 0.513276 0.54369 0.623413 
0.607216 0.643669 0.610183 0.449179 0.692881 
0.679698 0.529282 0.583118 0.602662 0.67844 
0.443982 0.309258 0.524325 0.536741 0.470301 
0.447336 0.472421 0.38515 0.5951340000000001 0.53498 
0.555019 0.53191 0.442256 0.349011 0.455302 
0.711441 0.777614 0.607162 0.754189 0.6123420000000001 
0.379762 0.520772 0.618449 0.347203 0.585438 
0.535913 0.548971 0.368801 0.592351 0.615893 
0.607036 0.524383 0.65872 0.621292 0.409571 
0.342707 0.342194 0.427779 0.472925 0.4789 
0.578535 0.772848 0.562225 0.59051 0.555297 
0.388124 0.220135 0.367736 0.383246 0.239682 
0.579411 0.626812 0.747485 0.632203 0.62341 
0.710335 0.7293539999999999 0.691688 0.5779609999999999 0.648091 
0.557186 0.715797 0.663488 0.549689 0.5884160000000001 
0.5072449999999999 0.708691 0.415806 0.6569120000000001 0.58592 
0.717933 0.641503 0.495687 0.705414 0.607653 
0.744963 0.793524 0.708407 0.726343 0.778272 
0.697412 0.773569 0.634993 0.64442 0.740987 
0.46775 0.70675 0.336699 0.5349159999999999 0.485442 
0.346826 0.39297 0.415459 0.488571 0.535457 
0.717352 0.610772 0.624353 0.665534 0.479275 
0.418124 0.5121790000000001 0.314613 0.410153 0.294206 
0.684357 0.720444 0.695666 0.7592370000000001 0.731704 
0.798504 0.6724599999999999 0.645589 0.717824 0.661929 
0.554787 0.733992 0.577368 0.5156579999999999 0.608386 
0.474415 0.302752 0.467063 0.263077 0.430634 
0.762394 0.533041 0.754843 0.632974 0.651053 
0.603921 0.6030990000000001 0.483042 0.454724 0.63424 
0.512045 0.5407149999999999 0.400778 0.443895 0.304611 
0.662493 0.499329 0.750918 0.519755 0.694021 
0.454738 0.623143 0.53398 0.60471 0.39841 
0.6309129999999999 0.55471 0.6415729999999999 0.617306 0.74647 
0.398982 0.508388 0.263445 0.525219 0.369089 
0.332504 0.453546 0.516865 0.451578 0.608054 
0.30711 0.421573 0.428815 0.409016 0.299581 
0.412007 0.672889 0.45393 0.421965 0.483967 
0.287743 0.478029 0.354702 0.467619 0.509115 
0.411858 0.5515600000000001 0.366462 0.30479 0.454827 
0.731132 0.440534 0.630888 0.476634 0.5249819999999999 
0.472852 0.43378 0.527683 0.515195 0.293146 
0.665082 0.423819 0.643648 0.592073 0.5941610000000001 
0.646471 0.706653 0.538663 0.593701 0.501347 
0.623878 0.641889 0.626997 0.644799 0.764331 
0.291586 0.444798 0.314079 0.279715 0.453394 
0.6353839999999999 0.647039 0.484321 0.59511 0.707575 
0.480045 0.412708 0.338745 0.58081 0.4535 
0.622677 0.325614 0.5350470000000001 0.43202 0.5381320000000001 
0.390811 0.625793 0.361074 0.391745 0.503134 
0.641977 0.631661 0.774771 0.568763 0.65617 
0.759532 0.576655 0.7165280000000001 0.583775 0.695728 
0.258499 0.548246 0.396141 0.380876 0.514397 
0.659706 0.637212 0.487169 0.724839 0.452653 
0.223272 0.298496 0.282246 0.230509 0.275188 
0.423083 0.71608 0.502569 0.523942 0.583571 
0.348665 0.38284 0.304471 0.229827 0.391201 
0.432827 0.65004 0.539456 0.674602 0.606903 
0.229966 0.406543 0.306907 0.340384 0.471232 
0.488385 0.503024 0.550674 0.325963 0.415578 
0.724546 0.460966 0.554084 0.611779 0.554131 
0.486605 0.325695 0.35056 0.359338 0.287649 
0.392086 0.529562 0.400448 0.669732 0.499455 
0.379723 0.389942 0.636172 0.334031 0.502825 
0.434296 0.335713 0.532671 0.324686 0.341965 
0.350507 0.334453 0.27598 0.29239 0.386377 
0.6135 0.663945 0.593099 0.6619969999999999 0.432115 
0.425259 0.650821 0.536341 0.423888 0.623396 
0.641419 0.716222 0.780173 0.716763 0.680553 
0.563981 0.73412 0.627462 0.731217 0.5881 
0.564459 0.646542 0.610424 0.724391 0.49748 
0.763612 0.676442 0.595025 0.728677 0.60861 
0.400719 0.473668 0.274125 0.358288 0.443062 
0.241938 0.443179 0.400089 0.429843 0.481265 
0.54087 0.544299 0.655277 0.618956 0.437273 
0.690829 0.683856 0.6937140000000001 0.802957 0.647783 
0.524986 0.482335 0.363643 0.415874 0.581771 
0.340276 0.576066 0.508446 0.540759 0.419818 
0.627545 0.536532 0.6890770000000001 0.408541 0.554498 
0.627348 0.679423 0.533449 0.777045 0.606167 
0.554211 0.439893 0.338021 0.63664 0.412318 
0.748247 0.730082 0.63365 0.7750899999999999 0.700889 
0.24041 0.225058 0.309006 0.291132 0.241364 
0.463866 0.342013 0.643049 0.402359 0.540444 
0.581846 0.777677 0.570935 0.723712 0.596224 
0.656955 0.440001 0.566895 0.613356 0.602722 
0.540753 0.488142 0.619767 0.69419 0.5576449999999999 
0.324919 0.51741 0.369071 0.31583 0.55275 
0.577225 0.538927 0.7615730000000001 0.502748 0.687582 
0.349223 0.431761 0.550389 0.526278 0.48045 
0.359725 0.402955 0.273893 0.434907 0.213606 
0.459846 0.689607 0.359833 0.615801 0.488954 
0.675838 0.447855 0.690107 0.6046319999999999 0.606501 
0.735482 0.755878 0.625996 0.695887 0.710408 
0.646495 0.394809 0.69404 0.395803 0.516903 
0.606704 0.5933040000000001 0.713032 0.522412 0.518154 
0.640831 0.660793 0.630542 0.766108 0.54412 
0.5445719999999999 0.345605 0.620186 0.55576 0.505113 
0.504453 0.492623 0.5910530000000001 0.632853 0.657266 
0.714307 0.631657 0.774998 0.66737 0.6404260000000001 
0.301842 0.292621 0.350353 0.290854 0.226514 
0.762988 0.716614 0.787497 0.681198 0.697331 
0.697997 0.389721 0.554656 0.50867 0.530853 
0.418115 0.639508 0.495938 0.662503 0.460077 
0.428447 0.652528 0.515481 0.647147 0.425282 
0.653933 0.687869 0.531868 0.721078 0.700365 
0.668782 0.660042 0.674535 0.493591 0.702689 
0.640119 0.456679 0.517023 0.611225 0.627539 
0.302064 0.237858 0.225741 0.275086 0.270951 
0.254273 0.247558 0.298978 0.221402 0.325676 
0.273652 0.251124 0.213641 0.359052 0.244829 
0.252777 0.271125 0.311597 0.229278 0.377538 
0.581714 0.331264 0.5227309999999999 0.359904 0.520914 
0.300639 0.334643 0.318136 0.289146 0.235614 
0.530255 0.277841 0.393253 0.502313 0.348301 
0.440927 0.520695 0.656507 0.374854 0.545565 
0.306991 0.509778 0.260663 0.445309 0.418241 
0.620333 0.604201 0.595479 0.541021 0.753369 
0.675808 0.687878 0.617154 0.772572 0.679224 
0.433749 0.30966 0.427374 0.318746 0.258883 
0.410868 0.592958 0.379898 0.685283 0.390609 
0.317868 0.334476 0.210759 0.335537 0.305971 
0.7926029999999999 0.657934 0.651881 0.699004 0.693838 
0.557724 0.346479 0.421095 0.391575 0.307131 
0.468532 0.505802 0.28576 0.579074 0.444376 
0.753876 0.617237 0.597677 0.665676 0.498932 
0.635567 0.6837800000000001 0.456426 0.585176 0.470044 
0.6379050000000001 0.731676 0.630273 0.771322 0.638941 
0.580066 0.567174 0.686516 0.58749 0.415763 
0.350667 0.490678 0.665004 0.400232 0.552978 
0.600665 0.352992 0.457001 0.419503 0.325387 
0.405505 0.481652 0.520999 0.350896 0.655372 
0.666504 0.490657 0.704441 0.49543 0.48056 
0.590614 0.557176 0.519856 0.690999 0.676921 
0.267258 0.461881 0.31399 0.298186 0.376798 
0.628045 0.562544 0.661473 0.45508 0.716859 
0.39917 0.550705 0.355954 0.299836 0.475649 
0.541323 0.457855 0.343551 0.630863 0.353106 
0.327096 0.565436 0.577453 0.555686 0.538782 
0.6217510000000001 0.5564170000000001 0.7861669999999999 0.538449 0.665504 
0.646342 0.589545 0.45064 0.732016 0.594069 
0.213425 0.364159 0.382942 0.372982 0.354303 
0.341186 0.396842 0.468246 0.351863 0.584417 
0.742878 0.464339 0.661284 0.564565 0.588904 
0.507177 0.331522 0.545876 0.548889 0.5061330000000001 
0.565159 0.39484 0.448344 0.564184 0.265328 
0.595227 0.65635 0.7002389999999999 0.455157 0.651624 
0.659316 0.643603 0.418521 0.649659 0.578058 
0.428514 0.627926 0.453303 0.643173 0.625899 
0.52616 0.513808 0.481917 0.499774 0.269096 
0.439169 0.236143 0.494371 0.444159 0.394675 
0.585798 0.615523 0.571183 0.75282 0.521858 
0.564478 0.756589 0.467209 0.588647 0.559517 
0.787237 0.757922 0.700011 0.769089 0.750178 
0.721189 0.586425 0.570614 0.668637 0.655235 
0.663642 0.715472 0.657421 0.745664 0.589686 
0.572396 0.416373 0.409152 0.6014890000000001 0.322012 
0.434151 0.340211 0.522284 0.537842 0.519494 
0.304668 0.223608 0.325153 0.348617 0.350031 
0.45226 0.5690770000000001 0.55689 0.630074 0.384263 
0.451179 0.246273 0.355586 0.447168 0.296663 
0.70594 0.573253 0.683397 0.731486 0.579642 
0.507376 0.403765 0.649749 0.518435 0.622881 
0.403083 0.568515 0.25318 0.492899 0.37087 
0.475477 0.6061299999999999 0.394768 0.424949 0.380897 
0.713524 0.757543 0.66064 0.753861 0.769176 
0.565491 0.71849 0.480556 0.729247 0.554447 
0.195735 0.339123 0.284494 0.242424 0.3432 
0.253006 0.362417 0.221957 0.281674 0.31245 
0.561091 0.5066580000000001 0.65537 0.394714 0.441997 
0.483664 0.467786 0.446172 0.69786 0.43782 
0.39157 0.229608 0.392797 0.340105 0.39124 
0.438063 0.697141 0.517788 0.53188 0.470369 
0.53338 0.475358 0.645049 0.330912 0.626219 
0.472955 0.533006 0.454726 0.313001 0.474943 
0.5799879999999999 0.6617690000000001 0.380386 0.541556 0.590213 
0.265237 0.344749 0.345308 0.237461 0.417486 
0.653197 0.319188 0.565781 0.556295 0.453117 
0.559274 0.54687 0.466996 0.740212 0.531012 
0.502374 0.580458 0.678551 0.553229 0.745545 
0.440732 0.645363 0.488336 0.397741 0.532795 
0.543886 0.677809 0.597761 0.521393 0.759589 
0.498743 0.282229 0.46113 0.300043 0.311556 
0.391521 0.371683 0.38513 0.41532 0.577302 
0.7521060000000001 0.636817 0.741688 0.744959 0.683542 
0.438907 0.332714 0.305033 0.331146 0.300859 
0.584046 0.518002 0.49147 0.5753549999999999 0.31029 
0.374607 0.222547 0.417259 0.315204 0.257221 
0.30344 0.215409 0.289565 0.312068 0.277404 
0.456314 0.578759 0.306151 0.542649 0.312394 
0.641769 0.736107 0.642051 0.576492 0.738378 
0.661959 0.672724 0.701041 0.567624 0.754343 
0.718888 0.527056 0.663527 0.584294 0.688619 
0.273811 0.482983 0.390186 0.432299 0.556495 
0.630182 0.515614 0.67809 0.579718 0.411674 
0.313998 0.283416 0.243008 0.288632 0.212402 
0.675984 0.592161 0.434802 0.553912 0.585951 
0.615254 0.730317 0.611349 0.6989030000000001 0.74368 
0.475566 0.268483 0.441979 0.355807 0.2596 
0.715357 0.366581 0.62186 0.457347 0.447452 
0.293025 0.36563 0.499393 0.311667 0.388502 
0.359709 0.45097 0.312913 0.404865 0.540595 
0.56601 0.5672199999999999 0.468827 0.67157 0.377354 
0.329019 0.384993 0.465427 0.283518 0.350077 
0.54316 0.344822 0.623382 0.42306 0.570908 
0.74724 0.718036 0.58529 0.691187 0.67242 
0.71601 0.6211989999999999 0.688678 0.49372 0.6582710000000001 
0.434962 0.35561 0.459708 0.500453 0.249439 
0.804276 0.562029 0.74968 0.653095 0.628813 
0.437663 0.591237 0.299037 0.552057 0.51422 
0.520473 0.287397 0.549179 0.361506 0.521575 
0.271987 0.328804 0.286747 0.436428 0.346987 
0.568737 0.262478 0.469363 0.456165 0.364793 
0.386333 0.476585 0.268417 0.405385 0.464386 
0.299405 0.403604 0.227364 0.319893 0.284181 
0.322829 0.206737 0.329906 0.285367 0.347527 
0.418502 0.28697 0.385128 0.235815 0.334344 
0.429535 0.613724 0.477704 0.481749 0.356286 
0.355372 0.315194 0.284171 0.362091 0.426583 
0.438645 0.321983 0.297104 0.492898 0.276133 
0.484264 0.561204 0.277547 0.508158 0.309591 
0.632537 0.757999 0.584989 0.581137 0.675705 
0.368442 0.61559 0.531502 0.483173 0.653343 
0.43277 0.695769 0.447252 0.534811 0.470342 
0.259995 0.342348 0.300764 0.3349 0.254998 
0.54709 0.404239 0.343361 0.507848 0.276463 
0.722563 0.574551 0.724747 0.700905 0.665784 
0.790741 0.708695 0.769469 0.758956 0.705366 
0.500728 0.733173 0.644332 0.5874740000000001 0.651993 
0.461721 0.509989 0.393272 0.568666 0.263704 
0.37947 0.416641 0.554391 0.571307 0.489291 
0.486936 0.701386 0.441992 0.536353 0.606905 
0.518989 0.382726 0.561078 0.416463 0.33238 
0.580341 0.491249 0.341913 0.586203 0.494114 
0.301196 0.404293 0.320643 0.240826 0.408864 
0.536087 0.6142609999999999 0.569091 0.401451 0.487562 
0.4179 0.342704 0.612688 0.32089 0.482907 
0.405152 0.557082 0.527042 0.318625 0.581561 
0.5609690000000001 0.640997 0.623422 0.717678 0.693163 
0.455298 0.54436 0.672189 0.573455 0.51393 
0.678301 0.435326 0.7044280000000001 0.502233 0.456852 
0.731953 0.666737 0.678514 0.573765 0.5703780000000001 
0.561397 0.511759 0.5249239999999999 0.474202 0.716607 
0.271296 0.293855 0.443514 0.305289 0.416379 
0.753024 0.493904 0.707999 0.624986 0.495728 
0.42882 0.556783 0.623673 0.511512 0.396159 
0.555925 0.583475 0.481029 0.395406 0.59276 
0.661552 0.465373 0.593699 0.437519 0.365632 
0.460528 0.37526 0.262358 0.435054 0.400429 
0.509835 0.529837 0.573672 0.40334 0.703549 
0.387672 0.284514 0.462654 0.395304 0.280219 
0.467095 0.53162 0.605488 0.575878 0.37454 
0.590855 0.522806 0.727774 0.452938 0.557853 
0.451719 0.325679 0.42829 0.234815 0.4143 
0.484659 0.397479 0.297602 0.409777 0.45995 
0.633576 0.482516 0.430027 0.474584 0.387814 
0.325702 0.587432 0.533709 0.472985 0.584533 
0.28659 0.518035 0.424439 0.471055 0.379866 
0.657433 0.678995 0.634982 0.561598 0.516119 
0.476481 0.279805 0.379763 0.262857 0.36668 
0.697006 0.6816 0.60353 0.60467 0.735428 
0.396478 0.554446 0.358895 0.321473 0.390199 
0.7622910000000001 0.513301 0.640683 0.6767030000000001 0.542341 
0.538284 0.583936 0.318303 0.600509 0.455008 
0.358818 0.361107 0.374756 0.513362 0.277217 
0.619672 0.712094 0.449365 0.667624 0.526755 
0.48483 0.575779 0.435091 0.50198 0.666295 
0.314346 0.518389 0.27436 0.43908 0.336122 
0.266397 0.577677 0.389493 0.410837 0.532501 
0.468463 0.34526 0.480614 0.332792 0.572797 
0.459103 0.284259 0.325936 0.380749 0.234387 
0.614117 0.6509819999999999 0.516281 0.674254 0.418464 
0.458843 0.317133 0.296207 0.455783 0.260636 
0.468848 0.548623 0.499873 0.51034 0.29327 
0.35427 0.644686 0.463124 0.578863 0.523701 
0.735973 0.707707 0.795933 0.722674 0.784019 
0.247967 0.350893 0.256976 0.260111 0.275156 
0.311877 0.347155 0.217101 0.35299 0.372415 
0.297675 0.220621 0.35163 0.257174 0.324122 
0.234741 0.396067 0.298492 0.406352 0.36022 
0.602554 0.61803 0.702565 0.569067 0.779825 
0.619252 0.5877019999999999 0.683198 0.727116 0.612673 
0.425801 0.202491 0.428011 0.365075 0.298613 
0.4288 0.636082 0.46473 0.493934 0.678725 
0.335736 0.247258 0.399543 0.251689 0.280153 
0.380718 0.431423 0.344642 0.378471 0.562768 
0.635675 0.576093 0.504931 0.719965 0.659315 
0.428839 0.53315 0.61552 0.411935 0.427286 
0.612366 0.712491 0.49901 0.595922 0.683991 
0.302852 0.299766 0.421225 0.359234 0.466312 
0.249833 0.375627 0.224082 0.36918 0.321677 
0.345537 0.351051 0.304518 0.433931 0.194624 
0.543894 0.364422 0.367642 0.455851 0.494725 
0.543304 0.5392709999999999 0.41376 0.5199 0.273185 
0.356923 0.556185 0.546281 0.384627 0.436433 
0.267127 0.424463 0.434264 0.462605 0.461443 
0.351661 0.372208 0.428411 0.227733 0.488265 
0.29682 0.449035 0.350376 0.493494 0.305368 
0.570016 0.411825 0.699711 0.525649 0.516838 
0.310192 0.478065 0.498233 0.430795 0.38135 
0.548839 0.599526 0.559877 0.454463 0.725841 
0.693983 0.62958 0.790703 0.589215 0.729192 
0.65798 0.491354 0.683535 0.660096 0.615355 
0.677559 0.647374 0.723977 0.710571 0.753412 
0.598453 0.447467 0.645864 0.350722 0.5583360000000001 
0.688891 0.39533 0.588333 0.418295 0.484328 
0.286161 0.326429 0.262609 0.435853 0.361255 
0.54718 0.604913 0.481877 0.376371 0.535597 
0.274973 0.276594 0.306149 0.189301 0.290558 
0.598781 0.589943 0.466383 0.734077 0.431061 
0.5234529999999999 0.277313 0.364739 0.478276 0.331291 
0.464408 0.640079 0.307204 0.496994 0.482958 
0.40501 0.315523 0.464002 0.280645 0.524034 
0.364722 0.524627 0.530362 0.574609 0.59196 
0.417068 0.432061 0.316818 0.566698 0.311561 
0.435703 0.349772 0.60524 0.380825 0.409952 
0.311299 0.316642 0.256549 0.370884 0.198497 
0.49179 0.6464490000000001 0.471633 0.564569 0.691608 
0.392387 0.398675 0.47839 0.442924 0.267646 
0.623048 0.767907 0.699348 0.696839 0.763218 
0.6233379999999999 0.461233 0.434939 0.677662 0.41958 
0.599124 0.512085 0.426458 0.736451 0.45503 
0.339173 0.393067 0.256013 0.299757 0.277562 
0.350037 0.289273 0.391541 0.301441 0.49374 
0.796445 0.711789 0.736619 0.712492 0.70067 
0.629422 0.758916 0.729336 0.674719 0.675524 
0.369869 0.421757 0.54459 0.254525 0.513507 
0.346833 0.254806 0.305984 0.41622 0.326121 
0.321724 0.51249 0.298394 0.452225 0.5056580000000001 
0.538092 0.77247 0.524702 0.605895 0.579681 
0.61947 0.288314 0.539643 0.497299 0.372492 
0.5037779999999999 0.676995 0.352099 0.50741 0.466296 
0.336471 0.240716 0.461288 0.225811 0.398686 
0.333264 0.599727 0.442898 0.458628 0.631512 
0.29842 0.531709 0.262331 0.458552 0.375735 
0.466993 0.551855 0.565465 0.332209 0.523892 
0.613558 0.601707 0.676217 0.488445 0.5031060000000001 
0.386866 0.669948 0.387437 0.54898 0.598221 
0.7692099999999999 0.73837 0.775623 0.726952 0.785669 
0.470062 0.7069299999999999 0.515842 0.523214 0.482945 
0.756186 0.762949 0.694685 0.764406 0.676428 
0.276406 0.455185 0.462372 0.491663 0.46261 
0.275164 0.332964 0.199335 0.310063 0.304801 
0.621012 0.708395 0.7641 0.638065 0.751464 
0.551442 0.715145 0.686189 0.663138 0.693458 
0.447019 0.247677 0.442011 0.260884 0.342688 
0.316548 0.387056 0.404003 0.329034 0.279248 
0.517393 0.446458 0.603106 0.458079 0.694232 
0.51958 0.389645 0.506732 0.365635 0.31155 
0.215586 0.350454 0.340907 0.263115 0.337232 
0.336164 0.44333 0.310701 0.532647 0.283888 
0.632592 0.755794 0.676584 0.60877 0.70673 
0.289167 0.267853 0.32146 0.231239 0.254773 
0.30344 0.59951 0.5009670000000001 0.531894 0.486452 
0.361179 0.480661 0.470959 0.617665 0.496445 
0.489347 0.662222 0.282911 0.549776 0.419058 
0.362506 0.572244 0.423422 0.33651 0.493486 
0.453979 0.494211 0.482017 0.412361 0.678805 
0.599954 0.7429789999999999 0.583682 0.639548 0.739599 
0.439519 0.565952 0.484233 0.351759 0.417145 
0.461532 0.292496 0.410822 0.42505 0.493506 
0.304728 0.466366 0.381649 0.393956 0.303073 
0.427629 0.359613 0.338979 0.486449 0.217557 
0.314114 0.55015 0.411554 0.574758 0.435384 
0.36507 0.438119 0.259669 0.503697 0.299165 
0.722926 0.725447 0.735694 0.6141219999999999 0.701885 
0.394616 0.297495 0.520579 0.323151 0.348507 
0.273914 0.275169 0.267734 0.326175 0.21809 
0.687905 0.62492 0.587542 0.6812780000000001 0.442056 
0.651172 0.468905 0.465794 0.642194 0.375412 
0.304855 0.419583 0.377358 0.281726 0.325453 
0.59011 0.287513 0.500977 0.39846 0.341976 
0.364856 0.372962 0.554952 0.351829 0.383191 
0.5264489999999999 0.740893 0.537583 0.745548 0.577963 
0.487211 0.620014 0.554139 0.711668 0.568279 
0.317888 0.35969 0.307152 0.306752 0.472478 
0.771266 0.690257 0.740435 0.661421 0.780568 
0.362913 0.5844780000000001 0.446612 0.541164 0.657393 
0.526334 0.710137 0.592593 0.737422 0.576246 
0.673583 0.550146 0.55033 0.424445 0.55999 
0.447195 0.595637 0.318015 0.646071 0.367652 
0.6016820000000001 0.501651 0.636105 0.551813 0.718199 
0.608573 0.6855869999999999 0.551543 0.753155 0.520177 
0.729205 0.59329 0.715508 0.672256 0.7275160000000001 
0.307694 0.522208 0.5727 0.38306 0.551458 
0.502553 0.465293 0.452836 0.433086 0.656165 
0.555364 0.475934 0.522109 0.448147 0.308842 
0.5332440000000001 0.291333 0.5948290000000001 0.491852 0.477832 
0.56752 0.643764 0.632985 0.744335 0.622922 
0.702863 0.461421 0.751229 0.583964 0.572286 
0.777994 0.61642 0.62554 0.682536 0.531716 
0.462953 0.372879 0.471751 0.259283 0.362232 
0.56814 0.567138 0.740774 0.494018 0.5714630000000001 
0.798848 0.677131 0.742985 0.722434 0.684558 
0.224622 0.297666 0.350836 0.252122 0.314884 
0.586096 0.712485 0.587768 0.575325 0.506853 
0.296273 0.418331 0.30749 0.501215 0.444615 
0.27587 0.347541 0.33654 0.440006 0.310485 
0.347837 0.400259 0.563727 0.453828 0.420517 
0.442551 0.494216 0.6960229999999999 0.471627 0.597753 
0.405533 0.350393 0.582466 0.282116 0.506829 
0.616255 0.487558 0.58613 0.580391 0.337369 
0.768247 0.607012 0.6108130000000001 0.705603 0.58188 
0.400576 0.605846 0.663283 0.5565 0.58392 
0.60134 0.664601 0.639699 0.452256 0.607757 
0.7259409999999999 0.492994 0.720189 0.628439 0.525571 
0.763471 0.526989 0.585831 0.6411249999999999 0.51466 
0.540499 0.32133 0.433231 0.575498 0.356414 
0.66473 0.730225 0.573125 0.758948 0.574913 
0.576498 0.743611 0.646102 0.6630239999999999 0.572256 
0.436449 0.349238 0.6486769999999999 0.393089 0.463697 
0.707928 0.725977 0.738754 0.749401 0.663102 
0.512309 0.563856 0.66951 0.496883 0.742661 
0.343939 0.411083 0.365531 0.482156 0.524694 
0.730001 0.685974 0.603882 0.743753 0.710001 
0.415737 0.302725 0.402323 0.28407 0.461202 
0.423505 0.389484 0.602121 0.522586 0.497823 
0.74581 0.643545 0.644257 0.7901820000000001 0.6309669999999999 
0.483673 0.632946 0.487915 0.688191 0.429272 
0.465987 0.332845 0.297838 0.496107 0.388269 
0.582126 0.413703 0.479978 0.542366 0.611795 
0.701306 0.63153 0.554304 0.763688 0.6466420000000001 
0.564423 0.335351 0.405778 0.382843 0.328852 
0.582692 0.6844980000000001 0.406539 0.673853 0.618229 
0.391919 0.416559 0.34649 0.475138 0.559424 
0.5662430000000001 0.481636 0.537235 0.642661 0.641877 
0.328028 0.225032 0.340002 0.223054 0.265559 
0.553306 0.680218 0.414271 0.611227 0.6560279999999999 
0.623181 0.374614 0.644491 0.47906 0.421166 
0.680217 0.637564 0.682014 0.699305 0.7747230000000001 
0.297499 0.245656 0.388333 0.227338 0.391018 
0.492506 0.5862889999999999 0.545089 0.597926 0.363373 
0.489557 0.459841 0.499504 0.38774 0.680187 
0.36387 0.320289 0.252963 0.335318 0.226834 
0.650482 0.417388 0.701713 0.498241 0.476013 
0.637096 0.427495 0.604804 0.434541 0.647046 
0.500773 0.510267 0.409551 0.54975 0.672414 
0.714341 0.684839 0.74348 0.610259 0.764209 
0.73546 0.621267 0.758247 0.666563 0.768072 
0.711728 0.514782 0.60305 0.684702 0.5921729999999999 
0.264112 0.485975 0.339587 0.498657 0.423527 
0.707789 0.561284 0.726797 0.518644 0.7124 
0.560843 0.633239 0.720446 0.695865 0.704511 
0.406595 0.5006660000000001 0.507451 0.323725 0.376645 
0.606142 0.43103 0.493099 0.54702 0.6328 
0.623105 0.588148 0.71895 0.415997 0.635395 
0.319012 0.349923 0.411073 0.216365 0.387813 
0.694477 0.546198 0.63569 0.748903 0.554584 
0.265114 0.338316 0.429863 0.365495 0.47105 
0.262022 0.314656 0.274161 0.300033 0.410084 
0.401907 0.341621 0.498434 0.345497 0.569097 
0.635028 0.298153 0.556818 0.464898 0.416373 
0.636354 0.329666 0.55393 0.577678 0.433304 
0.773136 0.692493 0.691676 0.798747 0.694272 
0.576327 0.595217 0.349805 0.488444 0.490887 
0.613168 0.477479 0.6359050000000001 0.554211 0.373258 
0.418317 0.258276 0.311736 0.27518 0.336299 
0.317121 0.315733 0.436743 0.266971 0.5007 
0.445534 0.649329 0.5448809999999999 0.418654 0.480081 
0.640944 0.648429 0.666639 0.506785 0.548565 
0.310081 0.613932 0.454743 0.490248 0.497346 
0.359065 0.448814 0.435272 0.590452 0.506063 
0.7347590000000001 0.62923 0.67516 0.762748 0.6007209999999999 
0.56738 0.585678 0.588646 0.465101 0.740151 
0.389412 0.295892 0.518406 0.258553 0.491141 
0.527489 0.493242 0.345045 0.349764 0.495207 
0.644106 0.707345 0.771683 0.721398 0.72472 
0.415685 0.700858 0.511139 0.545254 0.534039 
0.527451 0.666201 0.498861 0.563658 0.406714 
0.539214 0.486869 0.274811 0.561329 0.371196 
0.564388 0.615428 0.546472 0.416454 0.492102 
0.439733 0.413084 0.476073 0.641628 0.439952 
0.41028 0.484735 0.484476 0.618074 0.561734 
0.63576 0.667716 0.687104 0.616168 0.51174 
0.483369 0.622106 0.4749 0.472583 0.679859 
0.488115 0.458728 0.626721 0.408835 0.397202 
0.308637 0.277436 0.267466 0.250696 0.334238 
0.33226 0.549574 0.519343 0.35999 0.432108 
0.699021 0.449118 0.48149 0.440443 0.497115 
0.714022 0.767437 0.653863 0.773539 0.665699 
0.706651 0.587174 0.505252 0.723769 0.492331 
0.587896 0.70218 0.693069 0.7102270000000001 0.7319639999999999 
0.209941 0.435474 0.357108 0.332667 0.424069 
0.565365 0.606154 0.417631 0.587429 0.673177 
0.742902 0.542278 0.61726 0.5138470000000001 0.63191 
0.589975 0.382919 0.588605 0.409921 0.360801 
0.378381 0.331138 0.22512 0.382752 0.313036 
0.220268 0.283315 0.25787 0.279758 0.268487 
0.504482 0.649867 0.587551 0.422426 0.545045 
0.644802 0.572511 0.729298 0.657881 0.565651 
0.642356 0.6581360000000001 0.5968290000000001 0.475816 0.566393 
0.403944 0.324047 0.25371 0.459592 0.412211 
0.654322 0.622977 0.534466 0.548339 0.712368 
0.622099 0.526097 0.417023 0.554797 0.296349 
0.447952 0.470351 0.622902 0.556256 0.458106 
0.7285430000000001 0.659124 0.783074 0.690441 0.695163 
0.6534219999999999 0.745376 0.712856 0.6645759999999999 0.796094 
0.408971 0.616455 0.597521 0.545179 0.675879 
0.5807020000000001 0.41505 0.657745 0.361524 0.58517 
0.468555 0.484501 0.449528 0.489741 0.68734 
0.499729 0.717947 0.581825 0.705856 0.655115 
0.504821 0.549183 0.544704 0.640979 0.379016 
0.553545 0.527824 0.697468 0.559416 0.712409 
0.638854 0.553939 0.435914 0.6441 0.363823 
0.327065 0.268195 0.317361 0.219512 0.329263 
0.760281 0.761374 0.7414809999999999 0.729053 0.716294 
0.568766 0.657101 0.404128 0.6449780000000001 0.411569 
0.530579 0.507804 0.713033 0.559213 0.62577 
0.41762 0.299257 0.298179 0.445228 0.409543 
0.607199 0.714567 0.665716 0.597432 0.547223 
0.304451 0.231056 0.312868 0.348446 0.3742 
0.625646 0.384965 0.441229 0.574449 0.53544 
0.632795 0.783119 0.637883 0.696767 0.70984 
0.312178 0.58466 0.324711 0.376708 0.465018 
0.510191 0.610305 0.466913 0.392906 0.460388 
0.413851 0.63598 0.601228 0.576765 0.491536 
0.27475 0.230994 0.278293 0.262584 0.331809 
0.579253 0.657541 0.528737 0.740204 0.640271 
0.721635 0.486962 0.675061 0.591549 0.644019 
0.308488 0.252762 0.327308 0.255303 0.382854 
0.419848 0.463074 0.671388 0.435829 0.6364109999999999 
0.763839 0.737067 0.614248 0.7594030000000001 0.6733130000000001 
0.755863 0.735531 0.800102 0.697607 0.7875529999999999 
0.391014 0.465009 0.607443 0.396072 0.396149 
0.6867180000000001 0.550962 0.692773 0.637819 0.721567 
0.492251 0.503104 0.49736 0.342391 0.643562 
0.731061 0.608101 0.509888 0.522021 0.553048 
0.359296 0.420731 0.309134 0.549519 0.391683 
0.7106789999999999 0.599322 0.6912430000000001 0.545474 0.533328 
0.741744 0.712669 0.790958 0.6909419999999999 0.786967 
0.326774 0.230174 0.303375 0.284179 0.242961 
0.712218 0.685241 0.687419 0.735226 0.561546 
0.582469 0.470532 0.717796 0.460086 0.691364 
0.360681 0.533432 0.461183 0.433812 0.325519 
0.368221 0.344651 0.569647 0.371907 0.515064 
0.33518 0.492104 0.443828 0.398498 0.639523 
 0.256 0.276365 0.406501 0.285883 0.374416 
0.50619 0.67438 0.585247 0.663601 0.718889 
0.499066 0.343715 0.378094 0.559184 0.38937 
0.325773 0.643506 0.430209 0.448427 0.601021 
0.720789 0.722182 0.759562 0.750413 0.7036249999999999 
0.813575 0.61155 0.71931 0.62884 0.683698 
0.289056 0.294718 0.426626 0.207718 0.41904 
0.348252 0.433902 0.456643 0.506976 0.342481 
0.503093 0.327879 0.449783 0.547609 0.487753 
0.368575 0.427513 0.533047 0.444393 0.624432 
0.470692 0.700573 0.578742 0.484201 0.619855 
0.576883 0.369539 0.663532 0.598127 0.478645 
0.695066 0.522292 0.5973000000000001 0.689813 0.457197 
0.424776 0.321446 0.382338 0.257028 0.316468 
0.5196809999999999 0.530496 0.422271 0.722216 0.392487 
0.525707 0.401995 0.312309 0.477743 0.461273 
0.567989 0.451937 0.360345 0.399638 0.415735 
0.703178 0.523224 0.483128 0.635497 0.516608 
0.600692 0.71629 0.498739 0.686288 0.689553 
0.485409 0.263323 0.34655 0.471562 0.254608 
0.373677 0.637365 0.540077 0.58231 0.623255 
0.368593 0.237364 0.411839 0.288715 0.421796 
0.233811 0.421413 0.267851 0.344487 0.398215 
0.484601 0.422955 0.513473 0.668509 0.409222 
0.714286 0.5392169999999999 0.524776 0.555847 0.427457 
0.53285 0.69115 0.704654 0.651828 0.651436 
0.594931 0.435285 0.705887 0.447556 0.624244 
0.736526 0.686111 0.624252 0.752812 0.59292 
0.558705 0.6032920000000001 0.6146470000000001 0.651769 0.758545 
0.389533 0.467107 0.60497 0.304496 0.519881 
0.335318 0.53396 0.466054 0.603669 0.464613 
0.460217 0.46183 0.664863 0.550134 0.5898910000000001 
0.726185 0.705016 0.661643 0.727656 0.761532 
0.517443 0.577194 0.659478 0.460007 0.705216 
0.344088 0.596328 0.494163 0.477261 0.387855 
0.780513 0.541215 0.685773 0.629456 0.622684 
0.6297160000000001 0.404602 0.5810650000000001 0.608843 0.560661 
0.556349 0.529372 0.7360139999999999 0.487157 0.565228 
0.446683 0.461406 0.333279 0.379424 0.280559 
0.688239 0.653427 0.667748 0.637568 0.77467 
0.607116 0.474428 0.7020420000000001 0.398957 0.641271 
0.60092 0.321383 0.589035 0.479479 0.562129 
0.51995 0.715461 0.5761269999999999 0.711914 0.528262 
0.394938 0.355735 0.24566 0.464777 0.335579 
0.274666 0.594567 0.385953 0.501353 0.453755 
0.728677 0.5636949999999999 0.75787 0.670342 0.648699 
0.312133 0.210054 0.366534 0.27555 0.369329 
0.590723 0.329716 0.455421 0.472391 0.515716 
0.625096 0.522227 0.37522 0.655932 0.371435 
0.596898 0.682686 0.488086 0.720042 0.449448 
0.659914 0.387508 0.414691 0.527454 0.414353 
0.564018 0.401406 0.546628 0.692053 0.414975 
0.392603 0.297899 0.34124 0.362646 0.2018 
