5
34
0.473238 0.495725 0.512584 0.427563 0.538617 
0.454345 0.44966 0.422773 0.453389 0.392596 
0.491771 0.477183 0.447317 0.458173 0.535936 
0.610552 0.5375760000000001 0.540963 0.549473 0.505772 
0.525265 0.556931 0.464795 0.575854 0.474801 
0.433833 0.41932 0.431273 0.374272 0.396324 
0.594726 0.536832 0.56477 0.5038859999999999 0.516051 
0.480367 0.569588 0.442542 0.50244 0.459016 
0.478013 0.561791 0.564404 0.508887 0.50932 
0.602087 0.5655559999999999 0.628963 0.6009330000000001 0.553573 
0.444257 0.464788 0.459994 0.393559 0.483246 
0.523741 0.416025 0.492171 0.443214 0.449677 
0.496572 0.471914 0.418873 0.505575 0.41688 
0.526794 0.5563 0.534092 0.586884 0.578125 
0.490289 0.568818 0.5642200000000001 0.5211440000000001 0.525489 
0.367964 0.379466 0.403932 0.367223 0.421917 
0.554487 0.620654 0.5006699999999999 0.577538 0.524347 
0.515397 0.48917 0.433813 0.474272 0.503084 
0.405583 0.436019 0.36761 0.405874 0.455436 
0.428467 0.506803 0.45754 0.496757 0.485407 
0.385171 0.40743 0.451095 0.430586 0.39957 
0.448329 0.473382 0.482425 0.443673 0.423026 
0.577848 0.582613 0.551916 0.615182 0.523242 
0.492329 0.506592 0.5443170000000001 0.531807 0.545412 
0.484377 0.420185 0.424908 0.398508 0.451425 
0.432469 0.416848 0.446887 0.359806 0.460627 
0.416253 0.4432 0.377988 0.359707 0.468916 
0.639581 0.561716 0.550732 0.571095 0.555539 
0.429769 0.529583 0.442657 0.489299 0.56086 
0.488539 0.6087050000000001 0.548605 0.499383 0.588157 
0.5402749999999999 0.61507 0.549641 0.549579 0.503004 
0.599655 0.599737 0.616404 0.613279 0.550773 
0.411536 0.441754 0.408199 0.421816 0.412606 
0.600137 0.581203 0.613645 0.538434 0.60148 
