5
733
0.716566 0.486571 0.607548 0.524019 0.554408 
0.454804 0.595211 0.648262 0.564268 0.61847 
0.703631 0.743808 0.710257 0.651846 0.746994 
0.566485 0.555518 0.701524 0.463245 0.617076 
0.500989 0.616062 0.430917 0.600312 0.610573 
0.478147 0.291872 0.521653 0.434945 0.526455 
0.496842 0.739607 0.512594 0.60293 0.600204 
0.658886 0.586576 0.6238669999999999 0.505211 0.681545 
0.4268 0.368717 0.3064 0.407974 0.252053 
0.556216 0.527844 0.656992 0.442081 0.68605 
0.523864 0.658805 0.63644 0.523021 0.522961 
0.275586 0.267999 0.273909 0.242774 0.29019 
0.366194 0.25292 0.33708 0.330892 0.3054 
0.487507 0.378213 0.503273 0.291482 0.408009 
0.584073 0.437692 0.645086 0.630607 0.498496 
0.432704 0.499126 0.313963 0.450017 0.51867 
0.299882 0.296768 0.279345 0.258021 0.25295 
0.280796 0.437397 0.437117 0.372465 0.51856 
0.323168 0.564065 0.45025 0.447542 0.477793 
0.673882 0.578958 0.663021 0.639189 0.484912 
0.627809 0.65152 0.564151 0.749403 0.660485 
0.640079 0.593184 0.465207 0.654876 0.46725 
0.415238 0.264461 0.375534 0.405945 0.293663 
0.490136 0.300772 0.392108 0.455712 0.398393 
0.403296 0.666228 0.432273 0.507667 0.625336 
0.660011 0.783782 0.65294 0.720041 0.711539 
0.700887 0.49297 0.723179 0.599903 0.61586 
0.436629 0.682778 0.442943 0.557001 0.466967 
0.3883 0.466204 0.555658 0.307485 0.496677 
0.551248 0.564042 0.478849 0.638314 0.643616 
0.306738 0.336115 0.269053 0.426503 0.337118 
0.548052 0.549659 0.427777 0.672118 0.487301 
0.641929 0.395055 0.49817 0.443215 0.467987 
0.571287 0.621665 0.421969 0.480251 0.502772 
0.671065 0.582153 0.66039 0.667728 0.710947 
0.560449 0.611245 0.560376 0.677909 0.709127 
0.376061 0.335464 0.425957 0.326826 0.529466 
0.443188 0.488502 0.58382 0.58308 0.468656 
0.628589 0.639775  0.434 0.632993 0.535765 
0.620919 0.592082 0.699515 0.693982 0.569617 
0.65905 0.548681 0.558773 0.451821 0.53473 
0.660378 0.74372 0.6542519999999999 0.658412 0.6181179999999999 
0.371553 0.410481 0.554051 0.37183 0.414801 
0.585296 0.466831 0.614279 0.38999 0.584614 
0.657153 0.541339 0.448089 0.626077 0.502918 
0.525402 0.557557 0.705188 0.515011 0.543812 
0.501905 0.287582 0.42761 0.341449 0.372636 
0.572989 0.632535 0.558039 0.732963 0.603843 
0.74015 0.616511 0.589405 0.687531 0.608432 
0.284723 0.443722 0.368818 0.308246 0.348053 
0.449402 0.642267 0.644242 0.498102 0.649056 
0.313546 0.36703 0.32555 0.320743 0.249459 
0.636445 0.568744 0.522899 0.475315 0.615244 
0.517618 0.583715 0.370725 0.6078170000000001 0.408449 
0.691683 0.479281 0.6137010000000001 0.479023 0.587267 
0.568304 0.594269 0.389556 0.481302 0.424381 
0.33568 0.355286 0.21311 0.372624 0.297031 
0.608455 0.478426 0.388756 0.540176 0.380847 
0.310954 0.368814 0.378951 0.463785 0.392667 
0.670286 0.60648 0.717487 0.527644 0.710106 
0.705481 0.5899799999999999 0.620918 0.7059 0.55001 
0.704056 0.6806759999999999 0.732649 0.758838 0.715376 
0.396623 0.5945510000000001 0.591466 0.472728 0.657323 
0.679972 0.640922 0.75437 0.593973 0.732792 
0.354046 0.352088 0.252399 0.372195 0.269924 
0.413155 0.435613 0.5968 0.359312 0.577916 
0.533793 0.510309 0.579658 0.629189 0.428129 
0.234426 0.311447 0.26123 0.340505 0.291753 
0.654573 0.747603 0.730422 0.701635 0.731299 
0.299194 0.396017 0.45625 0.377882 0.467294 
0.290487 0.367151 0.270418 0.378003 0.256763 
0.589704 0.703138 0.613367 0.699211 0.7266550000000001 
0.653182 0.673581 0.5138 0.668862 0.634588 
0.491008 0.289154 0.5497610000000001 0.357807 0.489708 
0.465736 0.425021 0.403425 0.343385 0.5530929999999999 
0.740112 0.61239 0.723628 0.631852 0.648365 
0.554551 0.415297 0.561206 0.406806 0.62421 
0.413421 0.426148 0.359916 0.381127 0.276616 
0.684236 0.639154 0.750722 0.715877 0.646744 
0.544552 0.528379 0.664535 0.424026 0.637881 
0.616518 0.426488 0.700132 0.579409 0.534144 
0.430264 0.440066 0.374426 0.565612 0.329458 
0.621752 0.588872 0.634622 0.662041 0.719432 
0.716766 0.6321639999999999 0.5472939999999999 0.670834 0.5822310000000001 
0.7049800000000001 0.5783470000000001 0.648322 0.735178 0.616219 
0.678087 0.5708490000000001 0.725055 0.530264 0.6451210000000001 
0.400733 0.389453 0.260566 0.374438 0.39846 
0.607839 0.45252 0.676909 0.465672 0.61693 
0.599813 0.387034 0.590345 0.388156 0.44439 
0.422895 0.547454 0.558376 0.5707 0.642564 
0.398556 0.634964 0.533822 0.554884 0.566913 
0.6639 0.566265 0.599992 0.671198 0.446015 
0.452852 0.348135 0.440148 0.522644 0.331477 
0.359036 0.357071 0.350706 0.41254 0.490016 
0.658644 0.543261 0.672437 0.569832 0.455441 
0.629482 0.606822 0.655457 0.734438 0.645089 
0.595479 0.523965 0.452007 0.649034 0.567032 
0.395714 0.538983 0.509917 0.588773 0.592263 
0.497126 0.573361 0.676358 0.579564 0.658708 
0.6763 0.509317 0.58516 0.426037 0.529301 
0.687588 0.648656 0.585023 0.558109 0.59945 
0.448765 0.578882 0.33855 0.420198 0.419714 
0.6367930000000001 0.476216 0.563341 0.423755 0.584203 
0.356634 0.429738 0.370884 0.351218 0.556611 
0.489492 0.409969 0.650067 0.531761 0.537052 
0.615359 0.781366 0.618703 0.698147 0.7057 
0.616008 0.471122 0.712466 0.609614 0.585145 
0.456243 0.543116 0.623359 0.389567 0.639459 
0.7146 0.653881 0.599226 0.606284 0.657606 
0.470866 0.416127 0.402439 0.599776 0.398483 
0.311027 0.538891 0.359016 0.507231 0.491192 
0.606866 0.499498 0.547984 0.395181 0.452268 
0.337289 0.395301 0.359825 0.430966 0.280732 
0.419039 0.5001409999999999 0.263977 0.469938 0.433154 
0.361354 0.272437 0.367333 0.273335 0.281413 
0.498584 0.340008 0.379533 0.473937 0.288018 
0.441241 0.576965 0.631051 0.432311 0.6034620000000001 
0.373205 0.318118 0.349117 0.482786 0.369943 
0.6227 0.429318 0.586442 0.426252 0.573397 
0.586956 0.52917 0.671903 0.432524 0.5698260000000001 
0.34576 0.370004 0.355456 0.352724 0.249276 
0.395554 0.438254 0.268196 0.366593 0.306939 
0.434631 0.592776 0.326617 0.502437 0.465822 
0.608883 0.37232 0.591296 0.387329 0.47617 
0.299271 0.510889 0.317312 0.474419 0.3953 
0.708501 0.674071 0.731802 0.689264 0.632582 
0.250576 0.385976 0.365295 0.31572 0.320854 
0.257122 0.266868 0.291209 0.218319 0.268213 
0.475168 0.369335 0.5363790000000001 0.311405 0.358008 
0.399339 0.476048 0.5949759999999999 0.352506 0.562273 
0.497446 0.501407 0.675844 0.478056 0.50767 
0.650695 0.374785 0.534326 0.435928 0.451266 
0.329796 0.426989 0.4926 0.491901 0.454394 
0.703714 0.495327 0.6875 0.540631 0.571183 
0.360948 0.557732 0.506876 0.446204 0.44696 
0.351375 0.463509 0.272536 0.475942 0.450517 
0.460992 0.34961 0.346075 0.50509 0.289687 
0.651008 0.702771 0.702161 0.6547500000000001 0.622955 
0.399408 0.486391 0.317082 0.38593 0.314891 
0.32431 0.565367 0.4807 0.4467 0.544372 
0.562424 0.540992 0.564577 0.540869 0.749038 
0.686866 0.58126 0.550667 0.519361 0.616763 
0.408552 0.584974 0.3474 0.379327 0.519653 
0.538981 0.682376 0.618335 0.590668 0.532152 
0.603224 0.695487 0.702512 0.583722 0.732247 
0.319711 0.351329 0.449842 0.259963 0.390586 
0.532935 0.526596 0.597398 0.666813 0.634202 
0.652231 0.393962 0.652857 0.548865 0.493026 
0.546318 0.428531 0.564903 0.319859 0.469936 
0.471671 0.666499 0.486908 0.6009409999999999 0.658108 
0.72625 0.700128 0.755078 0.69996 0.749846 
0.600573 0.435595 0.515079 0.442811 0.337565 
0.588872 0.558052 0.657447 0.524841 0.459811 
0.278691 0.476187 0.33245 0.433783 0.453785 
0.571531 0.641714 0.48315 0.472967 0.493621 
0.45733 0.473436 0.289953 0.392689 0.390621 
0.292739 0.27564 0.241619 0.280428 0.228685 
0.569646 0.494647 0.639212 0.474977 0.424985 
0.6790929999999999 0.505567 0.730042 0.560074 0.58889 
0.716246 0.606167 0.694333 0.612479 0.7244350000000001 
0.540978 0.650703 0.60471 0.680532 0.524322 
0.303902 0.476688 0.393585 0.405145 0.333716 
0.445131 0.550334 0.559719 0.417082 0.6889189999999999 
0.446815 0.581861 0.420183 0.630634 0.552264 
0.446461 0.651326 0.597336 0.605828 0.59116 
0.290522 0.474039 0.468937 0.450495 0.399509 
0.521189 0.482803 0.57301 0.556485 0.370105 
0.410916 0.364445 0.506937 0.459703 0.354993 
0.280872 0.377849 0.289791 0.386408 0.279347 
0.54834 0.489582 0.7214970000000001 0.524463 0.566001 
0.460142 0.6900500000000001 0.537274 0.586609 0.671214 
0.405089 0.364485 0.415662 0.318882 0.280963 
0.715556 0.607693 0.695766 0.5894200000000001 0.709021 
0.493857 0.627095 0.660569 0.47205 0.538308 
0.624604 0.525109 0.712187 0.672193 0.623756 
0.727095 0.645823 0.592805 0.6197 0.623563 
0.745339 0.6940229999999999 0.696178 0.7548319999999999 0.711327 
0.43757 0.398429 0.455745 0.385739 0.290533 
0.512513 0.553777 0.589926 0.643049 0.682225 
0.610691 0.554692 0.645734 0.455899 0.488603 
0.664061 0.563768 0.666816 0.72807 0.57873 
0.49018 0.497762 0.385026 0.622992 0.440998 
0.30289 0.442876 0.27081 0.331928 0.317216 
0.7024820000000001 0.716739 0.64413 0.698779 0.590626 
0.624146 0.609006 0.707508 0.623672 0.551957 
0.353902 0.260131 0.368506 0.365174 0.395607 
0.616694 0.5567029999999999 0.614752 0.4142 0.589767 
0.4409 0.6198090000000001 0.413087 0.6100410000000001 0.395852 
0.376799 0.565159 0.434616 0.60223 0.502982 
0.305886 0.388661 0.456458 0.419575 0.425024 
0.608273 0.447819 0.488621 0.65984 0.438238 
0.585925 0.453706 0.469664 0.655049 0.423855 
0.554566 0.446888 0.378804 0.536726 0.300148 
0.736494 0.688222 0.733701 0.663189 0.725527 
0.492892 0.388562 0.637927 0.499675 0.581979 
0.353335 0.330254 0.494241 0.301374 0.396523 
0.602812 0.384305 0.583112 0.586093 0.470658 
0.755156 0.664917 0.6857569999999999 0.711247 0.6433950000000001 
0.548081 0.394638 0.629229 0.498285 0.403542 
0.393785 0.524582 0.620699 0.490679 0.511331 
0.552638 0.644029 0.442804 0.632314 0.411716 
0.335093 0.478127 0.536877 0.468764 0.453463 
0.403644 0.611332 0.58055 0.515301 0.604344 
0.665886 0.72334 0.604764 0.660806 0.573909 
0.579771 0.433837 0.385977 0.589662 0.404922 
0.548142 0.546527 0.6752359999999999 0.515903 0.713316 
0.399872 0.327607 0.373352 0.434763 0.486576 
0.617047 0.632704 0.449259 0.547855 0.58172 
0.640868 0.726148 0.569455 0.583168 0.6261409999999999 
0.560823 0.663003 0.660073 0.66211 0.7403729999999999 
0.458017 0.567296 0.502989 0.51722 0.705009 
0.502433 0.290893 0.542381 0.423697 0.399247 
0.462005 0.312606 0.533819 0.305241 0.491121 
0.521688 0.305701 0.419058 0.461917 0.314245 
0.431064 0.575707 0.512222 0.347998 0.554476 
0.7366549999999999 0.724581 0.736047 0.695785 0.699662 
0.530789 0.433728 0.676472 0.521064 0.582894 
0.377866 0.317129 0.322513 0.384495 0.231317 
0.589135 0.720483 0.548407 0.605779 0.705354 
0.235843 0.344213 0.322203 0.355559 0.358091 
0.717018 0.5784280000000001 0.69737 0.548361 0.623379 
0.5768990000000001 0.485839 0.415963 0.642765 0.509572 
0.428533 0.381586 0.408227 0.351357 0.278989 
0.479627 0.722911 0.467101 0.590872 0.572999 
0.707026 0.752848 0.694993 0.696964 0.755321 
0.529713 0.529465 0.407501 0.387434 0.470054 
0.299757 0.486686 0.45056 0.37334 0.552347 
0.390381 0.489558 0.358236 0.52324 0.306533 
0.375109 0.617783 0.369124 0.57668 0.46559 
0.41496 0.448074 0.319238 0.514039 0.308127 
0.67357 0.599562 0.598776 0.707267 0.513904 
0.455931 0.573076 0.520187 0.464213 0.704686 
0.264553 0.440226 0.296151 0.326482 0.425517 
0.498019 0.494105 0.694214 0.493165 0.618421 
0.41403 0.5633860000000001 0.476346 0.413918 0.643674 
0.618383 0.572008 0.663833 0.482351 0.696261 
0.7162500000000001 0.665713 0.709666 0.712013 0.608402 
0.301591 0.353404 0.361195 0.356898 0.269788 
0.559714 0.648641 0.665265 0.496197 0.71069 
0.389026 0.658546 0.38254 0.529957 0.45858 
0.512947 0.6854710000000001 0.559718 0.493047 0.557967 
0.457654 0.313797 0.437586 0.326169 0.483008 
0.42906 0.57674 0.61995 0.581407 0.596015 
0.279583 0.466342 0.337658 0.40546 0.35378 
0.3758 0.577088 0.351375 0.43131 0.554552 
0.471371 0.521612 0.394245 0.631475 0.389792 
0.750817 0.675246 0.645034 0.647297 0.643794 
0.378888 0.377349 0.419355 0.53566 0.47037 
0.44969 0.384567 0.549274 0.5637 0.505767 
0.570756 0.637083 0.408345 0.651123 0.480297 
0.35988 0.275231 0.324169 0.277159 0.267137 
0.555091 0.553299 0.412984 0.603034 0.5943000000000001 
0.314226 0.532817 0.464177 0.340979 0.495947 
0.5482050000000001 0.586618 0.655793 0.655564 0.706281 
0.554365 0.737269 0.577814 0.590499 0.69707 
0.49074 0.409316 0.5623629999999999 0.443964 0.649374 
0.269431 0.384726 0.243221 0.361338 0.336036 
0.426925 0.444991 0.584136 0.319838 0.466482 
0.296134 0.332586 0.24092 0.377051 0.317817 
0.477704 0.671275 0.463363 0.469061 0.629869 
0.262558 0.314084 0.365291 0.330053 0.385326 
0.503783 0.638181 0.464719 0.429566 0.523119 
0.403062 0.559886 0.430256 0.35502 0.542232 
0.376993 0.303999 0.41113 0.35125 0.482246 
0.425634 0.473521 0.312616 0.493986 0.497878 
0.728151 0.54318 0.691228 0.673947 0.605859 
0.475846 0.302148 0.511107 0.487245 0.419357 
0.496729 0.28547 0.463743 0.365684 0.318778 
0.368304 0.312024 0.350473 0.276164 0.268639 
0.5559460000000001 0.65877 0.462755 0.500969 0.486948 
0.590836 0.453774 0.575609 0.660379 0.456498 
0.592009 0.574921 0.518269 0.604814 0.386914 
0.463137 0.571678 0.53196 0.353169 0.553646 
0.566701 0.653734 0.688326 0.6593059999999999 0.716598 
0.689285 0.744939 0.640759 0.758695 0.74744 
0.5721850000000001 0.750416 0.533571 0.6839730000000001 0.610354 
0.6798 0.582636 0.531334 0.676661 0.493192 
0.66378 0.665116 0.75983 0.62378 0.726817 
0.438564 0.332591 0.368503 0.297687 0.446598 
0.413438 0.475948 0.420081 0.327253 0.5837560000000001 
0.731276 0.7073469999999999 0.6406579999999999 0.666461 0.720157 
0.453962 0.5034729999999999 0.277635 0.441785 0.43961 
0.436711 0.366849 0.443367 0.261013 0.424885 
0.499575 0.637443 0.6311059999999999 0.525682 0.503379 
0.284668 0.24535 0.328659 0.270854 0.252773 
0.413167 0.246271 0.348861 0.380024 0.2848 
0.339983 0.263695 0.323457 0.298828 0.253523 
0.263678 0.423099 0.27901 0.389306  0.371 
0.549861 0.70697 0.670436 0.570339 0.662911 
0.688097 0.735223 0.667317 0.6972969999999999 0.617807 
0.515494 0.414325 0.339181 0.361104 0.426217 
0.557803 0.644759 0.696708 0.5449889999999999 0.5573399999999999 
0.431363 0.521361 0.457405 0.413895 0.339076 
0.657357 0.442085 0.526694 0.624741 0.542538 
0.633236 0.704339 0.498197 0.632944 0.5256729999999999 
0.409588 0.650613 0.444374 0.62614 0.503738 
0.4464 0.553466 0.563204 0.619973 0.463324 
0.40835 0.446586 0.453626 0.475941 0.296768 
0.356096 0.263591 0.426218 0.294359 0.389484 
0.412079 0.582104 0.452454 0.608667 0.589035 
0.364845 0.418869 0.556878 0.413364 0.520311 
0.292378 0.392673 0.430815 0.269144 0.405246 
0.452636 0.463721 0.336403 0.387147 0.304338 
0.455128 0.452306 0.263781 0.483308 0.396834 
0.290366 0.299217 0.320812 0.230413 0.257761 
0.492272 0.294023 0.552711 0.354076 0.434692 
0.552828 0.6579930000000001 0.392289 0.615403 0.427854 
0.482349 0.484239 0.354608 0.347819 0.43165 
0.50773 0.520212 0.56091 0.352335 0.587016 
0.251939 0.39406 0.295817 0.379776 0.347813 
0.742584 0.606997 0.6732939999999999 0.570973 0.589844 
0.425148 0.566429 0.559902 0.504267 0.6896099999999999 
0.68315 0.621822 0.755991 0.677081 0.67937 
0.394919 0.401431 0.346181 0.41162 0.53599 
0.370288 0.5054419999999999 0.589017 0.41157  0.616 
0.429978 0.50331 0.393943 0.375006 0.321484 
0.700533 0.689101 0.598596 0.691159 0.542302 
0.251801 0.268919 0.290091 0.27306 0.260256 
0.386959 0.285377 0.2966 0.285404 0.299541 
0.728131 0.65571 0.691951 0.714161 0.594782 
0.4682 0.616683 0.411711 0.664896 0.456118 
0.505471 0.435625 0.627795 0.370903 0.501788 
0.291423 0.352434 0.439065 0.299306 0.451763 
0.274798 0.474428 0.275303 0.365887 0.400018 
0.351133 0.34842 0.413333 0.433879 0.498983 
0.577842 0.753374 0.615448 0.653336 0.637496 
0.272788 0.286246 0.306783 0.268739 0.35775 
0.371776 0.370357 0.352464 0.34629 0.5216460000000001 
0.316261 0.389326 0.291205 0.455083 0.302646 
0.439729 0.677356 0.525302 0.5669419999999999 0.654388 
0.6271060000000001 0.6271 0.640946 0.744468 0.563978 
0.670693 0.748753 0.677607 0.715791 0.640232 
0.5005230000000001 0.430349 0.5125189999999999 0.373313 0.608885 
0.421543 0.366072 0.463793 0.275929 0.326189 
0.420684 0.515404 0.32625 0.451924 0.312985 
0.607652 0.557268 0.387474 0.582027 0.476898 
0.487198 0.522355 0.662045 0.437455 0.65025 
0.33953 0.538042 0.420802 0.552442 0.458283 
0.698082 0.5851730000000001 0.584415 0.695068 0.63807 
0.5345 0.661358 0.613424 0.702055 0.626891 
0.476295 0.470424 0.368024 0.437881 0.287617 
0.618469 0.682886 0.555083 0.55408 0.681837 
0.396705 0.303006 0.293213 0.321316 0.372117 
0.5120710000000001 0.369765 0.410362 0.445833 0.280104 
0.614936 0.510047 0.633493 0.682304 0.474936 
0.563638 0.720144 0.554018 0.556287 0.669885 
0.392899 0.459475 0.596956 0.457648 0.614211 
0.5521430000000001 0.318486 0.587167 0.443641 0.414893 
0.40286 0.5632509999999999 0.405462 0.520736 0.627506 
0.69919 0.629663 0.566802 0.5708530000000001 0.545196 
0.676996 0.703107 0.655733 0.635713 0.75944 
0.425359 0.467316 0.39322 0.611662 0.444024 
0.252684 0.322974 0.295376 0.23536 0.355523 
0.377225 0.583109 0.402754 0.5211170000000001 0.366416 
0.582454 0.542526 0.49848 0.589608 0.662583 
0.287857 0.406296 0.40502 0.411842 0.470603 
0.329806 0.354795 0.243095 0.290372 0.279159 
0.582222 0.6425999999999999 0.500465 0.620899 0.671729 
0.602171 0.721422 0.671645 0.56568 0.728639 
0.632155 0.683413 0.6460360000000001 0.5872309999999999 0.534044 
0.584411 0.53573 0.629061 0.413821 0.5229 
0.338075 0.309704 0.383091 0.439632 0.315298 
0.320784 0.348113 0.267548 0.41109 0.253463 
0.637143 0.644297 0.706973 0.718245 0.593825 
0.361244 0.513617 0.40208 0.367254 0.572097 
0.467327 0.70198 0.503637 0.644241 0.594878 
0.651104 0.5516180000000001 0.460272 0.555187 0.458755 
0.443761 0.537673 0.5092100000000001 0.629762 0.617147 
0.578377 0.471643 0.586519 0.613724 0.649693 
0.477546 0.365529 0.32535 0.5154570000000001 0.404861 
0.484202 0.310594 0.514316 0.476164 0.378553 
0.416985 0.621178 0.475351 0.655544 0.542392 
0.406666 0.352518 0.318365 0.355585 0.254699 
0.561223 0.350809 0.555631 0.405869 0.383042 
0.586681 0.6652670000000001 0.545759 0.725909 0.550099 
0.695872 0.588336 0.619565 0.5521430000000001 0.489804 
0.642917 0.629767 0.5177580000000001 0.728357 0.600951 
0.581627 0.717074 0.650025 0.562492 0.617339 
0.481758 0.471125 0.324455 0.382441 0.465778 
0.5806249999999999 0.371669 0.660691 0.479469 0.555731 
0.593588 0.500268 0.438227 0.424538 0.383508 
0.399357 0.333955 0.441821 0.26946 0.487831 
0.515954 0.637765 0.568316 0.466119 0.703159 
0.651254 0.472876 0.539258 0.697363 0.48846 
0.450377 0.405373 0.614236 0.436381 0.443037 
0.685711 0.698005 0.683334 0.713732 0.748795 
0.640298 0.671574 0.713998 0.548625 0.633532 
0.399507 0.685082 0.409332 0.53748 0.515174 
0.552207 0.659795 0.512666 0.52083 0.695731 
0.468299 0.573089 0.511853 0.668493 0.565961 
0.598072 0.5158 0.675146 0.443733 0.625625 
0.618722 0.645499 0.691483 0.610621 0.553482 
0.352957 0.296239 0.422381 0.337566 0.474856 
0.393006 0.337774 0.348469 0.269843 0.315975 
0.49964 0.331789 0.477597 0.500671 0.32719 
0.7108910000000001 0.707013 0.7581560000000001 0.753647 0.728887 
0.385216 0.5770690000000001 0.527661 0.364248 0.527447 
0.479001 0.481455 0.632494 0.571922 0.476748 
0.428482 0.628498 0.614188 0.457836 0.636184 
0.481516 0.317914 0.519564 0.432541 0.330152 
0.496362 0.466136 0.5818719999999999 0.336279 0.537718 
0.471376 0.613424 0.531644 0.618291 0.672789 
0.522865 0.69233 0.585304 0.680324 0.573663 
0.66247 0.646056 0.5174299999999999 0.708933 0.639953 
0.490319 0.589207 0.636108 0.490061 0.472048 
0.642699 0.740289 0.631352 0.727075 0.740827 
0.579442 0.62599 0.72744 0.518388 0.681692 
0.374519 0.350301 0.5281 0.364382 0.395835 
0.624914 0.604752 0.486853 0.716214 0.481447 
0.557768 0.557285 0.5700229999999999 0.450705 0.705521 
0.729667 0.53198 0.727023 0.63221 0.6173999999999999 
0.526378 0.694295 0.666753 0.64327 0.629087 
0.608822 0.439266 0.542469 0.591861 0.589915 
0.57262 0.737664 0.583024 0.606898 0.578896 
0.632208 0.416073 0.469159 0.443602 0.443301 
0.422102 0.673199 0.395904 0.5192830000000001 0.486216 
0.403623 0.260393 0.315852 0.294345 0.284417 
0.407472 0.439453 0.359643 0.376437 0.560321 
0.6771160000000001 0.460718 0.53884 0.505345 0.57039 
0.418922 0.498312 0.588602 0.50678 0.666012 
0.319375 0.284247 0.402776 0.252858 0.335195 
0.362598 0.496238 0.403128 0.377494 0.332949 
0.336455 0.56502 0.322703 0.381368 0.45339 
0.3834 0.558998 0.521577 0.515991 0.404067 
0.3529 0.542805 0.341739 0.505054 0.360626 
0.301372 0.558619 0.445206 0.462179 0.563496 
0.411137 0.440437 0.251394 0.474428 0.400674 
0.338919 0.420388 0.501657 0.455812 0.551874 
0.517149 0.323192 0.452407 0.319155 0.427639 
0.456967 0.601849 0.653479 0.560922 0.658246 
0.513822 0.490734 0.58827 0.513823 0.366653 
0.422662 0.622781 0.507424 0.466257 0.479569 
0.279318 0.286891 0.286099 0.231942 0.337637 
0.338178 0.302513 0.373248 0.438688 0.39131 
0.582244 0.6577769999999999 0.451856 0.668636 0.590322 
0.211096 0.334657 0.315257 0.269616 0.326131 
0.377258 0.476701 0.420166 0.5445179999999999 0.549023 
0.400197 0.490516 0.609136 0.491535 0.46091 
0.625046 0.5690229999999999 0.705884 0.553515 0.5177079999999999 
0.324896 0.508583 0.322213 0.322384 0.458219 
0.511898 0.408378 0.316118 0.445231 0.340826 
0.448866 0.405855 0.432621 0.51118 0.583817 
0.642499 0.601198 0.74083 0.614507 0.7042389999999999 
0.603032 0.485479 0.404437 0.607732 0.400298 
0.401637 0.355244 0.240994 0.402108 0.304011 
0.39212 0.556754 0.474666 0.361297 0.5859839999999999 
0.520416 0.403822 0.33848 0.440057 0.471542 
0.4758 0.49208 0.488664 0.649226 0.506826 
0.252253 0.349239 0.285093 0.256934 0.284935 
0.463167 0.321073 0.458864 0.458544 0.285454 
0.747937 0.675154 0.702855 0.7394810000000001 0.698582 
0.578767 0.461791 0.578716 0.645346 0.613951 
0.508778 0.513005 0.678446 0.453145 0.675241 
0.422927 0.249794 0.384785 0.367958 0.28174 
0.6540319999999999 0.558413 0.638594 0.6430399999999999 0.454579 
0.432305 0.376533 0.29079 0.498538 0.389699 
0.565731 0.444813 0.643687 0.496206 0.408687 
0.499125 0.518197 0.456684 0.672249 0.501525 
0.7396200000000001 0.626584 0.681473 0.6784750000000001 0.7316319999999999 
0.411756 0.501292 0.56802 0.429613 0.419201 
0.507343 0.629315 0.62666 0.44546 0.553823 
0.6757649999999999 0.727322 0.725149 0.629296 0.732034 
0.756919 0.705195 0.679079 0.73333 0.704457 
0.439859 0.300315 0.319711 0.36634 0.368652 
0.463247 0.328771 0.452973 0.278338 0.32986 
0.5297190000000001 0.579535 0.561621 0.387547 0.573523 
0.398118 0.279829 0.490223 0.352222 0.394561 
0.520085 0.469467 0.37179 0.516882 0.552108 
0.332508 0.49465 0.377343 0.326113 0.354804 
0.323532 0.284496 0.342672 0.302009 0.24951 
0.40524 0.390232 0.604006 0.411355 0.533988 
0.537359 0.466221 0.347631 0.462377 0.488756 
0.265323 0.405135 0.399871 0.341501 0.486946 
0.728319 0.569771 0.680056 0.61103 0.563773 
0.655457 0.606549 0.713619 0.544426 0.729054 
0.443147 0.55442 0.300312 0.513976 0.447152 
0.293848 0.360361 0.353644 0.279014 0.467482 
0.553061 0.466082 0.559115 0.670943 0.489041 
0.555107 0.50219 0.67627 0.463683 0.454506 
0.6113229999999999 0.468446 0.639377 0.442631 0.46744 
0.447642 0.5263099999999999 0.640491 0.53576 0.486368 
0.601857 0.750607 0.599703 0.695241 0.711668 
0.332731 0.273337 0.358054 0.381013 0.353031 
0.521821 0.516946 0.453613 0.587631 0.631131 
0.415224 0.496004 0.489475 0.419082 0.656415 
0.448307 0.272977 0.350777 0.363268 0.353383 
0.410249 0.302085 0.299582 0.390219 0.396491 
0.36348 0.435256 0.374056 0.27847 0.43763 
0.368959 0.35613 0.3658 0.256382 0.343418 
0.571978 0.416175 0.609834 0.389558 0.606057 
0.413477 0.313419 0.480429 0.364836 0.301916 
0.43016 0.318633 0.47785 0.415066 0.292393 
0.473097 0.598719 0.368275 0.6083190000000001 0.442066 
0.363511 0.37294 0.447693 0.398604 0.266721 
0.379798 0.275949 0.486301 0.364552 0.406384 
0.480314 0.348045 0.553663 0.505416 0.5298119999999999 
0.483903 0.52799 0.451418 0.642362 0.613105 
0.558171 0.372646 0.41296 0.489351 0.304636 
0.392911 0.408827 0.422038 0.410759 0.595069 
0.514483 0.408754 0.318821 0.406156 0.413543 
0.394136 0.27485 0.346631 0.285302 0.390128 
0.469151 0.543859 0.490751 0.401677 0.403753 
0.307768 0.449961 0.258433 0.422568 0.387774 
0.496196 0.433574 0.37887 0.33866 0.333872 
0.518265 0.566854 0.565158 0.458613 0.407719 
0.660524 0.656166 0.7576040000000001 0.618767 0.673845 
0.49232 0.6393219999999999 0.621107 0.458592 0.535805 
0.378536 0.470615 0.515813 0.5606449999999999 0.495649 
0.671252 0.457384 0.5457920000000001 0.588374 0.415722 
0.413254 0.36835 0.580882 0.348258 0.561845 
0.72976 0.745961 0.719095 0.718401 0.691222 
0.5151250000000001 0.489346 0.350388 0.444835 0.318733 
0.658695 0.679034 0.572828 0.723221 0.550804 
0.723909 0.574205 0.645095 0.562115 0.677701 
0.348823 0.391228 0.38209 0.5074920000000001 0.464413 
0.681351 0.688964 0.670307 0.586983 0.63712 
0.314722 0.389458 0.362967 0.265595 0.31204 
0.5032180000000001 0.408684 0.500072 0.6006089999999999 0.55676 
0.237496 0.33536 0.242062 0.326727 0.309195 
0.657447 0.524847 0.739603 0.588287 0.54508 
0.42393 0.658197 0.375972 0.426005 0.520037 
0.431373 0.461788 0.32907 0.543808 0.501873 
0.555899 0.652308 0.669138 0.659573 0.718127 
0.5505640000000001 0.714495 0.609113 0.66614 0.72888 
0.410219 0.625288 0.462697 0.63227 0.4115 
0.434856 0.337972 0.505788 0.284182 0.387962 
0.421893 0.6575490000000001 0.362139 0.566514 0.532254 
0.276599 0.5121599999999999 0.423147 0.4106 0.455559 
0.5575830000000001 0.562585 0.450832 0.688204 0.51337 
0.349341 0.510922 0.464174 0.417458 0.621652 
0.285012 0.372905 0.349207 0.2401 0.34991 
0.407211 0.387203 0.372729 0.495428 0.5387960000000001 
0.663602 0.663615 0.752086 0.630087 0.7435389999999999 
0.694872 0.602843 0.528824 0.67613 0.537924 
0.438499 0.261465 0.450542 0.347369 0.435021 
0.461193 0.7021579999999999 0.416007 0.542554 0.6029330000000001 
0.552211 0.55393 0.723348 0.627437 0.630875 
0.65785 0.68547 0.633981 0.763935 0.667685 
0.615578 0.742439 0.55442 0.636541 0.643527 
0.584993 0.659277 0.553435 0.596697 0.725978 
0.31436 0.255521 0.396823 0.28072 0.310794 
0.485475 0.630991 0.549337 0.469067 0.705104 
0.495476 0.624959 0.532296 0.402346 0.579263 
0.453549 0.503695 0.343641 0.441864 0.555899 
0.316289 0.557368 0.417146 0.511811 0.440527 
0.387734 0.308169 0.375699 0.251387 0.294217 
0.602401 0.650048 0.601675 0.490234 0.534273 
0.430455 0.378012 0.584409 0.388178 0.39603 
0.613742 0.700201 0.669226 0.561799 0.740696 
0.644666 0.640636 0.473428 0.668811 0.506964 
0.49307 0.330195 0.475413 0.393998 0.5339390000000001 
0.647861 0.687793 0.503085 0.615264 0.595017 
0.5272019999999999 0.319515 0.516491 0.353378 0.473904 
0.434324 0.448897 0.571625 0.496795 0.655428 
0.427112 0.258444 0.437245 0.336598 0.294752 
0.314769 0.275981 0.287496 0.372452 0.274903 
0.700761 0.704852 0.622845 0.711638 0.724394 
0.691893 0.677845 0.635273 0.761618 0.668123 
0.480333 0.518269 0.596846 0.373119 0.658674 
0.469957 0.472392 0.404777 0.354262 0.329832 
0.351549 0.296574 0.439275 0.35849 0.318238 
0.358905 0.448334 0.326044 0.458256 0.547961 
0.567366 0.325506 0.437616 0.474296 0.334654 
0.319916 0.43404 0.350965 0.280884 0.443725 
0.483346 0.649907 0.503248 0.461163 0.693458 
0.705433 0.747571 0.683106 0.749839 0.739968 
0.619989 0.6177820000000001 0.703959 0.490638 0.613946 
0.394343 0.369799 0.251281 0.443489 0.390863 
0.233038 0.420152 0.323274 0.310996 0.360164 
0.502016 0.6074619999999999 0.685727 0.515503 0.679507 
0.331531 0.319402 0.263453 0.397758 0.367499 
0.618684 0.523614 0.538862 0.558795 0.675589 
0.44895 0.428701 0.6193650000000001 0.396581 0.466428 
0.545001 0.549579 0.581304 0.387964 0.520663 
0.648977 0.65386 0.656478 0.662819 0.754421 
0.511518 0.631735 0.6959689999999999 0.558516 0.664954 
0.701415 0.487815 0.610148 0.612758 0.6161759999999999 
0.455999 0.609121 0.503049 0.564424 0.716383 
0.374173 0.610089 0.483362 0.57226 0.587588 
0.410182 0.384406 0.433032 0.529737 0.33077 
0.5727 0.48484 0.706111 0.474296 0.6172879999999999 
0.458077 0.664334 0.6246620000000001 0.498597 0.686005 
0.584988 0.462557 0.689823 0.445809 0.627856 
0.336619 0.274592 0.24443 0.293931 0.272116 
0.620193 0.431808 0.641189 0.524938 0.417419 
0.579013 0.378295 0.42273 0.538489 0.340053 
0.47592 0.351274 0.536295 0.342645 0.562428 
0.507019 0.441149 0.424572 0.613366 0.542444 
0.414714 0.505135 0.5606100000000001 0.32168 0.511451 
0.653999 0.532261 0.5915049999999999 0.514263 0.682369 
0.392042 0.441708 0.285897 0.310366 0.379035 
0.558175 0.39032 0.37285 0.417971 0.325896 
0.372693 0.414419 0.442669 0.540907 0.534937 
0.405606 0.501647 0.600448 0.554399 0.550238 
0.724624 0.719032 0.739988 0.750711 0.701616 
0.661237 0.763079 0.639707 0.734872 0.669526 
0.329724 0.552583 0.515997 0.40373 0.553916 
0.567678 0.513423 0.561581 0.377163 0.609383 
0.514809 0.737826 0.58029 0.6302219999999999 0.614598 
0.722226 0.7272 0.689766 0.664485 0.761168 
0.547413 0.678045 0.6960460000000001 0.551383 0.648929 
0.412842 0.33216 0.311078 0.30848 0.391265 
0.391136 0.409013 0.496852 0.311936 0.558237 
0.577191 0.407379 0.582122 0.544538 0.605781 
0.399445 0.301135 0.384666 0.32268 0.464248 
0.356996 0.364623 0.327728 0.491664 0.373943 
0.283151 0.353482 0.425149 0.279253 0.373179 
0.647079 0.7162269999999999 0.657823 0.745668 0.635399 
0.551921 0.71771 0.526586 0.695874 0.617185 
0.506677 0.63128 0.616533 0.6328240000000001 0.511168 
0.221574 0.321873 0.227045 0.276694 0.297787 
0.360005 0.454796 0.303644 0.454658 0.287002 
0.51548 0.722553 0.459462 0.632742 0.570427 
0.528945 0.474083 0.6478 0.49704 0.66372 
0.6763209999999999 0.732227 0.602085 0.724109 0.594055 
0.399435 0.360841 0.453529 0.252797 0.40162 
0.386268 0.452497 0.58973 0.380924 0.483529 
0.606518 0.6598000000000001 0.649651 0.563578 0.765415 
0.297885 0.434249 0.285941 0.444319 0.424524 
0.274349 0.26663 0.31795 0.218857 0.272895 
0.599557 0.544034 0.392308 0.516671 0.416071 
0.621824 0.679874 0.652033 0.706741 0.7421720000000001 
0.338055 0.5730499999999999 0.346388 0.498444 0.395657 
0.581815 0.6490669999999999 0.622601 0.59534 0.764949 
0.602959 0.690864 0.552956 0.751003 0.6070719999999999 
0.6188360000000001  0.492 0.486217 0.674748 0.450042 
0.626495 0.586112 0.479128 0.5937249999999999 0.64047 
0.317116 0.389114 0.309471 0.302378 0.457408 
0.466535 0.497149 0.536953 0.477995 0.35537 
0.660697 0.452562 0.5072950000000001 0.55962 0.489521 
0.667086 0.404784 0.543254 0.494287 0.421315 
0.460429 0.341626 0.305473 0.467797 0.315275 
0.625935 0.663759 0.466379 0.676351 0.594604 
0.4719 0.347852 0.373105 0.371721 0.502762 
0.388989 0.389224 0.555859 0.467699 0.457974 
0.578578 0.354902 0.40969 0.415539 0.420129 
0.708367 0.489454 0.658461 0.595702 0.638587 
0.433003 0.647672 0.577275 0.44478 0.604777 
0.437843 0.370415 0.583329 0.326636 0.524524 
0.334275 0.354376 0.458431 0.395883 0.357792 
0.767771 0.639868 0.69437 0.7077560000000001 0.64666 
0.713874 0.7547970000000001 0.727697 0.689373 0.730625 
0.635179 0.680893 0.532805 0.621599 0.67852 
0.728623 0.562822 0.711637 0.5929219999999999 0.675107 
0.497398 0.462265 0.457391 0.374773 0.605878 
0.487171 0.329529 0.446438 0.303109 0.30972 
0.608677 0.532408 0.514728 0.614455 0.373479 
0.385646 0.546597 0.324012 0.520958 0.346239 
0.664462 0.5827 0.6291 0.471467 0.644741 
0.7724760000000001 0.69381 0.698735 0.719521 0.707306 
0.382161 0.470154 0.324104 0.569203 0.430504 
0.475234 0.507513 0.435068 0.321555 0.46131 
0.518742 0.569187 0.385772 0.625817 0.523734 
0.558788 0.450325 0.44047 0.56384 0.299804 
0.517566 0.601957 0.491956 0.50441 0.379145 
0.585859 0.508391 0.46299 0.661787 0.562534 
0.35425 0.615895 0.353816 0.539882 0.47407 
0.603208 0.698228 0.656064 0.638099 0.570262 
0.515396 0.575536 0.539677 0.498974 0.727187 
0.407017 0.323171 0.511284 0.385874 0.348881 
0.339651 0.382092 0.372548 0.402745 0.263187 
0.46754 0.452745 0.480014 0.415503 0.310044 
0.541629 0.622102 0.60264 0.654452 0.495358 
0.31695 0.287882 0.264568 0.359862 0.286541 
0.461531 0.338265 0.435829 0.286191 0.474399 
0.668856 0.515053 0.485967 0.518465 0.502844 
0.444444 0.515699 0.512338 0.61792 0.448454 
0.409169 0.275164 0.464724 0.314923 0.433953 
0.5388230000000001 0.430337 0.650644 0.407263 0.537475 
0.696345 0.494751 0.703524 0.571576 0.629969 
0.367752 0.635674 0.362135 0.442544 0.519055 
0.262185 0.25093 0.276052 0.284386 0.252675 
0.480653 0.360877 0.410619 0.562318 0.385914 
0.731812 0.585815 0.693955 0.661166 0.57173 
0.663953 0.569352 0.732869 0.551681 0.69581 
0.396799 0.366834 0.5668570000000001 0.418132 0.441424 
0.422605 0.474788 0.3176 0.540347 0.480296 
0.342163 0.580331 0.371289 0.418493 0.421474 
0.556074 0.406422 0.689656 0.490268 0.5168779999999999 
0.466706 0.314457 0.458013 0.512748 0.47239 
0.735467 0.639826 0.714782 0.720076 0.72198 
0.469527 0.401163 0.365259 0.52964 0.287257 
0.466399 0.338907 0.439388 0.518214 0.322392 
0.6258049999999999 0.402618 0.648135 0.488209 0.562491 
0.5565639999999999 0.425366 0.422557 0.393776 0.537682 
0.57768 0.528551 0.46663 0.437424 0.366424 
0.455765 0.444703 0.5950800000000001 0.384237 0.408794 
0.478558 0.699307 0.589748 0.502369 0.5896 
0.315857 0.359176 0.401649 0.380619 0.5133 
0.413928 0.571458 0.599326 0.445881 0.51523 
0.569672 0.596993 0.435818 0.497634 0.613005 
0.631007 0.5190129999999999 0.503896 0.601432 0.364012 
0.532158 0.5960760000000001 0.529897 0.699993 0.484975 
0.5084880000000001 0.313271 0.383703 0.370284 0.412741 
0.524498 0.444532 0.669052 0.527332 0.469773 
0.516778 0.390729 0.311217 0.461316 0.411525 
0.712083 0.61322 0.68626 0.647861 0.743012 
0.341386 0.294143 0.488281 0.308497 0.485895 
0.677904 0.726865 0.581409 0.669237 0.655602 
0.65778 0.444608 0.510659 0.492462 0.395058 
0.299376 0.515001 0.442165 0.463779 0.401063 
0.519038 0.428988 0.387871 0.607511 0.396416 
0.47825 0.529822 0.544238 0.388934 0.68033 
0.444492 0.5037199999999999 0.422716 0.414351 0.305717 
0.562715 0.309423 0.492518 0.412674 0.500833 
0.320419 0.603635 0.351098 0.457747 0.483485 
0.548772 0.570456 0.416718 0.635718 0.331205 
0.567092 0.535023 0.529786 0.702196 0.51579 
0.696766 0.494673 0.711707 0.603191 0.63779 
0.625379 0.636084 0.75917 0.58417 0.706866 
0.388713 0.482901 0.566574 0.466017 0.414155 
0.677718 0.50871 0.548397 0.623247 0.5986629999999999 
0.640085 0.58906 0.617936 0.71009 0.491531 
0.517149 0.431443 0.358078 0.430725 0.505642 
0.717221 0.609659 0.65738 0.564094 0.556082 
0.505044 0.369226 0.475173 0.451206 0.594906 
0.633374 0.477791 0.662675 0.601795 0.662256 
0.538253 0.522652 0.467077 0.668109 0.575671 
0.49257 0.348401 0.539608 0.31058 0.533385 
0.500784 0.566527 0.603638 0.575099 0.718984 
0.580709 0.575384 0.365032 0.604436 0.47017 
0.482829 0.612972 0.393626 0.410127 0.518462 
0.348869 0.39887 0.449865 0.387118 0.571172 
0.613104 0.521236 0.505534 0.399863 0.462384 
0.628192 0.411311 0.496858 0.482985 0.556359 
0.59638 0.559515 0.7447549999999999 0.554659 0.630112 
0.586307 0.45292 0.643105 0.450924 0.646568 
0.616951 0.71435 0.680496 0.699492 0.7356549999999999 
0.500346 0.522651 0.44674 0.6566 0.394922 
0.297284 0.356158 0.439054 0.273662 0.452968 
0.311336 0.273329 0.336053 0.237844 0.353874 
0.506932 0.638408 0.49575 0.688504 0.631323 
0.629881 0.597065 0.732617 0.692308 0.65324 
