5
249
0.530814 0.400042 0.288092 0.454688 0.198732 
0.446793 0.487977 0.529091 0.52935 0.763335 
0.379405 0.682403 0.409031 0.466383 0.439116 
0.361787 0.267495 0.418005 0.233339 0.19083 
0.5510350000000001 0.492083 0.337539 0.374252 0.495349 
0.268256 0.166102 0.225938 0.169936 0.166628 
0.712407 0.412175 0.679711 0.665538 0.445001 
0.348895 0.634367 0.299832 0.346629 0.494578 
0.553561 0.800163 0.557328 0.579983 0.566326 
0.615753 0.359165 0.629618 0.377024 0.583623 
0.527298 0.345014 0.323985 0.4316 0.530908 
0.67844 0.750431 0.617805 0.620934 0.814188 
0.689238 0.419526 0.693267 0.479692 0.629683 
0.517299 0.574412 0.289486 0.429927 0.362078 
0.654796 0.60758 0.630451 0.724312 0.423283 
0.231982 0.276956 0.403298 0.314028 0.405522 
0.482767 0.268626 0.566365 0.357279 0.510192 
0.417375 0.241278 0.403056 0.534583 0.349812 
0.808063 0.6294729999999999 0.620609 0.741655 0.603732 
0.488893 0.436889 0.5551700000000001 0.603129 0.27137 
0.558325 0.430125 0.667158 0.288008 0.537511 
0.796869 0.649137 0.5414600000000001 0.643803 0.601132 
0.280796 0.612278 0.43198 0.607876 0.454072 
0.229302 0.296275 0.348355 0.168522 0.356325 
0.637725 0.66778 0.394032 0.477844 0.530977 
0.452204 0.429182 0.365869 0.6801970000000001 0.363394 
0.773373 0.693515 0.770668 0.734943 0.864884 
0.797897 0.65991 0.621811 0.728972 0.529643 
0.547081 0.310332 0.729257 0.472288 0.594704 
0.44232 0.291938 0.651412 0.385849 0.397604 
0.628555 0.527802 0.750941 0.516578 0.446958 
0.363444 0.611904 0.453454 0.720727 0.446776 
0.377149 0.330227 0.266555 0.461394 0.551001 
0.47435 0.582118 0.560524 0.6166700000000001 0.34455 
0.468716 0.487666 0.663382 0.530313 0.294093 
0.49486 0.696672 0.513056 0.487466 0.773567 
0.745097 0.758457 0.598799 0.674427 0.545539 
0.315627 0.537675 0.590337 0.425779 0.312289 
0.219626 0.342984 0.336783 0.340831 0.260039 
0.424397 0.6717340000000001 0.68021 0.370622 0.714421 
0.199938 0.205154 0.223988 0.160028 0.191599 
0.509671 0.576897 0.278624 0.680568 0.384143 
0.7501409999999999 0.553735 0.572909 0.8172 0.483156 
0.215642 0.293266 0.249925 0.29306 0.222558 
0.226464 0.639962 0.444831 0.384017 0.617824 
0.425609 0.722355 0.485851 0.475316 0.482593 
0.372389 0.439659 0.366873 0.176184 0.352612 
0.735564 0.48615 0.725788 0.657014 0.616293 
0.634239 0.468353 0.633563 0.356647 0.617982 
0.541685 0.705816 0.646803 0.750557 0.652373 
0.403557 0.346519 0.383257 0.371283 0.181929 
0.221967 0.486998 0.450375 0.355473 0.428382 
0.70858 0.667302 0.622559 0.573457 0.764352 
0.326877 0.211139 0.286428 0.385146 0.27765 
0.402461 0.206848 0.327721 0.220529 0.365316 
0.803465 0.584471 0.725202 0.650749 0.719761 
0.556211 0.454975 0.651563 0.386551 0.710229 
0.494185 0.726488 0.44482 0.501696 0.671229 
0.841948 0.740738 0.728193 0.793305 0.649815 
0.5963270000000001 0.328681 0.598719 0.396599 0.6104000000000001 
0.180766 0.319984 0.225455 0.17077 0.24313 
0.693496 0.675046 0.619693 0.8686199999999999 0.664672 
0.84687 0.740554 0.732469 0.713291 0.756002 
0.491753 0.355769 0.440257 0.211725 0.438662 
0.401848 0.343748 0.304418 0.305301 0.556639 
0.444998 0.234448 0.591472 0.487419 0.417899 
0.590654 0.603919 0.821244 0.424051 0.739743 
0.417388 0.70792 0.327644 0.721388 0.617725 
0.630502 0.406272 0.601607 0.5832889999999999 0.246211 
0.580466 0.630599 0.601191 0.519428 0.393747 
0.733111 0.744316 0.6375189999999999 0.799685 0.780401 
0.516004 0.336536 0.740099 0.550419 0.556161 
0.308081 0.235714 0.375295 0.297487 0.435027 
0.43567 0.224851 0.423855 0.399685 0.230101 
0.648763 0.572902 0.548207 0.475867 0.361809 
0.387509 0.690368 0.294268 0.6291909999999999 0.518937 
0.511148 0.397117 0.32807 0.311831 0.526251 
0.368803 0.399625 0.253401 0.522544 0.494157 
0.750804 0.538114 0.474587 0.716635 0.558949 
0.234826 0.464835 0.155237 0.39383 0.415738 
0.655685 0.787749 0.793888 0.694122 0.771383 
0.640916 0.720927 0.618753 0.794002 0.54557 
0.443721 0.571617 0.339467 0.678741 0.335933 
0.518144 0.401426 0.357646 0.273337 0.537294 
0.245857 0.239085 0.188916 0.23574 0.140622 
0.580885 0.444294 0.533647 0.314704 0.622914 
0.525245 0.404503 0.461788 0.240282 0.286333 
0.384929 0.5001060000000001 0.54152 0.299904 0.680598 
0.530842 0.301634 0.502849 0.489143 0.643177 
0.623707 0.715849 0.743429 0.611054 0.543704 
0.304431 0.49827 0.149989 0.445739 0.369688 
0.255201 0.351148 0.370458 0.3237 0.524115 
0.637684 0.619391 0.762386 0.524533 0.814406 
0.5442630000000001 0.558375 0.606256 0.272674 0.66335 
0.61017 0.709879 0.745717 0.6269169999999999 0.52707 
0.759386 0.441079 0.484069 0.552556 0.5409929999999999 
0.432055 0.373375 0.704216 0.251769 0.476278 
0.497108 0.593835 0.548399 0.804353 0.618953 
0.464719 0.276832 0.311632 0.360436 0.171498 
0.611724 0.475122 0.721923 0.7226630000000001 0.521104 
0.577134 0.633182 0.281359 0.677785 0.5569460000000001 
0.836202 0.791286 0.742399 0.6965710000000001 0.755322 
0.313299 0.476785 0.47406 0.623933 0.36557 
0.558087 0.685104 0.770265 0.621567 0.795915 
0.324163 0.353537 0.449972 0.416774 0.24295 
0.627448 0.389238 0.342221 0.6624640000000001 0.311582 
0.209668 0.496627 0.391129 0.25552 0.482466 
0.357554 0.53842 0.515655 0.541429 0.32914 
0.727745 0.738667 0.7319639999999999 0.795115 0.809308 
0.542577 0.383996 0.701394 0.313461 0.336757 
0.673135 0.8163 0.743573 0.626898 0.790003 
0.803159 0.748576 0.843172 0.744995 0.796645 
0.428377 0.297127 0.51644 0.223169 0.32041 
0.747188 0.851195 0.7097250000000001 0.780939 0.780359 
0.432791 0.671201 0.292315 0.6016820000000001 0.569034 
0.455361 0.531944 0.359261 0.597588 0.24311 
0.300613 0.5797020000000001 0.333284 0.582904 0.360354 
0.529538 0.8101739999999999 0.52068 0.55157 0.630273 
0.348742 0.370244 0.650183 0.372866 0.655518 
0.701678 0.323159 0.45884 0.467568 0.551189 
0.380346 0.56467 0.279996 0.436191 0.352238 
0.832806 0.754034 0.780019  0.829 0.790017 
0.551982 0.313031 0.634861 0.557721 0.314478 
0.175834 0.20723 0.265853 0.248381 0.276886 
0.736544 0.458197 0.491678 0.500573 0.389638 
0.785095 0.814253 0.845252 0.796421 0.79823 
0.26467 0.285759 0.4397 0.308884 0.508652 
0.258059 0.3435 0.355962 0.412143 0.518524 
0.521459 0.784629 0.711614 0.6165119999999999 0.759764 
0.597121 0.317976 0.470694 0.63449 0.521424 
0.341857 0.569866 0.633673 0.326068 0.524189 
0.566761 0.783716 0.4874 0.735581 0.56184 
0.703256 0.594034 0.447808 0.713541 0.368972 
0.748014 0.783772 0.744252 0.831464 0.7952090000000001 
0.609926 0.586406 0.6153729999999999 0.277851 0.450653 
0.346927 0.201473 0.396445 0.417535 0.337819 
0.242893 0.238788 0.280936 0.243068 0.357629 
0.224738 0.337626 0.266581 0.407798 0.381241 
0.534899 0.383395 0.70844 0.360903 0.59289 
0.445898 0.390537 0.265949 0.576205 0.23436 
0.328814 0.477049 0.374058 0.189316 0.409066 
0.443084 0.212014 0.402644 0.224494 0.338555 
0.495949 0.648942 0.254434 0.540784 0.5434870000000001 
0.811573 0.617866 0.756288 0.638144 0.595766 
0.260089 0.290311 0.285187 0.332185 0.427864 
0.374284 0.734839 0.421772 0.387601 0.549362 
0.244403 0.40069 0.257176 0.346607 0.468924 
0.695987 0.514891 0.806351 0.560002 0.495492 
0.804463 0.828972 0.797776 0.786362 0.804109 
0.713789 0.422098 0.532162 0.673295 0.262497 
0.698456 0.734809 0.448397 0.660781 0.42742 
0.25127 0.29985 0.426538 0.225341 0.255612 
0.511284 0.50329 0.331945 0.596772 0.242954 
0.560176 0.307406 0.601816 0.497555 0.293139 
0.430026 0.378507 0.395842 0.435062 0.188616 
0.401093 0.445547 0.753771 0.493505 0.464043 
0.26694 0.182993 0.21969 0.213879 0.232061 
0.440206 0.527022 0.213066 0.573974 0.351502 
0.373467 0.211835 0.212953 0.319282 0.180166 
0.531834 0.728774 0.709811 0.673843 0.775766 
0.801427 0.477519 0.6652 0.584392 0.533834 
0.688705 0.7350139999999999 0.718703 0.523459 0.6608000000000001 
0.674458 0.407205 0.576751 0.696708 0.532084 
0.611362 0.48289 0.816546 0.580104 0.57928 
0.522434 0.635391 0.49859 0.6195040000000001 0.7404770000000001 
0.764337 0.662399 0.827256 0.703727 0.718299 
0.469233 0.219991 0.488813 0.328812 0.308352 
0.765544 0.574906 0.573668 0.637032 0.406186 
0.316425 0.662013 0.44971 0.458279 0.761186 
0.614491 0.44711 0.5444870000000001 0.504452 0.245692 
0.36133 0.353999 0.399815 0.164777 0.472445 
0.434331 0.540286 0.422293 0.777876 0.39403 
0.627656 0.38876 0.710369 0.569268 0.309764 
0.488039 0.794996 0.5885 0.650637 0.656991 
0.421015 0.599864 0.570477 0.237683 0.6169829999999999 
0.498592 0.453156 0.30184 0.568539 0.578382 
0.6514760000000001 0.401819 0.473604 0.656177 0.598808 
0.219647 0.303395 0.443801 0.279684 0.311075 
0.649568 0.370678 0.690855 0.509897 0.347961 
0.339211 0.203006 0.34116 0.329177 0.220936 
0.569946 0.767508 0.522851 0.516307 0.528344 
0.826858 0.584392 0.683956 0.609329 0.6941889999999999 
0.239166 0.358771 0.276135 0.304994 0.194159 
0.239271 0.443711 0.139715 0.294651 0.350542 
0.580643 0.439285 0.454432 0.295883 0.468122 
0.7330989999999999 0.512163 0.683303 0.729167 0.646537 
0.705923 0.679137 0.553042 0.788237 0.477878 
0.787537 0.574554 0.61565 0.854291 0.584411 
0.322442 0.417956 0.549162 0.5787369999999999 0.371916 
0.493247 0.299424 0.574862 0.392716 0.244038 
0.307375 0.499924 0.204939 0.490568 0.356716 
0.648533 0.509432 0.802584 0.605302 0.514415 
0.463373 0.707504 0.536052 0.334036 0.644958 
0.491704 0.501007 0.449987 0.329032 0.677527 
0.640397 0.613245 0.697658 0.727105 0.755391 
0.716059 0.769467 0.612801 0.829864 0.753042 
0.736328 0.759918 0.632612 0.585462 0.560858 
0.546781 0.804874 0.494074 0.703866 0.64585 
0.50269 0.490149 0.40999 0.437067 0.7064 
0.55744 0.271604 0.526859 0.355277 0.472458 
0.662478 0.5236730000000001 0.732698 0.60722 0.825009 
0.18651 0.528217 0.5031600000000001 0.357049 0.673384 
0.304806 0.312056 0.282631 0.450522 0.294588 
0.470678 0.537355 0.38382 0.708657 0.586795 
0.566038 0.717711 0.342095 0.612572 0.414114 
0.492778 0.551982 0.755841 0.609381 0.685734 
0.283477 0.277357 0.546939 0.340941 0.356334 
0.664618 0.7141690000000001 0.712674 0.509843 0.565761 
0.704852 0.646414 0.779276 0.762145 0.635023 
0.281444 0.193763 0.397594 0.222036 0.367486 
0.493524 0.626746 0.695591 0.453662 0.463156 
0.44726 0.462052 0.593993 0.250861 0.631207 
0.611259 0.354799 0.557072 0.377114 0.5844200000000001 
0.764606 0.674467 0.475488 0.52613 0.520455 
0.324563 0.379814 0.424575 0.51825 0.572558 
0.535676 0.805298 0.463449 0.543276 0.585215 
0.41992 0.256082 0.227533 0.320234 0.363387 
0.716906 0.806328 0.737598 0.755593 0.667833 
0.167093 0.347802 0.224762 0.210554 0.247097 
0.613509 0.377599 0.651597 0.365138 0.474818 
0.4132 0.473244 0.47973 0.613815 0.647164 
0.190181 0.440251 0.413617 0.254795 0.514382 
0.806939 0.552756 0.717099 0.575896 0.528827 
 0.779 0.609332 0.706506 0.626885 0.775024 
0.312344 0.449596 0.323878 0.230427 0.482139 
0.25589 0.366415 0.451747 0.21542 0.475574 
0.5516489999999999 0.73281 0.410564 0.523726 0.429352 
0.48652 0.244662 0.323832 0.257454 0.414487 
0.276042 0.532096 0.312402 0.339604 0.344227 
0.508674 0.738601 0.329832 0.651367 0.57782 
0.460052 0.242675 0.357638 0.271301 0.472072 
0.635459 0.296924 0.54337 0.662374 0.329775 
0.619278 0.791062 0.655732 0.632086 0.551122 
0.692323 0.596531 0.693688 0.583538 0.445094 
0.494431 0.485511 0.715201 0.62233 0.623773 
0.628466 0.317417 0.520966 0.666324 0.280954 
0.345674 0.239291 0.5635599999999999 0.306466 0.500427 
0.636821 0.367489 0.604189 0.37884 0.551103 
0.330319 0.454817 0.196352 0.455214 0.485503 
0.560077 0.337849 0.5873930000000001 0.6607499999999999 0.516242 
0.697434 0.676472 0.476777 0.728738 0.663411 
0.568026 0.760442 0.455266 0.727651 0.469653 
0.571199 0.42627 0.631703 0.673828 0.638615 
0.428381 0.341456 0.551524 0.249036 0.599697 
0.468749 0.566306 0.441445 0.376122 0.278931 
0.481434 0.623583 0.708245 0.543521 0.436581 
0.605361 0.698631 0.448685 0.385298 0.509651 
0.400749 0.467435 0.510431 0.34275 0.707496 
0.662946 0.76875 0.677536 0.6997139999999999 0.845162 
