5
102
0.49619 0.431944 0.554744 0.506467 0.488576 
0.5221 0.419372 0.5041870000000001 0.394365 0.400874 
0.336935  0.507 0.393208 0.510826 0.451765 
0.342109 0.443629 0.397195 0.423824 0.457559 
0.633128 0.656386 0.534396 0.647603 0.559012 
0.407851 0.536475 0.521496 0.467614 0.473393 
0.480066 0.57843 0.504784 0.653958 0.617439 
0.514398 0.643032 0.52703 0.492151 0.582324 
0.430055 0.620442 0.512112 0.530896 0.5495640000000001 
0.437771 0.6068 0.517491 0.448255 0.515752 
0.558065 0.380215 0.536849 0.474386 0.43946 
0.626131 0.450014 0.578002 0.646502 0.50483 
0.556311 0.470502 0.620587 0.538425 0.6738730000000001 
0.540621 0.523156 0.634442 0.494038 0.650069 
0.44078 0.561864 0.49762 0.47522 0.614991 
0.49763 0.548866 0.472132 0.634172 0.4409 
0.671851 0.663285 0.613942 0.685148 0.684119 
0.541941 0.7279 0.551686 0.609533 0.678028 
0.620515 0.471092 0.524028 0.535413 0.5116000000000001 
0.621871 0.488602 0.624261 0.464659 0.539171 
0.543104 0.584222 0.47568 0.6104810000000001 0.459062 
0.357723 0.416685 0.358041 0.444251 0.446805 
0.508154 0.553681 0.539085 0.42115 0.612106 
0.345325 0.426343 0.396493 0.308943 0.464976 
0.374172 0.429046 0.483446 0.405159 0.407595 
0.615498 0.524035 0.554943 0.656478 0.635808 
0.6138400000000001 0.448351 0.502019 0.6056319999999999 0.378052 
0.638224 0.573274 0.561072 0.621315 0.457439 
0.446211 0.415918 0.437135 0.385092 0.365059 
0.556547 0.607321 0.564258 0.621494 0.469795 
0.488358 0.448243 0.518352 0.457737 0.361313 
0.503768 0.612483 0.412788 0.560698 0.470061 
0.544091 0.395463 0.405584 0.48949 0.450512 
0.6641010000000001 0.6668269999999999 0.652226 0.658099 0.579837 
0.633694 0.625541 0.654908 0.532551 0.607343 
0.512217 0.6112109999999999 0.433324 0.5449000000000001 0.466197 
0.64819 0.703349 0.583243 0.676361 0.60126 
0.474377 0.6374570000000001 0.601597 0.546019 0.557076 
0.599504 0.551611 0.586822 0.695045 0.579997 
0.336087 0.358044 0.306666 0.36524 0.286315 
0.54761 0.606796 0.422119 0.5721309999999999 0.531368 
0.468279 0.566205 0.441265 0.469348 0.395678 
0.665682 0.589419 0.513513 0.6018289999999999 0.612172 
0.641021 0.573874 0.631722 0.661961 0.633537 
0.340408 0.5157350000000001 0.350456 0.456221 0.454906 
0.382759 0.5817020000000001 0.525282 0.517468 0.580878 
0.644286 0.690518 0.7101690000000001 0.656105 0.73832 
0.504156 0.597594 0.5732120000000001 0.419205 0.619696 
0.391576 0.315618 0.410438 0.40368 0.333685 
0.649658 0.639265 0.587668 0.700155 0.582639 
0.512854 0.691541 0.614969 0.559019 0.649435 
0.697661 0.652544 0.668449 0.596675 0.675444 
0.611464 0.6274690000000001 0.630896 0.711176 0.611165 
0.6658770000000001 0.570157 0.592313 0.576099 0.653528 
0.618949 0.66923 0.631294 0.550042 0.5715750000000001 
0.439524 0.358305 0.49501 0.334421 0.478746 
0.376317 0.44398 0.372133 0.505614 0.398011 
0.643772 0.689126 0.6164269999999999 0.694928 0.592193 
0.483857 0.389765 0.471648 0.374174 0.523355 
0.376223 0.379651 0.369672 0.388644 0.471468 
0.594665 0.64527 0.472218 0.649899 0.52884 
0.59801 0.640473 0.645525 0.657798 0.588808 
0.478159 0.372173 0.450127 0.527637 0.375681 
0.484323 0.469642 0.501297 0.465977 0.354054 
0.552246 0.391611 0.442527 0.514947 0.412298 
0.658563 0.518968 0.571168 0.597016 0.620296 
0.658319 0.55027 0.587859 0.51608 0.537771 
0.615027 0.669397 0.530494 0.627538 0.6534180000000001 
0.43769 0.335602 0.440264 0.359359 0.48829 
0.531313 0.615613 0.624107 0.612003 0.561818 
0.425066 0.604241 0.458691 0.53973 0.603218 
0.477891 0.627185 0.604614 0.475241 0.624046 
0.491586 0.575778 0.574343 0.647033 0.55944 
0.602591 0.458292 0.542674 0.605097 0.432855 
0.643549 0.56759 0.606284 0.545341 0.5215109999999999 
0.436622 0.501937 0.490788 0.56496 0.586508 
0.455068 0.4207 0.436153 0.502074 0.325194 
0.668965 0.602707 0.701113 0.62596 0.603017 
0.536732 0.629333 0.539866 0.540714 0.475282 
0.526759 0.516751 0.437858 0.550752 0.5850959999999999 
0.524926 0.49384 0.427307 0.465618 0.500311 
0.624485 0.499907 0.563956 0.446159 0.583744 
0.654816 0.556916 0.62578 0.667393 0.543884 
0.716854 0.62718 0.683857 0.665378 0.628462 
0.542803 0.616252 0.620323 0.6110950000000001 0.525574 
0.465281 0.573833 0.393491 0.491825 0.439976 
0.43944 0.393269 0.374858 0.404028 0.417046 
0.690107 0.567844 0.619502 0.574126 0.60572 
0.503603 0.615538 0.490747 0.6350440000000001 0.543976 
0.654922 0.541461 0.474681 0.6018019999999999 0.584825 
0.559095 0.495445 0.5089320000000001 0.5008 0.40261 
0.394664 0.418644 0.467953 0.378344 0.372141 
0.705001 0.688891 0.752073 0.654658 0.68319 
0.575314 0.536415 0.6116200000000001 0.410472 0.6183920000000001 
0.596298 0.548495 0.504494 0.483713 0.594847 
0.386128 0.537188 0.487121 0.524083 0.462039 
0.451338 0.508493 0.5870069999999999 0.499162 0.555264 
0.7247670000000001 0.697068 0.6862470000000001 0.703973 0.657635 
0.604836 0.679541 0.6166 0.625433 0.572446 
0.554128 0.485627 0.422258 0.590323 0.509051 
0.365071 0.405234 0.368136 0.474601 0.355305 
0.345522 0.39722 0.407493 0.290769 0.446878 
