5
374
0.382531 0.27014 0.665108 0.444012 0.714875 
0.751681 0.584436 0.666289 0.505659 0.828774 
0.8336750000000001 0.539353 0.6790389999999999 0.451659 0.36215 
0.47364 0.673311 0.09683 0.63789 0.391283 
0.789645 0.157984 0.552284 0.441787 0.335782 
0.342718 0.437334 0.721484 0.152297 0.384376 
0.330686 0.394551 0.285567 0.285919 0.65411 
0.190569 0.327528 0.248708 0.478457 0.430817 
0.636553 0.23835 0.452871 0.770635 0.451027 
0.611102 0.204183 0.794202 0.395505 0.465752 
0.930682 0.9321469999999999 0.925641 0.909737 0.903255 
0.452392 0.726898 0.164085 0.502093 0.291048 
0.494842 0.664601 0.232741 0.785537 0.208269 
0.189288 0.499711 0.655599 0.34704 0.660454 
0.310289 0.357704 0.167969 0.440736 0.54781 
0.731552 0.312914 0.755145 0.346231 0.883474 
0.491407 0.630321 0.092615 0.741377 0.232453 
0.188653 0.464592 0.360349 0.584481 0.251736 
0.560331 0.537588 0.46719 0.242534 0.352211 
0.19602 0.232507 0.507472 0.211396 0.453681 
0.754013 0.656386 0.745521 0.626423 0.359139 
0.260945 0.145933 0.32439 0.366852 0.079331 
0.363545 0.520298 0.554973 0.341325 0.971916 
0.637877 0.424125 0.332557 0.270978 0.299718 
0.412527 0.618575 0.328295 0.547847 0.167588 
0.8897 0.594459 0.678034 0.587757 0.62998 
0.150407 0.394975 0.314937 0.256963 0.249801 
0.528537 0.755783 0.6975749999999999 0.5082680000000001 0.387722 
0.224271 0.407945 0.442602 0.620363 0.501034 
0.606828 0.766211 0.465289 0.615506 0.833263 
0.694667 0.381892 0.699166 0.191302 0.476269 
0.418293 0.606329 0.160592 0.7783369999999999 0.427793 
0.279691 0.43639 0.191516 0.507267 0.13228 
0.329523 0.533971 0.65885 0.554841 0.315328 
0.572678 0.436397 0.762812 0.267761 0.38831 
0.395288 0.394916 0.748139 0.602584 0.703101 
0.445127 0.657054 0.59253 0.7033239999999999 0.85361 
0.833201 0.465436 0.473849 0.727773 0.484584 
0.678451 0.6694 0.850875 0.567814 0.552019 
0.714963 0.221269 0.47695 0.386873 0.5863 
0.648326 0.283574 0.713896 0.767551 0.425236 
0.764426 0.314459 0.8491 0.380111 0.497888 
0.892235 0.285857 0.688971 0.640732 0.455501 
0.333653 0.56854 0.423637 0.616302 0.229848 
0.472437 0.450822 0.196401 0.270591 0.314976 
0.295081 0.298099 0.237568 0.362996 0.597963 
0.316417 0.772207 0.712405 0.227848 0.742161 
0.903435 0.706654 0.750664 0.769023 0.647328 
0.722077 0.560233 0.489456 0.84845 0.619532 
0.843427 0.73716 0.717417 0.742691 0.869648 
0.198523 0.435894 0.589488 0.590386 0.52395 
0.89217 0.844646 0.874445 0.7856340000000001 0.889722 
0.8594039999999999 0.491553 0.609001 0.788285 0.470581 
0.593719 0.871729 0.58682 0.738067 0.503392 
0.730494 0.586731 0.760635 0.65395 0.366925 
0.80793 0.864181 0.611833 0.7897459999999999 0.760118 
0.549156 0.593822 0.76441 0.639489 0.421407 
0.246812 0.730267 0.223057 0.294907 0.443996 
0.481397 0.338456 0.671523 0.35255 0.831109 
0.733351 0.69034 0.82912 0.474377 0.711503 
0.809176 0.46339 0.8288489999999999 0.718116 0.628065 
0.137629 0.148481 0.061828 0.13075 0.225281 
0.682969 0.244382 0.620795 0.410252 0.179732 
0.908949 0.40226 0.706171 0.514185 0.504734 
0.667551 0.918384 0.769116 0.7269600000000001 0.828321 
0.549228 0.274316 0.46587 0.460177 0.693951 
0.537574 0.659702 0.771578 0.7537469999999999 0.567053 
0.372473 0.160378 0.244368 0.466428 0.416118 
0.700311 0.669533 0.583928 0.916527 0.658404 
0.641772 0.775794 0.617249 0.745236 0.909428 
0.16768 0.553241 0.575141 0.410583 0.859479 
0.143318 0.617655 0.602562 0.37885 0.641133 
0.327056 0.653506 0.525385 0.192269 0.413859 
0.502062 0.586973 0.817919 0.686843 0.679952 
0.595059 0.502802 0.40863 0.197508 0.61534 
0.220801 0.399438 0.575498 0.26234 0.386478 
0.741711 0.6147899999999999 0.669757 0.91047 0.628788 
0.782819 0.578929 0.108843 0.72593 0.258547 
0.217768 0.729171 0.4123 0.677295 0.696134 
0.7476739999999999 0.506284 0.68794 0.659238 0.847529 
0.64157 0.848641 0.333359 0.686729 0.493062 
0.6757880000000001 0.600756 0.706287 0.762208 0.827013 
0.168772 0.720985 0.554745 0.494696 0.560933 
0.621232 0.661853 0.429944 0.65177 0.137148 
0.336192 0.9716669999999999 0.261443 0.529066 0.497073 
0.565864 0.349088 0.91958 0.486454 0.498706 
0.313756 0.381383 0.243802 0.119668 0.327806 
0.356612 0.938107 0.234738 0.36678 0.61857 
0.781921 0.799231 0.626537 0.923647 0.703508 
0.844201 0.78745 0.617754 0.708969 0.663891 
0.34328 0.758605 0.579159 0.278211 0.853584 
0.509621 0.5492320000000001 0.642174 0.5492899999999999 0.164117 
0.778938 0.466279 0.378767 0.660537 0.5456299999999999 
0.565508 0.5439349999999999 0.315642 0.809767 0.53693 
0.018971 0.477328 0.371073 0.189676 0.5657 
0.766953 0.347041 0.448716 0.463405 0.144243 
0.184282 0.671544 0.576756 0.533893 0.8008729999999999 
0.187035 0.326996 0.214469 0.239548 0.115437 
0.272735 0.539003 0.199576 0.415893 0.669547 
0.844695 0.376396 0.703188 0.336813 0.504293 
0.554936 0.389904 0.309924 0.561414 0.108678 
0.192196 0.274278 0.384368 0.462368 0.219647 
0.405354 0.273148 0.111351 0.41863 0.343565 
0.567346 0.647828 0.794026 0.332219 0.503277 
0.538421 0.595176 0.633899 0.370011 0.268638 
0.287233 0.746198 0.218689 0.727671 0.368371 
0.7120880000000001 0.703364 0.410423 0.638927 0.187098 
0.410708 0.840503 0.510969 0.788893 0.644934 
0.306565 0.440808 0.6673480000000001 0.364477 0.278749 
0.74446 0.760589 0.357501 0.638924 0.643083 
0.675762 0.624058 0.903768 0.46705 0.868954 
0.049585 0.045044 0.046552 0.04167 0.047791 
0.236998 0.340457 0.195422 0.27776 0.08718099999999999 
0.253587 0.117811 0.321715 0.246118 0.104786 
0.473108 0.637826 0.338281 0.222251 0.635567 
0.748871 0.858029 0.5850340000000001 0.816493 0.80672 
0.684222 0.710806 0.345367 0.736995 0.288273 
0.68533 0.820818 0.606832 0.792205 0.8969009999999999 
0.723481 0.464802 0.704606 0.410541 0.266455 
0.765561 0.445574 0.555332 0.8413 0.338502 
0.555067 0.440825 0.882888 0.505062 0.719904 
0.490842 0.266204 0.326675 0.674747 0.341742 
0.566607 0.483865 0.664494 0.6663249999999999 0.211785 
0.761902 0.481199 0.879262 0.627282 0.726943 
0.372796 0.587221 0.165148 0.639537 0.543816 
0.370282 0.588853 0.637897 0.047824 0.723338 
0.434044 0.497949 0.590178 0.797943 0.200485 
0.397846 0.605994 0.824719 0.360322 0.726741 
0.288823 0.509038 0.729674 0.343583 0.511221 
0.249252 0.475308 0.5098549999999999 0.669447 0.732914 
0.44276 0.36881 0.796445 0.22631 0.434324 
0.473641 0.778625 0.6465959999999999 0.775097 0.750217 
0.6239479999999999 0.702232 0.778552 0.835708 0.623183 
0.260335 0.880341 0.436298 0.492297 0.548647 
0.373167 0.427655 0.747156 0.196742 0.668923 
0.573941 0.323237 0.423864 0.271092 0.169313 
0.648015 0.674005 0.48213 0.28889 0.6449510000000001 
0.196094 0.361434 0.079148 0.376704 0.320341 
0.853167 0.387251 0.613366 0.439405 0.553494 
0.436556 0.62469 0.537353 0.8591299999999999 0.591356 
0.186437 0.686051 0.55868 0.522248 0.5229 
0.50842 0.64137 0.494258 0.182126 0.753194 
0.450426 0.305695 0.584742 0.370758 0.176852 
0.425687 0.601726 0.340876 0.813403 0.635169 
0.67479 0.243237 0.579218 0.710691 0.657485 
0.706485 0.545507 0.787181 0.416796 0.418715 
0.255412 0.192749 0.529514 0.261598 0.504733 
0.6912199999999999 0.567827 0.43237 0.404535 0.246068 
0.699489 0.899865 0.816204 0.771947 0.7812829999999999 
0.59094 0.832607 0.46517 0.8925380000000001 0.49469 
0.259726 0.643231 0.687785 0.501607 0.704905 
0.571466 0.171459 0.358811 0.594593 0.437735 
0.494409 0.75185 0.7340449999999999 0.724624 0.804414 
0.518263 0.61222 0.671479 0.467245 0.224689 
0.196489 0.069674 0.311298 0.228584 0.214731 
0.417465 0.495451 0.7967070000000001 0.267322 0.572356 
0.385631 0.701125 0.365961 0.8028149999999999 0.299097 
0.406725 0.355254 0.8527090000000001 0.484686 0.529234 
0.6166740000000001 0.765779 0.571812 0.8568480000000001 0.438212 
0.415818 0.412565 0.333418 0.71505 0.680339 
0.520289 0.470868 0.499424 0.837788 0.5660849999999999 
0.313894 0.317405 0.541183 0.432817 0.71682 
0.392572 0.546821 0.73634 0.223369 0.770477 
0.781409 0.586639 0.946358 0.693695 0.6827839999999999 
0.565537 0.860515 0.708028 0.572288 0.637283 
0.307864 0.720531 0.250254 0.6241449999999999 0.32309 
0.684956 0.480611 0.245054 0.710583 0.501338 
0.501916 0.750162 0.201657 0.511217 0.725229 
0.473954 0.665365 0.269174 0.846293 0.320636 
0.383963 0.518754 0.241852 0.6893319999999999 0.613671 
0.825968 0.820524 0.763057 0.698354 0.56797 
0.57841 0.253338 0.424557 0.143472 0.51485 
0.145176 0.722217 0.502032 0.47203 0.6745989999999999 
0.391115 0.283753 0.420929 0.147336 0.225292 
0.315967 0.551984 0.7950970000000001 0.324564 0.7348209999999999 
0.888419 0.373832 0.537994 0.520873 0.48811 
0.54405 0.493979 0.838968 0.466985 0.457389 
0.701678 0.520689 0.254401 0.361049 0.355905 
0.889128 0.605694 0.741233 0.584869 0.669879 
0.402403 0.8877429999999999 0.426995 0.591818 0.401368 
0.659583 0.745167 0.445335 0.54344 0.262299 
0.884419 0.862995 0.923578 0.8525430000000001 0.920361 
0.221832 0.257785 0.491258 0.466907 0.5281130000000001 
0.349988 0.748792 0.531985 0.68865 0.395879 
0.575605 0.5430469999999999 0.678426 0.643361 0.850548 
0.244139 0.850729 0.319066 0.582273 0.623789 
0.204541 0.201988 0.461803 0.157155 0.307846 
0.455029 0.513538 0.757211 0.604066 0.79454 
0.459375 0.527659 0.339361 0.431526 0.801882 
0.671776 0.485114 0.817823 0.650752 0.414467 
0.5376 0.477276 0.894477 0.570908 0.704785 
0.29387 0.858436 0.290937 0.6037400000000001 0.7636579999999999 
0.65433 0.513688 0.235288 0.307679 0.516755 
0.5223139999999999 0.286861 0.417661 0.691635 0.576383 
0.209303 0.829126 0.377803 0.292959 0.699087 
0.741051 0.656782 0.569397 0.883732 0.451305 
0.810388 0.211604 0.815702 0.370346 0.385562 
0.9018620000000001 0.924741 0.879959 0.918024 0.947708 
0.597311 0.603641 0.675284 0.266667 0.411726 
0.238028 0.377618 0.056385 0.287519 0.382141 
0.368244 0.386475 0.695315 0.21936 0.708888 
0.9422199999999999 0.748543 0.928014 0.852861 0.822414 
0.752194 0.642618 0.768503 0.452016 0.593094 
0.501436 0.141416 0.689655 0.414472 0.621016 
0.692914 0.417768 0.54226 0.871705 0.504095 
0.716803 0.191528 0.580448 0.235929 0.389212 
0.2165 0.653031 0.665873 0.452765 0.589481 
0.842856 0.464755 0.523454 0.71805 0.352933 
0.445121 0.8412190000000001 0.337433 0.418475 0.320356 
0.303401 0.823186 0.188567 0.412029 0.723763 
0.738031 0.5232599999999999 0.5494059999999999 0.343918 0.431189 
0.551831 0.464829 0.361326 0.788642 0.194059 
0.313112 0.574889 0.555431 0.555792 0.300244 
0.399973 0.360838 0.252347 0.369516 0.66278 
0.814577 0.181203 0.498316 0.519297 0.275078 
0.153983 0.631495 0.447623 0.662281 0.455622 
0.510752 0.239252 0.782502 0.556797 0.417718 
0.24861 0.388305 0.240005 0.5492669999999999 0.548947 
0.365586 0.322151 0.63134 0.82682 0.356607 
0.367074 0.608637 0.286758 0.587529 0.772378 
0.356933 0.388377 0.447174 0.175876 0.203438 
0.345952 0.604567 0.750494 0.351558 0.551157 
0.358665 0.232659 0.340949 0.598123 0.220151 
0.362484 0.417782 0.290241 0.585025 0.112437 
0.671973 0.209731 0.317448 0.545874 0.341707 
0.467547 0.526715 0.830467 0.466224 0.504526 
0.710453 0.342767 0.74668 0.5289469999999999 0.768648 
0.740028 0.62315 0.565683 0.616846 0.848782 
0.192769 0.526945 0.305276 0.642351 0.529975 
0.590207 0.259893 0.854793 0.32841 0.482381 
0.486161 0.686468 0.266098 0.853549 0.406767 
0.799779 0.346127 0.653134 0.354219 0.3522 
0.392489 0.181231 0.714957 0.278481 0.518964 
0.057448 0.351632 0.274705 0.294795 0.423776 
0.352732 0.381407 0.371129 0.117956 0.545082 
0.701543 0.384007 0.363777 0.754715 0.128039 
0.477707 0.440646 0.525664 0.252899 0.823088 
0.798249 0.314929 0.721039 0.654531 0.593958 
0.51756 0.395135 0.5417419999999999 0.615546 0.7720939999999999 
0.337024 0.430636 0.049355 0.380481 0.394209 
0.302842 0.572345 0.17659 0.734861 0.292411 
0.567265 0.478971 0.253928 0.782191 0.426806 
0.27286 0.856643 0.390919 0.4063 0.824465 
0.74405 0.485634 0.400194 0.603218 0.171297 
0.317576 0.400042 0.366857 0.52934 0.73691 
0.310208 0.251648 0.385763 0.6059369999999999 0.261395 
0.322317 0.307291 0.694545 0.438185 0.42263 
0.55564 0.09858599999999999 0.36673 0.282822 0.157261 
0.592276 0.575621 0.39439 0.784162 0.105801 
0.602679 0.3532 0.660571 0.149796 0.451776 
0.718049 0.342618 0.848808 0.370291 0.424267 
0.25886 0.249352 0.525414 0.108776 0.305824 
0.460267 0.364079 0.753444 0.418519 0.754742 
0.63795 0.838789 0.802159 0.772235 0.83915 
0.633721 0.08431 0.505251 0.336363 0.532671 
0.850788  0.926 0.8218800000000001 0.897455 0.794473 
0.728293 0.710278 0.649076 0.462306 0.541757 
0.349088 0.677241 0.746887 0.31447 0.633649 
0.442977 0.566728 0.360341 0.301843 0.103105 
0.44117 0.338731 0.6376230000000001 0.150345 0.828725 
0.51122 0.308727 0.370073 0.488657 0.095364 
0.866044 0.416102 0.632688 0.546948 0.370248 
0.697353 0.215436 0.474063 0.549401 0.617989 
0.227674 0.199872 0.419352 0.189857 0.18437 
0.780612 0.421164 0.450539 0.463276 0.210486 
0.641549 0.620924 0.525999 0.897039 0.714546 
0.8607089999999999 0.7075090000000001 0.678695 0.86707 0.622231 
0.7781670000000001 0.86866 0.553316 0.675096 0.645393 
0.131043 0.205225 0.422512 0.293538 0.365363 
0.141745 0.543037 0.526757 0.443262 0.849823 
0.596086 0.74677 0.769841 0.824244 0.725121 
0.301177 0.711819 0.344721 0.645481 0.792052 
0.493533 0.695398 0.822612 0.534821 0.5826170000000001 
0.536651 0.275654 0.288723 0.282599 0.448149 
0.608063 0.245049 0.334644 0.484827 0.517922 
0.399047 0.304613 0.163181 0.5445759999999999 0.251983 
0.298753 0.566302 0.368933 0.197053 0.264478 
0.595145 0.453955 0.71862 0.726465 0.730716 
0.485647 0.723224 0.585564 0.718478 0.307113 
0.406532 0.259851 0.412406 0.105397 0.332631 
0.330001 0.692094 0.398655 0.432863 0.291643 
0.943427 0.838418 0.870092 0.891499 0.907282 
0.334979 0.76674 0.413874 0.482125 0.902496 
0.7006829999999999 0.841816 0.656251 0.946491 0.742489 
0.257374 0.393235 0.6664679999999999 0.287621 0.571563 
0.608028 0.535281 0.30604 0.858635 0.290786 
0.581454 0.316834 0.253656 0.588955 0.191147 
0.879141 0.618559 0.715866 0.614618 0.534757 
0.401434 0.59655 0.540062 0.493395 0.217006 
0.64838 0.7540210000000001 0.554215 0.429468 0.420528 
0.123067 0.308822 0.226755 0.320788 0.430662 
0.607466 0.845899 0.730553 0.555492 0.637181 
0.873797 0.421718 0.513951 0.548129 0.435961 
0.626223 0.850958 0.409998 0.622398 0.7306510000000001 
0.186597 0.610277 0.061203 0.527617 0.413968 
0.779925 0.633667 0.434055 0.508016 0.52794 
0.59176 0.173636 0.7208 0.450768 0.616225 
0.707068 0.693985 0.777944 0.894811 0.6170600000000001 
0.399333 0.079999 0.5347499999999999 0.298863 0.384557 
0.295257 0.086941 0.291427 0.266298 0.206588 
0.824141 0.443087 0.7641 0.598851 0.372948 
0.273171 0.493766 0.187308 0.542501 0.571217 
0.433885 0.5169 0.444432 0.181423 0.750706 
0.916499 0.937608 0.909247 0.911775 0.914609 
0.759875 0.540482 0.523437 0.674227 0.825259 
0.6536110000000001 0.871903 0.455426 0.904363 0.592642 
0.5951 0.810654 0.492062 0.839897 0.418076 
0.758399 0.240585 0.78379 0.528154 0.246184 
0.42769 0.602913 0.722183 0.418053 0.352479 
0.644558 0.616433 0.448403 0.9203440000000001 0.510441 
0.472618 0.165296 0.475318 0.193987 0.178763 
0.751262 0.462186 0.720155 0.342812 0.713637 
0.468902 0.25409 0.791944 0.23235 0.529765 
0.445435 0.110874 0.224184 0.221122 0.207444 
0.253272 0.307037 0.08096100000000001 0.398698 0.283227 
0.839994 0.341478 0.6611860000000001 0.403442 0.559438 
0.435107 0.460222 0.198224 0.357659 0.6253379999999999 
0.8287 0.679301 0.682833 0.882251 0.5894430000000001 
0.8217719999999999 0.369607 0.770297 0.357695 0.346138 
0.719433 0.219003 0.695182 0.600061 0.339803 
0.242278 0.350237 0.221095 0.255744 0.564881 
0.114687 0.208295 0.150475 0.266206 0.254947 
0.664388 0.341495 0.441174 0.393327 0.663975 
0.764591 0.7576580000000001 0.539448 0.577842 0.715583 
0.916996 0.930626 0.914048 0.9076419999999999 0.893131 
0.509022 0.284291 0.240181 0.357444 0.126475 
0.211213 0.463508 0.629027 0.371136 0.457156 
0.874333 0.5976900000000001 0.6757030000000001 0.574565 0.663771 
0.070841 0.313019 0.115613 0.219995 0.299564 
0.145508 0.443446 0.509087 0.477236 0.492901 
0.783475 0.408771 0.659589 0.5385259999999999 0.246134 
0.656888 0.518419 0.565846 0.786799 0.174457 
0.412248 0.554091 0.764368 0.395805 0.825693 
0.420604 0.264714 0.423449 0.278897 0.660895 
0.455968 0.917853 0.340108 0.675413 0.41142 
0.297355 0.873952 0.182641 0.761522 0.617781 
0.747113 0.792198 0.765624 0.762567 0.521837 
0.652159 0.764752 0.8996 0.585865 0.776365 
0.902096 0.92715 0.933844 0.878508 0.909467 
0.601596 0.63335 0.446079 0.409416 0.793701 
0.743235 0.921983 0.751154 0.885475 0.760962 
0.284244 0.708494 0.591247 0.215182 0.596505 
0.27457 0.621259 0.684327 0.553735 0.563099 
0.230273 0.534278 0.076044 0.300215 0.34265 
0.727851 0.700852 0.8757239999999999 0.826242 0.800993 
0.728657 0.482741 0.351793 0.833134 0.205882 
0.384516 0.697178 0.561775 0.779683 0.34985 
0.840566 0.791538 0.8898740000000001 0.835951 0.905265 
0.610421 0.592235 0.579124 0.271967 0.787589 
0.345702 0.33415 0.455712 0.6508119999999999 0.6736 
0.505313 0.191915 0.678624 0.265056 0.728394 
0.225695 0.635003 0.541312 0.71309 0.45109 
0.527234 0.294441 0.308617 0.509351 0.642225 
0.8638710000000001 0.443347 0.586582 0.667597 0.365727 
0.835915 0.708853 0.64022 0.770266 0.388675 
0.663913 0.162579 0.750786 0.296358 0.425569 
0.677498 0.712248 0.587757 0.523845 0.339941 
0.910391 0.698323 0.7051809999999999 0.861318 0.733693 
0.389945 0.087489 0.379201 0.181466 0.223344 
0.853427 0.913721 0.748248 0.7697349999999999 0.807871 
0.536091 0.429378 0.149739 0.569879 0.126956 
0.786565 0.669119 0.915418 0.583561 0.6812319999999999 
0.927235 0.8951750000000001 0.935956 0.906961 0.918216 
0.660599 0.445555 0.731544 0.346174 0.26624 
0.669933 0.5055770000000001 0.267603 0.772285 0.449904 
0.789075 0.831202 0.873995 0.833743 0.712844 
0.8060389999999999 0.804607 0.90562 0.808871 0.878514 
0.651266 0.197059 0.536004 0.670065 0.441393 
0.7826920000000001 0.223925 0.720199 0.334724 0.461493 
0.6899729999999999 0.20543 0.37577 0.6099869999999999 0.411919 
0.250777 0.486812 0.2829 0.763933 0.380814 
0.529061 0.316772 0.832469 0.336966 0.600591 
0.728048 0.471985 0.359948 0.770771 0.530716 
0.107008 0.72437 0.316338 0.5225610000000001 0.458127 
