5
954
0.457942 0.574589 0.6192029999999999 0.344048 0.5823430000000001 
0.605668 0.561955 0.761646 0.482302 0.660214 
0.39686 0.269188 0.29978 0.366252 0.209975 
0.776879 0.7309639999999999 0.742431 0.736511 0.666165 
0.7136670000000001 0.403099 0.512503 0.6138 0.416681 
0.368393 0.427354 0.38299 0.215358 0.399311 
0.235664 0.216041 0.214999 0.271158 0.228052 
0.410132 0.408506 0.627853 0.421025 0.434683 
0.301333 0.417976 0.241531 0.501262 0.351598 
0.569288 0.746993 0.54928 0.598599 0.744493 
0.391169 0.442642 0.395067 0.59892 0.346082 
0.5112719999999999 0.586341 0.386556 0.601416 0.307061 
0.535537 0.6195929999999999 0.655633 0.379843 0.670848 
0.427108 0.451899 0.397207 0.495693 0.253563 
0.385712 0.480866 0.313776 0.317094 0.343291 
0.6489279999999999 0.706522 0.489299 0.596792 0.509937 
0.456897 0.400197 0.634262 0.475242 0.382683 
0.615434 0.382286 0.387085 0.402679 0.44172 
0.5548689999999999 0.582559 0.730999 0.434836 0.603772 
0.50508 0.494997 0.324352 0.60961 0.519548 
0.312959 0.500594 0.377284 0.25489 0.479296 
0.398504 0.432385 0.648703 0.420378 0.683799 
0.284978 0.277381 0.340001 0.198891 0.3828 
0.701811 0.6566109999999999 0.530295 0.571372 0.490492 
0.682966 0.464191 0.612143 0.62647 0.656497 
0.749209 0.567742 0.760277 0.585068 0.674667 
0.310651 0.280682 0.372175 0.235354 0.248709 
0.572441 0.626254 0.467397 0.646543 0.697742 
0.686975 0.752311 0.564012 0.793997 0.603608 
0.367522 0.315223 0.585098 0.353187 0.495481 
0.293075 0.302573 0.2814 0.270607 0.409221 
0.676816 0.35261 0.601232 0.439541 0.391326 
0.588232 0.329275 0.586288 0.320592 0.448484 
0.785439  0.793 0.765597 0.761346 0.742299 
0.292646 0.243801 0.361607 0.202371 0.311932 
0.428735 0.478763 0.534487 0.66322 0.508233 
0.492536 0.229515 0.402936 0.373587 0.308951 
0.633345 0.701006 0.699923 0.686286 0.815482 
0.729968 0.5962730000000001 0.679775 0.63724 0.472244 
0.56701 0.595538 0.5619499999999999 0.51983 0.339826 
0.711528 0.559386 0.628275 0.528313 0.698756 
0.7321839999999999 0.795442 0.702904 0.7687929999999999 0.741088 
0.599158 0.635056 0.718763 0.719031 0.5889529999999999 
0.65573 0.649435 0.730827 0.751584 0.668168 
0.598453 0.736765 0.525343 0.701869 0.707147 
0.788276 0.65587 0.711224 0.766348 0.692246 
0.434767 0.576637 0.43502 0.691792 0.456118 
0.648945 0.426521 0.698637 0.513019 0.631883 
0.405518 0.305622 0.549058 0.41045 0.332723 
0.609521 0.615354 0.712116 0.443831 0.620877 
0.230754 0.432465 0.245968 0.289342 0.382353 
0.521905 0.471468 0.598229 0.637177 0.405322 
0.309659 0.505092 0.511637 0.520065 0.583414 
0.444959 0.47082 0.614975 0.350392 0.714689 
0.338973 0.453629 0.321838 0.592897 0.437674 
0.494071 0.293245 0.424147 0.262345 0.44524 
0.240795 0.552601 0.420856 0.428338 0.487637 
0.297012 0.315245 0.368944 0.449256 0.344761 
0.710735 0.6934979999999999 0.5481200000000001 0.605325 0.607078 
0.372498 0.569401 0.597422 0.415302 0.489547 
0.608073 0.531157 0.49695 0.436003 0.370884 
0.310612 0.445848 0.358021 0.391658 0.5861499999999999 
0.251478 0.321815 0.320297 0.253693 0.234714 
0.53939 0.637816 0.394831 0.647466 0.373512 
0.243031 0.391878 0.284909 0.232311 0.298723 
0.353535 0.59226 0.523782 0.34535 0.518588 
0.686571 0.742244 0.789687 0.694631 0.709328 
0.434675 0.488806 0.620391 0.598153 0.494834 
0.451108 0.664444 0.413624 0.704463 0.501236 
0.275819 0.245983 0.370586 0.305494 0.273623 
0.227728 0.336648 0.304874 0.281663 0.241237 
0.449575 0.722848 0.379823 0.511107 0.575756 
0.729418 0.614321 0.5704320000000001 0.537566 0.621634 
0.620447 0.631483 0.389979 0.691777 0.532842 
0.192305 0.295995 0.215433 0.300118 0.30843 
0.289444 0.32143 0.225637 0.346213 0.201107 
0.786207 0.753529 0.766535 0.722957 0.793427 
0.527027 0.655624 0.615884 0.529069 0.444962 
0.506925 0.557348 0.487358 0.569007 0.725295 
0.706848 0.486446 0.466681 0.629912 0.412075 
0.332374 0.349747 0.221137 0.374534 0.407567 
0.339233 0.596339 0.442708 0.550152 0.383204 
0.601175 0.430824 0.728447 0.602158 0.564092 
0.215203 0.327934 0.261395 0.239979 0.224936 
0.615073 0.613031 0.740606 0.673117 0.750432 
0.312249 0.359733 0.347878 0.478851 0.470374 
0.496984 0.651628 0.370356 0.5965549999999999 0.364004 
0.488205 0.43021 0.459356 0.604393 0.303194 
0.260428 0.233865 0.258103 0.261537 0.334955 
0.757403 0.753313 0.79369 0.765232 0.790335 
0.427649 0.687178 0.495655 0.52097 0.73497 
0.496419 0.626965 0.5693859999999999 0.5228 0.777432 
0.639193 0.615475 0.497992 0.48453 0.631195 
0.46257 0.442994 0.480228 0.65267 0.398519 
0.564735 0.463358 0.570941 0.5848950000000001 0.716876 
0.531482 0.710735 0.451068 0.471316 0.560898 
0.670494 0.778462 0.720615 0.760904 0.789118 
0.588934 0.441898 0.559991 0.501761 0.282407 
0.531087 0.427465 0.543126 0.477987 0.279867 
0.285854 0.42466 0.35641 0.258701 0.305846 
0.451459 0.488886 0.444553 0.526462 0.277836 
0.458532 0.483505 0.702496 0.419531 0.674409 
0.536094 0.70259 0.447222 0.469584 0.600336 
0.425391 0.648559 0.426406 0.431645 0.6858919999999999 
0.673924 0.698514 0.620069 0.521438 0.6897180000000001 
0.392596 0.270063 0.267989 0.417404 0.314375 
0.263819 0.374298 0.5031409999999999 0.326105 0.407767 
0.539369 0.457292 0.274621 0.509283 0.372813 
0.588048 0.496705 0.424735 0.649003 0.299611 
0.545733 0.480492 0.701152 0.368778 0.635279 
0.792975 0.707497 0.820187 0.718399 0.76268 
0.7312380000000001 0.616944 0.707535 0.721566 0.730374 
0.796116 0.639913 0.677075 0.747691 0.688876 
0.493084 0.5618300000000001 0.456532 0.354992 0.393365 
0.386858 0.357117 0.329268 0.363662 0.212463 
0.708017 0.401692 0.688242 0.600672 0.5375450000000001 
0.69529 0.712743 0.788454 0.6883089999999999 0.665188 
0.6116470000000001 0.384581 0.453332 0.401345 0.314812 
0.363613 0.385892 0.616926 0.459536 0.51102 
0.726792 0.622712 0.582163 0.552267 0.506335 
0.624272 0.651518 0.677527 0.663189 0.492539 
0.421417 0.20662 0.413524 0.356087 0.318608 
0.219836 0.339913 0.245788 0.280051 0.208848 
0.666783 0.761453 0.759305 0.661388 0.788091 
0.506884 0.553373 0.293141 0.55982 0.519551 
0.520245 0.356024 0.504579 0.300635 0.328687 
0.575697 0.660891 0.552668 0.5760189999999999 0.75825 
0.425703 0.42663 0.525012 0.620622 0.445586 
0.324555 0.461458 0.551834 0.513443 0.49454 
0.40802 0.393441 0.395797 0.26971 0.262326 
0.37373 0.380235 0.454652 0.323577 0.266334 
0.749042 0.7276629999999999 0.654008 0.742133 0.7752250000000001 
0.634426 0.772302 0.723212 0.6330750000000001 0.795009 
0.376246 0.604219 0.248101 0.512209 0.467759 
0.493102 0.5825129999999999 0.316451 0.425171 0.39401 
0.27727 0.29027 0.188695 0.262244 0.237991 
0.298282 0.1907 0.332729 0.292028 0.237243 
0.528608 0.615321 0.443461 0.7487009999999999 0.59394 
0.694604 0.746879 0.731192 0.707346 0.627067 
0.703524 0.773967 0.728978 0.769575 0.714407 
0.227477 0.284181 0.241988 0.299191 0.20801 
0.6044040000000001 0.429372 0.472323 0.404525 0.316002 
0.771811 0.537728 0.567512 0.673501 0.551305 
0.509316 0.393806 0.29365 0.489687 0.27675 
0.598936 0.369394 0.374685 0.545914 0.447767 
0.649376 0.330746 0.633015 0.433129 0.463179 
0.35765 0.680368 0.320697 0.439651 0.488361 
0.523994 0.438109 0.5029090000000001 0.351622 0.302186 
0.612457 0.383106 0.441384 0.438006 0.559619 
0.619919 0.611263 0.451985 0.718541 0.435904 
0.40033 0.234894 0.344829 0.405735 0.391156 
0.560242 0.6523330000000001 0.35869 0.645885 0.550041 
0.379418 0.387485 0.327048 0.5888600000000001 0.363129 
0.388942 0.541646 0.583528 0.326497 0.557071 
0.183172 0.312182 0.292745 0.233431 0.282106 
0.819512 0.6934360000000001 0.698431 0.735016 0.675532 
0.290044 0.289744 0.212894 0.365791 0.347386 
0.499574 0.443273 0.6393259999999999 0.327908 0.6631320000000001 
0.633923 0.808822 0.661675 0.662821 0.764373 
0.634803 0.361839 0.533988 0.4371 0.309418 
0.507012 0.587529 0.735537 0.508023 0.662402 
0.405002 0.525436 0.54772 0.300413 0.418676 
0.325646 0.416116 0.231639 0.471148 0.420737 
0.684381 0.526188 0.496943 0.592067 0.325861 
0.740463 0.540304 0.5361939999999999 0.6327739999999999 0.606851 
0.271965 0.388166 0.255671 0.434259 0.268616 
0.295308 0.5116039999999999 0.47399 0.481807 0.621455 
0.239114 0.564005 0.426645 0.360256 0.599198 
0.273823 0.51375 0.344747 0.294412 0.426073 
0.690912 0.487745 0.602756 0.381442 0.497118 
0.495429 0.324761 0.460429 0.593481 0.390638 
0.354355 0.665874 0.48778 0.478273 0.496479 
0.640911 0.758204 0.638598 0.64816 0.778201 
0.7062349999999999 0.368285 0.573862 0.531242 0.49896 
0.401621 0.613337 0.613782 0.376342 0.672197 
0.17346 0.273846 0.283202 0.246562 0.301052 
0.353509 0.629004 0.518313 0.429377 0.472271 
0.337021 0.34823 0.456291 0.472793 0.522575 
0.547042 0.542606 0.758992 0.448912 0.590297 
0.178755 0.343376 0.261063 0.302157 0.327633 
0.696867 0.428094 0.677302 0.435004 0.596451 
0.353348 0.423828 0.254959 0.540743 0.291745 
0.488734 0.34271 0.302404 0.368059 0.25336 
0.190799 0.346894 0.27501 0.259961 0.317116 
0.5292750000000001 0.387312 0.382528 0.632526 0.451812 
0.366234 0.29665 0.285203 0.222331 0.340524 
0.6419319999999999 0.500938 0.706179 0.443982 0.65735 
0.38568 0.326077 0.559684 0.398234 0.557178 
0.532704 0.574085 0.57082 0.721543 0.656497 
0.359107 0.470877 0.390961 0.343607 0.6281949999999999 
0.558373 0.671304 0.529749 0.430184 0.6726799999999999 
0.628392 0.666681 0.790789 0.680001 0.658524 
0.54079 0.554794 0.41634 0.426908 0.642039 
0.596245 0.754078 0.5543129999999999 0.750943 0.577955 
0.351267 0.450607 0.259486 0.458407 0.25651 
0.407361 0.5651929999999999 0.442018 0.556017 0.704808 
0.532975 0.749406 0.518588 0.722898 0.63441 
0.516939 0.281464 0.574674 0.471538 0.322838 
0.421046 0.423029 0.216782 0.418084 0.324333 
0.654327 0.481692 0.636965 0.717963 0.598623 
0.389906 0.24699 0.346561 0.367126 0.220215 
0.608107 0.256381 0.571278 0.416732 0.472689 
0.292473 0.445108 0.395587 0.252826 0.515863 
0.776739 0.62578 0.782703 0.691445 0.740127 
0.622541 0.396275 0.688394 0.604981 0.529006 
0.559331 0.513499 0.556287 0.331307 0.411628 
0.646799 0.659753 0.533749 0.7273579999999999 0.7121769999999999 
0.583753 0.275044 0.560312 0.520771 0.393303 
0.499388 0.387962 0.449824 0.260413 0.48918 
0.281789 0.370602 0.325573 0.326731 0.22215 
0.422625 0.455271 0.352097 0.368155 0.623465 
0.455326 0.301492 0.549234 0.283004  0.374 
0.359807 0.291606 0.251788 0.245417 0.317061 
0.323516 0.24514 0.434998 0.366958 0.409559 
0.621781 0.356412 0.635629 0.5841229999999999 0.410986 
0.425609 0.524864 0.649995 0.4931 0.448321 
0.513051 0.469745 0.303724 0.370917 0.37049 
0.226049 0.250251 0.253915 0.183705 0.21813 
0.256372 0.329716 0.354371 0.238822 0.418077 
0.497067 0.597924 0.482099 0.658668 0.689447 
0.485955 0.266687 0.554284 0.371903 0.323974 
0.425214 0.509887 0.685951 0.393374 0.562474 
0.565735 0.516669 0.654999 0.600577 0.748788 
0.363254 0.253474 0.25028 0.35121 0.299946 
0.730472 0.7130570000000001 0.743055 0.763412 0.621372 
0.500526 0.397597 0.409854 0.629258 0.527457 
0.736284 0.647158 0.544845 0.593251 0.542002 
0.259291 0.5156269999999999 0.246992 0.394293 0.416249 
0.25914 0.366941 0.370914 0.214752 0.360986 
0.349168 0.377153 0.203533 0.429457 0.332138 
0.721648 0.501283 0.688872 0.664632 0.669148 
0.581413 0.363361 0.475418 0.308821 0.391767 
0.543015 0.414431 0.59418 0.688898 0.452862 
0.294898 0.57318 0.5052489999999999 0.522943 0.571092 
0.603201 0.324037 0.584848 0.446809 0.631941 
0.209916 0.450576 0.288754 0.334695 0.433591 
0.457718 0.500454 0.541971 0.358295 0.720426 
0.362447 0.44323 0.477895 0.467453 0.647549 
0.266156 0.370339 0.433679 0.225808 0.430465 
0.466292 0.490235 0.238808 0.474685 0.320583 
0.720961 0.664371 0.67006 0.713542 0.526635 
0.646047 0.69929 0.755454 0.675034 0.806875 
0.319194 0.240181 0.340693 0.20273 0.355593 
0.508226 0.499007 0.60953 0.535986 0.35059 
0.726873 0.696044 0.546304 0.708566 0.531599 
0.364744 0.393126 0.561285 0.409064 0.657368 
0.485643 0.372664 0.533563 0.5560580000000001 0.621708 
0.718811 0.571501 0.687063 0.513972 0.540689 
0.26295 0.363933 0.462548 0.408749 0.453618 
0.486271 0.263725 0.340689 0.457711 0.295793 
0.378217 0.7220529999999999 0.40768 0.537689 0.550982 
0.727052 0.501044 0.66245 0.6452369999999999 0.689542 
0.432382 0.326828 0.29258 0.272134 0.30806 
0.364147 0.662421 0.439744 0.442022 0.678217 
0.360776 0.544424 0.585282 0.507524 0.662276 
0.256209 0.586212 0.434511 0.382697 0.493587 
0.391767 0.422032 0.300328 0.322915 0.518256 
0.453341 0.495652 0.376917 0.290445 0.4194 
0.243552 0.397297 0.326055 0.396258 0.261256 
0.313928 0.523021 0.574016 0.398897 0.611565 
0.596334 0.315242 0.423371 0.5189009999999999 0.459491 
0.476279 0.680355 0.432828 0.669232 0.434209 
0.263731 0.353918 0.213748 0.264565 0.377592 
0.515299 0.260242 0.396275 0.439956 0.399209 
0.5566719999999999 0.390905 0.367646 0.478819 0.249283 
0.729741 0.614424 0.519715 0.633663 0.527145 
0.555283 0.5288040000000001 0.746389 0.548516 0.498965 
0.541319 0.333682 0.660829 0.497651 0.478556 
0.354228 0.5131520000000001 0.345933 0.396647 0.628497 
0.621801 0.307954 0.539459 0.343284 0.457411 
0.609996 0.725947 0.491856 0.5596640000000001 0.530492 
0.461312 0.552184 0.28603 0.486875 0.538129 
0.442173 0.661505 0.623596 0.424662 0.538351 
0.454861 0.435997 0.298044 0.542676 0.247957 
0.539478 0.466308 0.671489 0.667685 0.5033609999999999 
0.426232 0.622151 0.580932 0.636323 0.658349 
0.480181 0.495072 0.668431 0.331505 0.563711 
0.413812 0.375761 0.585905 0.288912 0.603128 
0.640107 0.474136 0.657675 0.616426 0.710526 
0.47111 0.247774 0.377058 0.480196 0.276548 
0.426791 0.241829 0.376374 0.261424 0.371497 
0.534915 0.387276 0.670474 0.541822 0.41709 
0.605299 0.423046 0.659157 0.682156 0.536345 
0.629744 0.367096 0.428565 0.461744 0.291532 
0.5519539999999999 0.505291 0.361575 0.380701 0.547401 
0.47848 0.55599 0.499144 0.610406 0.334926 
0.345622 0.474286 0.574871 0.4692 0.379006 
0.736472 0.707237 0.711721 0.614751 0.649838 
0.644268 0.682806 0.621291 0.804681 0.663618 
0.468063 0.63639 0.455829 0.696828 0.648777 
0.194889 0.277217 0.171894 0.241035 0.221969 
0.783056 0.741667 0.803807 0.773423 0.799632 
0.534913 0.627544 0.68097 0.526956 0.770389 
0.458627 0.309785 0.302783 0.341281 0.414667 
0.595751 0.472267 0.357318 0.5504019999999999 0.310823 
0.70599 0.760273 0.744216 0.759504 0.675844 
0.551941 0.739066 0.415217 0.5687410000000001 0.588679 
0.527359 0.641707 0.734372 0.5008010000000001 0.633529 
0.556076 0.593282 0.521142 0.763047 0.559439 
0.334658 0.496605 0.226541 0.44676 0.314243 
0.608367 0.43072 0.654797 0.353434 0.533042 
0.640826 0.597531 0.6074349999999999 0.415248 0.658385 
0.237569 0.440695 0.391663 0.438313 0.334103 
0.428947 0.343439 0.483719 0.454023 0.588798 
0.6438430000000001 0.657801 0.651123 0.723336 0.502691 
0.744978 0.504755 0.553735 0.54372 0.577295 
0.407358 0.428196 0.393579 0.474821 0.631255 
0.739751 0.677584 0.646775 0.619965 0.750008 
0.254948 0.370702 0.452239 0.267361 0.416523 
0.491232 0.284954 0.399792 0.275577 0.361165 
0.379162 0.499877 0.493692 0.648544 0.546008 
0.564314 0.412138 0.286723 0.540001 0.383433 
0.434612 0.397877 0.511668 0.544952 0.322919 
0.412814 0.509306 0.238162 0.437369 0.460337 
0.194598 0.413435 0.306646 0.307179 0.435482 
0.399912 0.317414 0.30748 0.461277 0.232507 
0.575958 0.438096 0.466613 0.66894 0.333916 
0.6010259999999999 0.772925 0.5357150000000001 0.69668 0.595065 
0.638424 0.51104 0.775272 0.499427 0.592419 
0.487669 0.489721 0.693432 0.36776 0.641343 
0.425991 0.599919 0.552995 0.67621 0.601389 
0.449732 0.499804 0.42902 0.695869 0.486795 
0.769524 0.644321 0.602558 0.66261 0.50966 
0.379631 0.306738 0.504035 0.244478 0.527564 
0.619709 0.771767 0.577012 0.668809 0.496918 
0.37461 0.376156 0.570843 0.437761 0.635309 
0.547775 0.284258 0.51363 0.493166 0.537519 
0.57095 0.279357 0.463087 0.342089 0.420153 
0.427284 0.669351 0.588497 0.635068 0.624224 
0.410571 0.342574 0.5111329999999999 0.260815 0.362245 
0.651787 0.76227 0.661115 0.601427 0.751232 
0.539635 0.443504 0.348943 0.350457 0.424108 
0.47846 0.456087 0.7029339999999999 0.403691 0.476417 
0.407556 0.225499 0.321379 0.324668 0.225978 
0.45226 0.759298 0.49186 0.553861 0.676381 
0.353312 0.426838 0.291672 0.358247 0.251502 
0.584542 0.571725 0.650218 0.603529 0.78445 
0.453778 0.610538 0.47658 0.699867 0.434597 
0.274319 0.348501 0.409162 0.244337 0.32762 
0.60543 0.503552 0.503592 0.687817 0.335792 
0.493544 0.612984 0.619821 0.462273 0.43957 
0.440723 0.5562859999999999 0.273917 0.616542 0.513729 
0.7855529999999999 0.75428 0.726769 0.752952 0.768111 
0.626601 0.604148 0.614104 0.5360279999999999 0.765615 
0.544218 0.567986 0.275104 0.515788 0.448819 
0.523084 0.540554 0.559983 0.710107 0.467508 
0.594879 0.358423 0.646374 0.34701 0.567416 
0.492953 0.637404 0.730496 0.5936669999999999 0.61956 
0.222353 0.436794 0.309947 0.394508 0.333308 
0.407659 0.552121 0.568822 0.591987 0.684389 
0.44795 0.34767 0.288197 0.408968 0.47578 
0.619507 0.324975 0.488361 0.593045 0.406432 
0.325194 0.638283 0.371324 0.438683 0.618797 
0.678397 0.594539 0.726212 0.487608 0.675464 
0.232662 0.446473 0.297927 0.337639 0.316897 
0.511002 0.685286 0.410079 0.463616 0.49794 
0.5566410000000001 0.780242 0.559383 0.580971 0.700071 
0.434917 0.744983 0.405837 0.54338 0.550694 
0.341652 0.556012 0.56375 0.328114 0.5203410000000001 
0.492669 0.508443 0.626412 0.571595 0.741259 
0.514891 0.438726 0.290706 0.535897 0.311687 
0.55148 0.505874 0.689158 0.510158 0.7297979999999999 
0.505858 0.616453 0.334593 0.619328 0.567146 
0.735212 0.785737 0.737076 0.753073 0.795803 
0.550374 0.350827 0.432327 0.447529 0.574605 
0.564693 0.503396 0.427061 0.630293 0.624105 
0.401785 0.5334 0.665924 0.446268 0.630453 
0.339673 0.389964 0.49613 0.356583 0.639838 
0.485916 0.276047 0.417384 0.50917 0.286996 
0.49005 0.6471209999999999 0.643214 0.408568 0.576959 
0.257557 0.50022 0.265468 0.350082 0.431246 
0.693802 0.66896 0.820848 0.620524 0.738371 
0.57678 0.54354 0.342991 0.5245030000000001 0.326504 
0.496171 0.501327 0.36265 0.679509 0.472887 
0.473812 0.604093 0.6197549999999999 0.624127 0.733368 
0.481571 0.660317 0.569344 0.654112 0.732425 
0.71123 0.614851 0.506675 0.719986 0.600898 
0.250596 0.191954 0.2571 0.237343 0.274458 
0.628115 0.7729279999999999 0.552912 0.645116 0.712598 
0.289223 0.522761 0.444687 0.517781 0.370888 
0.576965 0.723264 0.6322990000000001 0.535424 0.77547 
0.541672 0.600975 0.632619 0.672296 0.473429 
0.730226 0.477018 0.709242 0.599678 0.672492 
0.520825 0.525263 0.336676 0.508749 0.593866 
0.59102 0.680166 0.645633 0.758489 0.704052 
0.329714 0.411792 0.53327 0.307906 0.389346 
0.306969 0.39004 0.445793 0.450845 0.295035 
0.338937 0.479484 0.5711540000000001 0.30414 0.477816 
0.335005 0.221383 0.254122 0.272832 0.291211 
0.339086 0.281913 0.356947 0.376692 0.197733 
0.669214 0.578051 0.765317 0.491362 0.633559 
0.6775870000000001 0.7531949999999999 0.71436 0.6626880000000001 0.639463 
0.490316 0.733384 0.357674 0.5755209999999999 0.583434 
0.557656 0.620262 0.510482 0.72306 0.401109 
0.621448 0.547802 0.588627 0.545482 0.338516 
0.58456 0.661075 0.636099 0.611878 0.456135 
0.652249 0.493147 0.716334 0.621398 0.496597 
0.585327 0.712731 0.419806 0.629873 0.611291 
0.416143 0.297707 0.48401 0.276007 0.30274 
0.437595 0.496383 0.255432 0.580427 0.452457 
0.612937 0.566299 0.594152 0.445448 0.398024 
0.293001 0.307146 0.270722 0.256109 0.220384 
0.523857 0.308118 0.512929 0.5354370000000001 0.522328 
0.484569 0.241254 0.489824 0.396932 0.264712 
0.53672 0.588981 0.300275 0.599212 0.460498 
0.766378 0.558442 0.665917 0.7105590000000001 0.518504 
0.259231 0.242393 0.305132 0.368585 0.300485 
0.531515 0.392881 0.681186 0.356259 0.515876 
0.490359 0.700834 0.571713 0.42133 0.646347 
0.745213 0.7302729999999999 0.790777 0.684389 0.700499 
0.594901 0.606769 0.6451789999999999 0.527217 0.774864 
0.205374 0.363726 0.298903 0.224023 0.294875 
0.707041 0.578379 0.687627 0.486907 0.5822889999999999 
0.540551 0.6465959999999999 0.626391 0.580169 0.803104 
0.555185 0.795188 0.526223 0.616534 0.644344 
0.452014 0.366842 0.504986 0.345235 0.630421 
0.393853 0.392042 0.627765 0.343339 0.630098 
0.301007 0.425194 0.289202 0.325753 0.517809 
0.533538 0.682501 0.630261 0.444722 0.545119 
0.361814 0.530668 0.375188 0.276024 0.498573 
0.64789 0.490765 0.52666 0.5726869999999999 0.293259 
0.589676 0.777568 0.551791 0.730495 0.623014 
0.573865 0.499074 0.354633 0.631551 0.350742 
0.405278 0.398878 0.407348 0.332434 0.616575 
0.499387 0.650583 0.494057 0.738911 0.495098 
0.38812 0.353706 0.498402 0.217041 0.495785 
0.500857 0.612165 0.727819 0.465106 0.64036 
0.367959 0.269054 0.264688 0.260254 0.243287 
0.5707179999999999 0.644996 0.600364 0.599073 0.798976 
0.512093 0.47718 0.444447 0.413114 0.285351 
0.669444 0.442051 0.460092 0.608328 0.314884 
0.361619 0.229119 0.347886 0.282155 0.210528 
0.191583 0.249334 0.256741 0.198042 0.256425 
0.437513 0.481148 0.513137 0.659116 0.440882 
0.500591 0.42064 0.445272 0.410238 0.236592 
0.686269 0.365737 0.687235 0.583705 0.558812 
0.495562 0.322841 0.575102 0.265667 0.506235 
0.294424 0.445017 0.262033 0.458906 0.465986 
0.458841 0.417283 0.283928 0.482755 0.494995 
0.359299 0.502115 0.220586 0.485333 0.438693 
0.337868 0.52716 0.480305 0.431853 0.665404 
0.661857 0.579419 0.622247 0.490908 0.439807 
0.271095 0.40326 0.322529 0.278678 0.26744 
0.413678 0.350259 0.259054 0.540956 0.336008 
0.305679 0.535487 0.299821 0.463365 0.342995 
0.360066 0.234884 0.469121 0.290785 0.358935 
0.571285 0.731802 0.672824 0.677667 0.796196 
0.294717 0.277271 0.392199 0.214874 0.395974 
0.667612 0.788103 0.633396 0.685542 0.768429 
0.421984 0.743167 0.474818 0.612372 0.545105 
0.483263 0.302404 0.386411 0.350927 0.513609 
0.537218 0.277261 0.379848 0.405576 0.307097 
0.6325460000000001 0.729818 0.712027 0.7050999999999999 0.589522 
0.309625 0.290935 0.238091 0.417197 0.263473 
0.370708 0.434248 0.352482 0.581279 0.324106 
0.657149 0.460221 0.643259 0.567392 0.365932 
0.303585 0.398866 0.572864 0.359848 0.507521 
0.480926 0.762913 0.580558 0.628014 0.711884 
0.278984 0.520298 0.490213 0.477577 0.487954 
0.342787 0.5195109999999999 0.548994 0.338926 0.441331 
0.665371 0.600637 0.402281 0.63219 0.500946 
0.41039 0.345574 0.473773 0.586822 0.419423 
0.645546 0.71871 0.589538 0.529848 0.555722 
0.559225 0.473425 0.641616 0.349461 0.642742 
0.390907 0.394599 0.3913 0.397957 0.222159 
0.635921 0.432608 0.550156 0.389091 0.344247 
0.53051 0.572014 0.492865 0.498704 0.722526 
0.282522 0.486523 0.37783 0.496563 0.327307 
0.33685 0.650282 0.340972 0.546783 0.5700539999999999 
0.685396 0.5863120000000001 0.586514 0.619065 0.752275 
0.646996 0.7461680000000001 0.508436 0.701843 0.643669 
0.603235 0.755515 0.6331560000000001 0.713693 0.765224 
0.544008 0.384664 0.41866 0.292193 0.396903 
0.5311399999999999 0.455801 0.400619 0.538183 0.250414 
0.496552 0.368698 0.304169 0.326494 0.297033 
0.6031260000000001 0.349323 0.582279 0.468719 0.319837 
0.382049 0.600745 0.537112 0.619447 0.483046 
0.473403 0.518934 0.5048010000000001 0.493787 0.305029 
0.579531 0.396805 0.374298 0.380739 0.333225 
0.511184 0.287809 0.481859 0.511907 0.478793 
0.457541 0.392795 0.425347 0.239595 0.504969 
0.542415 0.440887 0.746037 0.485912 0.564389 
0.264222 0.318257 0.23068 0.214781 0.303591 
0.51763 0.528215 0.481774 0.599345 0.696447 
0.486157 0.260884 0.543104 0.385319 0.531575 
0.680874 0.673986 0.636279 0.595324 0.7639280000000001 
0.667927 0.590427 0.561288 0.537505 0.707185 
0.626209 0.564493 0.47654 0.705762 0.383535 
0.514383  0.362 0.49789 0.402064 0.251132 
0.356392 0.387608 0.550963 0.369398 0.63778 
0.558349 0.683011 0.689837 0.71113 0.585044 
0.375894 0.311218 0.533421 0.270864 0.536062 
0.414105 0.389102 0.472889 0.220112 0.435804 
0.496957 0.717204 0.549569 0.661498 0.498853 
0.691502 0.41873 0.572797 0.530814 0.356618 
0.286592 0.604132 0.458212 0.482433 0.647412 
0.227154 0.278146 0.226234 0.192755 0.29505 
0.6360980000000001 0.485058 0.389862 0.448735 0.520547 
0.643733 0.54061 0.590187 0.395809 0.6383529999999999 
0.32945 0.223012 0.374401 0.313818 0.385874 
0.541287 0.42078 0.736219 0.456715 0.530358 
0.426705 0.473081 0.619904 0.343614 0.687992 
0.63761 0.5664400000000001 0.722402 0.6787300000000001 0.542187 
0.58175 0.618115 0.39251 0.6489819999999999 0.403143 
0.267431 0.386516 0.206137 0.28106 0.347514 
0.521608 0.241234 0.528645 0.441044 0.451404 
0.704497 0.515184 0.661484 0.736459 0.585493 
0.725982 0.759259 0.618919 0.669665 0.657591 
0.251355 0.172522 0.255851 0.246009 0.229086 
0.421022 0.298581 0.581584 0.369867 0.468526 
0.721676 0.5770650000000001 0.78166 0.668507 0.610301 
0.613224 0.771176 0.632597 0.558519 0.693234 
0.700247 0.430004 0.55832 0.47445 0.427102 
0.719094 0.5943040000000001 0.560866 0.567196 0.429022 
0.329378 0.260429 0.438296 0.239272 0.342053 
0.586156 0.699553 0.752138 0.650053 0.753557 
0.474512 0.56303 0.709444 0.538046 0.7308829999999999 
0.440612 0.257278 0.311765 0.426073 0.356123 
0.516302 0.742955 0.627316 0.630082 0.7680900000000001 
0.568564 0.509399 0.72274 0.417031 0.670011 
0.585467 0.5653820000000001 0.417652 0.659882 0.607634 
0.544126 0.58102 0.708622 0.655481 0.527481 
0.667696 0.481406 0.592502 0.525427 0.355084 
0.451389 0.372773 0.255528 0.459724 0.263739 
0.608351 0.578869 0.76104 0.474279 0.585348 
0.583233 0.587293 0.722616 0.509373 0.737755 
0.531941 0.531042 0.638871 0.382645 0.7317900000000001 
0.747829 0.509839 0.647294 0.532921 0.540982 
0.247477 0.323512 0.175847 0.303512 0.31026 
0.5862579999999999 0.530552 0.766214 0.465222 0.603737 
0.5282520000000001 0.5074379999999999 0.585833 0.668726 0.6617729999999999 
0.737565 0.520149 0.554538 0.543371 0.438624 
0.532335 0.452792 0.410512 0.541941 0.634649 
0.646767 0.581889 0.638858 0.699468 0.448902 
0.689459 0.495399 0.601753 0.630291 0.392845 
0.223275 0.436621 0.251985 0.44825 0.331605 
0.436619 0.289215 0.535062 0.465524 0.321176 
0.30653 0.215882 0.258261 0.290121 0.208001 
0.462481 0.586529 0.654752 0.515256 0.446515 
0.784965 0.542336 0.712149 0.634379 0.54281 
0.669929 0.335394 0.568516 0.535434 0.459096 
0.483985 0.301682 0.436277 0.259201 0.342578 
0.392078 0.385105 0.515759 0.234518 0.421619 
0.683446 0.587858 0.731894 0.539326 0.7395929999999999 
0.226653 0.250015 0.248473 0.238092 0.203354 
0.6875250000000001 0.525757 0.521998 0.666552 0.376069 
0.695783 0.700311 0.688371 0.8179650000000001 0.676528 
0.435669 0.57775 0.456258 0.705318 0.576855 
0.58975 0.649848 0.447108 0.541691 0.413103 
0.675188 0.775683 0.679852 0.732061 0.792743 
0.45648 0.6367350000000001 0.551379 0.431891 0.459678 
0.369658 0.369971 0.566219 0.489143 0.471981 
0.280558 0.219744 0.211075 0.254059 0.234095 
0.403772 0.464163 0.484841 0.258172 0.522645 
0.38666 0.504641 0.208004 0.473892 0.404309 
0.493134 0.554858 0.485323 0.69609 0.653918 
0.671005 0.562485 0.628508 0.7538629999999999 0.511787 
0.363223 0.415941 0.225398 0.31052 0.362906 
0.246842 0.290167 0.440037 0.255354 0.399051 
0.395079 0.288473 0.377984 0.454312 0.231733 
0.223002 0.272997 0.205694 0.24213 0.283511 
0.764195 0.688527 0.6501169999999999 0.764131 0.603241 
0.361792 0.31231 0.334126 0.443493 0.484089 
0.627762 0.349367 0.691388 0.511516 0.487788 
0.629731 0.624424 0.675245 0.5699 0.430152 
0.438657 0.488885 0.320261 0.330717 0.495239 
0.53844 0.614743 0.733067 0.480209 0.544118 
0.296744 0.64057 0.40753 0.512294 0.529184 
0.761601 0.584948 0.776235 0.658626 0.712095 
0.8076950000000001 0.657018 0.693703 0.7123119999999999 0.620882 
0.373226 0.370039 0.566792 0.261562 0.467058 
0.434779 0.350292 0.227696 0.41463 0.313089 
0.323106 0.646272 0.391896 0.562102 0.5520389999999999 
0.383452 0.299799 0.337195 0.268485 0.457267 
0.5667489999999999 0.434265 0.347261 0.640727 0.331868 
0.457198 0.571747 0.44777 0.437105 0.703061 
0.212282 0.358063 0.297654 0.388632 0.318413 
0.490379 0.539394 0.37813 0.376737 0.592456 
0.45197 0.63096 0.333351 0.465086 0.380216 
0.364724 0.51374 0.296642 0.5045230000000001 0.546315 
0.626368 0.65537 0.420999 0.623874 0.474775 
0.663137 0.632937 0.476691 0.5229549999999999 0.503252 
0.492093 0.649191 0.322911 0.576415 0.416439 
0.5762620000000001 0.78021 0.612381 0.610299 0.768137 
0.49418 0.448153 0.690317 0.542255 0.48396 
0.509101 0.503232 0.719803 0.624816 0.628138 
0.458905 0.281444 0.308787 0.286712 0.340785 
0.518518 0.414435 0.457152 0.333663 0.594861 
0.737157 0.5629459999999999 0.662819 0.482268 0.594328 
0.700388 0.433521 0.6074000000000001 0.447285 0.451124 
0.722519 0.542863 0.601065 0.524345 0.429544 
0.512062 0.473391 0.593149 0.382897 0.727787 
0.775309 0.524251 0.700142 0.618501 0.636113 
0.389681 0.254247 0.353875 0.475187 0.332206 
0.780966 0.805319 0.754959 0.755516 0.765184 
0.521911 0.32774 0.481198 0.267479 0.487968 
0.547136 0.60504 0.484675 0.541053 0.320376 
0.520019 0.6698769999999999 0.533962 0.682074 0.718279 
0.704836 0.490746 0.489572 0.503065 0.382474 
0.500314 0.635435 0.688704 0.651349 0.575352 
0.621682 0.801875 0.578167 0.681307 0.652479 
0.693986 0.59916 0.49421 0.611416 0.637713 
0.670755 0.729722 0.680785 0.797332 0.731603 
0.451843 0.40401 0.271304 0.324842 0.30702 
0.628145 0.538455 0.630697 0.43388 0.709916 
0.455139 0.632856 0.329794 0.473798 0.382496 
0.6094619999999999 0.800872 0.6408 0.7789160000000001 0.700658 
0.777558 0.740994 0.798683 0.684667 0.761989 
0.452626 0.371634 0.625606 0.52035 0.468189 
0.571918 0.520784 0.668791 0.344815 0.5837059999999999 
0.609534 0.309443 0.480444 0.435866 0.335898 
0.754819 0.497206 0.628208 0.6654099999999999 0.608658 
0.438164 0.314285 0.594462 0.452214 0.508372 
0.519217 0.491567 0.459504 0.65815 0.308994 
0.534905 0.377869 0.552289 0.300084 0.600871 
0.655373 0.6520359999999999 0.412127 0.669049 0.559487 
0.281816 0.590001 0.382176 0.5280280000000001 0.441083 
0.6319630000000001 0.744999 0.641771 0.786289 0.704268 
0.537043 0.522099 0.741103 0.506611 0.700375 
0.459293 0.279992 0.461023 0.38231 0.227023 
0.756103 0.627534 0.78082 0.655263 0.7568589999999999 
0.275556 0.5039360000000001 0.290379 0.339735 0.494081 
0.675838 0.504925 0.436314 0.620624 0.362787 
0.344508 0.256475 0.487582 0.249162 0.420267 
0.705384 0.581079 0.65448 0.76951 0.619615 
0.299275 0.310629 0.342699 0.341865 0.491009 
0.795526 0.6277470000000001 0.762544 0.7418940000000001 0.673783 
0.314255 0.338157 0.207942 0.395414 0.244467 
0.646848 0.583855 0.697882 0.4868 0.514095 
0.474116 0.62239 0.553516 0.434124 0.729175 
0.483778 0.558217 0.386918 0.593231 0.642195 
0.696929 0.589589 0.730748 0.650359 0.52245 
0.520669 0.34491 0.6450669999999999 0.507518 0.559634 
0.316204 0.436344 0.455637 0.556167 0.458281 
0.642571 0.404546 0.512816 0.660701 0.389049 
0.247657 0.466263 0.242878 0.435882 0.413884 
0.368107 0.649192 0.451289 0.540997 0.696875 
0.387428 0.5448229999999999 0.646045 0.531868 0.526458 
0.5062179999999999 0.51048 0.3555 0.351204 0.432154 
0.554154 0.69341 0.671628 0.6710930000000001 0.774398 
0.274692 0.199081 0.265348 0.268685 0.210825 
0.482871 0.7172539999999999 0.5837059999999999 0.498038 0.702094 
0.512439 0.410039 0.55025 0.507709 0.301512 
0.395987 0.285012 0.417106 0.356318 0.521464 
0.799081 0.618062 0.662376 0.674509 0.677827 
0.229711 0.45528 0.426585 0.318394 0.489812 
0.577775 0.731213 0.478718 0.745042 0.556168 
0.547131 0.395295 0.610643 0.550106 0.660786 
0.208365 0.326201 0.303953 0.336658 0.384484 
0.460639 0.377741 0.355573 0.468385 0.574193 
0.734155 0.667981 0.739654 0.77942 0.641946 
0.486219 0.5167119999999999 0.653756 0.612707 0.461389 
0.6363799999999999 0.532314 0.421453 0.442838 0.455696 
0.437311 0.387331 0.255834 0.56235 0.301533 
0.287299 0.326323 0.206768 0.303167 0.219633 
0.569292 0.601965 0.756485 0.5109629999999999 0.715802 
0.650111 0.402116 0.425334 0.586714 0.548333 
0.485029 0.393666 0.291014 0.578452 0.378155 
0.43589 0.296198 0.275205 0.325535 0.362766 
0.470275 0.615626 0.315562 0.638629 0.459797 
0.450327 0.408482 0.237454 0.407682 0.381351 
0.771404 0.714593 0.7063120000000001 0.806122 0.707718 
0.7166670000000001 0.686302 0.631597 0.613614 0.549247 
0.396696 0.579948 0.585767 0.428268 0.429062 
0.407926 0.423041 0.651819 0.505439 0.624728 
0.499039 0.45899 0.6850349999999999 0.352942   0.52 
0.607721 0.660021 0.386707 0.522831 0.494716 
0.584568 0.545789 0.770859 0.51332 0.617963 
0.420678 0.562474 0.511413 0.357569 0.390174 
0.316875 0.469912 0.594392 0.424294 0.525098 
0.54472 0.41288 0.642059 0.536202 0.687185 
0.5362479999999999 0.582757 0.333019 0.423085 0.518991 
0.610107 0.696373 0.703901 0.701457 0.803603 
0.560341 0.652956 0.564711 0.468777 0.743233 
0.494058   0.25 0.526475 0.375868 0.28691 
0.447936 0.638463 0.548588 0.600516 0.751933 
0.704907 0.801989 0.627615 0.775062 0.6583290000000001 
0.573018 0.6525030000000001 0.74953 0.495191 0.696256 
0.415187 0.215763 0.432025 0.2686 0.399391 
0.34157 0.26192 0.242654 0.333754 0.214427 
0.573194 0.775628 0.566183 0.764026 0.632116 
0.289147 0.25098 0.416283 0.281881 0.418383 
0.578515 0.341637 0.336988 0.479591 0.376692 
0.638074 0.413071 0.408098 0.549614 0.33943 
0.191354 0.259441 0.192748 0.241907 0.250863 
0.591422 0.3722 0.537641 0.415983 0.622735 
0.632477 0.568336 0.404324 0.659223 0.415561 
0.326535 0.614722 0.516525 0.419253 0.49317 
0.525687 0.659009 0.463669 0.586808 0.7285700000000001 
0.575778 0.588301 0.719796 0.662327 0.535123 
0.51023 0.355265 0.615102 0.3308 0.377526 
0.512381 0.275352 0.531699 0.265724 0.398651 
0.317357 0.361491 0.292185 0.477335 0.245627 
0.619958 0.459103 0.567209 0.33435 0.549079 
0.6910849999999999 0.784108 0.603472 0.7226630000000001 0.610061 
0.405443 0.640555 0.403717 0.607754 0.640343 
0.603512 0.473169 0.700838 0.578521 0.436926 
0.246074 0.45444 0.34648 0.446748 0.48935 
0.359124 0.369511 0.372548 0.398256 0.219346 
0.329954 0.253637 0.262987 0.385209 0.285915 
0.460981 0.349145 0.2798 0.379151 0.461465 
0.543983 0.677321 0.350766 0.682497 0.50224 
0.581918 0.583547 0.617451 0.712444 0.693702 
0.336585 0.444122 0.396782 0.334703 0.271072 
0.547303 0.71155 0.434321 0.669937 0.616795 
0.254605 0.193729 0.287739 0.241646 0.208208 
0.722998 0.758669 0.699325 0.6270289999999999 0.743605 
0.691062 0.788922 0.680391 0.764229 0.7606889999999999 
0.572496 0.333707 0.447113 0.537868 0.309769 
0.447369 0.764841 0.498247 0.555436 0.588089 
0.602974 0.350963 0.5931 0.429884 0.339702 
0.670254 0.458777 0.7497779999999999 0.467984 0.537042 
0.519962 0.536868 0.406752 0.5572859999999999 0.284853 
0.504962 0.584444 0.610869 0.675647 0.67892 
0.346767 0.35881 0.293884 0.422816 0.521716 
0.34182 0.338371 0.383546 0.439762 0.231539 
0.26778 0.366315 0.329282 0.350545 0.5058319999999999 
0.482605 0.706496 0.517006 0.6456809999999999 0.722199 
0.420964 0.35846 0.323092 0.256827 0.331382 
0.509192 0.427454 0.666143 0.374573 0.409225 
0.739537 0.530626 0.681412 0.488946 0.587585 
0.36205 0.463098 0.304435 0.526735 0.270517 
0.483245 0.288167 0.341616 0.517176 0.325564 
0.684904 0.72456 0.541486 0.713321 0.523742 
0.793381 0.735725 0.7243540000000001 0.734801 0.757962 
0.398975 0.561133 0.46921 0.5187659999999999 0.321357 
0.310389 0.503895 0.341445 0.307751 0.579349 
0.590596 0.266489 0.601575 0.404586 0.477337 
0.437566 0.596312 0.508165 0.334954 0.628408 
0.331326 0.326439 0.273042 0.472309 0.372618 
0.376702 0.38053 0.350714 0.378489 0.211683 
0.349317 0.383793 0.592627 0.464233 0.529013 
0.669281 0.499477 0.668999 0.567058 0.730995 
0.295266 0.458863 0.576406 0.416036 0.533286 
0.275528 0.170982 0.278174 0.223774 0.236909 
0.407739 0.433105 0.551791 0.591685 0.477184 
0.518263 0.496014 0.357515 0.453036 0.283926 
0.698418 0.591414 0.516913 0.737791 0.471317 
0.695919 0.474249 0.510873 0.500669 0.5979370000000001 
0.345158 0.616866 0.400002 0.594762 0.383043 
0.308893 0.414999 0.249336 0.384822 0.235296 
0.604362 0.483079 0.737363 0.644512 0.546112 
0.318735 0.406039 0.5489810000000001 0.273758 0.479188 
0.429843 0.503186 0.485728 0.670239 0.5642200000000001 
0.631634 0.693408 0.637805 0.491043 0.562348 
0.346278 0.468451 0.378302 0.474946 0.620282 
0.52945 0.611337 0.416053 0.736123 0.470783 
0.519034 0.459158 0.476582 0.510939 0.259381 
0.383337 0.272666 0.252819 0.38528 0.316183 
0.298517 0.539592 0.420259 0.549789 0.421925 
0.21301 0.278941 0.19401 0.310588 0.219726 
0.316356 0.340551 0.228525 0.258588 0.237135 
0.346932 0.260593 0.341385 0.216298 0.285705 
0.627064 0.714331 0.523456 0.722759 0.694759 
0.450774 0.486792 0.592094 0.462095 0.353265 
0.382663 0.308622 0.37503 0.226045 0.433675 
0.340941 0.397409 0.33918 0.230259 0.453388 
0.339079 0.498711 0.45037 0.276212 0.575442 
0.640544 0.48199 0.401913 0.461581 0.439394 
0.247861 0.430592 0.342631 0.339373 0.274811 
0.344486 0.507863 0.258461 0.534007 0.423515 
0.696003 0.431993 0.5749069999999999 0.433179 0.51451 
0.457527 0.398041 0.631641 0.5477919999999999 0.567058 
0.247465 0.21518 0.286301 0.21229 0.21577 
0.430156 0.394104 0.581294 0.453346 0.320071 
0.250673 0.508785 0.336212 0.444627 0.50549 
0.772028 0.625447 0.73513 0.595988 0.632512 
0.677026 0.69097 0.683456 0.766181 0.559818 
0.516433 0.501329 0.724526 0.409319 0.65133 
0.441777 0.354208 0.235123 0.413333 0.349961 
0.452453 0.436059 0.359392 0.631772 0.483353 
0.263471 0.451654 0.24069 0.341789 0.322072 
0.560628 0.409966 0.697496 0.389391 0.408608 
0.685432 0.473495 0.654313 0.565474 0.391788 
0.34993 0.514695 0.408207 0.42742 0.660004 
0.316396 0.499989 0.209528 0.450137 0.349731 
0.375044 0.6871699999999999 0.417419 0.603282 0.470663 
0.681589 0.6796180000000001 0.748059 0.745598 0.765679 
0.367434 0.47626 0.198231 0.482007 0.390743 
0.300603 0.306279 0.324693 0.278668 0.452659 
0.503933 0.746868 0.488376 0.535222 0.687476 
0.467786 0.6479009999999999 0.63176 0.574265 0.472459 
0.324159 0.50701 0.426973 0.539469 0.341352 
0.509139 0.350448 0.469609 0.256794 0.349961 
0.263272 0.409544 0.203631 0.341223 0.279401 
0.591103 0.584943 0.506386 0.620159 0.318599 
0.51309 0.380193 0.329052 0.583519 0.411167 
0.730704 0.690982 0.744287 0.786166 0.732654 
0.70589 0.483017 0.715127 0.483984 0.506153 
0.540697 0.517448 0.512768 0.298103 0.441013 
0.462595 0.658547 0.53222 0.574638 0.421007 
0.599068 0.494956 0.71205 0.692348 0.564842 
0.653816 0.5993039999999999 0.389953 0.572716 0.552658 
0.550472 0.413291 0.508853 0.491153 0.719836 
0.497574 0.440314 0.490942 0.686192 0.48963 
0.204029 0.249294 0.218568 0.201143 0.215171 
0.6967 0.605116 0.453842 0.66278 0.572176 
0.710361 0.629399 0.759096 0.623402 0.764188 
0.732391 0.653157 0.629242 0.778463 0.681548 
0.553375 0.406338 0.303959 0.485396 0.340459 
0.535785 0.727714 0.582837 0.603546 0.486799 
0.399562 0.388898 0.462597 0.38944 0.258872 
0.641617 0.330603 0.636836 0.484044 0.42652 
0.63158 0.46707 0.632022 0.670721 0.419629 
0.707955 0.545146 0.570859 0.522653 0.666761 
0.497581 0.42458 0.425747 0.5613899999999999 0.615554 
0.759029 0.701613 0.689258 0.68569 0.766662 
0.582378 0.367786 0.709582 0.485133 0.48117 
0.735492 0.659962 0.7538280000000001 0.734909 0.6153999999999999 
0.722646 0.5182290000000001 0.5142640000000001 0.591128 0.603178 
0.561098 0.701564 0.374355 0.673233 0.527571 
0.535268 0.574188 0.750842 0.459267 0.595203 
0.465267 0.749555 0.612899 0.546776 0.606966 
0.715055 0.553874 0.518873 0.548581 0.401031 
0.413478 0.375088 0.437477 0.226922 0.380081 
0.446544 0.655331 0.295111 0.418111 0.530451 
0.195946 0.348735 0.310644 0.277182 0.289295 
0.526192 0.285347 0.435254 0.390759 0.273648 
0.619502 0.558225 0.749296 0.649848 0.712977 
0.412702 0.599604 0.568798 0.536324 0.730405 
0.694347 0.727259 0.588432 0.74444 0.747619 
0.464273 0.338415 0.6105660000000001 0.302927 0.593279 
0.264978 0.326335 0.433795 0.309863 0.310581 
0.518981 0.701488 0.697481 0.534477 0.56811 
0.704196 0.509309 0.614943 0.439142 0.610513 
0.661991 0.640738 0.582689 0.738278 0.726709 
0.49076 0.366932 0.594187 0.50265 0.641415 
0.6175079999999999 0.354792 0.397881 0.48183 0.426863 
0.406609 0.454269 0.422337 0.63571 0.545496 
0.314269 0.396459 0.515036 0.389121 0.6081800000000001 
0.606851 0.451639 0.366122 0.419315 0.437278 
0.267581 0.227187 0.306772 0.30694 0.219435 
0.674126 0.417441 0.576804 0.523746 0.637298 
0.568877 0.619406 0.367699 0.478788 0.572139 
0.257781 0.286163 0.361184 0.32312 0.259672 
0.575473 0.375266 0.668033 0.347912 0.456238 
0.374349 0.463003 0.514721 0.424456 0.323347 
0.553435 0.292446 0.428154 0.410378 0.466211 
0.333957 0.337778 0.220194 0.287825 0.339942 
0.776092 0.580349 0.718297 0.6017980000000001 0.562045 
0.6185389999999999 0.534266 0.549197 0.749156 0.5083029999999999 
0.338195 0.271244 0.476216 0.309122 0.493715 
0.546509 0.513854 0.366156 0.609364 0.574062 
0.555005 0.346075 0.652574 0.450715 0.60003 
0.307727 0.65367 0.397421 0.464197 0.6492869999999999 
0.560584 0.461742 0.30348 0.570346 0.43422 
0.348556 0.509552 0.302028 0.487609 0.273441 
0.672594 0.757024 0.629033 0.712379 0.777826 
0.522501 0.30645 0.585575 0.306569 0.424418 
0.347937 0.463864 0.261219 0.311549 0.465689 
0.584279 0.581109 0.696506 0.713865 0.627553 
0.352414 0.377494 0.565256 0.485213 0.527574 
0.388262 0.445531 0.274792 0.595625 0.447469 
0.495195 0.607216 0.333957 0.528903 0.352887 
0.51638 0.710557 0.528682 0.464504 0.687517 
0.661108 0.748391 0.542084 0.791801 0.627649 
0.609915 0.548632 0.413896 0.749348 0.53935 
0.676294 0.601099 0.778603 0.594493 0.606758 
0.71277 0.758514 0.785853 0.677168 0.730953 
0.465867 0.585346 0.596668 0.457805 0.743501 
0.479501 0.326533 0.6441789999999999 0.359448 0.559976 
0.463738 0.577137 0.545529 0.554021 0.765801 
0.448245 0.500214 0.256552 0.410174 0.467037 
0.275878 0.306101 0.375535 0.276594 0.241184 
0.68289 0.723391 0.740075 0.5984120000000001 0.777541 
0.213501 0.497749 0.341795 0.323752 0.401695 
0.286146 0.433392 0.264025 0.449667 0.464255 
0.381547 0.325535 0.483112 0.36544 0.25725 
0.368961 0.523362 0.346308 0.441586 0.6439009999999999 
0.558504 0.548588 0.367282 0.418116 0.368676 
0.649072 0.752229 0.771685 0.711248 0.745412 
0.363724 0.268989 0.468453 0.218861 0.380999 
0.799175 0.75205 0.753589 0.783185 0.709515 
0.483075 0.342675 0.384972 0.338076 0.5209510000000001 
0.747258 0.716266 0.744852 0.695828 0.640126 
0.377799 0.522894 0.486821 0.628885 0.406187 
0.37883 0.647126 0.430702 0.622631 0.632926 
0.447931 0.295159 0.484093 0.241212 0.47309 
0.425482 0.375997 0.428537 0.309249 0.586284 
0.256014 0.399217 0.327059 0.240372 0.446957 
0.649075 0.516137 0.395175 0.63745 0.509331 
0.64173 0.630162 0.67505 0.780415 0.68364 
0.690439 0.550603 0.653047 0.49229 0.46339 
0.649062 0.489597 0.740681 0.664377 0.58209 
0.690742 0.693636 0.794238 0.722294 0.734972 
0.24926 0.345133 0.277981 0.248179 0.401008 
0.307177 0.5760960000000001 0.578556 0.393741 0.617729 
0.39539 0.359166 0.407415 0.576493 0.506009 
0.716214 0.366242 0.649109 0.500403 0.456664 
0.445439 0.556949 0.371098 0.665844 0.371949 
0.376996 0.595006 0.616631 0.547361 0.55394 
0.311258 0.253642 0.422483 0.270064 0.479388 
0.416589 0.515389 0.254694 0.515694 0.324881 
0.195978 0.346726 0.319709 0.311562 0.316519 
0.42848 0.648661 0.676522 0.433969 0.624813 
0.614339 0.547696 0.631451 0.752712 0.56556 
0.400911 0.200236 0.323529 0.330948 0.30957 
0.358662 0.555133 0.526276 0.573677 0.375359 
0.699441 0.464951 0.6666260000000001 0.506394 0.434605 
0.416487 0.455146 0.50069 0.341627 0.320385 
0.649934 0.763621 0.578763 0.756653 0.715952 
0.447168 0.346563 0.459093 0.505002 0.26615 
0.408635 0.564064 0.459048 0.331399 0.413286 
0.35438 0.25692 0.231763 0.321364 0.273844 
0.348397 0.433411 0.323378 0.261032 0.330042 
0.551133 0.254752 0.48675 0.453532 0.46542 
0.404912 0.521321 0.419531 0.417502 0.690176 
0.524376 0.599692 0.689202 0.537563 0.759924 
0.395273 0.415008 0.332349 0.310117 0.53381 
0.7904600000000001 0.735029 0.678137 0.748455 0.722776 
0.526299 0.306553 0.509009 0.324216 0.532671 
0.498664 0.339245 0.63415 0.414542 0.401673 
0.235005 0.218009 0.28009 0.258814 0.308576 
0.802655 0.75185 0.752123 0.767937 0.726869 
0.388181 0.345512 0.280223 0.295939 0.239931 
0.610235 0.704566 0.576993 0.715727 0.742752 
0.32106 0.395822 0.276768 0.374184 0.516174 
0.658752 0.422519 0.431522 0.52123 0.378086 
0.56329 0.623327 0.5204800000000001 0.377081 0.53803 
0.493395 0.761309 0.504293 0.545127 0.603427 
0.413669 0.630221 0.319822 0.481916 0.568784 
0.321399 0.287456 0.185299 0.322849 0.257935 
0.737262 0.642686 0.651327 0.672413 0.492969 
0.559841 0.361458 0.381395 0.405211 0.517561 
0.679106 0.415939 0.5914970000000001 0.65269 0.447712 
0.626212 0.313254 0.513449 0.388802 0.511817 
0.730797 0.5280589999999999 0.76225 0.569632 0.646717 
0.387874 0.284346 0.428323 0.504717 0.36391 
0.297372 0.523949 0.322738 0.354244 0.335186 
0.324544 0.564773 0.302534 0.531814 0.497157 
0.348873 0.218852 0.358075 0.229987 0.291941 
0.579624 0.459369 0.739486 0.541834 0.470715 
0.532473 0.5318619999999999 0.493061 0.38157 0.683725 
0.506437 0.607595 0.389177 0.389463 0.484484 
0.34847 0.5427920000000001 0.360016 0.384264 0.307743 
0.265867 0.419601 0.29438 0.473896 0.459216 
0.764165 0.446825 0.639741 0.628228 0.555543 
0.389629 0.321085 0.371168 0.197368 0.383141 
0.645601 0.770871 0.714201 0.72777 0.689179 
0.542384 0.526701 0.332866 0.5445449999999999 0.553654 
0.403042 0.653715 0.653786 0.507513 0.691381 
0.631602 0.673635 0.759146 0.681655 0.601997 
0.352059 0.5373520000000001 0.476421 0.63831 0.5267849999999999 
0.739384 0.440373 0.568045 0.551034 0.548246 
0.359408 0.379853 0.536847 0.462819 0.354019 
0.256409 0.271884 0.259746 0.359522 0.377533 
0.745662 0.510602 0.632564 0.58097 0.652953 
0.451181 0.67576 0.660659 0.489604 0.531462 
0.5930260000000001 0.289397 0.643862 0.409378 0.492437 
0.618354 0.294243 0.573972 0.5132989999999999 0.410609 
0.302864 0.625658 0.504826 0.522522 0.566177 
0.5717140000000001 0.729081 0.734965 0.631935 0.732865 
0.58253 0.769909 0.650637 0.727115 0.634217 
0.731017 0.683996 0.621699 0.721851 0.516379 
