5
97
0.399962 0.43631 0.448016 0.423912 0.527973 
0.510159 0.481471 0.454215 0.449174 0.357511 
0.447179 0.386963 0.411493 0.465068 0.443929 
0.651735 0.481515 0.567675 0.548543 0.53101 
0.580025 0.444769 0.580806 0.439797 0.500061 
0.455029 0.592824 0.522212 0.46068 0.545258 
0.384091 0.442574 0.349106 0.340663 0.44743 
0.557177 0.477297 0.584214 0.478355 0.58788 
0.465767 0.423613 0.467108 0.512425 0.380601 
0.425504 0.363072 0.34375 0.378348 0.378129 
0.40267 0.466378 0.408568 0.475996 0.350459 
0.528772 0.500565 0.536779 0.37829 0.480836 
0.503812 0.591953 0.445436 0.539218 0.42656 
0.487374 0.443781 0.460313 0.387106 0.547092 
0.437952 0.456367 0.549809 0.494773 0.491617 
0.574333 0.473029 0.462066 0.535365 0.440886 
0.452532 0.521802 0.436743 0.387991 0.511431 
0.385881 0.383233 0.481803 0.413653 0.461767 
0.674694 0.543287 0.656736 0.63298 0.607356 
0.423177 0.386505 0.3611 0.479902 0.362486 
0.445136 0.460451 0.480419 0.549138 0.463208 
0.563886 0.632123 0.498841 0.55487 0.530598 
0.523627 0.592902 0.524034 0.63256 0.562518 
0.532351 0.531242 0.486306 0.569103 0.393006 
0.361258 0.423749 0.331004 0.434168 0.348232 
0.339757 0.467907 0.383099 0.429689 0.390784 
0.399461 0.467479 0.523796 0.443554 0.471471 
0.506848 0.46456 0.593904 0.406398 0.558694 
0.628526 0.700609 0.685842 0.622647 0.659802 
0.596517 0.662389 0.577095 0.641898 0.536923 
0.373058 0.489862 0.42851 0.417308 0.39609 
0.57406 0.503798 0.579848 0.6012 0.521853 
0.573228 0.51059 0.609569 0.478727 0.5225649999999999 
0.494059 0.524822 0.446575 0.523685 0.359275 
0.467202 0.473168 0.390855 0.448069 0.507571 
0.56955 0.671666 0.5342710000000001 0.585348 0.544314 
0.5276420000000001 0.499902 0.647607 0.521873 0.552996 
0.400864 0.48087 0.462357 0.496644 0.482323 
0.491151 0.489872 0.491737 0.576676 0.523477 
0.396529 0.494328 0.387977 0.395787 0.463892 
0.610418 0.5095190000000001 0.488795 0.582344 0.487818 
0.410337 0.481927 0.529604 0.439926 0.530123 
0.447937 0.448116 0.427931 0.421321 0.530941 
0.474994 0.606639 0.604636 0.576833 0.568529 
0.607925 0.51391 0.575226 0.531766 0.6211449999999999 
0.405184 0.378897 0.340244 0.410693 0.41895 
0.522213 0.583794 0.473074 0.580488 0.490341 
0.440739 0.437729 0.355827 0.440965 0.32566 
0.515795 0.477317 0.616646 0.557674 0.499753 
0.551218 0.512987 0.478463 0.416264 0.56654 
0.415757 0.357344 0.443512 0.445306 0.46772 
0.51231 0.488927 0.471659 0.5767139999999999 0.445172 
0.544191 0.612402 0.511375 0.589714 0.5830880000000001 
0.679709 0.576301 0.614828 0.593686 0.538062 
0.411168 0.462495 0.346337 0.424642 0.347641 
0.445596 0.5166770000000001 0.373588 0.511201 0.408922 
0.380603 0.495655 0.446516 0.489386 0.455119 
0.4055 0.35472 0.346165 0.426961 0.35863 
0.374044 0.386825 0.323414 0.366647 0.401547 
0.443138 0.376258 0.47113 0.399256 0.439803 
0.364444 0.415466 0.329443 0.411489 0.329097 
0.425574 0.427074 0.50159 0.499356 0.474901 
0.5018860000000001 0.5648030000000001 0.568186 0.453521 0.46701 
0.423292 0.557855 0.507791 0.455959 0.615435 
0.604278 0.592658 0.5478499999999999 0.647243 0.571832 
0.452515 0.40182 0.395867 0.496297 0.327405 
0.5065269999999999 0.547723 0.435048 0.55337 0.386143 
0.6138130000000001 0.463038 0.542062 0.5602 0.445399 
0.416246 0.52068 0.38027 0.465591 0.4572 
0.383683 0.416118 0.468759 0.425286 0.397156 
0.397201 0.545542 0.430824 0.4419 0.418557 
0.511993 0.5151790000000001 0.554467 0.579781 0.465335 
0.501701 0.5846 0.498639 0.446804 0.590938 
0.535386 0.5963540000000001 0.525052 0.635242 0.619232 
0.591002 0.657415 0.550486 0.591446 0.523474 
0.62396 0.447612 0.632841 0.559342 0.501711 
0.300746 0.32742 0.328678 0.32023 0.336642 
0.623985 0.527181 0.664911 0.537456 0.609094 
0.393933 0.464367 0.441655 0.452496 0.520035 
0.421658 0.417928 0.347696 0.501495 0.432885 
0.605333 0.5688569999999999 0.517369 0.532007 0.521073 
0.396958 0.34494 0.430716 0.384262 0.338673 
0.327918 0.3322 0.365544 0.30144 0.35033 
0.553714 0.413651 0.546575 0.528899 0.441434 
0.430261 0.401987 0.502876 0.464076 0.398742 
0.5789 0.653919 0.521993 0.551341 0.566814 
0.669719 0.607751 0.570475 0.637063 0.620462 
0.603921 0.6701510000000001 0.613679 0.574636 0.616248 
0.426384 0.529212 0.493963 0.486682 0.619408 
0.507547 0.635255 0.54016 0.576088 0.554381 
0.403752 0.5140439999999999 0.434115 0.462796 0.574284 
0.467744 0.37783 0.380638 0.361712 0.425353 
0.467001 0.397215 0.528491 0.47033 0.509033 
0.591801 0.60076 0.634487 0.653217 0.577696 
0.44722 0.512208 0.517145 0.521486 0.573012 
0.580031 0.534956 0.579489 0.601422 0.614652 
0.426535 0.513939 0.399092 0.442082 0.502752 
