5
601
0.551688 0.491538 0.650447 0.457621 0.483032 
0.511656 0.538354 0.367534 0.436705 0.398616 
0.379169 0.363111 0.291288 0.431213 0.289816 
0.2973 0.432234 0.330799 0.319296 0.445682 
0.483623 0.652414 0.5236 0.670463 0.60497 
0.64996 0.546896 0.5458499999999999 0.689144 0.574268 
0.718199 0.657714 0.686442 0.719234 0.715679 
0.419686 0.387804 0.349024 0.468983 0.289474 
0.391186 0.447358 0.330262 0.438848 0.5264259999999999 
0.555495 0.680159 0.53553 0.66633 0.517726 
0.28725 0.304135 0.317306 0.335963 0.296839 
0.47475 0.472271 0.448912 0.494098 0.628964 
0.662932 0.663425 0.547828 0.598482 0.544921 
0.5117080000000001 0.429894 0.313214 0.474248 0.414019 
0.383947 0.538734 0.32704 0.494288 0.445003 
0.534308 0.5172639999999999 0.609839 0.43502 0.473188 
0.715554 0.643025 0.680507 0.729926 0.690608 
0.339152 0.410982 0.50427 0.438515 0.522161 
0.524672 0.34229 0.395269 0.454001 0.311933 
0.516637 0.7008 0.522869 0.6402369999999999 0.55375 
0.415495 0.313068 0.446466 0.369414 0.470382 
0.586137 0.531614 0.402251 0.517723 0.467607 
0.6533369999999999 0.513559 0.524805 0.479921 0.553445 
0.394489 0.538756 0.398773 0.365009 0.560893 
0.454621 0.384074 0.5831190000000001 0.431413 0.589353 
0.550854 0.373953 0.546078 0.555638 0.461127 
0.592978 0.670978 0.683995 0.675285 0.656402 
0.55381 0.435211 0.511765 0.613791 0.407296 
0.63251 0.711151 0.609965 0.695762 0.7002429999999999 
0.652761 0.672529 0.648944 0.690923 0.5823159999999999 
0.326609 0.420782 0.41541 0.353576 0.541816 
0.351612 0.304239 0.302713 0.374468 0.310924 
0.399921 0.326645 0.356164 0.279832 0.415322 
0.58438 0.707045 0.600851 0.659294 0.582292 
0.380062 0.383365 0.334417 0.295752 0.322132 
0.419261 0.55771 0.504786 0.596212 0.487452 
0.300345 0.330248 0.396739 0.261188 0.339512 
0.607004 0.605587 0.48529 0.66778 0.434818 
0.609992 0.6079329999999999 0.6112 0.725809 0.571284 
0.632253 0.482824 0.484082 0.615377 0.54304 
0.43226 0.6326929999999999 0.455817 0.602243 0.557117 
0.345215 0.498754 0.374285 0.516116 0.398925 
0.351287 0.36987 0.463081 0.420677 0.514025 
0.528021 0.440793 0.620608 0.419662 0.583637 
0.489784 0.422747 0.648665 0.448872 0.544659 
0.367835 0.271949 0.343573 0.276371 0.342463 
0.573857 0.633377 0.566864 0.570866 0.462791 
0.536266 0.377714 0.525031 0.559237 0.471209 
0.670601 0.741356 0.6180909999999999 0.692833 0.695496 
0.237907 0.364902 0.350295 0.311885 0.339051 
0.6769770000000001 0.600205 0.600531 0.6175850000000001 0.696311 
0.395928 0.478288 0.397221 0.404483 0.316068 
0.71918 0.652756 0.671824 0.629362 0.644701 
0.666673 0.620613 0.667009 0.545089 0.6842240000000001 
0.426025 0.632108 0.535761 0.473599 0.641227 
0.418263 0.410423 0.434469 0.505383 0.557962 
0.453604 0.47921 0.314641 0.504197 0.364382 
0.335839 0.310289 0.447145 0.296758 0.379133 
0.412388 0.647682 0.440238 0.460326 0.580214 
0.317933 0.370084 0.284222 0.3035 0.283762 
0.602081 0.471193 0.519784 0.566671 0.378656 
0.478995 0.464355 0.320638 0.509735 0.343515 
0.368057 0.449463 0.433524 0.350032 0.554687 
0.504771 0.323667 0.490234 0.453716 0.4716 
0.519442 0.525258 0.405124 0.535157 0.578355 
0.281383 0.347346 0.303838 0.346209 0.406273 
0.657313 0.466314 0.540403 0.5413559999999999 0.593465 
0.404956 0.410061 0.374621 0.476725 0.522603 
0.6234730000000001 0.6179519999999999 0.60658 0.711417 0.655375 
0.322257 0.418485 0.278907 0.335105 0.357836 
0.480422 0.583203 0.387513 0.563966 0.371288 
0.316522 0.32266 0.335759 0.303558 0.27926 
0.258312 0.323443 0.272071 0.309939 0.345915 
0.504935 0.604838 0.636738 0.491499 0.69826 
0.413536 0.376347 0.542179 0.487545 0.448737 
0.611592 0.614555 0.532509 0.63614 0.434657 
0.599056 0.554508 0.502304 0.693586 0.539052 
0.527068 0.6421829999999999 0.633721 0.586984 0.704443 
0.574422 0.448804 0.577504 0.455978 0.649828 
0.482907 0.347461 0.443288 0.452459 0.52285 
0.545941 0.707393 0.617546 0.6544759999999999 0.6175349999999999 
0.430406 0.421653 0.380491 0.307762 0.366564 
0.692196 0.72345 0.654856 0.705144 0.66434 
0.459308 0.354854 0.512832 0.440663 0.551684 
0.57864 0.532704 0.505402 0.413414 0.452107 
0.392867 0.628444 0.496387 0.562952 0.566219 
0.445021 0.600618 0.482558 0.63732 0.5159010000000001 
0.541834 0.339826 0.442027 0.440789 0.376008 
0.597733 0.644077 0.648203 0.5708569999999999 0.53208 
0.666585 0.600656 0.560916 0.549132 0.485684 
0.343066 0.40794 0.472061 0.484355 0.477842 
0.584391 0.446615 0.521298 0.649818 0.482005 
0.634513 0.534598 0.623038 0.699502 0.524848 
0.660433 0.535548 0.577821 0.546091 0.651636 
0.51851 0.528035 0.589041 0.647591 0.538937 
0.727189 0.701371 0.663569 0.657687 0.721811 
0.596579 0.484894 0.557316 0.402534 0.589936 
0.729501 0.578488 0.66233 0.605004 0.624667 
0.445037 0.6163650000000001 0.496378 0.612451 0.428548 
0.595037 0.597296 0.6047709999999999 0.717038 0.589903 
0.37805 0.474078 0.401251 0.487966 0.576813 
0.604838 0.73299 0.679359 0.635697 0.6848030000000001 
0.693334 0.697648 0.652205 0.732577 0.736379 
0.532369 0.350016 0.597697 0.428128 0.508859 
0.599033 0.417974 0.62292 0.594266 0.5220129999999999 
0.474453 0.572885 0.342731 0.5271169999999999 0.466965 
0.608792 0.635829 0.527282 0.540255 0.493435 
0.641907 0.478174 0.596959 0.464745 0.610954 
0.384782 0.379037 0.329537 0.476076 0.318558 
0.401495 0.359264 0.281167 0.358559 0.287447 
0.431179 0.441571 0.477359 0.331195 0.385097 
0.654605 0.5079399999999999 0.506094 0.502491 0.540374 
0.392404 0.42211 0.296721 0.461164 0.423116 
0.59984 0.7200260000000001 0.637809 0.613029 0.704619 
0.5665289999999999 0.684876 0.635016 0.690514 0.655118 
0.384652 0.411869 0.395677 0.507989 0.5359699999999999 
0.6546 0.671874 0.581354 0.671903 0.699135 
0.413781 0.570858 0.491403 0.44657 0.63435 
0.702277 0.719157 0.62724 0.674959 0.7079260000000001 
0.325535 0.318607 0.274985 0.382857 0.370153 
0.436595 0.317416 0.465031 0.453637 0.474957 
0.587032 0.627524 0.573221 0.722507 0.60415 
0.655041 0.659263 0.52976 0.613283 0.5885629999999999 
0.482643 0.550156 0.415727 0.411917 0.383215 
0.616839 0.49595 0.514594 0.684972 0.489198 
0.451376 0.665532 0.522417 0.610899 0.553152 
0.58795 0.60377 0.485879 0.490264 0.615756 
0.40958 0.660289 0.419198 0.485019 0.587546 
0.536535 0.551238 0.4736 0.456658 0.62517 
0.509144 0.428371 0.437568 0.379114 0.338211 
0.6177510000000001 0.714047 0.63547 0.6611399999999999 0.727232 
0.455108 0.443041 0.328337 0.38939 0.446982 
0.527133 0.611067 0.558167 0.674724 0.50395 
0.439413 0.6154500000000001 0.5201480000000001 0.575129 0.435883 
0.288175 0.322445 0.358191 0.306222 0.410022 
0.595123 0.433708 0.47404 0.564306 0.522199 
0.631418 0.656879 0.728904 0.642093 0.657019 
0.488734 0.457342 0.640867 0.403524 0.550965 
0.604235 0.515137 0.403163 0.608919 0.454676 
0.541169 0.495925 0.463609 0.440967 0.345371 
0.340636 0.341215 0.322491 0.33136 0.427285 
0.441944 0.577826 0.5136500000000001 0.425235 0.659559 
0.321428 0.387277 0.380144 0.385301 0.517859 
0.516063 0.478199 0.52095 0.634394 0.472688 
0.359691 0.293424 0.337245 0.417622 0.319378 
0.398232 0.476375 0.469161 0.489153 0.603203 
0.386498 0.465931 0.461917 0.437511 0.605114 
0.556198 0.541144 0.503154 0.658507 0.589759 
0.362174 0.582371 0.46567 0.46506 0.494807 
0.694588 0.645471 0.732708 0.6391 0.720426 
0.487026 0.479994 0.575807 0.587297 0.472257 
0.585045 0.646707 0.501211 0.561759 0.466695 
0.430281 0.611135 0.426385 0.602758 0.432626 
0.585811 0.544145 0.68289 0.469081 0.630495 
0.54935 0.6625490000000001 0.443046 0.588426 0.580813 
0.478921 0.565505 0.553894 0.466251 0.417114 
0.609263 0.500178 0.596588 0.6029679999999999 0.41472 
0.679548 0.588437 0.695921 0.702076 0.675312 
0.346977 0.329354 0.427755 0.330979 0.294774 
0.468818 0.42707 0.597437 0.489213 0.625711 
0.366917 0.485095 0.507107 0.458411 0.590471 
0.442952 0.314792 0.484899 0.310533 0.411876 
0.568846 0.633416 0.523603 0.488755 0.645665 
0.293986 0.367352 0.270672 0.382841 0.268752 
0.632799 0.601618 0.708843 0.662706 0.572622 
0.643122 0.469246 0.494909 0.495669 0.413081 
0.328181 0.487841 0.420428 0.468126 0.525162 
0.477975 0.547449 0.6523060000000001 0.527852 0.63018 
0.590204 0.439814 0.536924 0.379822 0.470215 
0.481151 0.425277 0.524469 0.359323 0.391042 
0.528208 0.495711 0.389173 0.585477 0.508856 
0.463651 0.348005 0.437955 0.5305609999999999 0.401391 
0.651259 0.580588 0.633988 0.692122 0.674602 
0.417825 0.644607 0.523265 0.47818 0.568405 
0.56384 0.527749 0.659256 0.646101 0.60398 
0.556652 0.388802 0.528722 0.57374 0.40069 
0.476376 0.473303 0.461392 0.391498 0.621483 
0.671104 0.606684 0.556677 0.624811 0.646925 
0.571181 0.44784 0.690319 0.495299 0.520029 
0.6044119999999999 0.66611 0.48477 0.5963270000000001 0.522158 
0.695363 0.572234 0.711496 0.587625 0.5876749999999999 
0.677296 0.572852 0.634872 0.672543 0.504677 
0.532684 0.558984 0.410612 0.428624 0.422593 
0.602587 0.698746 0.674086 0.5829530000000001 0.724923 
0.517824 0.619572 0.439269 0.456181 0.498903 
0.520746 0.577925 0.42692 0.647518 0.50038 
0.41242 0.426513 0.584936 0.380958 0.554724 
0.536781 0.560217 0.41348 0.5489309999999999 0.372628 
0.545426 0.65652 0.630953 0.579413 0.543702 
0.524652 0.414853 0.428766 0.555507 0.358317 
0.679512 0.493146 0.556881 0.537507 0.445373 
0.519513 0.367489 0.41196 0.378903 0.495276 
0.365358 0.558571 0.401927 0.508812 0.553239 
0.250879 0.369835 0.30356 0.300514 0.356373 
0.42321 0.570513 0.5893969999999999 0.571225 0.547177 
0.559129 0.430028 0.609466 0.593944 0.450306 
0.626632 0.694876 0.623881 0.6315190000000001 0.563352 
0.5359390000000001 0.43045 0.663076 0.504692 0.4659 
0.350006 0.560208 0.356156 0.471964 0.459224 
0.520777 0.6112649999999999 0.413146 0.463232 0.449989 
0.267364 0.405621 0.336428 0.378919 0.395478 
0.278312 0.470104 0.383395 0.419341 0.401491 
0.707549 0.634607 0.709485 0.725501 0.698953 
0.543938 0.658186 0.582512 0.656464 0.683389 
0.663599 0.678198 0.647458 0.591306 0.573483 
0.496704 0.647234 0.448613 0.478905 0.60258 
0.591977 0.7004629999999999 0.593727 0.619719 0.541272 
0.484126 0.438939 0.436758 0.536846 0.579855 
0.558615 0.595363 0.658408 0.632339 0.716739 
0.696537 0.556631 0.700492 0.6237239999999999 0.614803 
0.662238 0.691156 0.73411 0.629322 0.677152 
0.371656 0.29536 0.383714 0.431563 0.315461 
0.411731 0.549095 0.350028 0.570808 0.489715 
0.301935 0.275199 0.306636 0.294839 0.312445 
0.440323 0.519674 0.363289 0.558868 0.514699 
0.598931 0.494116 0.624556 0.609698 0.647137 
0.620822 0.501507 0.584278 0.508259 0.406145 
0.692076 0.606579 0.71279 0.670088 0.688258 
0.329629 0.433079 0.333082 0.384916 0.293825 
0.302622 0.494536 0.408916 0.374932 0.480706 
0.652474 0.42717 0.5645520000000001 0.528266 0.489817 
0.478688 0.520115 0.632729 0.437978 0.644501 
0.654379 0.663683 0.733627 0.6180600000000001 0.689744 
0.383673 0.47047 0.519469 0.497214 0.583601 
0.303681 0.40943 0.385004 0.300653 0.342693 
0.274878 0.352204 0.26945 0.361622 0.318306 
0.7170609999999999 0.7101229999999999 0.732944 0.6782859999999999 0.745716 
0.427381 0.518522 0.601424 0.444498 0.626335 
0.483482 0.462642 0.378403 0.560751 0.534005 
0.604728 0.621277 0.699739 0.64949 0.705056 
0.486623 0.638213 0.509493 0.661142 0.469498 
0.579543 0.496087 0.674445 0.496611 0.6462830000000001 
0.630795 0.561241 0.668627 0.703392 0.616447 
0.417236 0.443867 0.599577 0.450315 0.497107 
0.443218 0.546542 0.492467 0.5973309999999999 0.399234 
0.43633 0.536663 0.526514 0.5428269999999999 0.397673 
0.463528 0.517485 0.557513 0.427054 0.67428 
0.733545 0.673293 0.684331 0.665768 0.714042 
0.592744 0.643298 0.503923 0.6436500000000001 0.456608 
0.678163 0.565818 0.709082 0.5683820000000001 0.664426 
0.320947 0.467312 0.391346 0.491318 0.420805 
0.642054 0.545508 0.530747 0.504901 0.602073 
0.579281 0.54549 0.455179 0.651335 0.561217 
0.431273 0.6084850000000001 0.555765 0.435209 0.552552 
0.534836 0.620482 0.591077 0.486899 0.686839 
0.410884 0.590562 0.357987 0.534353 0.39245 
0.728172 0.636732 0.600866 0.65306 0.612553 
0.334121 0.473897 0.454655 0.355972 0.404767 
0.285768 0.36146 0.380681 0.32982 0.445858 
0.667516 0.52396 0.683101 0.593847 0.519869 
0.347817 0.464981 0.434856 0.507944 0.41116 
0.494688 0.540108 0.59188 0.462866 0.428494 
0.323232 0.373737 0.282293 0.338754 0.276666 
0.330833 0.494413 0.482092 0.454657 0.414642 
0.622907 0.478693 0.641899 0.502172 0.643221 
0.485852 0.6455 0.502155 0.6086859999999999 0.444385 
0.288463 0.46081 0.436619 0.434459 0.438554 
0.447213 0.47891 0.303019 0.430762 0.389886 
0.607527 0.6452059999999999 0.579663 0.547855 0.692249 
0.5193680000000001 0.434195 0.568839 0.441773 0.652904 
0.663876 0.48306 0.5677140000000001 0.619789 0.49077 
0.401914 0.537906 0.5932229999999999 0.529681 0.5278119999999999 
 0.638 0.471088 0.611477 0.626982 0.46605 
0.496989 0.661556 0.452624 0.473004 0.581779 
0.635752 0.630644 0.536081 0.722282 0.520452 
0.682752 0.539143 0.643656 0.495521 0.563358 
0.334357 0.399193 0.392028 0.284179 0.458925 
0.485872 0.503483 0.375392 0.594137 0.493943 
0.52857 0.608388 0.424704 0.630183 0.431176 
0.5969179999999999 0.598912 0.723591 0.54667 0.6855250000000001 
0.588635 0.666619 0.542107 0.522491 0.633192 
0.5700460000000001 0.603826 0.617661 0.462546 0.652172 
0.34719 0.408448 0.479539 0.480059 0.42223 
0.542287 0.578595 0.579444 0.629202 0.444508 
0.628534 0.396235 0.608353 0.49006 0.451861 
0.328627 0.467366 0.384824 0.323394 0.487307 
0.38609 0.333839 0.494358 0.306515 0.4833 
0.447965 0.4484 0.5694630000000001 0.550731 0.547942 
0.371718 0.52419 0.49001 0.55105 0.471562 
0.432997 0.530832 0.426268 0.381819 0.375776 
0.584361 0.578119 0.6223919999999999 0.457155 0.534482 
0.363864 0.415072 0.513226 0.419538 0.402865 
0.36463 0.52817 0.540425 0.44313 0.493529 
0.468847 0.484489 0.318031 0.432025 0.363513 
0.345845 0.303826 0.318529 0.262653 0.318172 
0.455134 0.667403 0.581445 0.5655480000000001 0.613226 
0.506196 0.317487 0.461682 0.351793 0.398351 
0.397068 0.404025 0.377159 0.428502 0.272029 
0.45304 0.526726 0.313847 0.54157 0.44148 
0.625124 0.476775 0.550577 0.627794 0.562217 
0.553716 0.7228560000000001 0.606582 0.585408 0.681119 
0.553563 0.402645 0.631307 0.456199 0.560962 
0.440148 0.512683 0.487057 0.3979 0.377068 
0.388583 0.413724 0.5570079999999999 0.410673 0.562859 
0.614839 0.6931890000000001 0.55742 0.726176 0.573785 
0.596834 0.474839 0.690242 0.589951 0.607955 
0.296052 0.288329 0.313506 0.247108 0.302913 
0.37702 0.340276 0.457967 0.348415 0.501336 
0.455613 0.438061 0.416646 0.326728 0.353414 
0.680493 0.528331 0.554748 0.611127 0.488688 
0.494677 0.585571 0.402399 0.535223 0.37862 
0.544479 0.622816 0.667806 0.57103 0.705111 
0.419222 0.284622 0.351037 0.302632 0.321433 
0.473777 0.405117 0.446607 0.340069 0.339661 
0.448839 0.283558 0.453749 0.334972 0.395717 
0.646633 0.482893 0.5820419999999999 0.68293 0.509968 
0.560995 0.483086 0.47444 0.554914 0.342959 
0.53206 0.419964 0.335403 0.505943 0.407478 
0.407162 0.39454 0.265092 0.397846 0.399377 
0.399507 0.685082 0.409332 0.53748 0.515174 
0.434386 0.291708 0.492696 0.411579 0.449137 
0.326606 0.377973 0.278264 0.42347 0.386148 
0.50276 0.391935 0.563073 0.438727 0.372255 
0.471351 0.415409 0.425692 0.320764 0.440474 
0.5014150000000001 0.527616 0.653416 0.479616 0.664223 
0.508834 0.364469 0.410359 0.343403 0.432714 
0.386957 0.327814 0.388818 0.327301 0.476342 
0.545425 0.394087 0.429634 0.512339 0.489173 
0.634096 0.611449 0.489087 0.599427 0.565106 
0.434559 0.543165 0.5675559999999999 0.518733 0.45713 
0.389622 0.396302 0.431608 0.451569 0.317856 
0.644353 0.588527 0.599873 0.68318 0.492067 
0.264196 0.308368 0.307648 0.289402 0.301532 
0.6323839999999999 0.63247 0.706911 0.674612 0.706158 
0.508364 0.642339 0.470178 0.589226 0.425854 
0.435005 0.307113 0.378007 0.307096 0.312938 
0.651089 0.66298 0.5798179999999999 0.735571 0.59195 
0.577713 0.619932 0.623225 0.67838 0.698141 
0.449253 0.654785 0.567979 0.555814 0.6529779999999999 
0.634386 0.522433 0.708737 0.549986 0.623065 
0.293014 0.443788 0.350353 0.317167 0.351351 
0.441306 0.342991 0.323087 0.356729 0.381863 
0.402637 0.361971 0.423817 0.5101599999999999 0.381176 
0.504915 0.544646 0.562443 0.645828 0.606459 
0.595163 0.508805 0.6473989999999999 0.613376 0.665003 
0.631393 0.6309900000000001 0.506345 0.624461 0.629601 
0.448257 0.36422 0.367941 0.429638 0.271224 
0.669413 0.6576880000000001 0.7155629999999999 0.724417 0.647506 
0.451689 0.427121 0.399421 0.335816 0.503839 
0.621243 0.6351560000000001 0.5400779999999999 0.731685 0.5855939999999999 
0.590407 0.66936 0.661651 0.655863 0.57784 
0.387504 0.624898 0.386915 0.541754 0.495634 
0.338076 0.579327 0.442373 0.514436 0.512971 
0.714246 0.569524 0.678641 0.636181 0.651689 
0.463167 0.321073 0.458864 0.458544 0.285454 
0.556094 0.532224 0.545311 0.65927 0.43903 
0.418061 0.273599 0.349397 0.378173 0.353598 
0.481375 0.517524 0.490442 0.526228 0.344854 
0.6426230000000001 0.551829 0.621717 0.457595 0.6002 
0.427398 0.531872 0.33253 0.399254 0.504314 
0.659373 0.510946 0.56175 0.526323 0.62547 
0.270486 0.363378 0.270494 0.288428 0.32805 
0.248996 0.308684 0.305444 0.302076 0.335537 
0.559831 0.453697 0.402134 0.441812 0.371938 
0.463519 0.658812 0.576452 0.561167 0.541529 
0.530967 0.590186 0.619811 0.442043 0.58738 
0.7396200000000001 0.626584 0.681473 0.6784750000000001 0.7316319999999999 
0.345793 0.282379 0.305889 0.329962 0.311217 
0.492672 0.5117159999999999 0.418114 0.394295 0.55028 
0.493081 0.659126 0.641216 0.544822 0.639664 
0.412628 0.276904 0.388526 0.398508 0.357772 
0.345251 0.433212 0.392061 0.282982 0.382492 
0.296734 0.397555 0.313771 0.308177 0.449639 
0.272142 0.432157 0.33471 0.327818 0.413844 
0.637104 0.470879 0.631151 0.553561 0.603849 
0.6206660000000001 0.601922 0.666222 0.65801 0.721061 
0.468273 0.341769 0.330401 0.467861 0.348308 
0.481099 0.573666 0.636428 0.454163 0.630444 
0.403434 0.346812 0.288434 0.434804 0.380785 
0.440276 0.30981 0.319117 0.337541 0.318597 
0.504082 0.560694 0.634447 0.610419 0.558195 
0.551443 0.354196 0.457129 0.434309 0.333694 
0.612955 0.613666 0.480757 0.630445 0.438597 
0.645391 0.656809 0.6965 0.672632 0.5892539999999999 
0.53235 0.575083 0.466128 0.63946 0.600666 
0.476214 0.466398 0.383818 0.382016 0.324244 
0.343366 0.5125189999999999 0.328053 0.507174 0.37997 
0.385799 0.557523 0.522252 0.470718 0.617485 
0.455441 0.591197 0.624323 0.435778 0.582215 
0.310181 0.423414 0.276092 0.364544 0.396813 
0.5810650000000001 0.469267 0.474039 0.396936 0.456716 
0.559191 0.576898 0.614132 0.6772280000000001 0.549091 
0.368959 0.35613 0.3658 0.256382 0.343418 
0.441553 0.502745 0.530026 0.429035 0.377623 
0.416108 0.472423 0.354857 0.438227 0.30422 
0.280079 0.494153 0.382832 0.416822 0.468665 
0.431763 0.295749 0.48514 0.317437 0.36546 
0.62917 0.628292 0.483541 0.530456 0.525374 
0.334569 0.559048 0.415523 0.442051 0.457601 
0.383265 0.413445 0.568209 0.43633 0.471442 
0.677852 0.6644330000000001 0.7342070000000001 0.601025 0.7136439999999999 
0.369769 0.364525 0.304875 0.306042 0.28204 
0.590253 0.533951 0.479299 0.559582 0.612842 
0.6066009999999999 0.492438 0.568404 0.602424 0.6475649999999999 
0.5626989999999999 0.465399 0.381646 0.506917 0.487433 
0.454297 0.442243 0.349129 0.370439 0.32449 
0.583449 0.6029600000000001 0.600397 0.5214029999999999 0.719828 
0.400328 0.6256620000000001 0.544408 0.493884 0.608755 
0.394521 0.330715 0.453135 0.302543 0.485099 
0.672775 0.481153 0.534266 0.622743 0.534459 
0.472563 0.411022 0.420609 0.57784 0.408629 
0.396504 0.319957 0.498876 0.312074 0.385427 
0.547515 0.423129 0.355869 0.455632 0.357536 
0.297085 0.332735 0.409613 0.352826 0.386805 
0.666816 0.61492 0.638529 0.660921 0.512497 
0.247507 0.370629 0.293678 0.275818 0.329611 
0.458934 0.417059 0.329735 0.370436 0.389011 
0.465459 0.5630039999999999 0.510346 0.633894 0.5923890000000001 
0.546681 0.607439 0.602894 0.603514 0.48092 
0.481762 0.559171 0.589707 0.402958 0.627773 
0.402921 0.573418 0.538575 0.376386 0.5574170000000001 
0.520476 0.520297 0.607171 0.435472 0.465135 
0.5907289999999999 0.569964 0.59848 0.441546 0.6470050000000001 
0.428273 0.364545 0.445318 0.487218 0.313126 
0.540713 0.478254 0.5221789999999999 0.505593 0.345181 
0.471615 0.653303 0.551234 0.568172 0.68116 
0.385559 0.290573 0.294628 0.327472 0.345133 
0.443257 0.484117 0.381109 0.481517 0.583825 
0.633142 0.591206 0.474805 0.618862 0.452236 
0.476717 0.440966 0.33395 0.404068 0.454162 
0.352188 0.358573 0.297406 0.45292 0.3505 
0.525748 0.426268 0.427639 0.613275 0.432896 
0.362697 0.450492 0.274312 0.386232 0.349028 
0.262063 0.366562 0.374995 0.370382 0.377739 
0.6744 0.597671 0.516435 0.678121 0.522743 
0.564788 0.495307 0.629495 0.601436 0.455506 
0.400166 0.394617 0.522184 0.34642 0.565934 
0.671244 0.524197 0.586858 0.534517 0.633114 
0.534834 0.332543 0.482402 0.396662 0.367622 
0.649976 0.53128 0.698767 0.506123 0.591524 
0.569697 0.619574 0.652967 0.483183 0.593731 
0.382389 0.463589 0.356427 0.524733 0.328937 
0.404321 0.457515 0.551754 0.340414 0.562712 
0.701252 0.7113930000000001 0.741069 0.730438 0.702179 
0.408895 0.313077 0.469052 0.432078 0.448554 
0.364967 0.439746 0.321573 0.433796 0.490281 
0.661353 0.475574 0.512127 0.487347 0.517354 
0.297533 0.450478 0.319425 0.310847 0.414343 
0.50376 0.655908 0.631493 0.567318 0.68113 
0.392702 0.344946 0.316323 0.449906 0.309474 
0.464675 0.525487 0.414525 0.339611 0.476378 
0.370177 0.581695 0.428897 0.409317 0.521383 
0.660991 0.636138 0.645126 0.651411 0.531617 
0.566645 0.665031 0.537738 0.721534 0.619536 
0.395267 0.434268 0.397381 0.563057 0.422925 
0.505924 0.506926 0.5258080000000001 0.355558 0.492145 
0.6370440000000001 0.552924 0.542659 0.61283 0.423355 
0.474713 0.417175 0.531488 0.470403 0.354073 
0.600926 0.721414 0.601038 0.68853 0.632529 
0.464952 0.338594 0.475126 0.346912 0.494498 
0.6234459999999999 0.623793 0.486677 0.516798 0.537659 
0.499175 0.611384 0.370877 0.494848 0.430472 
0.407297 0.362695 0.410829 0.276976 0.398753 
0.616852 0.407374 0.542362 0.5507880000000001 0.496346 
0.68171 0.734981 0.702531 0.663465 0.726511 
0.445594 0.407239 0.493824 0.305858 0.421293 
0.499287 0.392326 0.528848 0.559627 0.536744 
0.543425 0.485532 0.376333 0.434154 0.458328 
0.390464 0.60276 0.509715 0.495431 0.602799 
0.58724 0.545505 0.661373 0.495549 0.677458 
0.373892 0.562987 0.472098 0.489609 0.593506 
0.549984 0.45063 0.53529 0.348599 0.526427 
0.738533 0.623826 0.624995 0.703028 0.620564 
0.582821 0.414084 0.658409 0.464388 0.496419 
0.611621 0.441309 0.60062 0.564351 0.424476 
0.459776 0.618382 0.527846 0.436209 0.541398 
0.702188 0.542747 0.63174 0.686115 0.570908 
0.423564 0.551675 0.399525 0.557342 0.36005 
0.300403 0.279536 0.358455 0.30072 0.329734 
0.6883629999999999 0.5296689999999999 0.687696 0.541152 0.658273 
0.526275 0.692917 0.506879 0.680048 0.5458150000000001 
0.488088 0.450221 0.358657 0.407814 0.308502 
0.320983 0.372605 0.43485 0.312768 0.459222 
0.688173 0.741555 0.699256 0.6999919999999999 0.703954 
0.6044389999999999 0.560818 0.597424 0.689018 0.473187 
0.652308 0.524065 0.493638 0.56366 0.543952 
0.443819 0.503447 0.442862 0.52546 0.634432 
0.524705 0.595417 0.52746 0.529521 0.413262 
0.391222 0.487093 0.307683 0.360965 0.368226 
0.386841 0.391978 0.269238 0.398917 0.305609 
0.517425 0.700407 0.567252 0.610865 0.557566 
0.639299 0.571749 0.522551 0.514748 0.595307 
0.291001 0.299657 0.354264 0.302802 0.287882 
0.480994 0.371427 0.500787 0.550571 0.457522 
0.392538 0.355798 0.368854 0.380714 0.259955 
0.578013 0.493748 0.494631 0.552878 0.344991 
0.480473 0.628229 0.562118 0.644674 0.6351560000000001 
0.590535 0.420046 0.520405 0.525959 0.5709649999999999 
0.616179 0.657627 0.51861 0.676002 0.617916 
0.531165 0.59943 0.690499 0.493471 0.603624 
0.487867 0.474172 0.36062 0.503223 0.522241 
0.573197 0.570276 0.387203 0.624866 0.46301 
0.648806 0.451507 0.607768 0.447091 0.562249 
0.315955 0.358441 0.311556 0.280358 0.281975 
0.482795 0.644925 0.517698 0.480489 0.675658 
0.605787 0.368003 0.540151 0.43041 0.456513 
0.621386 0.534731 0.541113 0.599945 0.652858 
0.560856 0.525131 0.5316380000000001 0.677601 0.523207 
0.359015 0.326109 0.358688 0.453723 0.403532 
0.425038 0.576137 0.459385 0.388754 0.563849 
0.688408 0.609403 0.681719 0.684283 0.573305 
0.446769 0.421327 0.491701 0.460509 0.610387 
0.503265 0.594203 0.39318 0.6009100000000001 0.420816 
0.508233 0.54401 0.611673 0.61907 0.647111 
0.268835 0.376783 0.301531 0.339031 0.301114 
0.611395 0.440248 0.577322 0.60212 0.440854 
0.502204 0.364665 0.555629 0.358512 0.524176 
0.423532 0.519039 0.454621 0.534407 0.35985 
0.490796 0.416978 0.442953 0.42537 0.592602 
0.542594 0.541721 0.463369 0.644873 0.5913079999999999 
0.354161 0.425939 0.280585 0.479807 0.364897 
0.48271 0.611169 0.643377 0.557744 0.676729 
0.463986 0.604757 0.603977 0.475655 0.510769 
0.412329 0.360959 0.315873 0.46359 0.2951 
0.672048 0.645658 0.547431 0.673341 0.60459 
0.476469 0.518078 0.430249 0.634919 0.472263 
0.609054 0.429129 0.485359 0.516093 0.387744 
0.360103 0.277539 0.319116 0.312783 0.267092 
0.52493 0.554024 0.675041 0.592601 0.582545 
0.676233 0.635342 0.671266 0.560088 0.684296 
0.720846 0.596886 0.683889 0.671293 0.669725 
0.432372 0.447705 0.5040289999999999 0.523815 0.386611 
0.306695 0.330205 0.264269 0.381189 0.311628 
0.35716 0.361413 0.324495 0.275237 0.323564 
0.537168 0.651886 0.679283 0.621485 0.677241 
0.422308 0.58407 0.524572 0.45013 0.453171 
0.609652 0.542386 0.686594 0.600638 0.5274 
0.684091 0.547601 0.670158 0.504567 0.607889 
0.465717 0.360592 0.342425 0.444598 0.439548 
0.471893 0.660256 0.551292 0.524232 0.515276 
0.623054 0.6690970000000001 0.669767 0.73097 0.635544 
0.556074 0.406422 0.689656 0.490268 0.5168779999999999 
0.306232 0.369602 0.421752 0.411622 0.380912 
0.61956 0.5187 0.525297 0.67735 0.440615 
0.684647 0.661322 0.614636 0.735506 0.610161 
0.353791 0.341783 0.368215 0.413827 0.284151 
0.612239 0.604807 0.717944 0.613778 0.639296 
0.6411480000000001 0.704834 0.576071 0.737814 0.616415 
0.640503 0.664064 0.642631 0.552913 0.623228 
0.321812 0.318757 0.448856 0.314154 0.424882 
0.290933 0.322239 0.398839 0.303678 0.401526 
0.413074 0.411101 0.353201 0.518601 0.485749 
0.533375 0.58181 0.515949 0.494042 0.412477 
0.335779 0.437591 0.305992 0.332002 0.318789 
0.746194 0.6345460000000001 0.698962 0.663312 0.62564 
0.514447 0.329811 0.581985 0.418519 0.496491 
0.299457 0.3196 0.374567 0.249655 0.361328 
0.360427 0.290442 0.379369 0.254593 0.322339 
0.499387 0.540932 0.471065 0.57641 0.356811 
0.354419 0.429788 0.497778 0.321597 0.46237 
0.5673010000000001 0.586859 0.424633 0.550253 0.551272 
0.366256 0.607555 0.419019 0.554495 0.452516 
0.654324 0.675957 0.708785 0.716159 0.643837 
0.571289 0.5995279999999999 0.675619 0.498184 0.535923 
0.611528 0.606054 0.551417 0.506393 0.667295 
0.641115 0.540664 0.508914 0.68324 0.513914 
0.6068480000000001 0.682679 0.609888 0.698084 0.574318 
0.596446 0.518869 0.612565 0.434471 0.644713 
0.562937 0.415748 0.508234 0.408758 0.340975 
0.630154 0.582627 0.71726 0.53926 0.661233 
0.422196 0.597376 0.359529 0.551504 0.425492 
0.552946 0.323397 0.495223 0.406546 0.486172 
0.524064 0.484391 0.421862 0.382535 0.380644 
0.359799 0.313118 0.321585 0.275135 0.308632 
0.444526 0.668546 0.532635 0.583865 0.563466 
0.483593 0.402214 0.327215 0.531536 0.384288 
0.444278 0.454944 0.535921 0.560431 0.445078 
0.269711 0.312548 0.298585 0.284215 0.310267 
0.578067 0.548038 0.592989 0.488251 0.712773 
0.375431 0.356789 0.353482 0.364179 0.490754 
0.333121 0.437191 0.380339 0.28947 0.433304 
0.535558 0.635358 0.665323 0.620146 0.595618 
0.386487 0.488155 0.472577 0.552363 0.577054 
0.395503 0.310914 0.437786 0.267942 0.36303 
0.408713 0.413518 0.495146 0.296262 0.437825 
0.310155 0.442751 0.302329 0.326427 0.330748 
0.649544 0.482416 0.499561 0.5260320000000001 0.5533709999999999 
0.338291 0.40053 0.265211 0.364387 0.393774 
0.550363 0.660451 0.651374 0.621753 0.5797870000000001 
0.380897 0.32446 0.505466 0.357714 0.465491 
0.613556 0.680744 0.543387 0.580037 0.675532 
0.552395 0.574547 0.577821 0.558774 0.7317129999999999 
0.572568 0.70299 0.637252 0.578829 0.61394 
0.565221 0.507148 0.505038 0.623707 0.375281 
0.319126 0.28759 0.365951 0.350326 0.305468 
0.370872 0.368818 0.279714 0.344964 0.362827 
0.379398 0.375709 0.426519 0.327752 0.319214 
0.305765 0.378639 0.422824 0.271702 0.400481 
0.383356 0.337827 0.379579 0.311977 0.288716 
0.654491 0.619626 0.726838 0.586842 0.718098 
0.447333 0.53812 0.419923 0.366047 0.533415 
0.458457 0.348408 0.354405 0.373578 0.284315 
0.409543 0.520604 0.489023 0.437643 0.37941 
0.33159 0.534097 0.400133 0.410636 0.548362 
0.396574 0.376633 0.562701 0.378277 0.541025 
0.565771 0.450141 0.381592 0.546583 0.399321 
0.593791 0.39491 0.465609 0.44115 0.435663 
0.346138 0.388041 0.465189 0.401872 0.35303 
0.348508 0.467617 0.33834 0.486041 0.440213 
0.523994 0.634107 0.527457 0.484969 0.491906 
0.449254 0.466137 0.607831 0.398815 0.483127 
