5
857
0.259461 0.226963 0.306417 0.219947 0.293443 
0.371637 0.452629 0.450461 0.544924 0.336093 
0.419068 0.443257 0.5233139999999999 0.426659 0.315167 
0.282715 0.220169 0.269141 0.241503 0.29788 
0.594083 0.727305 0.706794 0.672119 0.630788 
0.241937 0.486252 0.387378 0.440532 0.427528 
0.488345 0.41006 0.532443 0.370324 0.321936 
0.669083 0.419349 0.699854 0.614927 0.581213 
0.525362 0.659785 0.692546 0.551523 0.74064 
0.669397 0.652707 0.561708 0.542643 0.500626 
0.273604 0.53938 0.442437 0.356381 0.5136500000000001 
0.362076 0.440308 0.515616 0.329464 0.379663 
0.533832 0.425427 0.520531 0.301026 0.389201 
0.398988 0.325577 0.258023 0.368791 0.418281 
0.301713 0.561568 0.345571 0.374005 0.512998 
0.492624 0.272161 0.475073 0.367073 0.27922 
0.261245 0.546087 0.341763 0.379477 0.436601 
0.298996 0.267936 0.237256 0.278614 0.224009 
0.245483 0.241641 0.304482 0.236278 0.308391 
0.440538 0.578344 0.5774319999999999 0.348572 0.549971 
0.466264 0.454452 0.535972 0.646529 0.509817 
0.477573 0.434229 0.484332 0.364759 0.640382 
0.281922 0.377991 0.219186 0.420043 0.312457 
0.42265 0.283949 0.294114 0.455788 0.318109 
0.7654609999999999 0.751255 0.723851 0.709031 0.7724259999999999 
0.315227 0.537096 0.478317 0.395596 0.625533 
0.562259 0.356488 0.651612 0.473303 0.427088 
0.398243 0.562279 0.528237 0.6150949999999999 0.6352449999999999 
0.227524 0.400679 0.26632 0.358698 0.366533 
0.573178 0.475242 0.6374300000000001 0.650717 0.454898 
0.449824 0.60895 0.361422 0.595886 0.359388 
0.585299 0.459882 0.335356 0.500688 0.378032 
0.520058 0.588802 0.512924 0.4234 0.403573 
0.250244 0.23554 0.23406 0.235604 0.26622 
0.764131 0.585385 0.708578 0.677787 0.707477 
0.600199 0.675712 0.6596379999999999 0.731599 0.621711 
0.365498 0.450921 0.548825 0.43591 0.636637 
0.490217 0.586353 0.388336 0.470105 0.362132 
0.499693 0.658778 0.447478 0.572375 0.670874 
0.414626 0.248513 0.359962 0.303507 0.382349 
0.332794 0.626201 0.389639 0.538764 0.439475 
0.715564 0.575638 0.5967980000000001 0.589412 0.451571 
0.559433 0.695011 0.380344 0.66111 0.535963 
0.306589 0.295532 0.261761 0.322993 0.216422 
0.71898 0.6179559999999999 0.6290289999999999 0.619395 0.484616 
0.439708 0.356748 0.492597 0.55792 0.5247230000000001 
0.643035 0.61397 0.681962 0.749961 0.5831499999999999 
0.353792 0.329658 0.446861 0.489647 0.386326 
0.6552750000000001 0.640149 0.773889 0.670277 0.671691 
0.269098 0.438769 0.298578 0.437836 0.470186 
0.644751 0.677565 0.593997 0.502026 0.619646 
0.456032 0.325428 0.586181 0.317741 0.5555020000000001 
0.375086 0.368662 0.345457 0.515649 0.474048 
0.232766 0.452536 0.383973 0.393395 0.409831 
0.394325 0.669109 0.532984 0.512215 0.6784210000000001 
0.614016 0.498916 0.486506 0.699223 0.565495 
0.440151 0.445824 0.655984 0.434742 0.602868 
0.32968 0.481325 0.46918 0.40199 0.343767 
0.42637 0.534286 0.370783 0.362747 0.600117 
0.504103 0.458975 0.503813 0.538112 0.691196 
0.418706 0.343969 0.579121 0.401923 0.367119 
0.300173 0.455517 0.3761 0.517137 0.349952 
0.315248 0.557088 0.377102 0.519934 0.398334 
0.49373 0.30591 0.565742 0.39931 0.556955 
0.7457 0.54001 0.586251 0.632334 0.560692 
0.389147 0.520848 0.533816 0.326943 0.612738 
0.396832 0.453928 0.48178 0.604204 0.473664 
0.237387 0.382534 0.366491 0.271301 0.333187 
0.438648 0.582711 0.5088549999999999 0.565815 0.368674 
0.589784 0.428438 0.511565 0.489292 0.283479 
0.376629 0.353537 0.550005 0.341471 0.572533 
0.6571900000000001 0.428401 0.541003 0.504898 0.593252 
0.390911 0.363099 0.517851 0.510283 0.372349 
0.510973 0.555011 0.387701 0.69264 0.547175 
0.770205 0.6412 0.725653 0.729603 0.653012 
0.269136 0.510812 0.281301 0.411001 0.412358 
0.688095 0.7806650000000001 0.6735409999999999 0.758787 0.759704 
0.559866 0.564704 0.447421 0.59697 0.652464 
0.630729 0.669547 0.714962 0.630644 0.786901 
0.416469 0.402492 0.253955 0.399607 0.412336 
0.505732 0.684061 0.467352 0.515895 0.459548 
0.369982 0.540175 0.5196730000000001 0.559853 0.63261 
0.540593 0.426324 0.440196 0.427303 0.281492 
0.501004 0.672006 0.382329 0.505722 0.535489 
0.260739 0.313551 0.309689 0.209532 0.31971 
0.427928 0.450375 0.610717 0.502889 0.665879 
0.248357 0.413805 0.226851 0.371028 0.333496 
0.450445 0.48666 0.685947 0.472908 0.556743 
0.709779 0.745922 0.721839 0.638756 0.738114 
0.62061 0.489291 0.585315 0.61458 0.370054 
0.307228 0.293483 0.290919 0.301264 0.212739 
0.576641 0.379284 0.365724 0.405851 0.422004 
0.70129 0.565643 0.471778 0.6489239999999999 0.511345 
0.341714 0.496365 0.579929 0.493415 0.525814 
0.410978 0.379257 0.436187 0.459009 0.589314 
0.385751 0.508212 0.260154 0.397265 0.369697 
0.462033 0.317869 0.54125 0.416091 0.583252 
0.7220760000000001 0.766724 0.717145 0.656182 0.728614 
0.734402 0.632144 0.611903 0.704617 0.524011 
0.412751 0.433272 0.578213 0.331127 0.622677 
0.378776 0.290715 0.477257 0.285466 0.494498 
0.387476 0.391583 0.33315 0.305969 0.267124 
0.586693 0.399046 0.647558 0.567676 0.416103 
0.377182 0.287656 0.393419 0.416544 0.260505 
0.72892 0.772224 0.736358 0.711324 0.738645 
0.365681 0.436475 0.256597 0.305423 0.369919 
0.27856 0.430682 0.491389 0.369738 0.4215 
0.354661 0.474825 0.57943 0.432378 0.461444 
0.686785 0.638348 0.803796 0.626954 0.712388 
0.744496 0.652007 0.656596 0.705176 0.543229 
0.4983 0.466231 0.649529 0.543098 0.423079 
0.446845 0.265916 0.530627 0.386345 0.432082 
0.422204 0.299477 0.392971 0.393501 0.237723 
0.635972 0.627468 0.396029 0.646587 0.520607 
0.449314 0.673461 0.399376 0.659069 0.51141 
0.622825 0.494147 0.6153419999999999 0.694488 0.6250250000000001 
0.650061 0.7558550000000001 0.543019 0.712961 0.564469 
0.558029 0.463218 0.354131 0.530977 0.304965 
0.583089 0.651159 0.6094850000000001 0.55793 0.7797230000000001 
0.574149 0.647174 0.655296 0.719715 0.634823 
0.5356300000000001 0.50024 0.650621 0.352674 0.553431 
0.642709 0.758029 0.601376 0.757229 0.620638 
0.454215 0.445854 0.427581 0.369803 0.283986 
0.308332 0.255492 0.236447 0.248866 0.276848 
0.244174 0.274822 0.281452 0.213363 0.229671 
0.573855 0.560212 0.740497 0.487931 0.694829 
0.391438 0.640639 0.518377 0.467293 0.678848 
0.570068 0.666402 0.750431 0.5723240000000001 0.685791 
0.605159 0.636296 0.460227 0.579303 0.661124 
0.6385150000000001 0.714886 0.543201 0.668143 0.695865 
0.631141 0.7522450000000001 0.576221 0.7329 0.563756 
0.56189 0.438271 0.473661 0.322334 0.453361 
0.370096 0.410082 0.45329 0.572124 0.518414 
0.61067 0.358059 0.476438 0.457335 0.307547 
0.322906 0.65594 0.434859 0.47669 0.5503169999999999 
0.346333 0.333603 0.295294 0.401232 0.231673 
0.564786 0.724308 0.446209 0.590606 0.54237 
0.59946 0.614928 0.6349089999999999 0.728287 0.542307 
0.631605 0.606094 0.540883 0.731831 0.678557 
0.761193 0.5921729999999999 0.680389 0.6029600000000001 0.674888 
0.577117 0.30312 0.575024 0.502309 0.436672 
0.434151 0.6096200000000001 0.408007 0.436684 0.390987 
0.521784 0.315592 0.509974 0.522521 0.441284 
0.546221 0.679995 0.505337 0.730159 0.526554 
0.499345 0.712433 0.530559 0.593309 0.709277 
0.667474 0.620218 0.49063 0.529787 0.59362 
0.437224 0.639373 0.563975 0.428536 0.507422 
0.439982 0.502544 0.336191 0.533714 0.284426 
0.490844 0.496512 0.61908 0.452829 0.386589 
0.585161 0.563152 0.492753 0.685191 0.647767 
0.392476 0.26018 0.441349 0.342173 0.438011 
0.5766 0.580125 0.548663 0.6291639999999999 0.729986 
0.598989 0.568854 0.467142 0.460099 0.396069 
0.382564 0.476339 0.37555 0.604718 0.35957 
0.610281 0.75065 0.608712 0.599362 0.5662509999999999 
0.662243 0.605944 0.721284 0.596644 0.747046 
0.701586 0.627748 0.518848 0.727836 0.5626640000000001 
0.371214 0.482038 0.35262 0.271232 0.472075 
0.365796 0.33687 0.363482 0.219319 0.356491 
0.424199 0.303897 0.347983 0.509118 0.299489 
0.274232 0.352763 0.206704 0.322477 0.359761 
0.5883429999999999 0.722811 0.73308 0.613115 0.6988220000000001 
0.294123 0.619707 0.419123 0.419847 0.501539 
0.531863 0.469866 0.644161 0.380229 0.676315 
0.290522 0.474039 0.468937 0.450495 0.399509 
0.7101730000000001 0.46075 0.701424 0.538694 0.542761 
0.578633 0.494404 0.511046 0.360655 0.429652 
0.305258 0.549766 0.430111 0.50274 0.424582 
0.425648 0.472485 0.276735 0.598677 0.43146 
0.574838 0.780541 0.59036 0.65298 0.65884 
0.720989 0.669283 0.59775 0.600812 0.69299 
0.728411 0.72051 0.7619629999999999 0.707492 0.775566 
0.749516 0.5211 0.646796 0.543675 0.56586 
0.617325 0.6253919999999999 0.5019479999999999 0.650079 0.689208 
0.539227 0.450937 0.521248 0.395516 0.321327 
0.633805 0.7650130000000001 0.649976 0.614358 0.68777 
0.32222 0.401442 0.552602 0.444724 0.488797 
0.6808959999999999 0.554592 0.737189 0.545197 0.561772 
0.618218 0.572248 0.670793 0.464005 0.729317 
0.307194 0.450396 0.358148 0.283989 0.485439 
0.524773 0.334512 0.346931 0.381522 0.407115 
0.559123 0.622252 0.359483 0.637541 0.480978 
0.308586 0.365227 0.263443 0.310336 0.233594 
0.655165 0.499798 0.655058 0.627657 0.449529 
0.771705 0.731737 0.739043 0.749521 0.689091 
0.5369699999999999 0.48427 0.410467 0.569814 0.281039 
0.34325 0.56562 0.438915 0.582462 0.52698 
0.339591 0.447456 0.43541 0.349777 0.608096 
0.309513 0.517226 0.479732 0.330955 0.486684 
0.465645 0.442564 0.312539 0.545712 0.313402 
0.333612 0.458789 0.286937 0.291539 0.362934 
0.298497 0.267303 0.281172 0.38824 0.26866 
0.545612 0.489949 0.457926 0.631453 0.320749 
0.460714 0.392499 0.607061 0.5593590000000001 0.53509 
0.569021 0.408357 0.571742 0.344063 0.579816 
0.670803 0.445943 0.630355 0.39718 0.498216 
0.361386 0.450375 0.241329 0.342925 0.40156 
0.522845 0.4014 0.433531 0.460081 0.616276 
0.388616 0.325917 0.300226 0.28126 0.420358 
 0.428 0.5706909999999999 0.632474 0.420362 0.527093 
0.658765 0.455744 0.44611 0.610955 0.409246 
0.36002 0.453172 0.556745 0.458902 0.383981 
0.398432 0.453117 0.275639 0.426302 0.475021 
0.320067 0.414993 0.524159 0.377015 0.40545 
0.322178 0.429902 0.546025 0.321042 0.549397 
0.214575 0.26729 0.2286 0.281642 0.241268 
0.43872 0.233989 0.475394 0.383812 0.376466 
0.353217 0.223497 0.411957 0.284919 0.350365 
0.67598 0.782577 0.651922 0.699444 0.710219 
0.568649 0.606955 0.659983 0.585176 0.766826 
0.434133 0.310869 0.321906 0.515817 0.350293 
0.537649 0.293546 0.38839 0.490292 0.356715 
0.357975 0.452204 0.37649 0.500169 0.292864 
0.604123 0.657377 0.569946 0.482886 0.682424 
0.307667 0.316817 0.43278 0.380697 0.470363 
0.369031 0.505542 0.604988 0.362353 0.622744 
0.710625 0.769863 0.676449 0.748915 0.76503 
0.296311 0.371001 0.323227 0.469476 0.454648 
0.569804 0.564777 0.536856 0.685098 0.673594 
0.710127 0.536652 0.578169 0.485663 0.457613 
0.519373 0.467557 0.701358 0.56029 0.619597 
0.533918 0.577854 0.633725 0.644813 0.73366 
0.495564 0.321614 0.606043 0.398754 0.528297 
0.740731 0.711934 0.728942 0.785443 0.741623 
0.68752 0.537451 0.707421 0.495145 0.675679 
0.425266 0.6855599999999999 0.5383790000000001 0.562983 0.704463 
0.234543 0.335048 0.370242 0.236885 0.382232 
0.744146 0.71344 0.780709 0.714511 0.704478 
0.292963 0.271367 0.228222 0.25907 0.237234 
0.492917 0.370994 0.325827 0.340071 0.394574 
0.720237 0.5913350000000001 0.596303 0.543038 0.671784 
0.616748 0.589434 0.6786180000000001 0.660406 0.496792 
0.468201 0.563769 0.358342 0.376683 0.560761 
0.409439 0.464081 0.602921 0.329871 0.634094 
0.342541 0.348539 0.544788 0.315954 0.529274 
0.590567 0.683447 0.700242 0.556462 0.745144 
0.563533 0.448041 0.582751 0.683739 0.532511 
0.601119 0.35183 0.550377 0.451899 0.590001 
0.329032 0.513312 0.436754 0.51668 0.347376 
0.542055 0.7544380000000001 0.646586 0.676019 0.669281 
0.641189 0.692621 0.517189 0.565828 0.593948 
0.247233 0.250704 0.305175 0.238929 0.247651 
0.5090519999999999 0.580001 0.621401 0.6495109999999999 0.712495 
0.710129 0.580531 0.7048179999999999 0.609668 0.730868 
0.300132 0.5354640000000001 0.324495 0.510009 0.496239 
0.745243 0.488347 0.634171 0.559217 0.565688 
0.482105 0.639981 0.452827 0.574767 0.395321 
0.696968 0.631497 0.574043 0.61088 0.461259 
0.333483 0.267082 0.303623 0.302579 0.218546 
0.420024 0.599903 0.345737 0.362599 0.531244 
0.532978 0.300037 0.393288 0.363654 0.361672 
0.544077 0.754439 0.606222 0.680006 0.68982 
0.255117 0.374282 0.29606 0.263065 0.403928 
0.712542 0.5015579999999999 0.708692 0.664532 0.58349 
0.411217 0.264002 0.487484 0.401927 0.297194 
0.486303 0.545896 0.541254 0.616225 0.6897529999999999 
0.41713 0.716564 0.440293 0.591785 0.576025 
0.321308 0.341605 0.247806 0.387476 0.230962 
0.540086 0.53957 0.572888 0.338724 0.539381 
0.761822 0.683906 0.666802 0.665449 0.7117830000000001 
0.45949 0.368478 0.271411 0.379887 0.301329 
0.669189 0.723787 0.577848 0.746851 0.697713 
0.33985 0.45174 0.448035 0.403988 0.628815 
0.510818 0.387226 0.427312 0.333162 0.529399 
0.294688 0.459915 0.386988 0.276263 0.480285 
0.75428 0.5671850000000001 0.730658 0.666064 0.683144 
0.372236 0.33209 0.476821 0.493867 0.373236 
0.294928 0.462712 0.519077 0.436112 0.429035 
0.5378230000000001 0.590197 0.637554 0.707651 0.602454 
0.414799 0.25566 0.397288 0.308372 0.280787 
0.438345 0.34678 0.324873 0.526115 0.279187 
0.61497 0.418323 0.463871 0.646997 0.459536 
0.261261 0.285058 0.272368 0.290993 0.378296 
0.340855 0.394729 0.553582 0.378674 0.564148 
0.205006 0.327515 0.231329 0.297883 0.311956 
0.52335 0.396129 0.505925 0.371211 0.312763 
0.596153 0.484073 0.656307 0.651182 0.653412 
0.343516 0.563976 0.504273 0.524261 0.625625 
0.223068 0.405282 0.256019 0.368999 0.300052 
0.536514 0.625189 0.402309 0.489529 0.419592 
0.294346 0.404562 0.242907 0.436489 0.377702 
0.221762 0.26133 0.269847 0.267131 0.293362 
0.730001 0.729778 0.646227 0.747571 0.595212 
0.642185 0.733074 0.741246 0.708008 0.764127 
0.637005 0.784326 0.639988 0.724799 0.727308 
0.471388 0.544342 0.699622 0.469767 0.648558 
0.478996 0.37296 0.574929 0.338332 0.361966 
0.575779 0.577776 0.476287 0.613472 0.343318 
0.71537 0.700417 0.597666 0.76069 0.603729 
0.549017 0.685461 0.528272 0.475992 0.609884 
0.689285 0.744939 0.640759 0.758695 0.74744 
0.453499 0.346795 0.413718 0.287006 0.285805 
0.379782 0.352646 0.532951 0.305314 0.548471 
0.283671 0.400057 0.470121 0.387485 0.541707 
0.33502 0.219374 0.361164 0.30632 0.249306 
0.581569 0.348549 0.482405 0.352939 0.47374 
0.298221 0.359173 0.488257 0.322389 0.381177 
0.282683 0.241586 0.279528 0.356326 0.275956 
0.586622 0.511262 0.538987 0.405535 0.646495 
0.282122 0.282344 0.389569 0.322898 0.310636 
0.44101 0.423578 0.38427 0.341361 0.28326 
0.432131 0.242078 0.376052 0.359357 0.279179 
0.515494 0.414325 0.339181 0.361104 0.426217 
0.66496  0.554 0.484939 0.703978 0.469255 
0.562788 0.593838 0.669176 0.68643 0.521346 
0.469205 0.421327 0.522296 0.415679 0.662278 
0.327759 0.541492 0.289361 0.368258 0.483121 
0.576089 0.603873 0.48412 0.744969 0.512396 
0.334609 0.492656 0.429848 0.373076 0.61629 
0.320777 0.529222 0.371077 0.512068 0.341459 
0.514991 0.258377 0.545373 0.367306 0.429815 
0.233793 0.263723 0.274692 0.306803 0.34928 
0.7002620000000001 0.734958 0.599341 0.698998 0.593623 
0.6486 0.414363 0.44378 0.480142 0.397574 
0.496705 0.490801 0.418776 0.431523 0.298103 
0.289069 0.300432 0.373309 0.23498 0.288623 
0.360947 0.544237 0.414243 0.555347 0.33753 
0.656842 0.688111 0.73229 0.591646 0.643463 
0.279057 0.38295 0.368939 0.456419 0.387617 
0.616735 0.416421 0.545986 0.558016 0.33979 
0.726047 0.465116 0.577728 0.564536 0.570918 
0.552828 0.6579930000000001 0.392289 0.615403 0.427854 
0.660411 0.383343 0.64425 0.490776 0.536793 
0.7398749999999999 0.721719 0.667049 0.801172 0.678411 
0.386678 0.403382 0.431254 0.251196 0.427093 
0.372248 0.320021 0.526016 0.309999 0.386905 
0.426205 0.613287 0.559642 0.6316929999999999 0.580637 
0.499605 0.347684 0.577431 0.297764 0.421259 
0.564522 0.547978 0.418904 0.700538 0.404629 
0.403734 0.343185 0.341759 0.526972 0.304023 
0.471092 0.656509 0.565432 0.5907019999999999 0.7418400000000001 
0.491831 0.412155 0.424087 0.384382 0.610547 
0.330827 0.5022 0.23893 0.466414 0.407883 
0.550345 0.629422 0.399899 0.7074820000000001 0.512266 
0.453822 0.40726 0.381892 0.438008 0.230514 
0.637803 0.392167 0.457276 0.437994 0.371598 
0.549052 0.65021 0.615387 0.416016 0.655488 
0.352916 0.445987 0.46378 0.273527 0.525292 
0.379226 0.226784 0.31972 0.365412 0.293594 
0.717742 0.526888 0.747769 0.586024 0.586049 
0.625823 0.501478 0.622726 0.708329 0.5285879999999999 
0.371079 0.223438 0.321974 0.369804 0.283054 
0.5426299999999999 0.507265 0.604696 0.592544 0.7327669999999999 
0.501378 0.549863 0.5851189999999999 0.601692 0.407489 
0.348388 0.513622 0.51656 0.545478 0.38933 
0.452293 0.639093 0.436134 0.6887529999999999 0.567155 
0.616031 0.738139 0.558287 0.76108 0.679697 
0.463771 0.266942 0.407043 0.329442 0.294054 
0.394209 0.398987 0.327565 0.518764 0.5072140000000001 
0.704746 0.533428 0.512447 0.6584 0.5894740000000001 
0.7366780000000001 0.476481 0.621918 0.643199 0.514364 
0.424103 0.41392 0.616151 0.327368 0.525125 
0.473464 0.488903 0.269069 0.451492 0.430286 
0.658413 0.375686 0.533232 0.564476 0.509653 
0.580105 0.428809 0.706404 0.422571 0.486363 
0.715121 0.508443 0.5635869999999999 0.610809 0.621843 
0.369968 0.636491 0.363026 0.404792 0.527131 
0.405923 0.251816 0.287873 0.34565 0.260506 
0.658893 0.594573 0.70451 0.582703 0.487339 
0.250877 0.393816 0.280889 0.434468 0.327508 
0.483263 0.302404 0.386411 0.350927 0.513609 
0.393286 0.575589 0.378077 0.390137 0.597203 
0.491349 0.551824 0.453903 0.451242 0.323775 
0.394194 0.6687959999999999 0.497828 0.60502 0.562131 
0.322052 0.396066 0.507182 0.28684 0.410636 
0.610923 0.363564 0.507823 0.580158 0.425165 
0.299212 0.47058 0.437134 0.333671 0.5945820000000001 
0.33463 0.350709 0.539853 0.296732 0.449842 
 0.492 0.719036 0.415878 0.536704 0.515913 
0.608937 0.376307 0.695728 0.545428 0.5048319999999999 
0.530971 0.463551 0.51723 0.597315 0.655077 
0.355725 0.531487  0.329 0.385472 0.328329 
0.648674 0.548173 0.637898 0.732726 0.506485 
0.558412 0.542218 0.74937 0.516317 0.574558 
0.455854 0.348501 0.621855 0.361282 0.506578 
0.473403 0.518934 0.5048010000000001 0.493787 0.305029 
0.400219 0.536795 0.524197 0.378966 0.67962 
0.536732 0.541627 0.510885 0.672329 0.4004 
0.65752 0.688249 0.573951 0.636199 0.483755 
0.714567 0.76092 0.645584 0.687818 0.723225 
0.233437 0.348058 0.323358 0.345272 0.303901 
0.7567700000000001 0.602492 0.594163 0.6340750000000001 0.596643 
0.594726 0.323555 0.573899 0.34984 0.513489 
0.486908 0.771505 0.506715 0.585768 0.630096 
0.538173 0.455815 0.574259 0.413348 0.344622 
0.495156 0.513803 0.375892 0.347702 0.509968 
0.479616 0.336862 0.281997 0.382717 0.346606 
0.5015770000000001 0.408394 0.400605 0.625561 0.34961 
0.483074 0.735138 0.442326 0.6157049999999999 0.612996 
0.418719 0.548628 0.320128 0.5777949999999999 0.356817 
0.435727 0.449681 0.26286 0.544435 0.390553 
0.77023 0.673495 0.638748 0.691335 0.589493 
0.573744 0.608343 0.744957 0.555603 0.703603 
0.288121 0.44884 0.460052 0.290028 0.466952 
0.363827 0.287758 0.353964 0.450383 0.292657 
0.290133 0.551015 0.334635 0.469991 0.412522 
0.356671 0.456181 0.336097 0.5310820000000001 0.509568 
0.525606 0.713848 0.474537 0.640606 0.648012 
0.630659 0.604452 0.436168 0.524481 0.524459 
0.71415 0.7403459999999999 0.639585 0.781604 0.652014 
0.510817 0.640794 0.678161 0.47441 0.550588 
0.485179 0.503694 0.56162 0.417315 0.730827 
0.426921 0.515951 0.590059 0.345577 0.456556 
0.430619 0.628989 0.360695 0.449271 0.576753 
0.49649 0.5665519999999999 0.539758 0.552566 0.364129 
0.5777679999999999 0.418468 0.698147 0.565788 0.5841 
0.644972 0.574341 0.535528 0.690214 0.398255 
0.442548 0.612164 0.501288 0.693833 0.5746329999999999 
0.555596 0.574193 0.564972 0.692872 0.452025 
0.5699650000000001 0.463198 0.656138 0.682354 0.545919 
0.512491 0.273837 0.462418 0.350271 0.355215 
0.468451 0.391369 0.628777 0.349549 0.6118170000000001 
0.551936 0.393632 0.431519 0.553423 0.556185 
0.651254 0.472876 0.539258 0.697363 0.48846 
0.370628 0.485969 0.394179 0.330136 0.308545 
0.49811 0.387643 0.472129 0.512042 0.638462 
0.72818 0.487139 0.592118 0.5727680000000001 0.431038 
0.503872 0.35828 0.532067 0.383328 0.315261 
0.516589 0.650365 0.653635 0.513896 0.753846 
0.699331 0.507323 0.524979 0.513818 0.498992 
0.453751 0.619246 0.295811 0.54693 0.498978 
0.679166 0.676142 0.612824 0.780354 0.654308 
0.617027 0.683756 0.535788 0.751513 0.541853 
0.617908 0.673796 0.605533 0.771058 0.599604 
0.435852 0.579584 0.280289 0.598484 0.505842 
0.623331 0.570191 0.588757 0.744885 0.5686 
0.722429 0.7683219999999999 0.715561 0.732954 0.669579 
0.51779 0.475568 0.433327 0.504748 0.649473 
0.448795 0.56834 0.383707 0.662659 0.404165 
0.57712 0.480589 0.380277 0.565658 0.555465 
0.379592 0.661196 0.368108 0.491061 0.571791 
0.434622 0.357167 0.416508 0.319278 0.259169 
0.7357359999999999 0.648863 0.563995 0.607172 0.5276690000000001 
0.705321 0.576176 0.6404840000000001 0.527248 0.690535 
0.667745 0.468727 0.672462 0.5174029999999999 0.640559 
0.678457 0.6039 0.647485 0.763328 0.6464760000000001 
0.634056 0.32996 0.567967 0.390197 0.458049 
0.719051 0.5567800000000001 0.524442 0.630754 0.585941 
0.548644 0.440096 0.700368 0.51884 0.522062 
0.510282 0.622519 0.591018 0.492369 0.461862 
0.601351 0.531753 0.720946 0.6727959999999999 0.563496 
0.499469 0.5462900000000001 0.359496 0.509621 0.305192 
0.553311 0.379247 0.484924 0.626898 0.383795 
0.453496 0.5933349999999999 0.6278319999999999 0.5175729999999999 0.461434 
0.524554 0.523962 0.6048789999999999 0.665575 0.627391 
0.667724 0.71419 0.55767 0.753879 0.578278 
0.580031 0.439373 0.59726 0.6710199999999999 0.462484 
0.671531 0.506584 0.558022 0.444391 0.586998 
0.58783 0.511527 0.45723 0.454524 0.345329 
0.639131 0.561087 0.564268 0.417115 0.560152 
0.387472 0.232438 0.414673 0.243371 0.35921 
0.444023 0.387751 0.27517 0.512091 0.41971 
0.5040249999999999 0.551524 0.715937 0.585887 0.65257 
0.660224 0.37442 0.627349 0.545438 0.433883 
0.501292 0.440575 0.328448 0.362142 0.432091 
0.285277 0.314863 0.340258 0.25328 0.423056 
0.485082 0.487445 0.619591 0.502811 0.715987 
0.547578 0.487517 0.428812 0.679882 0.376159 
0.207712 0.339014 0.28625 0.262693 0.34497 
0.221673 0.339017 0.315688 0.339115 0.343521 
0.418052 0.698786 0.402281 0.565706 0.518558 
0.659332 0.540188 0.478112 0.663106 0.428402 
0.600526 0.704747 0.52659 0.768411 0.622005 
0.678559 0.555432 0.496622 0.59362 0.412129 
0.325069 0.50198 0.557279 0.377708 0.525382 
0.37973 0.523845 0.342299 0.571151 0.534707 
0.670525 0.57151 0.474914 0.533073 0.54013 
0.6821700000000001 0.663673 0.718868 0.660338 0.771872 
0.214722 0.303054 0.32221 0.294165 0.345955 
0.713109 0.591432 0.669758 0.6808380000000001 0.7272999999999999 
0.23659 0.327297 0.285062 0.23352 0.279585 
0.778956 0.74566 0.759826 0.735561 0.742743 
0.599073 0.5082719999999999 0.416177 0.684225 0.468464 
0.45262 0.685604 0.482839 0.5407729999999999 0.688856 
0.348524 0.648799 0.473103 0.481429 0.517813 
0.43724 0.6487579999999999 0.576562 0.515053 0.492858 
0.235501 0.233575 0.25534 0.252762 0.236363 
0.334912 0.268424 0.368712 0.265072 0.415514 
0.6636069999999999 0.619707 0.5343560000000001 0.7272420000000001 0.473181 
0.68576 0.757815 0.7036829999999999 0.7689240000000001 0.736352 
0.643682 0.645533 0.772282 0.632487 0.629975 
0.57181 0.449036 0.665541 0.651249 0.529052 
0.314634 0.348224 0.229122 0.258995 0.282635 
0.57846 0.41548 0.375628 0.472547 0.288446 
0.606285 0.583716 0.628617 0.583897 0.766406 
0.384354 0.641967 0.5676020000000001 0.42632 0.589624 
0.623834 0.43456 0.400789 0.524421 0.468906 
0.388822 0.608322 0.406925 0.379512 0.572231 
0.48191 0.72006 0.470529 0.544361 0.506459 
0.606468 0.442088 0.540345 0.645627 0.373299 
0.368789 0.235308 0.284881 0.267872 0.273988 
0.537404 0.502016 0.694588 0.465213 0.447172 
0.441933 0.702829 0.591776 0.483011 0.620557 
0.273125 0.251472 0.237867 0.270604 0.295467 
0.421946 0.253425 0.329169 0.328068 0.258121 
0.664447 0.445082 0.5066889999999999 0.429129 0.407379 
0.48481 0.543117 0.467629 0.591036 0.329105 
0.733915 0.589439 0.62161 0.625004 0.472335 
0.389653 0.391538 0.489365 0.414451 0.290774 
0.457198 0.571747 0.44777 0.437105 0.703061 
0.637168 0.329262 0.535086 0.431932 0.479364 
0.5741540000000001 0.501428 0.463501 0.552931 0.306333 
0.414664 0.563393 0.348968 0.622054 0.473135 
0.284926 0.253759 0.30881 0.321762 0.230275 
0.351233 0.281385 0.237251 0.319562 0.322717 
0.436354 0.369171 0.36077 0.434958 0.22725 
0.433231 0.479386 0.370403 0.626609 0.395091 
0.470753 0.665909 0.461099 0.565351 0.434048 
0.29602 0.372794 0.397796 0.32162 0.525861 
0.500475 0.68088 0.576337 0.635699 0.740904 
0.632304 0.380087 0.470755 0.470771 0.366669 
0.546079 0.28561 0.558565 0.339264 0.444781 
0.629699 0.586264 0.701881 0.685178 0.530361 
0.573064 0.636885 0.747247 0.614279 0.620586 
0.421391 0.303783 0.296889 0.455509 0.294363 
0.300327 0.374631 0.458901 0.354447 0.537577 
0.440574 0.473062 0.527742 0.506641 0.326028 
0.737157 0.5629459999999999 0.662819 0.482268 0.594328 
0.360597 0.533005 0.331786 0.47484 0.313064 
0.672377 0.762973 0.611082 0.64279 0.6595529999999999 
0.301375 0.420851 0.546172 0.413755 0.504329 
0.416096 0.474271 0.419244 0.271478 0.459369 
0.71945 0.618472 0.635305 0.660713 0.734457 
0.198843 0.326287 0.31286 0.257088 0.324378 
0.670936 0.487966 0.575442 0.400583 0.460215 
0.589722 0.56503 0.744328 0.476601 0.642521 
0.22318 0.390412 0.295114 0.293402 0.32421 
0.569039 0.427068 0.50861 0.654258 0.56114 
0.54352 0.499011 0.526286 0.524289 0.740746 
0.653963 0.515085 0.45518 0.672476 0.5593050000000001 
0.551817 0.262777 0.468601 0.421191 0.357794 
0.659909 0.646577 0.722118 0.543779 0.736765 
0.385851 0.624509 0.589454 0.412968 0.6580510000000001 
0.643279 0.49937 0.746601 0.613837 0.5415450000000001 
0.620264 0.702748 0.484528 0.5824279999999999 0.503204 
0.636813 0.565576 0.511077 0.7224 0.49264 
0.511778 0.736298 0.447595 0.617955 0.535316 
0.718261 0.676011 0.59427 0.589933 0.660411 
0.456417 0.685737 0.400265 0.471813 0.604208 
0.717786 0.70362 0.731986 0.609187 0.724832 
0.600592 0.5591390000000001 0.697038 0.674091 0.671697 
0.632428 0.742048 0.706797 0.725953 0.7308829999999999 
0.586736 0.396237 0.457823 0.604788 0.501653 
0.5322440000000001 0.424716 0.287277 0.493796 0.353071 
0.614171 0.7259910000000001 0.576442 0.6340479999999999 0.500134 
0.623955 0.477233 0.58471 0.394235 0.623265 
0.561744 0.302117 0.599738 0.357176 0.45927 
0.408889 0.312949 0.261366 0.416137 0.319737 
0.455554 0.274376 0.419278 0.333257 0.481214 
0.701477 0.673561 0.666445 0.767145 0.6047 
0.363511 0.37294 0.447693 0.398604 0.266721 
0.653236 0.678209 0.5671929999999999 0.7309290000000001 0.70463 
0.509311 0.527608 0.542588 0.610468 0.362485 
0.262791 0.516204 0.40558 0.443308 0.516975 
0.657588 0.6310170000000001 0.552085 0.672969 0.424518 
0.64298 0.587978 0.579499 0.571262 0.747735 
0.705802 0.449552 0.6102649999999999 0.658534 0.531075 
0.510271 0.528792 0.298221 0.498375 0.39339 
0.7149799999999999 0.716626 0.784797 0.654527 0.732452 
0.387428 0.5448229999999999 0.646045 0.531868 0.526458 
0.344773 0.527706 0.36246 0.436285 0.315218 
0.20516 0.388702 0.307653 0.275832 0.364893 
0.374074 0.5444 0.335335 0.492613 0.5961920000000001 
0.229711 0.45528 0.426585 0.318394 0.489812 
0.658718 0.453593 0.5646679999999999 0.505251 0.632836 
0.297721 0.350692 0.271991 0.325085 0.451308 
0.465952 0.39774 0.344142 0.493199 0.531116 
0.357713 0.311587 0.420308 0.357626 0.518966 
0.417751 0.451178 0.46126 0.282965 0.52764 
0.516575 0.413981 0.390406 0.617783 0.492564 
0.5308619999999999 0.625685 0.444725 0.412269 0.562767 
0.579097 0.672807 0.732558 0.643369 0.696603 
0.441881 0.340161 0.442897 0.242502 0.461468 
0.674316 0.624431 0.485402 0.71312 0.609376 
0.649435 0.568267 0.42709 0.605209 0.443275 
0.42393 0.658197 0.375972 0.426005 0.520037 
0.582299 0.722279 0.529741 0.587359 0.714657 
0.342339 0.381644 0.364703 0.262292 0.469259 
0.531749 0.380928 0.403111 0.59004 0.328872 
0.410219 0.625288 0.462697 0.63227 0.4115 
0.694443 0.68863 0.554665 0.699375 0.6669620000000001 
0.533818 0.420337 0.408206 0.351202 0.514592 
0.760705 0.674643 0.7294850000000001 0.7475349999999999 0.680185 
0.488661 0.697803 0.414841 0.574801 0.611926 
0.630045 0.639882 0.458903 0.6201719999999999 0.630379 
0.281031 0.460473 0.45233 0.390977 0.368039 
0.496584 0.410722 0.675829 0.370763 0.568511 
0.721044 0.602109 0.75906 0.710754 0.619631 
0.379482 0.241464 0.447121 0.253974 0.353303 
0.477823 0.539085 0.419569 0.658484 0.607645 
0.363088 0.493898 0.512001 0.418213 0.6564950000000001 
0.554912 0.593157 0.498362 0.7183349999999999 0.623964 
0.588071 0.494872 0.514127 0.413427 0.358016 
0.578968 0.398961 0.60889 0.497324 0.644006 
0.727485 0.767602 0.76134 0.735883 0.747072 
0.494568 0.429905 0.651017 0.505161 0.406325 
0.283483 0.478665 0.477185 0.439748 0.513992 
0.7215009999999999 0.572151 0.557734 0.700631 0.599715 
0.597583 0.355763 0.443552 0.510343 0.350342 
0.542093 0.517969 0.704745 0.546316 0.676406 
0.731721 0.71072 0.781069 0.756004 0.757565 
0.453475 0.329816 0.41659 0.458736 0.255599 
0.619726 0.719073 0.547782 0.5904470000000001 0.7041190000000001 
0.706653 0.6504180000000001 0.662103 0.780851 0.652689 
0.384854 0.452949 0.259926 0.352054 0.3187 
0.5769 0.319919 0.478751 0.5216730000000001 0.400895 
0.318037 0.456413 0.513925 0.456465 0.393816 
0.614604 0.596681 0.754991 0.672882 0.659749 
0.311632 0.448344 0.41807 0.367445 0.315209 
0.561026 0.740191 0.581933 0.558145 0.693279 
0.272666 0.305575 0.296689 0.365963 0.411109 
0.2229 0.268788 0.220457 0.226674 0.25018 
0.5447610000000001 0.368952 0.325416 0.469174 0.375554 
0.292849 0.348795 0.323628 0.305735 0.243109 
0.742582 0.569914 0.589856 0.683539 0.567155 
0.572496 0.333707 0.447113 0.537868 0.309769 
0.579484 0.538359 0.440446 0.718085 0.517979 
0.350603 0.407855 0.27206 0.296921 0.282808 
0.555017 0.574226 0.70428 0.424486 0.625201 
0.401322 0.492933 0.243266 0.42854 0.414149 
0.666627 0.453838 0.466796 0.550227 0.5686870000000001 
0.284456 0.299499 0.318309 0.342147 0.229634 
0.691335 0.691559 0.627868 0.665644 0.755095 
0.737335 0.788182 0.702348 0.772721 0.706773 
0.280717 0.430505 0.224405 0.384981 0.290475 
0.579497 0.309229 0.437818 0.47097 0.45532 
0.411697 0.442722 0.465168 0.273684 0.50451 
0.710449 0.579144 0.646447 0.610139 0.730114 
0.346767 0.35881 0.293884 0.422816 0.521716 
0.445577 0.36759 0.317953 0.459549 0.259782 
0.550589 0.602576 0.427752 0.663362 0.390648 
0.509192 0.427454 0.666143 0.374573 0.409225 
0.449807 0.247618 0.492954 0.291849 0.393804 
0.73653 0.708748 0.741057 0.675893 0.775995 
0.72432 0.725384 0.6824170000000001 0.649245 0.755233 
0.478185 0.5716830000000001 0.590411 0.440393 0.73286 
0.604388 0.647574 0.463086 0.679561 0.643308 
0.397184 0.251538 0.424334 0.433811 0.390143 
0.44091 0.533187 0.499073 0.340866 0.653205 
0.627285 0.743727 0.579033 0.601747 0.55892 
0.511205 0.479514 0.385784 0.64393 0.5238159999999999 
0.6517579999999999 0.549395 0.729104 0.693967 0.630312 
0.752087 0.654168 0.755017 0.646338 0.637507 
0.496369 0.610714 0.658104 0.430463 0.68435 
0.631728 0.583168 0.422729 0.505057 0.424563 
0.757799 0.491447 0.63608 0.613516 0.606529 
0.524239 0.661708 0.549355 0.709637 0.675336 
0.514863 0.412804 0.654888 0.512189 0.613526 
0.348312 0.292834 0.257075 0.423061 0.337925 
0.73286 0.511067 0.6748150000000001 0.663206 0.555049 
0.471152 0.571515 0.31197 0.489547 0.356682 
0.5195070000000001 0.258782 0.518674 0.439295 0.474139 
0.593836 0.689458 0.494889 0.498504 0.546881 
0.321007 0.364171 0.314847 0.237316 0.386408 
0.310109 0.259004 0.316993 0.216746 0.363153 
0.452689 0.488053 0.290435 0.508473 0.507012 
0.54592 0.556456 0.37873 0.680953 0.43977 
0.671623 0.59977 0.654193 0.511389 0.706965 
0.702722 0.731371 0.736589 0.758136 0.667701 
0.489435 0.290027 0.425657 0.341543 0.293872 
0.485314 0.286625 0.536548 0.446868 0.524528 
0.318575 0.249827 0.221619 0.297726 0.241602 
0.394904 0.288167 0.512896 0.390585 0.406104 
0.602104 0.624492 0.514788 0.668247 0.713821 
0.303567 0.472996 0.314025 0.457572 0.282203 
0.245162 0.313633 0.203504 0.313357 0.253691 
0.403992 0.477194 0.45789 0.625517 0.42171 
0.461316 0.259243 0.36486 0.324558 0.358675 
0.598268 0.463485 0.71099 0.420996 0.622819 
0.716378 0.625952 0.552094 0.604226 0.641068 
0.356669 0.466393 0.262817 0.431169 0.28191 
0.348419 0.611108 0.367764 0.440484 0.403478 
0.426854 0.333497 0.492559 0.52482 0.451936 
0.584218 0.61353 0.403373 0.724266 0.5397999999999999 
0.591658 0.784277 0.656494 0.682942 0.735011 
0.357012 0.264467 0.442182 0.361588 0.286104 
0.285857 0.43621 0.3066 0.317637 0.310286 
0.78003 0.670278 0.661624 0.696483 0.699166 
0.444392 0.557329 0.497699 0.452793 0.71909 
0.509425 0.451955 0.5767640000000001 0.665107 0.439888 
0.294815 0.300564 0.386578 0.257584 0.273119 
0.379978 0.450276 0.427694 0.457497 0.635036 
0.360464 0.351055 0.352319 0.38392 0.225966 
0.72455 0.5545369999999999 0.5766289999999999 0.538257 0.453307 
0.363778 0.483164 0.604008 0.480925 0.618605 
0.416665 0.359874 0.444784 0.261528 0.319552 
0.668952 0.405851 0.576996 0.493952 0.573037 
0.437506 0.703708 0.475244 0.548698 0.66342 
0.655469 0.47627 0.636259 0.5553630000000001 0.381944 
0.70581 0.669524 0.692421 0.665848 0.541991 
0.612563 0.645614 0.666118 0.594936 0.473981 
0.546554 0.454876 0.581662 0.359926 0.6527579999999999 
0.436746 0.684522 0.59216 0.543834 0.712025 
0.395612 0.336574 0.46597 0.263137 0.530351 
0.511973 0.509474 0.357696 0.425877 0.53848 
0.375044 0.6871699999999999 0.417419 0.603282 0.470663 
0.526814 0.685001 0.43599 0.6228860000000001 0.454519 
0.601437 0.705519 0.608592 0.724317 0.53906 
0.321661 0.396224 0.39491 0.518495 0.416202 
0.617125 0.728952 0.580452 0.665811 0.497021 
0.471183 0.523598 0.331593 0.644713 0.50164 
0.402077 0.572178 0.469442 0.337193 0.617433 
0.200199 0.347102 0.259965 0.283498 0.290242 
0.354269 0.365672 0.204459 0.408453 0.319414 
0.542063 0.641158 0.676947 0.464672 0.616517 
0.509139 0.350448 0.469609 0.256794 0.349961 
0.232875 0.278349 0.253701 0.346707 0.269771 
0.601008 0.424854 0.605548 0.401577 0.6274380000000001 
0.745163 0.7221689999999999 0.663969 0.784552 0.666363 
0.333805 0.44734 0.449113 0.472797 0.584951 
0.325917 0.252547 0.440688 0.297479 0.374973 
0.763949 0.761025 0.768993 0.712863 0.761001 
0.455282 0.66161 0.656105 0.558267 0.615047 
0.262802 0.316954 0.25813 0.381102 0.268767 
0.6856910000000001 0.7219100000000001 0.7510790000000001 0.7327129999999999 0.673142 
0.361883 0.509479 0.497495 0.469952 0.33952 
0.549367 0.591723 0.580825 0.40297 0.485737 
0.661106 0.536862 0.643726 0.681912 0.467993 
0.511418    0.6 0.632741 0.405648 0.662118 
0.732391 0.653157 0.629242 0.778463 0.681548 
0.612565 0.524864 0.719882 0.447946 0.657725 
0.324912 0.460606 0.394532 0.284748 0.343136 
0.5547530000000001 0.455316 0.596403 0.659817 0.589773 
0.24766 0.362301 0.278435 0.241175 0.36116 
0.572976 0.487025 0.363478 0.409106 0.428188 
0.374679 0.262522 0.352733 0.427045 0.382717 
0.676914 0.44943 0.532733 0.570349 0.61259 
0.397669 0.295907 0.429787 0.246972 0.319934 
0.572406 0.5019479999999999 0.398295 0.623042 0.358047 
0.757531 0.72232 0.764397 0.670428 0.766251 
0.563051 0.398466 0.405637 0.366688 0.50434 
0.490232 0.501871 0.49595 0.339132 0.6287239999999999 
0.343933 0.279846 0.39286 0.429266 0.312426 
0.547805 0.401324 0.486524 0.6079290000000001 0.328915 
0.524382 0.670827 0.534285 0.48197 0.7252459999999999 
0.231922 0.31436 0.28175 0.222453 0.340336 
0.310919 0.434605 0.550603 0.351493 0.545142 
0.43832 0.442498 0.504839 0.572285 0.349724 
0.574163 0.6439780000000001 0.73571 0.646686 0.682187 
0.519788 0.352972 0.344547 0.367136 0.440648 
0.343794 0.404004 0.510451 0.266237 0.443348 
0.422878 0.340852 0.2826 0.314432 0.31474 
0.324711 0.571553 0.388089 0.415441 0.564986 
0.539382 0.649678 0.726445 0.521271 0.617014 
0.487632 0.345636 0.431388 0.263996 0.415374 
0.437771 0.554681 0.537067 0.445305 0.37874 
0.717903 0.644557 0.61827 0.6443179999999999 0.501323 
0.426405 0.596028 0.463644 0.375908 0.639313 
0.536932 0.291426 0.575134 0.430143 0.5453789999999999 
0.270127 0.301694 0.279005 0.238551 0.384009 
0.776092 0.580349 0.718297 0.6017980000000001 0.562045 
0.638966 0.663768 0.582935 0.771973 0.557432 
0.473646 0.332046 0.341143 0.30878 0.311171 
0.741874 0.664481 0.768985 0.724239 0.6572750000000001 
0.59604 0.6364300000000001 0.612522 0.727969 0.698841 
0.654226 0.6737610000000001 0.771539 0.66035 0.70496 
0.5010790000000001 0.432874 0.569785 0.422065 0.327522 
0.6630239999999999 0.355584 0.563743 0.51446 0.496146 
0.468912 0.295336 0.414321 0.273823 0.402499 
0.44518 0.277364 0.532034 0.299508 0.494473 
0.373876 0.658608 0.539899 0.472877 0.624777 
0.540393 0.622375 0.363639 0.491193 0.423994 
0.520882 0.491385 0.494897 0.348835 0.367839 
0.490133 0.654961 0.411961 0.689684 0.490372 
0.260095 0.272785 0.267317 0.214872 0.304383 
0.393487 0.6239479999999999 0.309526 0.507518 0.456379 
0.680238 0.558836 0.681548 0.724235 0.555787 
0.47892 0.351787 0.366665 0.535992 0.473937 
0.587917 0.451319 0.598375 0.507467 0.687151 
0.493897 0.310506 0.475438 0.425164 0.264706 
0.635077 0.513572 0.548616 0.479976 0.6792550000000001 
0.494722 0.508505 0.684526 0.5755670000000001 0.503226 
0.325937 0.298052 0.250193 0.403215 0.338842 
0.558504 0.548588 0.367282 0.418116 0.368676 
0.610642 0.603913 0.569393 0.742196 0.498425 
0.557649 0.693395 0.425799 0.675816 0.516274 
0.516603 0.591749 0.435393 0.655554 0.359833 
0.64505 0.657193 0.460602 0.637994 0.607847 
0.46958 0.612286 0.413055 0.691967 0.474978 
0.357834 0.299483 0.389454 0.222048 0.371136 
0.773487 0.591445 0.654413 0.662863 0.595008 
0.685389 0.614995 0.5749300000000001 0.72383 0.687227 
0.341505 0.596758 0.310743 0.463721 0.50037 
0.618092 0.38783 0.603622 0.403074 0.589114 
0.311201  0.458 0.308868 0.363982 0.536608 
0.633771 0.664752 0.701303 0.5034650000000001 0.616746 
0.219227 0.347196 0.339236 0.239833 0.363999 
0.466706 0.314457 0.458013 0.512748 0.47239 
0.406338 0.515498 0.479761 0.313923 0.590713 
0.29991 0.484571 0.312581 0.507131 0.40938 
0.504033 0.462096 0.635498 0.639563 0.511754 
0.483299 0.417214 0.404259 0.553597 0.283069 
0.632312 0.750488 0.60693 0.717485 0.7393960000000001 
0.296738 0.264567 0.332256 0.211308 0.294366 
0.478604 0.687215 0.676686 0.531389 0.645642 
0.244831 0.395222 0.236048 0.278051 0.330797 
0.476559 0.558468 0.671647 0.580103 0.495197 
0.312274 0.514624 0.316712 0.306738 0.456353 
0.630251 0.6540280000000001 0.753536 0.674592 0.748647 
0.274769 0.351068 0.388155 0.366435 0.275573 
0.310209 0.513682 0.523643 0.380205 0.592688 
0.7164 0.628294 0.594183 0.689943 0.700075 
0.475129 0.436291 0.537181 0.582809 0.366577 
0.499397 0.337276 0.513343 0.460511 0.597854 
0.526068 0.548062 0.738745 0.509572 0.649153 
0.5600270000000001 0.706115 0.655497 0.525494 0.748623 
0.440859 0.700302 0.58063 0.540336 0.646329 
0.324375 0.496498 0.412569 0.408984 0.597481 
0.322694 0.408172 0.21604 0.426403 0.375002 
0.341386 0.294143 0.488281 0.308497 0.485895 
0.670225 0.52375 0.590219 0.692352 0.45397 
0.356627 0.597403 0.553879 0.520091 0.650332 
0.387664 0.388007 0.257118 0.343372 0.260029 
0.69537 0.770273 0.749541 0.698526 0.768489 
0.526157 0.640041 0.372704 0.519108 0.530018 
0.360856 0.557358 0.254898 0.423437 0.422115 
0.233479 0.371955 0.411471 0.34193 0.390478 
0.521246 0.633733 0.689428 0.587062 0.741439 
0.48042 0.404428 0.276431 0.46496 0.435243 
0.520407 0.546136 0.417578 0.446839 0.633458 
0.528855 0.459127 0.578836 0.62392 0.403129 
0.531405 0.409181 0.321296 0.5483789999999999 0.351769 
0.47128 0.453373 0.454653 0.293948 0.531968 
0.386851 0.530383 0.356998 0.317618 0.449364 
0.394477 0.287191 0.442323 0.397809 0.25527 
0.630579 0.515115 0.645468 0.472921 0.422169 
0.548772 0.570456 0.416718 0.635718 0.331205 
0.634298 0.594791 0.45627 0.721672 0.574787 
0.590554 0.644527 0.586604 0.708688 0.729957 
0.538861 0.673192 0.5948600000000001 0.447628 0.5667759999999999 
0.261983 0.309558 0.372059 0.293974 0.29285 
0.310173 0.250553 0.244719 0.35041 0.277305 
0.433571 0.292084 0.319292 0.412976 0.261236 
0.462211 0.606403 0.51072 0.574273 0.727673 
0.570605 0.627799 0.515489 0.673849 0.701663 
0.704443 0.741119 0.745085 0.6303260000000001 0.723557 
0.612957 0.386473 0.645627 0.437865 0.414352 
0.279225 0.382721 0.197862 0.363926 0.30091 
0.615351 0.712155 0.62553 0.755981 0.609591 
0.660254 0.753748 0.615447 0.661211 0.745794 
0.407781 0.412185 0.639166 0.506794 0.572078 
0.456839 0.560355 0.33099 0.4297 0.557046 
0.459674 0.431536 0.673627 0.406111 0.546302 
0.613415 0.382624 0.663938 0.470248 0.591948 
0.727389 0.686154 0.707402 0.675084 0.7817809999999999 
0.384177 0.564794 0.574483 0.380491 0.482337 
0.436136 0.513439 0.320288 0.342779 0.416743 
0.515028 0.505317 0.501956 0.307144 0.509875 
0.713021 0.710653 0.734049 0.775718 0.751118 
0.711828 0.462879 0.705046 0.557482 0.589086 
0.363094 0.627287 0.527098 0.543813 0.622802 
0.680877 0.5630579999999999 0.602635 0.449091 0.6259479999999999 
0.37921 0.255731 0.296076 0.343716 0.246473 
0.479921 0.408412 0.303081 0.349312 0.307276 
0.6567809999999999 0.427262 0.642234 0.543856 0.394657 
0.406357 0.41086 0.589606 0.29655 0.471474 
0.344993 0.6574989999999999 0.366938 0.5458229999999999 0.564294 
