5
167
0.325359 0.377904 0.446085 0.385096 0.344124 
0.538478 0.369602 0.6307160000000001 0.527178 0.491251 
0.336971 0.601787 0.546674 0.470953 0.600261 
0.664914 0.57553 0.748645 0.573803 0.689784 
0.662838 0.655137 0.636768 0.7167829999999999 0.735159 
0.505793 0.418095 0.391336 0.510843 0.559161 
0.5299739999999999 0.342314 0.561411 0.494365 0.464881 
0.371033 0.513498 0.434345 0.524332 0.594526 
0.395649 0.387704 0.361666 0.494795 0.35258 
0.668253 0.6735 0.687873 0.612911 0.536957 
0.592373 0.618248 0.514866 0.711947 0.552505 
0.5232329999999999 0.633389 0.6175580000000001 0.574138 0.751054 
0.6526380000000001 0.449045 0.637056 0.514988 0.571859 
0.547593 0.532131 0.5668800000000001 0.549071 0.353346 
0.698136 0.505254 0.600639 0.689886 0.6113459999999999 
0.520279 0.708704 0.580929 0.657743 0.687588 
0.760886 0.669034 0.635074 0.709236 0.662866 
0.7474690000000001 0.753379 0.7458129999999999 0.717257 0.7490520000000001 
0.629076 0.672695 0.750624 0.612509 0.6853050000000001 
0.389064 0.332042 0.320588 0.430884 0.250813 
0.590408 0.412329 0.465601 0.483281 0.555717 
0.494961 0.607723 0.659888 0.526518 0.497289 
0.502756 0.511728 0.48021 0.363821 0.6247 
0.725094 0.685057 0.74048 0.653372 0.7186669999999999 
0.519475 0.610928 0.4927 0.693211 0.545662 
0.610133 0.55518 0.384864 0.637405 0.5541509999999999 
0.396046 0.583052 0.396655 0.353224 0.4949 
0.581274 0.708388 0.471558 0.612324 0.6464259999999999 
0.405544 0.483275 0.347092 0.530067 0.471157 
0.332068 0.373936 0.392029 0.479171 0.424782 
0.568149 0.490033 0.628842 0.436986 0.670695 
0.424052 0.409583 0.30532 0.428733 0.317185 
0.723849 0.5772890000000001 0.659097 0.711636 0.5525 
0.436289 0.478545 0.55265 0.326257 0.603542 
0.417464 0.428661 0.5550890000000001 0.545672 0.529769 
0.55729 0.5642779999999999 0.635416 0.58912 0.7416779999999999 
0.579687 0.553043 0.728087 0.521838 0.642991 
0.436931 0.50368 0.490838 0.618618 0.563412 
0.722568 0.6866409999999999 0.773735 0.6424800000000001 0.660095 
0.501462 0.57963 0.423744 0.446347 0.61363 
0.287716 0.467153 0.399326 0.340592 0.449874 
0.515791 0.523656 0.528425 0.489994 0.683358 
0.509208 0.430809 0.500701 0.594395 0.329795 
0.529609 0.590116 0.690254 0.521641 0.663896 
0.699174 0.694824 0.7574689999999999 0.696326 0.634666 
0.637582 0.571532 0.5625520000000001 0.622756 0.684272 
0.381207 0.513435 0.365002 0.322532 0.47602 
0.6477889999999999 0.54852 0.647159 0.505641 0.656693 
0.660207 0.541789 0.647873 0.456775 0.569337 
0.375266 0.417984 0.463082 0.415475 0.537053 
0.553764 0.674491 0.622583 0.682809 0.706462 
0.599403 0.443442 0.595626 0.564437 0.662488 
0.582842 0.635173 0.750761 0.52856 0.678261 
0.466755 0.683102 0.449187 0.538799 0.558233 
0.446054 0.540513 0.451877 0.6154809999999999 0.395948 
0.338482 0.279174 0.397129 0.324242 0.305556 
0.434303 0.461671 0.298547 0.42932 0.345604 
0.40685 0.468045 0.332586 0.342255 0.321433 
0.495658 0.34404 0.328777 0.49303 0.343864 
0.73071 0.531061 0.6685410000000001 0.586383 0.615227 
0.489128 0.554231 0.370304 0.477451 0.591419 
0.622985 0.6864479999999999 0.467559 0.626124 0.605799 
0.485248 0.573113 0.586757 0.652392 0.472861 
0.426489 0.603321 0.527697 0.527632 0.442419 
0.47829 0.54795 0.442129 0.659227 0.561181 
0.475994 0.445374 0.495845 0.279838 0.396111 
0.472437 0.317525 0.386888 0.328042 0.32141 
0.397387 0.418361 0.503791 0.291828 0.400817 
0.642656 0.467447 0.661725 0.494856 0.534826 
0.57498 0.523491 0.693304 0.519088 0.465856 
0.524428 0.452232 0.419989 0.353676 0.44961 
0.648102 0.430608 0.482586 0.45444 0.502599 
0.610115 0.63959 0.557558 0.514448 0.494029 
0.370205 0.591536 0.339002 0.516146 0.524608 
0.668166 0.47057 0.5899219999999999 0.67519 0.5248080000000001 
0.326234 0.545227 0.409439 0.38246 0.433567 
0.631819 0.5330589999999999 0.527461 0.613538 0.368533 
0.624236 0.457232 0.529949 0.547978 0.378429 
0.56707 0.614981 0.708965 0.614706 0.662934 
0.471758 0.654965 0.489883 0.612058 0.519876 
0.53409 0.742962 0.58343 0.599383 0.737193 
0.503236 0.689945 0.531659 0.5536140000000001 0.703666 
0.351397 0.465388 0.457006 0.296174 0.5598070000000001 
0.236853 0.394071 0.263841 0.301421 0.340547 
0.477478 0.442152 0.358743 0.501215 0.303692 
0.660014 0.709333 0.547372 0.672733 0.5285609999999999 
0.752595 0.653019 0.710661 0.742702 0.680436 
0.457926 0.5951 0.583696 0.458598 0.471057 
0.633885 0.406277 0.470896 0.552338 0.466391 
0.662285 0.66851 0.671482 0.742688 0.6855520000000001 
0.426484 0.357821 0.361255 0.479652 0.461893 
0.596086 0.715401 0.506296 0.583579 0.591248 
0.336295 0.602214 0.443875 0.400494 0.543793 
0.293539 0.306856 0.308235 0.243101 0.273892 
0.419962 0.537311 0.529521 0.555511 0.658847 
0.554427 0.679744 0.664242 0.533735 0.576906 
0.5444329999999999 0.418989 0.6530589999999999 0.476208 0.675318 
0.582935 0.428081 0.401814 0.558814 0.477387 
0.402931 0.363778 0.493367 0.344167 0.320244 
0.723508 0.589178 0.627667 0.5702700000000001 0.573638 
0.495387 0.502094 0.358133 0.508257 0.53661 
0.5144069999999999 0.621891 0.5765479999999999 0.468362 0.683862 
0.723615 0.763776 0.718628 0.75497 0.702765 
0.423161 0.573147 0.375431 0.524882 0.4086 
0.672145 0.515105 0.597927 0.537533 0.6475610000000001 
0.395087 0.282545 0.356086 0.350175 0.321366 
0.457417 0.43553 0.6107629999999999 0.429134 0.536237 
0.583419 0.569153 0.477214 0.540236 0.668197 
0.605372 0.539488 0.593612 0.394978 0.593043 
0.529051 0.516011 0.505182 0.529038 0.331414 
0.44664 0.485828 0.6062650000000001 0.578503 0.508247 
0.352537 0.506899 0.411969 0.579263 0.439882 
0.334362 0.261812 0.383291 0.342892 0.326882 
0.451944 0.662313 0.519716 0.437949 0.620158 
0.334685 0.38119 0.312004 0.42648 0.293836 
0.630802 0.494412 0.5045190000000001 0.528679 0.396683 
0.58143 0.573661 0.514595 0.430559 0.566006 
0.469289 0.451476 0.5994390000000001 0.291004 0.54642 
0.719446 0.746649 0.696458 0.719379 0.746796 
0.292416 0.379611 0.382793 0.307904 0.353772 
0.468467 0.570387 0.51422 0.6758690000000001 0.601104 
0.464535 0.417243 0.370831 0.538765 0.528134 
0.560283 0.526767 0.496172 0.600565 0.65221 
0.593453 0.705934 0.716652 0.5440390000000001 0.690912 
0.414288 0.458904 0.398678 0.355334 0.327881 
0.563264 0.348411 0.458533 0.397986 0.430955 
0.518304 0.610659 0.38545 0.550978 0.581807 
0.6447310000000001 0.52851 0.457252 0.561158 0.611638 
0.498269 0.548835 0.457366 0.660548 0.603644 
0.545403 0.492957 0.547385 0.589973 0.679446 
 0.529 0.671272 0.455061 0.670023 0.546974 
0.446728 0.5031639999999999 0.443205 0.316708 0.482902 
0.488636 0.463618 0.403472 0.360726 0.349903 
0.36718 0.329923 0.393721 0.443066 0.433229 
0.746828 0.741625 0.730894 0.693142 0.696848 
0.417569 0.30608 0.479931 0.398725 0.455121 
0.411566 0.586711 0.555389 0.587363 0.594272 
0.568457 0.620151 0.601627 0.434997 0.574802 
0.751432 0.75254 0.775883 0.7271 0.740528 
0.361852 0.49266 0.334312 0.441865 0.557967 
0.689394 0.72261 0.740619 0.719333 0.754823 
0.648824 0.675323 0.51286 0.582701 0.64261 
0.34803 0.534076 0.385398 0.525873 0.5321709999999999 
0.401987 0.338709 0.293137 0.391758 0.369756 
0.404304 0.612007 0.488991 0.447569 0.638642 
0.485498 0.574072 0.66553 0.438245 0.593031 
0.608672 0.660058 0.680899 0.465404 0.563254 
0.360568 0.338186 0.503332 0.407319 0.442816 
0.376472 0.564352 0.455009 0.605589 0.528532 
0.557737 0.427388 0.563424 0.5804820000000001 0.366146 
0.448208 0.369187 0.340507 0.332889 0.377014 
0.375798 0.258205 0.35681 0.370461 0.364772 
0.522818 0.47548 0.6807029999999999 0.35218 0.580716 
0.481103 0.666238 0.494641 0.633666 0.683316 
0.60883 0.398086 0.468924 0.571222 0.323942 
0.54848 0.700578 0.464823 0.583225 0.46977 
0.569888 0.427361 0.645332 0.605398 0.5201440000000001 
0.405683 0.300783 0.316604 0.297258 0.349668 
0.332157 0.586098 0.440458 0.48088 0.592571 
0.435483 0.291829 0.432041 0.366596 0.459797 
0.454241 0.343017 0.496763 0.534296 0.456983 
0.567795 0.659513 0.526668 0.709016 0.645628 
0.338863 0.54271 0.32958 0.422927 0.460817 
0.558912 0.5649149999999999 0.539221 0.724481 0.507254 
0.523232 0.62334 0.660253 0.609692 0.562331 
0.399386 0.291771 0.480009 0.378109 0.373957 
0.6502869999999999 0.723961 0.750898 0.614845 0.732449 
