5
303
0.447831 0.429303 0.613009 0.365618 0.475912 
0.486641 0.433369 0.462169 0.604318 0.5194 
0.446087 0.435767 0.35444 0.575728 0.486464 
0.464474 0.717011 0.562468 0.615001 0.575896 
0.315043 0.386675 0.388273 0.494595 0.351275 
0.608671 0.670138 0.663707 0.564585 0.556151 
0.49337 0.389097 0.53659 0.574264 0.395519 
0.281712 0.40781 0.431656 0.322462 0.389197 
0.418066 0.46409 0.55563 0.49177 0.589286 
0.400206 0.337981 0.424217 0.472836 0.452168 
0.501057 0.259283 0.481156 0.398402 0.395275 
0.638864 0.41207 0.510346 0.467961 0.416902 
0.45843 0.492323 0.447078 0.539581 0.304948 
0.430625 0.281999 0.486626 0.403249 0.43486 
0.654564 0.629325 0.756831 0.6158439999999999 0.63017 
0.5273679999999999 0.657304 0.557219 0.477611 0.699867 
0.455548 0.273933 0.376888 0.419122 0.355845 
0.403767 0.283955 0.345394 0.400532 0.278972 
0.610793 0.391792 0.460235 0.396667 0.459528 
0.411561 0.425734 0.272638 0.357988 0.361738 
0.601351 0.666804 0.535879 0.715013 0.510941 
0.483411 0.537868 0.647239 0.5375450000000001 0.533806 
0.505237 0.579506 0.63106 0.659474 0.604648 
0.739276 0.631123 0.698742 0.74235 0.646861 
0.467289 0.559131 0.339452 0.384398 0.490804 
0.545313 0.37449 0.407602 0.5381 0.339777 
0.471145 0.634791 0.570024 0.512081 0.452404 
0.365738 0.304859 0.357292 0.426483 0.386972 
0.530734 0.596345 0.537022 0.371391 0.620041 
0.406267 0.467939 0.296359 0.483989 0.287099 
0.446154 0.689715 0.471446 0.5580580000000001 0.5557879999999999 
0.64112 0.752755 0.557759 0.693546 0.646665 
0.301072 0.398729 0.378255 0.420985 0.304512 
0.469024 0.379389 0.355565 0.550948 0.300694 
0.509274 0.3525 0.5190900000000001 0.434609 0.352302 
0.324487 0.439773 0.312861 0.378988 0.467302 
0.511736 0.668472 0.691147 0.596015 0.681949 
0.651407 0.632623 0.650521 0.6688460000000001 0.501017 
0.39015 0.406799 0.406186 0.268205 0.519796 
0.54611 0.359511 0.383871 0.472862 0.439105 
0.439696 0.533197 0.530964 0.337961 0.5056619999999999 
0.348635 0.282729 0.288738 0.357619 0.337735 
0.369581 0.370128 0.369249 0.251669 0.434529 
0.328656 0.340119 0.250252 0.363166 0.268855 
0.620215 0.462435 0.49046 0.589748 0.35883 
0.351199 0.51812 0.286039 0.407297 0.339083 
0.449885 0.353187 0.374041 0.531649 0.287022 
0.405179 0.330238 0.396982 0.254105 0.410795 
0.448941 0.574708 0.349011 0.489229 0.337861 
0.417768 0.60039 0.404816 0.387697 0.526981 
0.642272 0.681319 0.706381 0.665509 0.7551020000000001 
0.525223 0.631253 0.482997 0.490966 0.458429 
0.360863 0.380771 0.48803 0.328286 0.372669 
0.479544 0.387084 0.442364 0.284338 0.43092 
0.331033 0.353197 0.361661 0.467564 0.378267 
0.670127 0.44435 0.625596 0.564235 0.480101 
0.692516 0.7566349999999999 0.682064 0.695496 0.6372060000000001 
0.39291 0.638724 0.418318 0.518963 0.536721 
0.637055 0.547978 0.636132 0.535572 0.458567 
0.506403 0.57202 0.625961 0.62586 0.687572 
0.508792 0.562312 0.454236 0.5689610000000001 0.635321 
0.52721 0.57029 0.66576 0.580539 0.535265 
0.325474 0.560608 0.504713 0.42309 0.558088 
0.466207 0.702413 0.511534 0.612621 0.496495 
0.487705 0.405565 0.625813 0.377278 0.502974 
0.415262 0.450036 0.518751 0.443619 0.35867 
0.26636 0.300115 0.253864 0.31689 0.305294 
0.262168 0.307914 0.296101 0.291409 0.249919 
0.491896 0.356683 0.351746 0.512777 0.397018 
0.339668 0.462121 0.521312 0.483763 0.504783 
0.533562 0.462435 0.49683 0.650578 0.402762 
0.667865 0.626868 0.576996 0.745097 0.556872 
0.600965 0.448431 0.457585 0.649075 0.342114 
0.660552 0.5292289999999999 0.70869 0.6332989999999999 0.508618 
0.6087320000000001 0.6423720000000001 0.556206 0.53115 0.679876 
0.591882 0.513412 0.5248969999999999 0.380951 0.464794 
0.455766 0.287471 0.515875 0.329981 0.442734 
0.631624 0.405527 0.439905 0.5797020000000001 0.406565 
0.582597 0.500371 0.702877 0.533666 0.6438390000000001 
0.5460199999999999 0.668398 0.5109900000000001 0.6830000000000001 0.488572 
0.654323 0.604422 0.64076 0.466918 0.61627 
0.524335 0.432348 0.603039 0.553261 0.597714 
0.453379 0.515957 0.482433 0.6381599999999999 0.551335 
0.586191 0.591022 0.513306 0.565891 0.399227 
0.547578 0.535202 0.587607 0.565308 0.684211 
0.358898 0.2536 0.374527 0.307493 0.400418 
0.745526 0.666057 0.701743 0.729762 0.70635 
0.503537 0.413695 0.583008 0.381503 0.580593 
0.5758 0.642544 0.414831 0.652231 0.599015 
0.655264 0.383702 0.519168 0.56847 0.392375 
0.57919 0.623117 0.553432 0.671422 0.451362 
0.623942 0.55233 0.533203 0.439892 0.514873 
0.553432 0.597184 0.454559 0.698984 0.487642 
0.5891380000000001 0.63021 0.68914 0.610101 0.543617 
0.699967 0.524223 0.66926 0.53795 0.529202 
0.573099 0.523529 0.4197 0.447907 0.612892 
0.691659 0.710985 0.609964 0.633613 0.630982 
0.533605 0.59588 0.388039 0.488056 0.496769 
0.657424 0.48809 0.5454830000000001 0.680044 0.408141 
0.588079 0.725025 0.611181 0.574414 0.666455 
0.491717 0.350662 0.413314 0.44061 0.540044 
0.6691049999999999 0.6378 0.511609 0.566951 0.610478 
0.508356 0.683485 0.5837290000000001 0.61692 0.678077 
0.524981 0.560586 0.674993 0.48817 0.511709 
0.667098 0.688636 0.573746 0.658434 0.550374 
0.698336 0.597132 0.578371 0.60908 0.522437 
0.312958 0.416395 0.452337 0.487261 0.458328 
0.531127 0.531493 0.650698 0.455126 0.663836 
0.450588 0.484681 0.303711 0.445589 0.445703 
0.516283 0.520465 0.416692 0.354831 0.526263 
0.707006 0.6007479999999999 0.628623 0.719765 0.531259 
0.50235 0.527699 0.36083 0.512327 0.316875 
0.627258 0.540866 0.535544 0.688602 0.600043 
0.52175 0.429615 0.5750189999999999 0.519079 0.636798 
0.430598 0.447102 0.637136 0.427112 0.499456 
0.677079 0.70629 0.637544 0.74846 0.616639 
0.466081 0.29148 0.353405 0.391008 0.327199 
0.6837760000000001 0.746736 0.720765 0.695973 0.718598 
0.281923 0.412015 0.428534 0.402807 0.511226 
0.417607 0.60975 0.423365 0.40704 0.42229 
0.463108 0.459936 0.582327 0.423312 0.637692 
0.436262 0.459682 0.333379 0.403495 0.253738 
0.391029 0.421688 0.540893 0.501591 0.494289 
0.744467 0.601785 0.74173 0.650003 0.6944630000000001 
0.714376 0.630403 0.681088 0.594703 0.586125 
0.745316 0.679436 0.703593 0.689512 0.669891 
0.338044 0.276275 0.429218 0.388719 0.339893 
0.729195 0.573715 0.748022 0.692612 0.657602 
0.70536 0.7097 0.6274729999999999 0.738838 0.6022690000000001 
0.486692 0.6057399999999999 0.40753 0.603154 0.46855 
0.516765 0.45934 0.567217 0.605878 0.569618 
0.475083 0.589197 0.573276 0.492153 0.700291 
0.278091 0.295132 0.331017 0.252291 0.302633 
0.438076 0.559056 0.383558 0.558203 0.588152 
0.40663 0.319856 0.302858 0.437607 0.265787 
0.268458 0.373696 0.402261 0.360079 0.474267 
0.249403 0.373424 0.330381 0.293453 0.336112 
0.7447510000000001 0.699363 0.676708 0.670026 0.589491 
0.608356 0.527502 0.662513 0.592063 0.448863 
0.497879 0.486083 0.400486 0.556969 0.271058 
0.508054 0.627537 0.418982 0.518181 0.426947 
0.269172 0.351937 0.231833 0.308806 0.323591 
0.356132 0.314323 0.423309 0.259101 0.391938 
0.551613 0.391977 0.465792 0.407089 0.559965 
0.604606 0.782379 0.552956 0.71097 0.640224 
0.580304 0.469886 0.653084 0.374293 0.616152 
0.712498 0.733837 0.684739 0.682663 0.6786799999999999 
0.569566 0.495772 0.414341 0.434803 0.565939 
0.612523 0.399863 0.509854 0.581654 0.491843 
0.602229 0.542256 0.590005 0.477193 0.669484 
0.502181 0.6778729999999999 0.550104 0.46433 0.669739 
0.65869 0.65338 0.603212 0.589459 0.512344 
0.367903 0.324456 0.277633 0.388628 0.335706 
0.563878 0.462532 0.473692 0.347751 0.421961 
0.49297 0.608615 0.664629 0.413197 0.533002 
0.475518 0.354044 0.412048 0.350544 0.504314 
0.573115 0.492613 0.5719379999999999 0.366827 0.56847 
0.6548310000000001 0.471534 0.633468 0.635917 0.589852 
0.535264 0.696784 0.592874 0.50827 0.615296 
0.374146 0.373425 0.481821 0.263425 0.448547 
0.495886 0.592503 0.532206 0.701327 0.553654 
0.632755 0.352361 0.540481 0.45416 0.4151 
0.514584 0.320629 0.487593 0.413136 0.342042 
0.475753 0.639838 0.454024 0.450331 0.625265 
0.524787 0.368895 0.544874 0.320042 0.4982 
0.332559 0.409391 0.234069 0.369954 0.327789 
0.454454 0.541806 0.603535 0.461331 0.448428 
0.370231 0.518466 0.463166 0.320754 0.538596 
0.483239 0.303568 0.42272 0.322613 0.4384 
0.522686 0.404117 0.5049400000000001 0.388828 0.366721 
0.588537 0.707515 0.647107 0.535169 0.718561 
0.585581 0.612779 0.633972 0.697151 0.587543 
0.70206 0.575388 0.6393990000000001 0.637794 0.7094780000000001 
0.494534 0.5839299999999999 0.40957 0.644904 0.571982 
0.295745 0.518777 0.400427 0.336835 0.462918 
0.517364 0.362119 0.357358 0.463919 0.465779 
0.445092 0.387302 0.432872 0.27628 0.339275 
0.506427 0.448186 0.603313 0.55729 0.416462 
0.434112 0.271485 0.371336 0.319215 0.348672 
0.7128370000000001 0.698147 0.5981649999999999 0.640416 0.620239 
0.597517 0.521813 0.475659 0.635099 0.627858 
0.69223 0.60295 0.5732969999999999 0.721902 0.56451 
0.499883 0.339332 0.567433 0.378719 0.505725 
0.527266 0.452743 0.48109 0.625753 0.5398849999999999 
0.393209 0.343755 0.370657 0.459251 0.237514 
0.456907 0.532416 0.482949 0.672874 0.497574 
0.642746 0.434492 0.652492 0.505729 0.510961 
0.546641 0.664687 0.6488390000000001 0.481979 0.667024 
0.624278 0.567469 0.5324 0.493975 0.6537190000000001 
0.705627 0.7308519999999999 0.624279 0.766288 0.688358 
0.564698 0.403784 0.525304 0.358525 0.525297 
0.572195 0.721247 0.50879 0.593303 0.646564 
0.365287 0.302695 0.440245 0.307279 0.450959 
0.387125 0.379151 0.315931 0.265873 0.340167 
0.274141 0.521128 0.364897 0.43309 0.399772 
0.58067 0.333573 0.493361 0.394057 0.38409 
0.670282 0.721681 0.727868 0.644666 0.6903629999999999 
0.346019 0.475577 0.529789 0.330746 0.490629 
0.446059 0.37725 0.311771 0.49184 0.365925 
0.351296 0.38374 0.28741 0.376794 0.439959 
0.454293 0.489589 0.299771 0.573416 0.455257 
0.684463 0.677095 0.588993 0.63793 0.68854 
0.396505 0.453714 0.458652 0.324183 0.5786289999999999 
0.5911459999999999 0.463944 0.453451 0.394818 0.45983 
0.674511 0.7185240000000001 0.6038 0.746848 0.626603 
0.476504 0.281901 0.36676 0.380646 0.343046 
0.399512 0.380066 0.486997 0.402917 0.349918 
0.579705 0.378442 0.49557 0.374749 0.442828 
0.445864 0.388149 0.558595 0.498715 0.423143 
0.555602 0.6326580000000001 0.545326 0.6732399999999999 0.449471 
0.31233 0.268317 0.302544 0.353918 0.304685 
0.629811 0.672288 0.722463 0.6992390000000001 0.699715 
0.604549 0.700859 0.7560519999999999 0.617746 0.685707 
0.38479 0.491365 0.535019 0.509442 0.435881 
0.450571 0.497511 0.35147 0.6145040000000001 0.509317 
0.459049 0.550603 0.388162 0.636799 0.493622 
0.279664 0.342036 0.306087 0.245305 0.349665 
0.6992699999999999 0.674329 0.64242 0.630563 0.735101 
0.417177 0.339327 0.444849 0.325761 0.540059 
0.225562 0.314023 0.269995 0.251619  0.333 
0.407239 0.317783 0.325581 0.276497 0.378776 
0.711176 0.6373450000000001 0.712236 0.7142230000000001 0.590133 
0.399187 0.412628 0.5379620000000001 0.407188 0.397103 
0.594079 0.7090689999999999 0.703068 0.638947 0.735852 
0.656477 0.5596989999999999 0.566648 0.683188 0.6223070000000001 
0.617432 0.731382 0.70584 0.6980690000000001 0.7138099999999999 
0.36601 0.36506 0.4468 0.249393 0.488774 
0.679902 0.526953 0.465797 0.6171489999999999 0.497416 
0.62709 0.437518 0.67809 0.510095 0.614117 
0.379447 0.641899 0.43976 0.474765 0.554416 
0.618547 0.494794 0.69476 0.600421 0.653959 
0.456499 0.547279 0.58556 0.349308 0.537663 
0.628227 0.3152 0.542095 0.444739 0.445952 
0.607273 0.578238 0.675801 0.513496 0.723801 
0.362957 0.33946 0.281991 0.388831 0.402209 
0.452174 0.414566 0.285069 0.438441 0.390617 
0.658648 0.711015 0.56965 0.741738 0.653901 
0.464439 0.382114 0.301693 0.46936 0.257812 
0.6356270000000001 0.742564 0.58061 0.64327 0.651977 
0.609182 0.407999 0.674215 0.5344640000000001 0.527311 
0.35143 0.260458 0.329312 0.251844 0.327121 
0.307329 0.506406 0.386991 0.5024690000000001 0.388717 
0.591322 0.377607 0.61758 0.571441 0.43631 
0.403447 0.399396 0.409704 0.450405 0.580325 
0.447159 0.421329 0.363344 0.5725710000000001 0.515706 
0.468905 0.51844 0.404063 0.629264 0.588622 
0.38734 0.485769 0.36703 0.313115 0.465695 
0.483966 0.600899 0.475445 0.385209 0.452074 
0.547002 0.398101 0.555095 0.517075 0.369014 
0.644598 0.663355 0.65064 0.732953 0.699954 
0.541194 0.547366 0.554688 0.664592 0.473947 
0.487894 0.318464 0.571427 0.42552 0.440617 
0.424403 0.262877 0.329746 0.384423 0.319549 
0.655845 0.49551 0.689376 0.563235 0.494991 
0.416939 0.318169 0.299379 0.338671 0.386589 
0.436201 0.657403 0.562292 0.52732 0.694947 
0.684391 0.729094 0.711512 0.74196 0.719719 
0.274174 0.411654 0.289636 0.402327 0.396654 
0.483123 0.620582 0.462258 0.637369 0.580709 
0.585157 0.458992 0.472208 0.36946 0.470882 
0.700309 0.514088 0.68225 0.523741 0.559882 
0.510518 0.559199 0.416652 0.50032 0.620934 
0.366155 0.451004 0.290442 0.390828 0.470384 
0.49218 0.436781 0.355877 0.393927 0.365705 
0.450351 0.389997 0.483005 0.578622 0.462825 
0.470385 0.327286 0.412273 0.523909 0.431327 
0.605575 0.543648 0.739847 0.588618 0.5964120000000001 
0.606876 0.437901 0.460273 0.659323 0.418996 
0.329543 0.540311 0.443914 0.385139 0.614712 
0.512635 0.477245 0.309466 0.551283 0.364138 
0.286293 0.264256 0.277721 0.252476 0.231844 
0.5028319999999999 0.365444 0.455634 0.324649 0.512142 
0.402389 0.379071 0.37565 0.381035 0.250707 
0.329038 0.366646 0.439503 0.268074 0.411611 
0.582039 0.6583290000000001 0.533523 0.483969 0.560246 
0.256921 0.316975 0.248972 0.319404 0.312231 
0.723564 0.758772 0.672029 0.771976 0.678964 
0.536944 0.320132 0.550468 0.519043 0.532413 
0.360175 0.263174 0.397236 0.317164 0.388511 
0.736511 0.626589 0.673223 0.731271 0.645378 
0.5277809999999999 0.404904 0.566544 0.449002 0.631806 
0.519958 0.463334 0.490182 0.598281 0.354232 
0.487612 0.574084 0.432238 0.617702 0.376142 
0.691723 0.488619 0.596382 0.605719 0.5450120000000001 
0.315388 0.339165 0.287088 0.404795 0.325343 
0.690298 0.634238 0.703885 0.73956 0.7124549999999999 
0.329787 0.484558 0.479819 0.414954 0.423566 
0.5915550000000001 0.613529 0.726205 0.661231 0.674713 
0.667127 0.445041 0.506485 0.54062 0.504224 
0.299421 0.449016 0.324368 0.439014 0.355248 
0.427496 0.349705 0.425888 0.524301 0.310134 
0.295293 0.29282 0.284868 0.25087 0.358978 
0.567598 0.580777 0.365545 0.584719 0.438189 
0.56184 0.624382 0.623939 0.452079 0.542065 
0.663397 0.642778 0.673356 0.57706 0.730301 
0.506131 0.351564 0.38373 0.470123 0.500011 
0.328611 0.383708 0.225562 0.388622 0.279972 
0.43962 0.450147 0.439205 0.301378 0.418947 
0.401268 0.271589 0.384086 0.261625 0.371822 
0.536846 0.530114 0.659507 0.597873 0.643891 
0.530056 0.393706 0.592585 0.457282 0.598986 
0.617768 0.354481 0.577502 0.459251 0.42945 
0.375075 0.607544 0.484098 0.388435 0.618147 
