5
661
0.5278659999999999 0.656752 0.760913 0.457514 0.709006 
0.151842 0.17276 0.247163 0.207228 0.25879 
0.576161 0.370347 0.413156 0.726559 0.363523 
0.696803 0.698868 0.563339 0.49009 0.609826 
0.4941 0.495514 0.284042 0.47216 0.237596 
0.771519 0.704308 0.555961 0.627932 0.554522 
0.304241 0.322586 0.196573 0.292537 0.204715 
0.374585 0.230746 0.190001 0.347673 0.279485 
0.669452 0.525958 0.482524 0.357798 0.39538 
0.334074 0.397647 0.4814 0.209495 0.372624 
0.270319 0.5280589999999999 0.281189 0.452891 0.271718 
0.777651 0.628891 0.725496 0.792497 0.638101 
0.480973 0.410746 0.457783 0.653629 0.259349 
0.286011 0.559075 0.472612 0.496463 0.657984 
0.402118 0.565003 0.514024 0.395923 0.306122 
0.409893 0.711279 0.63123 0.571843 0.710772 
0.489982 0.528352 0.77947 0.619272 0.607523 
0.526396 0.49138 0.769037 0.465956 0.734402 
0.773852 0.531857 0.519922 0.681433 0.420846 
0.532547 0.654935 0.5895590000000001 0.768647 0.496331 
0.358237 0.277361 0.486988 0.5218739999999999 0.363829 
0.416107 0.66743 0.719243 0.54196 0.683997 
0.412053 0.38449 0.252703 0.392323 0.181216 
0.725114 0.774544 0.573062 0.601766 0.616527 
0.725638 0.520104 0.826245 0.54765 0.605754 
0.596128 0.603731 0.584501 0.478561 0.7939889999999999 
0.255221 0.538075 0.51715 0.342099 0.609873 
0.389365 0.450965 0.7418670000000001 0.347694 0.587031 
0.515445 0.609937 0.472959 0.303311 0.510707 
0.237666 0.635512 0.455271 0.406003 0.454151 
0.452924 0.383605 0.414921 0.382831 0.183182 
0.251648 0.388672 0.176212 0.362964 0.258792 
0.384875 0.560589 0.489937 0.710252 0.483253 
0.373665 0.562172 0.394361 0.6178129999999999 0.696977 
0.689491 0.491039 0.440231 0.649553 0.280559 
0.561397 0.608715 0.770865 0.398621 0.677176 
0.229315 0.260829 0.276173 0.200908 0.162714 
0.533227 0.31651 0.391293 0.493546 0.548011 
0.263965 0.549668 0.40479 0.529877 0.5896749999999999 
0.437935 0.430716 0.743974 0.388255 0.505105 
0.213143 0.498107 0.421328 0.366481 0.523279 
0.672157 0.632026 0.750261 0.5615059999999999 0.502615 
0.426053 0.62299 0.607347 0.617211 0.791954 
0.486424 0.761835 0.4434 0.426778 0.526069 
0.496675 0.560981 0.706557 0.288173 0.602168 
0.149652 0.172211 0.225233 0.151862 0.243802 
0.299599 0.37995 0.343791 0.272948 0.574002 
0.530108 0.553136 0.345517 0.387351 0.312155 
0.651843 0.740174 0.666276 0.518266 0.562599 
0.323362 0.484583 0.37989 0.233579 0.559935 
0.576467 0.67426 0.431331 0.494486 0.690175 
0.244589 0.414065 0.242136 0.481195 0.409249 
0.790343 0.681449 0.824697 0.69955 0.651299 
0.555497 0.497246 0.413184 0.602924 0.202237 
0.794906 0.756089 0.873563 0.733613 0.767366 
0.472095 0.284179 0.301672 0.25422 0.330262 
0.448421 0.408302 0.340774 0.428388 0.17479 
0.28048 0.350101 0.180204 0.235637 0.313679 
0.397803 0.529675 0.358394 0.548705 0.225397 
0.410376 0.491152 0.754866 0.525776 0.559514 
0.650339 0.783215 0.483578 0.66379 0.6124849999999999 
0.27909 0.58331 0.507263 0.343376 0.484102 
0.372108 0.5165419999999999 0.6053460000000001 0.611421 0.693987 
0.749871 0.606542 0.556852 0.635172 0.350664 
0.178249 0.239599 0.318422 0.181331 0.365521 
0.433098 0.502614 0.257283 0.589036 0.270398 
0.508807 0.379962 0.291567 0.458815 0.183401 
0.629467 0.497046 0.340582 0.687259 0.518674 
0.244142 0.225113 0.354647 0.367299 0.26894 
0.852946 0.558269 0.723654 0.664674 0.631592 
0.308171 0.674953 0.521988 0.500351 0.412131 
0.35667 0.613132 0.363257 0.682275 0.381866 
0.648549 0.525593 0.476109 0.610511 0.7256860000000001 
0.716878 0.432289 0.754194 0.657459 0.531058 
0.284285 0.28745 0.470447 0.417106 0.325836 
0.481534 0.436244 0.619223 0.538299 0.771862 
0.345646 0.404177 0.293671 0.218526 0.351034 
0.667306 0.728845 0.829866 0.588845 0.729945 
0.306763 0.31392 0.554651 0.421616 0.469174 
0.283831 0.455633 0.441504 0.196074 0.492536 
0.823299 0.797706 0.728235 0.815612 0.783326 
0.393384 0.661162 0.477754 0.305329 0.635415 
0.196184 0.264113 0.184502 0.288033 0.189634 
0.430116 0.743488 0.55432 0.493647 0.642629 
0.763303 0.476472 0.559297 0.493952 0.653294 
0.387215 0.199432 0.398812 0.198644 0.387303 
0.81778 0.527582 0.772442 0.589842 0.694645 
0.296947 0.528031 0.335599 0.538681 0.230966 
0.558814 0.496839 0.277121 0.663561 0.445809 
0.401297 0.23975 0.346695 0.205052 0.266074 
0.6590549999999999 0.501387 0.543717 0.750093 0.572175 
0.402857 0.692847 0.363737 0.5507300000000001 0.387619 
0.811297 0.441962 0.658298 0.652053 0.5445179999999999 
0.8178 0.722263 0.792403 0.783978 0.708484 
0.37917 0.342982 0.689411 0.390756 0.394303 
0.731268 0.449976 0.538933 0.60241 0.315742 
0.52257 0.5702390000000001 0.251259 0.461361 0.349216 
0.358153 0.55444 0.241792 0.298312 0.438115 
0.319418 0.669945 0.362507 0.527215 0.633691 
0.308287 0.529061 0.618436 0.602858 0.607797 
0.285682 0.24183 0.164127 0.377133 0.226195 
0.792131 0.583522 0.823716 0.609586 0.669257 
0.538748 0.446255 0.533126 0.207658 0.455827 
0.379668 0.688594 0.564168 0.683647 0.394003 
0.492886 0.58546 0.733712 0.332477 0.636309 
0.6044620000000001 0.663319 0.368467 0.604231 0.682747 
0.217372 0.493082 0.399914 0.485702 0.46741 
0.431799 0.685517 0.26436 0.692244 0.548742 
0.5277579999999999 0.282367 0.59644 0.476625 0.305048 
0.740249 0.403442 0.699145 0.509368 0.630514 
0.198342 0.182699 0.189604 0.261364 0.22805 
0.5702 0.666179 0.571717 0.763614 0.755679 
0.417357 0.68268 0.6727379999999999 0.637717 0.692028 
0.465194 0.50745 0.421389 0.524018 0.774623 
0.373819 0.653347 0.297271 0.556373 0.614722 
0.653475 0.74502 0.518155 0.850541 0.614293 
0.442887 0.393673 0.577755 0.617791 0.297368 
0.231202 0.502526 0.311512 0.314218 0.308199 
0.397686 0.374631 0.394127 0.606218 0.240487 
0.506449 0.545934 0.591386 0.319928 0.708472 
0.536307 0.591204 0.709106 0.567263 0.382066 
0.625013 0.4073 0.558534 0.711596 0.536589 
0.600248 0.519563 0.475127 0.369986 0.327611 
0.737005 0.564078 0.736362 0.700792 0.768208 
0.71052 0.639877 0.651752 0.708927 0.806939 
0.653941 0.675941 0.705159 0.468135 0.762177 
0.245455 0.559478 0.426897 0.340757 0.5667489999999999 
0.593488 0.762285 0.566439 0.587109 0.789708 
0.677071 0.584257 0.714722 0.666065 0.80217 
0.345821 0.610188 0.508039 0.328235 0.722971 
0.7092349999999999 0.816554 0.756226 0.855105 0.800351 
0.569289 0.8088109999999999 0.66991 0.5491279999999999 0.57056 
0.281622 0.292811 0.145241 0.369496 0.263196 
0.254385 0.540071 0.356498 0.323355 0.60288 
0.813875 0.386757 0.708685 0.5282520000000001 0.403349 
0.778486 0.569711 0.496496 0.661471 0.467746 
0.294329 0.237707 0.311547 0.380329 0.2064 
0.436016 0.673193 0.598725 0.375726 0.561689 
0.400324 0.675417 0.277486 0.677864 0.487848 
0.493371 0.532821 0.6155 0.292725 0.676193 
0.434102 0.572891 0.566461 0.55266 0.271479 
0.676427 0.684291 0.526382 0.850791 0.594834 
0.323074 0.69225 0.543237 0.602557 0.615769 
0.334201 0.189819 0.415173 0.280538 0.298608 
0.305241 0.538595 0.27213 0.637249 0.480929 
0.244418 0.38178 0.230522 0.45534 0.253473 
0.444716 0.451119 0.597513 0.673608 0.563428 
0.619621 0.761713 0.639244 0.817902 0.731059 
0.737368 0.714405 0.584932 0.824603 0.688931 
0.422146 0.303332 0.513544 0.541909 0.276344 
0.449184 0.5023879999999999 0.234525 0.377282 0.358067 
0.488977 0.705288 0.7547160000000001 0.59563 0.686908 
0.436759 0.627529 0.586303 0.385962 0.399395 
0.51102 0.191759 0.531706 0.436156 0.474566 
0.34766 0.395038 0.23682 0.424077 0.50401 
0.664771 0.808914 0.523582 0.630921 0.578858 
0.254164 0.376899 0.375888 0.477784 0.506896 
 0.335 0.397522 0.46941 0.556605 0.589825 
0.371509 0.411884 0.279766 0.416098 0.173011 
0.580755 0.425795 0.584628 0.207209 0.477602 
0.602376 0.326213 0.622019 0.326819 0.695561 
0.505436 0.688067 0.698782 0.435668 0.740182 
0.274288 0.452412 0.157566 0.432067 0.385692 
0.723779 0.658475 0.505513 0.506172 0.562682 
0.571995 0.292766 0.478286 0.449033 0.559049 
0.6422060000000001 0.616914 0.366586 0.776697 0.486272 
0.721334 0.509735 0.488776 0.387243 0.442313 
0.754943 0.818871 0.698365 0.714289 0.762168 
0.468796 0.401984 0.396917 0.418578 0.176561 
0.256766 0.618783 0.588954 0.532202 0.515701 
0.393003 0.451217 0.688831 0.509388 0.381912 
0.241737 0.483827 0.418812 0.258021 0.583539 
0.591471 0.302813 0.471772 0.646316 0.394171 
0.49124 0.7419790000000001 0.5344680000000001 0.642989 0.742583 
0.612026 0.655377 0.399284 0.478594 0.595809 
0.666301 0.669686 0.507727 0.745837 0.7318 
0.684453 0.692032 0.759921 0.598986 0.829695 
0.617367 0.258578 0.557542 0.574627 0.368352 
0.565701 0.6302450000000001 0.59977 0.696404 0.362723 
0.323131 0.593207 0.347299 0.511837 0.301056 
0.46454 0.519937 0.566622 0.60016 0.245807 
0.639352 0.639899 0.364007 0.50098 0.393542 
0.224215 0.2589 0.249697 0.183868 0.219767 
0.764255 0.795486 0.709454 0.627223 0.735307 
0.675871 0.536598 0.578945 0.434304 0.316149 
0.714507 0.5865860000000001 0.826152 0.519027 0.697728 
0.348512 0.235906 0.400578 0.249717 0.198027 
0.724278 0.75252 0.73475 0.59992 0.824812 
0.485689 0.484057 0.250485 0.448749 0.237079 
0.216276 0.272964 0.232524 0.290039 0.39469 
0.833104 0.644998 0.7692639999999999 0.62009 0.6496729999999999 
0.603528 0.458652 0.42112 0.384747 0.612141 
0.567083 0.323851 0.51108 0.587172 0.24147 
0.422894 0.563246 0.673408 0.435238 0.754223 
0.431287 0.496934 0.368472 0.54275 0.196461 
0.253902 0.350125 0.410581 0.200715 0.50898 
0.59262 0.369049 0.487365 0.606486 0.626006 
0.521483 0.793331 0.637199 0.666821 0.725187 
0.598851 0.486064 0.240381 0.508392 0.404621 
0.764134 0.641981 0.503219 0.78699 0.580655 
0.610734 0.421973 0.46082 0.275069 0.500089 
0.405807 0.634131 0.457637 0.537202 0.743877 
0.40352 0.578699 0.549282 0.479328 0.760447 
0.422361 0.367837 0.41328 0.186105 0.435612 
0.296976 0.489997 0.389191 0.493389 0.254075 
0.300004 0.185625 0.386361 0.34427 0.350194 
0.397622 0.486658 0.282091 0.548629 0.549639 
0.275367 0.464203 0.546885 0.267704 0.553725 
0.545662 0.297834 0.685548 0.449245 0.532631 
0.789389 0.834718 0.758008 0.816712 0.840455 
0.6005549999999999 0.395935 0.79855 0.539134 0.5121250000000001 
0.5747719999999999 0.273093 0.44014 0.283627 0.350639 
0.540691 0.72358 0.529629 0.406014 0.558566 
0.497082 0.484095 0.277356 0.7060920000000001 0.439592 
0.500246 0.358423 0.624144 0.647922 0.48135 
0.717041 0.710919 0.757046 0.513209 0.686957 
0.518767 0.401159 0.644234 0.424927 0.319129 
0.607131 0.702388 0.689801 0.59724 0.477825 
0.476935 0.503903 0.397227 0.278218 0.61614 
0.188155 0.450236 0.285854 0.339289 0.488753 
0.586124 0.695393 0.611423 0.635316 0.833946 
0.564012 0.408408 0.680878 0.516919 0.7647699999999999 
0.350354 0.366006 0.487853 0.173923 0.497146 
0.349732 0.464421 0.169912 0.516181 0.363481 
0.236127 0.211433 0.386504 0.334967 0.316404 
0.432958 0.518524 0.693989 0.504822 0.399419 
0.536382 0.776035 0.571625 0.562037 0.484271 
0.460414 0.539369 0.704768 0.587715 0.401342 
0.437285 0.380337 0.194873 0.393803 0.259509 
0.429784 0.720017 0.618525 0.714273 0.566924 
0.291326 0.628815 0.472334 0.578232  0.612 
0.403989 0.624444 0.597359 0.663422 0.688044 
0.802934 0.60022 0.811147 0.7024049999999999 0.616513 
0.262683 0.179197 0.304793 0.157074 0.2691 
0.55261 0.361579 0.6365499999999999 0.44538 0.315442 
0.733065 0.692084 0.670529 0.5109359999999999 0.748507 
0.482865 0.236176 0.574615 0.31168 0.604669 
0.686975 0.546377 0.637059 0.60301 0.7819160000000001 
0.382136 0.495586 0.346853 0.392657 0.235459 
0.723035 0.49665 0.7785570000000001 0.587388 0.489526 
0.655328 0.674983 0.512887 0.440427 0.640769 
0.759008 0.593652 0.548148 0.519539 0.631849 
0.396476 0.462492 0.464478 0.581373 0.718641 
0.674816 0.396738 0.650246 0.714609 0.417061 
0.46202 0.670963 0.47815 0.695567 0.743906 
0.534867 0.371725 0.480534 0.230518 0.531741 
0.71861 0.342006 0.7139219999999999 0.432965 0.532598 
0.537455 0.690145 0.460803 0.417941 0.392485 
0.567168 0.654738 0.826666 0.552351 0.679535 
0.7739 0.682603 0.833901 0.605409 0.706636 
0.287705 0.571277 0.452245 0.5929179999999999 0.59612 
0.432583 0.658428 0.65637 0.559199 0.747824 
0.593025 0.690518 0.52694 0.433175 0.712543 
0.148967 0.221996 0.203508 0.225945 0.276159 
0.596299 0.236111 0.565095 0.289622 0.350492 
0.381214 0.347559 0.296788 0.501525 0.141759 
0.294148 0.366995 0.149554 0.386403 0.290364 
0.466774 0.28408 0.467375 0.456175 0.58061 
0.552812 0.304945 0.63972 0.576319 0.490709 
0.279568 0.542533 0.433003 0.599697 0.354512 
0.671018 0.37497 0.414211 0.710573 0.36991 
0.162763 0.303655 0.332942 0.235337 0.399661 
0.700217 0.393406 0.445784 0.503018 0.5445950000000001 
0.675144 0.640773 0.441577 0.628507 0.35942 
0.342563 0.500704 0.210296 0.346593 0.307376 
0.670277 0.840037 0.680186 0.8102 0.749785 
0.781655 0.748255 0.809145 0.724176 0.853943 
0.270087 0.26646 0.248615 0.287135 0.162506 
0.771925 0.767939 0.80896 0.783778 0.8161310000000001 
0.636483 0.326822 0.627835 0.34187 0.68393 
0.716065 0.579358 0.413729 0.528104 0.344239 
0.291209 0.572591 0.378379 0.284088 0.56177 
0.707404 0.7775570000000001 0.816254 0.673252 0.846143 
0.469697 0.546162 0.361924 0.796733 0.477453 
0.204073 0.5036890000000001 0.338878 0.436348 0.537731 
0.675972 0.765463 0.693008 0.5761039999999999 0.812822 
0.158873 0.329951 0.30532 0.23607 0.317442 
0.7923480000000001 0.586758 0.664362 0.517597 0.529102 
0.303519 0.282788 0.379688 0.381539 0.207089 
0.444145 0.441259 0.365878 0.287219 0.602967 
0.305761 0.414217 0.441545 0.388902 0.255378 
0.6501 0.849926 0.603669 0.7201880000000001 0.59243 
0.835694 0.630464 0.703518 0.714237 0.591932 
0.588905 0.640283 0.785118 0.654882 0.797271 
0.413428 0.562409 0.636914 0.282623 0.665906 
0.668787 0.63861 0.771579 0.590991 0.53066 
0.612915 0.60042 0.618563 0.777325 0.737023 
0.456721 0.627288 0.47093 0.562194 0.779797 
0.641029 0.762544 0.552003 0.739836 0.759984 
0.762117 0.791972 0.678042 0.828797 0.721009 
0.663691 0.811261 0.779007 0.749761 0.7507740000000001 
0.659106 0.342174 0.515314 0.356099 0.353426 
0.374706 0.394631 0.640821 0.391113 0.645276 
0.579093 0.6088249999999999 0.654128 0.749986 0.749143 
0.515445 0.660757 0.790643 0.598128 0.7137559999999999 
0.737137 0.431895 0.573367 0.377848 0.414755 
0.528859 0.448148 0.704399 0.503617 0.363109 
0.449526 0.453919 0.617443 0.570022 0.291507 
0.23246 0.551305 0.304818 0.321023 0.388851 
0.435977 0.557588 0.394546 0.691475 0.298431 
0.381612 0.229218 0.300637 0.190473 0.334684 
0.573641 0.295096 0.322908 0.347863 0.351773 
0.419868 0.447014 0.430719 0.677352 0.594647 
0.772237 0.744922 0.564385 0.749773 0.605796 
0.173609 0.216797 0.203893 0.221162 0.28703 
0.489224 0.66572 0.290257 0.660574 0.355891 
0.738599 0.834927 0.710753 0.811093 0.7593839999999999 
0.786116 0.836757 0.819523 0.78629 0.807111 
0.506059 0.730677 0.5924700000000001 0.511239 0.765981 
0.630814 0.696589 0.643877 0.702701 0.44238 
0.31062 0.502953 0.430549 0.251618 0.377684 
0.409206 0.449155 0.660517 0.481263 0.694832 
0.622636 0.565842 0.6955789999999999 0.330629 0.6153149999999999 
0.751803 0.360234 0.455806 0.608337 0.366989 
0.358972 0.408911 0.45068 0.51624 0.678544 
0.288601 0.475087 0.38637 0.205344 0.382391 
0.672361 0.537295 0.828209 0.513399 0.668984 
0.35585 0.185141 0.238175 0.350527 0.345111 
0.797907 0.374654 0.680689 0.538704 0.408131 
0.321025 0.307858 0.59416 0.213347 0.456911 
0.368078 0.532751 0.697887 0.406313 0.491443 
0.397474 0.311611 0.553254 0.309022 0.266738 
0.231405 0.142705 0.25046 0.193926 0.154167 
0.6778149999999999 0.337465 0.675667 0.539543 0.376931 
0.668112 0.376361 0.767698 0.427646 0.471424 
0.537811 0.441091 0.798539 0.544071 0.623462 
0.372128 0.511931 0.500395 0.596815 0.709951 
0.660021 0.417924 0.719645 0.444587 0.695891 
0.527065 0.476698 0.454397 0.406104 0.230462 
0.576529 0.253084 0.575394 0.382983 0.329645 
0.432235 0.359171 0.533956 0.312108 0.683083 
0.383411 0.721023 0.34482 0.384004 0.515877 
0.383379 0.312533 0.302805 0.318159 0.166327 
0.6621590000000001 0.824356 0.7488629999999999 0.745093 0.819002 
0.423154 0.187462 0.445728 0.507266 0.275816 
0.582277 0.481873 0.431478 0.296119 0.391295 
0.8203009999999999 0.773861 0.781218 0.741349 0.817419 
0.72272 0.814957 0.692937 0.635119 0.666479 
0.763039 0.517886 0.611182 0.458484 0.453661 
0.749842 0.691408 0.561279 0.827172 0.622795 
0.425578 0.468005 0.198608 0.619316 0.347639 
0.558943 0.456623 0.323155 0.383503 0.513876 
0.728721 0.731284 0.705387 0.85685 0.7019919999999999 
0.756924 0.711772 0.527653 0.729775 0.662146 
0.695865 0.399906 0.451841 0.454709 0.306143 
0.295148 0.460685 0.617351 0.40355 0.618838 
0.198573 0.400559 0.271158 0.233424 0.422507 
0.405432 0.419715 0.293371 0.642898 0.317147 
0.36606 0.596509 0.486217 0.646361 0.664442 
0.355802 0.739662 0.4951 0.536111 0.469268 
0.255579 0.233825 0.263815 0.137803 0.302703 
0.615202 0.840303 0.526811 0.710544 0.669273 
0.701799 0.697448 0.675608 0.805067 0.556194 
0.242469 0.604885 0.373787 0.315284 0.494284 
0.649463 0.694455 0.456842 0.687829 0.720055 
0.55159 0.752128 0.669885 0.624206 0.798638 
0.424141 0.5489039999999999 0.597567 0.363685 0.3626 
0.501033 0.356559 0.21037 0.505555 0.374578 
0.556826 0.432746 0.389393 0.492574 0.63567 
0.242593 0.335066 0.18853 0.245387 0.335271 
0.503518 0.639127 0.602895 0.400572 0.442402 
0.220544 0.5336340000000001 0.440254 0.432096 0.5552859999999999 
0.21468 0.422523 0.188323 0.33256 0.289219 
0.379328 0.498198 0.29437 0.423964 0.22353 
0.464637 0.771427 0.540488 0.701314 0.44776 
0.41876 0.388624 0.361223 0.279229 0.25683 
0.737015 0.5483 0.52745 0.521019 0.334729 
0.279658 0.439669 0.270792 0.228281 0.373716 
0.745047 0.423894 0.499016 0.466232 0.368506 
0.470608 0.355462 0.610691 0.233418 0.567423 
0.369547 0.565482 0.207807 0.406422 0.481386 
0.656878 0.717964 0.5111560000000001 0.839761 0.615846 
0.646099 0.402758 0.718078 0.612411 0.615468 
0.550105 0.533538 0.231943 0.60404 0.364797 
0.381934 0.298883 0.582828 0.325432 0.286961 
0.19534 0.266207 0.182896 0.324204 0.232638 
0.504512 0.578793 0.597621 0.281007 0.660455 
0.383267 0.443819 0.373944 0.62349 0.260212 
0.716375 0.495098 0.626323 0.569252 0.72807 
0.236077 0.599836 0.526189 0.550823 0.428594 
0.183357 0.256405 0.151824 0.282086 0.239271 
0.482812 0.434935 0.440393 0.707353 0.342571 
0.51183 0.474684 0.666863 0.677269 0.6647420000000001 
0.433896 0.299847 0.466074 0.480978 0.208589 
0.616923 0.570607 0.252879 0.555889 0.428757 
0.713793 0.26047 0.540832 0.447228 0.467706 
0.410501 0.622074 0.642353 0.699542 0.635781 
0.674331 0.265945 0.579285 0.558327 0.490458 
0.207474 0.271269 0.347288 0.162012 0.412181 
0.656071 0.671749 0.403402 0.576813 0.548766 
0.382485 0.747066 0.306224 0.484758 0.503437 
0.7603569999999999 0.500192 0.482485 0.50968 0.379388 
0.357407 0.250123 0.364145 0.317371 0.177432 
0.426131 0.604069 0.617077 0.348938 0.721661 
0.577439 0.6769309999999999 0.566325 0.606083 0.377877 
0.44051 0.378988 0.411326 0.483985 0.688398 
0.367347 0.692699 0.264581 0.5708569999999999 0.452165 
0.770132 0.837998 0.708882 0.760845 0.750063 
0.726135 0.593258 0.673804 0.810778 0.5931999999999999 
0.318986 0.262005 0.517281 0.275293 0.583598 
0.170932 0.385599 0.286153 0.224301 0.32667 
0.394089 0.636297 0.42537 0.343212 0.418605 
0.632038 0.398923 0.690482 0.56543 0.749255 
0.414386 0.265883 0.598374 0.486345 0.378152 
0.7092079999999999 0.485524 0.505622 0.349346 0.450287 
0.567475 0.593234 0.444857 0.765911 0.330599 
0.540467 0.79848 0.58677 0.556779 0.616307 
0.6850540000000001 0.73763 0.831274 0.709759 0.781995 
0.769253 0.752535 0.843054 0.672688 0.809132 
0.191765 0.355716 0.318127 0.385229 0.387389 
0.868587 0.758944 0.780072 0.779335 0.784009 
0.614414 0.329037 0.398845 0.578274 0.286735 
0.27977 0.495854 0.238442 0.291232 0.425032 
0.6211719999999999 0.476053 0.699966 0.337108 0.655525 
0.7785530000000001 0.816422 0.680405 0.679239 0.664649 
0.705539 0.743742 0.804594 0.749202 0.684218 
0.376004 0.536786  0.212 0.634785 0.365322 
0.784118 0.371132 0.620966 0.569578 0.539153 
0.38325 0.444439 0.384494 0.322259 0.642833 
0.52295 0.620784 0.260167 0.695696 0.408838 
0.671526 0.603244 0.404864 0.601463 0.655767 
0.583657 0.425077 0.332131 0.339611 0.477533 
0.670853 0.50874 0.505853 0.474117 0.28023 
0.280956 0.5462360000000001 0.599709 0.589844 0.527741 
0.8186600000000001 0.73088 0.814986 0.783013 0.739622 
0.1788 0.409481 0.38367 0.379204 0.419055 
0.6479 0.385953 0.484647 0.592126 0.222337 
0.279167 0.324823 0.150076 0.315901 0.20595 
0.389758 0.324434 0.226487 0.285416 0.245407 
0.627959 0.71348 0.432933 0.730055 0.632601 
0.621454 0.380507 0.5743470000000001 0.634497 0.248486 
0.471667 0.758927 0.603809 0.551753 0.718194 
0.571257 0.265957 0.462013 0.357773 0.256867 
0.669196 0.236706 0.639357 0.517276 0.420256 
0.570155 0.608646 0.804517 0.627011 0.610944 
0.7974830000000001 0.794322 0.812257 0.712015 0.830965 
0.787717 0.831294 0.782053 0.789268 0.730525 
0.595263 0.443187 0.408571 0.605983 0.660305 
0.768807 0.68054 0.788173 0.57644 0.613986 
0.571401 0.377511 0.610494 0.712116 0.549256 
0.602047 0.636141 0.638279 0.72923 0.405394 
0.303055 0.6300559999999999 0.303394 0.360771 0.469958 
0.186976 0.280283 0.212718 0.201001 0.294694 
0.7649319999999999 0.393039 0.66194 0.393837 0.5163219999999999 
0.5256729999999999 0.399479 0.338413 0.623449 0.188054 
0.211642 0.479221 0.370075 0.287943 0.5205689999999999 
0.786699 0.673952 0.867189 0.666695 0.738591 
0.509426 0.467346 0.748094 0.413649 0.444753 
0.384811 0.555711 0.6631860000000001 0.286033 0.544173 
0.381562 0.428609 0.271011 0.237833 0.414377 
0.710716 0.614841 0.38491 0.6260019999999999 0.490027 
0.357212 0.700636 0.5187929999999999 0.675969 0.601987 
0.751914 0.747314 0.6268359999999999 0.841707 0.685491 
0.484538 0.629762 0.184076 0.585297 0.352993 
0.7288 0.790144 0.779251 0.741493 0.857434 
0.417713 0.423986 0.428636 0.667668 0.52682 
0.383689 0.585871 0.675998 0.40873 0.713832 
0.563846 0.465854 0.310364 0.5399620000000001 0.583288 
0.484388 0.6318319999999999 0.384425 0.649409 0.311554 
0.15819 0.312851 0.284339 0.263602 0.340171 
0.665494 0.6617189999999999 0.785527 0.76267 0.761185 
0.449994 0.454888 0.5524250000000001 0.704999 0.478422 
0.426925 0.398828 0.345314 0.205561 0.379562 
0.224165 0.212005 0.179884 0.184355 0.216928 
0.745163 0.375444 0.613096 0.57289 0.592154 
0.46792 0.180347 0.383211 0.260029 0.281788 
0.35532 0.614117 0.238717 0.610697 0.461583 
0.7162230000000001 0.6640200000000001 0.839641 0.694402 0.795634 
0.483112 0.386515 0.728357 0.364143 0.490082 
0.647608 0.237001 0.568792 0.484098 0.438706 
0.8054210000000001 0.657496 0.620406 0.553034 0.626125 
0.444421 0.610776 0.3239 0.496447 0.639895 
0.5255069999999999 0.529459 0.723884 0.346366 0.65956 
0.403613 0.412552 0.525357 0.638496 0.392919 
0.756999 0.495379 0.684859 0.559975 0.369646 
0.51325 0.307094 0.429538 0.501802 0.180465 
0.773071 0.727178 0.806736 0.8106719999999999 0.795515 
0.523029 0.294091 0.661532 0.486283 0.498389 
0.25329 0.547853 0.332703 0.527358 0.362874 
0.375559 0.590461 0.435548 0.258977 0.494024 
0.439842 0.269641 0.228255 0.376854 0.251099 
0.632024 0.642636 0.540772 0.443882 0.7309 
0.304197 0.393411 0.5449619999999999 0.53796 0.426855 
0.39334 0.648963 0.47765 0.714606 0.466722 
0.423777 0.379973 0.6256080000000001 0.592884 0.443993 
0.289242 0.155575 0.276005 0.310358 0.231063 
0.267907 0.157867 0.201283 0.234047 0.213326 
0.353127 0.397438 0.660137 0.55759 0.583656 
0.294357 0.610032 0.414466 0.604799 0.552713 
0.286727 0.397834 0.269604 0.472146 0.214334 
0.786011 0.534106 0.63132 0.663436 0.418249 
0.255121 0.288055 0.180518 0.371057 0.323383 
0.518419 0.552621 0.699116 0.394785 0.39455 
0.6609429999999999 0.617573 0.658762 0.784907 0.501497 
0.641576 0.5566449999999999 0.713235 0.717193 0.752228 
0.396577 0.639584 0.237925 0.5910029999999999 0.344597 
0.646775 0.406677 0.652944 0.43921 0.353884 
0.211632 0.425058 0.542746 0.355482 0.460579 
0.45229 0.734965 0.554165 0.469059 0.727967 
0.673791 0.361375 0.395592 0.637725 0.375023 
0.540453 0.287168 0.419489 0.391171 0.197763 
0.751474 0.375771 0.576661 0.63313 0.492744 
0.315395 0.269305 0.219391 0.438589 0.231221 
0.579022 0.581665 0.420814 0.80714 0.436138 
0.589802 0.354495 0.412856 0.323534 0.301925 
0.747958 0.68682 0.573289 0.812961 0.541439 
0.686742 0.316698 0.38904 0.468939 0.445332 
0.662741 0.336105 0.364923 0.423752 0.361768 
0.647192 0.720427 0.804581 0.665291 0.658188 
0.6613 0.483404 0.39634 0.616865 0.563957 
0.413448 0.633919 0.498365 0.719784 0.598934 
0.382732 0.513011 0.436923 0.632614 0.272606 
0.457214 0.5798720000000001 0.72984 0.373878 0.678517 
0.626425 0.323693 0.451666 0.344075 0.48666 
0.25146 0.5184260000000001 0.254615 0.517288 0.447453 
0.409068 0.318264 0.556245 0.551366 0.351038 
0.224108 0.19816 0.214145 0.147904 0.242568 
0.68723 0.7055090000000001 0.807589 0.654456 0.631104 
0.396571 0.725598 0.652792 0.61432 0.5908600000000001 
0.250896 0.402309 0.474164 0.387846 0.55814 
0.2434 0.590523 0.390708 0.458243 0.388815 
0.42772 0.679952 0.461257 0.469029 0.7474690000000001 
0.301057 0.289104 0.251128 0.182483 0.283748 
0.774443 0.584765 0.685042 0.723178 0.489629 
0.633282 0.816949 0.666492 0.739061 0.774328 
0.7101420000000001 0.35533 0.511663 0.518561 0.557857 
0.686017 0.337061 0.686603 0.38258 0.548308 
0.835303 0.775878 0.719593 0.807295 0.734248 
0.572762 0.816827 0.671721 0.652753 0.59903 
0.785893 0.565038 0.646792 0.77722 0.5759649999999999 
0.778321 0.7145359999999999 0.670979 0.763426 0.77118 
0.436465 0.544017 0.448206 0.257543 0.381987 
0.7743679999999999 0.524197 0.736314 0.747346 0.568662 
0.826354 0.835395 0.83502 0.769021 0.792353 
0.813153  0.698 0.742287 0.691265 0.783085 
0.637992 0.472189 0.687026 0.708129 0.429121 
0.280473 0.571134 0.243907 0.490577 0.475087 
0.438158 0.445495 0.217409 0.631356 0.365747 
0.701381 0.50112 0.535591 0.73565 0.422127 
0.669851 0.333862 0.643053 0.306458 0.465263 
0.628758 0.730413 0.572704 0.491278 0.710075 
0.381664 0.267924 0.5298580000000001 0.438453 0.288047 
0.769437 0.537716 0.587968 0.667949 0.631311 
0.510409 0.638941 0.2848 0.578688 0.591229 
0.745943 0.498689 0.659765 0.7470830000000001 0.600271 
0.6896640000000001 0.677585 0.417754 0.737222 0.397073 
0.714697 0.806478 0.805084 0.760099 0.795864 
0.460922 0.58299 0.534043 0.252972 0.541216 
0.25253 0.383141 0.472371 0.323069 0.574514 
0.645945 0.70391 0.702643 0.802019 0.768838 
0.772761 0.490348 0.527111 0.424173 0.476983 
0.232857 0.395907 0.474493 0.413402 0.359401 
0.822048 0.773819 0.71585 0.815299 0.720646 
0.392449 0.336533 0.467869 0.364756 0.213904 
0.229308 0.279177 0.243328 0.363524 0.364699 
0.54214 0.665988 0.270051 0.583328 0.389262 
0.5335760000000001 0.374407 0.795534 0.400365 0.577048 
0.188972 0.228542 0.33072 0.137556 0.329977 
0.683218 0.677974 0.784131 0.782108 0.7314850000000001 
0.405036 0.176605 0.460667 0.324694 0.413483 
0.685487 0.524515 0.569433 0.6993200000000001 0.685246 
0.180392 0.285448 0.194312 0.325639 0.27155 
0.614474 0.574054 0.314753 0.730892 0.523729 
0.329357 0.249721 0.391507 0.14169 0.383399 
0.7788929999999999 0.763776 0.79189 0.832288 0.783575 
0.319495 0.543134 0.442241 0.419603 0.703522 
0.492177 0.204728 0.492887 0.487408 0.435921 
0.694487 0.633629 0.782884 0.765494 0.622438 
0.164989 0.304979 0.222035 0.248127 0.266564 
0.430028 0.57955 0.34817 0.350708 0.619546 
0.307398 0.532935 0.503733 0.581259 0.661928 
0.384248 0.256968 0.357014 0.285531 0.17634 
0.284625 0.551475 0.27652 0.54821 0.297107 
0.804273 0.5992729999999999 0.55732 0.550542 0.578606 
0.312763 0.43172 0.481731 0.244709 0.358089 
0.42577 0.338394 0.177987 0.389715 0.246419 
0.242109 0.457292 0.284781 0.306582 0.262355 
0.375416 0.7034820000000001 0.334885 0.706128 0.442062 
0.442479 0.47489 0.688716 0.27761 0.565706 
0.374709 0.229544 0.258393 0.257435 0.168851 
0.6127320000000001 0.456713 0.703488 0.681995 0.458684 
0.763099 0.662478 0.722696 0.811593 0.631088 
0.468524 0.496029 0.501779 0.29294 0.319909 
0.586104 0.41304 0.319577 0.643176 0.458197 
0.310632 0.669897 0.234318 0.47216 0.484581 
0.649018 0.478861 0.735639 0.4489 0.777137 
0.408259 0.573478 0.427017 0.690211 0.647313 
0.656564 0.683494 0.594923 0.536588 0.793479 
0.458037 0.217566 0.365629 0.318039 0.466556 
0.293792 0.572808 0.261372 0.467554 0.332436 
0.229725 0.215078 0.139845 0.270678 0.190867 
0.369048 0.518549 0.543919 0.588242 0.726477 
0.505232 0.588591 0.489055 0.427852 0.795852 
0.352351 0.498839 0.560559 0.228656 0.617384 
0.353898 0.541118 0.598634 0.438302 0.707088 
0.532725 0.248579 0.374412 0.279556 0.363304 
0.24397 0.590675 0.33842 0.4949 0.414711 
0.439328 0.386764 0.583033 0.5678260000000001 0.662034 
0.455493 0.335637 0.384013 0.654856 0.363831 
0.477557 0.6541090000000001 0.475536 0.653062 0.773236 
0.514663 0.723813 0.347096 0.469292 0.522414 
0.489986 0.267749 0.411064 0.554379 0.404822 
0.325832 0.367701 0.302238 0.302449 0.187921 
0.377261 0.348217 0.61936 0.403973 0.629841 
0.525827 0.715072 0.395272 0.687744 0.40061 
0.619889 0.499601 0.647524 0.436673 0.347071 
0.721826 0.784209 0.6267200000000001 0.829667 0.574264 
0.328538 0.515394 0.200078 0.364511 0.380357 
0.776546 0.63064 0.6937489999999999 0.788187 0.555447 
0.456034 0.266022 0.623572 0.381834 0.503481 
0.339197 0.376121 0.374251 0.512449 0.555166 
0.28434 0.228884 0.194191 0.232423 0.319046 
0.31182 0.410313 0.312743 0.58448 0.320385 
0.486281 0.324687 0.259932 0.5374949999999999 0.366909 
0.380989 0.374461 0.411982 0.607023 0.460445 
0.457683 0.207397 0.319755 0.379139 0.204577 
0.293209 0.683387 0.377096 0.44396 0.593409 
0.31869 0.538295 0.413687 0.213549 0.421444 
0.597368 0.476939 0.389347 0.557318 0.207803 
0.513524 0.480243 0.584929 0.365776 0.771348 
0.575702 0.7249370000000001 0.758498 0.597356 0.786676 
0.758391 0.71907 0.640817 0.709503 0.792972 
0.657926 0.805464 0.589979 0.592261 0.709341 
0.235028 0.345689 0.388382 0.191553 0.351482 
0.603091 0.749564 0.422231 0.623241 0.473741 
0.563308 0.358358 0.281282 0.559097 0.246574 
0.286084 0.392765 0.307197 0.203902 0.318212 
0.314787 0.40275 0.459463 0.557702 0.521805 
0.519209 0.549496 0.266669 0.663207 0.307353 
0.589321 0.341404 0.598019 0.71654 0.42082 
0.492796 0.563264 0.714473 0.569858 0.388872 
0.223071 0.405219 0.256574 0.283583 0.483733 
0.651774 0.800116 0.743461 0.628588 0.752251 
0.505375 0.728299 0.307752 0.548231 0.554139 
0.537915 0.574603 0.753196 0.566794 0.776817 
0.659319 0.542266 0.851764 0.575725 0.667191 
0.6365690000000001 0.535838 0.576139 0.792595 0.5807600000000001 
0.296383 0.734144 0.419423 0.5643319999999999 0.586826 
0.735364 0.340878 0.577346 0.571877 0.325702 
0.645526 0.787986 0.772913 0.653853 0.736642 
0.759973 0.821265 0.741997 0.755877 0.8410609999999999 
0.356879 0.417764 0.470253 0.565672 0.662025 
0.458671 0.416961 0.494067 0.694885 0.405068 
0.5137080000000001 0.323071 0.62837 0.348197 0.335023 
0.305105 0.472403 0.465899 0.340474 0.320087 
0.69704 0.534033 0.452878 0.479707 0.313255 
0.308472 0.38908 0.205775 0.472353 0.431219 
0.489839 0.541226 0.744668 0.320148 0.5508960000000001 
0.5978520000000001 0.451954 0.399604 0.354443 0.553312 
0.253966 0.373563 0.338528 0.183033 0.401493 
0.405198 0.292708 0.530435 0.5176460000000001 0.567675 
0.21737 0.15187 0.186699 0.174468 0.225037 
0.390779 0.26679 0.558322 0.447327 0.4651 
0.534081 0.255491 0.452199 0.389275 0.230174 
0.620505 0.587865 0.602657 0.6133 0.843974 
0.673825 0.285145 0.587058 0.449173 0.310854 
0.443966 0.331055 0.678439 0.414835 0.595074 
0.45553 0.537443 0.302376 0.358453 0.301891 
0.447905 0.206537 0.522733 0.335516 0.465258 
0.361872 0.476966 0.59069 0.427004 0.33562 
0.287246 0.438375 0.228074 0.413877 0.527769 
