5
112
0.603459 0.564482 0.597529 0.655071 0.525966 
0.541248 0.601638 0.6101529999999999 0.53296 0.630602 
0.341926 0.418173 0.361018 0.432197 0.445348 
0.464781 0.554067 0.449024 0.596882 0.465233 
0.62507 0.5989449999999999 0.614464 0.5724089999999999 0.545221 
0.546316 0.645934 0.5844009999999999 0.549507 0.627786 
0.602751 0.579651 0.567343 0.62649 0.50266 
0.552095 0.6401019999999999 0.479899 0.5624710000000001 0.532875 
0.423992 0.5320319999999999 0.523161 0.547475 0.51919 
0.503969 0.600136 0.489311 0.626787 0.5193719999999999 
0.613488 0.507349 0.605785 0.46094 0.545634 
0.405129 0.512495 0.566683 0.466623 0.556859 
0.5207270000000001 0.576469 0.607969 0.577153 0.521629 
0.575558 0.637588 0.49041 0.567475 0.5569539999999999 
0.541424 0.58108 0.493205 0.550427 0.600602 
0.513772 0.621277 0.578028 0.520415 0.62391 
0.558701 0.483875 0.542408 0.535149 0.580649 
0.543054 0.380613 0.423218 0.469134 0.42749 
0.447722 0.396569 0.450241 0.417533 0.362394 
0.52554 0.621303 0.461199 0.5700539999999999 0.56726 
0.5622740000000001 0.415543 0.440292 0.480028 0.40373 
0.57199 0.571446 0.499444 0.482221 0.494131 
0.434839 0.481753 0.453818 0.447157 0.383253 
0.423158 0.450207 0.5250629999999999 0.418241 0.486886 
0.451495 0.436505 0.417288 0.446823 0.344187 
0.388413 0.428615 0.32321 0.378838 0.372998 
0.429432 0.413944 0.48844 0.488233 0.460646 
0.468102 0.533856 0.488929 0.445859 0.514325 
0.456986 0.448823 0.361174 0.422433 0.349376 
0.480414 0.40482 0.470607 0.492037 0.471116 
0.566285 0.593677 0.575157 0.617121 0.517702 
0.519369 0.630641 0.466938 0.580404 0.532189 
0.425131 0.406465 0.46476 0.489759 0.411777 
0.36007 0.366561 0.382613 0.382998 0.343115 
0.495394 0.5371050000000001 0.532126 0.5459039999999999 0.45115 
0.647461 0.551776 0.613895 0.6023810000000001 0.596092 
0.5280820000000001 0.463796 0.501732 0.425962 0.42095 
0.481603 0.61346 0.498115 0.524114 0.502605 
0.540775 0.611559 0.609864 0.507077 0.608289 
0.393864 0.428998 0.327797 0.424586 0.403753 
0.387259 0.397121 0.365573 0.380852 0.428106 
0.5418269999999999 0.570813 0.470225 0.602597 0.5528380000000001 
0.465928 0.621951 0.569706 0.548394 0.587019 
0.599839 0.479257 0.56276 0.554661 0.482292 
0.489436 0.370363 0.402459 0.446686 0.351372 
0.484192 0.473999 0.557199 0.528732 0.58631 
0.528014 0.551693 0.415322 0.504244 0.500258 
0.67787 0.607846 0.610841 0.613856 0.598245 
0.475096 0.449787 0.5141289999999999 0.406567 0.505938 
0.62581 0.538537 0.559456 0.545912 0.471144 
0.466443 0.581416 0.420614 0.5313099999999999 0.499627 
0.6322950000000001 0.631618 0.6114810000000001 0.565207 0.576672 
0.363006 0.39468 0.398775 0.34802 0.375724 
0.58295 0.475299 0.52423 0.569923 0.501892 
0.541559 0.62418 0.622864 0.57752 0.635761 
0.359305 0.431264 0.419571 0.381197 0.365972 
0.5311979999999999 0.442402 0.576337 0.545492 0.45855 
0.369641 0.344827 0.348259 0.388886 0.355827 
0.498335 0.487129 0.5999409999999999 0.494418 0.567726 
0.649665 0.598568 0.62946 0.570141 0.591886 
0.512477 0.447997 0.402686 0.511431 0.450159 
0.395042 0.503823 0.417239 0.454288 0.409175 
0.446364 0.5216460000000001 0.373337 0.522246 0.378901 
0.394956 0.370661 0.423407 0.401086 0.44994 
0.607641 0.497503 0.505175 0.486408 0.518801 
0.55624 0.420314 0.548755 0.452811 0.464396 
0.570679 0.584796 0.562174 0.513304 0.622872 
0.37496 0.449716 0.498854 0.454913 0.420721 
0.454181 0.409621 0.432803 0.370238 0.36395 
0.593108 0.50408 0.575586 0.606472 0.585921 
0.524162 0.600758 0.499529 0.463794 0.484018 
0.379912 0.491023 0.459679 0.458681 0.463912 
0.604247 0.61653 0.655833 0.655289 0.668364 
0.482108 0.450658 0.560541 0.504063 0.431011 
0.559075 0.57355 0.505915 0.644806 0.560294 
0.669902 0.637386 0.604812 0.642978 0.593072 
0.648651 0.621461 0.538706 0.5819 0.589127 
0.393105 0.485762 0.40557 0.524693 0.465676 
0.602908 0.606891 0.613108 0.53386 0.51311 
0.427205 0.444301 0.374526 0.462844 0.470172 
0.575673 0.410924 0.5560890000000001 0.517991 0.470738 
0.441043 0.48808 0.365074 0.453032 0.477882 
0.469253 0.615256 0.5200709999999999 0.531695 0.500068 
0.600513 0.514481 0.445446 0.549884 0.438199 
0.39651 0.511564 0.470737 0.455761 0.536227 
0.37297 0.400757 0.319213 0.419046 0.375539 
0.482986 0.497823 0.6012459999999999 0.527255 0.521559 
0.44997 0.352925 0.405585 0.393349 0.42586 
0.532166 0.540023 0.502167 0.583622 0.589455 
0.594649 0.62986 0.626476 0.5510429999999999 0.550816 
0.524189 0.6300750000000001 0.550642 0.525931 0.607437 
0.465712 0.581863 0.409697 0.562396 0.493578 
0.486999 0.502278 0.541538 0.521512 0.599521 
0.4842 0.388435 0.410737 0.384957 0.441117 
0.581335 0.549499 0.64778 0.5496450000000001 0.6278049999999999 
0.617893 0.576605 0.5729610000000001 0.57084 0.613465 
0.566418 0.643795 0.585571 0.556241 0.652234 
0.38707 0.497176 0.464673 0.418593 0.476502 
0.358172 0.320242 0.37545 0.31029 0.354396 
0.43114 0.433116 0.390309 0.512443 0.425571 
0.599122 0.670924 0.6063730000000001 0.658528 0.634704 
0.386987 0.386862 0.462451 0.43724 0.373309 
0.597556 0.552162 0.626406 0.603892 0.546339 
0.662496 0.615873 0.620158 0.607838 0.610006 
0.438627 0.397966 0.419436 0.386733 0.476118 
0.477848 0.586237 0.496348 0.515721 0.454713 
0.438343 0.339728 0.447346 0.367392 0.377683 
0.492316 0.366703 0.398472 0.400813 0.38133 
0.658036 0.60332 0.616766 0.595415 0.632314 
0.618067 0.601649 0.645665 0.522278 0.616457 
0.571809 0.552624 0.435971 0.5217079999999999 0.450561 
0.530043 0.419145 0.504242 0.437122 0.386099 
