5
23
0.641063 0.53616 0.557455 0.5224490000000001 0.596296 
0.533501 0.559306 0.570333 0.572018 0.503461 
0.525451 0.591881 0.617914 0.57916 0.61628 
0.402741 0.374956 0.424255 0.34051 0.446113 
0.638597 0.669898 0.675214 0.6686530000000001 0.690338 
0.598734 0.6244729999999999 0.654056 0.561686 0.586535 
0.480416 0.41991 0.460197 0.476639 0.407887 
0.63768 0.653249 0.685951 0.626614 0.6339399999999999 
0.46247 0.435333 0.450597 0.421123 0.460827 
0.616017 0.5986900000000001 0.6547500000000001 0.633514 0.5965859999999999 
0.496399 0.521258 0.412184 0.523844 0.456803 
0.565657 0.604096 0.600967 0.634229 0.6426460000000001 
0.537328 0.604669 0.51614 0.6117359999999999 0.5641929999999999 
0.448689 0.487614 0.455238 0.528469 0.518343 
0.640273 0.616672 0.662723 0.651242 0.6531940000000001 
0.558491 0.584522 0.629298 0.599036 0.582838 
0.430181 0.526126 0.448288 0.482901 0.475357 
0.6588310000000001 0.566341 0.6036550000000001 0.535408 0.623545 
0.627704 0.605359 0.613475 0.630315 0.6518040000000001 
0.463389 0.456356 0.497265 0.530307 0.474109 
0.494295 0.410645 0.479531 0.408336 0.482538 
0.474968 0.375818 0.445486 0.412769 0.481108 
0.487154 0.422841 0.468083 0.544042 0.415988 
