5
394
0.256818 0.347637 0.740384 0.635958 0.547302 
0.218152 0.480073 0.580807 0.631298 0.224254 
0.188827 0.621864 0.675701 0.513095 0.59075 
0.292944 0.508278 0.629159 0.27407 0.28912 
0.320136 0.5335490000000001 0.349705 0.491866 0.797415 
0.664983 0.36266 0.220457 0.226721 0.494666 
0.376471 0.348511 0.428609 0.626771 0.14739 
0.370596 0.607922 0.341355 0.151041 0.540291 
0.435518 0.746667 0.230835 0.640185 0.588578 
0.381468 0.329335 0.138128 0.514164 0.5533940000000001 
0.399937 0.744381 0.809443 0.305263 0.561936 
0.409134 0.316489 0.223619 0.360309 0.720646 
0.304941 0.142645 0.435549 0.279439 0.5342249999999999 
0.564775 0.168105 0.343212 0.367626 0.686666 
0.599434 0.694372 0.311574 0.626332 0.769441 
0.417821 0.315333 0.803916 0.410447 0.389393 
0.675624 0.208142 0.24303 0.61008 0.616435 
0.431404 0.60777 0.7827499999999999 0.6858030000000001 0.292754 
0.7373960000000001 0.412589 0.384767 0.787317 0.429497 
0.759661 0.625653 0.355244 0.59322 0.252187 
0.83057 0.392199 0.696522 0.447463 0.507134 
0.302699 0.455249 0.372089 0.697939 0.260256 
0.8866309999999999 0.602698 0.543141 0.569977 0.600945 
0.454963 0.558621 0.749022 0.807735 0.608761 
0.315918 0.635792 0.756802 0.5754010000000001 0.764192 
0.6674099999999999 0.161757 0.656181 0.439483 0.391887 
0.712461 0.329361 0.572695 0.281388 0.294514 
0.668322 0.479942 0.386638 0.223165 0.738545 
0.533482 0.234651 0.777038 0.68474 0.429786 
0.417249 0.6999649999999999 0.318932 0.290073 0.258414 
0.624989 0.19341 0.635913 0.7869620000000001 0.477645 
0.282783 0.732463 0.509949 0.715556 0.355926 
0.280794 0.299122 0.337385 0.429357 0.195764 
0.580024 0.462078 0.139666 0.36697 0.671279 
0.865675 0.407425 0.595905 0.371714 0.397344 
0.353675 0.215131 0.712575 0.253552 0.453288 
0.239088 0.354542 0.794108 0.567404 0.358948 
0.444528 0.182341 0.613337 0.351151 0.78962 
0.670693 0.344689 0.183524 0.494537 0.689766 
0.5298659999999999 0.454715 0.395118 0.7503339999999999 0.866013 
0.641359 0.322589 0.745597 0.245283 0.463849 
0.666582 0.237136 0.544282 0.739471 0.28772 
0.781536 0.276816 0.44032 0.450809 0.751516 
0.73943 0.598538 0.625653 0.348115 0.7622949999999999 
0.822118 0.333047 0.5287849999999999 0.293649 0.352345 
0.404855 0.396178 0.561006 0.830473 0.7544380000000001 
0.232263 0.641014 0.525041 0.366736 0.735155 
0.6969340000000001 0.370544 0.729921 0.7745919999999999 0.56797 
0.800159 0.266345 0.467044 0.612645 0.720955 
0.661237 0.403847 0.455242 0.259405 0.816865 
0.174065 0.51825 0.226842 0.52827 0.638396 
0.757138 0.210896 0.521612 0.728955 0.539032 
0.463723 0.8003400000000001 0.319302 0.51667 0.670359 
0.368518 0.682491 0.621019 0.46577 0.191129 
0.433116 0.373613 0.317684 0.314347 0.228589 
0.530819 0.46922 0.174124 0.495137 0.773558 
0.266633 0.300547 0.2983 0.5231 0.737194 
0.307713 0.7290219999999999 0.672556 0.648147 0.399348 
0.782505 0.563474 0.31437 0.615086 0.758749 
0.2225 0.563844 0.519468 0.692727 0.660425 
0.348474 0.807625 0.760971 0.643101 0.590823 
0.327909 0.164675 0.6968839999999999 0.532238 0.322819 
0.377371 0.47603 0.635471 0.353594 0.859534 
0.485496 0.7282459999999999 0.624958 0.660786 0.831741 
0.533809 0.724058 0.250104 0.502123 0.173667 
0.335822 0.157988 0.305432 0.393376 0.465641 
0.351487 0.435915 0.425589 0.869245 0.399277 
0.574833 0.214629 0.267367 0.6409629999999999 0.6626609999999999 
0.779629 0.229407 0.636969 0.53309 0.649966 
0.737108 0.576981 0.315448 0.72734 0.400337 
0.5021409999999999 0.488819 0.588455 0.169411 0.289213 
0.604229 0.283529 0.279072 0.368877 0.719674 
0.476738 0.532976 0.731449 0.469439 0.858676 
0.159718 0.387304 0.424195 0.437095 0.261576 
0.280936 0.687886 0.301082 0.285797 0.38903 
0.7087869999999999 0.575942 0.862996 0.378981 0.5340819999999999 
0.309653 0.344782 0.750082 0.624363 0.673478 
0.793551 0.210956 0.538609 0.406835 0.672624 
0.795531 0.496778 0.355405 0.288317 0.736449 
0.791229 0.184539 0.543438 0.555155 0.488934 
0.367063 0.232717 0.282415 0.549099 0.712746 
0.494352 0.581383 0.299666 0.483139 0.1209 
0.829992 0.682485 0.523502 0.504929 0.348814 
0.578436 0.767584 0.7903559999999999 0.509815 0.455309 
0.683867 0.749615 0.778819 0.617754 0.589679 
0.630857 0.817785 0.518551 0.279264 0.588935 
0.556295 0.645875 0.216089 0.802503 0.662222 
0.607768 0.751609 0.296944 0.739177 0.348334 
0.3331 0.411279 0.363102 0.652871 0.797222 
0.517854 0.571892 0.7901049999999999 0.298406 0.31382 
0.810175 0.606931 0.682709 0.28592 0.45505 
0.347783 0.181734 0.402054 0.315902 0.368803 
0.277171 0.411683 0.152407 0.5002450000000001 0.613778 
0.773351 0.703308 0.498168 0.709385 0.626589 
0.682762 0.185123 0.357681 0.5468730000000001 0.296151 
0.433135 0.69253 0.351013 0.475621 0.762815 
0.474951 0.498948 0.813325 0.554487 0.255465 
0.276101 0.430459 0.716468 0.671606 0.679982 
0.615077 0.602832 0.795828 0.486151 0.747648 
0.46365 0.573682 0.8756159999999999 0.472101 0.6005819999999999 
0.169364 0.497677 0.457456 0.471216 0.723554 
0.710508 0.515758 0.351423 0.358232 0.8036990000000001 
0.404011 0.214163 0.43433 0.782624 0.564732 
0.530041 0.402141 0.789208 0.225883 0.422995 
0.397024 0.787021 0.462594 0.815408 0.556647 
0.245686 0.24028 0.377909 0.516645 0.248369 
0.720812 0.685566 0.301572 0.517541 0.308447 
0.564971 0.470246 0.424475 0.143193 0.643578 
0.743061 0.621725 0.333566 0.25154 0.630819 
0.806061 0.459354 0.359217 0.365236 0.516229 
0.328116 0.637368 0.249626 0.458986 0.183406 
0.5614479999999999 0.252978 0.798099 0.656654 0.375695 
0.293054 0.353407 0.715016 0.27362 0.726922 
0.379332 0.440995 0.797566 0.683682 0.6439 
0.500841 0.627634 0.636355 0.224267 0.259264 
0.455188 0.343414 0.765679 0.763522 0.519309 
0.430726 0.216544 0.452873 0.428585 0.23629 
0.615564 0.783798 0.298077 0.774285 0.399749 
0.339014 0.808555 0.391545 0.704371 0.36094 
0.544629 0.581018 0.172026 0.234988 0.445099 
0.694665 0.240481 0.757625 0.400463 0.583889 
0.46806 0.6780350000000001 0.736463 0.73436 0.389905 
0.708558 0.736036 0.557235 0.450515 0.8093050000000001 
0.761258 0.463346 0.451464 0.760956 0.38962 
0.547955 0.474779 0.618977 0.143431 0.641209 
0.67926 0.317333 0.419698 0.860391 0.591259 
0.674566 0.437588 0.541272 0.165504 0.6268899999999999 
0.6059600000000001 0.36296 0.270101 0.591471 0.8489950000000001 
0.5804510000000001 0.634687 0.181752 0.7097869999999999 0.381732 
0.171032 0.531426 0.684612 0.266711 0.608748 
0.424156 0.782983 0.596319 0.33244 0.316892 
0.80452 0.561342 0.479069 0.706114 0.665535 
0.51185 0.670646 0.539528 0.838956 0.330201 
0.516835 0.444861 0.782977 0.501448 0.831372 
0.656618 0.783803 0.373045 0.774757 0.34313 
0.314672 0.689673 0.33443 0.760134 0.566319 
0.449425 0.49197 0.532803 0.811674 0.798354 
0.719842 0.376195 0.70486 0.586619 0.298532 
0.41247 0.383307 0.234141 0.213636 0.5884740000000001 
0.720626 0.566092 0.312285 0.570194 0.245615 
0.67807 0.31545 0.768389 0.316036 0.614502 
0.30658 0.694071 0.251897 0.630138 0.729089 
0.57925 0.450966 0.381474 0.431375 0.12781 
0.619726 0.739596 0.397412 0.300986 0.679043 
0.779837 0.712251 0.794221 0.479942 0.379774 
0.537963  0.545 0.821812 0.193518 0.452538 
0.407125 0.5496180000000001 0.436675 0.197699 0.726463 
0.433239 0.450653 0.131279 0.410804 0.3871 
0.472533 0.857113 0.497916 0.475068 0.473995 
0.801405 0.218992 0.591932 0.602751 0.433038 
0.353096 0.490961 0.589261 0.707989 0.168174 
0.774396 0.274384 0.564782 0.285509 0.5415720000000001 
0.549269 0.564128 0.292215 0.250532 0.698453 
0.508692 0.578771 0.409958 0.169491 0.633219 
0.516018 0.717457 0.291801 0.29995 0.251879 
0.668367 0.242027 0.747221 0.535809 0.336491 
0.538253 0.420523 0.733851 0.840638 0.597372 
0.367613 0.471433 0.379806 0.407738 0.847477 
0.565271 0.5051060000000001 0.314343 0.159067 0.446447 
0.436335 0.488143 0.226954 0.420052 0.821009 
0.616636 0.794098 0.396899 0.676695 0.218786 
0.171265 0.452046 0.539582 0.752864 0.392335 
0.439084 0.6857529999999999 0.455873 0.849985 0.699478 
0.137835 0.585923 0.602814 0.490952 0.431614 
0.588553 0.806304 0.54914 0.403478 0.260429 
0.293486 0.618109 0.5622549999999999 0.8242620000000001 0.373478 
0.758535 0.69196 0.770488 0.59687 0.5973349999999999 
0.6773169999999999 0.667896 0.33507 0.514473 0.745611 
0.842702 0.291745 0.353397 0.5456299999999999 0.401271 
0.297828 0.586927 0.473883 0.554719 0.156511 
0.724209 0.781841 0.398133 0.428133 0.638678 
0.287031 0.133252 0.562647 0.4085 0.667727 
0.369352 0.701475 0.68403 0.499152 0.239936 
0.6890269999999999 0.478536 0.746503 0.468745 0.192456 
0.285608 0.214944 0.560623 0.382444 0.743853 
0.304968 0.600245 0.318484 0.767023 0.348788 
0.215903 0.675101 0.425156 0.591042 0.649353 
0.789476 0.722774 0.668382 0.501362 0.383368 
0.377091 0.762333 0.530277 0.357721 0.223478 
0.259636 0.699848 0.344574 0.252258 0.703784 
0.211598 0.323174 0.5850649999999999 0.183292 0.587019 
0.558836 0.351859 0.702356 0.496413 0.205436 
0.762856 0.318663 0.770783 0.551878 0.407151 
0.485638 0.122003 0.509763 0.593422 0.643791 
0.8095250000000001 0.685052 0.673986 0.679874 0.646998 
0.53635 0.430137 0.314825 0.263296 0.220683 
0.113733 0.517977 0.636379 0.617088 0.403927 
0.54056 0.198892 0.770366 0.537236 0.32378 
0.47651 0.705584 0.754611 0.753883 0.5154609999999999 
0.475852 0.639004 0.7437240000000001 0.761036 0.72512 
0.304484 0.465979 0.702218 0.175847 0.462025 
0.204518 0.326391 0.657614 0.523867 0.625776 
0.732524 0.536933 0.235654 0.641909 0.5705789999999999 
0.373689 0.597585 0.609606 0.656165 0.163244 
0.465211 0.7944059999999999 0.584921 0.761078 0.430815 
0.271833 0.6996869999999999 0.636008 0.391462 0.302668 
0.493641 0.61722 0.614469 0.382705 0.122879 
0.400806 0.343025 0.218733 0.246834 0.532765 
0.181025 0.483385 0.259868 0.6021069999999999 0.611893 
0.144493 0.487734 0.343036 0.412357 0.491712 
0.719739 0.652687 0.716231 0.693775 0.28378 
0.253739 0.583241 0.524289 0.718823 0.251097 
0.441468 0.756208 0.591983 0.451646 0.810767 
0.476143 0.542678 0.797187 0.320499 0.634477 
0.629638 0.327701 0.671555 0.830516 0.475599 
0.320855 0.606044 0.780965 0.6811700000000001 0.430562 
0.386513 0.117786 0.626619 0.58157 0.442462 
0.738398 0.249614 0.259156 0.629061 0.631307 
0.195842 0.522736 0.629754 0.270464 0.691319 
0.437869 0.259517 0.694153 0.629455 0.253918 
0.758105 0.469536 0.490381 0.826178 0.578792 
0.333451 0.317981 0.299494 0.590427 0.307487 
0.340788 0.6185929999999999 0.698173 0.195002 0.397376 
0.438042 0.168054 0.476974 0.502159 0.7783949999999999 
0.486617 0.5663319999999999 0.344094 0.18252 0.616581 
0.212576 0.759958 0.616967 0.368859 0.421082 
0.400637 0.511319 0.742378 0.151578 0.576633 
0.830564 0.294972 0.60258 0.562545 0.696545 
0.148834 0.445806 0.653281 0.696707 0.548114 
0.625304 0.480294 0.305635 0.805422 0.732063 
0.667562 0.7223579999999999 0.663555 0.366378 0.70745 
0.556399 0.400695 0.487408 0.87224 0.736152 
0.229815 0.495005 0.54532 0.192462 0.712186 
0.4944 0.388782 0.264042 0.750598 0.30311 
0.6445689999999999 0.278666 0.540808 0.365635 0.225698 
0.214163 0.433477 0.445005 0.203752 0.454698 
0.47874 0.187155 0.505782 0.671015 0.749611 
0.175262 0.631784 0.396236 0.538152 0.717936 
0.302354 0.663978 0.486534 0.18328 0.380786 
0.475053 0.21862 0.348438 0.200722 0.531652 
0.791798 0.755367 0.446869 0.525641 0.442013 
0.83854 0.349416 0.630595 0.415687 0.458854 
0.432955 0.679339 0.644889 0.648549 0.168774 
0.482524 0.780999 0.247126 0.454174 0.299116 
0.414255 0.379322 0.273229 0.153539 0.527995 
0.26479 0.325022 0.6473370000000001 0.799098 0.440412 
0.508742 0.428707 0.282213 0.151876 0.578896 
0.505234 0.466133 0.290077 0.329337 0.162257 
0.328384 0.15687 0.507683   0.62 0.333738 
0.487721 0.133376 0.646551 0.580736 0.430052 
0.51579 0.878951 0.531304 0.6248359999999999 0.625476 
0.564858 0.560761 0.703386 0.801078 0.725741 
0.750212 0.815113 0.599597 0.431097 0.445332 
0.236459 0.167167 0.572225 0.386898 0.601463 
0.302531 0.636903 0.430738 0.420969 0.219899 
0.75157 0.631491 0.475665 0.494604 0.806581 
0.772275 0.634186 0.76133 0.677372 0.593161 
0.49012 0.442535 0.685199 0.144724 0.370364 
0.330652 0.275029 0.411002 0.718433 0.710968 
0.313178 0.58189 0.82475 0.570394 0.619445 
0.683965 0.39572 0.858724 0.5739610000000001 0.554626 
0.248212 0.70569 0.524107 0.658556 0.345177 
0.425366 0.13195 0.685456 0.461624 0.5097 
0.590749 0.7189990000000001 0.213104 0.636556 0.592439 
0.532358 0.342617 0.367929 0.77552 0.169587 
0.574037 0.838425 0.402896 0.472693 0.549188 
0.830808 0.391286 0.349356 0.6325769999999999 0.716943 
0.310918 0.602093 0.377986 0.818452 0.717897 
0.761725 0.308725 0.744895 0.448479 0.582714 
0.5572279999999999 0.327696 0.586796 0.27627 0.269959 
0.360109 0.350487 0.629178 0.602441 0.220097 
0.6426269999999999 0.624706 0.427339 0.279841 0.280273 
0.377015 0.48892 0.279843 0.326958 0.177813 
0.689741 0.478661 0.847836 0.575634 0.687833 
0.411185 0.781596 0.285869 0.607345  0.645 
0.383384 0.527825 0.146941 0.637022 0.437091 
0.7986799999999999 0.407057 0.413676 0.647491 0.37442 
0.59509 0.671357 0.500763 0.32902 0.834244 
0.663366 0.189122 0.574673 0.5233989999999999 0.762772 
0.610117 0.232801 0.689909 0.304919 0.77389 
0.607328 0.369527 0.645958 0.619912 0.8671 
0.624308 0.7384230000000001 0.667675 0.613185 0.798557 
0.429492 0.473112 0.596137 0.279952 0.159533 
0.724619 0.663904 0.231373 0.678968 0.421634 
0.617017 0.200176 0.364939 0.523045 0.818018 
0.229349 0.670154 0.275508 0.4577 0.558388 
0.466999 0.856461 0.539864 0.498689 0.46015 
0.737503 0.218759 0.675515 0.383573 0.706943 
0.793388 0.473112 0.594948 0.286209 0.307524 
0.427671 0.861693 0.477693 0.582355 0.642839 
0.742293 0.713843 0.5588 0.750145 0.68259 
0.272763 0.322889 0.788682 0.381366 0.6209170000000001 
0.180014 0.489066 0.7390139999999999 0.6045970000000001 0.459732 
0.391535 0.525131 0.882516 0.447811 0.363355 
0.6394570000000001 0.36141 0.225596 0.587004 0.7694530000000001 
0.212989 0.711355 0.743472 0.527244 0.385557 
0.523447 0.580314 0.342985 0.549704 0.870552 
0.353875 0.571438 0.166869 0.573554 0.727763 
0.327172 0.780369 0.668607 0.271292 0.609766 
0.246543 0.646238 0.326855 0.455183 0.252949 
0.4307 0.7793 0.699725 0.270445 0.37072 
0.1997 0.359525 0.544923 0.512867 0.761526 
0.671064 0.572929 0.218404 0.721151 0.382051 
0.480537 0.378603 0.174977 0.831418 0.641576 
0.572173 0.514743 0.293428 0.645933 0.201288 
0.6334379999999999 0.190256 0.631318 0.5668069999999999 0.318734 
0.2892 0.591634 0.589547 0.50823 0.81823 
0.126457 0.362036 0.731456 0.57306 0.418992 
0.881087 0.427651 0.528556 0.440203 0.486211 
0.876872 0.583951 0.467156 0.489698 0.34945 
0.5411589999999999 0.252919 0.816837 0.580314 0.336004 
0.354711 0.620773 0.333423 0.844376 0.421782 
0.410138 0.196605 0.345068 0.564958 0.250082 
0.5064070000000001 0.188207 0.202384 0.472213 0.479497 
0.455593 0.156574 0.540231 0.6651010000000001 0.346503 
0.687124 0.498144 0.301232 0.7994 0.511985 
0.622458 0.647458 0.834338 0.710681 0.412329 
0.450681 0.597801 0.246818 0.264751 0.66947 
0.491789 0.505046 0.313726 0.789778 0.794794 
0.495889 0.401506 0.115747 0.358094 0.485482 
0.792259 0.496178 0.263912 0.570453 0.610694 
0.268887 0.191319 0.502723 0.264502 0.493491 
0.455264 0.624106 0.346255 0.507236 0.109597 
0.284544 0.331494 0.426271 0.331096 0.726155 
0.563003 0.398655 0.191554 0.446196 0.209814 
0.553126 0.394875 0.660211 0.165627 0.690758 
0.550594 0.829217 0.646485 0.475144 0.74441 
0.398188 0.346112 0.100463 0.477449 0.484891 
0.635938 0.211183 0.351914 0.615654 0.2986 
0.78024 0.497517 0.768097 0.404152 0.5778990000000001 
0.641411 0.191449 0.676223 0.281337 0.425545 
0.6010490000000001 0.827964 0.588488 0.72009 0.5510620000000001 
0.732714 0.716098 0.463652 0.591049 0.757968 
0.546716 0.656066 0.500257 0.827203 0.808833 
0.49909 0.211677 0.6519740000000001 0.728425 0.632921 
0.316986 0.590688 0.699622 0.547736 0.798945 
0.36005 0.364176 0.710966 0.197316 0.295872 
0.71515 0.532232 0.217202 0.519265 0.282566 
0.7593569999999999 0.5076929999999999 0.797142 0.5600349999999999 0.502217 
0.5102179999999999 0.231184 0.502777 0.177996 0.5841229999999999 
0.57253 0.50932 0.136105 0.520047 0.435234 
0.634638 0.359811 0.3482 0.199584 0.415917 
0.790476 0.52444 0.255044 0.5182600000000001 0.403882 
0.359423 0.828983 0.721279 0.53903 0.473538 
0.672643 0.105518 0.445491 0.371006 0.502742 
0.659706 0.68063 0.340054 0.289549 0.458218 
0.33559 0.256786 0.795714 0.564026 0.593032 
0.801253 0.656724 0.56701 0.731923 0.424998 
0.362928 0.731146 0.373228 0.844087 0.569809 
0.339716 0.604162 0.147399 0.332981 0.41107 
0.204413 0.569559 0.581083 0.263562 0.678763 
0.521844 0.631503 0.673249 0.297603 0.818545 
0.609849 0.724147 0.743227 0.412882 0.312641 
0.445455 0.7695109999999999 0.166034 0.534151 0.482662 
0.43179 0.10249 0.547779 0.518032 0.563381 
0.80285 0.49959 0.609708 0.354777 0.730169 
0.275335 0.555995 0.608056 0.6049369999999999 0.167816 
0.42517 0.840508 0.41635 0.598532 0.527518 
0.335611 0.606155 0.642577 0.785609 0.734921 
0.437333 0.253322 0.584447 0.804939 0.614607 
0.418853 0.656462 0.158776 0.5466 0.70485 
0.367152 0.72451 0.831751 0.235168 0.473043 
0.71776 0.397239 0.397591 0.316549 0.241117 
0.552652 0.420282 0.677898 0.434235 0.183987 
0.577597 0.669593 0.853373 0.640705 0.333419 
0.737002 0.799331 0.3484 0.556878 0.443972 
0.243025 0.518801 0.491212 0.806531 0.371281 
0.72599 0.710151 0.503815 0.626394 0.7959079999999999 
0.32746 0.621182 0.210556 0.808808 0.6412639999999999 
0.132831 0.49607 0.440368 0.265816 0.570622 
0.201477 0.219284 0.511118 0.36411 0.602251 
0.370512 0.202329 0.549218 0.70199 0.352548 
0.434251 0.459342 0.155513 0.699686 0.620903 
0.586521 0.666319 0.829685 0.512738 0.579855 
0.462928 0.426202 0.180807 0.828205 0.64052 
0.23736 0.316873 0.688716 0.25481 0.586731 
0.125921 0.360717 0.569792 0.49066 0.518713 
0.503202 0.30792 0.219113 0.6338009999999999 0.285526 
0.560347 0.757812 0.538689 0.737717 0.805036 
0.619476 0.535983 0.26756 0.881988 0.5653359999999999 
0.48405 0.430155 0.6202260000000001 0.130865 0.451565 
0.543443 0.63957 0.255517 0.474931 0.16466 
0.280408 0.812126 0.400153 0.379581 0.6128169999999999 
0.754594 0.463008 0.782027 0.52415 0.383011 
0.272075 0.756736 0.457702 0.589592 0.275355 
0.429752 0.842832 0.484005 0.666309 0.663641 
0.190888 0.259199 0.358518 0.610851 0.569906 
0.591278 0.611453 0.684135 0.248924 0.669383 
0.184055 0.404867 0.593105 0.314831 0.37159 
0.485895 0.444562 0.750919 0.702108 0.322203 
0.324298 0.484627 0.131754 0.388559 0.510679 
0.273596 0.33115 0.6449240000000001 0.235457 0.319044 
0.763159 0.41892 0.790409 0.405824 0.690522 
0.413293 0.221854 0.693447 0.766315 0.458491 
0.6529199999999999 0.628625 0.30253 0.62874 0.236825 
0.410155 0.467085 0.291027 0.284893 0.198642 
0.670642 0.472925 0.452379 0.128909 0.568871 
0.535234 0.6774210000000001 0.409882 0.884417 0.391482 
0.800777 0.658324 0.446745 0.449141 0.704525 
0.518485 0.178415 0.615193 0.5435990000000001 0.273456 
0.697722 0.6181219999999999 0.770844 0.569392 0.766525 
0.504825 0.596858 0.389584 0.737598 0.813616 
0.445983 0.63613 0.430826 0.893351 0.55552 
0.576385 0.30459 0.243308 0.276216 0.366491 
