5
115
0.64108 0.631071 0.418494 0.634893 0.642267 
0.693246 0.386466 0.33853 0.672129 0.470849 
0.512964 0.38506 0.698535 0.285389 0.525656 
0.5971109999999999 0.646252 0.5621159999999999 0.481094 0.748935 
0.680873 0.429254 0.468476 0.683011 0.370665 
0.218978 0.365296 0.531482 0.6141180000000001 0.483657 
0.584903 0.464129 0.624058 0.538331 0.729828 
0.769882 0.406163 0.374932 0.47376 0.478766 
0.392182 0.397617 0.756258 0.428668 0.630425 
0.584723 0.434957 0.31777 0.765191 0.572217 
0.721866 0.39599 0.398503 0.6464259999999999 0.489029 
0.755489 0.495726 0.671661 0.603705 0.466107 
0.636019 0.568604 0.528965 0.313946 0.494781 
0.45429 0.259692 0.644279 0.404082 0.413303 
0.492627 0.583479 0.537776 0.401187 0.750004 
0.651058 0.335021 0.692782 0.593234 0.481382 
0.526606 0.669168 0.698968 0.555514 0.528582 
0.340113 0.280986 0.533682 0.589847 0.552967 
0.212382 0.499641 0.473645 0.548134 0.490475 
0.4367 0.619767 0.42784 0.698963 0.477415 
0.232614 0.542363 0.489586 0.470252 0.52873 
0.257358 0.419088 0.612167 0.69765 0.411413 
0.316274 0.6220329999999999 0.5117350000000001 0.729847 0.535748 
0.472693 0.550347 0.676185 0.645358 0.533342 
0.26362 0.669401 0.62239 0.501013 0.521441 
0.538787 0.388963 0.305267 0.6250790000000001 0.708446 
0.5668260000000001 0.647441 0.541162 0.305137 0.43696 
0.569145 0.617735 0.278855 0.711051 0.640554 
0.610737 0.660883 0.453427 0.748766 0.5105189999999999 
0.500177 0.472459 0.617706 0.779172 0.54943 
0.558252 0.545145 0.24999 0.581516 0.537381 
0.623698 0.490786 0.639401 0.405646 0.69937 
0.514395 0.435273 0.638441 0.283545 0.538853 
0.355236 0.453402 0.329601 0.609661 0.577117 
0.719086 0.67165 0.413367 0.467099 0.539381 
0.625413 0.322935 0.5624749999999999 0.5224800000000001 0.319123 
0.466309 0.261531 0.5444369999999999 0.346145 0.658052 
0.369878 0.547228 0.269079 0.414562 0.551543 
0.633704 0.667135 0.534581 0.7012350000000001 0.660447 
0.418361 0.399556 0.345369 0.620026 0.77052 
0.435379 0.421453 0.353977 0.298961 0.6343839999999999 
0.658571 0.609192 0.690227 0.639529 0.561044 
0.518454 0.648108 0.746206 0.482573 0.599167 
0.225352 0.491668 0.4649 0.569264 0.6168090000000001 
0.605444 0.704382 0.542794 0.732945 0.613943 
0.6244769999999999 0.5856710000000001 0.378077 0.34061 0.6338510000000001 
0.529258 0.243268 0.597576 0.461805 0.565036 
0.422165 0.328455 0.350962 0.622633 0.590823 
0.558789 0.567759 0.325975 0.665998 0.424669 
0.485318 0.738831 0.5306340000000001 0.362683 0.6168 
0.518845 0.230053 0.499883 0.536117 0.525515 
0.550406 0.670165 0.470603 0.431683 0.28786 
0.752877 0.6079909999999999 0.505535 0.528565 0.587573 
0.455182 0.249631 0.548363 0.344946 0.514778 
0.5447340000000001 0.336981 0.647862 0.623102 0.481948 
0.532955 0.376704 0.256116 0.536237 0.541274 
0.516495 0.737693 0.402494 0.721581 0.60622 
0.423356 0.339582 0.348399 0.536874 0.233386 
0.35471 0.605026 0.679393 0.5664670000000001 0.617717 
0.674434 0.215948 0.435503 0.505114 0.448542 
 0.324 0.460497 0.580193 0.307581 0.517141 
0.576052 0.701277 0.369273 0.378975 0.42859 
0.311807 0.540644 0.604954 0.45477 0.322605 
0.6699929999999999 0.579605 0.425045 0.726684 0.375151 
0.338765 0.631614 0.542476 0.38831 0.326882 
0.591027 0.391709 0.454901 0.527356 0.277754 
0.323875 0.366122 0.410397 0.545335 0.448588 
0.578537 0.464764 0.285866 0.546354 0.571017 
0.577763 0.458356 0.581884 0.729558 0.676277 
0.462214 0.430507 0.5298620000000001 0.393928 0.7411180000000001 
0.6667689999999999 0.387617 0.686285 0.395105 0.522375 
0.686634 0.253197 0.477565 0.437758 0.395056 
0.576085 0.25659 0.501493 0.599006 0.49005 
0.533856 0.520454 0.27235 0.388498 0.493791 
0.6761819999999999 0.594424 0.485417 0.407068 0.599403 
0.440969 0.372547 0.392559 0.741273 0.5789 
0.323892 0.657505 0.693788 0.487086 0.45165 
0.712776 0.626264 0.6107860000000001 0.474661 0.6211 
0.356733 0.6036589999999999 0.6948569999999999 0.469484 0.6182569999999999 
0.340131 0.5868719999999999 0.556594 0.668259 0.434723 
0.25533 0.336025 0.567045 0.324418 0.493249 
0.388492 0.383338 0.760543 0.445267 0.602445 
0.635417 0.458109 0.437352 0.578469 0.321856 
0.312219 0.468765 0.538076 0.442926 0.261588 
0.6175 0.319119 0.430216  0.639 0.6678230000000001 
0.55979 0.384803 0.38439 0.447355 0.692692 
0.488155 0.419326 0.618885 0.599828 0.311716 
0.762687 0.474654 0.517025 0.645056 0.453011 
0.558561 0.737049 0.577115 0.573786 0.613797 
0.579548 0.466573 0.688383 0.658157 0.651354 
0.628638 0.512794 0.522956 0.329411 0.419062 
0.538681 0.603463 0.405818 0.582479 0.7259989999999999 
0.510518 0.279325 0.612272 0.456103 0.716266 
0.367076 0.449649 0.246827 0.41742 0.577103 
0.498165 0.65269 0.766852 0.480189 0.539004 
0.240404 0.47691 0.425274 0.57336 0.461099 
0.648447 0.440625 0.587999 0.497965 0.291586 
0.73603 0.448652 0.495243 0.541065 0.678661 
0.7124819999999999 0.682127 0.506958 0.435681 0.490561 
0.419682 0.597511 0.368493 0.262183 0.515645 
0.563619 0.740607 0.381713 0.453472 0.501741 
0.492812 0.683442 0.603357 0.624466 0.398058 
0.689333 0.618652 0.688084 0.620597 0.380949 
0.608412 0.5808 0.503642 0.711392 0.362874 
0.631327 0.710921 0.455564 0.670463 0.465134 
0.487736 0.372205 0.653694 0.632748 0.597478 
0.534867 0.507722 0.277657 0.5856130000000001 0.402184 
0.331918 0.540816 0.494332 0.233086 0.47348 
0.663907 0.287409 0.489531 0.555741 0.338185 
0.733529 0.42407 0.3465 0.624532 0.5091830000000001 
0.380058 0.628624 0.281227 0.582881 0.479138 
0.414256 0.396282 0.315616 0.550272 0.422831 
0.486613 0.498744 0.383755 0.774958 0.714041 
0.28682 0.579024 0.6492289999999999 0.5855050000000001 0.590066 
0.419026 0.5699689999999999 0.468092 0.228683 0.472161 
