5
239
0.53807 0.337161 0.659919 0.256247 0.746248 
0.586379 0.263851 0.5433210000000001 0.591378 0.290209 
0.784875 0.39445 0.525701 0.449493 0.634651 
0.576145 0.26915 0.597448 0.304381 0.726818 
0.208572 0.476082 0.518504 0.499155 0.296826 
0.297712 0.643263 0.327273 0.484162 0.313548 
0.295613 0.371836 0.452861 0.243202 0.500703 
0.329661 0.613542 0.797665 0.34846 0.572967 
0.45638 0.386339 0.201148 0.702187 0.657358 
0.572426 0.76609 0.67225 0.501792 0.62215 
0.498742 0.361724 0.496084 0.685059 0.794762 
0.803316 0.3243 0.51184 0.488643 0.628264 
0.735493 0.423831 0.325601 0.375882 0.452036 
0.40016 0.486137 0.499803 0.187384 0.355408 
0.507265 0.59473 0.622051 0.814334 0.506888 
0.635887 0.348756 0.545349 0.687175 0.347313 
0.361845 0.532779 0.421357 0.745784 0.388102 
0.31555 0.45206 0.777324 0.476255 0.415208 
0.310373 0.432046 0.393148 0.64091 0.779424 
0.272953 0.52421 0.400158 0.449173 0.24683 
0.79982 0.577827 0.54111 0.440261 0.459067 
0.50844 0.342757 0.713664 0.544458 0.707966 
0.44218 0.717225 0.398988 0.79874 0.431435 
0.255642 0.581218 0.5349699999999999 0.233326 0.518414 
0.242677 0.668441 0.495357 0.471689 0.683316 
0.257764 0.241123 0.550572 0.455664 0.347857 
0.184587 0.347863 0.535171 0.626371 0.411085 
0.670889 0.624368 0.751335 0.68283 0.320799 
0.674581 0.679571 0.558144 0.726461 0.630319 
0.753404 0.466674 0.39101 0.703968 0.589198 
0.625345 0.172044 0.536115 0.493035 0.441273 
0.472334 0.519918 0.258901 0.343263 0.223142 
0.249631 0.540044 0.520278 0.306321 0.329086 
0.735386 0.633588 0.714252 0.436457 0.527609 
0.5974699999999999 0.673206 0.576623 0.294426 0.418477 
0.374453 0.425035 0.570524 0.801664 0.564067 
0.503609 0.152589 0.564801 0.602406 0.6381520000000001 
0.5142910000000001 0.684311 0.215251 0.727231 0.579438 
0.258498 0.57829 0.326751 0.705754 0.611166 
0.483233 0.688961 0.359466 0.552789 0.73054 
0.438357 0.464518 0.148949 0.381533 0.420574 
0.263145 0.677974 0.702294 0.462573 0.458236 
0.460202 0.622932 0.614882 0.328036 0.307598 
0.491374 0.530953 0.7276359999999999 0.375959 0.744937 
0.603899 0.724303 0.357398 0.796416 0.357966 
0.331336 0.766025 0.584604 0.432298 0.639313 
0.566748 0.325567 0.808744 0.566218 0.429678 
0.191798 0.548849 0.502199 0.457528 0.678183 
0.471335 0.7218059999999999 0.390395 0.37118 0.429788 
0.318356 0.605802 0.714744 0.6971889999999999 0.662994 
0.720426 0.20696 0.372849 0.47667 0.398442 
0.672494 0.603005 0.711581 0.546813 0.288459 
0.7659 0.486072 0.415937 0.650641 0.329943 
0.348589 0.737945 0.635652 0.406583 0.435311 
0.621426 0.302995 0.44438 0.686661 0.711916 
0.522237 0.236051 0.308059 0.539319 0.326473 
0.451402 0.713365 0.5305260000000001 0.550143 0.254293 
0.345963 0.598279 0.268126 0.396121 0.60903 
0.315787 0.436645 0.690636 0.524707 0.746323 
0.239874 0.569797 0.583966 0.7122230000000001 0.332458 
0.409459 0.778222 0.579066 0.357272 0.677661 
0.378279 0.742928 0.398801 0.6556 0.6718769999999999 
0.417756 0.233158 0.6793360000000001 0.595732 0.459702 
0.549754 0.717882 0.437574 0.29896 0.624045 
0.504718 0.799579 0.525764 0.508988 0.562721 
0.539974 0.35112 0.270763 0.716819 0.577134 
0.569095 0.787913 0.458716 0.634344 0.425716 
0.448759 0.297233 0.590634 0.781675 0.612102 
0.489297 0.613881 0.489658 0.677172 0.234115 
0.531178 0.515223 0.351607 0.451823 0.797521 
0.434891 0.207201 0.421516 0.421392 0.343272 
0.674748 0.496978 0.71496 0.330793 0.63266 
0.724922 0.768168 0.598346 0.40284 0.533873 
0.606726 0.24147 0.383549 0.306092 0.483278 
0.471135 0.364168 0.574677 0.598274 0.184791 
0.313473 0.544278 0.6747 0.680985 0.322093 
0.701404 0.495471 0.381417 0.482076 0.251797 
0.529639 0.649699 0.484816 0.310395 0.803524 
0.469843 0.643505 0.383563 0.54669 0.217961 
0.426465 0.6023849999999999 0.285457 0.6677419999999999 0.745942 
0.243189 0.283364 0.504883 0.563727 0.567931 
0.324949 0.423653 0.339771 0.525865 0.221171 
0.755972 0.614841 0.630769 0.342977 0.406215 
0.318231 0.513148 0.483261 0.168114 0.49747 
0.534205 0.387899 0.415197 0.209759 0.414995 
0.476019 0.444844 0.487689 0.580701 0.842566 
0.682825 0.236008 0.594184 0.451511 0.542615 
0.388123 0.18555 0.539197 0.278962 0.517824 
0.394098 0.604309 0.616673 0.425905 0.17946 
0.204294 0.56658 0.5095769999999999 0.460268 0.72645 
0.437888 0.58334 0.201675 0.555266 0.361776 
0.709148 0.650598 0.600322 0.606752 0.6761779999999999 
0.207499 0.434556 0.583907 0.731509 0.463763 
0.33934 0.282052 0.448288 0.376133 0.669103 
0.561823 0.561164 0.491485 0.391633 0.179078 
0.36643 0.582985 0.237199 0.606922 0.545732 
0.691154 0.230353 0.541888 0.5199859999999999 0.409048 
0.647574 0.777617 0.411939 0.458225 0.382072 
0.292414 0.597761 0.568913 0.724618 0.647672 
0.457798 0.204994 0.332517 0.605676 0.589102 
0.300083 0.486667 0.420612 0.219821 0.525859 
0.573842 0.562612 0.8147529999999999 0.55343 0.49132 
0.83397 0.5284990000000001 0.477332 0.5236730000000001 0.374139 
0.527474 0.249686 0.466741 0.515158 0.265706 
0.767396 0.632032 0.566947 0.683142 0.57216 
0.458299 0.633939 0.609582 0.248442 0.570632 
0.443253 0.755738 0.691537 0.658338 0.6841970000000001 
0.381257 0.792497 0.501675 0.646195 0.596326 
0.528918 0.524258 0.20042 0.451086 0.402235 
0.844253 0.354767 0.576271 0.387364 0.431346 
0.473297 0.698565 0.779937 0.398489 0.399904 
0.542677 0.773332 0.393321 0.549455 0.693783 
0.578178 0.434327 0.737043 0.488654 0.802166 
0.500042 0.202992 0.684513 0.614658 0.560125 
0.622507 0.4802 0.718072 0.628173 0.703666 
0.513787 0.219936 0.466619 0.459171 0.28876 
0.308937 0.302449 0.265457 0.537971 0.677939 
0.673861 0.582634 0.334371 0.781736 0.63281 
0.256471 0.508023 0.345912 0.747224 0.585968 
0.600318 0.543507 0.719312 0.471845 0.296392 
0.416356 0.691157 0.277241 0.584777 0.351472 
0.678435  0.463 0.6486730000000001 0.251777 0.623926 
0.357689 0.676368 0.720393 0.651068 0.506833 
0.410991 0.528902 0.260353 0.7462029999999999 0.439622 
0.442289 0.546936 0.355403 0.255806 0.328477 
0.793259 0.302038 0.354828 0.591805 0.467678 
0.58122 0.565046 0.733046 0.309667 0.57314 
0.57562 0.440849 0.341666 0.388838 0.205006 
0.413437 0.630356 0.395446 0.259378 0.367389 
0.7371760000000001 0.715741 0.458236 0.568535 0.370482 
0.30174 0.34376 0.576813 0.491983 0.760276 
0.38927 0.460191 0.436156 0.465568 0.807022 
0.327093 0.457697 0.519335 0.460631 0.820171 
0.637731 0.341499 0.579446 0.742885 0.674385 
0.231952 0.416052 0.582299 0.697586 0.320581 
0.191911 0.452582 0.543014 0.429731 0.488173 
0.403606 0.401457 0.288969 0.706155 0.339245 
0.6899729999999999 0.373735 0.363466 0.766016 0.43739 
0.481777 0.229944 0.674735 0.266233 0.586352 
0.607706 0.707165 0.316041 0.697719 0.570929 
0.637312 0.308192 0.778451 0.419199 0.477629 
0.636543 0.371078 0.710045 0.731925 0.471158 
0.306037 0.571506 0.306819 0.710086 0.420967 
0.807424 0.376607 0.6258359999999999 0.42574 0.419029 
0.487681 0.449367 0.506943 0.186787 0.325822 
0.53463 0.520586 0.483026 0.209826 0.551125 
0.682776 0.419726 0.334419 0.572011 0.792505 
0.280674 0.294546 0.43217 0.482577 0.678824 
0.560939 0.709604 0.307033 0.308471 0.470586 
0.755132 0.499655 0.7052659999999999 0.408974 0.629986 
0.277762 0.338806 0.313643 0.403023 0.614113 
0.518446 0.5185110000000001 0.611972 0.414042 0.811633 
0.706754 0.409434 0.361977 0.741803 0.488211 
0.454176 0.339938 0.345612 0.707785 0.746494 
0.441687 0.431213 0.396548 0.775973 0.777264 
0.220532 0.473759 0.462754 0.500353 0.436399 
0.673972 0.447243 0.817783 0.482933 0.65079 
0.516482 0.514054 0.710198 0.299499 0.678701 
0.6426269999999999 0.624706 0.427339 0.279841 0.280273 
0.268318 0.621791 0.434564 0.7245 0.676335 
0.512495 0.50184 0.419899 0.246133 0.759174 
0.6809229999999999 0.274807 0.67957 0.526416 0.472268 
0.764408 0.400101 0.502073 0.332935 0.640987 
0.540916 0.183059 0.667785 0.456271 0.553051 
0.432055 0.5505910000000001 0.786594 0.291691 0.448559 
0.35862 0.328708 0.588252 0.759587 0.379523 
0.7291260000000001 0.428496 0.72937 0.5206460000000001 0.498043 
0.592357 0.746982 0.519105 0.592096 0.34918 
0.446029 0.405579 0.5684669999999999 0.230603 0.74324 
0.320967 0.485774 0.395384 0.21185 0.560597 
0.584063 0.34327 0.333658 0.79047 0.432253 
0.489175 0.571143 0.206188 0.398842 0.339132 
0.542611 0.656736 0.765549 0.582532 0.620811 
0.663547 0.234942 0.661835 0.469059 0.469213 
0.741323 0.42133 0.294484 0.393087 0.605059 
0.608997 0.419923 0.653989 0.587928 0.301125 
0.641122 0.338638 0.486845 0.400862 0.283394 
0.328452 0.29509 0.574363 0.324428 0.6570240000000001 
0.357517 0.782568 0.623227 0.583187 0.6205540000000001 
0.672722 0.437277 0.310135 0.439447 0.7851399999999999 
0.487102 0.721863 0.348531 0.753356 0.655753 
0.421325 0.208026 0.295141 0.433065 0.519005 
0.394144 0.374032 0.358137 0.209343 0.419935 
0.23373  0.308 0.5634169999999999 0.353519 0.589298 
0.580574 0.715155 0.608899 0.761375 0.429001 
0.775308 0.605904 0.435629 0.62066 0.428055 
0.562827 0.430426 0.170023 0.5717 0.560781 
0.548249 0.428793 0.723494 0.756327 0.588215 
0.37358 0.754671 0.748943 0.492921 0.523429 
0.488355 0.787851 0.403666 0.419738 0.5390470000000001 
0.379856 0.231416 0.410452 0.469465 0.299074 
0.221007 0.467049 0.688842 0.37286 0.658336 
0.779597 0.6820619999999999 0.410217 0.519277 0.49434 
0.308898 0.650771 0.508452 0.549608 0.257404 
0.568949 0.330112 0.200189 0.583357 0.479637 
0.824676 0.337217 0.604781 0.550334 0.465585 
0.665812 0.301987 0.491861 0.709133 0.402432 
0.372147 0.674224 0.678562 0.591405 0.744772 
0.550706 0.7187210000000001 0.551601 0.756871 0.72846 
0.235888 0.56598 0.433714 0.423368 0.544523 
0.5137429999999999 0.476979 0.58439 0.845935 0.631737 
0.519323 0.263727 0.460959 0.332087 0.382132 
0.755003 0.332213 0.49868 0.31544 0.603801 
0.2868 0.255403 0.561689 0.305433 0.407111 
0.365481 0.645281 0.238509 0.617146 0.371931 
0.31793 0.442694 0.359532 0.659234 0.7538010000000001 
0.5056580000000001 0.596346 0.791965 0.558123 0.364945 
0.405946 0.736969 0.237546 0.434429 0.451245 
0.512563 0.640936 0.218812 0.578357 0.451275 
0.676164 0.280618 0.346264 0.65607 0.563714 
0.382857 0.682908 0.636435 0.571381 0.201048 
0.553382 0.690871 0.462114 0.749849 0.710623 
0.484702 0.386251 0.712158 0.243379 0.477994 
0.514809 0.401274 0.214458 0.40146 0.344474 
0.621081 0.512061 0.21495 0.663031 0.554402 
0.39558 0.5055229999999999 0.317973 0.16877 0.514752 
0.418171 0.201436 0.532849 0.594796 0.732511 
0.590207 0.609762 0.276879 0.512368 0.365491 
0.493693 0.496685 0.778798 0.263971 0.555504 
0.672239 0.317051 0.67266 0.404219 0.716713 
0.31102 0.309916 0.764888 0.478229 0.597785 
0.514028 0.266294 0.607693 0.500431 0.745367 
0.218563 0.387196 0.598044 0.330375 0.6049330000000001 
0.74294 0.587229 0.559387 0.625614 0.694425 
0.461339 0.731623 0.384581 0.6593909999999999 0.379399 
0.70302 0.665127 0.784459 0.405158 0.493226 
0.330323 0.74483 0.362985 0.6861120000000001 0.4826 
0.415435 0.209182 0.723954 0.492912 0.374853 
0.809926 0.424206 0.627214 0.577526 0.478545 
0.420914 0.297577 0.374344 0.601726 0.212021 
0.64427 0.251421 0.637208 0.553739 0.689407 
0.626622 0.6287 0.563022 0.7102850000000001 0.763202 
0.235173 0.548489 0.450028 0.628268 0.304503 
0.273596 0.33115 0.6449240000000001 0.235457 0.319044 
0.822597 0.38826 0.481854 0.515465 0.414126 
0.579977 0.676475 0.50803 0.460334 0.829686 
0.528429 0.310068 0.320261 0.61836 0.780324 
0.531335 0.144734 0.5492050000000001 0.48358 0.527495 
0.424431 0.412586 0.327979 0.349126 0.75728 
