5
228
0.267581 0.240999 0.466754 0.730344 0.897191 
0.686474 0.565653 0.927268 0.592537 0.774354 
0.340072 0.5957249999999999 0.348028 0.299046 0.064716 
0.675013 0.947506 0.73049 0.342101 0.699379 
0.227248 0.354641 0.448735 0.89196 0.16935 
0.481489 0.390399 0.441907 0.13678 0.856175 
0.70207 0.698496 0.622104 0.698111 0.148538 
0.479724 0.717495 0.940404 0.362604 0.287351 
0.5023919999999999 0.694522 0.838897 0.335031 0.862505 
0.182923 0.380293 0.591553 0.22948 0.871406 
0.123532 0.200063 0.460673 0.5376609999999999 0.464654 
0.36421 0.275536 0.93874 0.396999 0.359717 
0.20155 0.445755 0.797898 0.274152 0.664424 
0.918634 0.487668 0.229446 0.295096 0.677233 
0.09719999999999999 0.632922 0.519969 0.12348 0.322719 
0.22658 0.136214 0.341682 0.644651 0.649149 
0.65608 0.732301 0.791084 0.751031 0.578206 
0.532107 0.122608 0.666411 0.363371 0.183853 
0.424664 0.331789 0.37461 0.070716 0.525193 
0.101056 0.453111 0.443489 0.726994 0.595996 
0.439466 0.106068 0.691149 0.142416 0.583301 
0.213215 0.502613 0.410342 0.613027 0.141113 
0.855454 0.61808 0.07005500000000001 0.412766 0.354765 
0.807572 0.855734 0.324835 0.501231 0.186718 
0.168153 0.154666 0.468576 0.357682 0.563496 
0.682413 0.311112 0.85463 0.772748 0.567487 
0.5856130000000001 0.40353 0.123693 0.9035260000000001 0.558832 
0.50743 0.369545 0.950224 0.414502 0.535211 
0.285648 0.891283 0.793198 0.283178 0.370954 
0.395658 0.82904 0.673326 0.584806 0.838561 
0.657575 0.868244 0.573726 0.608719 0.748254 
0.771307 0.36138 0.709165 0.934515 0.396662 
0.701025 0.127013 0.715525 0.83051 0.383748 
0.657907 0.434882 0.061685 0.739421 0.451637 
0.197798 0.394426 0.12449 0.296322 0.283414 
0.33566 0.431477 0.828487 0.389256 0.225932 
0.713863 0.89967 0.74697 0.316793 0.340272 
0.275638 0.644661 0.820218 0.407401 0.190342 
0.642925 0.644038 0.346235 0.174756 0.121281 
0.647387 0.625985 0.93388 0.728609 0.725847 
0.312777 0.8485510000000001 0.6040990000000001 0.08749700000000001 0.5649459999999999 
0.633338 0.512455 0.823372 0.409045 0.820752 
0.566394 0.382457 0.958562 0.5527030000000001 0.278999 
0.363533 0.896723 0.227794 0.529822 0.722363 
0.659559 0.210361 0.541831 0.559284 0.882478 
0.617995 0.64996 0.881107 0.769053 0.46995 
0.455567 0.722265 0.113754 0.8589560000000001 0.474733 
0.540987 0.368495 0.301941 0.727608 0.912583 
0.625904 0.567889 0.51768 0.639727 0.894702 
0.490512 0.036799 0.479355 0.521046 0.212019 
0.404809 0.631902 0.369843 0.948339 0.734455 
0.489754 0.298334 0.103088 0.60806 0.663196 
0.37587 0.246844 0.7116209999999999 0.214097 0.331814 
0.590641 0.910967 0.616363 0.206233 0.156262 
0.303193 0.759551 0.7783409999999999 0.570344 0.779785 
0.850998 0.718325 0.892261 0.226007 0.493884 
0.483389 0.327284 0.668614 0.396139 0.900562 
0.751145 0.488114 0.727217 0.337666 0.15437 
0.314521 0.150384 0.504453 0.346532 0.155066 
0.333202 0.125629 0.452519 0.487487 0.19132 
0.750769 0.178424 0.778576 0.526465 0.290163 
0.8008690000000001 0.205597 0.467461 0.6213379999999999 0.835606 
0.88509 0.701783 0.862473 0.581281 0.591052 
0.810921 0.144985 0.770834 0.41342 0.349945 
0.179368 0.641891 0.258479 0.251352 0.467189 
0.349323 0.06691800000000001 0.691768 0.5379 0.491931 
0.343878 0.551609 0.895914 0.628804 0.310674 
0.492991 0.698464 0.089324 0.263183 0.31623 
0.871993 0.587808 0.293794 0.800355 0.57175 
0.311843 0.142406 0.413946 0.192388 0.472599 
0.6016629999999999 0.147243 0.7136749999999999 0.738748 0.133556 
0.68366 0.266341 0.386988 0.11261 0.634114 
0.667324 0.7225819999999999 0.435395 0.687995 0.136428 
0.5431049999999999 0.958315 0.39665 0.504286 0.530095 
0.760432 0.586371 0.141619 0.186146 0.5474560000000001 
0.947919 0.670304 0.792679 0.561887 0.63135 
0.756478 0.120758 0.581982 0.364087 0.211793 
0.440958 0.174649 0.328048 0.505096 0.151664 
0.181063 0.13389 0.286205 0.249672 0.234908 
0.102798 0.7248520000000001 0.581049 0.683565 0.676359 
0.861807 0.395208 0.261215 0.236014 0.68443 
0.727398 0.376786 0.645187 0.652104 0.907489 
0.339042 0.275586 0.777515 0.696368 0.848913 
0.613548 0.901458 0.802607 0.41075 0.481519 
0.402383 0.852957 0.643923 0.419281 0.861324 
0.255386 0.267073 0.696936 0.400362 0.888893 
0.847253 0.779008 0.787676 0.471548 0.313561 
0.340721 0.494202 0.058764 0.645178 0.508873 
0.7617350000000001 0.477501 0.357296 0.077252 0.372809 
0.799447 0.302096 0.334932 0.200552 0.677782 
0.726892 0.880128 0.303178 0.512089 0.685017 
0.085662 0.721264 0.283718 0.447813 0.388541 
0.208873 0.528356 0.07995099999999999 0.7368710000000001 0.596239 
0.485196 0.682844 0.553689 0.844543 0.227144 
0.61012 0.281145 0.198827 0.678994 0.855755 
0.831919 0.055408 0.246538 0.559209 0.626651 
0.304789 0.587406 0.531561 0.94219 0.394003 
0.065236 0.423673 0.674755 0.606274 0.640171 
0.454195 0.647382 0.544544 0.151657 0.899626 
0.806547 0.634826 0.521938 0.218433 0.195938 
0.474971 0.844865 0.652023 0.554122 0.132645 
0.359318 0.055019 0.70853 0.258674 0.541385 
0.371827 0.298306 0.634962 0.8068 0.886454 
0.63612 0.276083 0.128204 0.72709 0.194063 
0.809577 0.556925 0.246661 0.623977 0.188995 
0.239167 0.675007 0.849723 0.297365 0.809206 
0.6668500000000001 0.748263 0.056905 0.402789 0.682411 
0.280151 0.49114 0.598093 0.147565 0.123082 
0.269311 0.312525 0.604617 0.791562 0.789878 
0.485759 0.154175 0.217219 0.804567 0.361095 
0.14034 0.694779 0.150459 0.765594 0.345713 
0.575699 0.766463 0.949147 0.307101 0.447051 
0.588005 0.60006 0.202032 0.551322 0.065096 
0.214591 0.624713 0.547027 0.887235 0.752466 
0.492503 0.501243 0.383089 0.582796 0.047805 
0.710662 0.100597 0.731326 0.394809 0.55872 
0.118354 0.167534 0.747575 0.489406 0.447309 
0.709452 0.753923 0.182761 0.657985 0.750401 
0.534769 0.867221 0.378809 0.642817 0.830731 
0.28216 0.269046 0.853318 0.71368 0.813951 
0.09106400000000001 0.5155920000000001 0.5554519999999999 0.483418 0.802345 
0.638809 0.470298 0.291918 0.26548 0.915069 
0.563185 0.453921 0.044827 0.407479 0.506965 
0.554094 0.657295 0.161731 0.220221 0.258532 
0.925462 0.243247 0.251048 0.36316 0.628185 
0.904843 0.691405 0.440548 0.29502 0.403061 
0.85325 0.579193 0.490795 0.799473 0.748027 
0.764039 0.204481 0.7166940000000001 0.469305 0.602452 
0.341138 0.5044380000000001 0.08636000000000001 0.444375 0.60504 
0.292286 0.449203 0.76301 0.906726 0.344255 
0.104515 0.5806750000000001 0.405932 0.506498 0.712761 
0.368901 0.12216 0.149246 0.370162 0.316727 
0.187112 0.798168 0.813438 0.45001 0.313139 
0.406363 0.747995 0.550458 0.549763 0.871075 
0.158239 0.517537 0.241728 0.716415 0.782515 
0.724173 0.179774 0.459167 0.221908 0.601329 
0.806052 0.313118 0.575646 0.87979 0.6385150000000001 
0.513334 0.597655 0.789377 0.056963 0.376327 
0.392331 0.913584 0.603626 0.13841 0.264285 
0.835454 0.478565 0.237506 0.754959 0.603554 
0.52245 0.809853 0.197485 0.131224 0.488114 
0.739567 0.904296 0.499569 0.254508 0.512262 
0.230042 0.323414 0.62207 0.13671 0.6799190000000001 
0.3155 0.6117669999999999 0.959624 0.399627 0.526494 
0.776861 0.7033239999999999 0.767082 0.347785 0.22546 
0.345944 0.286554 0.118024 0.636138 0.574276 
0.200963 0.59036 0.18049 0.494151 0.192549 
0.883718 0.642896 0.156502 0.331261 0.496815 
0.406991 0.306041 0.630486 0.575591 0.951794 
0.155049 0.90488 0.32466 0.5576 0.588455 
0.233067 0.162985 0.280817 0.684132 0.207335 
0.606129 0.205474 0.400141 0.177676 0.200959 
0.5148200000000001 0.577759 0.391581 0.301476 0.904949 
0.588825 0.384495 0.209071 0.848803 0.8280999999999999 
0.742269 0.313407 0.42787 0.203835 0.84859 
0.7506890000000001 0.82843 0.430886 0.8976229999999999 0.352957 
0.4251 0.649123 0.8134749999999999 0.06715 0.593886 
0.636352 0.171979 0.455302 0.25603 0.101883 
0.562175 0.476389 0.672528 0.183385 0.159337 
0.258442 0.638758 0.6098980000000001 0.553641 0.038779 
0.5389890000000001 0.79471 0.683769 0.103902 0.275804 
0.105121 0.770733 0.710699 0.725681 0.522927 
0.6433950000000001 0.541377 0.919041 0.326013 0.2926 
0.322501 0.280078 0.268302 0.344847 0.8383930000000001 
0.205304 0.5465449999999999 0.7901280000000001 0.677617 0.714269 
0.352881 0.872048 0.516024 0.807006 0.347173 
0.789585 0.558559 0.69812 0.308157 0.192913 
0.879292 0.256661 0.699139 0.432112 0.50569 
0.132108 0.34279 0.276059 0.718376 0.750813 
0.372154 0.799031 0.31167 0.229478 0.838426 
0.374109 0.651938 0.115714 0.802563 0.670204 
0.7139760000000001 0.800546 0.776492 0.493053 0.742964 
0.82123 0.406604 0.790776 0.5787639999999999 0.279391 
0.454617 0.751808 0.62942 0.660906 0.8501300000000001 
0.112127 0.5235069999999999 0.575187 0.163538 0.587051 
0.06983200000000001 0.6676840000000001 0.760845 0.522006 0.351018 
0.145576 0.703608 0.54494 0.799766 0.673764 
0.192106 0.7251 0.753748 0.239154 0.454335 
0.71277 0.522353 0.183572 0.302798 0.123299 
0.283951 0.371469 0.280173 0.8635429999999999 0.560666 
0.615627 0.834614 0.350739 0.878474 0.518362 
0.245782 0.85504 0.648972 0.273536 0.319537 
0.932317 0.453304 0.672008 0.432284 0.392298 
0.434209 0.750116 0.201151 0.745389 0.745949 
0.156477 0.902931 0.565208 0.446284 0.698523 
0.188102 0.425399 0.685877 0.535488 0.939513 
0.398478 0.224538 0.813022 0.454143 0.788923 
0.427638 0.315076 0.483955 0.8398369999999999 0.141675 
0.846658 0.773582 0.590869 0.737521 0.518657 
0.072019 0.423914 0.721348 0.693482 0.349591 
0.384034 0.461458 0.725422 0.162262 0.137641 
0.589822 0.135915 0.323132 0.879533 0.314766 
0.709324 0.614773 0.485279 0.077691 0.744443 
0.065414 0.41247 0.377593 0.211556 0.6217510000000001 
0.369458 0.484337 0.255245 0.9027579999999999 0.657289 
0.103451 0.70686 0.194598 0.605301 0.293375 
0.15594 0.888926 0.180789 0.527657 0.32638 
0.817858 0.738815 0.256578 0.303956 0.585233 
0.574331 0.788987 0.499248 0.863642 0.231486 
0.677092 0.889474 0.390172 0.621418 0.176271 
0.584514 0.925284 0.24898 0.6032960000000001 0.589757 
0.371563 0.851982 0.255224 0.555549 0.114856 
0.380435 0.964187 0.093796 0.425278 0.640682 
0.802088 0.689068 0.165026 0.5835900000000001 0.389581 
0.854959 0.301803 0.410987 0.464217 0.100534 
0.881792 0.275741 0.376817 0.158103 0.244125 
0.396432 0.839643 0.881562 0.406055 0.5697719999999999 
0.718473 0.372719 0.28643 0.022279 0.447229 
0.155995 0.8059500000000001 0.594964 0.558864 0.8209880000000001 
0.719168 0.060736 0.792309 0.344525 0.433996 
0.717095 0.216371 0.5403829999999999 0.219181 0.782899 
0.202158 0.676251 0.758416 0.7060340000000001 0.319823 
0.378271 0.598039 0.23973 0.13427 0.681985 
0.6969340000000001 0.366169 0.200297 0.391217 0.182546 
0.268988 0.877409 0.609187 0.6083 0.701963 
0.7463880000000001 0.5499849999999999 0.599088 0.868243 0.556711 
0.751749 0.647891 0.112282 0.119858 0.447177 
0.727936 0.418653 0.304131 0.525678 0.074102 
0.240561 0.110593 0.732513 0.342753 0.651593 
0.7425890000000001 0.6884710000000001 0.133851 0.62746 0.714044 
0.63314 0.186083 0.501117 0.2794 0.883032 
0.115226 0.596826 0.8508559999999999 0.333951 0.721263 
0.264152 0.603342 0.375235 0.577194 0.902734 
0.585823 0.925482 0.575273 0.610172 0.163349 
0.249578 0.650397 0.225286 0.382531 0.19264 
0.5044960000000001 0.068999 0.671365 0.6312680000000001 0.721637 
0.815753 0.366349 0.229321 0.198286 0.599185 
0.501614 0.624634 0.231915 0.803466 0.856545 
