5
1256
0.57584 0.14071 0.910247 0.515669 0.844322 
0.170988 0.788892 0.905424 0.456162 0.718832 
0.6238050000000001 0.285842 0.146489 0.042345 0.693628 
0.098264 0.527305 0.412611 0.755463 0.074652 
0.581809 0.465286 0.061981 0.708164 0.110271 
0.553296 0.243352 0.022046 0.523088 0.534123 
0.763151 0.28264 0.322904 0.050349 0.215775 
0.887572 0.418186 0.447732 0.027042 0.494285 
0.167327 0.259409 0.8864570000000001 0.688839 0.314624 
0.398736 0.5497339999999999 0.382412 0.201823 0.03243 
0.044791 0.795645 0.408839 0.352426 0.224582 
0.700479 0.958539 0.169782 0.5296380000000001 0.633952 
0.8273 0.427272 0.154268 0.778658 0.90868 
0.381623 0.93244 0.5272289999999999 0.133563 0.7978229999999999 
0.14112 0.798469 0.869147 0.7565460000000001 0.261592 
0.582284 0.440693 0.724223 0.022509 0.316657 
0.047396 0.588885 0.38771 0.248906 0.361423 
0.92023 0.313417 0.599001 0.40911 0.914565 
0.517308 0.400796 0.179203 0.869752 0.916229 
0.281896 0.818933 0.809291 0.749453 0.055689 
0.068051 0.737331 0.3238 0.110757 0.486103 
0.836459 0.360896 0.584149 0.795914 0.9309770000000001 
0.369585 0.610042 0.970807 0.353109 0.7023200000000001 
0.898767 0.58532 0.473637 0.418639 0.066233 
0.171532 0.939123 0.836582 0.441028 0.355171 
0.410209 0.389148 0.415537 0.925928 0.063934 
0.542757 0.115891 0.7801129999999999 0.353241 0.913364 
0.955784 0.8557 0.7553569999999999 0.285614 0.321054 
0.358738 0.317231 0.709464 0.95985 0.205042 
0.539691 0.590535 0.12268 0.8894609999999999 0.168138 
0.1048 0.366328 0.869551 0.537703 0.178129 
0.450346 0.970564 0.261765 0.48204 0.638116 
0.232822 0.039529 0.360991 0.174843 0.588279 
0.334539 0.602477 0.824723 0.125301 0.9338959999999999 
0.880417 0.164245 0.473834 0.7291069999999999 0.103702 
0.911162 0.899775 0.517568 0.768294 0.7103390000000001 
0.371522 0.168207 0.06175 0.8297600000000001 0.77013 
0.05864 0.566025 0.180075 0.5245339999999999 0.846074 
0.783922 0.371579 0.1328 0.962601 0.430115 
0.387342 0.059015 0.8617050000000001 0.676076 0.8022089999999999 
0.159686 0.83423 0.911782 0.320186 0.374054 
0.970108 0.605909 0.507687 0.689075 0.286256 
0.103928 0.716022 0.179321 0.845401 0.657779 
0.670723 0.846907 0.96339 0.688063 0.268732 
0.283974 0.743605 0.770461 0.141008 0.915789 
0.204857 0.034937 0.188748 0.29027 0.5733510000000001 
0.312366 0.940004 0.646984 0.868252 0.709944 
0.105517 0.432241 0.677531 0.262931 0.08651499999999999 
0.948211 0.5802619999999999 0.470987 0.872424 0.836764 
0.487004 0.073089 0.41424 0.135735 0.29111 
0.461571 0.62874 0.231574 0.062762 0.8366400000000001 
0.552859 0.908448 0.280847 0.192705 0.795884 
0.422624 0.033226 0.436491 0.104937 0.675647 
0.59316 0.244518 0.613905 0.909675 0.915649 
0.757537 0.921436 0.572686 0.133548 0.545696 
0.130819 0.676888 0.454848 0.637232 0.9589569999999999 
0.910415 0.340996 0.11738 0.7979000000000001 0.309895 
0.540075 0.044457 0.181219 0.751145 0.495627 
0.753862 0.165333 0.745526 0.058515 0.468268 
0.870596 0.106055 0.469592 0.439171 0.152235 
0.535964 0.940629 0.153963 0.664212 0.411044 
0.813464 0.887981 0.299302 0.364899 0.849633 
0.5308349999999999 0.74297 0.102877 0.058097 0.437872 
0.804527 0.68323 0.048581 0.503402 0.68269 
0.9710490000000001 0.426758 0.515662 0.7357860000000001 0.354937 
0.420339 0.631659 0.286787 0.026576 0.659839 
0.889217 0.0731 0.588252 0.746916 0.419844 
0.278089 0.848453 0.943429 0.215769 0.427235 
0.026561 0.415711 0.858797 0.797739 0.592407 
0.04982 0.324918 0.891938 0.793982 0.455881 
0.511256 0.682704 0.198139 0.127218 0.159691 
0.638199 0.2061 0.929684 0.197079 0.312203 
0.102689 0.90119 0.303344 0.309414 0.315869 
0.283815 0.08609899999999999 0.062195 0.309014 0.594293 
0.92731 0.298335 0.115165 0.570867 0.562208 
0.401682 0.069356 0.667037 0.889235 0.380496 
0.640213 0.062207 0.5104880000000001 0.771573 0.835191 
0.035187 0.39197 0.843233 0.212084 0.493567 
0.380507 0.181383 0.508297 0.943012 0.20245 
0.914729 0.84967 0.396291 0.469044 0.217071 
0.813517 0.774521 0.373791 0.313375 0.901977 
0.205216 0.06744 0.463547 0.827776 0.425837 
0.067006 0.167179 0.7786459999999999 0.696061 0.691836 
0.56814 0.734034 0.913098 0.439165 0.049357 
0.747957 0.916115 0.148959 0.5485 0.647746 
0.49625 0.467467 0.7145899999999999 0.108352 0.06728099999999999 
0.697594 0.465424 0.38145 0.036285 0.837189 
0.62848 0.857854 0.959085 0.335963 0.534809 
0.827124 0.470313 0.547152 0.975826 0.715836 
0.964219 0.62033 0.893051 0.499944 0.554078 
0.382543 0.396141 0.9397799999999999 0.887001 0.826383 
0.7462800000000001 0.721526 0.688719 0.308029 0.04369 
0.8062780000000001 0.11941 0.926607 0.483397 0.460974 
0.343351 0.7047600000000001 0.895575 0.928648 0.788049 
0.901926 0.674087 0.382704 0.112791 0.679112 
0.935414 0.507558 0.521625 0.948132 0.254789 
0.938038 0.607286 0.651818 0.104634 0.589446 
0.445304 0.231177 0.383668 0.304399 0.026725 
0.264284 0.824983 0.481004 0.237584 0.081083 
0.27776 0.308088 0.027825 0.652134 0.412345 
0.986398 0.391887 0.444481 0.383974 0.443568 
0.061969 0.506486 0.513008 0.129934 0.807522 
0.021928 0.551962 0.821415 0.518963 0.212214 
0.897889 0.813165 0.871584 0.707076 0.821979 
0.43419 0.423146 0.815438 0.06623800000000001 0.260737 
0.971183 0.674882 0.745306 0.364587 0.605332 
0.045086 0.7545809999999999 0.250624 0.24107 0.662521 
0.142002 0.627647 0.855525 0.808486 0.230707 
0.493482 0.957131 0.498733 0.200955 0.44684 
0.040531 0.203752 0.46643 0.288725 0.593859 
0.783855 0.257276 0.045599 0.388037 0.741632 
0.746364 0.145894 0.04001 0.454247 0.5331 
0.807566 0.761575 0.793706 0.8136 0.166981 
0.440405 0.89144 0.438331 0.030201 0.590934 
0.370704 0.4294 0.9200159999999999 0.711307 0.937395 
0.121347 0.486174 0.119604 0.190978 0.763294 
0.132015 0.77257 0.586548 0.111374 0.857545 
0.684758 0.728026 0.927742 0.551978 0.099509 
0.755139 0.625386 0.859833 0.208475 0.844355 
0.29038 0.41416 0.789364 0.8454159999999999 0.909914 
0.541064 0.664041 0.541239 0.610223 0.020821 
0.896976 0.474703 0.326718 0.150004 0.11283 
0.139545 0.328733 0.022037 0.373033 0.560111 
0.640791 0.7755609999999999 0.848579 0.07058200000000001 0.265822 
0.184573 0.11607 0.7805 0.8635429999999999 0.570128 
0.223056 0.903887 0.636602 0.373472 0.9384130000000001 
0.031862 0.5012529999999999 0.564481 0.234112 0.712358 
0.593144 0.9666979999999999 0.285502 0.431948 0.753266 
0.07698000000000001 0.805778 0.712403 0.349961 0.802349 
0.075764 0.358355 0.877891 0.705824 0.7908809999999999 
0.342749 0.581461 0.608141 0.022863 0.263508 
0.772641 0.781744 0.773152 0.368719 0.061236 
0.076003 0.383066 0.185443 0.742763 0.621223 
0.906639 0.882884 0.635894 0.477844 0.129627 
0.32745 0.456296 0.972435 0.71588 0.800285 
0.553211 0.821011 0.739042 0.078648 0.835098 
0.821539 0.614325 0.955771 0.649389 0.287724 
0.147537 0.651762 0.163866 0.08962199999999999 0.277647 
0.488705 0.662895 0.269705 0.933766 0.809528 
0.771212 0.756043 0.809599 0.926432 0.540252 
0.291384 0.290497 0.378062 0.092694 0.911336 
0.850824 0.803198 0.354622 0.133622 0.785996 
0.790006 0.638355 0.833577 0.927457 0.771452 
0.858001 0.43019 0.208729 0.114845 0.193768 
0.463099 0.306541 0.032978 0.254932 0.648572 
0.228485 0.149382 0.6672090000000001 0.789085 0.156372 
0.823446 0.665091 0.188833 0.721792 0.15018 
0.08184900000000001 0.635634 0.10238 0.6930229999999999 0.640696 
0.169284 0.164478 0.38986 0.371396 0.049531 
0.262215 0.040543 0.413922 0.782193 0.314047 
0.772926 0.56807 0.54902 0.381982 0.970516 
0.200239 0.412349 0.35677 0.233893 0.038323 
0.09926400000000001 0.33743 0.191621 0.581716 0.895958 
0.41863 0.915223 0.14991 0.534431 0.182287 
0.603553 0.923476 0.864205 0.687658 0.466685 
0.980683 0.335171 0.216301 0.374567 0.35026 
0.058532 0.752984 0.39915 0.5068049999999999 0.873813 
0.504139 0.058113 0.703937 0.07566299999999999 0.660816 
0.331642 0.91144 0.577267 0.128954 0.333946 
0.911755 0.8607860000000001 0.237427 0.442117 0.665744 
0.237143 0.6682360000000001 0.03496 0.564813 0.812528 
0.716316 0.125492 0.149054 0.154143 0.6772860000000001 
0.404061 0.061477 0.241425 0.637226 0.862614 
0.879057 0.304031 0.854615 0.520191 0.843063 
0.6212 0.508513 0.583941 0.291485 0.992505 
0.718334 0.046753 0.781945 0.142944 0.462622 
0.447752 0.369641 0.560961 0.075142 0.9109660000000001 
0.256575 0.252278 0.041218 0.749776 0.48222 
0.66361 0.291282 0.5801770000000001 0.030606 0.394819 
0.599849 0.66834 0.793059 0.950466 0.480896 
0.059757 0.340475 0.365456 0.219394 0.346691 
0.105827 0.635775 0.469809 0.08470999999999999 0.717028 
0.485217 0.035633 0.882565 0.265651 0.799141 
0.74618 0.055464 0.187455 0.5582510000000001 0.520907 
0.87746 0.471833 0.097923 0.787391 0.678022 
0.759086 0.954624 0.373512 0.6077939999999999 0.201469 
0.440427 0.262019 0.7526 0.942207 0.6746799999999999 
0.345277 0.06808 0.221744 0.855197 0.302174 
0.442681 0.139009 0.318978 0.062637 0.748095 
0.23499 0.480208 0.849414 0.095334 0.272183 
0.679322 0.362999 0.920496 0.7762790000000001 0.918085 
0.570572 0.597778 0.850952 0.951889 0.396668 
0.796804 0.8864649999999999 0.813458 0.790825 0.3892 
0.255863 0.296552 0.153757 0.191879 0.90904 
0.06886 0.337784 0.140515 0.638323 0.301806 
0.920259 0.798378 0.338043 0.4929 0.16999 
0.864486 0.413924 0.821567 0.08065899999999999 0.6348780000000001 
0.392512 0.955834 0.709557 0.528043 0.8262659999999999 
0.050447 0.855556 0.326631 0.689971 0.343838 
0.883966 0.810759 0.421738 0.145148 0.49672 
0.162978 0.172163 0.545019 0.138647 0.237795 
 0.864 0.2408 0.120183 0.909059 0.5502089999999999 
0.029086 0.849495 0.460792 0.538543 0.284033 
0.836952 0.6451710000000001 0.385201 0.0743 0.7648200000000001 
0.882064 0.850888 0.868547 0.6729579999999999 0.396895 
0.238407 0.907327 0.442893 0.709711 0.11944 
0.9251819999999999 0.529159 0.5689650000000001 0.587021 0.059623 
0.818065 0.22684 0.491846 0.46153 0.941428 
0.765423 0.460874 0.910286 0.175236 0.191418 
0.621716 0.176389 0.578141 0.809133 0.103913 
0.468701 0.453678 0.961615 0.8549600000000001 0.320242 
0.873283 0.261208 0.128206 0.751398 0.750433 
0.418165 0.099787 0.120057 0.792871 0.784598 
0.8829900000000001 0.407456 0.108493 0.439148 0.767921 
0.320674 0.56168 0.159831 0.2781 0.033045 
0.3937 0.922898 0.149246 0.38432 0.268586 
0.286016 0.076353 0.265639 0.590834 0.149111 
0.666274 0.070574 0.136514 0.397235 0.320431 
0.228737 0.388073 0.349428 0.831138 0.939971 
0.82934 0.723384 0.921059 0.239971 0.200734 
0.305228 0.97254 0.482284 0.7475309999999999 0.748789 
0.894879 0.239277 0.526132 0.693526 0.09059200000000001 
0.067093 0.633066 0.937903 0.328513 0.320195 
0.8132740000000001 0.702336 0.158016 0.774552 0.899935 
0.033414 0.593601 0.659447 0.328988 0.304477 
0.80218 0.243189 0.281306 0.910444 0.8395280000000001 
0.053704 0.599475 0.373286 0.820082 0.121217 
0.292434 0.9460499999999999 0.263561 0.672666 0.495843 
0.931585 0.145273 0.611013 0.300808 0.68343 
0.9773500000000001 0.324491 0.726333 0.478216 0.379828 
0.813398 0.773999 0.605151 0.770153 0.965805 
0.731806 0.456956 0.054269 0.093917 0.467905 
0.794736 0.126687 0.221946 0.247803 0.828729 
0.8368989999999999 0.755391 0.854067 0.30522 0.831321 
0.828776 0.235907 0.8950709999999999 0.466167 0.871561 
0.32392 0.126485 0.832666 0.624808 0.143505 
0.9555439999999999 0.822717 0.412362 0.57385 0.697523 
0.623098 0.413107 0.085734 0.923285 0.646448 
0.775804 0.936378 0.704244 0.237263 0.673625 
0.175706 0.093985 0.599559 0.7891 0.400571 
0.733467 0.377974 0.611123 0.150351 0.9566 
0.569824 0.026907 0.224881 0.571273 0.38177 
0.115543 0.937798 0.578232 0.340793 0.706742 
0.533431 0.373461 0.753445 0.141902 0.9452199999999999 
0.308746 0.087979 0.670498 0.053223 0.519805 
0.127016 0.764894 0.570878 0.742121 0.822939 
0.052222 0.695217 0.503787 0.146747 0.371024 
0.584335 0.913689 0.376565 0.91971 0.560343 
0.66799 0.913617 0.16019 0.316676 0.381167 
0.537104 0.104402 0.686615 0.945824 0.462474 
0.684433 0.26108 0.968128 0.321871 0.681507 
0.085607 0.794661 0.867291 0.555691 0.506172 
0.250175 0.693515 0.908081 0.11179 0.846579 
0.851882 0.57412 0.238656 0.09164799999999999 0.332097 
0.67925 0.160579 0.849339 0.8413929999999999 0.287767 
0.986653 0.6703440000000001 0.4702 0.6566689999999999 0.628487 
0.166736 0.330752 0.943814 0.6874169999999999 0.418864 
0.294084 0.675855 0.08917600000000001 0.779868 0.244514 
0.434088 0.712192 0.8134209999999999 0.164332 0.920797 
0.159046 0.079453 0.366374 0.643375 0.204968 
0.310494 0.466471 0.983487 0.466388 0.587967 
0.79558 0.314298 0.398141 0.553457 0.95328 
0.7508 0.692797 0.836626 0.175055 0.152783 
0.857325 0.054516 0.244437 0.245402 0.475116 
0.222886 0.044664 0.673384 0.569904 0.368417 
0.783772 0.8579290000000001 0.220617 0.912034 0.556694 
0.966365 0.693319 0.604648 0.326792 0.396134 
0.256386 0.07831 0.154312 0.52257 0.838518 
0.887493 0.098903 0.254322 0.393485 0.300197 
0.482238 0.966483 0.672146 0.75054 0.332061 
0.722114 0.5708569999999999 0.390059 0.727077 0.980802 
0.560904 0.107936 0.07649400000000001 0.638117 0.824394 
0.590876 0.855472 0.924662 0.79983 0.740052 
0.480004 0.420783 0.100339 0.403399 0.918731 
0.104783 0.09338299999999999 0.489189 0.802092 0.7547779999999999 
0.886227 0.819771 0.899064 0.571758 0.53921 
0.535792 0.051423 0.269479 0.136655 0.752393 
0.8673999999999999 0.393393 0.762668 0.15555 0.326789 
0.082783 0.334032 0.070122 0.538863 0.669412 
0.335936 0.072021 0.449976 0.742182 0.859205 
0.460038  0.862 0.634746 0.17171 0.924609 
0.030915 0.583647 0.354831 0.638802 0.352096 
0.213442 0.317897 0.898221 0.407149 0.9525749999999999 
0.450879 0.917841 0.155001 0.10969 0.559233 
0.088113 0.909763 0.382091 0.803381 0.423075 
0.961237 0.509239 0.771625 0.6959109999999999 0.180941 
0.339341 0.311957 0.054176 0.544069 0.171257 
0.876551 0.190049 0.149719 0.324062 0.513128 
0.071559 0.695953 0.8893529999999999 0.352608 0.284426 
0.876179 0.948089 0.529096 0.521319 0.807162 
0.975589 0.718354 0.3737 0.773044 0.555279 
0.571883 0.640551 0.7428129999999999 0.451718 0.026977 
0.401795 0.960778 0.798911 0.294266 0.733828 
0.767431 0.217445 0.5935 0.961242 0.602028 
0.883216 0.211063 0.341993 0.87013 0.273386 
0.041982 0.597755 0.466756 0.761869 0.731401 
0.661828 0.34278 0.107001 0.370615 0.920249 
0.579995 0.974252 0.257793 0.731633 0.549906 
0.0931 0.734568 0.885803 0.698675 0.6387 
0.239478 0.90382 0.509057 0.724334 0.879644 
0.64982 0.530786 0.918971 0.146853 0.15175 
0.288703 0.235075 0.905483 0.459088 0.891769 
0.965008 0.8862139999999999 0.6008599999999999 0.655592 0.535291 
0.933697 0.645825 0.385711 0.643181 0.937537 
0.537568 0.903512 0.328643 0.494682 0.115988 
0.403458 0.921257 0.569293 0.112735 0.736488 
0.056291 0.082548 0.378076 0.322038 0.49468 
0.700715 0.9243479999999999 0.523941 0.880922 0.663401 
0.587358 0.73036 0.155743 0.565959 0.077473 
0.221465 0.158171 0.372469 0.079482 0.85733 
0.140363 0.08243499999999999 0.480181 0.408413 0.204047 
0.940244 0.685446 0.287698 0.345434 0.702546 
0.628776 0.846296 0.698331 0.856672 0.083746 
0.731884 0.782625 0.5825129999999999 0.301417 0.920501 
0.861132 0.050784 0.5273099999999999 0.498623 0.355755 
0.177143 0.240533 0.638099 0.5331669999999999 0.938242 
0.206685 0.751433 0.333536 0.744923 0.926717 
0.722848 0.910709 0.2837 0.149792 0.561106 
0.657774 0.209704 0.5008359999999999 0.545425 0.963429 
0.09264600000000001 0.094858 0.273908 0.563415 0.312422 
0.775251 0.6504529999999999 0.170915 0.567321 0.961299 
0.476614 0.452312 0.015858 0.527717 0.345154 
0.70964 0.916739 0.628318 0.147606 0.8176639999999999 
0.767713 0.953502 0.502155 0.721521 0.60151 
0.447563 0.185209 0.808033 0.603621 0.052039 
0.41917 0.984975 0.477993 0.629769 0.519319 
0.51448 0.868094 0.050543 0.483511 0.370405 
0.397436 0.699129 0.269402 0.835075 0.09746 
0.825451 0.363183 0.021695 0.624831 0.5270049999999999 
0.360822 0.33474 0.971877 0.341737 0.573007 
0.284124 0.273268 0.808958 0.160064 0.18738 
0.805708 0.535215 0.356633 0.939021 0.133471 
0.164759 0.09765600000000001 0.297098 0.318991 0.280978 
0.287258 0.9505479999999999 0.855738 0.39319 0.352272 
0.925098 0.12737 0.704192 0.362157 0.775844 
0.132572 0.133017 0.622696 0.655193 0.8364279999999999 
0.218813 0.593885 0.422247 0.702265 0.9681419999999999 
0.55847 0.20038 0.790102 0.246799 0.953645 
0.572275 0.233093 0.598655 0.594869 0.965603 
0.566759 0.510426 0.7313 0.963928 0.745794 
0.255075 0.050673 0.656534 0.363434 0.237564 
0.542801 0.848173 0.244798 0.320817 0.971607 
0.06632 0.634609 0.876314 0.206724 0.41399 
0.233849 0.29607 0.055437 0.728673 0.81311 
0.132276 0.165386 0.642428 0.289037 0.838192 
0.491073 0.466196 0.363417 0.947754 0.898564 
0.158857 0.91461 0.852529 0.451975 0.347321 
0.496384 0.7201070000000001 0.841538 0.721423 0.958802 
0.543162 0.931665 0.488286 0.626996 0.929702 
0.952267 0.756391 0.666525 0.282491 0.827959 
0.268812 0.923925 0.404849 0.294232 0.149778 
0.773442 0.231915 0.8012590000000001 0.762889 0.8771060000000001 
0.130329 0.438625 0.964453 0.562535 0.529241 
0.945576 0.294729 0.502165 0.889968 0.689324 
0.823121 0.193575 0.411151 0.218176 0.880501 
0.07915 0.278013 0.561187 0.871111 0.763585 
0.939704 0.608423 0.76101 0.292752 0.279541 
0.667714 0.273707 0.193263 0.167781 0.898556 
0.027633 0.420516 0.618092 0.265213 0.439051 
0.032412 0.742748 0.357787 0.332639 0.667885 
0.60631 0.256083 0.9884309999999999 0.553793 0.601281 
0.501999 0.089669 0.074113 0.624708 0.467222 
0.150333 0.651043 0.07149899999999999 0.683918 0.60643 
0.27279 0.777217 0.688822 0.025925 0.7197249999999999 
0.354481 0.761606 0.313165 0.371212 0.959031 
0.853641 0.149602 0.357773 0.09077300000000001 0.62408 
0.911711 0.134625 0.635292 0.357903 0.271904 
0.890258 0.558954 0.33989 0.536687 0.093541 
0.135997 0.698202 0.674297 0.90306 0.730662 
0.426529 0.677822 0.156001 0.906276 0.77787 
0.263406 0.070836 0.547401 0.173867 0.190783 
0.937447 0.671436 0.825948 0.701921 0.194214 
0.160654 0.107115 0.279325 0.619097 0.157054 
0.6041069999999999 0.230501 0.023411 0.469548 0.699767 
0.961963 0.705524 0.73608 0.294596 0.283225 
0.15097 0.35444 0.071328 0.811789 0.7374000000000001 
0.476045 0.893154 0.235269 0.164767 0.239422 
0.818651 0.065736 0.827597 0.425512 0.578825 
0.135476 0.947084 0.644182 0.767205 0.416451 
0.293622 0.902439 0.285707 0.883283 0.339383 
0.228518 0.693683 0.725761 0.872428 0.897097 
0.580749 0.656234 0.325843 0.441008 0.020727 
0.739974 0.737428 0.958557 0.460868 0.814593 
0.189761 0.320301 0.301133 0.136962 0.912717 
0.083884 0.832407 0.260026 0.255982 0.286626 
0.332269 0.441116 0.832813 0.085489 0.807937 
0.845376 0.234122 0.894164 0.215962 0.678332 
0.702834 0.537866 0.915073 0.630515 0.07351199999999999 
0.136392 0.342171 0.864945 0.128783 0.459305 
0.780426 0.616912 0.442006 0.795446 0.05423 
0.848904 0.5299199999999999 0.370705 0.446305 0.041639 
0.418142 0.72085 0.32343 0.894381 0.86251 
0.030625 0.710276 0.615683 0.783146 0.336049 
0.349387 0.139037 0.79029 0.399777 0.056203 
0.48793 0.646406 0.145052 0.897315 0.173419 
0.78477 0.6258 0.827109 0.225152 0.125938 
0.639109 0.500454 0.127576 0.162555 0.06920900000000001 
0.391327 0.036676 0.412669 0.731944 0.781403 
0.220097 0.177196 0.125179 0.880444 0.625156 
0.34494 0.409052 0.930196 0.803667 0.233984 
0.649136 0.035141 0.611924 0.603426 0.785226 
0.091088 0.9128039999999999 0.492814 0.7203349999999999 0.6724909999999999 
0.062288 0.873544 0.655832 0.569315 0.473891 
0.7666190000000001 0.572553 0.905224 0.106656 0.5708760000000001 
0.142136 0.879293 0.277174 0.459682 0.873661 
0.627686 0.515037 0.234818 0.579998 0.022799 
0.956711 0.436295 0.816312 0.760144 0.747985 
0.552957 0.541138 0.904983 0.04139 0.634505 
0.504911 0.042811 0.522095 0.843295 0.260089 
0.018773 0.517971 0.545327 0.306461 0.691608 
0.117378 0.776902 0.394009 0.108423 0.273074 
0.419332 0.7050920000000001 0.488565 0.30434 0.04187 
0.307561 0.176186 0.150668 0.281732 0.064716 
0.191883 0.977607 0.646189 0.498332 0.470316 
0.243166 0.896429 0.276637 0.436598 0.905409 
0.826999 0.373175 0.944516 0.484902 0.7437859999999999 
0.315751 0.823026 0.601895 0.045025 0.74138 
0.691673 0.939865 0.317121 0.857948 0.539158 
0.131425 0.861287 0.657795 0.553767 0.165078 
0.165048 0.959615 0.25415 0.502088 0.585132 
0.33299 0.567864 0.08402 0.130886 0.803799 
0.10898 0.621054 0.054704 0.409686 0.599212 
0.75141 0.94376 0.76846 0.514856 0.178276 
0.286065 0.897848 0.129571 0.703478 0.360209 
0.27929 0.026609 0.22034 0.258796 0.580913 
0.487584 0.826452 0.173504 0.08914999999999999 0.341216 
0.770999 0.178515 0.308185 0.666393 0.061148 
0.98153 0.579179 0.253797 0.572173 0.507661 
0.25173 0.823117 0.122918  0.888 0.613327 
0.12061 0.09142 0.48838 0.196927 0.752315 
0.283154 0.970588 0.677055 0.271692 0.323327 
0.09526900000000001 0.179708 0.350765 0.3142 0.753179 
0.929627 0.24659 0.442446 0.192194 0.207031 
0.604067 0.555656 0.9145529999999999 0.889431 0.6748420000000001 
0.609388 0.979196 0.342694 0.652854 0.5180399999999999 
0.13115 0.238275 0.680952 0.756763 0.908101 
0.16765 0.691582 0.423678 0.7645 0.95009 
0.096355 0.433814 0.114764 0.833607 0.441125 
0.681124 0.647949 0.071646 0.153466 0.303176 
0.487366 0.157145 0.128449 0.8454970000000001 0.272015 
0.160894 0.145827 0.907981 0.433957 0.512481 
0.276534 0.710054 0.880118 0.139176 0.137739 
0.163369 0.750297 0.239794 0.2124 0.801528 
0.153273 0.053926 0.338476 0.7623450000000001 0.729129 
0.864525 0.07267700000000001 0.488733 0.136233 0.675132 
0.519231 0.718481 0.50853 0.861667 0.041435 
0.092664 0.410941 0.690557 0.195562 0.8153 
0.211094 0.849282 0.886482 0.09916 0.577781 
0.761486 0.303495 0.834897 0.113187 0.332551 
0.435731 0.336396 0.79966 0.888921 0.103238 
0.632835 0.061932 0.896624 0.562405 0.340808 
0.022042 0.465736 0.625212 0.932794 0.470323 
0.72067 0.300127 0.241435 0.793362 0.041488 
0.556043 0.407332 0.033088 0.116951 0.5929759999999999 
0.268251 0.499873 0.361096 0.945958 0.7212730000000001 
0.709459 0.869393 0.8912870000000001 0.858908 0.674447 
0.865988 0.663098 0.692928 0.036149 0.5550349999999999 
0.9297530000000001 0.357542 0.209277 0.326513 0.696564 
0.046321 0.523441 0.473633 0.351395 0.893557 
0.550827 0.741572 0.5975510000000001 0.042077 0.193458 
0.443305 0.619801 0.989499 0.508329 0.493362 
0.939712 0.740007 0.305842 0.285034 0.564209 
0.56815 0.900861 0.77259 0.9222129999999999 0.6355690000000001 
0.341561 0.6189829999999999 0.249595 0.951305 0.5901650000000001 
0.906847 0.370784 0.766558 0.5457340000000001 0.14742 
0.844455 0.754691 0.090658 0.695827 0.763007 
0.390929 0.33926 0.950466 0.477476 0.93101 
0.631928 0.814318 0.242403 0.071913 0.64239 
0.63727 0.591962 0.09776899999999999 0.198138 0.110807 
0.216171 0.178457 0.320756 0.938276 0.604463 
0.2571 0.072002 0.131583 0.521885 0.323487 
0.906789 0.40735 0.3333 0.774966 0.85753 
0.854066 0.295241 0.120641 0.617649 0.826179 
0.608814 0.33019 0.508297 0.940805 0.108794 
0.7221030000000001 0.391429 0.754728 0.71946 0.967877 
0.117013 0.637147 0.525362 0.755583 0.079181 
0.718341 0.160494 0.42062 0.355092 0.024989 
0.054401 0.311026 0.413295 0.247532 0.26893 
0.907377 0.289574 0.862246 0.770011 0.582058 
0.524141 0.234717 0.894065 0.547091 0.955002 
0.421073 0.9805739999999999 0.501186 0.440254 0.356996 
0.022754 0.433366 0.581649 0.766386 0.650353 
0.684687 0.536297 0.537203 0.773962 0.985271 
0.830492 0.07153900000000001 0.352462 0.827369 0.590622 
0.023181 0.596286 0.779953 0.669813 0.551943 
0.5055500000000001 0.785371 0.737016 0.020199 0.476319 
0.134304 0.246375 0.830037 0.426859 0.21407 
0.425147 0.444337 0.973514 0.8571220000000001 0.65784 
0.080564 0.044004 0.574779 0.306387 0.438591 
0.187412 0.831932 0.288016 0.681139 0.90499 
0.21478 0.799393 0.403872 0.874525 0.133329 
0.860791 0.318344 0.411309 0.869171 0.149328 
0.748566 0.146589 0.7148640000000001 0.713567 0.927194 
0.344811 0.230942 0.437605 0.820079 0.06766900000000001 
0.332289 0.783559 0.268733 0.596361 0.044459 
0.01884 0.6486229999999999 0.414966 0.340543 0.500217 
0.946063 0.486574 0.841939 0.469499 0.865108 
0.932218 0.790036 0.129734 0.433605 0.607611 
0.835435 0.14866 0.525122 0.723813 0.124543 
0.198632 0.406547 0.828861 0.663836 0.096056 
0.412807 0.04678 0.239153 0.44899 0.169939 
0.767561 0.39539 0.323798 0.07711899999999999 0.13669 
0.8649480000000001 0.18176 0.838593 0.230649 0.522465 
0.782817 0.798423 0.09933 0.436628 0.410891 
0.09432500000000001 0.326254 0.356364 0.415717 0.948049 
0.681193 0.806658 0.504256 0.032628 0.372508 
0.54091 0.068825 0.742229 0.640989 0.09572600000000001 
0.946423 0.52965 0.824289 0.829794 0.353922 
0.55399 0.912485 0.127243 0.5696909999999999 0.798121 
0.491241 0.290091 0.565059 0.948898 0.121864 
0.167926 0.330303 0.396862 0.061386 0.717882 
0.5041870000000001 0.874356 0.306014 0.177136 0.117675 
0.204255 0.91905 0.467599 0.942726 0.390485 
0.839133 0.313863 0.095544 0.800248 0.761667 
0.344197 0.924216 0.29903 0.792358 0.159986 
0.378891 0.022058 0.735135 0.418955 0.379195 
0.78237 0.284796 0.5612009999999999 0.103108 0.938239 
0.502492 0.377622 0.697926 0.037595 0.866626 
0.815028 0.177726 0.04036 0.337212 0.5153799999999999 
0.870219 0.775516 0.104284 0.695391 0.444076 
0.5783740000000001 0.734519 0.065396 0.118496 0.555195 
0.743488 0.798615 0.326823 0.910467 0.222895 
0.964148 0.427224 0.351861 0.735391 0.7174160000000001 
0.29852 0.226553 0.681619 0.969257 0.309511 
0.334566 0.051155 0.75458 0.222817 0.887309 
0.831269 0.142249 0.770911 0.697492 0.754846 
0.110871 0.414059 0.090713 0.620802 0.819574 
0.371798 0.801575 0.063086 0.292606 0.821231 
0.432329 0.155486 0.253458 0.862375 0.930481 
0.803037 0.641869 0.900109 0.136033 0.299486 
0.059711 0.562636 0.219306 0.873237 0.48603 
0.887218 0.471397 0.7747889999999999 0.8790249999999999 0.778045 
0.568646 0.234598 0.892463 0.626235 0.138245 
0.690551 0.085171 0.474799 0.941721 0.498738 
0.123444 0.724417 0.273795 0.665372 0.89958 
0.721658 0.9081129999999999 0.662453 0.845353 0.847187 
0.289338 0.90838 0.142517 0.284495 0.512981 
0.533834 0.148216 0.07207 0.288164 0.176217 
0.814985 0.45446 0.107207 0.826966 0.822089 
0.160934 0.814527 0.759675 0.863896 0.497053 
0.64742 0.190259 0.676868 0.116734 0.941709 
0.663672 0.332346 0.736756 0.650564 0.035367 
0.519907 0.070716 0.517147 0.69317 0.102942 
0.472319 0.259041 0.709808 0.751058 0.038294 
0.951479 0.5055809999999999 0.300495 0.422693 0.2069 
0.875739 0.5464639999999999 0.428253 0.655565 0.076548 
0.183146 0.126636 0.363057 0.896319 0.433856 
0.046917 0.52929 0.773481 0.888109 0.455568 
0.735523 0.938767 0.854372 0.428056 0.337466 
0.021015 0.193276 0.382905 0.477739 0.351124 
0.256385 0.058259 0.154499 0.661735 0.77688 
0.503837 0.98164 0.42765 0.50629 0.215195 
0.895822 0.081359 0.396126 0.697476 0.47708 
0.607231 0.737142 0.151796 0.239836 0.915834 
0.863778 0.520598 0.684891 0.963996 0.879201 
0.7257130000000001 0.066249 0.452616 0.118784 0.401729 
0.697623 0.954314 0.152462 0.433946 0.334979 
0.703749 0.909701 0.337067 0.088681 0.466824 
0.9105529999999999 0.6641049999999999 0.610572 0.881293 0.887204 
0.229351 0.705615 0.273226 0.105415 0.702136 
0.786229 0.147451 0.20876 0.621101 0.847132 
0.913556 0.142097 0.223506 0.46283 0.778525 
0.706412 0.658524 0.816796 0.883791 0.867473 
0.865779 0.150577 0.744382 0.833916 0.623927 
0.721236 0.819873 0.597723 0.92791 0.385155 
0.508045 0.710965 0.195814 0.040616 0.638929 
0.536485 0.6950730000000001 0.08763799999999999 0.932329 0.6515609999999999 
0.020915 0.525007 0.787984 0.647259 0.489003 
0.118686 0.755421 0.360629 0.088557 0.3858 
0.089674 0.158889 0.442029 0.184072 0.694638 
0.873648 0.401316 0.916053 0.106478 0.583582 
0.90167 0.371674 0.719815 0.932205 0.5661389999999999 
0.09669 0.076548 0.544637 0.714857 0.599741 
0.841603 0.821005 0.6234229999999999 0.870904 0.277673 
0.07219399999999999 0.369869 0.386334 0.115231 0.680349 
0.622131 0.15395 0.435471 0.95611 0.335779 
0.958275 0.7278790000000001 0.468751 0.299708 0.196513 
0.7103660000000001 0.115434 0.106412 0.472731 0.184189 
0.294876 0.977716 0.476198 0.453183 0.640384 
0.79112 0.349459 0.3521 0.752839 0.957902 
0.450701 0.928082 0.273015 0.564953 0.163687 
0.497785 0.268635 0.946148 0.907216 0.581243 
0.648746 0.480228 0.189767 0.410664 0.036435 
0.4291 0.882315 0.073222 0.636788 0.499887 
0.574874 0.899264 0.929998 0.483338 0.458902 
0.744512 0.014068 0.447881 0.5363560000000001 0.534533 
0.897381 0.282689 0.154792 0.596464 0.7722869999999999 
0.913343 0.562441 0.943814 0.6781430000000001 0.546585 
0.451691 0.566849 0.032154 0.412676 0.840355 
0.842844 0.685346 0.607447 0.366159 0.040318 
0.593462 0.320098 0.894885 0.340041 0.075154 
0.120386 0.325504 0.740868 0.761177 0.105885 
0.672743 0.799004 0.855165 0.761833 0.135588 
0.477532 0.881232 0.874479 0.371103 0.132528 
0.404805 0.557661 0.602384 0.276253 0.979304 
0.269646 0.943668 0.227026 0.62133 0.687648 
0.307982 0.259371 0.241987 0.078136 0.238763 
0.089907 0.072856 0.48988 0.405702 0.625613 
0.675141 0.09096799999999999 0.905293 0.260928 0.42156 
0.317821 0.622601 0.06306 0.84111 0.537771 
0.316897 0.08802500000000001 0.444299 0.325875 0.973616 
0.523236 0.026861 0.451808 0.531636 0.199254 
0.084393 0.395261 0.148647 0.305811 0.771914 
0.5522049999999999 0.904635 0.20302 0.154542 0.379601 
0.6737610000000001 0.908417 0.770732 0.691212 0.196589 
0.732724 0.896253 0.331997 0.86996 0.425354 
0.79752 0.910836 0.418859 0.763002 0.782686 
0.601851 0.309096 0.980085 0.288915 0.7868540000000001 
0.422916 0.941205 0.835738 0.247328 0.842577 
0.697529 0.363456 0.597804 0.295709 0.981313 
0.91333 0.33658 0.894786 0.66415 0.362428 
0.777964 0.236276 0.090934 0.329218 0.158956 
0.892531 0.767797 0.371561 0.833989 0.849849 
0.187332 0.481085 0.602707 0.691318 0.97492 
0.351554 0.573814 0.09922 0.593855 0.9179079999999999 
0.247175 0.270073 0.11353 0.09934800000000001 0.746678 
0.411906 0.898451 0.273313 0.567615 0.907095 
0.251193 0.802647 0.088287 0.839376 0.396175 
0.521217 0.092358 0.25698 0.058629 0.377895 
0.556734 0.026376 0.296441 0.289492 0.49613 
0.430081 0.374056 0.763473 0.682928 0.975176 
0.857087 0.064343 0.413143 0.69475 0.667807 
0.585575 0.757275 0.522375 0.549651 0.982838 
0.07650899999999999 0.882691 0.380274 0.257195 0.672095 
0.458711 0.55342 0.324987 0.048323 0.159869 
0.920262 0.8401 0.5659920000000001 0.624873 0.233843 
0.113081 0.547779 0.513352 0.903784 0.88996 
0.844404 0.904786 0.744555 0.735863 0.65193 
0.680022 0.132277 0.18323 0.548585 0.069171 
0.270484 0.018634 0.179836 0.499581 0.46085 
0.496575 0.930124 0.591496 0.266743 0.145011 
0.773589 0.702653 0.491749 0.829474 0.971853 
0.65812 0.023883 0.397496 0.716863 0.311834 
0.715256 0.314672 0.685376 0.120184 0.932812 
0.250724 0.912015 0.243365 0.241881 0.288019 
0.258588 0.095111 0.533933 0.817644 0.134584 
0.79863 0.570747 0.54871 0.173971 0.938623 
0.09902 0.236843 0.625213 0.951178 0.452587 
0.195715 0.381716 0.49474 0.100498 0.06798 
0.836248 0.826101 0.279059 0.140934 0.681594 
0.724988 0.881406 0.796407 0.21508 0.845938 
0.152334 0.275238 0.924565 0.161505 0.408709 
0.171867 0.560663 0.062125 0.143065 0.489229 
0.612671 0.161548 0.13624 0.793115 0.8758089999999999 
0.162344 0.52175 0.056016 0.458807 0.168219 
0.958389 0.64959 0.651865 0.897336 0.525856 
0.561055 0.6493139999999999 0.02706 0.79834 0.695232 
0.6159790000000001 0.760646 0.185468 0.161177 0.8944530000000001 
0.06632299999999999 0.696383 0.104076 0.199532 0.539481 
0.80697 0.74034 0.890567 0.756821 0.89881 
0.114304 0.110585 0.609474 0.437186 0.780322 
0.121162 0.36843 0.200169 0.232407 0.062141 
0.412164 0.240404 0.465108 0.066289 0.120534 
0.608144 0.073312 0.15609 0.404548 0.240494 
0.499085 0.124984 0.607895 0.888271 0.165409 
0.874176 0.275965 0.138616 0.716739 0.231476 
0.383949 0.027174 0.715753 0.6641010000000001 0.538514 
0.812877 0.029002 0.437587 0.51766 0.315997 
0.76463 0.139689 0.7564650000000001 0.912381 0.388372 
0.795975 0.958431 0.351083 0.646892 0.313575 
0.376083 0.835117 0.814418 0.920244 0.5375490000000001 
0.393088 0.623897 0.838468 0.139052 0.048583 
0.67169 0.08705400000000001 0.108365 0.28991 0.51823 
0.89336 0.703117 0.295618 0.446476 0.928747 
0.49809 0.397341 0.105634 0.386509 0.057844 
0.496239 0.293197 0.762661 0.044642 0.304794 
0.650321 0.9451349999999999 0.878062 0.585694 0.750784 
0.905388 0.855105 0.74824 0.6766450000000001 0.376277 
0.123083 0.658073 0.2296 0.8904530000000001 0.843924 
0.827245 0.514177 0.7720630000000001 0.061323 0.656438 
0.629432 0.863233 0.365029 0.044961 0.656301 
0.443472 0.431768 0.727552 0.966962 0.733862 
0.247067 0.448798 0.954851 0.18482 0.274478 
0.040312 0.52114 0.807135 0.516024 0.819434 
0.806638 0.166767 0.860127 0.159804 0.83141 
0.565497 0.302139 0.056101 0.881578 0.685801 
0.362175 0.07638399999999999 0.793606 0.130022 0.284147 
0.651031 0.874916 0.717755 0.311947 0.898776 
0.403629 0.788643 0.726424 0.012654 0.678571 
0.935643 0.358945 0.7933210000000001 0.349605 0.819309 
0.119786 0.246486 0.6942390000000001 0.07030500000000001 0.623791 
0.977762 0.246336 0.166149 0.470904 0.481405 
0.705126 0.049543 0.669918 0.320155 0.838026 
0.695815 0.561321 0.122147 0.9252860000000001 0.284817 
0.02637 0.200373 0.663143 0.4408 0.524108 
0.484994 0.297634 0.330343 0.074086 0.157732 
0.08149199999999999 0.634867 0.213312 0.135099 0.614495 
0.872746 0.242327 0.795745 0.090655 0.639258 
0.797098 0.826837 0.64761 0.383644 0.909026 
0.046278 0.7896879999999999 0.279844 0.330018 0.609089 
0.662865 0.767362 0.049297 0.526318 0.822062 
0.243488 0.306493 0.219607 0.927224 0.854252 
0.506471 0.250434 0.037142 0.248962 0.310002 
0.791687 0.890906 0.462675 0.180945 0.138385 
0.833287 0.049461 0.293471 0.37474 0.263195 
0.090942 0.455316 0.495799 0.893561 0.07241599999999999 
0.477843 0.106117 0.501844 0.484201 0.9606 
0.948724 0.206479 0.28954 0.302942 0.55352 
0.268704 0.107597 0.378052 0.9222669999999999 0.544461 
0.637521 0.810907 0.910147 0.847963 0.720122 
0.751835 0.084007 0.901793 0.429664 0.370434 
0.653749 0.562763 0.364381 0.144824 0.059553 
0.410702 0.66346 0.768984 0.318738 0.036158 
0.970211 0.335544 0.490404 0.220886 0.424061 
0.869135 0.557263 0.914893 0.603965 0.832384 
0.497558 0.454869 0.976599 0.700526 0.747907 
0.160577 0.8218529999999999 0.880681 0.601875 0.715089 
0.502845 0.315003 0.262447 0.9480150000000001 0.285408 
0.945643 0.415058 0.873462 0.280629 0.538409 
0.503786 0.134569 0.698225 0.07545300000000001 0.135467 
0.792662 0.272084 0.918593 0.790698 0.26326 
0.618733 0.048385 0.203555  0.142 0.587842 
0.280726 0.16332 0.9158809999999999 0.206973 0.595369 
0.44709 0.249365 0.069309 0.874179 0.32207 
 0.039 0.480425 0.509713 0.740395 0.81411 
0.456775 0.014116 0.240113 0.580499 0.438878 
0.285709 0.913916 0.178286 0.452603 0.890442 
0.331497 0.465363 0.362348 0.974739 0.445764 
0.910757 0.086537 0.427638 0.310662 0.296643 
0.789033 0.28547 0.886763 0.830943 0.666803 
0.720483 0.164853 0.677353 0.27887 0.964039 
0.373666 0.198354 0.735496 0.473074 0.961364 
0.546749 0.206831 0.209022 0.040542 0.394567 
0.489243 0.702085 0.942726 0.390321 0.117795 
0.681887 0.480557 0.715966 0.242872 0.954436 
0.206616 0.588067 0.635942 0.280595 0.960557 
0.149038 0.884203 0.807435 0.560933 0.603822 
0.076437 0.680498 0.123712 0.234863 0.342631 
0.2008 0.850724 0.114675 0.339906 0.796569 
0.789992 0.387794 0.65129 0.223067 0.087478 
0.250036 0.36312 0.9532080000000001 0.559842 0.265997 
0.325141 0.648626 0.458442 0.032956 0.887782 
0.437598 0.705611 0.195979 0.827446 0.877606 
0.711435 0.08079500000000001 0.915255 0.689381 0.434168 
0.057146 0.450775 0.183345 0.487318 0.346974 
0.245341 0.44436 0.358908 0.172424 0.930721 
0.974761 0.808634 0.709749 0.745566 0.720963 
0.080749 0.155565 0.579362 0.336753 0.80614 
0.800574 0.253047 0.960511 0.306637 0.656174 
0.662608 0.460315 0.516037 0.027381 0.188212 
0.465823 0.085949 0.5401860000000001 0.914474 0.557243 
0.796049 0.189261 0.904411 0.429098 0.843872 
0.723749 0.056338 0.869004 0.347331 0.589655 
0.5875010000000001 0.125636 0.558879 0.08602799999999999 0.867648 
0.814373 0.165093 0.719446 0.73185 0.200398 
0.805634 0.291722 0.975164 0.587404 0.50726 
0.204948 0.562754 0.206523 0.027637 0.500204 
0.808904 0.245067 0.841492 0.960332 0.303519 
0.9574859999999999 0.467044 0.602815 0.509493 0.044634 
0.766984 0.693909 0.528532 0.031384 0.478309 
0.941713 0.373039 0.665071 0.841029 0.182486 
0.810371 0.897199 0.221146 0.808213 0.6397119999999999 
0.166174 0.889763 0.252288 0.209227 0.471474 
0.583696  0.178 0.651822 0.164279 0.038929 
0.831719 0.7027330000000001 0.825777 0.840077 0.165837 
0.229303 0.889325 0.881922 0.47031 0.493377 
0.179684 0.951668 0.676231 0.415379 0.273242 
0.563273 0.93107 0.486961 0.355991 0.132864 
0.429954 0.239038 0.517943 0.062244 0.136488 
0.65083 0.493956 0.9194290000000001 0.83518 0.876386 
0.198765 0.649545 0.901254 0.371151 0.930615 
0.417328 0.032593 0.78427 0.230705 0.450977 
0.838503 0.711574 0.432399 0.337534 0.931752 
0.956607 0.694506 0.55541 0.773269 0.326524 
0.068826 0.765442 0.782068 0.221111 0.217659 
0.373004 0.07983 0.708308 0.527703 0.110097 
0.131354 0.669957 0.975683 0.311623 0.441997 
0.637721 0.173185 0.727774 0.6948260000000001 0.944648 
0.265682 0.316229 0.8605429999999999 0.148024 0.843208 
0.1443 0.245801 0.181978 0.508534 0.930265 
0.203615 0.149003 0.291966 0.079931 0.394992 
0.610855 0.637769 0.977948 0.363915 0.323292 
0.14236 0.6432909999999999 0.797928 0.772128 0.150808 
0.5186809999999999 0.47359 0.627824 0.83043 0.031751 
0.643273 0.485217 0.048265 0.184555 0.8126409999999999 
0.856677 0.170118 0.170181 0.233245 0.142546 
0.769065 0.675134 0.981759 0.426997 0.544262 
0.422258 0.889754 0.087395 0.839568 0.622941 
0.825404 0.562366 0.680599 0.821448 0.06955600000000001 
0.277452 0.133824 0.186874 0.79426 0.133326 
0.600037 0.820183 0.822638 0.081426 0.520674 
0.966059 0.557577 0.192691 0.558315 0.593064 
0.059217 0.253004 0.23582 0.433607 0.62576 
0.962902 0.496781 0.399679 0.397584 0.195757 
0.883554 0.895653 0.235957 0.728642 0.292907 
0.456468 0.854589 0.084817 0.527447 0.798057 
0.653255 0.254188 0.138497 0.711913 0.117051 
0.385317 0.029899 0.506556 0.690329 0.359405 
0.385424 0.824869 0.566729 0.015369 0.308511 
0.860217 0.659008 0.947031 0.758096 0.321907 
0.115028 0.279095 0.74632 0.392582 0.133288 
0.484209 0.106781 0.675308 0.9066610000000001 0.255333 
0.387694 0.979522 0.830755 0.50142 0.371307 
0.188287 0.536835 0.585856 0.476169 0.96866 
0.546052 0.495718 0.53513 0.926991 0.931261 
0.917627 0.554817 0.80638 0.821786 0.763208 
0.257632 0.027215 0.404137 0.333332 0.315839 
0.556489 0.915364 0.521699 0.192666 0.130784 
0.292802 0.129046 0.878488 0.744912 0.731715 
0.689065 0.113841 0.326455 0.730774 0.116915 
0.709959 0.284759 0.95029 0.526441 0.897999 
0.848063 0.392868 0.9286219999999999 0.351032 0.79694 
0.400126 0.910625 0.868552 0.750016 0.517957 
0.307906 0.97612 0.648554 0.251483 0.669882 
0.397893 0.383779 0.171277 0.656095 0.992794 
0.31668 0.436179 0.860049 0.837696 0.152859 
0.030356 0.199588 0.469176 0.433726 0.625766 
0.887945 0.683609 0.418643 0.134541 0.233347 
0.328915 0.077248 0.305541 0.232158 0.874352 
0.59498 0.83299 0.063555 0.172468 0.670156 
0.110697 0.490041 0.126147 0.160771 0.085136 
0.876825 0.797018 0.474096 0.130156 0.537335 
0.027217 0.42818 0.417417 0.535389 0.275736 
0.749606 0.62547 0.266333 0.258996 0.943623 
0.858857 0.815581 0.476368 0.322596 0.865802 
0.156319 0.255818 0.539124 0.058158 0.464402 
0.151362 0.937129 0.321095 0.6478390000000001 0.235509 
0.6429009999999999 0.238656 0.083423 0.085882 0.420397 
0.404443 0.476525 0.951771 0.407275 0.07489800000000001 
0.450041 0.836598 0.708885 0.23597 0.948626 
0.50348 0.985209 0.410517 0.553715 0.281168 
0.891921 0.509877 0.502633 0.761057 0.08438900000000001 
0.326811 0.719152 0.781663 0.41786 0.969946 
0.422031 0.079141 0.127574 0.141823 0.6256080000000001 
0.124845 0.272858 0.931489 0.539506 0.476869 
0.153347 0.303179 0.531757 0.239479 0.921837 
0.032752 0.471219 0.78413 0.870193 0.338695 
0.538566 0.6802820000000001 0.4936 0.931051 0.170431 
0.707277 0.202478 0.040022 0.655369 0.791179 
0.353136 0.152665 0.846173 0.62677 0.119528 
0.381331 0.027451 0.375417 0.632405 0.835243 
0.830555 0.14181 0.408066 0.36639 0.913463 
0.208134 0.107415 0.323287 0.487413 0.941918 
0.627221 0.70321 0.843885 0.172491 0.062821 
0.852925 0.116943 0.453854 0.932559 0.520104 
0.389785 0.114645 0.843049 0.120089 0.333454 
0.9294559999999999 0.373554 0.315032 0.745232 0.119552 
0.121051 0.509041 0.452461 0.51996 0.963798 
0.204459 0.349762 0.451645 0.802526 0.051764 
0.672974 0.673933 0.792528 0.024116 0.319705 
0.256387 0.103628 0.679057 0.905788 0.571695 
0.855754 0.655507 0.104318 0.267186 0.594877 
0.020658 0.200906 0.633884 0.684325 0.456515 
0.732443 0.17113 0.181632 0.690317 0.160106 
0.549766 0.916828 0.128148 0.78625 0.510399 
0.5714320000000001 0.064148 0.140085 0.407909 0.721617 
0.217178 0.111902 0.740694 0.8375899999999999 0.375898 
0.714986 0.775957 0.50205 0.948105 0.7964059999999999 
0.194473 0.506942 0.170844 0.383348 0.924709 
0.874089 0.820174 0.663106 0.815152 0.261786 
0.75315 0.18954 0.595176 0.128572 0.916151 
0.412032 0.016744 0.422589 0.459726 0.610451 
0.134815 0.842883 0.331147 0.579574 0.894926 
0.527704 0.126251 0.895502 0.698953 0.3077 
0.516059 0.397803 0.8717240000000001 0.070608 0.707847 
0.274001 0.133048 0.136599 0.820976 0.148699 
0.229862 0.288215 0.031686 0.547472 0.361707 
0.3987 0.9451000000000001 0.299051 0.157051 0.5578379999999999 
0.055862 0.86698 0.325071 0.461608 0.253652 
0.09878199999999999 0.225281 0.301144 0.331181 0.154467 
0.134691 0.759151 0.052742 0.440566 0.590552 
0.769585 0.423473 0.315959 0.322963 0.037677 
0.274145 0.562447 0.044492 0.78025 0.65345 
0.311809 0.574759 0.978172 0.13837 0.578531 
0.740513 0.795261 0.954589 0.7693 0.627474 
0.762923 0.455044 0.926084 0.689055 0.9476560000000001 
0.038904 0.863255 0.725011 0.257064 0.4787 
0.874857 0.724002 0.301298 0.91299 0.629247 
0.497533 0.044376 0.819611 0.201377 0.548488 
0.249191 0.153376 0.788148 0.402337 0.078874 
0.635911 0.763679 0.152726 0.858936 0.142707 
0.470642 0.072686 0.627322 0.407386 0.934177 
0.789507 0.24646 0.2564 0.320286 0.039646 
0.406748 0.206299 0.270158 0.550428 0.042638 
0.397418 0.401054 0.521203 0.850773 0.948535 
0.033544 0.765622 0.815639 0.451636 0.6409899999999999 
0.585711 0.05253 0.872579 0.433702 0.224328 
0.03319 0.829392 0.5871729999999999 0.6151990000000001 0.643777 
0.667923 0.784953 0.701149 0.206347 0.069692 
0.440093 0.639923 0.187874 0.5921920000000001 0.9764620000000001 
0.180142 0.653206 0.436653 0.832685 0.935562 
0.683379 0.549114 0.958252 0.338737 0.146849 
0.468726 0.876552 0.211383 0.721729 0.10417 
0.562238 0.53734 0.06662700000000001 0.796468 0.22987 
0.852339 0.266275 0.28527 0.538173 0.072909 
0.214532 0.63308 0.183118 0.6704909999999999 0.94615 
0.528262 0.500151 0.045108 0.128322 0.706159 
0.417626 0.040921 0.761037 0.744537 0.429899 
0.191558 0.511209 0.89422 0.160597 0.157823 
0.733772 0.498314 0.156714 0.887555 0.136209 
0.545172 0.698527 0.143692 0.034002 0.465236 
0.124961 0.22164 0.103812 0.775943 0.277018 
0.842082 0.8765770000000001 0.62723 0.850564 0.43736 
0.385906 0.916708 0.116646 0.470093 0.8529099999999999 
0.293088 0.934539 0.790399 0.235609 0.8751679999999999 
0.889729 0.672417 0.311427 0.161942 0.756097 
0.911954 0.215896 0.5664400000000001 0.154505 0.766749 
0.750922 0.738563 0.02522 0.872645 0.545367 
0.6294920000000001 0.86756 0.08323 0.853537 0.39313 
0.295581 0.8301500000000001 0.327931 0.532037 0.949122 
0.5251209999999999 0.705429 0.142279 0.28173 0.037387 
0.645541 0.60261 0.060881 0.233667 0.242159 
0.906666 0.33798 0.426737 0.171725 0.176148 
0.540436 0.114369 0.206645 0.082091 0.695743 
0.782504 0.539095 0.57416 0.904508 0.06358800000000001 
0.721699 0.597515 0.431597 0.851369 0.961357 
0.53356 0.546679 0.034918 0.8721640000000001 0.455202 
0.582463 0.45588 0.972483 0.528938 0.8664809999999999 
0.45321 0.09889199999999999 0.073791 0.211326 0.75223 
0.252233 0.286122 0.852438 0.925129 0.640232 
0.494131 0.861243 0.916677 0.582919 0.119093 
0.090452 0.224104 0.5209510000000001 0.619259 0.886469 
0.881571 0.564195 0.422319 0.912527 0.840162 
0.8718050000000001 0.428867 0.959442 0.335368 0.5363019999999999 
0.49193 0.863084 0.860067 0.139723 0.327642 
0.648784 0.110775 0.794744 0.264658 0.101613 
0.645209 0.029264 0.845038 0.549204 0.475613 
0.226943 0.23355 0.275517 0.616645 0.959328 
0.330688 0.867931 0.319219 0.110827 0.6690120000000001 
0.952353 0.190746 0.860033 0.5810999999999999 0.554937 
0.830615 0.149925 0.790557 0.887942 0.636956 
0.514698 0.520911 0.945479 0.66675 0.063778 
0.091256 0.736824 0.799061 0.811164 0.234193 
0.081299 0.393819 0.9160239999999999 0.614677 0.880513 
0.552311 0.685212 0.3652 0.921394 0.871115 
0.823144 0.573404 0.203085 0.255673 0.08870400000000001 
0.839766 0.949234 0.768918 0.206658 0.30569 
0.78768 0.535873 0.422642 0.347651 0.96713 
0.9638949999999999 0.17929 0.323515 0.323453 0.268012 
0.476516 0.809581 0.62874 0.237405 0.058414 
0.042892 0.888594 0.6041800000000001 0.460555 0.554498 
0.692507 0.957378 0.651029 0.83753 0.361741 
0.8195440000000001 0.078559 0.348174 0.756338 0.773286 
0.973612 0.494931 0.307689 0.332796 0.308956 
0.145204 0.435579 0.771945 0.075695 0.204208 
0.365373 0.820156 0.363238 0.9447990000000001 0.243866 
0.859397 0.879284 0.125741 0.335019 0.666282 
0.439182 0.324071 0.655678 0.978896 0.307544 
0.743507 0.118909 0.510803 0.058278 0.479544 
0.861033 0.379205 0.291905 0.047093 0.484629 
0.513034 0.570387 0.491163 0.978251 0.464086 
0.227309 0.381687 0.021135 0.222786 0.367513 
0.102393 0.912866 0.537164 0.122785 0.646684 
0.821559 0.93494 0.5328000000000001 0.777018 0.349028 
0.853564 0.857335 0.232808 0.8067879999999999 0.6902470000000001 
0.203359 0.846425 0.866784 0.031633 0.650367 
0.45254 0.83666 0.749738 0.841029 0.167241 
0.188892 0.712602 0.702622 0.9600340000000001 0.283685 
0.420147 0.402921 0.89844 0.073326 0.382515 
0.203908 0.08598600000000001 0.170256 0.495646 0.319311 
0.167972 0.106334 0.157783 0.862714 0.630363 
0.015968 0.381315 0.754898 0.571945 0.67706 
0.344399 0.309379 0.7331490000000001 0.029183 0.477497 
0.8102 0.03479 0.7220490000000001 0.473279 0.399112 
0.227012 0.397042 0.07771599999999999 0.170659 0.26389 
0.784155 0.291596 0.85936 0.267145 0.8976420000000001 
0.217997 0.870605 0.251485 0.704772 0.09726799999999999 
0.303568 0.069068 0.8331499999999999 0.758229 0.55369 
0.72995 0.274376 0.439583 0.075512 0.123233 
0.176904 0.219798 0.151743 0.343732 0.102167 
0.212862 0.572729 0.859021 0.572506 0.109157 
0.156554 0.195292 0.268626 0.797533 0.136157 
0.308123 0.617964 0.127511 0.07606 0.33577 
0.043161 0.405497 0.191692 0.760602 0.432986 
0.033351 0.527094 0.873519 0.236127 0.59235 
0.587663 0.857305 0.719226 0.034055 0.357794 
0.414615 0.429208 0.693455 0.890465 0.042424 
0.8517439999999999 0.255652 0.747372 0.08221199999999999 0.734317 
0.487669 0.248534 0.115761 0.598614 0.904787 
0.678239 0.168052 0.450638 0.877501 0.166486 
0.128923 0.804578 0.546432 0.877387 0.236808 
0.852608 0.790574 0.175991 0.885249 0.375771 
0.37724 0.265308 0.024916 0.762629 0.498119 
0.655326 0.057168 0.818599 0.196313 0.42625 
0.217632 0.743544 0.73713 0.943764 0.833889 
0.939539 0.834789 0.295043 0.788987 0.507388 
0.184453 0.09995 0.857048 0.398914 0.544244 
0.5655289999999999 0.843176 0.263395 0.877502 0.169421 
0.682071 0.575001 0.047407 0.7643990000000001 0.254147 
0.038922 0.156392 0.472866 0.454407 0.219391 
0.711491 0.028544 0.7467859999999999 0.227083 0.589193 
0.711255 0.071149 0.795749 0.151521 0.608636 
0.650627 0.087435 0.518686 0.551431 0.902664 
0.368547 0.163398 0.223487 0.146003 0.865785 
0.254508 0.521207 0.9303129999999999 0.767076 0.250433 
0.026913 0.329073 0.733846 0.755424 0.413934 
0.085358 0.6064580000000001 0.735344 0.9235719999999999 0.474574 
0.856101 0.481135 0.440762 0.8892099999999999 0.948426 
0.175984 0.766061 0.186796 0.475869 0.9352240000000001 
0.628297 0.781559 0.663775 0.063179 0.844755 
0.7899890000000001 0.346643 0.025599 0.250283 0.505085 
0.065599 0.515242 0.665241 0.697146 0.925202 
0.8779169999999999 0.15588 0.871389 0.426802 0.257297 
0.267079 0.789091 0.257818 0.141562 0.236173 
0.057752 0.638673 0.183683 0.159432 0.569704 
0.8409450000000001 0.762611 0.201062 0.241223 0.23537 
0.640356 0.460762 0.027958 0.890272 0.799771 
0.8735579999999999 0.8897389999999999 0.839189 0.250155 0.355752 
0.96241 0.2256 0.661346 0.246902 0.683586 
0.771932 0.868265 0.9266720000000001 0.5683510000000001 0.281469 
0.651716 0.396741 0.018704 0.355176 0.449991 
0.700819 0.662875 0.933586 0.780379 0.827756 
0.747175 0.772409 0.87756 0.147537 0.653742 
0.050721 0.474319 0.878455 0.193286 0.553793 
0.07328900000000001 0.76467 0.80515 0.151516 0.521717 
0.09966899999999999 0.131306 0.857064 0.67178 0.609228 
0.144159 0.881854 0.324607 0.67657 0.116568 
0.566692 0.392578 0.057482 0.100154 0.288801 
0.78522 0.19584 0.489615 0.961834 0.548741 
0.683961 0.335511 0.93852 0.702217 0.159161 
0.642639 0.831056 0.552661 0.569766 0.049652 
0.793798 0.363455 0.595167 0.9674739999999999 0.34232 
0.370823 0.423942 0.193787 0.972063 0.464865 
0.687633 0.044962 0.668924 0.613924 0.223153 
0.923728 0.097417 0.293424 0.585013 0.311145 
0.613812 0.335378 0.69495 0.027565 0.292658 
0.264409 0.916611 0.481037 0.782362 0.16344 
0.273568 0.860887 0.933848 0.178462 0.408567 
0.502741 0.569293 0.101113 0.402873 0.080232 
0.577634 0.291993 0.527513 0.909558 0.94381 
0.919922 0.129973 0.464225 0.226194 0.638942 
0.017225 0.494362 0.746754 0.693129 0.423597 
0.137183 0.627793 0.311056 0.921054 0.156151 
0.431023 0.210636 0.162402 0.496337 0.9306219999999999 
0.189727 0.738575 0.228878 0.748968 0.907061 
0.317111 0.6831390000000001 0.511122 0.431073 0.039566 
0.740174 0.09851 0.650901 0.700117 0.865648 
0.94941 0.741467 0.837049 0.274323 0.554257 
0.389379 0.293581 0.21533 0.057135 0.269626 
0.609701 0.24653 0.431021 0.169219 0.064427 
0.649273 0.332775 0.949616 0.191495 0.456356 
0.144058 0.176762 0.844394 0.72305 0.305577 
0.707128 0.692342 0.188307 0.871592 0.851668 
0.896362 0.148106 0.213699 0.64037 0.692462 
0.669312 0.126309 0.868969 0.763656 0.764491 
0.853418 0.390565 0.231977 0.832102 0.131117 
0.287586 0.45038 0.537138 0.676862 0.018129 
0.16984 0.496007 0.393881 0.95355 0.316176 
0.22652 0.114747 0.555724 0.060419 0.468531 
0.130592 0.862832 0.618401 0.473145 0.155566 
0.696416 0.667269 0.790305 0.654072 0.982015 
0.160311 0.345224 0.186627 0.646817 0.05018 
0.083907 0.223146 0.415637 0.607298 0.853112 
0.121215 0.252403 0.130264 0.342338 0.677241 
0.603268 0.129457 0.786691 0.914363 0.704326 
0.609663 0.614003 0.546983 0.147079 0.960765 
0.16592 0.620581 0.098847 0.328838 0.786961 
0.153308 0.654483 0.890649 0.136743 0.247002 
0.363805 0.476668 0.352188 0.230739 0.027663 
0.129613 0.403062 0.260015 0.07474699999999999 0.266066 
0.177184 0.928565 0.38813 0.308252 0.788639 
0.114268 0.495081 0.820126 0.856622 0.240697 
0.907204 0.379479 0.903405 0.531849 0.786204 
0.040959 0.39408 0.310069 0.32199 0.688211 
0.159505 0.807531 0.171436 0.318329 0.149885 
0.112433 0.66475 0.458209 0.122557 0.821163 
0.076351 0.234576 0.517353 0.151587 0.730758 
0.867779 0.759065 0.6011069999999999 0.811621 0.915391 
0.193351 0.646245 0.439038 0.917838 0.099638 
0.6113769999999999 0.407184 0.543411 0.105013 0.961511 
0.68834 0.936762 0.155732 0.387549 0.542054 
0.784099 0.346406 0.040686 0.812383 0.721209 
0.594249 0.549292 0.9535439999999999 0.217939 0.904549 
0.202849 0.289042 0.923077 0.149923 0.761521 
0.757043 0.629335 0.233846 0.24984 0.061722 
0.656538 0.428119 0.397383 0.820847 0.967279 
0.057015 0.252481 0.454798 0.797603 0.321969 
0.362161 0.8433929999999999 0.913653 0.759581 0.269719 
0.889455 0.066857 0.663852 0.364806 0.288914 
0.963773 0.139065 0.263676 0.594431 0.5997209999999999 
0.670282 0.435711 0.991832 0.7169990000000001 0.609007 
0.553123 0.337531 0.882837 0.845431 0.161242 
0.67444 0.315585 0.043084 0.116471 0.523371 
0.091916 0.831313 0.8737009999999999 0.292591 0.570905 
0.446707 0.806126 0.559851 0.413759 0.052011 
0.14588 0.801486 0.577078 0.949695 0.527495 
0.897015 0.134559 0.540712 0.745929 0.822752 
0.056038 0.830951 0.790045 0.286809 0.397014 
0.323606 0.843584 0.115679 0.209457 0.342005 
0.636809 0.851307 0.911481 0.265432 0.115128 
0.923751 0.49016 0.122709 0.371291 0.292065 
0.253828 0.080965 0.779268 0.153726 0.668193 
0.948033 0.598893 0.597509 0.336593 0.114159 
0.0615 0.6370170000000001 0.346266 0.68923 0.8893219999999999 
0.83534 0.557395 0.130499 0.294099 0.9210700000000001 
0.823187 0.309451 0.937447 0.669409 0.757661 
0.322361 0.916874 0.907021 0.295389 0.596458 
0.081349 0.226952 0.376647 0.312436 0.104356 
0.81871 0.056007 0.303931 0.166929 0.580018 
0.963333 0.744962 0.570647 0.865391 0.631884 
0.041636 0.771015 0.451945 0.843889 0.249534 
0.824145 0.41244 0.8826850000000001 0.287985 0.163597 
0.574136 0.498476 0.883139 0.917584 0.828671 
0.46732 0.248782 0.286668 0.032049 0.6491440000000001 
0.232112 0.105842 0.883941 0.401534 0.573871 
0.814655 0.898841 0.824453 0.588558 0.898092 
0.584719 0.379742 0.318675 0.969643 0.795537 
0.675126 0.8459950000000001 0.6409859999999999 0.058738 0.213781 
0.878536 0.556334 0.306514 0.583861 0.95896 
0.840204 0.307922 0.253455 0.821615 0.88168 
0.795691 0.175353 0.163397 0.209838 0.7441 
0.090103 0.361324 0.774626 0.138771 0.320744 
0.556963 0.885308 0.370566 0.094496 0.199377 
0.558296 0.285058 0.964019 0.264282 0.7795029999999999 
0.114917 0.415057 0.865166 0.8505740000000001 0.596767 
0.895016 0.537788 0.596056 0.9093909999999999 0.130536 
0.91743 0.248207 0.61704 0.59558 0.917071 
0.712574 0.236726 0.647043 0.854461 0.918165 
0.1507 0.814731 0.182702 0.677834 0.352427 
0.412341 0.21991 0.032592 0.768054 0.684407 
0.432325 0.090144 0.044464 0.31354 0.660529 
0.512863 0.693914 0.61866 0.820553 0.0292 
0.270793 0.216345  0.108  0.151 0.855664 
0.559088 0.587968 0.977104 0.188709 0.634491 
0.810538 0.720256 0.348245 0.959588 0.787448 
0.853867 0.946236 0.391104 0.277413 0.472277 
0.94643 0.654402 0.536632 0.17863 0.237025 
0.153282 0.211111 0.143413 0.339636 0.258378 
0.567039 0.219803 0.227635 0.865664 0.206976 
0.531901 0.653162 0.701851 0.012832 0.663071 
0.5547609999999999 0.8651180000000001 0.035082 0.622319 0.307805 
0.236802 0.938496 0.299495 0.619197 0.840396 
0.798386 0.477603 0.074738 0.124095 0.671527 
0.488493 0.093961 0.196783 0.328371 0.928269 
0.496997 0.028093 0.157696 0.401601 0.709157 
0.377537 0.261677 0.011942 0.711529 0.659639 
0.135745 0.474091 0.046978 0.553722 0.41226 
0.185981 0.782924 0.6049290000000001 0.046202 0.523913 
0.717959 0.729527 0.162414 0.683817 0.918337 
0.085907 0.844579 0.835863 0.356206 0.751894 
0.25119 0.751001 0.070423 0.599855 0.7639550000000001 
0.83673 0.929211 0.243391 0.667322 0.682182 
0.701423 0.823372 0.420127 0.07826 0.316374 
0.92353 0.766248 0.338506 0.269306 0.220894 
0.5601930000000001 0.16445 0.914134 0.846944 0.580021 
0.415543 0.02706 0.795233 0.47473 0.792896 
0.874207 0.790869 0.141236 0.746491 0.282305 
0.430526 0.8487479999999999 0.901105 0.87997 0.663422 
0.865259 0.404359 0.056923 0.706993 0.424698 
0.903419 0.763118 0.727844 0.872178 0.700269 
0.425223 0.725334 0.684064 0.069443 0.135483 
0.061349 0.095889 0.604909 0.708377 0.695288 
0.706559 0.137104 0.308149 0.066908 0.529652 
0.425751 0.592962 0.917231 0.90173 0.374208 
0.630161 0.120439 0.219627 0.275474 0.891211 
0.725119 0.06904100000000001 0.370487 0.7703449999999999 0.189463 
0.261512 0.237635 0.933312 0.173817 0.343344 
0.619744 0.044574 0.16194 0.729182 0.357384 
0.608731 0.937034 0.729705 0.148612 0.71611 
0.246258 0.853589 0.268454 0.912819 0.754363 
0.112791 0.675277 0.374899 0.920318 0.7840780000000001 
0.967133 0.597624 0.266646 0.516555 0.741252 
0.7336549999999999 0.547975 0.808371 0.285659 0.06468400000000001 
0.349993 0.327169 0.736761 0.740051 0.038437 
0.659079 0.14582 0.795719 0.655924 0.10974 
0.647821 0.93464 0.497338 0.75874 0.151544 
0.584039 0.951403 0.236606 0.631988 0.820147 
0.21586 0.956711 0.440044 0.822913 0.695094 
0.441398 0.571891 0.76773 0.23187 0.038204 
0.505091 0.069925 0.233944 0.892235 0.7927149999999999 
0.167319 0.131565 0.216688 0.875901 0.264719 
0.967135 0.630354 0.357676 0.458013 0.8161040000000001 
0.028097 0.223508 0.502862 0.594311 0.58303 
0.194843 0.718911 0.738663 0.706496 0.08337 
0.035308 0.425637 0.6744059999999999 0.743846 0.813047 
0.336427 0.334866 0.100564 0.173196 0.908986 
0.801346 0.220112 0.424031 0.695479 0.916701 
0.935829 0.482269 0.4992 0.054771 0.538006 
0.270591 0.821688 0.118544 0.364919 0.195543 
0.48183 0.10865 0.079898 0.853783 0.529914 
0.6352910000000001 0.337053 0.855236 0.9576789999999999 0.7150030000000001 
0.746062 0.069179 0.686051 0.46111 0.869325 
0.074096 0.331094 0.695562 0.307141 0.126646 
0.132815 0.219979 0.181816 0.776865 0.769919 
0.751995 0.77285 0.287363 0.705368 0.127058 
0.690894 0.861955 0.883907 0.830929 0.416813 
0.75367 0.939264 0.211565 0.76668 0.590639 
0.797156 0.797041 0.861055 0.753015 0.93128 
0.517877 0.954108 0.701065 0.795526 0.410313 
0.768767 0.674116 0.861287 0.648536 0.944564 
0.236176 0.410362 0.956894 0.516911 0.720481 
0.591858 0.359908 0.969206 0.437802 0.145855 
0.7515269999999999 0.917445 0.494026 0.08742800000000001 0.403145 
0.52072 0.739806 0.920264 0.879412 0.280302 
0.439327 0.762908 0.198144 0.198188 0.944354 
0.757076 0.168494 0.872071 0.900486 0.469311 
0.577593 0.610723 0.426131 0.977472 0.367127 
0.299812 0.933677 0.312359 0.823634 0.811613 
0.06750200000000001 0.510112 0.45542 0.236337 0.108417 
0.913542 0.892381 0.2473 0.363814 0.628765 
0.323383 0.103315 0.417498 0.892348 0.692058 
0.621655 0.160675 0.472458 0.594814 0.031142 
0.935288 0.387238 0.304061 0.354243 0.7610479999999999 
0.050767 0.240247 0.824092 0.508142 0.348954 
0.613381 0.093419 0.096523 0.265989 0.483386 
0.04697 0.428187 0.546138 0.9373899999999999 0.7164700000000001 
0.85493 0.815622 0.15205 0.505997 0.295688 
0.744089 0.895962 0.434951 0.229004 0.863598 
0.541304 0.697228 0.304217 0.967726 0.569256 
0.483284 0.546801 0.084887 0.69655 0.9128500000000001 
0.036186 0.180683 0.734855 0.702175 0.448112 
0.045016 0.590988 0.738434 0.864187 0.395507 
0.779486 0.814079 0.234019 0.152186 0.798153 
0.205871 0.06585199999999999 0.7803 0.498267 0.373529 
0.901095 0.7116170000000001 0.154061 0.305441 0.542906 
0.918356 0.817376 0.632825 0.88634 0.714809 
0.143773 0.398263 0.606314 0.31511 0.046429 
0.686548 0.819265 0.387097 0.941836 0.435185 
0.162255 0.020559 0.529797 0.290746 0.569114 
0.6172800000000001 0.626865 0.7163659999999999 0.960542 0.836436 
0.044455 0.149898 0.336917 0.563128 0.485666 
0.662698 0.966656 0.594121 0.383744 0.579103 
0.730079 0.443807 0.056768 0.092797 0.646552 
0.6925789999999999 0.181242 0.135725 0.130999 0.693421 
0.262726 0.638014 0.094179 0.874362 0.408868 
0.485349 0.255739 0.206927 0.827398 0.082063 
0.241117 0.456772 0.9752729999999999 0.418071 0.511284 
0.146346 0.6370440000000001 0.790584 0.352539 0.114674 
0.291887 0.744807 0.969099 0.6523099999999999 0.377944 
0.106056 0.490731 0.722737 0.04221 0.426008 
0.949993 0.529931 0.543293 0.117609 0.650204 
0.693284 0.028886 0.486332 0.779396 0.308278 
0.550898 0.93471 0.664891 0.829051 0.86472 
0.923353 0.796243 0.457897 0.872402 0.45828 
0.424184 0.260243 0.902178 0.900593 0.260587 
0.739155 0.978953 0.262361 0.5062410000000001 0.394076 
0.107108 0.16974 0.826987 0.171332 0.58496 
0.063231 0.72267 0.909836 0.618055 0.645498 
0.33007 0.487536 0.015444 0.570208 0.487637 
0.41342 0.351542 0.361743 0.819775 0.956439 
0.332789 0.187796 0.281002 0.793126 0.067524 
0.751219 0.737531 0.682792 0.682512 0.978731 
0.8060040000000001 0.506579 0.080427 0.728917 0.907819 
0.718449 0.977667 0.653497 0.332431 0.16452 
0.324618 0.847811 0.163373 0.803305 0.145233 
0.127281 0.20873 0.121599 0.710879 0.743795 
0.25825 0.414772 0.064988 0.252821 0.162084 
0.920432 0.693587 0.112011 0.56974 0.6132919999999999 
0.606511 0.626767 0.077642 0.920772 0.416048 
0.517332 0.802406 0.040802 0.75686 0.547749 
0.345481 0.505735 0.879808 0.936918 0.78612 
0.651946 0.264642 0.835133 0.08388 0.76629 
0.121144 0.059343 0.378301 0.111417 0.592481 
0.7161380000000001 0.125786 0.082539 0.235041 0.337422 
0.633324 0.283095 0.976952 0.639473 0.619986 
0.947031 0.74685 0.302106 0.488235 0.762746 
0.519841 0.97356 0.6292410000000001 0.649867 0.316898 
0.333781 0.8569600000000001 0.93291 0.41192 0.141304 
0.514128 0.9429689999999999 0.474198 0.8510259999999999 0.197729 
0.891375 0.333201 0.105289 0.585808 0.669254 
0.904409 0.395507 0.283685 0.901563 0.577079 
0.396355 0.535559 0.134537 0.158034 0.07424 
0.744918 0.843256 0.611824 0.9176339999999999 0.677198 
0.366343 0.127023 0.867858 0.08201899999999999 0.48574 
0.824074 0.216391 0.883288 0.415831 0.874486 
0.613355 0.649672 0.035473 0.199826 0.479556 
0.8955880000000001 0.14936 0.285212 0.561184 0.816201 
0.540583 0.574221 0.928072 0.101672 0.808157 
0.696368 0.861975 0.209594 0.644444 0.176691 
0.719406 0.050189 0.522126 0.379487 0.045493 
0.613734 0.026973 0.339066 0.685406 0.6222529999999999 
0.213459 0.604421 0.496645 0.117995 0.133904 
0.499311 0.913315 0.07963199999999999 0.377663 0.385817 
0.045079 0.6380940000000001 0.442185 0.811454 0.113958 
0.239726 0.083109 0.8194630000000001 0.721991 0.508742 
0.613619 0.095887 0.573682 0.872602 0.830053 
