5
169
0.249259 0.298405 0.292704 0.483395 0.427775 
0.61208 0.235168 0.471094 0.6728420000000001 0.447237 
0.54094 0.579918 0.6859459999999999 0.690949 0.783941 
0.224825 0.626959 0.295328 0.577763 0.454583 
0.464168 0.273654 0.306285 0.727175 0.636181 
0.305913 0.486249 0.378546 0.228041 0.679817 
0.574904 0.410615 0.214462 0.468274 0.282571 
0.615824 0.151398 0.539203 0.391599 0.60967 
0.637922 0.557597 0.534265 0.39354 0.231746 
0.407496 0.791492 0.610382 0.688784 0.387278 
0.450853 0.489958 0.721048 0.655515 0.239221 
0.466984 0.607809 0.452797 0.161997 0.686808 
0.713116 0.348576 0.516889 0.350826 0.334257 
0.777803 0.533901 0.276528 0.611911 0.396254 
0.590911 0.444493 0.590136 0.411984 0.207631 
0.642332 0.669096 0.489113 0.523459 0.76864 
0.536781 0.680572 0.368676 0.345436 0.748048 
0.628278 0.46881 0.282223 0.318898 0.726833 
0.376378 0.776742 0.694616 0.409915 0.441396 
0.828141 0.564434 0.43788 0.452405 0.57448 
0.686586 0.443128 0.658803 0.508884 0.813151 
0.61916 0.227912 0.525046 0.439921 0.745012 
0.496795 0.630729 0.656166 0.176079 0.35609 
0.521249 0.634991 0.297983 0.198038 0.426141 
0.181324 0.504698 0.457825 0.665169 0.491384 
0.68741 0.299559 0.681955 0.6197240000000001 0.698719 
0.455007 0.30935 0.248274 0.737056 0.705366 
0.479401 0.297993 0.362861 0.6119599999999999 0.206448 
0.636115 0.18662 0.519748 0.402652 0.364405 
0.673975 0.489521 0.384915 0.262883 0.278803 
0.114693 0.6479200000000001 0.597759 0.540394 0.400918 
0.392529 0.236582 0.233093 0.6021609999999999 0.523798 
0.578638 0.168353 0.5108239999999999 0.423652 0.321183 
0.426456 0.447579 0.468007 0.794469 0.646333 
0.420506 0.436027 0.301648 0.792441 0.55106 
0.423736 0.725038 0.714367 0.363199 0.289521 
0.51054 0.645716 0.553824 0.119261 0.422192 
0.6236429999999999 0.572933 0.282221 0.280275 0.587848 
0.731047 0.701469 0.583313 0.739356 0.355045 
0.221715 0.362269 0.657663 0.346011 0.407345 
0.34856 0.242309 0.479067 0.677133 0.581106 
0.215122 0.551814 0.335846 0.564364 0.273543 
0.444125 0.415091 0.43945 0.830392 0.4041 
0.433785 0.627627 0.52706 0.299056 0.23094 
0.297939 0.468754 0.340429 0.587624 0.204781 
0.6031029999999999 0.357075 0.36677 0.30745 0.316194 
0.198886 0.681646 0.42487 0.781848 0.520068 
0.785305 0.624004 0.636733 0.576634 0.483464 
0.632853 0.364398 0.437523 0.441292 0.792456 
0.337733 0.277251 0.757216 0.523558 0.434053 
0.23667 0.713952 0.393207 0.629232 0.502849 
0.541822 0.406192 0.871804 0.413316 0.593857 
0.672084 0.722766 0.526647 0.352018 0.370984 
0.403031 0.747411 0.744237 0.384278 0.559314 
0.305309 0.332747 0.486788 0.441318 0.224417 
0.594776 0.400798 0.218867 0.503262 0.324002 
0.292768 0.549973 0.397543 0.507123 0.208454 
0.326984 0.626906 0.410706 0.730031 0.62941 
0.340006 0.481907 0.41617 0.572012 0.812541 
0.714892 0.188221 0.430969 0.296391 0.444143 
0.436565 0.355176 0.442689 0.276565 0.227142 
0.631011 0.401841 0.744675 0.755309 0.478943 
0.440157 0.716033 0.370668 0.812784 0.452302 
0.264618 0.439651 0.216369 0.5181480000000001 0.520325 
0.294487 0.440217 0.725619 0.482263 0.388136 
0.595012 0.368251 0.195962 0.531664 0.669979 
0.333802 0.217733 0.43033 0.550457 0.536435 
0.584087 0.747823 0.653465 0.78518 0.516222 
0.573894 0.440754 0.749196 0.7373960000000001 0.412073 
0.243082 0.476921 0.610312 0.521285 0.237731 
0.454592 0.331148 0.604845 0.630444 0.864189 
0.457521 0.550292 0.75917 0.362721 0.257741 
0.5405759999999999 0.464824 0.292869 0.250479 0.796613 
0.590317 0.456527 0.8541339999999999 0.43343 0.661171 
0.414265 0.552911 0.78137 0.479585 0.387922 
0.442649 0.595726 0.360338 0.207987 0.631887 
0.63234 0.731021 0.261893 0.631904 0.41083 
0.666359 0.495521 0.221602 0.458247 0.74995 
0.602324 0.266166 0.44929 0.21999 0.37598 
0.714489 0.416713 0.700525 0.726337 0.5529500000000001 
0.440516 0.757975 0.280039 0.610307 0.436846 
0.199585 0.420276 0.585625 0.6037130000000001 0.597238 
0.672972 0.64035 0.363879 0.721679 0.251988 
0.351243 0.338717 0.815042 0.415812 0.551414 
0.795882 0.395396 0.413261 0.685575 0.461128 
0.6243 0.612567 0.408504 0.7239989999999999 0.245785 
0.299724 0.466272 0.634771 0.603749 0.205128 
0.5726599999999999 0.703145 0.756575 0.759122 0.571014 
0.205004 0.497927 0.656828 0.307586 0.604468 
0.410857 0.276465 0.553387 0.77887 0.473004 
0.471221 0.8065369999999999 0.462881 0.636733 0.569504 
0.691597 0.672956 0.37459 0.7352070000000001 0.631753 
0.345559 0.814515 0.549506 0.548133 0.471731 
0.530576 0.395164 0.520817 0.366642 0.154134 
0.633586 0.681648 0.450031 0.675837 0.791179 
0.795933 0.237552 0.536955 0.59627 0.508574 
0.283768 0.28532 0.378788 0.283657 0.430095 
0.668571 0.676966 0.761672 0.422483 0.668841 
0.657807 0.761917 0.544091 0.545749 0.399437 
0.443055 0.417126 0.644182 0.761969 0.417671 
0.320198 0.57246 0.333392 0.320361 0.309177 
0.187683 0.385878 0.443878 0.261175 0.574553 
0.407701 0.233029 0.511189 0.550744 0.361689 
0.43555 0.281873 0.442477 0.710143 0.37785 
0.752031 0.393129 0.314762 0.205179 0.443264 
0.277307 0.694611 0.330595 0.305913 0.48131 
0.437392 0.249259 0.29414 0.60461 0.678495 
0.397322 0.784651 0.627204 0.416764 0.560839 
0.372083 0.601189 0.190119 0.323706 0.518435 
0.490068 0.577283 0.393493 0.442723 0.846379 
0.415277 0.561443 0.174847 0.6563600000000001 0.448722 
0.337685 0.469484 0.610564 0.742649 0.695287 
0.714087 0.658972 0.345051 0.266046 0.42734 
0.611812 0.718844 0.617379 0.287589 0.508859 
0.297934 0.37893 0.681234 0.505342 0.277217 
0.795898 0.653454 0.60875 0.259864 0.531928 
0.762635 0.605677 0.613332 0.274922 0.611564 
0.453459 0.291971 0.15378 0.585561 0.52286 
0.569622 0.634395 0.276779 0.8210499999999999 0.391785 
0.422071 0.74151 0.565198 0.287057 0.562223 
0.5649110000000001 0.453366 0.719661 0.34368 0.231937 
0.677968 0.613356 0.667148 0.759354 0.466511 
0.360285 0.306506 0.45176 0.732634 0.374925 
0.337759 0.712452 0.179001 0.468709 0.591938 
0.471921 0.576527 0.695554 0.169123 0.457752 
0.839145 0.51018 0.589421 0.40415 0.5415759999999999 
0.414022 0.470364 0.409563 0.519315 0.133105 
0.477329 0.4763 0.175907 0.475234 0.264784 
0.5201710000000001 0.5138239999999999 0.834854 0.390633 0.369336 
0.230944 0.478865 0.287298 0.618927 0.314383 
0.308406 0.382541 0.359866 0.262132 0.6563330000000001 
0.470537 0.317888 0.7506159999999999 0.604465 0.236198 
0.31109 0.488693 0.460387 0.729437 0.646054 
0.495951 0.449762 0.155553 0.379343 0.625501 
0.5848410000000001 0.421039 0.399192 0.216594 0.298895 
0.659457 0.496144 0.688557 0.569958 0.285433 
0.471783 0.253152 0.7300759999999999 0.39515 0.286339 
0.426583 0.58014 0.410671 0.155082 0.46888 
0.210587 0.344062 0.642133 0.326923 0.592064 
0.515303 0.7054510000000001 0.516105 0.184181 0.525601 
0.29263 0.224884 0.62529 0.255584 0.592662 
0.499633 0.324576 0.147883 0.475903 0.50813 
0.488276 0.449659 0.414961 0.243723 0.24624 
0.328155 0.294267 0.742336 0.436099 0.523579 
0.187103 0.647495 0.447941 0.536347 0.3808 
0.329759 0.262527 0.283475 0.367426 0.321163 
0.632606 0.214701 0.471493 0.387358 0.319508 
0.392545 0.512211 0.730916 0.510398 0.264144 
0.251241 0.612277 0.540933 0.454352 0.293673 
0.291887 0.749839 0.547897 0.506532 0.289979 
0.398661 0.290565 0.530753 0.372745 0.730005 
0.352033 0.6234 0.476619 0.535444 0.210244 
0.398433 0.468722 0.814207 0.381363 0.569733 
0.579419 0.299318 0.638704 0.699151 0.632772 
0.469292 0.392204 0.773408 0.674694 0.573819 
0.794506 0.261822 0.442178 0.6939650000000001 0.468682 
0.346326 0.703676 0.685883 0.641597 0.328844 
0.617039 0.575693 0.679551 0.222009 0.309998 
0.745073 0.43852 0.200061 0.420501 0.354194 
0.593603 0.68788 0.205773 0.418613 0.627416 
0.276637 0.432231 0.507323 0.579115 0.181968 
0.340549 0.603181 0.657513 0.817186 0.443391 
0.499812 0.338918 0.190062 0.376957 0.523741 
0.577839 0.7438129999999999 0.268973 0.636912 0.584495 
0.420982 0.438607 0.663091 0.568465 0.190704 
0.488402 0.575723 0.181261 0.451918 0.389177 
0.551214 0.258683 0.692191 0.661133 0.662112 
0.446881 0.730441 0.522853 0.586792 0.215154 
0.680356 0.742336 0.442838 0.777614 0.363486 
