5
29
0.496032 0.806119 0.443465 0.315312 0.445264 
0.652979 0.615538 0.349153 0.215474 0.477111 
0.582521 0.427406 0.415815 0.5956090000000001 0.400608 
0.28575 0.606518 0.746386 0.5011949999999999 0.592516 
0.745126 0.340845 0.586269 0.424912 0.503854 
0.380519 0.388626 0.628927 0.371944 0.257943 
0.395107 0.571142 0.176815 0.737523 0.552358 
0.709018 0.463942 0.468466 0.502152 0.663919 
0.316869 0.609905 0.669283 0.641136 0.578407 
0.319289 0.286942 0.641663 0.433294 0.36817 
0.397617 0.755491 0.537965 0.581103 0.605629 
0.664031 0.369036 0.384271 0.436917 0.265674 
0.387254 0.57764 0.389165 0.700691 0.505239 
0.5322480000000001 0.494639 0.402317 0.735633 0.783137 
0.698666 0.486367 0.371664 0.561934 0.420405 
0.673025 0.539162 0.689621 0.459301 0.467739 
0.652321 0.561754 0.402549 0.637328 0.579735 
0.359117 0.681752 0.211849 0.5419389999999999 0.372074 
0.595252 0.399082 0.366065 0.451964 0.164724 
0.335421 0.42598 0.446205 0.363383 0.381665 
0.578548 0.663092 0.584955 0.340824 0.22401 
0.632257 0.348571 0.426995 0.507791 0.451527 
0.729967 0.557354 0.451389 0.497146 0.536053 
0.557189 0.676589 0.432049 0.447095 0.330884 
0.7346009999999999 0.440552 0.360175 0.455147 0.661824 
0.577641 0.415971 0.217615 0.453467 0.42055 
0.470478 0.323814 0.346917 0.638861 0.331042 
0.622097 0.587211 0.25808 0.552308 0.645126 
0.632208 0.520823 0.46437 0.6664949999999999 0.7789740000000001 
