5
820
0.951247 0.602093 0.381743 0.9565900000000001 0.408452 
0.353663 0.018729 0.771782 0.337992 0.628227 
0.822984 0.885547 0.391277 0.186239 0.121996 
0.412756 0.188596 0.72607 0.058595 0.807024 
0.769275 0.203003 0.875907 0.371267 0.888279 
0.496168 0.098361 0.151621 0.291314 0.106453 
0.195843 0.529498 0.278403 0.113463 0.965033 
0.048697 0.445398 0.811751 0.09767199999999999 0.577242 
0.542156 0.018341 0.252001 0.388966 0.347757 
0.028717 0.651644 0.187144 0.327395 0.53021 
0.108813 0.8207950000000001 0.097182 0.336616 0.49931 
0.905981 0.828725 0.375476 0.630643 0.217045 
0.876057 0.8938390000000001 0.75354 0.74756 0.237835 
0.840357 0.8786580000000001 0.602264 0.257402 0.149163 
0.215971 0.82935 0.881227 0.77517 0.28811 
0.109936 0.692143 0.851918 0.180969 0.547211 
0.180612 0.552392 0.052377 0.306798 0.348312 
0.118682 0.682863 0.873795 0.871615 0.240427 
0.207531 0.977839 0.542547 0.586159 0.579971 
0.874522 0.09937799999999999 0.249866 0.502457 0.787037 
0.712863 0.090695 0.304014 0.564523 0.940535 
0.094414 0.820621 0.181632 0.695936 0.6042380000000001 
0.265287 0.684007 0.108115 0.08588999999999999 0.548413 
0.934705 0.581713 0.8454390000000001 0.291355 0.807813 
0.547698 0.16011 0.967911 0.68491 0.28213 
0.661328 0.932697 0.836005 0.7366740000000001 0.285536 
0.817972 0.662583 0.03413 0.625783 0.539561 
0.696311 0.9006459999999999 0.160001 0.131509 0.263687 
0.922549 0.285011 0.171967 0.245508 0.254081 
0.960902 0.878714 0.540701 0.558965 0.516531 
0.124885 0.937802 0.645045 0.27889 0.309377 
0.864331 0.806186 0.562096 0.142909 0.869571 
0.056836 0.248572 0.752491 0.118444 0.686985 
0.506814 0.026286 0.793254 0.221137 0.648712 
0.296134 0.12257 0.037624 0.354396 0.341057 
0.862334 0.253343 0.939044 0.5190439999999999 0.580545 
0.221601 0.441365 0.022941 0.575731 0.318966 
0.5185419999999999 0.140964 0.184681 0.930965 0.735881 
0.337407 0.791553 0.633061 0.863098 0.090334 
0.244526 0.747431 0.075879 0.298051 0.334842 
0.684483 0.09822699999999999 0.907636 0.645159 0.192868 
0.767251 0.181072 0.272448 0.031206 0.486296 
0.939928 0.367592 0.122949 0.396714 0.569556 
0.533053 0.016156 0.5289 0.22792 0.653609 
0.235228 0.485329 0.917883 0.852151 0.101244 
0.701362 0.796506 0.873096 0.126356 0.667165 
0.039593 0.440091 0.6050720000000001 0.450103 0.8816929999999999 
0.055794 0.727186 0.819294 0.880511 0.741689 
0.529521 0.6553909999999999 0.15718 0.717798 0.035558 
0.220619 0.935897 0.61541 0.197856 0.371345 
0.848436 0.665084 0.074334 0.323951 0.644317 
0.030419 0.250951 0.729484 0.430288 0.849888 
0.374851 0.120314 0.122912 0.775879 0.202974 
0.385264 0.135791 0.235025 0.071505 0.7923829999999999 
0.870108 0.91018 0.387858 0.722899 0.771633 
0.268343 0.042231 0.776081 0.598014 0.820072 
0.946532 0.369003 0.835259 0.192617 0.307927 
0.423681 0.805682 0.101931 0.161606 0.117174 
0.696597 0.713793 0.715869 0.6042110000000001 0.966968 
0.959624 0.396598 0.62137 0.357601 0.205723 
0.056119 0.187034 0.474134 0.776591 0.164022 
0.922641 0.832605 0.585732 0.397524 0.189818 
0.102473 0.271093 0.262608 0.648425 0.083829 
0.279055 0.084843 0.9502660000000001 0.127062 0.52467 
0.755151 0.818783 0.290116 0.971592 0.5477649999999999 
0.363417 0.945688 0.172588 0.679052 0.830975 
0.920411 0.351183 0.33378 0.836894 0.670021 
0.43667 0.109887 0.87248 0.767828 0.87997 
0.813213 0.668793 0.409252 0.291309 0.022163 
0.495654 0.449785 0.529606 0.09639 0.02627 
0.203026 0.257756 0.099951 0.871949 0.846862 
0.216777 0.377687 0.78781 0.726897 0.952584 
0.816258 0.853436 0.700615 0.232992 0.892546 
0.789095 0.324428 0.659677 0.19307 0.930466 
0.191345 0.940452 0.172993 0.499162 0.411084 
0.081083 0.755262 0.682938 0.144336 0.84768 
0.221413 0.28769 0.21352 0.633126 0.955057 
0.339177 0.555392 0.472126 0.015512 0.715042 
0.017193 0.958264 0.539804 0.484164 0.348211 
0.375193 0.860807 0.591297 0.923208 0.360387 
0.031329 0.5387380000000001 0.567171 0.442899 0.7994329999999999 
0.920075 0.697852 0.801741 0.866038 0.499127 
0.10897 0.457663 0.9403010000000001 0.637375 0.360408 
0.541251 0.797289 0.037034 0.422937 0.307886 
0.644188 0.867884 0.518558 0.400487 0.977736 
0.602921  0.286 0.807165 0.023416 0.545777 
0.410969 0.147797 0.027759 0.5450390000000001 0.471448 
0.412342 0.228355 0.961865 0.06619700000000001 0.5679 
0.637584 0.868641 0.242215 0.907258 0.285452 
0.798448 0.519942 0.671976 0.907721 0.072047 
0.026199 0.325685 0.781255 0.561115 0.661452 
0.596048 0.7834100000000001 0.76676 0.938559 0.357034 
0.961218 0.190768 0.23595 0.604141 0.7897729999999999 
0.402232 0.31683 0.955213 0.270229 0.7447240000000001 
0.238262 0.476472 0.06897200000000001 0.207848 0.305765 
0.931467 0.165891 0.125938 0.6475610000000001 0.561265 
0.175468 0.09005299999999999 0.524834 0.884291 0.286329 
0.335994 0.05232 0.347167 0.842419 0.540129 
0.608878 0.407208 0.949474 0.811613 0.788048 
0.7236590000000001 0.538695 0.8503540000000001 0.896883 0.907973 
0.921722 0.389057 0.882985 0.327791 0.185347 
0.156972 0.23436 0.881433 0.246736 0.89941 
0.034485 0.581415 0.850204 0.377308 0.421685 
0.259265 0.471404 0.889711 0.379906 0.08659600000000001 
0.923987 0.451227 0.764969 0.82575 0.379534 
0.871673 0.202249 0.195639 0.109993 0.656469 
0.681883 0.402512 0.021143 0.346599 0.295321 
0.606864 0.570535 0.976998 0.405134 0.093338 
0.726854 0.2323 0.262764 0.281545 0.920347 
0.494814 0.346299 0.253096 0.792344 0.931988 
0.871568 0.448986 0.100339 0.405715 0.853916 
0.841471 0.609938 0.225206 0.033304 0.735653 
0.231138 0.740606 0.370498 0.959821 0.719314 
0.046094 0.693952 0.244668 0.133613 0.6321059999999999 
0.689952 0.025141 0.538844 0.34936 0.701864 
0.220982 0.042085 0.318484 0.75947 0.414823 
0.262394 0.050354 0.295721 0.187765 0.771231 
0.079295 0.714862 0.6930539999999999 0.166651 0.903261 
0.360034 0.091623 0.907493 0.241971 0.805027 
0.348691 0.454001 0.400307 0.963159 0.815137 
0.582201 0.04493 0.143548 0.613744 0.193479 
0.223469 0.842519 0.224974 0.139575 0.844522 
0.798073 0.214941 0.51447 0.704108 0.939268 
0.716316 0.118456 0.896583 0.864958 0.350817 
0.186355 0.061214 0.823964 0.368851 0.283792 
0.765476 0.356078 0.5971070000000001 0.578805 0.969458 
0.674427 0.102098 0.955299 0.714492 0.465072 
0.123619 0.6585299999999999 0.922107 0.856268 0.292688 
0.478216 0.378185 0.148337 0.100618 0.093624 
0.821165 0.318198 0.962117 0.302211 0.264195 
0.148777 0.498713 0.8709249999999999 0.629852 0.919699 
0.618794 0.066275 0.8767430000000001 0.414599 0.165349 
0.758569 0.268849 0.55239 0.020775 0.157209 
0.13504 0.61657 0.695682 0.331408 0.980936 
0.546486 0.792469 0.029612 0.681427 0.750107 
0.224663 0.908915 0.14227 0.138601 0.474317 
0.848488 0.535095 0.341015 0.433987 0.027582 
0.531232 0.414121 0.124264 0.501104 0.058423 
0.202268 0.516607 0.606223 0.786338 0.981044 
0.050841 0.482816 0.684102 0.698331 0.854449 
0.974078 0.335482 0.442305 0.811835 0.514918 
0.229146 0.259493 0.291275 0.458735 0.958747 
0.667034 0.847959 0.650201 0.935487 0.73636 
0.699935 0.8019770000000001 0.824553 0.260067 0.9496559999999999 
0.875402 0.885972 0.539139 0.305839 0.240784 
0.451708 0.863132 0.6582 0.363358 0.958399 
0.812151 0.823263 0.575483 0.147746 0.164354 
0.296251 0.092303 0.336607 0.346281 0.94761 
0.05203 0.470917 0.697365 0.621714 0.148324 
0.784426 0.848265 0.790373 0.797833 0.17745 
0.40571 0.763678 0.133261 0.724457 0.9522699999999999 
0.086106 0.191635 0.812492 0.550717 0.901913 
0.90728 0.649425 0.882598 0.8294550000000001 0.649861 
0.63461 0.891294 0.970051 0.642577 0.78442 
0.741177 0.9588179999999999 0.850209 0.467695 0.5516 
0.172826 0.684956 0.053223 0.519328 0.340825 
0.088488 0.224751 0.381815 0.159386 0.793423 
0.190976 0.73447 0.231583 0.214085 0.119774 
0.501687 0.850494 0.258748 0.776292 0.144009 
0.09801 0.261793 0.950393 0.253971 0.497051 
0.583826 0.366104 0.118168 0.055864 0.901463 
0.880565 0.658658 0.066133 0.501792 0.615098 
0.049299 0.562335 0.158963 0.69633 0.219226 
0.980203  0.268 0.273492 0.587819 0.471077 
0.720149 0.540135 0.047468 0.801072 0.618027 
0.179234 0.387106 0.09017699999999999 0.602422 0.905532 
0.40347 0.121338 0.332847 0.162797 0.127111 
0.675804 0.236055 0.371734 0.7307630000000001 0.931375 
0.6168169999999999 0.851531 0.6861390000000001 0.940653 0.5620230000000001 
0.913876 0.521544 0.590648 0.025435 0.488052 
0.370945 0.466624 0.556492 0.961156 0.149297 
0.816233 0.423518 0.06683699999999999 0.321433 0.323499 
0.212323 0.506256 0.645271 0.07579900000000001 0.94653 
0.337283 0.712603 0.7242459999999999 0.398942 0.021191 
0.152183 0.74293 0.426295 0.74785 0.113374 
0.564598 0.197168 0.809606 0.053689 0.344687 
0.352674 0.383828 0.99231 0.759298 0.524725 
0.742766 0.660237 0.6104619999999999 0.035561 0.672937 
0.140513 0.600099 0.8712490000000001 0.08451 0.364986 
0.316091 0.542091 0.919816 0.344982 0.114732 
0.75614 0.440317 0.403045 0.976395 0.276842 
0.435461 0.80049 0.838399 0.9791530000000001 0.622229 
0.364758 0.495078 0.76855 0.022598 0.801624 
0.808554 0.370547 0.788485 0.07186099999999999 0.7625960000000001 
0.954179 0.881696 0.665481 0.739982 0.874272 
0.896782 0.219927 0.31215 0.297847 0.906516 
0.733113 0.432532 0.56268 0.96645 0.128182 
0.211433 0.551833 0.65967 0.07188700000000001 0.199355 
0.551984 0.192306 0.09474299999999999 0.348433 0.110625 
0.268635 0.944316 0.127374 0.769597 0.623453 
0.369522 0.550156 0.465848 0.502351 0.008205 
0.386099 0.170279 0.874395 0.959031 0.427103 
0.314548 0.607608 0.073574 0.565059 0.954423 
0.158859 0.939107 0.565806 0.496634 0.922234 
0.729005 0.384248 0.059107 0.410489 0.08358500000000001 
0.222944 0.024307 0.521402 0.199293 0.52273 
0.510862 0.060319 0.7887110000000001 0.860974 0.388112 
0.622822 0.7773600000000001 0.096909 0.756421 0.165706 
0.593263 0.975437 0.16882 0.360759 0.272075 
0.771003 0.251089 0.058095 0.394545 0.123822 
0.809599 0.92662 0.697159 0.152582 0.445276 
0.03488 0.226347   0.22 0.542486 0.564294 
0.056066 0.309048 0.170447 0.704731 0.416272 
0.420534 0.9147110000000001 0.547384 0.880762 0.969079 
0.794401 0.498651 0.820039 0.393349 0.015062 
0.139875 0.883992 0.254052 0.853596 0.386202 
0.415775 0.93767 0.413372 0.541677 0.962964 
0.378059 0.033472 0.564893 0.156645 0.727499 
0.0791 0.429486 0.365734 0.897684 0.374932 
0.553999 0.060904 0.609857 0.869021 0.639223 
0.84089 0.838755 0.954398 0.56657 0.339197 
0.488068 0.952195 0.54512 0.826129 0.757986 
0.781718 0.328395 0.339294 0.521986 0.024455 
0.785972 0.831435 0.933194 0.198465 0.60023 
0.372217 0.846778 0.801519 0.136382 0.166187 
0.845464 0.708673 0.665753 0.303506 0.032388 
0.120409 0.715108 0.823499 0.549721 0.168103 
0.30257 0.291892 0.828228 0.030383 0.64944 
0.342048 0.799543 0.911879 0.947962 0.392458 
0.047467 0.776176 0.196323 0.598704 0.421036 
0.357595 0.09325 0.256608 0.806495 0.758148 
0.822188 0.516692 0.040788 0.531367 0.680997 
0.543828 0.109958 0.069562 0.130213 0.492027 
0.455779 0.281072 0.976778 0.7110649999999999 0.862721 
0.355046 0.257449 0.953049 0.887106 0.585195 
0.308872 0.208847 0.095707 0.539485 0.119055 
0.591711 0.880044 0.905655 0.335412 0.265054 
0.960519 0.449171 0.222372 0.407859 0.884203 
0.268964 0.481457 0.849409 0.02384 0.674488 
0.124456 0.736564 0.43773 0.931806 0.856741 
0.370243 0.681568 0.113577 0.88852 0.359545 
0.874569 0.884504 0.857697 0.317168 0.650971 
0.868617 0.852031 0.09082999999999999 0.582114 0.583896 
0.546159 0.292457 0.322843 0.018834 0.5352980000000001 
0.574878 0.970421 0.871568 0.446927 0.505901 
0.848651 0.275584 0.744449 0.949213 0.416426 
0.075964 0.720423 0.143997 0.151344 0.631853 
0.598298 0.594016 0.629619 0.014646 0.16003 
0.796674 0.700505 0.388465 0.935098 0.196803 
0.511803 0.8813879999999999 0.479744 0.064634 0.298997 
0.9047539999999999 0.206852 0.563667 0.543874 0.894137 
0.082251 0.390002 0.7650670000000001 0.487421 0.088099 
0.673027 0.560418 0.946254 0.683356 0.161497 
0.802823 0.040018 0.57925 0.454652 0.335772 
0.321482 0.152022 0.029724 0.563591 0.272778 
0.926832 0.267815 0.163818 0.283843 0.541593 
0.584398 0.973255 0.488474 0.79065 0.449803 
0.431396 0.47379 0.987355 0.478292 0.661146 
0.115591 0.737309 0.9525169999999999 0.958087 0.569619 
0.020909 0.411689 0.252349 0.237799 0.693743 
0.700246 0.028841 0.730978 0.541311 0.816212 
0.858222 0.138465 0.180432 0.517396 0.881976 
0.658539 0.06395199999999999 0.84714 0.883547 0.782303 
0.174171 0.296761 0.663046 0.815318 0.046275 
0.800749 0.181463 0.849314 0.416859 0.151987 
0.636683 0.738617 0.943261 0.386732 0.805266 
0.52905 0.7412570000000001 0.30428 0.03752 0.601055 
0.93038 0.891984 0.571336 0.446688 0.488485 
0.593637 0.252749 0.945632 0.232742 0.7006869999999999 
0.776387 0.729537 0.333161 0.443741 0.959651 
0.86258 0.381276 0.098485 0.234578 0.547477 
0.440534 0.055643 0.188273 0.303132 0.735964 
0.559412 0.03743 0.081299 0.396527 0.428099 
0.054119 0.5734590000000001 0.117847 0.655426 0.749972 
0.784486 0.849477 0.156535 0.875491 0.371527 
0.252857 0.774466 0.456924 0.529957 0.982876 
0.07986799999999999 0.337376 0.272039 0.154684 0.781811 
0.894577 0.155307 0.236643 0.254255 0.258145 
0.639422 0.77005 0.230324 0.048859 0.165484 
0.5079050000000001 0.35209 0.5749300000000001 0.840901 0.030517 
0.893283 0.408174 0.184729 0.745471 0.136569 
0.470027 0.7361180000000001 0.935161 0.256571 0.193541 
0.872028 0.178323 0.082985 0.7331260000000001 0.641504 
0.073668 0.136344 0.533073 0.356869 0.894969 
0.954871 0.524539 0.935248 0.708308 0.532477 
0.198882 0.618057 0.680341 0.488605 0.987746 
0.243043 0.822981 0.838886 0.162984 0.267308 
0.5000830000000001 0.901894 0.140532 0.925536 0.475556 
0.438943 0.32244 0.253063 0.222053 0.036442 
0.71807 0.598558 0.964676 0.302021 0.073642 
0.817214 0.909718 0.628333 0.399005 0.07449500000000001 
0.033863 0.129612 0.39565 0.69373 0.516506 
0.924391 0.23643 0.686542 0.705117 0.908457 
0.438212 0.023011 0.752097 0.500826 0.384069 
0.690178 0.814669 0.135863 0.446367 0.09574100000000001 
0.08767900000000001 0.62897 0.09315900000000001 0.728196 0.791848 
0.253711 0.120225 0.617204 0.352356 0.050642 
0.145034 0.579752 0.896127 0.204837 0.68837 
0.916475 0.198946 0.678718 0.207541 0.14429 
0.088225 0.800152 0.150977 0.468509 0.23459 
0.745323 0.6455689999999999 0.075002 0.5502359999999999 0.815309 
0.832308 0.599278 0.06887600000000001 0.592861 0.220106 
0.673117 0.07313799999999999 0.227635 0.858056 0.352246 
0.165951 0.14213 0.777049 0.867509 0.231753 
0.434112 0.113223 0.941223 0.136646 0.6122069999999999 
0.936941 0.164423 0.459445 0.896066 0.177618 
0.336392 0.744336 0.048297 0.7292149999999999 0.9219309999999999 
0.821597 0.585812 0.741414 0.938033 0.528599 
0.170896 0.248725 0.321019 0.373597 0.042071 
0.07512000000000001 0.534635 0.616106 0.90173 0.372784 
0.075335 0.159293 0.23808 0.417019 0.842982 
0.6695410000000001 0.972492 0.668036 0.68759 0.326673 
0.545253 0.060879 0.18955 0.763647  0.611 
0.081168 0.194249 0.746817 0.761296 0.095536 
0.150406 0.872574 0.357935 0.807001 0.260371 
0.506123 0.405897 0.905402 0.08448 0.857735 
0.9574279999999999 0.494343 0.428815 0.102024 0.712988 
0.553627 0.8115790000000001 0.212176 0.04167 0.343483 
0.963486 0.317568 0.356988 0.89085 0.516749 
0.589692 0.95379 0.351655 0.270415 0.860934 
0.924254 0.930422 0.603416 0.619354 0.481686 
0.690835 0.857394 0.219572 0.354193 0.92048 
0.280676 0.321069 0.213734 0.229014 0.044121 
0.214977 0.113164 0.950287 0.4796 0.644337 
0.430751 0.6302140000000001 0.014203 0.703495 0.647663 
0.586364 0.016561 0.343829 0.730013 0.32199 
0.183762 0.493796 0.236432 0.708338 0.037857 
0.353066 0.973505 0.705322 0.350901 0.597402 
0.0234 0.289597 0.251404 0.354989 0.301098 
0.680427 0.940725 0.772034 0.575759 0.788986 
0.309944 0.22907 0.984444 0.549444 0.506459 
0.055205 0.827017 0.6742 0.282462 0.332409 
0.235859 0.08307 0.157572 0.308173 0.455433 
0.699697 0.801481 0.494917 0.065995 0.182823 
0.357644 0.929631 0.305413 0.08046200000000001 0.321796 
0.8355359999999999 0.857931 0.246515 0.170575 0.854705 
0.259615 0.343247 0.956795 0.8513579999999999 0.769173 
0.772768 0.91954 0.714597 0.229293 0.7207209999999999 
0.163352 0.464854 0.793585 0.775089 0.913916 
0.07101200000000001 0.497129 0.240067 0.814297 0.889418 
0.429928 0.795784 0.743773 0.599216 0.027616 
0.679067 0.073154 0.507294 0.09784 0.397224 
0.973866 0.758307 0.860091 0.554036 0.6750699999999999 
0.389165 0.7039069999999999 0.567269 0.097636 0.965518 
0.618978 0.16745 0.330681 0.756703 0.904174 
0.709106 0.9394 0.498438 0.239913 0.22139 
0.794659 0.83377 0.179345 0.248577 0.826936 
0.41573 0.179631 0.057826 0.876985 0.487136 
0.300325 0.569528 0.05393 0.404303 0.126681 
0.819329 0.464992 0.115246 0.93379 0.210324 
0.424107 0.9653310000000001 0.31744 0.222009 0.303009 
0.674091 0.452281 0.483728 0.010426 0.228088 
0.852764 0.406585 0.470905 0.497824 0.934268 
0.931214 0.918458 0.516011 0.594363 0.465469 
0.37524 0.654088 0.261503 0.078666 0.137759 
0.675924 0.250468 0.6199480000000001 0.473432 0.97153 
0.74527 0.748972 0.974454 0.6489200000000001 0.397546 
0.708612 0.643057 0.866116 0.81812 0.149044 
0.299656 0.314864 0.926918 0.704353 0.056369 
0.638245 0.9785 0.657071 0.397537 0.411023 
0.055953 0.40962 0.475416 0.315456 0.863855 
0.860326 0.5058820000000001 0.365815 0.257633 0.038689 
0.398146 0.636644 0.06843 0.099387 0.391782 
0.677169 0.178344 0.427737 0.972693 0.055946 
0.080345 0.35841 0.799586 0.648058 0.918466 
0.214093 0.26482 0.827866 0.950226 0.441049 
0.124005 0.147272 0.192265 0.406031 0.154614 
0.207233 0.965104 0.510006 0.666531 0.381025 
0.917784 0.192248 0.120219 0.526129 0.647116 
0.071508 0.833448 0.76741 0.868076 0.746638 
0.223097 0.598736 0.956047 0.280792 0.273075 
0.182247 0.032692 0.453306 0.716328 0.330778 
0.502704 0.938339 0.65617 0.257403 0.165246 
0.293351 0.353463 0.65634 0.112626 0.912654 
0.08747199999999999 0.147315 0.92965 0.633354 0.776861 
0.917743 0.50129 0.175055 0.154654 0.261569 
0.266805 0.190004 0.391993 0.230028 0.07264900000000001 
0.200026 0.829782 0.145021 0.364026 0.188535 
0.086503 0.863185 0.542306 0.529596 0.913621 
0.224304 0.874237 0.299967 0.542817 0.117095 
0.465822 0.062704 0.872956 0.766667 0.366351 
0.843942 0.124976 0.474713 0.50973 0.029642 
0.871053 0.795275 0.189536 0.5337 0.899247 
0.649109 0.578277 0.093541 0.142743 0.083775 
0.417384 0.9785970000000001 0.282874 0.26842 0.327023 
0.282458 0.278916 0.7430290000000001 0.08176 0.146949 
0.70137 0.918018 0.128795 0.654589 0.669113 
0.649327 0.245924 0.252585 0.198067 0.919148 
0.118251 0.446085 0.353384 0.320763 0.057542 
0.108817 0.878937 0.29141 0.728554 0.81114 
0.833788 0.47652 0.86993 0.916625 0.710044 
0.463134 0.891781 0.165699 0.9097150000000001 0.588137 
0.114688 0.567951 0.54464 0.765212 0.91387 
0.749983 0.961315 0.814262 0.303184 0.616571 
0.434167 0.046494 0.427846 0.8045020000000001 0.264488 
0.250764 0.596244 0.06603199999999999 0.792779 0.234452 
0.062157 0.673779 0.198181 0.8258 0.222661 
0.036616 0.412678 0.885677 0.578176 0.395767 
0.596495 0.297734 0.011752 0.520953 0.649547 
0.937709 0.074168 0.540205 0.231528 0.284578 
0.845966 0.145898 0.109798 0.376704 0.265758 
0.621876 0.8774960000000001 0.083425 0.118377 0.565294 
0.938499 0.358858 0.33332 0.106765 0.402058 
0.827469 0.267305 0.586829 0.8379760000000001 0.868552 
0.102061 0.336453 0.758508 0.241036 0.08928700000000001 
0.318813 0.289575 0.884387 0.890414 0.189514 
0.163552 0.819556 0.282632  0.196 0.165114 
0.606718 0.111043 0.306309 0.143397 0.07883 
0.893126 0.775282 0.162807 0.292216 0.269738 
0.492186 0.16225 0.934774 0.744101 0.100809 
0.132684 0.023109 0.393146 0.60732 0.219238 
0.919146 0.090475 0.618475 0.710095 0.571444 
0.586053 0.784915 0.067815 0.773917 0.220204 
0.850943 0.805411 0.535425 0.887594 0.790596 
0.882458 0.472192 0.125761 0.665668 0.874756 
0.871946  0.801 0.405339 0.5304990000000001 0.098037 
0.792799 0.578828 0.36627 0.903362 0.803144 
0.795848 0.815086 0.149346 0.062145 0.471146 
0.541197 0.889915 0.808952 0.053093 0.328891 
0.842401 0.230103 0.341218 0.848343 0.097651 
0.821927 0.120252 0.082912 0.50844 0.34534 
0.630726 0.615453 0.916505 0.697204 0.900462 
0.064773 0.646289 0.181628 0.61779 0.199424 
0.738796 0.945253 0.862281 0.361121 0.36812 
0.764782 0.6863899999999999 0.152727 0.884223 0.1413 
0.884171 0.26326 0.606986 0.610165 0.039966 
0.708152 0.904218 0.196596 0.185849 0.560196 
0.869313 0.541849 0.850401 0.693584 0.060193 
0.438368 0.6527579999999999 0.895829 0.200742 0.873547 
0.784836 0.731228 0.750458 0.94328 0.705171 
0.81479 0.171768 0.897348 0.730625 0.610755 
0.02663 0.57176 0.568559 0.771091 0.7206939999999999 
0.406865 0.183788 0.923088 0.347187 0.171471 
0.914894 0.6177859999999999 0.128118 0.271056 0.640881 
0.129995 0.830671 0.08851000000000001 0.591338 0.611811 
0.039728 0.706239 0.766243 0.237961 0.403341 
0.561565 0.228666 0.197338 0.664188 0.014998 
0.167705 0.617849 0.183981 0.165592 0.110504 
0.687403 0.183955 0.737286 0.57351 0.977621 
0.441937 0.638614 0.190689 0.907948 0.8776350000000001 
0.727295 0.641132 0.50991 0.059801 0.067733 
0.382881 0.088353 0.95155 0.705097 0.571133 
0.325125 0.377286 0.043327 0.196435 0.487708 
0.634895 0.688584 0.03036 0.258896 0.262534 
0.776092 0.772706 0.875041 0.812929 0.898598 
0.69489 0.014865 0.829024 0.401172 0.489761 
0.386306 0.64928 0.446594 0.9036689999999999 0.959696 
0.803528 0.900106 0.07494000000000001 0.515512 0.204339 
0.128091 0.8214630000000001 0.321103 0.783196 0.181555 
0.713508 0.935248 0.71939 0.789985 0.285284 
0.583377 0.820248 0.907428 0.139627 0.7075669999999999 
0.548335 0.867976 0.075817 0.26342 0.302325 
0.69424 0.083814 0.658013 0.225688 0.143755 
0.16095 0.084615 0.128744 0.803565 0.513106 
0.257745 0.913347 0.616466 0.949165 0.621682 
0.849509 0.6954900000000001 0.093733 0.376435 0.735542 
0.592055 0.659982 0.324492 0.733565 0.019132 
0.559146 0.563994 0.054663 0.72844 0.892443 
0.292722 0.786941 0.120888 0.766235 0.113842 
0.247964 0.531511 0.107876 0.071174 0.214616 
0.535316 0.048624 0.224978 0.203681 0.270545 
0.102026 0.745726 0.417797 0.906922 0.635979 
0.642749 0.687314 0.685253 0.040084 0.687941 
0.178988 0.258031 0.7262189999999999 0.568512 0.975681 
0.272209 0.017696 0.409318 0.411121 0.711966 
0.036034 0.6207009999999999 0.118966 0.468101 0.36591 
0.630018 0.71376 0.165933 0.8384509999999999 0.847794 
0.5430160000000001 0.462836 0.893016 0.92811 0.745587 
0.351299 0.290568 0.572374 0.890703 0.039108 
0.724788 0.504406 0.5562009999999999 0.07460600000000001 0.900514 
0.983081 0.634868 0.225764 0.41172 0.782563 
0.44227 0.225515 0.229982 0.300829 0.026209 
0.627687 0.537288 0.196749 0.765929 0.965124 
0.263207 0.719397 0.9096109999999999 0.840376 0.19669 
0.771823 0.035274 0.855924 0.512656 0.210022 
0.17503 0.725776 0.122316 0.767135 0.234145 
0.124334 0.677642 0.134114 0.061669 0.473285 
0.152984 0.19955 0.84154 0.760805 0.856952 
0.748131 0.842262 0.891803 0.533179 0.13502 
0.131734 0.055023 0.7647620000000001 0.357682 0.565625 
0.836739 0.073631 0.510195 0.852333 0.153067 
0.032037  0.453 0.56743 0.803799 0.444213 
0.298023 0.871982 0.408154 0.843867 0.880184 
0.9547330000000001 0.201297 0.205913 0.779625 0.158116 
0.446484 0.054415 0.553424 0.401669 0.855571 
0.580816 0.774254 0.893492 0.928099 0.568022 
0.750339 0.950702 0.447386 0.21097 0.76548 
0.762415 0.910911 0.675852 0.047156 0.553484 
0.109352 0.872335 0.336832 0.138368 0.557485 
0.087953 0.219566 0.240484 0.807956 0.319979 
0.312233 0.693695 0.934107 0.539886 0.866379 
0.236975 0.831145 0.060606 0.613096 0.305106 
0.910057 0.328975 0.076973 0.679523 0.744804 
0.181579 0.7999579999999999 0.895176 0.222491 0.398136 
0.506691 0.94851 0.615107 0.097779 0.377088 
0.89632 0.457922 0.290776 0.073821 0.713278 
0.900465 0.122015 0.713672 0.6789539999999999 0.184855 
0.853182 0.42701 0.760701 0.09515 0.192906 
0.022117 0.719012 0.428916 0.791064 0.409199 
0.332823 0.757868 0.49349 0.084795 0.143133 
0.63497 0.947792 0.539708  0.866 0.85821 
0.335612 0.633821 0.6286580000000001 0.850423 0.063137 
0.131551 0.973366 0.366067 0.495252 0.70023 
0.839526 0.920227 0.24712 0.342398 0.676426 
0.165725 0.332613 0.232519 0.95451 0.445438 
0.188683 0.188474 0.683536 0.195108 0.174432 
0.844418 0.141471 0.710344 0.752017 0.14922 
0.939595 0.765313 0.6119019999999999 0.239375 0.173473 
0.194963 0.738858 0.984094 0.662128 0.389168 
0.156986 0.457075 0.05227 0.50739 0.706214 
0.333452 0.329814 0.184629 0.065674 0.786487 
0.479706 0.425235 0.924781 0.793057 0.915474 
0.677107 0.129587 0.969512 0.592703 0.562318 
0.42821 0.92952 0.44748 0.798783 0.151939 
0.09141000000000001 0.321678 0.44204 0.358952 0.906514 
0.279195 0.433904 0.622764 0.797702 0.985816 
0.226413 0.331579 0.854536 0.188205 0.163824 
0.370487 0.777569 0.598842 0.734339 0.033938 
0.054834 0.599027 0.848529 0.235218 0.316929 
0.923769 0.793354 0.896622 0.521473 0.398176 
0.511915 0.757517 0.58678 0.016865 0.449971 
0.091513 0.060721 0.533178 0.12836 0.341778 
0.25909 0.527163 0.031501 0.435723 0.200217 
0.129999 0.887185 0.922878 0.817369 0.524414 
0.824899 0.069886 0.579769 0.174675 0.766254 
0.707525 0.372461 0.951998 0.238299 0.08527 
0.130436 0.234651 0.782227 0.894294 0.396115 
0.838323 0.696724 0.840264 0.322134 0.103883 
0.174104 0.161687 0.474556 0.864229 0.100342 
0.699358 0.103344 0.909041 0.25467 0.239924 
0.045582 0.101905 0.720097 0.675932 0.381826 
0.017699 0.467992 0.549919 0.485067 0.5164029999999999 
0.312367  0.951 0.457577 0.49373 0.113379 
0.839183 0.148671 0.705254 0.197545 0.136639 
0.060585 0.253874 0.852168 0.381374 0.746569 
0.300886 0.985386 0.377618 0.633804 0.348497 
0.192221 0.6594179999999999 0.844239 0.116955 0.669041 
0.571287 0.616623 0.590675 0.466709 0.983161 
0.167473 0.710988 0.572442 0.033595 0.633848 
0.908007 0.8679519999999999 0.677447 0.858466 0.23582 
0.377687 0.7821669999999999 0.888151 0.161147 0.393275 
0.186556 0.445735 0.471985 0.6460399999999999 0.991992 
0.204665 0.797497 0.53038 0.103902 0.27708 
0.882473 0.720906 0.26513 0.047202 0.317298 
0.829973 0.356517 0.974626 0.54326 0.570819 
0.343402 0.550571 0.447415 0.707028 0.025106 
0.500001 0.510953 0.587135 0.969648 0.88086 
0.607749 0.433381 0.83894 0.071171 0.17532 
0.816237 0.494002 0.696157 0.302965 0.926587 
0.79147 0.23092 0.079126 0.863231 0.321491 
0.300245 0.223893 0.972788 0.647626 0.657598 
0.976583 0.434438 0.594648 0.245745 0.2366 
0.113369 0.39252 0.08727 0.755171 0.163824 
0.883135  0.857 0.594653 0.326521 0.8381110000000001 
0.135483 0.06898799999999999 0.47677 0.07570399999999999 0.350906 
0.7612370000000001 0.112818 0.137009 0.709786 0.367512 
0.765911 0.665014 0.895925 0.810728 0.906559 
0.189035 0.10434 0.650678 0.946496 0.764001 
0.044076 0.782427 0.244786 0.117832 0.407534 
0.971485 0.750439 0.631673 0.528136 0.388887 
0.864233 0.16192 0.393571 0.753953 0.687405 
0.968665 0.352249 0.242978 0.730568 0.66288 
0.016506 0.423244 0.466144 0.490362 0.512873 
0.303353 0.455642 0.967902 0.536577 0.246431 
0.375123 0.687486 0.577636 0.32891 0.99126 
0.844377 0.446294 0.866312 0.109273 0.551252 
0.711898 0.875162 0.845382 0.341414 0.145702 
0.536386 0.031249 0.206181 0.285673 0.302715 
0.367224 0.9379960000000001 0.89734 0.59598 0.634647 
0.098816 0.79317 0.81459 0.808965 0.26669 
0.258205 0.65667 0.657139 0.543287 0.017056 
0.745629 0.793293 0.871313 0.150462 0.811731 
0.23628 0.161771 0.877738 0.142728 0.822953 
0.97219 0.605315 0.523196 0.355852 0.796466 
0.353778 0.945549 0.849072 0.345895 0.456106 
0.86053 0.927101 0.794524 0.568177 0.357358 
0.108697 0.8694460000000001 0.780464 0.261633 0.261918 
0.050677 0.734797 0.741316 0.290786 0.244178 
0.107941 0.161316 0.244664 0.074876 0.441006 
0.850142 0.343281 0.517578 0.928492 0.157324 
0.359049 0.529406 0.71946 0.969905 0.1853 
0.338925 0.315746 0.742297 0.78961 0.976127 
0.928294 0.838357 0.26203 0.94624 0.450161 
0.061647 0.1059 0.8623 0.677354 0.283988 
0.149887 0.152082 0.035185 0.354771 0.644126 
0.353533 0.827862 0.872596 0.717728 0.862197 
0.392216 0.972128 0.5506720000000001 0.148555 0.760659 
0.415849 0.165917 0.55923 0.974126 0.138718 
0.3913 0.57089 0.941208 0.881193 0.218802 
0.391059 0.525745 0.18849 0.958758 0.852966 
0.9148770000000001 0.330057 0.272874 0.196991 0.827431 
0.249126 0.067694 0.734639 0.076437 0.673923 
0.63197 0.526392 0.07652 0.066548 0.465993 
0.309049 0.18833 0.268577 0.974434 0.306978 
0.380044 0.405854 0.189625 0.03299 0.461783 
0.192313 0.201111 0.078511 0.542559 0.782578 
0.634593 0.611814 0.755636 0.976521 0.388209 
0.506652 0.307703 0.564089 0.645209 0.021587 
0.842825 0.359511 0.294713 0.24978 0.059376 
0.700784 0.07214 0.461337 0.6906600000000001 0.915798 
0.821134 0.804609 0.057846 0.214153 0.266587 
0.296361 0.944562 0.253389 0.70228 0.215682 
0.967171 0.241116 0.435125 0.141751 0.413749 
0.296317 0.191822 0.948925 0.582391 0.245994 
0.08770500000000001 0.060594 0.402175 0.361715 0.346624 
0.662884 0.08588700000000001 0.505736 0.907326 0.423781 
0.718576 0.09958400000000001 0.70477 0.06980600000000001 0.222888 
0.073731 0.204729 0.88807 0.795007 0.683128 
0.338363 0.865937 0.807684 0.744221 0.130038 
0.789494 0.024137 0.662453 0.839898 0.165348 
0.120631 0.438785 0.661569 0.9835469999999999 0.47977 
0.554422 0.177453 0.446767 0.810914 0.038782 
0.36267 0.398711 0.131383 0.161485 0.07493 
0.110805 0.292517 0.331059 0.111316 0.879719 
0.433739 0.849302 0.225567 0.105369 0.93397 
0.237102 0.976823 0.460604 0.368229 0.825274 
0.302076 0.986267 0.19209 0.460678 0.618038 
0.296281 0.593621 0.989626 0.645194 0.78181 
0.375851 0.923866 0.41018 0.893661 0.758169 
0.887946 0.700264 0.331056 0.062667 0.240828 
0.932798 0.531244 0.6108130000000001 0.931955 0.374062 
0.098597 0.118385 0.693083 0.641586 0.142397 
0.488392 0.412191 0.699178 0.078711 0.894671 
0.264275 0.675499 0.109251 0.17593 0.863563 
0.906756 0.84814 0.695262 0.263485 0.388304 
0.224044 0.5069900000000001 0.978041 0.927741 0.5464290000000001 
0.30361 0.778482 0.944419 0.847054 0.436248 
0.535008 0.881373 0.241885 0.368176 0.942044 
0.606239 0.054062 0.625701 0.154778 0.362119 
0.935373 0.812545 0.439887 0.1731 0.288473 
0.470107 0.088796 0.400313 0.058038 0.447743 
0.208363 0.961761 0.316267 0.507698 0.876188 
0.091695 0.115971 0.123376 0.578433 0.721628 
0.400464 0.595363 0.261734 0.9650300000000001 0.251831 
0.6753749999999999 0.027773 0.780409 0.338888 0.69362 
0.096126 0.593423 0.65366 0.057612 0.28004 
0.64047 0.383482 0.179447 0.960986 0.294981 
0.838951 0.241739 0.909875 0.2651 0.532133 
0.057368 0.188743 0.209416 0.656462 0.153783 
0.247718 0.399955 0.04644 0.5103760000000001 0.892674 
0.281423 0.881453 0.579169 0.098499 0.467843 
0.031252 0.257162 0.122825 0.315784 0.38168 
0.040305 0.412518 0.194173 0.469757 0.214253 
0.873598 0.569232 0.081493 0.659833 0.818856 
0.253425 0.316744 0.510505 0.052227 0.780273 
0.092145 0.677206 0.80587 0.259128 0.163032 
0.751977 0.470235 0.247246 0.46998 0.9610570000000001 
0.433135 0.691716 0.671083 0.892668 0.06320099999999999 
0.237365 0.387162 0.029592 0.346208 0.723566 
0.274054 0.029199 0.739493 0.652789 0.423405 
0.137852 0.885657 0.237024 0.663582 0.814367 
0.061981 0.709087 0.63173 0.48491 0.883487 
0.07587000000000001 0.147534 0.6001 0.882926 0.33889 
0.299253 0.544038 0.640261 0.871962 0.06773800000000001 
0.717723 0.774683 0.092696 0.93559 0.457723 
0.953941 0.885544 0.339317 0.906864 0.658262 
0.115993 0.48857 0.394703 0.777172 0.93292 
0.819596 0.9549879999999999 0.475841 0.462739 0.249659 
0.174322 0.828952 0.188249 0.894893 0.461859 
0.460826 0.108889 0.100344 0.473241 0.761952 
0.126679 0.08716 0.904016 0.79387 0.580933 
0.745028 0.6870000000000001 0.415492 0.175042 0.933926 
0.1275 0.890371 0.470208 0.788519 0.645604 
0.849413 0.079446 0.250473 0.7002699999999999 0.445752 
0.129334 0.717485 0.7700939999999999 0.968796 0.559934 
0.95262 0.68629 0.480921 0.834222 0.777215 
0.898305 0.806426 0.5937170000000001 0.598328 0.106009 
0.101539 0.564361 0.207121 0.082917 0.592722 
0.87578 0.234848 0.097485 0.432889 0.566202 
0.156819 0.659179 0.81916 0.627127 0.118652 
0.392706 0.217176 0.08433 0.333066 0.84004 
0.482932 0.632703 0.845285 0.711964 0.97821 
0.781243 0.355524 0.295295 0.023765 0.420712 
0.603728 0.857832 0.590189 0.302319 0.077948 
0.063987 0.437491 0.9104449999999999 0.8473619999999999 0.612272 
0.14391 0.693682 0.718812 0.066872 0.919571 
0.145229 0.8621 0.318323 0.054544 0.719098 
0.512366 0.34123 0.045802 0.796045 0.134554 
0.053034 0.348983 0.355915 0.857768 0.511425 
0.310062 0.220326 0.012343 0.455965 0.400874 
0.704796 0.512817 0.919386 0.112994 0.095447 
0.177544 0.979749 0.643629 0.475661 0.43899 
0.032858 0.247852 0.651265 0.811963 0.670543 
0.813672 0.38899 0.755761 0.071703 0.106397 
0.768131 0.984195 0.369529 0.67303 0.6091220000000001 
0.5059090000000001 0.815276 0.341268 0.6967370000000001 0.056961 
0.340412 0.304044 0.064566 0.152895 0.711437 
0.369232 0.689088 0.504103 0.458261 0.990165 
0.395196 0.06597799999999999 0.894351 0.354062 0.727555 
0.061869 0.829859 0.43573 0.312971 0.10706 
0.382951 0.254733 0.291193 0.077475 0.117594 
0.578922 0.938165 0.741959 0.109685 0.478684 
0.885541 0.279813 0.82506 0.790998 0.295639 
0.035247 0.398261 0.577419 0.677596 0.351579 
0.825946 0.681737 0.958259 0.454528 0.248425 
0.27262 0.923355 0.828989 0.812002 0.32507 
0.450432 0.417691 0.124944 0.928535 0.882109 
0.344505 0.100295 0.656747 0.950666 0.845835 
0.841886 0.585526 0.935013 0.7677389999999999 0.387685 
0.824028 0.43798 0.134879 0.910486 0.532365 
0.45718 0.818071 0.326227 0.890218 0.893517 
0.705803 0.430508 0.553756 0.978795 0.604166 
0.222649 0.068814 0.556243 0.776991 0.890849 
0.799033 0.343499 0.193662 0.885271 0.755186 
0.8985379999999999 0.730653 0.087607 0.418536 0.327307 
0.743179 0.602681 0.257737 0.781457 0.941661 
0.088265 0.467796 0.24507 0.89173 0.301394 
0.984814 0.7649899999999999 0.187046 0.689986 0.588788 
0.424699 0.9175140000000001 0.662675 0.573029 0.901066 
0.517389 0.748591 0.564775 0.173498 0.9727479999999999 
0.9125220000000001 0.756397 0.760942 0.154367 0.450566 
0.057682 0.465704 0.089223 0.567373 0.8398330000000001 
0.653662 0.089755 0.505736 0.911529 0.059574 
0.966336 0.210721 0.590018 0.43581 0.653049 
0.142367 0.756813 0.753545 0.827326 0.870972 
0.239137 0.171224 0.7623 0.982775 0.500214 
0.09755900000000001 0.672382 0.731861 0.394116 0.915172 
0.297618 0.069302 0.7627 0.697816 0.185516 
0.041632 0.716199 0.161277 0.584213 0.8640099999999999 
0.520134 0.89025 0.430046 0.780982 0.961425 
0.667218 0.926829 0.221444 0.802423 0.322309 
0.612708 0.78592 0.9579029999999999 0.474509 0.06603299999999999 
0.613572 0.305283 0.8893990000000001 0.134165 0.911026 
0.609788 0.7056 0.020864 0.669436 0.208522 
0.787886 0.9972490000000001 0.771742 0.669103 0.619626 
0.843012 0.502972 0.447321 0.12744 0.884863 
0.91306 0.796659 0.45464 0.128851 0.593902 
0.885483 0.313781 0.721257 0.159263 0.7339059999999999 
0.585305 0.221487 0.534181 0.973962 0.381582 
0.52407 0.051222 0.88128 0.665874 0.340703 
0.100609 0.927345 0.890251 0.44962 0.7569900000000001 
0.162965 0.959873 0.582516 0.344282 0.352967 
0.305963 0.320493 0.517536 0.221755 0.031979 
0.570478 0.027268 0.294543 0.387489 0.533345 
0.498607 0.084329 0.315112 0.09235400000000001 0.192874 
0.934205 0.188448 0.249149 0.453252 0.812234 
0.740419 0.216886 0.202703 0.8215519999999999 0.820769 
0.681117 0.525787 0.898311 0.909992 0.233267 
0.656546 0.57185 0.088863 0.512589 0.07695100000000001 
0.685652 0.75424 0.509474 0.723511 0.044345 
0.310357 0.169041 0.065778 0.524058 0.841741 
0.603626 0.134662 0.257684 0.900505 0.785152 
0.231017 0.69567 0.12491 0.356396 0.943644 
0.961791 0.823213 0.736387 0.455328 0.69534 
0.358052 0.784795 0.043275 0.315804 0.724248 
0.491934 0.935791 0.846118 0.713166 0.187367 
0.079333 0.351232 0.162146 0.191004 0.204138 
0.288353 0.344237 0.5961880000000001 0.13352 0.06532200000000001 
0.977793 0.77298 0.475451 0.90864 0.507432 
0.707162 0.273152 0.87064 0.853763 0.195258 
0.700307 0.054972 0.913457 0.466315 0.352309 
0.320116 0.190214 0.918477 0.841987 0.274777 
0.182744 0.376087 0.89081 0.837318 0.807717 
0.67539 0.281488 0.972425 0.552223 0.213597 
0.262765 0.286366 0.9476250000000001 0.730464 0.903097 
0.883108 0.394313 0.212155 0.695478 0.900962 
0.469175 0.420851 0.246104 0.272507 0.026689 
0.566797 0.151406 0.676149 0.039816 0.191598 
0.54634 0.341172 0.078987 0.538463 0.942288 
0.56745 0.126856 0.061032 0.764292 0.459803 
0.9612849999999999 0.312201 0.154075 0.535153 0.308526 
0.552434 0.761603 0.261159 0.30261 0.961665 
0.927729 0.333842 0.878278 0.219649 0.639651 
0.445573 0.745951 0.192901 0.07979700000000001 0.152377 
0.8658 0.508477 0.967434 0.6653 0.69446 
0.949854 0.202188 0.17973 0.715866 0.552017 
0.7404269999999999 0.354427 0.847791 0.829484 0.138187 
0.928519 0.619409 0.403625 0.722683 0.125946 
0.887045 0.564872 0.79718 0.19689 0.126651 
0.61221 0.410828 0.792357 0.151964 0.056061 
0.729026 0.743244 0.697449 0.026618 0.365136 
0.080149 0.07106899999999999 0.456281 0.722156 0.268953 
0.641083 0.685527 0.658424 0.136725 0.929885 
0.478509 0.296001 0.890584 0.038899 0.78377 
0.523062 0.096011 0.654753 0.428159 0.063251 
0.59038 0.50829 0.822869 0.9658639999999999 0.27645 
0.186993 0.798382 0.409349 0.933688 0.490081 
0.783727 0.09726899999999999 0.799912 0.119559 0.433072 
0.942838 0.284294 0.130988 0.516921 0.88741 
0.068734 0.219061 0.75666 0.18792 0.372693 
0.102382 0.73743 0.986105 0.473883 0.545327 
0.311165 0.745819 0.980683 0.345525 0.240795 
0.168574 0.226049 0.20091 0.701261 0.093143 
0.626621 0.617665 0.09474100000000001 0.306781 0.06651600000000001 
0.023174 0.490935 0.149787 0.466571 0.662517 
0.668619 0.476883 0.975923 0.331254 0.381525 
0.35926 0.09091200000000001 0.963022 0.505849 0.807584 
0.687816 0.12654 0.752241 0.920301 0.502047 
0.397481 0.464361 0.508175 0.901057 0.072759 
0.63401 0.797821 0.973127 0.348675 0.175531 
0.154267 0.77019 0.584793 0.613968 0.959403 
0.63729 0.935649 0.448197 0.850257 0.2727 
0.923673 0.17634 0.742676 0.150249 0.235769 
0.233288 0.86654 0.935233 0.456675 0.329513 
0.612354 0.842059 0.480093 0.922882 0.884942 
0.221677 0.7212499999999999 0.055125 0.492097 0.6682900000000001 
0.949471 0.755358 0.294427 0.432603 0.761547 
0.319451 0.018251 0.7512720000000001 0.623476 0.76041 
0.204984 0.173665 0.7831900000000001 0.06787700000000001 0.812202 
0.07238 0.487527 0.858854 0.762143 0.336351 
0.6946329999999999 0.691148 0.120275 0.462898 0.93113 
0.494943 0.502339 0.809125 0.968924 0.704931 
0.280477 0.98389 0.237794 0.60842 0.710569 
0.930477 0.521958 0.551859 0.100326 0.17551 
0.572546 0.787367 0.279105 0.9103290000000001 0.898471 
0.800531 0.521962 0.621107 0.946675 0.771401 
0.908559 0.150559 0.438755 0.151751 0.48049 
0.442665 0.8767160000000001 0.961546 0.705869 0.547574 
0.28136 0.816895 0.54615 0.151363 0.959598 
0.37601 0.596774 0.984813 0.756929 0.703125 
0.678723 0.291792 0.14858 0.179519 0.168822 
0.527555 0.623159 0.427796 0.959966 0.153307 
0.437001 0.681503 0.018472 0.463514 0.284837 
0.25486 0.428809 0.99355 0.599245 0.505463 
0.035154 0.8373080000000001 0.628649 0.707295 0.500067 
0.221032 0.880273 0.752518 0.578267 0.926651 
0.76884 0.889582 0.205937 0.177494 0.144652 
0.167021 0.120967 0.093963 0.236525 0.277259 
0.103032 0.652139 0.5062140000000001 0.945453 0.229858 
0.308446 0.044534 0.483676 0.13831 0.5777409999999999 
0.9662770000000001 0.218142 0.310037 0.790822 0.350068 
0.37243 0.432961 0.783727 0.09590700000000001 0.912337 
0.6442329999999999 0.627949 0.942391 0.766957 0.243948 
0.815169 0.538902 0.333354 0.684891 0.966931 
0.133292 0.23656 0.864362 0.330811 0.934648 
0.634472 0.563864 0.867999 0.465046 0.032238 
0.967658 0.423468 0.219562 0.172026 0.246923 
0.154603 0.416947 0.625089 0.876353 0.864186 
0.060463 0.200179 0.415794 0.255592 0.741402 
0.046714 0.117259 0.770135 0.658213 0.592154 
