5
541
0.588736 0.889682 0.886149 0.499079 0.028853 
0.820645 0.578257 0.767964 0.170756 0.902372 
0.160596 0.142397 0.27387 0.929056 0.648542 
0.653555 0.296882 0.697691 0.088715 0.028703 
0.864873 0.920979 0.89015 0.746876 0.738113 
0.96084 0.837337 0.122611 0.714793 0.5299779999999999 
0.463314 0.920891 0.419685 0.6380130000000001 0.076547 
0.030356 0.200253 0.649888 0.660178 0.611027 
0.836356 0.6385 0.273886 0.199027 0.044544 
0.656177 0.362699 0.874648 0.207356 0.032338 
0.059436 0.94082 0.367745 0.683846 0.402523 
0.696082 0.048781 0.864499 0.63811 0.721509 
0.607858 0.271811 0.328451 0.272566 0.008609 
0.790707 0.406436 0.971029 0.09214899999999999 0.749068 
0.686743 0.08991300000000001 0.1603 0.161586 0.7839660000000001 
0.544557 0.364182 0.808263 0.475099 0.981237 
0.881188 0.130035 0.496695 0.954281 0.604256 
0.287555 0.937925 0.705846 0.151575 0.524791 
0.8804999999999999 0.569681 0.635215 0.066051 0.118442 
0.010372 0.316269 0.5261209999999999 0.516141 0.786623 
0.778381 0.257453 0.008358000000000001 0.464654 0.448007 
0.279401 0.894912 0.789588 0.605705 0.081756 
0.074618 0.101308 0.677879 0.119983 0.547179 
0.12262 0.88101 0.129522 0.881788 0.207831 
0.023429 0.770723 0.536931 0.192171 0.817958 
0.9262049999999999 0.730939 0.8935070000000001 0.170412 0.109481 
0.754736 0.855725 0.172307 0.961278 0.194594 
0.535732 0.053976 0.172994 0.505157 0.169029 
0.874759 0.081263 0.7826419999999999 0.867072 0.883856 
0.838965 0.49086 0.889209 0.938111 0.824482 
0.066319 0.622369 0.151213   0.44 0.085184 
0.223303 0.05101 0.326699 0.833255 0.515468 
0.442706 0.552437 0.802637 0.913782 0.941314 
0.15283 0.614211 0.043218 0.365487 0.748323 
0.969336 0.629327 0.09421599999999999 0.484162 0.307169 
0.249189 0.111974 0.953249 0.250183 0.819676 
0.908139 0.09772400000000001 0.450978 0.592786 0.951655 
0.530071 0.903694 0.388362 0.192956 0.0167 
0.9426290000000001 0.768439 0.147345 0.42682 0.571346 
0.047448 0.460179 0.226589 0.278215 0.96331 
0.58969 0.915496 0.737258 0.093573 0.6858379999999999 
0.247007 0.446405 0.726484 0.010759 0.824231 
0.853087 0.832575 0.09327299999999999 0.645281 0.23613 
0.439035 0.855649 0.900373 0.571486 0.973236 
0.174942 0.255319 0.144991 0.861174 0.754109 
0.398574 0.8363159999999999 0.968187 0.325407 0.114392 
0.653771 0.929601 0.803586 0.877486 0.908537 
0.440059 0.066055 0.179558 0.831942 0.455539 
0.08347499999999999 0.972234 0.33798 0.433233 0.348089 
0.129061 0.128838 0.375679 0.034761 0.235687 
0.188973 0.06197 0.527289 0.140449 0.528881 
0.899573 0.117246 0.545479 0.866005 0.94138 
0.447516 0.394378 0.309154 0.9526289999999999 0.832158 
0.475937 0.077123 0.206908 0.5058049999999999 0.06281100000000001 
0.6628230000000001 0.064202 0.036721 0.166145 0.40096 
0.987017 0.802273 0.801059 0.404187 0.172249 
0.5053609999999999 0.604351 0.334563 0.992598 0.588849 
0.947144 0.6553020000000001 0.660206 0.090447 0.138766 
0.232909 0.498826 0.7654300000000001 0.587614 0.033227 
0.840962 0.056248 0.367335 0.797306 0.329669 
0.752374 0.146488 0.031271 0.567658 0.621494 
0.426657 0.828047 0.979453 0.6681009999999999 0.773765 
0.667063 0.32284 0.968573 0.7996220000000001 0.250415 
0.592371 0.974698 0.742588 0.68455 0.233419 
0.965762 0.562404 0.330946 0.217029 0.6050140000000001 
0.045643 0.12237 0.669218 0.542682 0.855227 
0.804736 0.203547 0.008763999999999999 0.288536 0.429329 
0.192459 0.657942 0.026352 0.898486 0.8560410000000001 
0.476707 0.01257 0.257765 0.249145 0.376804 
0.5378039999999999 0.870918 0.51651 0.989451 0.710063 
0.033585 0.463664 0.802502 0.6459279999999999 0.104906 
0.154489 0.491848 0.486113 0.101621 0.9393359999999999 
0.313403 0.367184 0.259825 0.884922 0.883601 
0.831221 0.325676 0.644247 0.860596 0.034681 
0.111307 0.740863 0.690302 0.899676 0.854926 
0.046869 0.731415 0.890593 0.192328 0.450569 
0.864406 0.07192900000000001 0.905497 0.680457 0.438107 
0.261546 0.805196 0.92217 0.916177 0.192261 
0.769092 0.131834 0.737849 0.019969 0.614061 
0.437568 0.212894 0.102989 0.938781 0.099901 
0.031546 0.187634 0.561675 0.067871 0.70909 
0.852894 0.59105 0.77218 0.032934 0.52449 
0.113207 0.669335 0.513886 0.883314 0.850422 
0.378939 0.824175 0.911504 0.652822 0.972565 
0.906559 0.542564 0.86891 0.777181 0.083984 
0.120587 0.711817 0.511041 0.07198499999999999 0.844966 
0.104863 0.434009 0.386147 0.9713619999999999 0.6877760000000001 
0.120884 0.696635 0.348292 0.747429 0.038892 
0.83286 0.883497 0.926967 0.540843 0.946704 
0.463111 0.511365 0.508431 0.20182 0.981175 
0.941679 0.794584 0.575611 0.296061 0.892586 
0.690378 0.177566 0.344974 0.986051 0.553627 
0.806046 0.21496 0.828707 0.07784000000000001 0.24856 
0.012653 0.6543330000000001 0.378212 0.612918 0.31526 
0.896458 0.7649010000000001 0.6845869999999999 0.854645 0.012665 
0.858382 0.831425 0.754878 0.2415 0.8885690000000001 
0.176485 0.183509 0.234851 0.134418 0.159711 
0.85199 0.393219 0.82983 0.947897 0.299561 
0.324617 0.838834 0.28953  0.124 0.073531 
0.843226 0.092685 0.753071 0.864966 0.482222 
0.8975919999999999 0.836862 0.147446 0.130222 0.639397 
0.347723 0.1882 0.074462 0.487066 0.110506 
0.124233 0.9824270000000001 0.654589 0.682066 0.47876 
0.8702839999999999 0.861957 0.9169580000000001 0.315008 0.338089 
0.362872 0.796889 0.312844 0.969961 0.127611 
0.116822 0.420611 0.204426 0.79103 0.837412 
0.594244 0.45057 0.735885 0.012405 0.491785 
0.807471 0.157741 0.149395 0.881738 0.371396 
0.053859 0.207518 0.762731 0.22644 0.773879 
0.7214660000000001 0.680018 0.060204 0.851739 0.179173 
0.360106 0.307003 0.8052280000000001 0.459271 0.959964 
0.480282 0.103433 0.395128 0.912958 0.089713 
0.807577 0.940447 0.089854 0.173238 0.615746 
0.419011 0.309977 0.78277 0.01988 0.114779 
0.085992 0.271717 0.7515309999999999 0.986708 0.603451 
0.933202 0.318443 0.074522 0.49068 0.858769 
0.874787 0.540624 0.261579 0.365853 0.8947000000000001 
0.256065 0.67644 0.931407 0.150717 0.096363 
0.570009 0.135353 0.877424 0.870721 0.206567 
0.442749 0.281119 0.759939 0.302911 0.020497 
0.389186 0.041912 0.421264 0.180291 0.147415 
0.60897 0.959631 0.522055 0.172113 0.710916 
0.629843 0.765395 0.987308 0.690263 0.252795 
0.958063 0.162561 0.166287 0.783972 0.211615 
0.162497 0.09164 0.198744 0.289219 0.901488 
0.621698 0.886383 0.445401 0.853919 0.823275 
0.799862 0.280956 0.027535 0.778012 0.04557 
0.852495 0.885816 0.903726 0.928749 0.482614 
0.297381 0.08819299999999999 0.252165 0.138127 0.49506 
0.934806 0.290827 0.936076 0.626011 0.364973 
0.093055 0.978204 0.6793439999999999 0.733523  0.314 
0.487201 0.394765 0.813822 0.902186 0.038752 
0.6935249999999999 0.079611 0.025492 0.448426 0.691658 
0.658424 0.131254 0.984972 0.416047 0.508175 
0.956827 0.399313 0.255872 0.442663 0.832724 
0.758358 0.724639 0.007341 0.372592 0.151717 
0.227839 0.284996 0.935078 0.859737 0.592189 
0.272266 0.9716050000000001 0.761088 0.6102109999999999 0.824646 
0.818329 0.649427 0.917473 0.961839 0.627177 
0.241317 0.807828 0.167711 0.726901 0.031521 
0.7701519999999999 0.941442 0.813169 0.935103 0.267764 
0.793637 0.650585 0.388587 0.9834310000000001 0.529791 
0.197784 0.163267 0.024379 0.737526 0.593117 
0.157706 0.569704 0.009308 0.440786 0.297238 
0.632659 0.104136 0.214965 0.9098039999999999 0.07240000000000001 
0.830909 0.079309 0.945654 0.610889 0.211997 
0.93812 0.987771 0.470731 0.571811 0.427566 
0.976954 0.671326 0.978784 0.41624 0.737281 
0.473817 0.449275 0.970086 0.242867 0.864308 
0.34778 0.135402 0.698348 0.132395 0.160022 
0.009957000000000001 0.351911 0.57304 0.07534299999999999 0.29753 
0.590032 0.673825 0.980262 0.265431 0.106902 
0.179607 0.660653 0.597312 0.028246 0.723431 
0.103354 0.06428499999999999 0.438236 0.427095 0.179637 
0.159216 0.94903 0.354085 0.112784 0.569088 
0.957996 0.043101 0.395684 0.265501 0.272695 
0.257832 0.380533 0.610996 0.012101 0.385963 
0.354672 0.977461 0.190313 0.598102 0.298238 
0.488579 0.546206 0.085675 0.940747 0.129449 
0.643468 0.77284 0.12693 0.312249 0.973558 
0.329038 0.136507 0.265282 0.593323 0.979764 
0.334877 0.279091 0.681682 0.02199 0.588932 
0.497753 0.739439 0.7555269999999999 0.142145 0.035273 
0.524969 0.158149 0.012221 0.395094 0.344349 
0.6415689999999999 0.843382 0.729584 0.122341 0.188146 
0.17792 0.307283 0.498427 0.066997 0.025498 
0.957528 0.168599 0.6501440000000001 0.970574 0.44246 
0.426492 0.053794 0.122001 0.471516 0.768251 
0.460041 0.9161899999999999 0.402391 0.982961 0.6181219999999999 
0.6665990000000001 0.532284 0.097348 0.127382 0.901495 
0.530876 0.427652 0.554735 0.434104 0.986013 
0.47349 0.944778 0.892165 0.6184229999999999 0.842973 
0.80793 0.8746969999999999 0.03926 0.841529 0.574475 
0.062243 0.125171 0.749454 0.077196 0.430976 
0.463785 0.841795 0.052771 0.916894 0.243414 
0.268856 0.667978 0.702368 0.692213 0.01782 
0.364736 0.109958 0.057071 0.195903 0.545932 
0.336858 0.58019 0.260239 0.845061 0.937815 
0.059866 0.175978 0.659834 0.824397 0.644831 
0.952963 0.45236 0.814797 0.299744 0.80326 
0.902409 0.780609 0.697512 0.08309900000000001 0.651157 
0.278226 0.137016 0.828825 0.057269 0.522862 
0.6856680000000001 0.024899 0.480801 0.822368 0.541858 
0.796736 0.74862 0.060591 0.355452 0.08112 
0.881018 0.267384 0.919926 0.195582 0.145503 
0.46561 0.5029979999999999 0.883086 0.019946 0.233597 
0.16366 0.628535 0.795446 0.054566 0.097957 
0.062032 0.566004 0.835692 0.467243 0.945082 
0.535739 0.1735 0.018094 0.109637 0.673844 
0.604318 0.765006 0.461603 0.167131 0.979096 
0.038273 0.258337 0.86517 0.910962 0.542341 
0.121833 0.6411249999999999 0.390245 0.84702 0.862356 
0.899825 0.359474 0.682778 0.441663 0.034839 
0.004729 0.484395 0.224862 0.250869 0.356261 
0.093499 0.438088 0.947482 0.325295 0.236196 
0.745638 0.938253 0.214225 0.47224 0.929474 
0.584095 0.882976 0.179528 0.333489 0.94535 
0.63004 0.083415 0.958743 0.589029 0.810825 
0.883776 0.620018 0.649352 0.655737 0.965786 
0.959554 0.216006 0.409104 0.805959 0.750623 
0.394095 0.5510659999999999 0.7651 0.042898 0.982612 
0.400834 0.82012 0.762298 0.947275 0.844807 
0.716403 0.58378 0.5851189999999999 0.09382699999999999 0.956367 
0.306056 0.88291 0.063872 0.490251 0.651066 
0.84566 0.007276 0.291935 0.545468 0.67944 
0.544241 0.057004 0.061056 0.172038 0.447028 
0.198393 0.38589 0.657882 0.030454 0.846483 
0.8343970000000001 0.70607 0.914376 0.920264 0.868776 
0.029088 0.884189 0.567807 0.136936 0.480067 
0.021236 0.920067 0.573014 0.642483 0.205544 
0.529457 0.582599 0.746408 0.873864 0.027375 
0.083291 0.875121 0.152154 0.250291 0.648683 
0.475459 0.03718 0.884064 0.469972 0.827437 
0.599325 0.859707 0.09174 0.871098 0.546865 
0.7871010000000001 0.801803 0.904026 0.961355 0.4896 
0.5321 0.01098 0.542938 0.164661 0.457022 
0.781989 0.894315 0.747973 0.178166 0.428719 
0.367397 0.839928 0.662268 0.737791 0.058413 
0.111136 0.858012 0.614501 0.92364 0.620182 
0.983957 0.357669 0.350525 0.276122 0.779084 
0.06723999999999999 0.110683 0.250108 0.572176 0.5684090000000001 
0.248041 0.831628 0.165242 0.227297 0.174531 
0.347421 0.105513 0.357171 0.967067 0.496681 
0.71445 0.760277 0.968545 0.329938 0.273135 
0.582129 0.844741 0.560661 0.026375 0.278449 
0.884117 0.359494 0.017824 0.5743740000000001 0.498682 
0.891965 0.25382 0.958623 0.580564 0.5313290000000001 
0.049331 0.103567 0.654702 0.582386 0.1691 
0.389423 0.024384 0.819374 0.215306 0.642995 
0.651516 0.027614 0.105513 0.353657 0.9066 
0.042196 0.19225 0.142094 0.174247 0.563991 
0.882842 0.932601 0.229126 0.924164 0.423204 
0.7931 0.635195 0.72198 0.322662 0.976575 
0.903925 0.269881 0.885137 0.498664 0.040062 
0.418892 0.309987 0.958699 0.857819 0.366816 
0.215167 0.303975 0.906513 0.769459 0.303122 
0.296004 0.941713 0.375269 0.15334 0.188546 
0.360873 0.186116 0.047085 0.355501 0.910308 
0.764021 0.898564 0.167631 0.368471 0.886095 
0.598773 0.579394 0.871004 0.970172 0.686683 
0.087002 0.250438 0.117574 0.06281100000000001 0.665899 
0.789679 0.128505 0.7838079999999999 0.468973 0.033426 
0.320238 0.237506 0.7569399999999999 0.882615 0.104137 
0.671844 0.6747880000000001 0.15725 0.900457 0.9738 
0.213486 0.058366 0.951433 0.737892 0.758856 
0.199588 0.469872 0.140589 0.8746390000000001 0.063124 
0.821854 0.893015 0.905429 0.549077 0.335453 
0.95617 0.342125 0.09032999999999999 0.176202 0.422541 
0.8327599999999999 0.199325 0.047261 0.320349 0.107515 
0.109486 0.124334 0.677681 0.791803 0.839696 
0.348064 0.911577 0.869705 0.125555 0.200081 
0.144525 0.03151 0.588557 0.870144 0.502878 
0.187398 0.60575 0.845938 0.6873280000000001 0.916177 
0.194061 0.578578 0.160051 0.971427 0.767572 
0.819538 0.982757 0.194109 0.391589 0.437021 
0.044705 0.359765 0.565461 0.710779 0.060828 
0.343433 0.081833 0.364012 0.951904 0.654711 
0.920633 0.07659000000000001 0.2417 0.259496 0.343367 
0.184971 0.804328 0.343491 0.059785 0.799867 
0.87897 0.85422 0.8739749999999999 0.90107 0.282075 
0.834097 0.662937 0.989066 0.229563 0.272718 
0.044544 0.65818 0.036372 0.30961 0.62179 
0.088467 0.867414 0.629484 0.731585 0.745699 
0.992957 0.620295 0.300994 0.797808 0.767059 
0.929223 0.451408 0.8101930000000001 0.916041 0.899189 
0.917921 0.505989 0.162679 0.149951 0.220217 
0.339382 0.985032 0.435495 0.357383 0.541253 
0.355149 0.992047 0.330724 0.47269 0.507184 
0.245284 0.482006 0.077865 0.675191 0.934549 
0.9688639999999999 0.691792 0.94333 0.54397 0.508772 
0.24508 0.057093 0.56332 0.718935 0.133018 
0.100201 0.072753 0.754648 0.373466 0.835997 
0.602491 0.070158 0.150337 0.7168 0.251995 
0.847276 0.168127 0.714965 0.412563 0.9394709999999999 
0.67069 0.285005 0.076352 0.24835 0.02386 
0.07281700000000001 0.82845 0.7526119999999999 0.153018 0.776542 
0.333433 0.007579 0.379278 0.527743 0.784605 
0.85424 0.218656 0.956798 0.89607 0.244557 
0.469872 0.130438 0.270128 0.043021 0.053219 
0.061405 0.040031 0.79752 0.912026 0.412603 
0.476352 0.039907 0.720894 0.069933 0.363228 
0.005916 0.430977 0.430159 0.688018 0.511186 
0.626043 0.903442 0.155955 0.135582 0.7257209999999999 
0.739277 0.036568 0.599166 0.190289 0.18296 
0.6948260000000001 0.943427 0.174289 0.276958 0.828051 
0.808009 0.209978 0.09590799999999999 0.932364 0.249433 
0.156945 0.778802 0.329861 0.972142 0.792531 
0.060822 0.231931 0.06296499999999999 0.254987 0.5634749999999999 
0.824558 0.338221 0.486009 0.35015 0.96619 
0.951166 0.244265 0.364727 0.966821 0.362464 
0.052933 0.6489780000000001 0.375263 0.047708 0.82302 
0.821596 0.56634 0.475397 0.991992 0.407071 
0.305473 0.087348 0.052854 0.312939 0.559449 
0.663156 0.658999 0.797642 0.964796 0.327517 
0.224074 0.014898 0.385878 0.446336 0.564041 
0.834624 0.521331 0.007643 0.44757 0.304287 
0.80992 0.322784 0.029017 0.688156 0.831485 
0.687324 0.8610409999999999 0.510343 0.339083 0.969871 
0.152905 0.878271 0.105994 0.447891 0.70708 
0.141057 0.736822 0.768186 0.89459 0.371197 
0.706529 0.627067 0.122034 0.023666 0.759205 
0.968753 0.826987 0.171473 0.95264 0.024538 
0.909825 0.424156 0.796797 0.7605150000000001 0.975834 
0.047941 0.742779 0.8785539999999999 0.857062 0.646024 
0.717288 0.451901 0.103531 0.037851 0.168538 
0.895052 0.144683 0.693837 0.3241 0.155016 
0.975749 0.408582 0.041458 0.79089 0.492976 
0.505982 0.040682 0.738909 0.844454 0.742717 
0.837843 0.619684 0.028305 0.717074 0.866884 
0.128628 0.8582109999999999 0.954334 0.49089 0.390981 
0.220322 0.948504 0.502227 0.928261 0.281526 
0.212979 0.5423210000000001 0.790323 0.963495 0.460007 
0.344732 0.907714 0.94915 0.36144 0.713914 
0.373591 0.941259 0.741351 0.879407 0.201224 
0.378543 0.172677 0.181504 0.534779 0.022496 
0.9201009999999999 0.133092 0.881216 0.589216 0.950263 
0.489602 0.735097 0.7674800000000001 0.042172 0.782539 
0.08746900000000001 0.084329 0.313531 0.521721 0.560599 
0.98528 0.595719 0.241738 0.884345 0.188835 
0.747572 0.435655 0.04578 0.429169 0.03766 
0.627239 0.007061 0.666972 0.79352 0.695543 
0.92681 0.891046 0.803159 0.6880270000000001 0.665593 
0.523833 0.064125 0.744337 0.06811300000000001 0.782895 
0.978001 0.26178 0.732961 0.8711410000000001 0.26999 
0.245856 0.108323 0.584214 0.8874109999999999 0.717063 
0.064707 0.523463 0.849776 0.189031 0.040947 
0.164564 0.832846 0.651085 0.780811 0.08519500000000001 
0.498891 0.866397 0.534424 0.056322 0.596482 
0.172027 0.252464 0.168979 0.037581 0.615603 
0.044305 0.629698 0.327606 0.070906 0.722085 
0.1102 0.131839 0.819149 0.434512 0.842148 
0.98247 0.377621 0.669086 0.320846 0.461014 
0.569919 0.62243 0.176061 0.050282 0.09091399999999999 
0.908295 0.715981 0.497237 0.06408899999999999 0.142739 
0.7539670000000001 0.9295679999999999 0.256805 0.121455 0.298307 
0.489034 0.199973 0.939439 0.143166 0.191363 
0.395509 0.313739 0.00667 0.101517 0.189963 
0.978753 0.906899 0.258028 0.679449 0.49869 
0.065761 0.25163 0.142874 0.275182 0.981378 
0.066457 0.944672 0.096013 0.696045 0.421529 
0.636931 0.893958 0.748035 0.232104 0.964959 
0.072217 0.750129 0.412846 0.71102 0.114309 
0.183895 0.723936 0.192239 0.956108 0.310249 
0.63239 0.573326 0.884804 0.8991 0.172628 
0.204592 0.583494 0.783297 0.873139 0.844566 
0.893241 0.694848 0.304567 0.853985 0.928945 
0.901133 0.344567 0.141139 0.130268 0.413676 
0.492181 0.087782 0.35272 0.15946 0.044804 
0.56501 0.125368 0.058107 0.597898 0.870171 
0.431662 0.9445249999999999 0.633454 0.462543 0.962506 
0.137417 0.565114 0.867666 0.868965 0.69912 
0.008019999999999999 0.793699 0.69287 0.06506099999999999 0.47782 
0.22955 0.049298 0.557068 0.634032 0.173948 
0.547688 0.984854 0.442221 0.41493 0.729726 
0.50351 0.493062 0.897589 0.783072 0.088228 
0.230058 0.588767 0.410777 0.935159 0.212642 
0.840342 0.624684 0.06950099999999999 0.109091 0.493732 
0.8033090000000001 0.212555 0.415301 0.955853 0.021681 
0.87631 0.147612 0.909076 0.841069 0.840238 
0.663358 0.06440899999999999 0.520019 0.95259 0.17292 
0.259707 0.9031130000000001 0.621812 0.792519 0.868317 
0.061264 0.669455 0.5276420000000001 0.082354 0.122244 
0.736943 0.794644 0.57946 0.990457 0.609237 
0.759541 0.599258 0.722676 0.018803 0.018679 
0.938399 0.6681589999999999 0.751098 0.711433 0.04866 
0.004035 0.81315 0.6044620000000001 0.190829 0.256727 
0.082632 0.794891 0.739363 0.481762 0.972512 
0.102357 0.30608 0.280912 0.28655 0.043306 
0.844875 0.810265 0.116661 0.716655 0.819387 
0.345575 0.079101 0.44751 0.29726 0.056741 
0.342956 0.068359 0.901968 0.373271 0.574084 
0.789466 0.553819 0.030612 0.493666 0.044321 
0.685742 0.26494 0.854106 0.9520380000000001 0.9033600000000001 
0.548218 0.896357 0.076228 0.170653 0.161091 
0.140971 0.294407 0.090755 0.322499 0.234583 
0.185954 0.332188 0.080635 0.224487 0.945516 
0.226397 0.060998 0.198587 0.645401 0.252813 
0.023832 0.536126 0.6679 0.390073 0.962048 
0.65801 0.179028 0.915462 0.163499 0.926787 
0.504063 0.785686 0.027265 0.251169 0.405067 
0.769465 0.399793 0.327003 0.943592 0.955765 
0.479991 0.206207 0.7288019999999999 0.97228 0.108064 
0.012152 0.245901 0.861689 0.411701 0.455726 
0.881968 0.240268 0.180974 0.631282 0.951646 
0.169342 0.126472 0.620165 0.110784 0.947797 
0.076367 0.50284 0.238117 0.035216 0.8813299999999999 
0.930285 0.296774 0.881668 0.191892 0.125346 
0.64591 0.810658 0.728268 0.998549 0.617103 
0.439076 0.551891 0.633544 0.976554 0.947622 
0.66845 0.635066 0.552746 0.993922 0.849422 
0.823573 0.792369 0.343491 0.048812 0.383888 
0.011883 0.7131110000000001 0.252468 0.23285 0.51747 
0.820681 0.192838 0.035854 0.589892 0.321281 
0.808108 0.878849 0.8192390000000001 0.944453 0.427614 
0.839609 0.314862 0.886354 0.943997 0.753984 
0.590071 0.315854 0.551175 0.592432 0.011825 
0.22996 0.938327 0.458938 0.373604 0.155522 
0.238192 0.288022 0.792767 0.028462 0.365932 
0.804015 0.085697 0.316021 0.36639 0.918668 
0.046666 0.315964 0.405234 0.762906 0.157047 
0.869206 0.750682 0.717593 0.59273 0.01505 
0.310879 0.9508450000000001 0.855559 0.388381 0.52312 
0.202227 0.830297 0.794505 0.244424 0.033675 
0.093803 0.539785 0.170061 0.210621 0.911192 
0.656786 0.602485 0.970521 0.542756 0.105443 
0.8019309999999999 0.061709 0.140319 0.343297 0.788394 
0.514771 0.755262 0.690812 0.47135 0.986635 
0.889993 0.119211 0.583432 0.749512 0.046703 
0.215147 0.983078 0.594124 0.440039 0.730413 
0.017885 0.5895319999999999 0.265182 0.912219 0.66287 
0.826028 0.052377 0.302634 0.370209 0.104679 
0.835952 0.843858 0.71774 0.059641 0.383562 
0.160176 0.085493 0.886443 0.455323 0.6216390000000001 
0.102643 0.116041 0.3009 0.227886 0.075984 
0.011087 0.342722 0.120574 0.479335 0.181045 
0.938422 0.057451 0.572218 0.275764 0.764872 
0.544911 0.313757 0.308658 0.61861 0.976925 
0.90825 0.962646 0.195902 0.518196 0.315641 
0.166323 0.38409 0.397672 0.670253 0.937719 
0.934344 0.519603 0.963188 0.298916 0.881879 
0.769571 0.186773 0.087094 0.795598 0.6230869999999999 
0.718649 0.341394 0.805615 0.966278 0.23932 
0.163269 0.059645 0.446799 0.350699 0.20003 
0.902121 0.948797 0.424019 0.491704 0.067311 
0.295893 0.06966899999999999 0.930959 0.627087 0.452941 
0.085741 0.046675 0.471216 0.720337 0.705682 
0.958564 0.5928369999999999 0.804777 0.879643 0.163668 
0.765505 0.838276 0.9033099999999999 0.933916 0.321386 
0.333543 0.855361 0.056445 0.677498 0.704802 
0.600692 0.825671 0.049552 0.819128 0.088086 
0.952159 0.937324 0.601502 0.448664 0.695097 
0.485045 0.157603 0.834042 0.742494 0.092878 
0.941326 0.873936 0.238881 0.86982 0.067786 
0.819731 0.215282 0.246746 0.057815 0.701009 
0.161831 0.893288 0.486117 0.169561 0.818875 
0.188656 0.73676 0.717018 0.922727 0.264768 
0.9486599999999999 0.126643 0.494759 0.414218 0.7602179999999999 
0.951079 0.791957 0.423532 0.309603 0.492083 
0.444988 0.913299 0.824305 0.088863 0.5177850000000001 
0.418043 0.042461 0.65015 0.06622 0.965769 
0.406286 0.446642 0.710121 0.007998999999999999 0.444439 
0.050601 0.453934 0.266908 0.923756 0.5635869999999999 
0.707349 0.406737 0.022559 0.157506 0.204279 
0.306817 0.670806 0.232808 0.8064519999999999 0.034122 
0.012176 0.63668 0.674989 0.5410430000000001 0.315463 
0.121518 0.349787 0.875521 0.889132 0.636014 
0.627237 0.977226 0.244923 0.426032 0.32124 
0.077324 0.590318 0.475459 0.044044 0.242705 
0.358124 0.992779 0.637799 0.486075 0.45481 
0.077191 0.356359 0.329212 0.060876 0.149048 
0.536857 0.963149 0.64986 0.190032 0.873018 
0.052502 0.406777 0.699165 0.862367 0.795593 
0.579941 0.074431 0.963677 0.5209240000000001 0.168288 
0.887323 0.231454 0.044889 0.448723 0.688913 
0.048005 0.8205480000000001 0.947359 0.265982 0.355691 
0.91905 0.465525 0.085212 0.155075 0.337804 
0.468949 0.621603 0.279152 0.71369 0.989348 
0.973533 0.166076 0.243565 0.59393 0.185756 
0.598678 0.981523 0.458488 0.809566 0.382499 
0.08748400000000001 0.346465 0.040207 0.766382 0.588118 
0.441143 0.282289 0.4322 0.977196 0.735497 
0.204304 0.738909 0.840134 0.133858 0.7437049999999999 
0.954497 0.230268 0.116049 0.439591 0.209029 
0.157899 0.8037 0.791049 0.160813 0.787451 
0.115093 0.369762 0.5894 0.039073 0.698373 
0.434556 0.586741 0.348188 0.9928900000000001 0.502932 
0.383481 0.172066 0.920852 0.759162 0.243307 
0.877378 0.09757 0.851552 0.026445 0.466757 
0.792642 0.937984 0.701955 0.755099 0.947779 
0.286484 0.940211 0.119787 0.262522 0.215167 
0.31423 0.267747 0.024564 0.854174 0.097263 
0.696361 0.743084 0.019054 0.243995 0.822537 
0.015001 0.118902 0.384915 0.272956 0.567936 
0.911532 0.123249 0.445935 0.8312659999999999 0.084693 
0.442017 0.975953 0.841776 0.722983 0.177578 
0.5503980000000001 0.535841 0.8875459999999999 0.977538 0.475646 
0.180586 0.115908 0.058395 0.442374 0.971805 
0.125112 0.760765 0.171495 0.321834 0.056618 
0.145485 0.172731 0.09589 0.620718 0.414709 
0.018039 0.179825 0.326924 0.605706 0.09703299999999999 
0.272101 0.202815 0.717012 0.826141 0.956924 
0.023379 0.925365 0.614282 0.238899 0.182609 
0.107027 0.797582 0.9642810000000001 0.668219 0.7505810000000001 
0.879927 0.940234 0.513751 0.611702 0.875875 
0.891599 0.112656 0.413174 0.218765 0.780412 
0.846993 0.419533 0.082773 0.172558 0.182477 
0.391725 0.713884 0.244304 0.01347 0.397156 
0.753501 0.092289 0.104985 0.485441 0.808099 
0.785073 0.716971 0.131363 0.821319 0.916506 
0.956297 0.485016 0.662875 0.93584 0.663262 
0.676714 0.537342 0.112106 0.162554 0.052398 
0.072641 0.87556 0.545146 0.264954 0.08176700000000001 
0.702083 0.902655 0.916845 0.418546 0.495879 
0.901275 0.729716 0.334378 0.897049 0.71058 
0.885727 0.417569 0.086621 0.832377 0.76518 
0.471355 0.060813 0.08122600000000001 0.171317 0.318903 
0.796534 0.353956 0.939597 0.813766 0.962349 
0.057202 0.397625 0.888031 0.130407 0.757235 
0.8456129999999999 0.214035 0.279417 0.168037 0.195319 
0.334257 0.858382 0.8267600000000001 0.358357 0.900728 
0.299053 0.190751 0.959553 0.215614 0.832214 
0.619476 0.536523 0.343667 0.018755 0.212195 
0.363944 0.806523 0.230954 0.645919 0.961386 
0.01453 0.201449 0.7599939999999999 0.216021 0.665777 
0.947082 0.60462 0.843686 0.831547 0.817205 
0.243013 0.319761 0.222184 0.251977 0.9811260000000001 
0.958216 0.734737 0.718049 0.251138 0.870722 
0.045267 0.80613 0.623448 0.289826 0.100859 
0.577074 0.889057 0.372713 0.184444 0.953362 
0.154276 0.911229 0.027273 0.377479 0.29343 
0.9543 0.919158 0.292482 0.740325 0.639066 
0.225141 0.94439 0.357037 0.723795 0.820465 
0.588333 0.115936 0.535897 0.825904 0.963723 
0.286961 0.955454 0.309372 0.607958 0.950724 
0.308721 0.674786 0.132973 0.870238 0.08609 
0.918331 0.381392 0.057261 0.380656 0.69191 
0.970799 0.220374 0.821433 0.832503 0.8790829999999999 
0.741291 0.870839 0.189542 0.625934 0.07208000000000001 
0.445067 0.245794 0.053501 0.184204 0.913296 
0.687519 0.130264 0.343669 0.038665 0.844328 
0.691073 0.857005 0.685438 0.164863 0.859849 
0.041818 0.841832 0.670803 0.192948 0.884497 
0.222371 0.385609 0.922272 0.6194539999999999 0.155708 
0.736183 0.030376 0.523106 0.846724 0.890929 
0.140071 0.172515 0.459563 0.875902 0.291884 
0.205247 0.590633 0.764684 0.043564 0.187156 
0.306566 0.457597 0.837628 0.015328 0.615353 
0.241991 0.135128 0.09693599999999999 0.199847 0.833707 
0.427436 0.909729 0.813881 0.896886 0.965473 
0.073808 0.491455 0.884281 0.110424 0.892668 
0.630089 0.906718 0.207904 0.246503 0.970103 
0.70395 0.286865 0.339567 0.09686699999999999 0.0439 
0.833936 0.961556 0.879959 0.474133 0.758582 
0.012746 0.220648 0.430367 0.172865 0.342113 
0.88668 0.431416 0.816452 0.106333 0.146114 
0.739872 0.022827 0.65993 0.446882 0.743691 
0.216328 0.826603 0.709827 0.066305 0.380401 
0.23562 0.07019300000000001 0.735155 0.746481 0.104091 
0.948287 0.851836 0.81004 0.335937 0.099648 
0.7783679999999999 0.02897 0.89417 0.322878 0.616056 
0.052373 0.234325 0.308394 0.181426 0.233324 
