5
76
3.712420000000000164e-01 4.688329999999999997e-01 6.707079999999999709e-01 5.916259999999999852e-01 4.638160000000000061e-01
7.288440000000000474e-01 6.731390000000000429e-01 4.485299999999999843e-01 4.376430000000000042e-01 4.673350000000000004e-01
4.634780000000000011e-01 6.704039999999999999e-01 4.861880000000000090e-01 3.661739999999999995e-01 2.889929999999999999e-01
4.731170000000000098e-01 6.733050000000000423e-01 2.425430000000000086e-01 4.280100000000000016e-01 5.673589999999999467e-01
4.786969999999999836e-01 4.543010000000000104e-01 4.388380000000000059e-01 5.442500000000000115e-01 2.099070000000000102e-01
6.318409999999999860e-01 3.477890000000000148e-01 2.970479999999999787e-01 4.798239999999999728e-01 4.047189999999999954e-01
3.176320000000000254e-01 4.345459999999999878e-01 4.081350000000000255e-01 5.243250000000000410e-01 3.238320000000000087e-01
4.165240000000000054e-01 5.188709999999999711e-01 6.693240000000000300e-01 3.213179999999999925e-01 3.960359999999999991e-01
4.997099999999999875e-01 6.214370000000000172e-01 4.855300000000000171e-01 3.002119999999999789e-01 6.695910000000000473e-01
6.327949999999999964e-01 3.804040000000000199e-01 4.544949999999999823e-01 6.953430000000000444e-01 6.286699999999999511e-01
2.596209999999999907e-01 4.460859999999999825e-01 3.633310000000000151e-01 5.052910000000000457e-01 4.319069999999999854e-01
5.230310000000000237e-01 5.832819999999999672e-01 2.196379999999999999e-01 4.566859999999999808e-01 5.171580000000000066e-01
5.468939999999999912e-01 6.531510000000000371e-01 5.016140000000000043e-01 6.185220000000000162e-01 5.009029999999999871e-01
6.803320000000000478e-01 3.353650000000000242e-01 4.778549999999999742e-01 3.008600000000000163e-01 5.566259999999999541e-01
4.590739999999999821e-01 6.573769999999999891e-01 5.397910000000000208e-01 2.624199999999999866e-01 4.880590000000000206e-01
4.230010000000000159e-01 3.852329999999999921e-01 6.099529999999999674e-01 4.741159999999999819e-01 4.611179999999999723e-01
3.570280000000000120e-01 5.697330000000000449e-01 4.991059999999999941e-01 4.701819999999999888e-01 3.451159999999999783e-01
5.326130000000000031e-01 6.307869999999999866e-01 6.320430000000000215e-01 7.544199999999999795e-01 5.393189999999999928e-01
5.072470000000000034e-01 3.082920000000000105e-01 4.705429999999999890e-01 4.151469999999999883e-01 3.707090000000000107e-01
4.560899999999999954e-01 5.124360000000000026e-01 5.174309999999999743e-01 4.653689999999999771e-01 4.531020000000000048e-01
4.468559999999999754e-01 3.082480000000000220e-01 7.168710000000000360e-01 4.576859999999999817e-01 3.337870000000000004e-01
4.644240000000000035e-01 5.767489999999999561e-01 4.129619999999999957e-01 6.454250000000000265e-01 6.517150000000000443e-01
5.258329999999999949e-01 6.779110000000000413e-01 6.521439999999999459e-01 5.906219999999999803e-01 5.804979999999999585e-01
3.194210000000000105e-01 5.076749999999999874e-01 4.890490000000000115e-01 4.434670000000000001e-01 3.431029999999999913e-01
5.097049999999999637e-01 6.094829999999999970e-01 5.815270000000000161e-01 7.317489999999999828e-01 5.084940000000000015e-01
4.600690000000000057e-01 3.791669999999999763e-01 6.517859999999999765e-01 5.714000000000000190e-01 5.253259999999999597e-01
4.065880000000000050e-01 5.170019999999999616e-01 2.553969999999999851e-01 4.496149999999999869e-01 6.843059999999999699e-01
4.815510000000000068e-01 4.238480000000000025e-01 6.122180000000000399e-01 5.527600000000000291e-01 2.301449999999999885e-01
5.105210000000000026e-01 3.185819999999999763e-01 4.058169999999999833e-01 5.723989999999999911e-01 3.053279999999999883e-01
6.196530000000000094e-01 5.079059999999999686e-01 3.749270000000000103e-01 4.021950000000000247e-01 6.972319999999999629e-01
3.716019999999999879e-01 5.080820000000000336e-01 3.310799999999999854e-01 4.609190000000000231e-01 6.727149999999999519e-01
6.795679999999999499e-01 5.000019999999999465e-01 5.322329999999999561e-01 2.383800000000000086e-01 4.605190000000000117e-01
5.907919999999999838e-01 4.470310000000000117e-01 2.527699999999999947e-01 3.104419999999999957e-01 6.036610000000000031e-01
4.579889999999999795e-01 4.277050000000000018e-01 4.367670000000000163e-01 7.428280000000000438e-01 7.058250000000000357e-01
4.754979999999999762e-01 6.905879999999999797e-01 7.109210000000000251e-01 4.471120000000000094e-01 6.096510000000000540e-01
5.795379999999999976e-01 2.884920000000000262e-01 6.775520000000000431e-01 6.146559999999999802e-01 5.262520000000000531e-01
6.426110000000000433e-01 3.702389999999999848e-01 6.076949999999999852e-01 5.283949999999999481e-01 7.298839999999999772e-01
5.363010000000000277e-01 6.086340000000000083e-01 3.193550000000000000e-01 3.950469999999999815e-01 5.509349999999999525e-01
6.725400000000000267e-01 3.760549999999999726e-01 3.566050000000000053e-01 4.625130000000000075e-01 4.552390000000000048e-01
3.633390000000000231e-01 6.349350000000000271e-01 3.553669999999999884e-01 6.552959999999999896e-01 5.655310000000000059e-01
4.083680000000000088e-01 4.361550000000000149e-01 4.618659999999999988e-01 5.896479999999999499e-01 2.208819999999999950e-01
4.698789999999999911e-01 2.612400000000000277e-01 6.611810000000000187e-01 4.747709999999999986e-01 4.728740000000000165e-01
4.591250000000000053e-01 5.123689999999999634e-01 3.854560000000000208e-01 3.658429999999999738e-01 7.217209999999999459e-01
3.782019999999999826e-01 4.410819999999999741e-01 2.715839999999999921e-01 5.107009999999999605e-01 3.502830000000000110e-01
4.945930000000000049e-01 6.293450000000000433e-01 4.059869999999999868e-01 4.234899999999999776e-01 6.007839999999999847e-01
7.516840000000000188e-01 5.598459999999999548e-01 3.343610000000000193e-01 6.011499999999999622e-01 5.298859999999999681e-01
3.447640000000000149e-01 4.569139999999999868e-01 3.503569999999999740e-01 4.537140000000000062e-01 5.696219999999999617e-01
3.519010000000000193e-01 3.980259999999999909e-01 6.273250000000000215e-01 4.513150000000000217e-01 2.557820000000000094e-01
3.974360000000000115e-01 7.033009999999999540e-01 3.790430000000000188e-01 5.727109999999999701e-01 5.579800000000000315e-01
6.104880000000000306e-01 4.762480000000000047e-01 3.027119999999999811e-01 6.726729999999999654e-01 6.233809999999999629e-01
6.723770000000000024e-01 6.392280000000000184e-01 5.128559999999999786e-01 5.705789999999999473e-01 7.146569999999999867e-01
4.243230000000000057e-01 6.039269999999999916e-01 2.082150000000000112e-01 4.703769999999999896e-01 6.290919999999999845e-01
4.404440000000000022e-01 5.375309999999999810e-01 2.773559999999999914e-01 5.163640000000000452e-01 5.352740000000000276e-01
4.080659999999999843e-01 3.667730000000000157e-01 3.588149999999999951e-01 5.986979999999999524e-01 3.122809999999999753e-01
6.507680000000000131e-01 4.518590000000000106e-01 3.998619999999999952e-01 4.753189999999999915e-01 6.940199999999999703e-01
4.687140000000000195e-01 6.712270000000000181e-01 3.175120000000000164e-01 4.161020000000000274e-01 4.179590000000000249e-01
3.482779999999999765e-01 5.048820000000000530e-01 5.512989999999999835e-01 6.859239999999999782e-01 3.178509999999999946e-01
2.733059999999999934e-01 4.489440000000000097e-01 3.996129999999999960e-01 3.013919999999999932e-01 4.869979999999999865e-01
4.280160000000000076e-01 6.579099999999999948e-01 4.951289999999999858e-01 6.395779999999999799e-01 3.891910000000000092e-01
5.087369999999999948e-01 3.503649999999999820e-01 5.889539999999999775e-01 5.426010000000000000e-01 4.910749999999999837e-01
6.841000000000000414e-01 6.643339999999999801e-01 4.542970000000000064e-01 3.774950000000000250e-01 5.510669999999999735e-01
5.160770000000000080e-01 7.084160000000000457e-01 3.434599999999999875e-01 5.346349999999999714e-01 6.142830000000000235e-01
7.281269999999999687e-01 6.220879999999999743e-01 4.308089999999999975e-01 6.069219999999999615e-01 5.355499999999999705e-01
4.125920000000000143e-01 4.404290000000000149e-01 2.840659999999999852e-01 2.945490000000000053e-01 4.823999999999999955e-01
4.939169999999999949e-01 2.670620000000000216e-01 5.028500000000000192e-01 3.947539999999999938e-01 6.325079999999999592e-01
4.819760000000000155e-01 5.711070000000000313e-01 6.034089999999999732e-01 4.899370000000000114e-01 3.728219999999999867e-01
6.686720000000000441e-01 3.658799999999999830e-01 3.532779999999999809e-01 5.398020000000000040e-01 4.500100000000000211e-01
6.938919999999999533e-01 2.502809999999999757e-01 4.684030000000000138e-01 4.422889999999999877e-01 5.535729999999999817e-01
6.442949999999999511e-01 6.599810000000000398e-01 3.043620000000000214e-01 4.183729999999999949e-01 6.022440000000000015e-01
4.821369999999999822e-01 2.787259999999999738e-01 5.481319999999999526e-01 4.628090000000000259e-01 4.311119999999999952e-01
7.173519999999999897e-01 5.289660000000000473e-01 3.339349999999999818e-01 4.422920000000000185e-01 5.996939999999999493e-01
2.589159999999999795e-01 6.052429999999999755e-01 3.190620000000000123e-01 4.779189999999999827e-01 3.840140000000000220e-01
6.808680000000000287e-01 3.547699999999999743e-01 6.233469999999999844e-01 5.871600000000000152e-01 3.973590000000000177e-01
2.512360000000000149e-01 5.220630000000000548e-01 3.048489999999999811e-01 5.918029999999999680e-01 4.336019999999999874e-01
4.969709999999999961e-01 5.885409999999999808e-01 6.009010000000000185e-01 3.398909999999999987e-01 5.417969999999999731e-01
3.774210000000000065e-01 3.087630000000000097e-01 3.876669999999999838e-01 5.154809999999999670e-01 6.922209999999999752e-01
