5
97
0.443194 0.766062 0.212075 0.342925 0.540415 
0.757393 0.5050519999999999 0.412135 0.745926 0.776115 
0.762437 0.276026 0.176745 0.546647 0.499438 
0.126461 0.42294 0.358523 0.693677 0.634318 
0.623559 0.163482 0.641954 0.317801 0.28559 
0.745157 0.858599 0.468644 0.495002 0.503331 
0.638745 0.388059 0.115036 0.405921 0.316176 
0.6894400000000001 0.416221 0.418802 0.806605 0.601899 
0.788987 0.505541 0.620024 0.738165 0.346556 
0.699309 0.29049 0.262827 0.330302 0.378572 
0.247081 0.687064 0.491273 0.833249 0.419094 
0.416941 0.529983 0.429151 0.7483109999999999 0.861018 
0.699613 0.399552 0.262464 0.240236 0.643342 
0.36388 0.732322 0.14338 0.793026 0.396179 
0.580126 0.177289 0.69824 0.318172 0.516891 
0.573964 0.606085 0.462775 0.85866 0.499416 
0.51244 0.584081 0.641173 0.188026 0.151454 
0.809023 0.249087 0.407524 0.259133 0.256299 
0.192766 0.810659 0.743772 0.574908 0.471246 
0.544791 0.305323 0.555314 0.158407 0.34547 
0.528035 0.676289 0.391812 0.190767 0.214153 
0.777501 0.463815 0.335076 0.616482 0.209142 
0.625283 0.137593 0.528968 0.359574 0.360086 
0.35536 0.532008 0.450754 0.827183 0.465655 
0.308936 0.283494 0.680934 0.461881 0.8273200000000001 
0.655114 0.50139 0.860699 0.763464 0.535863 
0.208283 0.620235 0.292464 0.443815 0.198425 
0.31787 0.438414 0.430558 0.38429 0.768873 
0.564563 0.602169 0.649263 0.159069 0.468408 
0.531369 0.716678 0.199224 0.364921 0.220485 
0.739974 0.747579 0.563068 0.480971 0.683814 
0.323537 0.68788 0.193579 0.482739 0.394324 
0.268087 0.738949 0.512497 0.545237 0.796934 
0.864422 0.332578 0.639993 0.360107 0.3221 
0.337093 0.524015 0.124752 0.700995 0.619043 
0.483103 0.512572 0.805188 0.802372 0.467254 
0.385089 0.191863 0.6383259999999999 0.351535 0.25201 
0.37237 0.420675 0.291595 0.836719 0.7283230000000001 
0.466252 0.304256 0.631418 0.236766 0.325816 
0.21725 0.316279 0.696298 0.673807 0.668749 
0.613804 0.204349 0.489301 0.683261 0.57215 
0.449782 0.485591 0.327869 0.501938 0.076984 
0.544909 0.284267 0.674272 0.497756 0.783228 
0.093025 0.466446 0.554915 0.45711 0.640524 
0.15302 0.804223 0.5825900000000001 0.583604 0.624795 
0.238703 0.876383 0.363039 0.596037  0.592 
0.677019 0.650552 0.826771 0.543309 0.401737 
0.636786 0.462336 0.483411 0.6809190000000001 0.203571 
0.16691 0.259215 0.621844 0.331271 0.666577 
0.542364 0.510748 0.148431 0.685521 0.548026 
0.473352 0.621842 0.292804 0.158348 0.355967 
0.43754 0.7271030000000001 0.420941 0.760827 0.227562 
0.347766 0.8971980000000001 0.214228 0.528809 0.684607 
0.670206 0.155966 0.327328 0.40153 0.515385 
0.176576 0.7186669999999999 0.63507 0.6295770000000001 0.300388 
0.441813 0.557238 0.505159 0.206142 0.626951 
0.766865 0.70011 0.750851 0.553134 0.522601 
0.356913 0.644485 0.860911 0.338948 0.705914 
0.513502 0.432609 0.853914 0.728427 0.672264 
0.440974 0.449824 0.196679 0.588225 0.290302 
0.646967 0.566107 0.562095 0.124853 0.411894 
0.700296 0.868055 0.396462 0.344405 0.411208 
0.425099 0.645398 0.201487 0.399017 0.276423 
0.722534 0.62499 0.213109 0.716526 0.645558 
0.697193 0.720557 0.405637 0.546748 0.191045 
0.630646 0.270992 0.566031 0.281325 0.228899 
0.558022 0.673088 0.586995 0.626386 0.677863 
0.581645 0.701122 0.756737 0.486839 0.304777 
0.393969 0.443589 0.401047 0.397342 0.133738 
0.616747 0.658902 0.168755 0.268025 0.7030189999999999 
0.6217200000000001 0.251851 0.865494 0.35565 0.408485 
0.410404 0.658152 0.565804 0.46856 0.09618699999999999 
0.327979 0.339233 0.493515 0.512177 0.158668 
0.374445 0.294961 0.412485 0.641209 0.798874 
0.6758189999999999 0.486272 0.766359 0.188519 0.434743 
0.342958 0.087314 0.486491 0.449362 0.424703 
0.390087 0.186383 0.538975 0.548242 0.295745 
0.664293 0.778389 0.379497 0.208626 0.374049 
0.45484 0.48875 0.42404 0.845753 0.573771 
0.59185 0.230123 0.678065 0.234744 0.350718 
0.70787 0.176387 0.534156 0.566764 0.602002 
0.668215 0.696281 0.398569 0.747816 0.538879 
0.350919 0.896808 0.644813 0.36713 0.355183 
0.708012 0.550234 0.786829 0.23946 0.608117 
0.616808 0.688445 0.7017099999999999 0.63695 0.210574 
0.215364 0.628288 0.634329 0.174904 0.615858 
0.673743 0.592709 0.667896 0.32812 0.708917 
0.681933 0.247541 0.419204 0.564447 0.667365 
0.333827 0.632929 0.641528 0.168405 0.384584 
0.231305 0.542227 0.215595 0.5082179999999999 0.624339 
0.324934 0.162221 0.451496 0.285683 0.472164 
0.716981 0.307762 0.551526 0.504863 0.233877 
0.776312 0.477193 0.182454 0.502505 0.600142 
0.351492 0.519736 0.1953 0.402246 0.5421899999999999 
0.552992 0.135316 0.253858 0.597451 0.352521 
0.367911 0.484411 0.490019 0.751131 0.264577 
0.376697 0.139745 0.700865 0.445739 0.526996 
