5
357
2.675810000000000133e-01 2.409989999999999910e-01 4.667540000000000022e-01 7.303439999999999932e-01 8.971909999999999608e-01
6.864740000000000286e-01 5.656529999999999614e-01 9.272679999999999811e-01 5.925369999999999804e-01 7.743539999999999868e-01
4.960319999999999729e-01 8.061190000000000300e-01 4.434649999999999981e-01 3.153119999999999812e-01 4.452639999999999931e-01
3.400719999999999854e-01 5.957249999999999490e-01 3.480280000000000040e-01 2.990459999999999785e-01 6.471599999999999575e-02
6.750129999999999741e-01 9.475059999999999594e-01 7.304899999999999727e-01 3.421009999999999884e-01 6.993789999999999729e-01
4.431939999999999769e-01 7.660620000000000207e-01 2.120750000000000135e-01 3.429249999999999798e-01 5.404149999999999787e-01
7.573929999999999829e-01 5.050519999999999454e-01 4.121349999999999736e-01 7.459259999999999780e-01 7.761149999999999993e-01
2.272480000000000055e-01 3.546409999999999840e-01 4.487349999999999950e-01 8.919599999999999751e-01 1.693500000000000005e-01
4.814890000000000003e-01 3.903989999999999960e-01 4.419069999999999943e-01 1.367800000000000127e-01 8.561750000000000194e-01
7.020699999999999719e-01 6.984960000000000058e-01 6.221039999999999903e-01 6.981110000000000371e-01 1.485380000000000034e-01
4.797239999999999838e-01 7.174949999999999939e-01 9.404040000000000177e-01 3.626039999999999819e-01 2.873510000000000231e-01
5.023919999999999497e-01 6.945219999999999727e-01 8.388970000000000038e-01 3.350310000000000232e-01 8.625049999999999661e-01
1.829230000000000023e-01 3.802929999999999922e-01 5.915529999999999955e-01 2.294799999999999895e-01 8.714060000000000139e-01
1.235320000000000029e-01 2.000629999999999908e-01 4.606729999999999992e-01 5.376609999999999445e-01 4.646540000000000115e-01
6.529789999999999761e-01 6.155380000000000296e-01 3.491529999999999911e-01 2.154739999999999989e-01 4.771110000000000073e-01
3.642099999999999782e-01 2.755360000000000031e-01 9.387400000000000189e-01 3.969989999999999908e-01 3.597170000000000090e-01
7.624370000000000314e-01 2.760259999999999936e-01 1.767450000000000132e-01 5.466469999999999940e-01 4.994379999999999931e-01
2.015500000000000069e-01 4.457550000000000123e-01 7.978979999999999961e-01 2.741520000000000068e-01 6.644240000000000146e-01
9.186339999999999506e-01 4.876679999999999904e-01 2.294460000000000111e-01 2.950960000000000250e-01 6.772329999999999739e-01
1.264609999999999901e-01 4.229399999999999826e-01 3.585229999999999806e-01 6.936769999999999881e-01 6.343180000000000485e-01
9.719999999999999474e-02 6.329219999999999846e-01 5.199690000000000145e-01 1.234800000000000064e-01 3.227189999999999781e-01
2.265800000000000036e-01 1.362140000000000017e-01 3.416819999999999857e-01 6.446509999999999740e-01 6.491489999999999760e-01
5.825209999999999555e-01 4.274060000000000081e-01 4.158149999999999902e-01 5.956090000000000551e-01 4.006080000000000196e-01
6.235589999999999744e-01 1.634819999999999884e-01 6.419540000000000246e-01 3.178010000000000002e-01 2.855900000000000105e-01
6.560799999999999965e-01 7.323009999999999797e-01 7.910840000000000094e-01 7.510310000000000041e-01 5.782059999999999977e-01
5.321069999999999967e-01 1.226079999999999948e-01 6.664109999999999756e-01 3.633709999999999996e-01 1.838529999999999887e-01
7.451569999999999583e-01 8.585990000000000011e-01 4.686440000000000050e-01 4.950019999999999976e-01 5.033309999999999729e-01
6.387450000000000072e-01 3.880589999999999873e-01 1.150359999999999994e-01 4.059209999999999763e-01 3.161760000000000126e-01
2.857500000000000040e-01 6.065180000000000016e-01 7.463859999999999939e-01 5.011949999999999461e-01 5.925160000000000426e-01
4.246639999999999859e-01 3.317890000000000006e-01 3.746099999999999985e-01 7.071600000000000108e-02 5.251930000000000209e-01
1.010560000000000069e-01 4.531109999999999860e-01 4.434890000000000221e-01 7.269940000000000291e-01 5.959959999999999702e-01
4.394660000000000233e-01 1.060679999999999956e-01 6.911490000000000133e-01 1.424159999999999870e-01 5.833009999999999584e-01
2.132149999999999879e-01 5.026129999999999765e-01 4.103419999999999845e-01 6.130269999999999886e-01 1.411129999999999884e-01
6.894400000000000528e-01 4.162210000000000076e-01 4.188020000000000076e-01 8.066050000000000164e-01 6.018989999999999618e-01
8.554540000000000477e-01 6.180799999999999628e-01 7.005500000000000616e-02 4.127660000000000218e-01 3.547649999999999970e-01
8.075719999999999565e-01 8.557339999999999947e-01 3.248349999999999849e-01 5.012309999999999821e-01 1.867179999999999951e-01
1.681529999999999969e-01 1.546659999999999979e-01 4.685759999999999925e-01 3.576819999999999999e-01 5.634959999999999969e-01
6.824130000000000473e-01 3.111119999999999997e-01 8.546300000000000008e-01 7.727479999999999905e-01 5.674869999999999637e-01
5.856130000000000502e-01 4.035299999999999998e-01 1.236929999999999974e-01 9.035260000000000513e-01 5.588319999999999954e-01
7.889869999999999939e-01 5.055410000000000181e-01 6.200240000000000196e-01 7.381649999999999601e-01 3.465559999999999752e-01
5.074300000000000477e-01 3.695450000000000124e-01 9.502239999999999576e-01 4.145019999999999816e-01 5.352109999999999923e-01
2.856480000000000130e-01 8.912830000000000474e-01 7.931979999999999587e-01 2.831779999999999853e-01 3.709540000000000060e-01
3.956580000000000097e-01 8.290399999999999991e-01 6.733259999999999801e-01 5.848060000000000480e-01 8.385610000000000008e-01
6.993089999999999584e-01 2.904900000000000260e-01 2.628269999999999773e-01 3.303019999999999845e-01 3.785720000000000196e-01
6.575750000000000206e-01 8.682440000000000158e-01 5.737259999999999582e-01 6.087190000000000101e-01 7.482539999999999747e-01
7.713069999999999649e-01 3.613799999999999790e-01 7.091650000000000453e-01 9.345149999999999846e-01 3.966620000000000146e-01
7.010250000000000092e-01 1.270129999999999870e-01 7.155249999999999666e-01 8.305099999999999705e-01 3.837479999999999780e-01
6.579070000000000196e-01 4.348819999999999908e-01 6.168499999999999678e-02 7.394209999999999949e-01 4.516370000000000107e-01
1.977980000000000016e-01 3.944259999999999988e-01 1.244900000000000034e-01 2.963219999999999743e-01 2.834139999999999993e-01
3.356600000000000139e-01 4.314769999999999994e-01 8.284869999999999735e-01 3.892559999999999909e-01 2.259319999999999939e-01
2.470809999999999951e-01 6.870640000000000081e-01 4.912730000000000152e-01 8.332490000000000174e-01 4.190940000000000221e-01
7.138630000000000253e-01 8.996699999999999697e-01 7.469700000000000228e-01 3.167929999999999913e-01 3.402720000000000189e-01
7.451259999999999550e-01 3.408450000000000091e-01 5.862690000000000401e-01 4.249120000000000119e-01 5.038540000000000241e-01
2.756379999999999941e-01 6.446610000000000396e-01 8.202180000000000026e-01 4.074010000000000131e-01 1.903420000000000112e-01
4.169410000000000061e-01 5.299829999999999819e-01 4.291510000000000047e-01 7.483109999999999484e-01 8.610179999999999501e-01
6.996130000000000404e-01 3.995520000000000183e-01 2.624639999999999751e-01 2.402360000000000051e-01 6.433419999999999694e-01
6.429249999999999687e-01 6.440379999999999994e-01 3.462350000000000150e-01 1.747559999999999947e-01 1.212809999999999999e-01
3.638799999999999812e-01 7.323220000000000285e-01 1.433800000000000074e-01 7.930260000000000087e-01 3.961790000000000034e-01
5.801260000000000305e-01 1.772890000000000021e-01 6.982399999999999718e-01 3.181720000000000104e-01 5.168909999999999894e-01
3.805189999999999961e-01 3.886260000000000270e-01 6.289270000000000138e-01 3.719439999999999968e-01 2.579429999999999779e-01
6.473870000000000458e-01 6.259850000000000136e-01 9.338800000000000434e-01 7.286089999999999511e-01 7.258470000000000200e-01
3.127770000000000272e-01 8.485510000000000552e-01 6.040990000000000526e-01 8.749700000000000533e-02 5.649459999999999482e-01
6.333379999999999566e-01 5.124549999999999939e-01 8.233719999999999928e-01 4.090449999999999919e-01 8.207520000000000371e-01
5.739640000000000297e-01 6.060849999999999849e-01 4.627749999999999919e-01 8.586599999999999788e-01 4.994160000000000266e-01
5.663939999999999531e-01 3.824569999999999914e-01 9.585620000000000251e-01 5.527030000000000554e-01 2.789989999999999970e-01
3.635329999999999950e-01 8.967230000000000478e-01 2.277939999999999965e-01 5.298220000000000152e-01 7.223629999999999773e-01
5.124400000000000066e-01 5.840809999999999613e-01 6.411729999999999929e-01 1.880259999999999987e-01 1.514540000000000053e-01
3.689279999999999782e-01 5.778189999999999715e-01 4.108089999999999797e-01 4.676259999999999861e-01 3.860580000000000123e-01
6.595590000000000064e-01 2.103609999999999924e-01 5.418309999999999516e-01 5.592840000000000034e-01 8.824779999999999847e-01
8.090230000000000476e-01 2.490870000000000029e-01 4.075239999999999974e-01 2.591330000000000022e-01 2.562989999999999990e-01
6.179949999999999610e-01 6.499599999999999822e-01 8.811069999999999736e-01 7.690529999999999866e-01 4.699499999999999789e-01
4.555669999999999997e-01 7.222650000000000459e-01 1.137539999999999940e-01 8.589560000000000528e-01 4.747330000000000161e-01
5.409869999999999957e-01 3.684950000000000170e-01 3.019410000000000149e-01 7.276080000000000325e-01 9.125830000000000330e-01
6.259040000000000159e-01 5.678889999999999771e-01 5.176800000000000290e-01 6.397270000000000456e-01 8.947019999999999973e-01
4.905120000000000036e-01 3.679899999999999838e-02 4.793549999999999756e-01 5.210460000000000091e-01 2.120190000000000130e-01
4.048089999999999744e-01 6.319019999999999637e-01 3.698429999999999773e-01 9.483390000000000430e-01 7.344549999999999690e-01
4.897540000000000227e-01 2.983339999999999881e-01 1.030879999999999991e-01 6.080600000000000449e-01 6.631960000000000077e-01
3.758699999999999819e-01 2.468440000000000079e-01 7.116209999999999480e-01 2.140970000000000095e-01 3.318139999999999978e-01
3.951069999999999860e-01 5.711420000000000385e-01 1.768149999999999999e-01 7.375230000000000397e-01 5.523580000000000156e-01
5.906409999999999716e-01 9.109669999999999712e-01 6.163629999999999942e-01 2.062329999999999997e-01 1.562620000000000120e-01
3.031929999999999903e-01 7.595509999999999762e-01 7.783409999999999496e-01 5.703439999999999621e-01 7.797849999999999504e-01
8.509980000000000322e-01 7.183249999999999913e-01 8.922609999999999708e-01 2.260070000000000134e-01 4.938839999999999897e-01
7.090180000000000371e-01 4.639420000000000210e-01 4.684659999999999935e-01 5.021520000000000428e-01 6.639190000000000369e-01
4.833890000000000131e-01 3.272840000000000193e-01 6.686140000000000416e-01 3.961390000000000189e-01 9.005619999999999736e-01
7.511449999999999516e-01 4.881139999999999923e-01 7.272170000000000023e-01 3.376660000000000217e-01 1.543700000000000072e-01
3.145209999999999950e-01 1.503839999999999899e-01 5.044530000000000403e-01 3.465320000000000067e-01 1.550660000000000094e-01
1.927659999999999929e-01 8.106590000000000185e-01 7.437719999999999887e-01 5.749079999999999746e-01 4.712459999999999982e-01
5.447910000000000252e-01 3.053230000000000111e-01 5.553139999999999743e-01 1.584069999999999923e-01 3.454699999999999993e-01
3.168690000000000118e-01 6.099050000000000304e-01 6.692829999999999613e-01 6.411360000000000392e-01 5.784070000000000045e-01
3.332019999999999982e-01 1.256289999999999907e-01 4.525190000000000046e-01 4.874870000000000037e-01 1.913199999999999901e-01
7.507690000000000197e-01 1.784239999999999993e-01 7.785760000000000458e-01 5.264649999999999608e-01 2.901630000000000043e-01
3.192889999999999895e-01 2.869419999999999749e-01 6.416629999999999834e-01 4.332940000000000125e-01 3.681699999999999973e-01
3.976169999999999982e-01 7.554910000000000236e-01 5.379650000000000265e-01 5.811030000000000362e-01 6.056289999999999729e-01
8.008690000000000531e-01 2.055970000000000020e-01 4.674610000000000154e-01 6.213379999999999459e-01 8.356059999999999599e-01
8.850900000000000434e-01 7.017830000000000457e-01 8.624730000000000452e-01 5.812810000000000477e-01 5.910520000000000218e-01
8.109210000000000029e-01 1.449850000000000028e-01 7.708340000000000192e-01 4.134200000000000097e-01 3.499450000000000061e-01
5.280350000000000321e-01 6.762890000000000290e-01 3.918119999999999936e-01 1.907669999999999921e-01 2.141530000000000100e-01
1.793679999999999997e-01 6.418909999999999894e-01 2.584790000000000143e-01 2.513520000000000199e-01 4.671890000000000209e-01
6.640310000000000379e-01 3.690359999999999752e-01 3.842709999999999737e-01 4.369169999999999998e-01 2.656740000000000212e-01
3.872539999999999871e-01 5.776400000000000423e-01 3.891649999999999832e-01 7.006909999999999528e-01 5.052389999999999937e-01
5.438479999999999981e-01 4.603140000000000009e-01 4.901860000000000106e-01 5.580669999999999797e-01 4.238319999999999865e-01
3.493229999999999946e-01 6.691800000000000526e-02 6.917680000000000495e-01 5.379000000000000448e-01 4.919310000000000072e-01
7.775009999999999977e-01 4.638149999999999773e-01 3.350759999999999850e-01 6.164819999999999744e-01 2.091419999999999946e-01
3.438780000000000170e-01 5.516090000000000160e-01 8.959139999999999882e-01 6.288040000000000296e-01 3.106740000000000057e-01
4.929910000000000125e-01 6.984639999999999738e-01 8.932400000000000062e-02 2.631830000000000003e-01 3.162300000000000111e-01
8.719930000000000181e-01 5.878079999999999972e-01 2.937939999999999996e-01 8.003550000000000386e-01 5.717499999999999805e-01
6.252830000000000332e-01 1.375929999999999931e-01 5.289679999999999938e-01 3.595740000000000047e-01 3.600860000000000172e-01
3.118429999999999813e-01 1.424060000000000048e-01 4.139459999999999806e-01 1.923880000000000035e-01 4.725989999999999913e-01
3.553600000000000092e-01 5.320080000000000364e-01 4.507539999999999880e-01 8.271830000000000016e-01 4.656549999999999856e-01
6.016629999999999479e-01 1.472430000000000128e-01 7.136749999999999483e-01 7.387479999999999603e-01 1.335560000000000080e-01
6.836600000000000454e-01 2.663409999999999944e-01 3.869879999999999987e-01 1.126100000000000018e-01 6.341139999999999555e-01
6.673240000000000283e-01 7.225819999999999466e-01 4.353949999999999765e-01 6.879950000000000232e-01 1.364279999999999937e-01
5.431049999999999489e-01 9.583150000000000279e-01 3.966500000000000026e-01 5.042860000000000120e-01 5.300949999999999829e-01
3.089359999999999884e-01 2.834940000000000238e-01 6.809340000000000392e-01 4.618809999999999860e-01 8.273200000000000554e-01
7.604319999999999968e-01 5.863709999999999756e-01 1.416189999999999949e-01 1.861460000000000059e-01 5.474560000000000537e-01
9.479189999999999561e-01 6.703040000000000109e-01 7.926790000000000225e-01 5.618870000000000253e-01 6.313499999999999668e-01
6.551139999999999741e-01 5.013900000000000023e-01 8.606989999999999919e-01 7.634640000000000315e-01 5.358629999999999782e-01
2.082829999999999959e-01 6.202349999999999808e-01 2.924640000000000017e-01 4.438150000000000150e-01 1.984249999999999903e-01
7.564779999999999838e-01 1.207580000000000042e-01 5.819819999999999993e-01 3.640869999999999940e-01 2.117930000000000090e-01
3.178699999999999859e-01 4.384140000000000259e-01 4.305579999999999963e-01 3.842900000000000205e-01 7.688730000000000286e-01
4.409580000000000166e-01 1.746489999999999987e-01 3.280480000000000063e-01 5.050959999999999894e-01 1.516639999999999933e-01
5.322480000000000544e-01 4.946389999999999953e-01 4.023169999999999802e-01 7.356329999999999814e-01 7.831369999999999720e-01
1.810630000000000017e-01 1.338900000000000090e-01 2.862049999999999872e-01 2.496720000000000050e-01 2.349080000000000057e-01
1.027980000000000005e-01 7.248520000000000518e-01 5.810490000000000377e-01 6.835649999999999782e-01 6.763590000000000435e-01
5.645630000000000370e-01 6.021689999999999543e-01 6.492630000000000345e-01 1.590689999999999882e-01 4.684079999999999910e-01
5.313689999999999802e-01 7.166780000000000372e-01 1.992240000000000122e-01 3.649209999999999954e-01 2.204849999999999866e-01
6.986660000000000093e-01 4.863669999999999938e-01 3.716639999999999944e-01 5.619340000000000446e-01 4.204049999999999732e-01
7.399740000000000206e-01 7.475789999999999935e-01 5.630680000000000129e-01 4.809709999999999819e-01 6.838140000000000329e-01
8.618069999999999897e-01 3.952080000000000037e-01 2.612149999999999750e-01 2.360140000000000016e-01 6.844299999999999828e-01
7.273979999999999890e-01 3.767860000000000098e-01 6.451869999999999550e-01 6.521040000000000170e-01 9.074889999999999901e-01
3.390420000000000100e-01 2.755859999999999976e-01 7.775149999999999562e-01 6.963679999999999870e-01 8.489130000000000287e-01
6.730249999999999844e-01 5.391620000000000301e-01 6.896210000000000395e-01 4.593010000000000148e-01 4.677390000000000159e-01
6.523210000000000397e-01 5.617539999999999756e-01 4.025489999999999902e-01 6.373280000000000056e-01 5.797350000000000003e-01
6.135479999999999823e-01 9.014579999999999815e-01 8.026069999999999593e-01 4.107500000000000040e-01 4.815189999999999748e-01
3.235370000000000190e-01 6.878800000000000470e-01 1.935790000000000011e-01 4.827389999999999737e-01 3.943240000000000078e-01
4.023829999999999907e-01 8.529569999999999652e-01 6.439230000000000231e-01 4.192810000000000148e-01 8.613239999999999785e-01
2.680870000000000197e-01 7.389489999999999670e-01 5.124969999999999803e-01 5.452369999999999717e-01 7.969340000000000312e-01
8.644220000000000237e-01 3.325779999999999847e-01 6.399930000000000341e-01 3.601070000000000104e-01 3.220999999999999974e-01
3.370929999999999760e-01 5.240150000000000086e-01 1.247520000000000018e-01 7.009950000000000347e-01 6.190430000000000099e-01
2.553860000000000019e-01 2.670730000000000048e-01 6.969359999999999999e-01 4.003619999999999957e-01 8.888930000000000442e-01
4.831030000000000046e-01 5.125720000000000276e-01 8.051880000000000148e-01 8.023719999999999741e-01 4.672540000000000027e-01
8.472530000000000339e-01 7.790080000000000338e-01 7.876760000000000428e-01 4.715480000000000227e-01 3.135609999999999786e-01
3.407209999999999961e-01 4.942019999999999746e-01 5.876399999999999679e-02 6.451780000000000292e-01 5.088730000000000198e-01
7.617350000000000509e-01 4.775010000000000088e-01 3.572960000000000025e-01 7.725200000000000122e-02 3.728090000000000015e-01
7.994470000000000187e-01 3.020959999999999757e-01 3.349320000000000075e-01 2.005520000000000080e-01 6.777819999999999956e-01
7.268919999999999826e-01 8.801280000000000214e-01 3.031780000000000030e-01 5.120890000000000164e-01 6.850169999999999870e-01
8.566200000000000203e-02 7.212640000000000162e-01 2.837180000000000257e-01 4.478130000000000166e-01 3.885410000000000252e-01
2.088730000000000031e-01 5.283560000000000478e-01 7.995099999999999429e-02 7.368710000000000537e-01 5.962389999999999635e-01
4.851960000000000162e-01 6.828440000000000065e-01 5.536889999999999867e-01 8.445430000000000437e-01 2.271440000000000126e-01
6.101199999999999957e-01 2.811449999999999783e-01 1.988270000000000037e-01 6.789939999999999864e-01 8.557550000000000434e-01
8.319189999999999641e-01 5.540799999999999892e-02 2.465380000000000071e-01 5.592089999999999561e-01 6.266509999999999581e-01
3.850890000000000146e-01 1.918630000000000058e-01 6.383259999999999490e-01 3.515349999999999864e-01 2.520100000000000118e-01
3.047889999999999766e-01 5.874059999999999837e-01 5.315609999999999502e-01 9.421899999999999720e-01 3.940029999999999921e-01
6.523600000000000232e-02 4.236730000000000218e-01 6.747549999999999937e-01 6.062739999999999796e-01 6.401710000000000456e-01
3.591170000000000195e-01 6.817520000000000246e-01 2.118490000000000095e-01 5.419389999999999485e-01 3.720740000000000158e-01
4.541950000000000154e-01 6.473820000000000130e-01 5.445440000000000280e-01 1.516569999999999863e-01 8.996260000000000367e-01
8.065470000000000139e-01 6.348260000000000014e-01 5.219380000000000130e-01 2.184329999999999883e-01 1.959380000000000011e-01
4.749709999999999765e-01 8.448649999999999771e-01 6.520230000000000192e-01 5.541220000000000034e-01 1.326450000000000129e-01
3.723699999999999788e-01 4.206750000000000211e-01 2.915949999999999931e-01 8.367189999999999905e-01 7.283230000000000537e-01
3.593180000000000263e-01 5.501899999999999846e-02 7.085299999999999931e-01 2.586740000000000150e-01 5.413850000000000051e-01
4.662519999999999998e-01 3.042560000000000264e-01 6.314180000000000348e-01 2.367660000000000042e-01 3.258159999999999945e-01
6.340529999999999777e-01 5.327870000000000106e-01 5.552740000000000453e-01 4.888770000000000060e-01 5.507699999999999818e-01
3.718270000000000186e-01 2.983060000000000156e-01 6.349620000000000264e-01 8.067999999999999616e-01 8.864539999999999642e-01
6.361200000000000188e-01 2.760830000000000228e-01 1.282040000000000124e-01 7.270900000000000141e-01 1.940630000000000133e-01
8.095769999999999911e-01 5.569250000000000034e-01 2.466609999999999914e-01 6.239770000000000039e-01 1.889949999999999963e-01
2.391669999999999907e-01 6.750070000000000237e-01 8.497230000000000061e-01 2.973649999999999904e-01 8.092059999999999809e-01
2.172499999999999987e-01 3.162789999999999768e-01 6.962979999999999725e-01 6.738070000000000448e-01 6.687490000000000379e-01
6.668500000000000538e-01 7.482630000000000114e-01 5.690499999999999725e-02 4.027890000000000081e-01 6.824109999999999898e-01
2.801509999999999834e-01 4.911400000000000210e-01 5.980929999999999858e-01 1.475650000000000017e-01 1.230819999999999970e-01
2.693110000000000226e-01 3.125249999999999972e-01 6.046169999999999600e-01 7.915619999999999878e-01 7.898779999999999690e-01
4.857589999999999963e-01 1.541750000000000065e-01 2.172189999999999954e-01 8.045670000000000321e-01 3.610949999999999993e-01
1.403399999999999925e-01 6.947790000000000354e-01 1.504590000000000094e-01 7.655939999999999968e-01 3.457129999999999925e-01
5.756989999999999608e-01 7.664630000000000054e-01 9.491469999999999629e-01 3.071010000000000129e-01 4.470509999999999762e-01
5.880049999999999999e-01 6.000600000000000378e-01 2.020319999999999894e-01 5.513219999999999787e-01 6.509600000000000108e-02
2.145910000000000040e-01 6.247129999999999628e-01 5.470270000000000410e-01 8.872349999999999959e-01 7.524659999999999682e-01
4.925030000000000241e-01 5.012429999999999941e-01 3.830890000000000128e-01 5.827959999999999807e-01 4.780500000000000027e-02
7.106620000000000159e-01 1.005970000000000059e-01 7.313260000000000316e-01 3.948090000000000210e-01 5.587199999999999944e-01
5.952520000000000033e-01 3.990819999999999923e-01 3.660649999999999737e-01 4.519639999999999769e-01 1.647240000000000093e-01
6.138040000000000163e-01 2.043490000000000029e-01 4.893009999999999859e-01 6.832610000000000072e-01 5.721500000000000474e-01
1.183540000000000009e-01 1.675339999999999885e-01 7.475749999999999895e-01 4.894060000000000077e-01 4.473090000000000122e-01
4.497820000000000151e-01 4.855909999999999949e-01 3.278690000000000215e-01 5.019379999999999953e-01 7.698399999999999688e-02
5.449089999999999767e-01 2.842669999999999919e-01 6.742719999999999825e-01 4.977559999999999762e-01 7.832280000000000353e-01
7.094519999999999715e-01 7.539230000000000098e-01 1.827610000000000068e-01 6.579850000000000421e-01 7.504009999999999847e-01
5.347690000000000499e-01 8.672210000000000196e-01 3.788090000000000068e-01 6.428169999999999717e-01 8.307309999999999972e-01
9.302499999999999658e-02 4.664460000000000273e-01 5.549150000000000471e-01 4.571100000000000163e-01 6.405239999999999823e-01
2.821600000000000219e-01 2.690460000000000074e-01 8.533180000000000209e-01 7.136799999999999811e-01 8.139509999999999801e-01
9.106400000000000605e-02 5.155920000000000503e-01 5.554519999999999458e-01 4.834180000000000144e-01 8.023449999999999749e-01
3.354210000000000247e-01 4.259800000000000253e-01 4.462050000000000183e-01 3.633830000000000116e-01 3.816649999999999765e-01
6.388089999999999602e-01 4.702979999999999938e-01 2.919180000000000108e-01 2.654799999999999938e-01 9.150690000000000213e-01
5.631850000000000467e-01 4.539210000000000189e-01 4.482699999999999879e-02 4.074789999999999801e-01 5.069649999999999990e-01
5.540939999999999754e-01 6.572949999999999626e-01 1.617310000000000136e-01 2.202210000000000001e-01 2.585319999999999840e-01
1.530199999999999894e-01 8.042230000000000212e-01 5.825900000000000523e-01 5.836040000000000116e-01 6.247949999999999893e-01
9.254620000000000068e-01 2.432469999999999910e-01 2.510479999999999934e-01 3.631599999999999828e-01 6.281849999999999934e-01
9.048429999999999529e-01 6.914050000000000473e-01 4.405479999999999952e-01 2.950200000000000045e-01 4.030610000000000026e-01
5.785479999999999512e-01 6.630920000000000147e-01 5.849550000000000027e-01 3.408240000000000158e-01 2.240099999999999869e-01
8.532499999999999529e-01 5.791929999999999579e-01 4.907949999999999813e-01 7.994729999999999892e-01 7.480269999999999975e-01
6.322569999999999579e-01 3.485710000000000197e-01 4.269950000000000134e-01 5.077909999999999924e-01 4.515270000000000117e-01
7.640390000000000237e-01 2.044809999999999961e-01 7.166940000000000532e-01 4.693050000000000277e-01 6.024519999999999875e-01
3.411379999999999968e-01 5.044380000000000530e-01 8.636000000000000620e-02 4.443750000000000200e-01 6.050400000000000222e-01
2.922859999999999903e-01 4.492030000000000189e-01 7.630099999999999660e-01 9.067260000000000320e-01 3.442549999999999777e-01
1.045149999999999968e-01 5.806750000000000522e-01 4.059320000000000150e-01 5.064980000000000038e-01 7.127609999999999779e-01
3.689009999999999789e-01 1.221600000000000047e-01 1.492459999999999898e-01 3.701619999999999910e-01 3.167269999999999808e-01
2.387029999999999985e-01 8.763830000000000231e-01 3.630390000000000006e-01 5.960370000000000390e-01 5.919999999999999707e-01
1.871120000000000005e-01 7.981679999999999886e-01 8.134379999999999944e-01 4.500100000000000211e-01 3.131390000000000007e-01
4.063629999999999742e-01 7.479949999999999655e-01 5.504580000000000028e-01 5.497630000000000017e-01 8.710750000000000437e-01
1.582389999999999908e-01 5.175370000000000248e-01 2.417279999999999984e-01 7.164150000000000240e-01 7.825149999999999606e-01
7.241729999999999556e-01 1.797739999999999894e-01 4.591669999999999918e-01 2.219079999999999941e-01 6.013290000000000024e-01
8.060519999999999907e-01 3.131180000000000074e-01 5.756459999999999910e-01 8.797899999999999610e-01 6.385150000000000547e-01
5.133339999999999570e-01 5.976550000000000473e-01 7.893769999999999953e-01 5.696299999999999975e-02 3.763270000000000226e-01
3.923309999999999853e-01 9.135839999999999517e-01 6.036259999999999959e-01 1.384100000000000052e-01 2.642849999999999921e-01
8.354540000000000299e-01 4.785650000000000182e-01 2.375059999999999949e-01 7.549590000000000467e-01 6.035540000000000349e-01
5.224499999999999700e-01 8.098530000000000451e-01 1.974849999999999939e-01 1.312240000000000073e-01 4.881139999999999923e-01
7.395669999999999744e-01 9.042959999999999887e-01 4.995689999999999853e-01 2.545080000000000120e-01 5.122619999999999951e-01
6.770190000000000374e-01 6.505520000000000191e-01 8.267710000000000337e-01 5.433090000000000419e-01 4.017370000000000108e-01
2.300419999999999965e-01 3.234139999999999793e-01 6.220700000000000118e-01 1.367099999999999982e-01 6.799190000000000511e-01
3.155000000000000027e-01 6.117669999999999497e-01 9.596240000000000325e-01 3.996270000000000100e-01 5.264940000000000175e-01
7.768610000000000237e-01 7.033239999999999492e-01 7.670820000000000416e-01 3.477850000000000108e-01 2.254599999999999937e-01
3.459439999999999737e-01 2.865539999999999754e-01 1.180240000000000039e-01 6.361379999999999812e-01 5.742760000000000087e-01
2.009630000000000027e-01 5.903599999999999959e-01 1.804900000000000115e-01 4.941510000000000069e-01 1.925489999999999979e-01
8.837180000000000035e-01 6.428960000000000230e-01 1.565020000000000022e-01 3.312610000000000277e-01 4.968150000000000066e-01
6.367859999999999632e-01 4.623360000000000247e-01 4.834109999999999796e-01 6.809190000000000520e-01 2.035710000000000020e-01
7.299670000000000325e-01 5.573540000000000161e-01 4.513889999999999847e-01 4.971459999999999768e-01 5.360530000000000017e-01
4.069909999999999917e-01 3.060410000000000075e-01 6.304859999999999909e-01 5.755909999999999638e-01 9.517940000000000289e-01
1.550489999999999924e-01 9.048800000000000177e-01 3.246600000000000041e-01 5.575999999999999845e-01 5.884549999999999503e-01
5.571890000000000454e-01 6.765889999999999960e-01 4.320490000000000164e-01 4.470950000000000202e-01 3.308840000000000114e-01
1.669100000000000028e-01 2.592149999999999732e-01 6.218439999999999523e-01 3.312709999999999821e-01 6.665769999999999751e-01
5.423639999999999572e-01 5.107479999999999798e-01 1.484310000000000074e-01 6.855210000000000470e-01 5.480260000000000131e-01
2.330669999999999964e-01 1.629849999999999910e-01 2.808169999999999833e-01 6.841319999999999624e-01 2.073349999999999915e-01
6.061290000000000289e-01 2.054739999999999900e-01 4.001410000000000244e-01 1.776760000000000006e-01 2.009589999999999987e-01
5.148200000000000554e-01 5.777590000000000225e-01 3.915810000000000124e-01 3.014760000000000217e-01 9.049490000000000034e-01
4.733519999999999950e-01 6.218420000000000059e-01 2.928040000000000087e-01 1.583479999999999888e-01 3.559669999999999779e-01
5.888250000000000428e-01 3.844949999999999757e-01 2.090710000000000068e-01 8.488029999999999742e-01 8.280999999999999472e-01
7.422689999999999566e-01 3.134069999999999911e-01 4.278699999999999726e-01 2.038349999999999884e-01 8.485899999999999554e-01
7.506890000000000507e-01 8.284299999999999997e-01 4.308859999999999912e-01 8.976229999999999487e-01 3.529570000000000207e-01
4.250999999999999779e-01 6.491230000000000055e-01 8.134749999999999481e-01 6.715000000000000135e-02 5.938860000000000250e-01
4.375399999999999845e-01 7.271030000000000548e-01 4.209410000000000096e-01 7.608270000000000310e-01 2.275619999999999865e-01
6.363520000000000287e-01 1.719789999999999930e-01 4.553019999999999845e-01 2.560299999999999798e-01 1.018830000000000013e-01
3.477660000000000196e-01 8.971980000000000510e-01 2.142280000000000018e-01 5.288089999999999735e-01 6.846069999999999656e-01
6.702059999999999684e-01 1.559659999999999935e-01 3.273280000000000078e-01 4.015299999999999980e-01 5.153849999999999820e-01
1.765760000000000107e-01 7.186669999999999447e-01 6.350700000000000234e-01 6.295770000000000532e-01 3.003879999999999884e-01
5.621749999999999803e-01 4.763890000000000069e-01 6.725280000000000147e-01 1.833849999999999925e-01 1.593370000000000064e-01
2.584420000000000051e-01 6.387580000000000480e-01 6.098980000000000512e-01 5.536410000000000498e-01 3.877900000000000097e-02
5.389890000000000514e-01 7.947100000000000275e-01 6.837689999999999602e-01 1.039019999999999944e-01 2.758039999999999936e-01
4.418130000000000113e-01 5.572380000000000111e-01 5.051590000000000247e-01 2.061419999999999919e-01 6.269510000000000360e-01
1.051210000000000061e-01 7.707330000000000014e-01 7.106989999999999696e-01 7.256810000000000205e-01 5.229270000000000307e-01
7.668650000000000189e-01 7.001100000000000101e-01 7.508510000000000462e-01 5.531340000000000146e-01 5.226009999999999822e-01
3.569129999999999803e-01 6.444849999999999746e-01 8.609109999999999818e-01 3.389480000000000270e-01 7.059140000000000414e-01
5.135020000000000140e-01 4.326090000000000213e-01 8.539139999999999509e-01 7.284270000000000467e-01 6.722639999999999727e-01
6.433950000000000502e-01 5.413769999999999971e-01 9.190409999999999968e-01 3.260129999999999972e-01 2.926000000000000267e-01
7.346009999999999485e-01 4.405519999999999992e-01 3.601750000000000229e-01 4.551470000000000238e-01 6.618239999999999679e-01
3.225009999999999821e-01 2.800779999999999936e-01 2.683019999999999849e-01 3.448470000000000146e-01 8.383930000000000549e-01
2.053039999999999865e-01 5.465449999999999475e-01 7.901280000000000525e-01 6.776170000000000249e-01 7.142690000000000428e-01
4.409739999999999771e-01 4.498240000000000016e-01 1.966789999999999927e-01 5.882249999999999979e-01 2.903020000000000045e-01
3.528810000000000002e-01 8.720480000000000453e-01 5.160240000000000382e-01 8.070060000000000011e-01 3.471730000000000094e-01
6.469669999999999588e-01 5.661070000000000269e-01 5.620950000000000113e-01 1.248530000000000056e-01 4.118939999999999824e-01
7.002960000000000296e-01 8.680550000000000210e-01 3.964619999999999811e-01 3.444050000000000167e-01 4.112080000000000179e-01
7.895849999999999813e-01 5.585590000000000277e-01 6.981199999999999628e-01 3.081570000000000142e-01 1.929130000000000011e-01
8.792919999999999625e-01 2.566609999999999725e-01 6.991389999999999549e-01 4.321119999999999961e-01 5.056899999999999729e-01
1.321080000000000032e-01 3.427899999999999836e-01 2.760589999999999988e-01 7.183760000000000145e-01 7.508129999999999526e-01
3.721539999999999848e-01 7.990310000000000468e-01 3.116700000000000026e-01 2.294779999999999875e-01 8.384260000000000046e-01
4.250990000000000046e-01 6.453980000000000272e-01 2.014869999999999994e-01 3.990170000000000106e-01 2.764229999999999743e-01
7.225340000000000096e-01 6.249900000000000455e-01 2.131089999999999929e-01 7.165259999999999962e-01 6.455579999999999652e-01
3.741090000000000249e-01 6.519380000000000175e-01 1.157139999999999974e-01 8.025630000000000264e-01 6.702040000000000219e-01
6.971929999999999517e-01 7.205570000000000030e-01 4.056370000000000253e-01 5.467480000000000118e-01 1.910449999999999926e-01
7.139760000000000550e-01 8.005459999999999798e-01 7.764919999999999600e-01 4.930530000000000190e-01 7.429639999999999578e-01
8.212300000000000155e-01 4.066040000000000210e-01 7.907760000000000344e-01 5.787639999999999452e-01 2.793910000000000005e-01
4.546169999999999933e-01 7.518080000000000318e-01 6.294199999999999795e-01 6.609059999999999935e-01 8.501300000000000523e-01
6.306460000000000399e-01 2.709920000000000107e-01 5.660309999999999508e-01 2.813249999999999917e-01 2.288989999999999914e-01
1.121270000000000044e-01 5.235069999999999446e-01 5.751870000000000038e-01 1.635379999999999889e-01 5.870509999999999895e-01
5.580220000000000180e-01 6.730880000000000196e-01 5.869950000000000445e-01 6.263859999999999983e-01 6.778629999999999933e-01
6.983200000000000518e-02 6.676840000000000552e-01 7.608449999999999935e-01 5.220059999999999700e-01 3.510179999999999967e-01
1.455760000000000109e-01 7.036080000000000112e-01 5.449399999999999800e-01 7.997659999999999769e-01 6.737640000000000295e-01
5.816449999999999676e-01 7.011220000000000230e-01 7.567369999999999930e-01 4.868390000000000217e-01 3.047770000000000201e-01
3.939690000000000136e-01 4.435890000000000111e-01 4.010469999999999868e-01 3.973419999999999730e-01 1.337379999999999958e-01
1.921059999999999990e-01 7.250999999999999668e-01 7.537479999999999736e-01 2.391540000000000055e-01 4.543349999999999889e-01
6.167470000000000452e-01 6.589019999999999877e-01 1.687549999999999883e-01 2.680250000000000132e-01 7.030189999999999495e-01
6.217200000000000504e-01 2.518509999999999915e-01 8.654939999999999856e-01 3.556500000000000217e-01 4.084849999999999870e-01
4.104039999999999910e-01 6.581519999999999593e-01 5.658039999999999736e-01 4.685599999999999765e-01 9.618699999999999473e-02
7.127700000000000147e-01 5.223529999999999562e-01 1.835720000000000129e-01 3.027980000000000116e-01 1.232990000000000058e-01
2.839510000000000089e-01 3.714689999999999936e-01 2.801730000000000054e-01 8.635429999999999495e-01 5.606659999999999977e-01
6.156270000000000353e-01 8.346139999999999670e-01 3.507390000000000230e-01 8.784739999999999771e-01 5.183619999999999894e-01
3.279790000000000205e-01 3.392330000000000068e-01 4.935149999999999815e-01 5.121769999999999934e-01 1.586680000000000035e-01
3.744449999999999723e-01 2.949609999999999732e-01 4.124849999999999905e-01 6.412090000000000289e-01 7.988739999999999730e-01
6.758189999999999475e-01 4.862719999999999820e-01 7.663590000000000124e-01 1.885189999999999921e-01 4.347429999999999906e-01
2.457820000000000005e-01 8.550400000000000222e-01 6.489719999999999933e-01 2.735360000000000014e-01 3.195370000000000155e-01
9.323169999999999513e-01 4.533039999999999847e-01 6.720080000000000497e-01 4.322840000000000016e-01 3.922979999999999801e-01
4.342090000000000116e-01 7.501160000000000050e-01 2.011509999999999965e-01 7.453889999999999683e-01 7.459489999999999732e-01
1.564770000000000050e-01 9.029310000000000391e-01 5.652080000000000437e-01 4.462840000000000140e-01 6.985230000000000050e-01
3.429579999999999851e-01 8.731400000000000272e-02 4.864910000000000068e-01 4.493619999999999837e-01 4.247029999999999972e-01
5.776409999999999600e-01 4.159709999999999797e-01 2.176150000000000029e-01 4.534670000000000090e-01 4.205499999999999794e-01
1.881019999999999914e-01 4.253990000000000271e-01 6.858769999999999589e-01 5.354879999999999640e-01 9.395130000000000425e-01
3.900870000000000171e-01 1.863829999999999931e-01 5.389749999999999819e-01 5.482420000000000071e-01 2.957449999999999801e-01
3.984779999999999989e-01 2.245379999999999876e-01 8.130220000000000224e-01 4.541430000000000189e-01 7.889230000000000409e-01
4.276380000000000181e-01 3.150760000000000227e-01 4.839550000000000241e-01 8.398369999999999447e-01 1.416749999999999954e-01
8.466580000000000217e-01 7.735819999999999919e-01 5.908689999999999776e-01 7.375209999999999821e-01 5.186570000000000347e-01
7.201899999999999968e-02 4.239140000000000130e-01 7.213479999999999892e-01 6.934820000000000428e-01 3.495909999999999851e-01
3.840339999999999865e-01 4.614579999999999793e-01 7.254220000000000113e-01 1.622619999999999896e-01 1.376410000000000133e-01
5.898219999999999574e-01 1.359150000000000080e-01 3.231319999999999748e-01 8.795330000000000092e-01 3.147659999999999902e-01
7.093239999999999545e-01 6.147730000000000139e-01 4.852790000000000159e-01 7.769099999999999617e-02 7.444429999999999659e-01
6.642930000000000224e-01 7.783889999999999976e-01 3.794969999999999732e-01 2.086260000000000059e-01 3.740490000000000204e-01
6.541399999999999992e-02 4.124700000000000033e-01 3.775930000000000120e-01 2.115559999999999941e-01 6.217510000000000536e-01
4.548400000000000221e-01 4.887500000000000178e-01 4.240399999999999725e-01 8.457529999999999770e-01 5.737710000000000310e-01
3.694580000000000086e-01 4.843370000000000175e-01 2.552449999999999997e-01 9.027579999999999494e-01 6.572890000000000121e-01
1.034510000000000013e-01 7.068600000000000438e-01 1.945979999999999932e-01 6.053009999999999780e-01 2.933749999999999969e-01
1.559399999999999953e-01 8.889259999999999939e-01 1.807890000000000053e-01 5.276570000000000427e-01 3.263800000000000034e-01
4.704780000000000073e-01 3.238139999999999907e-01 3.469169999999999754e-01 6.388610000000000122e-01 3.310420000000000029e-01
8.178579999999999739e-01 7.388149999999999995e-01 2.565779999999999728e-01 3.039560000000000040e-01 5.852330000000000032e-01
5.743310000000000359e-01 7.889869999999999939e-01 4.992480000000000251e-01 8.636420000000000208e-01 2.314859999999999973e-01
5.918499999999999872e-01 2.301229999999999942e-01 6.780650000000000288e-01 2.347440000000000082e-01 3.507179999999999742e-01
6.770920000000000272e-01 8.894739999999999869e-01 3.901720000000000188e-01 6.214180000000000259e-01 1.762710000000000110e-01
5.845139999999999780e-01 9.252839999999999954e-01 2.489800000000000069e-01 6.032960000000000544e-01 5.897569999999999757e-01
3.715629999999999766e-01 8.519820000000000171e-01 2.552240000000000064e-01 5.555489999999999595e-01 1.148559999999999998e-01
3.804350000000000231e-01 9.641870000000000163e-01 9.379600000000000437e-02 4.252779999999999894e-01 6.406819999999999737e-01
8.020880000000000232e-01 6.890680000000000138e-01 1.650260000000000060e-01 5.835900000000000531e-01 3.895810000000000106e-01
7.078699999999999992e-01 1.763869999999999882e-01 5.341559999999999642e-01 5.667640000000000455e-01 6.020020000000000371e-01
8.549590000000000245e-01 3.018029999999999879e-01 4.109869999999999912e-01 4.642169999999999908e-01 1.005339999999999984e-01
6.682150000000000034e-01 6.962810000000000388e-01 3.985690000000000066e-01 7.478160000000000363e-01 5.388789999999999969e-01
3.509189999999999809e-01 8.968080000000000496e-01 6.448129999999999695e-01 3.671300000000000119e-01 3.551830000000000265e-01
8.817920000000000202e-01 2.757410000000000139e-01 3.768170000000000130e-01 1.581029999999999935e-01 2.441250000000000087e-01
3.964320000000000066e-01 8.396430000000000282e-01 8.815619999999999568e-01 4.060549999999999993e-01 5.697719999999999452e-01
7.080119999999999747e-01 5.502340000000000009e-01 7.868290000000000006e-01 2.394600000000000062e-01 6.081170000000000186e-01
6.168080000000000229e-01 6.884449999999999736e-01 7.017099999999999449e-01 6.369500000000000162e-01 2.105740000000000112e-01
2.153639999999999999e-01 6.282879999999999576e-01 6.343290000000000317e-01 1.749040000000000039e-01 6.158580000000000165e-01
7.184730000000000283e-01 3.727190000000000225e-01 2.864300000000000179e-01 2.227900000000000019e-02 4.472289999999999877e-01
6.737429999999999808e-01 5.927090000000000414e-01 6.678960000000000452e-01 3.281200000000000228e-01 7.089170000000000194e-01
1.559949999999999948e-01 8.059500000000000552e-01 5.949640000000000484e-01 5.588640000000000274e-01 8.209880000000000511e-01
7.191680000000000295e-01 6.073599999999999832e-02 7.923090000000000410e-01 3.445250000000000257e-01 4.339959999999999929e-01
7.170950000000000379e-01 2.163710000000000078e-01 5.403829999999999467e-01 2.191809999999999869e-01 7.828990000000000116e-01
2.021580000000000044e-01 6.762510000000000465e-01 7.584159999999999791e-01 7.060340000000000504e-01 3.198230000000000239e-01
3.782710000000000239e-01 5.980389999999999873e-01 2.397299999999999986e-01 1.342700000000000005e-01 6.819849999999999524e-01
6.819330000000000114e-01 2.475410000000000110e-01 4.192040000000000211e-01 5.644470000000000320e-01 6.673649999999999860e-01
3.338269999999999849e-01 6.329289999999999639e-01 6.415279999999999871e-01 1.684049999999999991e-01 3.845839999999999814e-01
6.969340000000000535e-01 3.661690000000000222e-01 2.002970000000000028e-01 3.912169999999999814e-01 1.825460000000000138e-01
2.313050000000000106e-01 5.422270000000000145e-01 2.155950000000000089e-01 5.082179999999999476e-01 6.243389999999999773e-01
2.689880000000000049e-01 8.774089999999999945e-01 6.091870000000000340e-01 6.082999999999999519e-01 7.019630000000000036e-01
7.463880000000000514e-01 5.499849999999999461e-01 5.990879999999999539e-01 8.682429999999999870e-01 5.567109999999999559e-01
7.517490000000000006e-01 6.478909999999999947e-01 1.122820000000000068e-01 1.198580000000000062e-01 4.471769999999999912e-01
3.249340000000000006e-01 1.622210000000000041e-01 4.514960000000000084e-01 2.856830000000000203e-01 4.721639999999999726e-01
7.279360000000000275e-01 4.186529999999999974e-01 3.041309999999999847e-01 5.256779999999999786e-01 7.410200000000000120e-02
7.169809999999999794e-01 3.077619999999999800e-01 5.515259999999999607e-01 5.048629999999999507e-01 2.338770000000000016e-01
7.763120000000000021e-01 4.771929999999999783e-01 1.824540000000000051e-01 5.025049999999999795e-01 6.001419999999999533e-01
6.220970000000000111e-01 5.872110000000000385e-01 2.580799999999999761e-01 5.523080000000000211e-01 6.451259999999999772e-01
2.405609999999999971e-01 1.105929999999999969e-01 7.325129999999999697e-01 3.427529999999999744e-01 6.515929999999999778e-01
7.425890000000000546e-01 6.884710000000000552e-01 1.338509999999999978e-01 6.274600000000000177e-01 7.140440000000000120e-01
6.331400000000000361e-01 1.860829999999999984e-01 5.011170000000000346e-01 2.793999999999999817e-01 8.830320000000000391e-01
1.152259999999999951e-01 5.968259999999999676e-01 8.508559999999999457e-01 3.339509999999999978e-01 7.212629999999999875e-01
2.641519999999999979e-01 6.033420000000000449e-01 3.752349999999999852e-01 5.771939999999999849e-01 9.027340000000000364e-01
3.514920000000000266e-01 5.197359999999999758e-01 1.953000000000000014e-01 4.022459999999999924e-01 5.421899999999999498e-01
5.858229999999999826e-01 9.254820000000000269e-01 5.752730000000000343e-01 6.101720000000000477e-01 1.633489999999999942e-01
2.495779999999999943e-01 6.503970000000000029e-01 2.252859999999999863e-01 3.825310000000000099e-01 1.926400000000000057e-01
5.044960000000000555e-01 6.899900000000000477e-02 6.713649999999999896e-01 6.312680000000000513e-01 7.216369999999999729e-01
5.529920000000000391e-01 1.353159999999999918e-01 2.538579999999999726e-01 5.974509999999999543e-01 3.525209999999999733e-01
8.157529999999999504e-01 3.663489999999999802e-01 2.293209999999999971e-01 1.982859999999999900e-01 5.991849999999999676e-01
5.016140000000000043e-01 6.246340000000000225e-01 2.319150000000000100e-01 8.034660000000000135e-01 8.565450000000000008e-01
6.322079999999999922e-01 5.208230000000000359e-01 4.643700000000000050e-01 6.664949999999999486e-01 7.789740000000000553e-01
3.679109999999999880e-01 4.844109999999999805e-01 4.900189999999999824e-01 7.511309999999999931e-01 2.645770000000000066e-01
3.766970000000000041e-01 1.397450000000000081e-01 7.008649999999999602e-01 4.457389999999999963e-01 5.269960000000000200e-01
