5
58
0.407488 0.647495 0.446618 0.306461 0.6835 
0.69231 0.661944 0.297651 0.615724 0.467993 
0.470186 0.423607 0.564694 0.812555 0.603692 
0.297226 0.469583 0.286706 0.664584 0.66472 
0.190312 0.570561 0.416762 0.51345 0.556392 
0.277767 0.42337 0.579444 0.71853 0.328788 
0.496835 0.298529 0.381015 0.711406 0.595896 
0.247494 0.636912 0.573296 0.38178 0.570843 
0.47716 0.630022 0.776191 0.442869 0.302106 
0.533721 0.24464 0.662012 0.428068 0.53923 
0.452995 0.478656 0.770668 0.613043 0.419356 
0.705817 0.674574 0.559679 0.530767 0.60853 
0.392606 0.527909 0.573524 0.213507 0.419615 
0.607979 0.304969 0.609668 0.689981 0.515831 
0.649827 0.649575 0.39952 0.724433 0.543452 
0.243269 0.620727 0.550583 0.645579 0.243824 
0.522535 0.252949 0.318703 0.440979 0.52729 
0.361964 0.524739 0.287657 0.656784 0.561029 
0.454656 0.401694 0.264272 0.6156509999999999 0.239785 
0.573066 0.520218 0.300022 0.463362 0.723274 
0.826116 0.524815 0.55902 0.444316 0.623198 
0.554853 0.417165 0.293849 0.713763 0.215466 
0.710494 0.277046 0.317346 0.6403 0.516025 
0.629754 0.280153 0.535101 0.445849 0.38266 
0.418658 0.387536 0.323886 0.56002 0.259098 
0.667193 0.505606 0.726148 0.368377 0.313558 
0.739258 0.713316 0.693903 0.423666 0.556561 
0.729066 0.417165 0.284848 0.445307 0.269346 
0.632565 0.524344 0.654739 0.197492 0.250021 
0.588017 0.79755 0.426578 0.496022 0.642524 
0.728779 0.582996 0.418481 0.416709 0.63181 
0.579365 0.381958 0.568405 0.176915 0.416209 
0.398094 0.76751 0.533981 0.617146 0.377331 
0.803152 0.581392 0.463229 0.491374 0.516529 
0.666114 0.373388 0.531662 0.646257 0.642767 
0.546249 0.8142 0.267294 0.40647 0.5496490000000001 
0.424563 0.631745 0.73627 0.482629 0.543536 
0.702412 0.435514 0.687711 0.356677 0.665293 
0.453825 0.442182 0.756912 0.427112 0.473329 
0.359114 0.636892 0.237247 0.412232 0.389518 
0.246355 0.489112 0.509269 0.29063 0.624332 
0.205361 0.509885 0.644933 0.381121 0.5003570000000001 
0.600966  0.433 0.424667 0.383067 0.210198 
0.522432 0.511285 0.162405 0.543788 0.444232 
0.472649 0.809518 0.572235 0.55677 0.629155 
0.639004 0.73668 0.377026 0.68033 0.299528 
0.702361 0.587652 0.67297 0.609702 0.261901 
0.346541 0.313245 0.703002 0.349826 0.5215880000000001 
0.534158 0.585453 0.714241 0.240469 0.558319 
0.616453 0.725136 0.352496 0.406098 0.283904 
0.595665 0.343576 0.47624 0.166454 0.599782 
0.629762 0.413914 0.647438 0.496411 0.172064 
0.719259 0.582769 0.6036589999999999 0.689559 0.418401 
0.61626 0.485316 0.706641 0.515711 0.557993 
0.623884 0.612459 0.5908060000000001 0.6780890000000001 0.64289 
0.700494 0.202143 0.414976 0.500897 0.577958 
0.235053 0.538568 0.704504 0.603054 0.529523 
0.636682 0.719498 0.596445 0.44293 0.322994 
