5
147
6.410799999999999832e-01 6.310710000000000486e-01 4.184939999999999771e-01 6.348930000000000407e-01 6.422670000000000323e-01
6.932460000000000289e-01 3.864659999999999762e-01 3.385299999999999976e-01 6.721289999999999765e-01 4.708490000000000175e-01
5.129639999999999755e-01 3.850600000000000134e-01 6.985350000000000170e-01 2.853890000000000038e-01 5.256560000000000121e-01
5.971109999999999474e-01 6.462520000000000486e-01 5.621159999999999490e-01 4.810940000000000216e-01 7.489350000000000174e-01
6.808729999999999505e-01 4.292540000000000244e-01 4.684760000000000035e-01 6.830110000000000348e-01 3.706650000000000222e-01
2.189780000000000060e-01 3.652960000000000096e-01 5.314820000000000100e-01 6.141180000000000527e-01 4.836570000000000036e-01
5.849029999999999507e-01 4.641290000000000138e-01 6.240580000000000016e-01 5.383310000000000040e-01 7.298280000000000323e-01
7.698819999999999553e-01 4.061629999999999963e-01 3.749319999999999875e-01 4.737600000000000144e-01 4.787660000000000249e-01
3.921819999999999751e-01 3.976169999999999982e-01 7.562579999999999858e-01 4.286679999999999935e-01 6.304250000000000131e-01
3.836849999999999983e-01 5.905540000000000234e-01 4.428730000000000167e-01 3.634490000000000220e-01 4.930800000000000183e-01
6.971819999999999684e-01 5.376710000000000100e-01 6.306040000000000534e-01 5.615790000000000504e-01 4.547619999999999996e-01
5.847229999999999928e-01 4.349569999999999825e-01 3.177699999999999969e-01 7.651909999999999545e-01 5.722169999999999757e-01
7.218660000000000077e-01 3.959900000000000087e-01 3.985029999999999961e-01 6.464259999999999451e-01 4.890289999999999915e-01
7.554889999999999661e-01 4.957260000000000000e-01 6.716609999999999525e-01 6.037050000000000471e-01 4.661069999999999935e-01
6.360190000000000010e-01 5.686039999999999983e-01 5.289650000000000185e-01 3.139460000000000028e-01 4.947810000000000263e-01
4.542900000000000271e-01 2.596919999999999784e-01 6.442790000000000461e-01 4.040819999999999967e-01 4.133029999999999760e-01
4.926269999999999816e-01 5.834789999999999699e-01 5.377760000000000318e-01 4.011870000000000158e-01 7.500040000000000040e-01
6.510580000000000256e-01 3.350210000000000132e-01 6.927820000000000089e-01 5.932340000000000391e-01 4.813819999999999766e-01
5.266060000000000185e-01 6.691679999999999851e-01 6.989680000000000337e-01 5.555139999999999523e-01 5.285819999999999963e-01
4.553719999999999990e-01 4.297819999999999974e-01 3.501219999999999888e-01 5.003570000000000517e-01 4.920840000000000214e-01
3.401129999999999987e-01 2.809860000000000135e-01 5.336819999999999897e-01 5.898470000000000102e-01 5.529669999999999863e-01
2.123819999999999875e-01 4.996410000000000018e-01 4.736449999999999827e-01 5.481340000000000101e-01 4.904749999999999943e-01
4.366999999999999771e-01 6.197669999999999568e-01 4.278399999999999981e-01 6.989630000000000010e-01 4.774149999999999783e-01
2.326139999999999874e-01 5.423630000000000395e-01 4.895860000000000212e-01 4.702520000000000033e-01 5.287300000000000333e-01
2.573579999999999757e-01 4.190880000000000161e-01 6.121670000000000167e-01 6.976499999999999924e-01 4.114129999999999732e-01
3.162739999999999996e-01 6.220329999999999471e-01 5.117350000000000509e-01 7.298470000000000235e-01 5.357480000000000020e-01
6.231729999999999769e-01 6.639249999999999874e-01 5.865719999999999823e-01 5.214830000000000298e-01 5.691819999999999657e-01
4.726929999999999743e-01 5.503470000000000306e-01 6.761850000000000360e-01 6.453579999999999872e-01 5.333419999999999828e-01
2.636200000000000210e-01 6.694010000000000238e-01 6.223899999999999988e-01 5.010130000000000416e-01 5.214410000000000434e-01
5.387870000000000159e-01 3.889630000000000032e-01 3.052670000000000106e-01 6.250790000000000513e-01 7.084460000000000202e-01
5.668260000000000520e-01 6.474410000000000442e-01 5.411620000000000319e-01 3.051369999999999916e-01 4.369600000000000151e-01
5.802000000000000490e-01 4.220030000000000170e-01 5.996040000000000258e-01 5.442190000000000083e-01 6.925219999999999709e-01
5.691450000000000120e-01 6.177350000000000341e-01 2.788550000000000195e-01 7.110509999999999886e-01 6.405539999999999567e-01
4.788709999999999911e-01 3.846419999999999839e-01 6.859359999999999902e-01 5.333809999999999940e-01 5.336520000000000152e-01
6.107369999999999743e-01 6.608829999999999982e-01 4.534270000000000245e-01 7.487660000000000426e-01 5.105189999999999451e-01
3.469059999999999921e-01 4.571089999999999876e-01 6.289879999999999916e-01 3.954610000000000070e-01 5.068009999999999460e-01
5.001769999999999827e-01 4.724590000000000178e-01 6.177059999999999773e-01 7.791719999999999757e-01 5.494299999999999740e-01
5.582519999999999705e-01 5.451449999999999907e-01 2.499899999999999900e-01 5.815160000000000329e-01 5.373809999999999976e-01
6.236979999999999746e-01 4.907860000000000000e-01 6.394009999999999971e-01 4.056460000000000066e-01 6.993700000000000472e-01
5.143950000000000466e-01 4.352730000000000210e-01 6.384410000000000363e-01 2.835449999999999915e-01 5.388530000000000264e-01
3.552359999999999962e-01 4.534020000000000272e-01 3.296009999999999773e-01 6.096610000000000085e-01 5.771169999999999911e-01
7.190860000000000030e-01 6.716499999999999693e-01 4.133669999999999844e-01 4.670989999999999864e-01 5.393809999999999993e-01
6.254129999999999967e-01 3.229350000000000276e-01 5.624749999999999472e-01 5.224800000000000555e-01 3.191229999999999900e-01
4.210450000000000026e-01 4.982659999999999867e-01 3.534539999999999904e-01 5.066690000000000360e-01 5.839659999999999851e-01
4.663089999999999735e-01 2.615310000000000135e-01 5.444369999999999488e-01 3.461449999999999805e-01 6.580519999999999703e-01
3.698779999999999846e-01 5.472280000000000477e-01 2.690790000000000126e-01 4.145619999999999861e-01 5.515430000000000055e-01
6.337040000000000450e-01 6.671350000000000335e-01 5.345809999999999729e-01 7.012350000000000527e-01 6.604470000000000063e-01
6.054969999999999519e-01 5.902560000000000029e-01 4.365709999999999869e-01 4.549699999999999855e-01 6.810260000000000202e-01
5.944880000000000164e-01 5.533019999999999605e-01 3.436469999999999803e-01 6.788009999999999877e-01 6.052920000000000522e-01
5.398600000000000065e-01 4.285959999999999770e-01 4.077189999999999981e-01 5.362379999999999924e-01 5.481770000000000254e-01
4.183609999999999829e-01 3.995560000000000223e-01 3.453689999999999816e-01 6.200259999999999661e-01 7.705199999999999827e-01
4.353790000000000160e-01 4.214530000000000221e-01 3.539769999999999861e-01 2.989609999999999768e-01 6.343839999999999479e-01
6.585710000000000175e-01 6.091919999999999558e-01 6.902270000000000350e-01 6.395290000000000141e-01 5.610439999999999872e-01
5.184539999999999704e-01 6.481080000000000174e-01 7.462060000000000359e-01 4.825729999999999742e-01 5.991670000000000051e-01
2.253519999999999968e-01 4.916679999999999939e-01 4.648999999999999799e-01 5.692639999999999922e-01 6.168090000000000517e-01
6.054439999999999822e-01 7.043819999999999526e-01 5.427939999999999987e-01 7.329449999999999577e-01 6.139430000000000165e-01
3.526839999999999975e-01 5.623000000000000220e-01 5.800309999999999633e-01 5.830659999999999732e-01 5.823329999999999895e-01
6.244769999999999488e-01 5.856710000000000527e-01 3.780769999999999964e-01 3.406100000000000239e-01 6.338510000000000533e-01
5.292580000000000062e-01 2.432680000000000120e-01 5.975759999999999961e-01 4.618050000000000210e-01 5.650359999999999827e-01
4.221650000000000125e-01 3.284549999999999970e-01 3.509619999999999962e-01 6.226329999999999920e-01 5.908229999999999871e-01
5.587889999999999802e-01 5.677590000000000137e-01 3.259750000000000147e-01 6.659979999999999789e-01 4.246690000000000187e-01
4.853180000000000271e-01 7.388310000000000155e-01 5.306340000000000501e-01 3.626829999999999776e-01 6.168000000000000149e-01
5.821589999999999820e-01 3.492210000000000036e-01 3.549470000000000125e-01 5.898379999999999734e-01 4.073019999999999974e-01
5.188450000000000006e-01 2.300530000000000075e-01 4.998830000000000218e-01 5.361169999999999547e-01 5.255149999999999544e-01
5.504059999999999508e-01 6.701650000000000107e-01 4.706029999999999935e-01 4.316829999999999834e-01 2.878600000000000048e-01
7.528770000000000184e-01 6.079909999999999481e-01 5.055349999999999566e-01 5.285649999999999515e-01 5.875730000000000119e-01
4.551819999999999755e-01 2.496309999999999918e-01 5.483630000000000448e-01 3.449459999999999749e-01 5.147779999999999578e-01
5.447340000000000515e-01 3.369809999999999750e-01 6.478620000000000489e-01 6.231020000000000447e-01 4.819479999999999875e-01
5.329549999999999566e-01 3.767039999999999833e-01 2.561160000000000103e-01 5.362369999999999637e-01 5.412740000000000329e-01
5.164950000000000374e-01 7.376930000000000431e-01 4.024940000000000184e-01 7.215810000000000279e-01 6.062199999999999811e-01
4.233560000000000101e-01 3.395819999999999950e-01 3.483990000000000142e-01 5.368739999999999624e-01 2.333860000000000101e-01
5.181459999999999955e-01 4.862020000000000231e-01 6.034230000000000427e-01 7.255030000000000090e-01 5.287070000000000380e-01
3.547100000000000253e-01 6.050259999999999527e-01 6.793930000000000247e-01 5.664670000000000538e-01 6.177169999999999606e-01
6.744339999999999780e-01 2.159480000000000011e-01 4.355029999999999735e-01 5.051139999999999519e-01 4.485419999999999963e-01
5.455119999999999969e-01 4.144450000000000078e-01 5.834219999999999962e-01 5.806189999999999962e-01 4.612350000000000061e-01
3.240000000000000102e-01 4.604969999999999897e-01 5.801929999999999588e-01 3.075809999999999933e-01 5.171409999999999618e-01
5.760520000000000085e-01 7.012770000000000392e-01 3.692730000000000179e-01 3.789750000000000063e-01 4.285900000000000265e-01
3.118070000000000008e-01 5.406440000000000135e-01 6.049539999999999917e-01 4.547700000000000076e-01 3.226049999999999751e-01
4.293150000000000022e-01 5.052280000000000104e-01 3.622690000000000077e-01 6.520909999999999762e-01 6.911059999999999981e-01
6.699929999999999497e-01 5.796050000000000368e-01 4.250450000000000061e-01 7.266839999999999966e-01 3.751510000000000122e-01
3.387649999999999828e-01 6.316140000000000088e-01 5.424759999999999582e-01 3.883099999999999885e-01 3.268820000000000059e-01
5.910269999999999690e-01 3.917089999999999739e-01 4.549009999999999998e-01 5.273560000000000469e-01 2.777540000000000009e-01
3.238750000000000240e-01 3.661220000000000030e-01 4.103970000000000118e-01 5.453350000000000142e-01 4.485879999999999868e-01
5.785369999999999679e-01 4.647640000000000104e-01 2.858660000000000090e-01 5.463540000000000063e-01 5.710169999999999968e-01
5.777630000000000265e-01 4.583559999999999857e-01 5.818839999999999568e-01 7.295580000000000398e-01 6.762770000000000170e-01
4.644800000000000040e-01 5.080940000000000456e-01 5.412879999999999914e-01 4.343710000000000071e-01 4.760639999999999872e-01
4.622140000000000137e-01 4.305069999999999730e-01 5.298620000000000552e-01 3.939280000000000004e-01 7.411180000000000545e-01
6.667689999999999451e-01 3.876169999999999893e-01 6.862850000000000339e-01 3.951049999999999840e-01 5.223750000000000338e-01
5.979360000000000230e-01 5.154630000000000045e-01 3.864759999999999862e-01 4.954250000000000043e-01 6.101680000000000437e-01
6.866339999999999666e-01 2.531970000000000054e-01 4.775650000000000173e-01 4.377579999999999805e-01 3.950560000000000183e-01
4.638829999999999898e-01 4.862480000000000135e-01 3.782019999999999826e-01 4.403779999999999917e-01 4.331829999999999847e-01
5.760849999999999582e-01 2.565899999999999848e-01 5.014929999999999666e-01 5.990060000000000384e-01 4.900499999999999856e-01
5.338559999999999972e-01 5.204539999999999722e-01 2.723499999999999810e-01 3.884980000000000100e-01 4.937909999999999799e-01
4.756090000000000040e-01 5.552829999999999711e-01 6.412480000000000402e-01 4.599670000000000147e-01 6.727830000000000199e-01
5.130249999999999533e-01 4.160429999999999962e-01 4.344430000000000236e-01 6.856919999999999682e-01 4.248339999999999894e-01
6.761819999999999498e-01 5.944239999999999524e-01 4.854169999999999874e-01 4.070679999999999854e-01 5.994030000000000191e-01
4.409689999999999999e-01 3.725470000000000170e-01 3.925589999999999913e-01 7.412729999999999597e-01 5.788999999999999702e-01
3.238920000000000132e-01 6.575050000000000061e-01 6.937879999999999603e-01 4.870860000000000190e-01 4.516499999999999959e-01
6.311449999999999561e-01 6.555929999999999813e-01 5.499889999999999501e-01 6.643360000000000376e-01 4.987829999999999764e-01
7.127759999999999652e-01 6.262640000000000429e-01 6.107860000000000511e-01 4.746609999999999996e-01 6.210999999999999854e-01
3.777260000000000062e-01 4.426430000000000087e-01 4.936309999999999865e-01 4.498920000000000141e-01 3.365589999999999971e-01
3.567330000000000223e-01 6.036589999999999456e-01 6.948569999999999469e-01 4.694840000000000124e-01 6.182569999999999455e-01
4.882859999999999978e-01 6.307770000000000321e-01 4.624539999999999762e-01 4.620890000000000275e-01 3.275930000000000231e-01
3.401310000000000167e-01 5.868719999999999493e-01 5.565940000000000332e-01 6.682590000000000474e-01 4.347230000000000261e-01
2.553300000000000014e-01 3.360250000000000181e-01 5.670450000000000212e-01 3.244179999999999842e-01 4.932489999999999930e-01
3.884920000000000040e-01 3.833380000000000121e-01 7.605429999999999691e-01 4.452670000000000239e-01 6.024450000000000083e-01
6.354170000000000096e-01 4.581089999999999884e-01 4.373520000000000185e-01 5.784690000000000110e-01 3.218559999999999754e-01
6.226239999999999553e-01 4.496120000000000116e-01 6.240040000000000031e-01 6.402400000000000313e-01 5.055629999999999846e-01
3.122190000000000243e-01 4.687649999999999872e-01 5.380759999999999987e-01 4.429259999999999864e-01 2.615879999999999872e-01
6.175000000000000488e-01 3.191189999999999860e-01 4.302159999999999873e-01 6.390000000000000124e-01 6.678230000000000555e-01
5.597900000000000098e-01 3.848030000000000062e-01 3.843900000000000095e-01 4.473550000000000026e-01 6.926919999999999744e-01
4.881550000000000056e-01 4.193259999999999765e-01 6.188850000000000184e-01 5.998280000000000278e-01 3.117159999999999931e-01
7.626870000000000038e-01 4.746540000000000203e-01 5.170249999999999568e-01 6.450559999999999627e-01 4.530109999999999970e-01
5.585609999999999742e-01 7.370489999999999542e-01 5.771150000000000446e-01 5.737860000000000182e-01 6.137970000000000370e-01
5.795479999999999521e-01 4.665730000000000155e-01 6.883829999999999671e-01 6.581569999999999920e-01 6.513539999999999885e-01
6.286380000000000301e-01 5.127939999999999721e-01 5.229559999999999764e-01 3.294110000000000094e-01 4.190619999999999901e-01
4.913699999999999735e-01 4.543170000000000264e-01 7.096139999999999670e-01 4.886440000000000228e-01 6.428449999999999998e-01
5.386809999999999654e-01 6.034629999999999717e-01 4.058180000000000121e-01 5.824789999999999690e-01 7.259989999999999499e-01
5.105180000000000273e-01 2.793249999999999900e-01 6.122720000000000384e-01 4.561029999999999807e-01 7.162659999999999583e-01
3.670760000000000134e-01 4.496490000000000209e-01 2.468269999999999909e-01 4.174200000000000133e-01 5.771030000000000326e-01
4.981650000000000245e-01 6.526899999999999924e-01 7.668519999999999781e-01 4.801889999999999770e-01 5.390040000000000386e-01
2.404040000000000066e-01 4.769100000000000006e-01 4.252739999999999854e-01 5.733599999999999808e-01 4.610989999999999811e-01
6.484469999999999956e-01 4.406249999999999889e-01 5.879990000000000494e-01 4.979649999999999910e-01 2.915860000000000118e-01
7.360299999999999621e-01 4.486519999999999953e-01 4.952429999999999888e-01 5.410650000000000182e-01 6.786609999999999587e-01
7.124819999999999487e-01 6.821270000000000389e-01 5.069580000000000197e-01 4.356809999999999850e-01 4.905610000000000248e-01
5.556210000000000315e-01 3.206169999999999853e-01 6.182269999999999710e-01 5.425459999999999727e-01 5.677200000000000024e-01
5.749090000000000034e-01 4.947099999999999831e-01 5.879959999999999631e-01 4.474609999999999976e-01 4.782390000000000252e-01
4.196819999999999995e-01 5.975110000000000143e-01 3.684930000000000150e-01 2.621829999999999994e-01 5.156450000000000200e-01
5.636189999999999811e-01 7.406070000000000153e-01 3.817130000000000245e-01 4.534719999999999862e-01 5.017409999999999926e-01
4.928119999999999723e-01 6.834419999999999940e-01 6.033570000000000322e-01 6.244659999999999656e-01 3.980580000000000229e-01
6.893329999999999735e-01 6.186519999999999797e-01 6.880840000000000289e-01 6.205969999999999542e-01 3.809489999999999821e-01
6.084119999999999528e-01 5.807999999999999829e-01 5.036420000000000341e-01 7.113920000000000243e-01 3.628739999999999744e-01
3.831339999999999746e-01 3.276939999999999853e-01 5.514050000000000340e-01 4.623920000000000252e-01 4.226920000000000122e-01
6.313269999999999715e-01 7.109210000000000251e-01 4.555640000000000245e-01 6.704630000000000312e-01 4.651339999999999919e-01
4.877360000000000029e-01 3.722050000000000081e-01 6.536939999999999973e-01 6.327479999999999771e-01 5.974779999999999536e-01
4.028340000000000254e-01 4.269260000000000277e-01 3.383990000000000054e-01 4.698359999999999759e-01 5.264929999999999888e-01
5.348669999999999813e-01 5.077220000000000066e-01 2.776569999999999871e-01 5.856130000000000502e-01 4.021839999999999860e-01
4.938730000000000064e-01 5.254579999999999806e-01 3.766590000000000216e-01 5.012389999999999901e-01 3.219580000000000219e-01
3.319179999999999908e-01 5.408159999999999634e-01 4.943319999999999936e-01 2.330859999999999876e-01 4.734800000000000120e-01
6.639070000000000249e-01 2.874090000000000256e-01 4.895309999999999939e-01 5.557410000000000405e-01 3.381850000000000134e-01
7.335289999999999866e-01 4.240700000000000025e-01 3.464999999999999747e-01 6.245319999999999760e-01 5.091830000000000522e-01
3.800580000000000069e-01 6.286239999999999606e-01 2.812270000000000048e-01 5.828809999999999825e-01 4.791380000000000083e-01
4.142560000000000131e-01 3.962820000000000231e-01 3.156160000000000077e-01 5.502719999999999834e-01 4.228310000000000124e-01
4.866130000000000178e-01 4.987440000000000206e-01 3.837550000000000128e-01 7.749580000000000357e-01 7.140410000000000368e-01
5.032739999999999991e-01 5.196300000000000363e-01 4.256249999999999756e-01 4.722040000000000126e-01 3.335509999999999864e-01
2.868200000000000194e-01 5.790239999999999831e-01 6.492289999999999450e-01 5.855050000000000532e-01 5.900659999999999794e-01
4.190260000000000096e-01 5.699689999999999479e-01 4.680920000000000081e-01 2.286829999999999974e-01 4.721609999999999974e-01
