5
906
0.887307 0.972871 0.036369 0.248878 0.888554 
0.183852 0.001296 0.782108 0.894289 0.308968 
0.008595 0.45849 0.838986 0.833045 0.984382 
0.514008 0.92555 0.715473 0.955913 0.035923 
0.043351 0.593444 0.005087 0.498913 0.225823 
0.8307870000000001 0.032486 0.999459 0.906581 0.901645 
0.479794 0.90254 0.997671 0.853675 0.714376 
0.5191789999999999 0.837639 0.19355 0.993865 0.886388 
0.983548 0.488958 0.920753 0.087967 0.453253 
0.9489030000000001 0.220828 0.463257 0.959602 0.02778 
0.995574 0.607965 0.07313600000000001 0.197308 0.149127 
0.8354819999999999 0.948022 0.400189 0.984606 0.273068 
0.32904 0.172649 0.706788 0.978701 0.026073 
0.965134 0.007058 0.631456 0.875038 0.758591 
0.938717 0.024589 0.265606 0.038786 0.8681489999999999 
0.9805199999999999 0.5927249999999999 0.92842 0.9580109999999999 0.298882 
0.313676 0.958641 0.876306 0.08126800000000001 0.863246 
0.703495 0.644259 0.058689 0.387637 0.017075 
0.994761 0.941528 0.261329 0.161269 0.454162 
0.87868 0.977687 0.993561 0.780863 0.971375 
0.615042 0.016606 0.08934499999999999 0.625098 0.018167 
0.328907 0.945859 0.049154 0.130009 0.055937 
0.003004 0.492103 0.775566 0.937933 0.8375089999999999 
0.011785 0.073126 0.035114 0.160006 0.216926 
0.362921 0.6094540000000001 0.09216000000000001 0.936932 0.018907 
0.018537 0.556929 0.297681 0.118818 0.98009 
0.965957 0.842577 0.185637 0.008456999999999999 0.131006 
0.96675 0.165436 0.488545 0.970851 0.08518000000000001 
0.043198 0.023984 0.096937 0.226793 0.718311 
0.739908 0.638653 0.842328 0.007264 0.08797199999999999 
0.9277609999999999 0.879723 0.507463 0.935267 0.027702 
0.899581 0.256031 0.105076 0.015183 0.18417 
0.000592 0.950986 0.219953 0.743406 0.424587 
0.041709 0.002964 0.815177 0.677656 0.3668 
0.023922 0.058887 0.712263 0.006402 0.600916 
0.758056 0.647744 0.628012 0.000532 0.938989 
0.16177 0.8726120000000001 0.985476 0.901467 0.96192 
0.993966 0.583457 0.169913 0.730531 0.033045 
0.895522 0.043736 0.073419 0.952923 0.770715 
0.777488 0.24002 0.012024 0.08229400000000001 0.108619 
0.518211 0.576369 0.028084 0.013253 0.740183 
0.82039 0.300113 0.003756 0.122274 0.063458 
0.003494 0.7187750000000001 0.458497 0.961148 0.00638 
0.987563 0.970794 0.136029 0.238691 0.673946 
0.006611 0.108773 0.147688 0.189713 0.50088 
0.230381 0.018507 0.039746 0.017565 0.207917 
0.066221 0.980091 0.393287 0.974796 0.400151 
0.997957 0.657156 0.821076 0.819308 0.108008 
0.125555 0.201591 0.145119 0.014647 0.165743 
0.600699 0.953115 0.010894 0.096195 0.746834 
0.290888 0.954498 0.243769 0.018734 0.858772 
0.396263 0.999673 0.5013030000000001 0.39158 0.2791 
0.09717199999999999 0.173037  0.228 0.999142 0.582317 
0.007447 0.16469 0.937522 0.92461 0.919661 
0.02391 0.847082 0.905103 0.059568 0.152396 
0.16035 0.9948129999999999 0.823043 0.888559 0.011129 
0.770238 0.384123 0.962884 0.197775 0.998483 
0.902748 0.477361 0.001199 0.152283 0.412983 
0.07722999999999999 0.0126 0.772747 0.567142 0.96261 
0.438096 0.072477 0.11531 0.008796999999999999 0.84629 
0.956447 0.000708 0.90642 0.199396 0.244367 
0.077348 0.986387 0.208304 0.962584 0.149931 
0.887424 0.931146 0.764029 0.034571 0.031313 
0.82229 0.23314 0.382333 0.868209 0.99333 
0.275005 0.012194 0.947363 0.330565 0.805519 
0.07671600000000001 0.357951 0.07741000000000001 0.022489 0.969925 
0.117819 0.176476 0.031951 0.005583 0.837353 
0.962574 0.973391 0.789537 0.741893 0.993003 
0.216581 0.07740900000000001 0.012542 0.785396 0.154404 
0.078336 0.598568 0.133576 0.019027 0.7921 
0.47113 0.27465 0.045456 0.984598 0.144582 
0.745924 0.746242 0.08669 0.001034 0.382319 
0.645865 0.047923 0.450049 0.970664 0.951196 
0.463447 0.150835 0.087047 0.99565 0.8826850000000001 
0.188566 0.226497 0.738502 0.008097 0.09016 
0.9189079999999999 0.081159 0.045752 0.948825 0.9059120000000001 
0.708981 0.837957 0.550019 0.166061 0.991767 
0.962985 0.8906500000000001 0.148209 0.949862 0.325602 
0.399111 0.856191 0.005947 0.948026 0.474133 
0.877492 0.012745 0.200612 0.6936290000000001 0.82324 
0.197775 0.002552 0.895899 0.382234 0.212658 
0.003698 0.150654 0.041673 0.406141 0.006529 
0.726996 0.62504 0.047658 0.9854889999999999 0.10788 
0.787753 0.75951 0.09274300000000001 0.728565 0.997956 
0.144797 0.599143 0.80401 0.003888 0.351522 
0.929921 0.180646 0.125603 0.011519 0.596201 
0.323735 0.019009 0.490809 0.02042 0.191324 
0.988468 0.180912 0.592707 0.624084 0.979582 
0.025459 0.889811 0.050492 0.616702 0.902679 
0.608024 0.058844 0.987111 0.372642 0.989788 
0.167988 0.378238 0.043619 0.102817 0.053246 
0.002859 0.053508 0.310772 0.142406 0.418853 
0.711739 0.197182 0.034262 0.845897 0.995461 
0.980168 0.678463 0.926525 0.105714 0.73259 
0.63664 0.00488 0.012547 0.876566 0.438098 
0.754507 0.007484 0.778801 0.313144 0.007427 
0.559852 0.429052 0.076849 0.598679 0.003844 
0.895738 0.668472 0.010771 0.024265 0.827414 
0.018054 0.437673 0.970892 0.778651 0.78428 
0.385784 0.8722490000000001 0.894863 0.958592 0.054898 
0.899387 0.000316 0.305973 0.490387 0.939841 
0.542625 0.903556 0.07277400000000001 0.107578 0.070022 
0.08917799999999999 0.810555 0.004181 0.276124 0.809466 
0.198667 0.99678 0.882691 0.394815 0.654405 
0.586784 0.07277699999999999 0.15593 0.710477 0.9876819999999999 
0.67508 0.076992 0.0009990000000000001 0.79099 0.169118 
0.8706970000000001 0.812376 0.601239 0.022727 0.971297 
0.800526 0.436905 0.068426 0.028034 0.161767 
0.780687 0.998286 0.18964 0.278127 0.488384 
0.05932 0.991201 0.120878 0.597639 0.52681 
0.46677 1.8e-05 0.294757 0.976177 0.607645 
0.027107 0.592012 0.9423280000000001 0.703932 0.992335 
0.00057 0.579108 0.070411 0.400917 0.204918 
0.449217 0.98747 0.41049 0.104896 0.983631 
0.978755 0.940811 0.211264 0.71731 0.829711 
0.032388 0.337717 0.014175 0.246005 0.606257 
0.16505 0.999624 0.675323 0.156495 0.204606 
0.048386 0.220859 0.9720490000000001 0.231209 0.929776 
0.202649 0.927233 0.997718 0.6393799999999999 0.056003 
0.397335 0.015771 0.06962599999999999 0.197534 0.957885 
0.624041 0.248943 0.988573 0.954188 0.030131 
0.411171 0.550523 0.632674 0.360207 0.999855 
0.5818990000000001 0.9702499999999999 0.989414 0.07799 0.778739 
0.948356 0.021017 0.24021 0.21502 0.842856 
0.992824 0.394139 0.297921 0.153147 0.947584 
0.517405 0.032805 0.359551 0.980773 0.852289 
0.511572 0.995501 0.389478 0.9549 0.004695 
0.031564 0.502363 0.222287 0.980298 0.865495 
0.162492 0.999093 0.7643990000000001 0.256284 0.363678 
0.007461 0.404779 0.122248 0.6290790000000001 0.929758 
0.280429 0.166895 0.00809 0.968836 0.223297 
0.213484 0.018146 0.9787400000000001 0.682142 0.7558280000000001 
0.370203 0.006027 0.297856 0.05953 0.514758 
0.943229 0.854703 0.997966 0.808221 0.763462 
0.022375 0.054969 0.862765 0.496061 0.296637 
0.022301 0.809606 0.043765 0.554772 0.053045 
0.995405 0.778177 0.823539 0.225356 0.5622779999999999 
0.5828680000000001 0.263585 0.065197 0.773607 0.014534 
0.98816 0.002125 0.722915 0.026334 0.600787 
0.527629 0.855358 0.000236 0.9731030000000001 0.9473780000000001 
0.098483 0.208078 0.160526 0.960913 0.06629599999999999 
0.753483 0.789017 0.015695 0.779206 0.115487 
0.083663 0.128867 0.868685 0.99465 0.081748 
0.014328 0.812373 0.5569809999999999 0.176535 0.0232 
0.294874 0.9407990000000001 0.012451 0.262878 0.187712 
0.674139 0.251909 0.83108 0.9618 0.970716 
0.9727209999999999 0.525756 0.373357 0.012852 0.006281 
0.314095 0.000205 0.449668 0.568569 0.935891 
0.145964 0.211164 0.031941 0.824724 0.130607 
0.885383 0.6294999999999999 2.1e-05 0.360295 0.473615 
0.016838 0.000479 0.056269 0.71067 0.228535 
0.662637 0.932887 0.03076 0.987946 0.400477 
0.822038 0.990692 0.561976 0.135602 0.057668 
0.675664 0.891251 0.255793 0.109417 0.9759 
0.954187 0.02243 0.9779870000000001 0.034886 0.320945 
0.726142 0.260428 0.012846 0.909868 0.151946 
0.758792 0.010637 0.7689009999999999 0.925316 0.785282 
0.230228 0.444461 0.050453 0.960727 0.931428 
0.667758 0.016242 0.972451 0.97833 0.788472 
0.985135 0.169333 0.975893 0.833121 0.264385 
0.910133 0.607083 0.250079 0.07348 0.980548 
0.464587 0.309685 0.88243 0.001514 0.443182 
0.290304 0.13447 0.045625 0.819184 0.026843 
0.082623 0.649008 0.874992 0.998556 0.734053 
0.5666099999999999 0.012186 0.8170230000000001 0.700241 0.954483 
0.088713 0.999487 0.372414 0.162333 0.338551 
0.999561 0.620243 0.415737 0.295516 0.737855 
0.411212 0.246623 0.998165 0.164379 0.718539 
0.104198 0.248468 0.000879 0.777617 0.41543 
0.124078 0.382046 0.040639 0.013319 0.8445780000000001 
0.960155 0.323175 0.597156 0.409175 0.997242 
0.024078 0.678921 0.6176 0.000113 0.9055800000000001 
0.351222 0.994224 0.916222 0.936345 0.148557 
0.949809 0.445942 0.946337 0.08479200000000001 0.107069 
0.020664 0.29559 0.9780450000000001 0.997513 0.205811 
0.489997 0.372351 0.098706 0.958529 0.9893690000000001 
0.518073 0.255788 0.021598 0.990379 0.306867 
0.351346 0.078182 0.009221999999999999 0.987907 0.753784 
0.785156 0.112272 0.951309 0.649371 0.979326 
0.103647 0.001754 0.471868 0.69034 0.540264 
0.812995 0.014215 0.918314 0.096872 0.132511 
0.93884 0.077602 0.258192 0.426904 0.970755 
0.851729 0.014099 0.965079 0.07954799999999999 0.956645 
0.7799199999999999 0.110549 0.99314 0.704832 0.105594 
0.592625 0.243113 0.005326 0.515617 0.970218 
0.991572 0.347858 0.454936 0.100967 0.945322 
0.280009 0.10751 0.923185 0.968216 0.804302 
0.911648 0.06771000000000001 0.009398999999999999 0.973565 0.70997 
0.353588 0.746177 0.990505 0.423814 0.034077 
0.794117 0.720597 0.079613 0.054912 0.898971 
0.124063 0.133159 0.007438 0.008467000000000001 0.311732 
0.017959 0.839411 0.981486 0.8377790000000001 0.547589 
0.028985 0.147894 0.646432 0.584996  0.031 
0.000214 0.605037 0.856739 0.212747 0.634318 
0.974267 0.513121 0.020433 0.417937 0.265531 
0.319947 0.353186 0.996426 0.935113 0.436556 
0.85588 0.780757 0.190688 0.892428 0.038201 
0.046533 0.080205 0.005295 0.990514 0.573861 
0.996132 0.998474 0.345929 0.02117 0.803166 
0.952715 0.28701 0.773192 0.035166 0.030048 
0.009757999999999999 0.999564 0.676866 0.09163399999999999 0.100022 
0.9792920000000001 0.958714 0.101501 0.927388 0.6096200000000001 
0.876955 0.975785 0.015862 0.584592 0.230261 
0.019537 0.36372 0.041593 0.057203 0.41644 
0.796812 0.020828 0.054205 0.022996 0.494665 
0.09549100000000001 0.920478 0.467364 0.990049 0.756734 
0.458733 0.918426 0.9843499999999999 0.969339 0.6847220000000001 
0.411798 0.09628100000000001 0.198375 0.08567900000000001 0.999867 
0.656392 0.982739 0.889327 0.915505 0.898959 
0.085143 0.00056 0.409448 0.59424 0.388742 
0.170404 0.976902 0.796589 0.263278 0.920588 
0.025828 0.09460300000000001 0.998158 0.04977 0.479169 
0.3924 0.060444 0.888025 0.031114 0.937317 
0.029179 0.406911 0.9544820000000001 0.975238 0.825685 
0.084604 0.935175 0.479451 0.126672 0.978483 
0.877311 0.967231 0.243423 0.216577 0.004154 
0.333441 0.14645 0.385791 0.988581 0.072546 
0.45467 0.6355690000000001 0.007995 0.369494 0.081677 
0.412804 0.00127 0.346915 0.6040410000000001 0.119422 
0.377344 0.018939 0.302492 0.980357 0.857229 
0.359108 0.536503 0.002039 0.262765 0.284276 
0.5968830000000001 0.8076449999999999 0.091627 0.983112 0.16008 
0.987749 0.090909 0.911415 0.145674 0.346089 
0.968536 0.189862 0.009802999999999999 0.758073 0.9246799999999999 
0.128935 0.004495 0.547692 0.059737 0.9957780000000001 
0.046653 0.09418799999999999 0.018931 0.174891 0.388259 
0.007436 0.979815 0.7518899999999999 0.015689 0.686244 
0.923255 0.144089 0.699282 0.833281 0.956781 
0.010825 0.931522 0.082429 0.38477 0.831238 
0.006548 0.045193 0.556893 0.693242 0.323902 
0.384128 0.044545 0.663056 0.984414 0.051726 
0.289761 0.007742 0.122444 0.9171010000000001 0.71685 
0.9674970000000001 0.720592 0.986737 0.09598 0.130613 
0.985165 0.6696260000000001 0.397462 0.147737 0.015418 
0.910853 0.711964 0.984706 0.957607 0.507942 
0.974905 0.220572 0.156836 0.949365 0.9772690000000001 
0.961263 0.9482429999999999 0.120775 0.865249 0.242791 
0.590825 0.990721 0.051375 0.45657 0.569676 
0.884229 0.231382 0.831379 0.98852 0.061285 
0.960192 0.945872 0.269732 0.39103 0.036338 
0.076059 0.317886 0.716548 0.020473 0.086231 
0.277261 0.923041 0.5462129999999999 0.199619 0.999404 
0.013148 0.986043 0.429798 0.615162 0.027552 
0.928067 0.024684 0.870935 0.806814 0.120627 
0.211745 0.797058 0.153746 0.003216 0.05912 
0.51348 0.061928 0.829654 0.993552 0.626066 
0.007354 0.602233 0.733497 0.878087 0.007323 
0.16398 0.003928 0.026014 0.213615 0.226716 
0.416403 0.481644 0.988457 0.989135 0.390746 
0.271269 0.216749 0.901938 0.868745 0.990571 
0.220562 0.990792 0.243652 0.054753 0.240064 
0.518118 0.014038 0.928664 0.056415 0.166248 
0.577653 0.611293 0.006194 0.09549299999999999 0.951893 
0.460046 0.989812 0.7783639999999999 0.962226 0.139913 
0.584695 0.9722769999999999 0.066811 0.889754 0.093718 
0.032964 0.024563 0.833778 0.309787 0.588892 
0.023982 0.06389400000000001 0.874252 0.552641 0.240307 
0.095317 0.000788 0.243195 0.379762 0.655819 
0.737148 0.253109 0.996503 0.22673 0.643884 
0.988162 0.043582 0.478578 0.467726 0.070535 
0.001935 0.52146 0.178716 0.68769 0.998691 
0.995325 0.434092 0.786879 0.07853300000000001 0.905921 
0.91706 0.02539 0.7378479999999999 0.003455 0.069328 
0.033016 0.897477 0.900979 0.749398 0.131356 
0.31945 0.001996 0.5472860000000001 0.231222 0.144086 
0.999771 0.144652 0.170183 0.262234 0.358513 
0.377462 0.00747 0.555241 0.936225 0.141398 
0.00209 0.123634 0.914821 0.390056 0.663754 
0.990591 0.866479 0.920716 0.476273 0.722808 
0.974391 0.597612 0.058003 0.850661 0.058968 
0.8478560000000001 0.921278 0.922709 0.964634 0.6060219999999999 
0.636788 0.493485 0.003807 0.990101 0.631096 
0.8362270000000001 0.464335 0.07634000000000001 0.040521 0.037896 
0.428906 0.616051 0.96118 0.556018 0.99518 
0.64639 0.876123 0.995839 0.063337 0.510557 
0.961634 0.182784 0.043574 0.354147 0.148432 
0.040423 0.38582 0.474387 0.017669 0.965266 
0.9972529999999999 0.837742 0.927271 0.639308 0.844176 
0.977173 0.34421 0.136608 0.9715240000000001 0.409592 
0.007266 0.119582 0.8202970000000001 0.739034 0.9503819999999999 
0.769741 0.035516 0.921214 0.8436399999999999 0.060556 
0.186693 0.7514459999999999 0.556674 0.018801 0.990058 
0.154546 0.452683 0.248826 0.011421 0.957382 
0.943426 0.156735 0.237699 0.005313 0.299272 
0.152556 0.010044 0.809369 0.066099 0.920864 
0.267806 0.023201 0.944403 0.58077 0.994545 
0.309811 0.99227 0.089979 0.281545 0.922805 
0.824999 0.756539 0.156954 0.922056 0.9975349999999999 
0.998453 0.994313 0.422962 0.7228560000000001 0.040791 
0.070091 0.026799 0.415009 0.063151 0.384196 
0.908077 0.045751 0.930723 0.659008 0.952823 
0.64568 0.938601 0.065273 0.04342 0.757585 
0.802274 0.816563 0.980545 0.026392 0.5687990000000001 
0.71387 0.005772 0.004763 0.058146 0.26011 
0.6770389999999999 0.997432 0.844617 0.4824 0.6928840000000001 
0.688576 0.902493 0.194513 0.18278 0.985002 
0.946388 0.943173 0.908597 0.78937 0.947636 
0.590315 0.426951 0.772833 0.000918 0.422322 
0.972266 0.868099 0.145313 0.274588 0.995251 
0.149296 0.224371 0.008614 0.781594 0.245031 
0.679487 0.139129 0.347017 0.318141 0.99963 
0.465281 0.981706 0.525071 0.8664809999999999 0.949079 
0.169217 0.036495 0.374606 0.998729 0.640617 
0.9033910000000001 0.284771 0.138233 0.274886 0.004206 
0.991077 0.031261 0.402819 0.1726 0.886435 
0.913131 0.995346 0.782272 0.639998 0.448107 
0.936731 0.629737 0.995884 0.81956 0.349336 
0.595713 0.147915 0.009341 0.992232 0.44979 
0.507225 0.9267570000000001 0.003371 0.65569 0.176778 
0.957993 0.9876740000000001 0.845069 0.068609 0.112461 
0.597816 0.488903 0.991614 0.053296 0.745008 
0.16993 0.018854 0.8851599999999999 0.881537 0.000195 
0.792824 0.997688 0.137154 0.1446 0.299554 
0.067582 0.849822 0.962456 0.999785 0.379349 
0.166401 0.70018 0.923664 0.016838 0.002553 
0.991101 0.437254 0.925579 0.198689 0.362029 
0.975491 0.072148 0.583804 0.993968 0.62788 
0.8083979999999999 0.748659 0.708693 0.999688 0.7578510000000001 
0.233792 0.339453 0.191592 0.090141 0.007485 
0.981046 0.447205 0.178103 0.373357 0.005386 
0.402968 0.6909690000000001 0.115904 0.999861 0.671256 
0.75479 0.758849 0.97537 0.037432 0.126567 
0.179787 0.6750890000000001 0.217945 0.996564 0.242843 
0.441521 0.644235 0.658652 0.965134 0.006636 
0.323392 0.242742 0.763194 0.001163 0.544158 
0.993756 0.056872 0.847962 0.705534 0.90765 
0.739791 0.6604989999999999 0.008685999999999999 0.984053 0.973877 
0.010604 0.217189 0.300479 0.143699 0.147828 
0.656374 0.681619 0.972928 0.000734 0.335133 
0.972571 0.001391 0.385943 0.538599 0.24083 
0.873095 0.103589 0.023739 0.983711 0.226857 
0.014209 0.8104980000000001 0.032303 0.913592 0.740556 
0.09168900000000001 0.024888 0.286597 0.843693 0.951393 
0.8639250000000001 0.989222 0.860178 0.017144 0.138412 
0.995667 0.1795 0.860995 0.746004 0.09561699999999999 
0.999955 0.245741 0.177205 0.292679 0.052186 
0.090262 0.027377 0.122157 0.091777 0.488184 
0.146201 0.206698 0.966619 0.965021 0.113257 
0.12468 0.498066 0.99793 0.206154 0.824496 
0.215801 0.960078 0.023489 0.7743679999999999 0.811344 
0.9886740000000001 0.637107 0.863791 0.734813 0.00569 
0.791571 0.939307 0.936748 0.926592 0.224188 
0.99547 0.8566589999999999 0.862283 0.39436 0.009107000000000001 
0.030946 0.10709 0.865177 0.033961 0.790219 
0.7038140000000001 0.001205 0.254691 0.584941 0.107473 
0.004648 0.111751 0.206813 0.9002250000000001 0.085573 
0.825783 0.932921 0.598618 0.97524 0.85584 
0.938056 0.900524 0.109664 0.124846 0.292589 
0.494675 0.009344999999999999 0.06955699999999999 0.043137 0.002596 
0.375247 0.769183 0.656215 0.010534 0.046599 
0.024401 0.113176 0.143873 0.06679 0.541981 
0.442518 0.402284 0.18522 0.993572 0.969964 
0.750335 0.882847 0.014762 0.112826 0.268836 
0.146372 0.07356699999999999 0.442256 0.994989 0.784432 
0.87767 0.002786 0.817959 0.440158 0.730191 
0.470696 0.984059 0.071214 0.89155 0.28339 
0.999699 0.933686 0.459761 0.206336 0.882251 
0.989301 0.179282 0.185184 0.393047 0.9439419999999999 
0.851913 0.104122 0.977669 0.684067 0.119031 
0.769976 0.993405 0.159131 0.522338 0.936071 
0.273954 0.351757 0.982284 0.252872 0.023329 
0.908373 0.024175 0.301601 0.004904 0.429591 
0.861368 0.005206 0.493987 0.444163 0.049262 
0.899277 0.147431 0.866168 0.685963 0.979758 
0.791399 0.040639 0.023078 0.8722 0.057527 
0.004341 0.967135 0.631003 0.275312 0.173254 
0.146445 0.305876 0.856226 0.586601 0.999604 
0.156725 0.081054 0.276484 0.858749 0.98875 
0.92586 0.928289 0.752008 0.005614 0.35272 
0.849893 0.147533 0.583203 0.892841  0.987 
0.884256 0.690367 0.996503 0.218246 0.056922 
0.99418 0.18599 0.9345599999999999 0.149575 0.89932 
0.943619 0.398792 0.503362 0.998822 0.199121 
0.615501 0.725063 0.129172 0.997509 0.127203 
0.142322 0.010169 0.917018 0.323983 0.189736 
0.898875 0.385855 0.057177 0.979063 0.115583 
0.996811 0.410463 0.645558 0.899307 0.65843 
2.8e-05 0.474975 0.896825 0.931399 0.017856 
0.010783 0.23355 0.279407 0.990926 0.495173 
0.943738 0.404135 0.29928 0.994923 0.663774 
0.111689 0.158815 0.201166 0.999299 0.226409 
0.259945 0.889161 0.132691 0.139166 0.9670069999999999 
0.943459 0.715835 0.034208 0.93832 0.347397 
0.043185 0.802357 0.209853 0.9952800000000001 0.663876 
0.289524 0.032189 0.003739 0.837191 0.667987 
0.021158 0.602256 0.108708 0.062726 0.23768 
0.678001 0.166359 0.995721 0.07581499999999999 0.226182 
0.445529 0.001976 0.21076 0.237869 0.870837 
0.5529809999999999 0.9586980000000001 0.840593 0.852145 0.994994 
0.41325 0.493187 0.99922 0.888397 0.296608 
0.665512 0.260905 0.029451 0.987028 0.972708 
0.16748 0.840843 0.047423 0.037101 0.556837 
0.326827 0.987549 0.7385699999999999 0.146779 0.91757 
0.417926 0.087106 0.986084 0.121313 0.899509 
0.047005 0.016026 0.349405 0.45314 0.927879 
0.999499 0.5813469999999999 0.695126 0.978232 0.143393 
0.003595 0.420369 0.14132 0.159089 0.800762 
0.802546 0.394802 0.429702 0.005348 0.888371 
0.045938 0.073112 0.7909389999999999 0.312553 0.086478 
0.945673 0.925266 0.953409 0.9471889999999999 0.399159 
0.084492 0.062324 0.486748 0.773071 0.001914 
0.144224 0.964539 0.999144 0.6056319999999999 0.858518 
0.388146 0.567312 0.8209649999999999 0.950974 0.012609 
0.912785 0.172786 0.00864 0.215261 0.88541 
0.263224 0.011188 0.032967 0.073603 0.049559 
0.8507710000000001 0.902446 0.407509 0.00588 0.825013 
0.985375 0.190341 0.06607200000000001 0.468742 0.153214 
0.091928 0.030032 0.74968 0.867326 0.156404 
0.001011 0.996722 0.902955 0.968344 0.957751 
0.928669 0.138928 0.969148 0.477241 0.986966 
0.559938 0.871483 0.017355 0.6819809999999999 0.057758 
0.06424299999999999 0.736954 0.983588 0.164742 0.814145 
0.002212 0.179222 0.183339 0.372325 0.662253 
0.145296 0.98887 0.9452199999999999 0.308386 0.037241 
0.912653 0.955317 0.012512 0.292507 0.167582 
0.49804 0.5587530000000001 0.963172 0.031841 0.154858 
0.520968 0.902362 0.002879 0.392891 0.315417 
0.029053 0.297063 0.734479 0.38127 0.005821 
0.007613 0.944647 0.686021 0.957475 0.28112 
0.089313 0.082723 0.317911 0.124474 0.033066 
0.963564 0.613779 0.776998 0.9999169999999999 0.610248 
0.990421 0.009979999999999999 0.732649 0.623357 0.763058 
0.356012 0.48714 0.363539 0.000243 0.07811800000000001 
0.341817 0.919354 0.581122 0.918903 0.995453 
0.999593 0.155151 0.628943 0.6524720000000001 0.09842099999999999 
0.068188 0.02746 0.516753 0.073321 0.311756 
0.131909 0.993276 0.996565 0.263794 0.584653 
0.935918 0.9665010000000001 0.983032 0.826099 0.242275 
0.884293 0.316868 0.5964429999999999 0.424287 0.999982 
0.885459  0.917 0.018473 0.480638 0.089517 
0.544892 0.998949 0.332668 0.15013 0.234018 
0.537402 0.116973 0.956863 0.997741 0.029767 
0.9603159999999999 0.027068 0.929893 0.713913 0.738069 
0.90177 0.047237 0.907954 0.9868440000000001 0.8901829999999999 
0.9188770000000001 0.561191 0.938183 0.042429 0.108448 
0.992801 0.0016 0.888619 0.012607 0.891567 
0.610106 0.052302 0.033901 0.779373 0.925897 
0.031235 0.97193 0.228136 0.279817 0.877622 
0.211217 0.919858 0.049864 0.065621 0.891283 
0.294282 0.005474 0.9996119999999999 0.485722 0.522039 
0.994163 0.903802 0.208071 0.044077 0.810163 
0.291318 0.183613 0.988685 0.831976 0.023178 
0.02153 0.859164 0.966506 0.071635 0.965398 
0.789887 0.636597 0.281966 0.998594 0.36856 
0.619252 0.768447 0.291726 0.035936 0.978329 
0.761531 0.047242 0.002442 0.04256 0.313238 
0.948231 0.918557 0.191879 0.912476 0.988716 
0.972976 0.8129 0.406022 0.007455 0.292846 
0.197999 0.7725610000000001 0.437675 0.999568 0.733107 
0.321357 0.045218 0.97792 0.900093 0.867815 
0.454962 0.540965 0.999772 0.162129 0.894064 
0.886536 0.008373 0.717243 0.698582 0.065271 
0.003169 0.25874 0.64675 0.930539 0.576444 
0.537157 0.003988 0.034598 0.488373 0.084587 
0.679658 0.009145 0.7008450000000001 0.101449 0.048158 
0.551251 0.883259 0.933836 0.9882649999999999 0.77724 
0.26108 0.973997 0.975212 0.385498 0.07320599999999999 
0.896118 0.053725 0.9567560000000001 0.204853 0.958646 
0.002069 0.779164 0.410613 0.177404 0.6368470000000001 
0.5470390000000001 0.08000599999999999 0.659725 0.006066 0.944361 
0.747841 0.965197 0.066819 0.03181 0.636111 
0.00035 0.882636 0.457693 0.451191 0.161109 
0.00198 0.279992 0.821143 0.9555169999999999 0.369477 
0.006841 0.971642 0.385319 0.064194 0.9051439999999999 
0.920239 0.453204 0.995435 0.27577 0.864572 
0.856136 0.079015 0.007012 0.846588 0.607954 
0.878854 0.903255 0.002609 0.8507479999999999 0.518539 
0.025406 0.005971 0.356539 0.352061 0.084631 
0.01795 0.680473 0.712085 0.004896 0.28071 
0.89088 0.024665 0.537094 0.9309229999999999 0.020003 
0.198252 0.023649 0.475749 0.920451 0.018514 
0.065248 0.620733 0.664723 0.992681 0.991843 
0.021056 0.89397 0.961077 0.822235 0.297435 
0.311358 0.999256 0.50229 0.9891720000000001 0.017936 
0.013791 0.78522 0.189078 0.840966 0.118836 
0.9641110000000001 0.813965 0.313858 0.013554 0.810379 
0.013272 0.055343 0.152521 0.417956 0.581083 
0.688047 0.003746 0.967101 0.063733 0.153352 
0.918642 0.623009 0.912416 0.9779330000000001 0.113964 
0.729748 0.8719789999999999 0.359255 0.995767 0.858131 
0.611947 0.99793 0.210513 0.091044 0.179176 
0.967988 0.975063 0.891892 0.029299 0.424753 
0.729921 0.774146 0.070316 0.805738 0.041401 
0.199262 0.001126 0.927284 0.855308 0.155591 
0.157528 0.56473 0.417862 0.9993030000000001 0.285835 
0.428609 0.632414 0.986135 0.976977 0.057424 
0.997969 0.869665 0.466637 0.770621 0.83504 
0.413673 0.594811 0.993568 0.890941 0.050365 
0.002017 0.8936500000000001 0.567574 0.213225 0.667671 
0.106559 0.930164 0.260439 0.196109 0.998715 
0.046273 0.714703 0.016295 0.875426 0.282175 
0.985247 0.050322 0.767895 0.016257 0.237092 
0.000744 0.496387 0.780942 0.284765 0.041593 
0.125721 0.001005 0.89656 0.482343 0.7314310000000001 
0.910416 0.366768 0.271316 0.006226 0.644779 
0.919258 0.961979 0.9866780000000001 0.099581 0.660191 
0.19843 0.006013 0.054526 0.418158 0.989686 
0.018044 0.26284 0.548242 0.311358 0.998982 
0.10264 0.071313 0.562441 0.943469 0.89048 
0.962278 0.007521 0.405271 0.386933 0.191047 
0.928022 0.270426 0.048141 0.099493 0.172813 
0.003312 0.669301 0.943187 0.147802 0.110327 
0.760622 0.767775 0.9894230000000001 0.238407 0.908783 
0.666112 0.34587 0.044799 0.937944 0.028903 
0.995484 0.103651 0.06333900000000001 0.542723 0.54862 
0.029881 0.207229 0.896084 0.478252 0.983194 
0.974705 0.861134 0.087427 0.387234 0.242741 
0.679598 0.002752 0.256668 0.813068 0.227694 
0.714762 0.998974 0.760105 0.08642900000000001 0.61869 
0.359063 0.768963 0.959618 0.293212 0.007188 
0.030531 0.141535 0.786814 0.985549 0.127656 
0.027726 0.987692 0.139403 0.941746 0.917418 
0.054324 0.016967 0.166177 0.929928 0.304217 
0.332477 0.935777 0.6121259999999999 0.996376 0.099444 
0.927226 0.89502 0.6005239999999999 0.002966 0.841653 
0.784555 0.014134 0.557864 0.014697 0.014959 
0.28291 0.862018 0.942103 0.923726 0.056822 
0.006917 0.260207 0.292911 0.946861 0.897464 
0.093593 0.013982 0.001889 0.746156 0.65081 
0.458919 0.044982 0.015335 0.739503 0.825924 
0.154484 0.416308 0.883382 0.999051 0.048263 
0.618571 0.317397 0.486995 0.931636 0.000257 
0.039716 0.506996 0.077232 0.037668 0.088283 
0.770989 0.018983 0.041912 0.407505 0.936859 
0.118033 0.777772 0.013628 0.038986 0.236908 
0.22127 0.8872409999999999 0.863905 0.65794 0.997144 
0.999461 0.936978 0.794415 0.72524 0.102081 
0.344879 0.375744 0.127565 0.988583 0.115716 
0.365883 0.394891 0.926221 0.003508 0.960055 
0.360067 0.654315 0.079848 0.997821 0.373562 
0.182029 0.358603 0.038662 0.797824 0.026347 
0.992633 0.180303 0.357522 0.872431 0.940111 
0.041117 0.055915 0.758732 0.003727 0.64323 
0.94955 0.08253000000000001 0.077927 0.716325 0.274968 
0.061671 0.505992 0.205568 0.97703 0.937382 
0.0363 0.087703 0.02154 0.028613 0.891157 
0.0902 0.986329 0.228654 0.983029 0.7649359999999999 
0.708752 0.994224 0.922279 0.746593 0.987076 
0.012798 0.09149599999999999 0.771591 0.132671 0.800942 
2.8e-05 0.472118 0.885532 0.135456 0.610558 
0.314701 0.182484 0.005874 0.716062 0.847826 
0.045165 0.084602 0.913879 0.565129 0.12459 
0.488071 0.007144 0.07192999999999999 0.931097 0.940562 
0.317121 0.8544659999999999 0.004842 0.387181 0.349604 
0.828779 0.291451 0.418754 0.997139 0.911547 
0.852502 0.995768 0.878112 0.42792 0.058318 
0.017317 0.048844 0.9137729999999999 0.777829 0.97145 
0.324328 0.98197 0.963577 0.839969 0.350613 
0.7493339999999999 0.057711 0.946275 0.035566 0.7565770000000001 
0.096577 0.176947 0.955775 0.702264 0.95702 
0.88424 0.418815 0.029867 0.980382 0.273294 
0.257988 0.00912 0.287135 0.88243 0.995221 
0.8837660000000001 0.447197 0.031914 0.379012 0.053573 
0.00646 0.578477 0.45463 0.966626 0.078629 
0.194917 0.96454 0.029948 0.338366 0.9210660000000001 
0.977742 0.915304 0.512324 0.632591 0.956775 
0.110828 0.685667 0.000309 0.189071 0.710446 
0.082214 0.778426 0.007689 0.220729 0.79084 
0.189564 0.999134 0.451507 0.484856 0.977334 
0.921986 0.823642 0.95604 0.171059 0.981748 
0.092527 0.102405 0.120726 0.04928 0.244537 
0.442078 0.998163 0.123823 0.08971999999999999 0.929958 
0.941869 0.990889 0.871364 0.020856 0.523764 
0.103698 0.844685 0.617802 0.405961 0.994073 
0.993818 0.09357600000000001 0.737993 0.453328 0.08007499999999999 
0.697608 0.692804 0.948809 0.63771 0.999471 
0.90986 0.021661 0.049232 0.448838 0.620155 
0.8999819999999999 0.996741 0.234324 0.278294 0.287093 
0.33926 0.946451 0.99859 0.305479 0.18949 
0.26281 0.045602 0.428453 0.00277 0.552395 
0.935267 0.030582 0.995518 0.6641049999999999 0.615886 
0.048709 0.6512790000000001 0.044806 0.051278 0.827613 
0.983161 0.986905 0.904817 0.253551 0.427453 
0.089421 0.89747 0.774074 0.864163 0.991056 
0.999107 0.985525 0.72495 0.236451 0.030362 
0.020273 0.722308 0.836699 0.39906 0.00516 
0.452966 0.991214 0.334147 0.002366 0.77184 
0.713583 0.190277 0.987559 0.903847 0.961789 
0.733622 0.987372 0.756606 0.27643 0.955734 
0.347143 0.424319 0.528411 9.7e-05 0.634623 
0.5239279999999999 0.650506 0.05938 0.000106 0.788685 
0.814011 0.077774 0.15398 0.9346680000000001 0.962389 
0.86565 0.975394 0.446924 0.446718 0.992761 
0.771557 0.557613 0.798882 0.8176949999999999 0.003295 
0.059753 0.26686 0.121021 0.995733 0.283551 
0.8697549999999999 0.9710839999999999 0.016561 0.334915 0.9084719999999999 
0.6587730000000001 0.002393 0.213654 0.88302 0.912241 
0.317187 0.963188 0.3056 0.21515 0.020543 
0.928422 0.9868130000000001 0.357943 0.941262 0.791126 
0.010496 0.414009 0.257166 0.188676 0.07473299999999999 
0.973685 0.725236 0.047985 0.489445 0.109694 
0.504643 0.538767 0.051169 0.002793 0.9437680000000001 
0.910102 0.085745 0.123397 0.936153 0.919311 
0.829114 0.915864 0.918665 0.006329 0.370204 
0.015403 0.880126 0.274706 0.977616 0.792855 
0.99691 0.068471 0.794439 0.131209 0.230228 
0.16404 0.021873 0.619966 0.775452 0.014775 
0.840421 0.949188 0.9986159999999999 0.731398 0.6074580000000001 
0.193313 0.009938000000000001 0.022249 0.938327 0.467962 
0.843352 0.211643 0.08305999999999999 0.983529 0.17084 
0.9317530000000001 0.964512 0.547672 0.716785 0.009901999999999999 
0.741773 0.982291 0.373156 0.627595 0.993709 
0.124251 0.288305 0.545963 0.004873 0.9018659999999999 
0.183288 0.525645 0.509719 0.840126 0.000144 
0.984582 0.871888 0.818939 0.912145 0.419065 
0.8703650000000001 0.224403 0.541269 0.111917 0.9876549999999999 
0.907332 0.527763 0.105486 0.903554 0.036866 
0.119704 0.8602880000000001 0.852741 0.011244 0.971075 
0.752009 0.016571 0.505623 0.010707 0.950816 
0.978669 0.482821 0.773635 0.490628 0.979335 
0.589488 0.526334 0.087329 0.742429 0.9981100000000001 
0.22995 0.764323 0.979294 0.000475 0.987139 
0.006721 0.955882 0.512605 0.357409 0.977166 
0.834194 0.290728 0.270546 0.069316 0.996356 
0.330921 0.796095 0.976617 0.000511 0.591326 
0.078545 0.109657 0.010707 0.945486 0.790234 
0.319327 0.926748 0.855844 0.168383 0.016455 
0.553993 0.958629 0.674042 0.618671 0.999299 
0.131965 0.933489 0.157206 0.153571 0.059602 
0.528576 0.772714 0.000678 0.389042 0.630835 
0.405178 0.819249 0.11978 0.137144 0.979801 
0.199403 0.361575 0.987263 0.931692 0.95268 
0.99538 0.358425 0.057348 0.8451109999999999 0.779752 
0.77889 0.805241 0.686736 0.974239 0.031791 
0.430162 0.73255 0.961201 0.89915 0.006426 
0.9942299999999999 0.027207 0.273719 0.387631 0.9087499999999999 
0.951326 0.928217 0.539179 0.9891990000000001 0.462755 
0.729341 0.036601 0.148922 0.930679 0.923212 
0.292426 0.807343 0.019342 0.079541 0.8395550000000001 
0.395851 0.061581 0.989038 0.762243 0.01985 
0.5053029999999999 0.634617 0.013385 0.959546 0.085603 
0.945012 0.817457 0.001453 0.425504 0.439923 
0.980339 0.562863 0.046807 0.691604 0.78006 
0.526613 0.788473 0.8610100000000001 0.003046 0.191193 
0.567325 0.037661 0.969252 0.21277 0.017637 
0.576367 0.996121 0.812926 0.848047 0.130191 
0.325936 0.012919 0.1224 0.169925 0.935754 
0.867569 0.226453 0.9950599999999999 0.970526 0.629394 
0.723507 0.984059 0.07477499999999999 0.741244 0.083811 
0.199849 0.869411 0.187429 0.117274 0.024234 
0.040078 0.597907 0.018543 0.657693 0.846703 
0.051525 0.98822 0.018771 0.481594 0.157687 
0.783566 0.395192 0.983942 0.115255 0.099075 
0.2217 0.119221 0.751652 0.02273 0.027498 
0.608646 0.516571 0.01577 0.049449 0.093116 
0.007364 0.766947 0.07778599999999999 0.347698  0.758 
0.029449 0.944249 0.987158 0.160781 0.239667 
0.958161 0.817283 0.069296 0.6616379999999999 0.150357 
0.109884 0.827932 0.054738 0.974476 0.023693 
0.216069 0.474445 0.992756 0.25829 0.08719 
0.994649 0.05747 0.906514 0.780847 0.690604 
0.977988 0.042594 0.885666 0.388488 0.314395 
0.7303500000000001 0.999403 0.967103 0.105557 0.091292 
0.05775 0.596247 0.117333 0.02298 0.227339 
0.892131 0.047216 0.557505 0.987767 0.395065 
0.506571 0.94413 0.998336 0.041133 0.326402 
0.053467 0.6131529999999999 0.258584 0.027249 0.969772 
0.474861 0.9811800000000001 0.69007 0.014353 0.235381 
0.916223 0.966985 0.118997 0.986065 0.799805 
0.999234 0.128644 0.112091 0.908644 0.571937 
0.059015 0.859201 0.583983 0.008506 0.958504 
0.019866 0.8940439999999999 0.194215 0.17921 0.9832109999999999 
0.107566 0.8647049999999999 0.095667 0.880168 0.981169 
0.516817 0.135563 0.40959 0.979115 0.978158 
0.062488 0.240127 0.819242 0.999105 0.955989 
0.941867 0.961431 0.76313 0.922423 0.164667 
0.9689410000000001 0.9903189999999999 0.298525 0.312213 0.36271 
0.069509 0.235205 0.09365 0.977737 0.828196 
0.1006 0.791456 0.999636 0.87441 0.214749 
0.991703 0.547757 0.148729 0.6897720000000001 0.993604 
0.788956 0.978959 0.363024 0.345272 0.98973 
0.226458 0.073175 0.849189 0.326115 0.015724 
0.975315 0.117278 0.097277 0.937758 0.894622 
0.056428 0.390434 0.03027 0.7530790000000001 0.997482 
0.664744 0.346214 0.816809 0.109002 0.998864 
0.198578 0.507586 0.003901 0.569713 0.165953 
0.970718 0.853287 0.195214 0.961638 0.249989 
0.251558 0.9359769999999999 0.96441 0.840247 0.038311 
0.885996 0.9327029999999999 0.946592 0.365621 0.988739 
0.530129 0.876606 0.113881 0.001769 0.731899 
0.444815 0.9990019999999999 0.229672 0.090642 0.426811 
0.949295 0.797874 0.874279 0.004215 0.839145 
0.04034 0.000733 0.311255 0.254563 0.440868 
0.958359 0.136383 0.192945 0.833938 0.002105 
0.867798 0.088837 0.077349 0.9974769999999999 0.59735 
0.657871 0.835265 0.294046 0.037661 0.97178 
0.99647 0.669242 0.944159 0.480683 0.846554 
0.813585 0.92805 0.728386 0.981814 0.344921 
0.091423 0.554653 0.058917 0.218183 0.003641 
0.195759 0.116142 0.00078 0.103933 0.79636 
0.79677 0.30999 0.003059 0.414002 0.137783 
0.9993649999999999 0.33035 0.191113 0.042278 0.568399 
0.247154 0.920688 0.003592 0.366555 0.687488 
0.955076 0.962484 0.46021 0.747426 0.986478 
0.992433 0.81365 0.010272 0.642193 0.330162 
0.93753 0.06525 0.653714 0.964962 0.113509 
0.743499 0.986526 0.549116 0.9942530000000001 0.412562 
0.257097 0.027204 0.209284 0.437021 0.010132 
0.191287 0.954134 0.123243 0.338432 0.028208 
0.593353 0.486701 0.984173 0.992869 0.1539 
0.023325 0.024965 0.5863699999999999 0.113397 0.860881 
0.858393 0.016777 0.964315 0.242345 0.099643 
0.813153 0.666564 0.943178 0.984959 0.203569 
0.388765 0.974302 0.090143 0.038477 0.687132 
0.012965 0.910398 0.052125 0.057619 0.405458 
0.992862 0.03803 0.174827 0.314215 0.011238 
0.023544 0.712382 0.009867000000000001 0.827765 0.246488 
0.779127 0.7861 0.988062 0.354557 0.045444 
0.001321 0.206908 0.502353 0.054646 0.440876 
0.069507 0.20289 0.974123 0.08336200000000001 0.061802 
0.092214 0.843993 0.985478 0.922982 0.5593 
0.605343 0.9933340000000001 0.962323 0.763775 0.770201 
0.029445 0.880112 0.034984 0.9751649999999999 0.601836 
0.062941 0.853572 0.990321 0.322904 0.052423 
0.023461 0.300646 0.960566 0.228537 0.018391 
0.388826 0.000261 0.378791 0.340164 0.132926 
0.07961 0.007194 0.913077 0.08641500000000001 0.37817 
0.989272 0.6971540000000001 0.062821 0.838384 0.719865 
0.859283 0.9642579999999999 0.275898 0.024337 0.024152 
0.932694 0.783005 0.962773 0.326294 0.024893 
0.799702 0.590368 0.309038 0.002321 0.009965999999999999 
0.989178 0.107227 0.16116 0.61718 0.945565 
0.108247 0.307139 0.077293 0.063009 0.985445 
0.965318 0.09921000000000001 0.422324 0.004205 0.673813 
0.770633 0.025776 0.218347 0.7643219999999999 0.966686 
0.37562 0.039678 0.863613 0.750282 0.990946 
0.836888 0.574703 0.041152 0.645146 0.975725 
0.906403 0.914563 0.058105 0.577252 0.873486 
0.810986 0.24859 0.045878 0.07550800000000001 0.063698 
0.018766 0.395747 0.319689 0.018144 0.952498 
0.9872339999999999 0.434037 0.859345 0.009109000000000001 0.09676700000000001 
0.142796 0.965588 0.63175 0.822336 0.003685 
0.88049 0.390544 0.866783 0.015831 0.075572 
0.668597 0.11759 0.339145 0.002122 0.671268 
0.00847 0.361266 0.789435 0.030462 0.967181 
0.958351 0.001089 0.299202 0.684734 0.317274 
0.089874 0.516941 0.22925 0.004061 0.248092 
0.99066 0.018889 0.465407 0.09315 0.578783 
0.914279 0.294288 0.104063 0.9811299999999999 0.845965 
0.793447 0.466842 0.210984 0.005178 0.032075 
0.449315 0.632808 0.599691 0.011781 0.000866 
0.060444 0.887266 0.271949 0.6435999999999999 0.991827 
0.155348 0.9371969999999999 0.464747 0.001745 0.330031 
0.656647 0.261023 0.021215 0.564883 0.993574 
0.006145 0.286606 0.995337 0.627576 0.6640779999999999 
0.07563 0.108822 0.971445 0.068066 0.983463 
0.993561 0.7796110000000001 0.925329 0.999286 0.999507 
0.580637 0.765227 0.165472 0.08305899999999999 0.975851 
0.40015 0.323207 0.146129 0.9957859999999999 0.176962 
0.051641 0.936697 0.06112 0.249424 0.070482 
0.97501 0.992893 0.54665 0.552603 0.592894 
0.307402 0.51306 0.99827 0.925116 0.432426 
0.872017 0.994474 0.128804 0.8085020000000001 0.491255 
0.501347 0.131125 0.810853 0.007728 0.883302 
0.863707 0.328908 0.9520420000000001 0.9640069999999999 0.058213 
0.886476 0.001283 0.566202 0.161327 0.424945 
0.035769 0.167818 0.510562 0.01959 0.245501 
0.611055 0.001887 0.706954 0.778029 0.330598 
0.777939 0.826033 0.143155 0.009438999999999999 0.636341 
0.987559 0.898862 0.172218 0.470174 0.220583 
0.584808 0.868388 0.98982 0.902373 0.17848 
0.723346 0.274671 0.402511 0.001569 0.370591 
0.992085 0.978035 0.83161 0.867778 0.739045 
0.127445 0.973207 0.688353 0.156417 0.895294 
0.206522 0.016657 0.952688 0.821583 0.352469 
0.319077 0.731548 0.129114 0.025106 0.951639 
0.200654 0.390145 0.160234 0.049029 0.029693 
0.04896 0.873981 0.995323 0.391658 0.588992 
0.047366 0.083466 0.80889 0.012804 0.194554 
0.001449 0.352836 0.11156 0.98915 0.637848 
0.000107 0.798664 0.146009 0.9707519999999999 0.431969 
0.086214 0.005232 0.9326 0.216424 0.438334 
0.199439 0.965215 0.365325 0.014588 0.178705 
0.043634 0.350866 0.011903 0.061721 0.340165 
0.8996 0.580942 0.896351 0.9701340000000001 0.044397 
0.718511 0.020883 0.982968 0.743853 0.933855 
0.990569 0.498304 0.988549 0.535101 0.444651 
0.966991 0.216224 0.08000699999999999 0.684723 0.137761 
0.000143 0.40383 0.173939 0.396686 0.09476999999999999 
0.057173 0.898671 0.959423 0.024302 0.435374 
0.335926 0.909029  0.044 0.505742 0.011557 
0.941089 0.8750520000000001 0.006029 0.330445 0.782879 
0.010767 0.96491 0.244829 0.838242 0.329395 
0.920807 0.009599999999999999 0.343185 0.910041 0.06680700000000001 
0.959133 0.143261 0.789194 0.987054 0.415852 
0.054061 0.598622 0.034032 0.967704 0.20684 
0.855973 0.333861 0.207056 0.990591 0.863631 
0.008286 0.259816 0.731674 0.242171 0.175602 
0.176065 0.132326 0.001547 0.008175999999999999 0.406055 
0.997037 0.205383 0.872113 0.6083809999999999 0.062248 
0.96378 0.246145 0.963693 0.786449 0.850826 
0.837807 0.014721 0.420357 0.936879 0.128987 
0.742856 0.182959 0.9971370000000001 0.8738629999999999 0.018554 
0.268457 0.963785 0.32844 0.083535 0.9764119999999999 
0.930694 0.174337 0.080679 0.969666 0.184476 
0.036242 0.117617 0.781162 0.993321 0.748655 
0.650621 0.9893 0.16636 0.016296 0.88866 
0.753614 0.987038 0.140419 0.022734 0.087738 
0.235627 0.181977 0.489383 0.057298 0.003925 
0.966745 0.077945 0.027611 0.058954 0.835355 
0.003187 0.557261 0.892603 0.984344 0.868426 
0.187957 0.999131 0.393099 0.818343 0.894815 
0.626485 0.340074 0.625324 0.823942 0.998374 
0.322601 0.951329 0.979119 0.060954 0.446214 
0.86702 0.011428 0.062553 0.329198 0.828613 
0.094962 0.028032 0.127871 0.133286 0.138441 
0.019733 0.659866 0.36491 0.039094 0.047351 
0.111381 0.983409 0.155698 0.823049 0.984471 
0.006723 0.996345 0.56297 0.836925 0.198348 
0.492652 0.998457 0.065917 0.862186 0.755949 
0.226407 0.214379 0.076159 0.998505 0.878098 
0.006539 0.90035 0.187047 0.7055439999999999 0.085911 
0.201423 0.323439 0.038198 0.000905 0.2149 
0.987012 0.705093 0.496344 0.052901 0.113561 
0.567736 0.934078 0.042794 0.243765 0.964935 
0.048738 0.131732 0.018082 0.906402 0.9005609999999999 
0.581677 0.246753 0.176713 0.023087 0.016025 
0.996309 0.960809 0.319505 0.924858 0.08865000000000001 
0.822411 0.257571 0.998916 0.785691 0.105654 
0.011231 0.7559979999999999 0.060623 0.891644 0.866523 
0.997435 0.884704 0.218951 0.903345 0.513537 
0.009976 0.659621 0.244256 0.209796 0.044767 
0.000672 0.299532 0.233152 0.585263 0.511518 
0.852875 0.277682 0.999143 0.5958329999999999 0.173207 
0.095081 0.026299 0.013629 0.062175 0.983374 
0.688894 0.238668 0.289225 0.003559 0.81795 
0.749208 0.944098 0.456595 0.995438  0.326 
0.022121 0.793472 0.879432 0.620099 0.006554 
0.001035 0.396634 0.220854 0.8890980000000001 0.062192 
0.376332 0.017607 0.923779 0.9604780000000001 0.7545500000000001 
0.7270180000000001 0.996057 0.728043 0.211393 0.876034 
0.043062 0.742926 0.356281 0.010797 0.468161 
0.035046 0.01151 0.441129 0.05289 0.928091 
0.879552 0.629981 0.094389 0.396917 0.988858 
0.393051 0.014528 0.174746 0.953061 0.09066200000000001 
0.659065 0.901293 0.029067 0.523237 0.045018 
0.030406 0.033456 0.294351 0.158384 0.962722 
0.071586 0.153092 0.011558 0.259478 0.038632 
0.826977 0.996319 0.136942 0.577427 0.822634 
0.9971449999999999 0.020302 0.222108 0.971388 0.110541 
0.650139 0.8862370000000001 0.991255 0.02354 0.639973 
0.172131 0.99877 0.327186 0.008727 0.678189 
0.199295 0.544237 0.992092 0.086641 0.181496 
0.975237 0.8091159999999999 0.819065 0.019364 0.442371 
0.931227 0.132297 0.522996 0.998582 0.163024 
0.871032 0.434104 0.983689 0.8592919999999999 0.112959 
0.141133 0.014633 0.942856 0.575545 0.178236 
0.889148 0.908622 0.212292 0.986632 0.325365 
0.63466 0.732667 0.9399650000000001 0.992739 0.966852 
0.014715 0.320891 0.22313 0.140947 0.8940090000000001 
0.856666 0.982089 0.974821 0.815379 0.073126 
0.999037 0.814215 0.516501 0.832721 0.534318 
0.967008 0.49885 0.172613 0.104118 0.9113250000000001 
0.862912 0.960256 0.021536 0.954873 0.542118 
0.807793 0.5731579999999999 0.06421200000000001 0.206404 0.03693 
0.878974 0.9220120000000001 0.254296 0.954371 0.109518 
0.032006 0.921691 0.861607 0.025291 0.062707 
0.928594 0.879509 0.90828 0.468793 0.007736 
0.188552 0.998061 0.413542 0.399953 0.01011 
0.8778629999999999 0.251676 0.916111 0.077113 0.031605 
0.980893 0.871696 0.591243 0.018323 0.961322 
0.888521 0.364906 0.977954 0.47415 0.033038 
0.689441 0.433924 0.957279 0.985843 0.068498 
0.06700399999999999 0.128486 0.455821 0.983348 0.125584 
0.971512 0.204799 0.057964 0.195116 0.322295 
0.88243 0.004809 0.820591 0.671431 0.7475270000000001 
0.341415 0.166716 0.988285 0.113281 0.909728 
0.806391 0.015223 0.85118 0.783014 0.117031 
0.7423070000000001 0.946998 0.201046 0.988298 0.32867 
0.831914 0.971971 0.9221780000000001 0.050869 0.957595 
0.319569 0.999708 0.09386 0.5121329999999999 0.42486 
0.615851 0.603582 0.397989 0.0003 0.038343 
0.421018 0.051466 0.992667 0.75443 0.706585 
0.863075 0.699313 0.353555 0.194324 0.997988 
0.23895 0.038109 0.502649 0.015351 0.010201 
0.559972 0.449625 0.845303 0.002737 0.001653 
0.605164 0.999176 0.1561 0.568847 0.613281 
0.882372 0.032852 0.142681 0.046468 0.987644 
0.926852 0.5972499999999999 0.983934 0.97867 0.501597 
0.025703 0.982141 0.844534 0.083624 0.470161 
0.990746 0.472707 0.793395 0.582196 0.968639 
0.894144 0.872502 0.142499 0.988502 0.753834 
0.6849499999999999 0.95609 0.003839 0.5231710000000001 0.932922 
0.531915 0.887985 0.361647 0.194919 0.00163 
0.089255 0.114295 0.963544 0.277511 0.124392 
0.889444 0.877161 0.450943 0.003006 0.527016 
0.841675 0.030507 0.736278 0.628606 0.986361 
0.758972 0.048598 0.792125 0.243232 0.00699 
0.7705340000000001 0.364246 0.877462 0.510026 0.002329 
0.982739 0.890062 0.280057 0.925859 0.908926 
0.622235 0.909381 0.966738 0.963062 0.184419 
0.182591 0.804084 0.232879 0.993469 0.238912 
0.986501 0.114768 0.910087 0.828391 0.76631 
2.4e-05 0.411737 0.071496 0.640395 0.12479 
0.563158 0.997471 0.497947 0.993878 0.113971 
0.993943 0.19606 0.180938 0.022688 0.310165 
0.5318659999999999 0.074402 0.482418 0.999255 0.485816 
0.740699 0.931616 0.670885 0.557327 0.998641 
0.228708 0.894535 0.44497 0.603915 0.004002 
0.865098 0.69955 0.334265 0.996431 0.021805 
0.889869 0.023865 0.102951 0.292206 0.105533 
0.6978529999999999 0.806985 0.996356 0.7546929999999999 0.118121 
0.192611 0.221336 0.992716 0.576481 0.9097 
0.419946 0.040815 0.974644 0.84978 0.248292 
0.8742490000000001 0.501269 0.826265 0.041587 0.95478 
0.981406 0.498022 0.251325 0.027316 0.09918 
