5
12
0.580029 0.546454 0.24856 0.547949 0.378351 
0.533863 0.630125 0.511375 0.685878 0.55809 
0.61995 0.5066079999999999 0.560214 0.521481 0.5364910000000001 
0.427409 0.455134 0.441457 0.561746 0.272561 
0.466022 0.432645 0.466077 0.35114 0.609355 
0.469653 0.462931 0.478764 0.588592 0.473549 
0.587639 0.448353 0.475182 0.389154 0.512451 
0.47603 0.633209 0.339174 0.489596 0.633941 
0.534211 0.486425 0.344412 0.52516 0.361506 
0.565154 0.536578 0.27218 0.530402 0.472015 
0.642147 0.558489 0.5321399999999999 0.676942 0.356407 
0.341011 0.378272 0.6100680000000001 0.41331 0.499651 
