5
656
0.410808 0.445712 0.080251 0.78513 0.6788 
0.599375 0.6929959999999999 0.183119 0.680963 0.943711 
0.390818 0.482118 0.954104 0.623756 0.465255 
0.502467 0.967967 0.6154809999999999 0.388216 0.742771 
0.744441 0.825525 0.593222 0.289706 0.09089899999999999 
0.733639 0.264817 0.771196 0.485102 0.102911 
0.161018 0.222006 0.252419 0.413829 0.219478 
0.47479 0.797363 0.284236 0.153318 0.816426 
0.635428 0.634554 0.956786 0.700457 0.58908 
0.164261 0.739891 0.356215 0.90663 0.722397 
0.887348 0.664291 0.742262 0.201067 0.334459 
0.24504 0.384597 0.915798 0.820414 0.703132 
0.296647 0.749045 0.196925 0.71989 0.193268 
0.898751 0.313432 0.850877 0.689746 0.56065 
0.719136 0.517586 0.069812 0.335165 0.11484 
0.724895 0.304377 0.669021 0.231447 0.927055 
0.8647049999999999 0.092678 0.632733 0.339935 0.294788 
0.501389 0.845531 0.84323 0.172749 0.384644 
0.707412 0.473072 0.914656 0.62705 0.826103 
0.800982 0.110355 0.739726 0.577838 0.728763 
0.217442 0.545736 0.186121 0.142747 0.141886 
0.758751 0.326455 0.7354619999999999 0.90805 0.590749 
0.731508 0.455334 0.805387 0.133846 0.552146 
0.088923 0.534141 0.309824 0.216418 0.332232 
0.736989 0.571779 0.8872100000000001 0.332135 0.191387 
0.344565 0.105662 0.869474 0.25475 0.583132 
0.686848 0.846713 0.71068 0.39947 0.89638 
0.266284 0.438393 0.074998 0.491037 0.86348 
0.356497 0.652548 0.368665 0.144995 0.933756 
0.614518 0.212245 0.207658 0.106236 0.507108 
0.595189 0.346302 0.297417 0.690839 0.924928 
0.619592 0.486627 0.745877 0.952491 0.524217 
0.711062 0.811364 0.596996 0.711957 0.866238 
0.326804 0.593765 0.41476 0.864993 0.936183 
0.124838 0.150798 0.468145 0.118901 0.369411 
0.540535 0.764113 0.451621 0.394772 0.933002 
0.127813 0.151194 0.119096 0.641256 0.595082 
0.666735 0.811589 0.37354 0.087786 0.414016 
0.07245799999999999 0.804399 0.538625 0.669261 0.266198 
0.851952 0.757866 0.46065 0.152236 0.623201 
0.523542 0.163792 0.857509 0.152122 0.717144 
0.215301 0.5557 0.64354 0.976708 0.532578 
0.344793 0.930949 0.462647 0.7124740000000001 0.549462 
0.6785409999999999 0.232926 0.787924 0.639787 0.892611 
0.703749 0.9122209999999999 0.692235 0.393595 0.152166 
0.172026 0.248763 0.951606 0.636263 0.67409 
0.345131 0.6106470000000001 0.145494 0.31766 0.912651 
0.384053 0.785399 0.206011 0.422153 0.125252 
0.803449 0.574256 0.521326 0.9290890000000001 0.20279 
0.673975 0.501519 0.032344 0.605842 0.389455 
0.569905 0.397821 0.173079 0.93314 0.290778 
0.918104 0.566342 0.5155149999999999 0.254694 0.639953 
0.5265609999999999 0.908515 0.409801 0.518645 0.863611 
0.704153 0.707223 0.299119 0.290826 0.9110549999999999 
0.099702 0.694757 0.788583 0.721346 0.666825 
0.424509 0.730421 0.186898 0.195698 0.101093 
0.202839 0.115085 0.23266 0.310427 0.345039 
0.112232 0.282968 0.848415 0.307232 0.640508 
0.568132 0.587626 0.235695 0.330403 0.08133899999999999 
0.071066 0.406983 0.165628 0.711029 0.260505 
0.309778 0.431355 0.776703 0.048103 0.46785 
0.152545 0.829803 0.494108 0.475529 0.208326 
0.423389 0.905115 0.26897 0.5774550000000001 0.291919 
0.278722 0.477006 0.04739 0.489944 0.486993 
0.713134 0.648467 0.781855 0.635562 0.890012 
0.684315 0.27553 0.831276 0.25163 0.143038 
0.6273069999999999 0.153827 0.372917 0.61896 0.864773 
0.94762 0.641971 0.605326 0.720851 0.342691 
0.132574 0.168228 0.411205 0.123538 0.303371 
0.569533 0.139911 0.478444 0.206751 0.855843 
0.376177 0.408249 0.435986 0.612426 0.048666 
0.413025 0.707416 0.540339 0.481945 0.054794 
0.824694 0.634118 0.622312 0.193837 0.81699 
0.219949 0.6834789999999999 0.239743 0.356633 0.933621 
0.4028 0.85301 0.540857 0.175954 0.253669 
0.285663 0.132257 0.841695 0.371048 0.208516 
0.878515 0.195374 0.652187 0.310796 0.556225 
0.132333 0.113081 0.553194 0.537501 0.782666 
0.087144 0.629569 0.158254 0.7691 0.260852 
0.138286 0.173705 0.461485 0.1849 0.614266 
0.459271 0.972471 0.316092 0.564795 0.510939 
0.7639590000000001 0.853822 0.188291 0.614011 0.679985 
0.932323 0.558114 0.226066 0.498759 0.634864 
0.16489 0.310804 0.684366 0.147607 0.823933 
0.596307 0.137853 0.892865 0.383327 0.576083 
0.804735 0.173564 0.08749700000000001 0.564547 0.340674 
0.344507 0.137001 0.568974 0.739627 0.914954 
0.457142 0.187775 0.930458 0.215595 0.505142 
0.929988 0.316096 0.627907 0.231663 0.5573399999999999 
0.213428 0.090698 0.356232 0.184646 0.339245 
0.055177 0.365097 0.182406 0.70074 0.342973 
0.607573 0.477667 0.146332 0.409586 0.907848 
0.101302 0.586201 0.286332 0.386435 0.813365 
0.324735 0.818875 0.823779 0.248094 0.722308 
0.749565 0.935653 0.525686 0.205898 0.520995 
0.733283 0.293751 0.068034 0.449375 0.653961 
0.124137 0.3718 0.8354780000000001 0.884785 0.574861 
0.693603 0.380002 0.686681 0.050735 0.704328 
0.556549 0.918939 0.612272 0.463131 0.8372000000000001 
0.915906 0.6246119999999999 0.846357 0.725871 0.715953 
0.671834 0.507076 0.433988 0.034007 0.560123 
0.584109 0.112923 0.891282 0.77346 0.544876 
0.734331 0.908513 0.378581 0.814408 0.75398 
0.137423 0.668273 0.667252 0.502717 0.166509 
0.8815539999999999 0.276419 0.777849 0.30483 0.274812 
0.446808 0.5010829999999999 0.6986289999999999 0.858387 0.911081 
0.407607 0.652853 0.505612 0.8137720000000001 0.065453 
0.263951 0.232353 0.156051 0.741608 0.200612 
0.345039 0.076131 0.531373 0.782137 0.381284 
0.247835 0.370189 0.76384 0.861002 0.852834 
0.6935480000000001 0.465475 0.233061 0.057626 0.519113 
0.668493 0.363458 0.64315 0.425654 0.95855 
0.231524 0.219142 0.115381 0.200244 0.501468 
0.335461 0.09299 0.885737 0.582573 0.297808 
0.344873 0.275245 0.050828 0.260641 0.589372 
0.562212 0.099055 0.818953 0.142819 0.363832 
0.9321 0.799156 0.415648 0.79614 0.728402 
0.21952 0.471191 0.301071 0.094834 0.866999 
0.310027 0.630515 0.061553 0.527674 0.609632 
0.745131 0.421778 0.818536 0.139549 0.404868 
0.62164 0.901607 0.308594 0.547438 0.794475 
0.2466 0.601525 0.829276 0.64081 0.08805200000000001 
0.423775 0.389317 0.247211 0.876131 0.136768 
0.359201 0.094459 0.571835 0.8362270000000001 0.472787 
0.67571 0.650792 0.866594 0.8503309999999999 0.512553 
0.952303 0.352682 0.530603 0.851989 0.381511 
0.645693 0.169017 0.6692939999999999 0.819711 0.876119 
0.09582300000000001 0.501227 0.117955 0.477147 0.406305 
0.695755 0.548941 0.051562 0.598834 0.597002 
0.305193 0.38287 0.899174 0.420135 0.213249 
0.160779 0.204777 0.6949920000000001 0.735578 0.858663 
0.542915 0.766416 0.156672 0.185287 0.118942 
0.544445 0.48259 0.8878509999999999 0.110352 0.6924709999999999 
0.571183 0.877996 0.471039 0.744384 0.8563539999999999 
0.139592 0.116637 0.325783 0.427634 0.244842 
0.810229 0.5145 0.199235 0.545898 0.900298 
0.316137 0.312018 0.081262 0.774158 0.28011 
0.226604 0.531093 0.08078200000000001 0.711182 0.841556 
0.04056 0.686882 0.42563 0.560869 0.525153 
0.794361 0.817553 0.612488 0.08458 0.528681 
0.31488 0.18464 0.243716 0.139629 0.745181 
0.239071 0.058933 0.480312 0.598779 0.684815 
0.685011 0.973862 0.70396 0.46169 0.630678 
0.348113 0.739747 0.93537 0.769539 0.639741 
0.931381 0.717574 0.269016 0.349057 0.602452 
0.21286 0.536924 0.073641 0.678157 0.7848039999999999 
0.327492 0.162642 0.520891 0.607419 0.891991 
0.906104 0.883006 0.677184 0.426823 0.620973 
0.35736 0.141349 0.6450979999999999 0.165868 0.749983 
0.8081660000000001 0.845296 0.894545 0.62327 0.297805 
0.825406 0.595816 0.873105 0.278595 0.34022 
0.269496 0.419046 0.898864 0.212101 0.786743 
0.829678 0.402621 0.843176 0.264444 0.503565 
0.603504 0.086524 0.213141 0.254502 0.421578 
0.795435 0.8764380000000001 0.297899 0.7848309999999999 0.647736 
0.825715 0.790474 0.501532 0.243938 0.861482 
0.077264 0.568265 0.824168 0.789413 0.663327 
0.479723 0.710561 0.397923 0.896289 0.923334 
0.616146 0.560413 0.856109 0.631112 0.099396 
0.81476 0.674684 0.406272 0.214191 0.906276 
0.279927 0.735344 0.928941 0.709497 0.511273 
0.917086 0.459652 0.375098 0.275968 0.189198 
0.29498 0.734501 0.763502 0.179856 0.835497 
0.194255 0.8420800000000001 0.839253 0.323518 0.368783 
0.134881 0.942542 0.311145 0.416579 0.449012 
0.540831 0.747045 0.588265 0.969334 0.592245 
0.491173 0.139983 0.692478 0.479985 0.109027 
0.236213 0.033889 0.572475 0.59293 0.376492 
0.775232 0.317003 0.871913 0.246963 0.713778 
0.474136 0.796548 0.585382 0.511993 0.063143 
0.515257 0.91775 0.632342 0.775318 0.765774 
0.558131 0.506642 0.128463 0.08566500000000001 0.77212 
0.350257 0.774684 0.110242 0.843311 0.524856 
0.131952 0.714547 0.387582 0.094682 0.322161 
0.662928 0.839199 0.412458 0.186403 0.874929 
0.921331 0.80737 0.470055 0.209222 0.394455 
0.707045 0.300414 0.061148 0.709435 0.467055 
0.245391 0.287792 0.923261 0.246786 0.738138 
0.379547 0.054586 0.425107 0.773046 0.582812 
0.321822 0.860075 0.273977 0.726859 0.325394 
0.761321 0.5166809999999999 0.859295 0.17006 0.193575 
0.488861 0.295075 0.321689 0.626938 0.9391969999999999 
0.5590039999999999 0.178008 0.7868810000000001 0.111889 0.519974 
0.208889 0.794601 0.863966 0.674327 0.415077 
0.578889 0.389732 0.231455 0.066732 0.57069 
0.561465 0.538766 0.031971 0.340599 0.443913 
0.538842 0.315269 0.723258 0.804198 0.16211 
0.350711 0.393474 0.121631 0.245545 0.8793299999999999 
0.16754 0.838368 0.459286 0.224652 0.726702 
0.07321 0.435439 0.427211 0.143594 0.383311 
0.304187 0.47684 0.256108 0.406265 0.093227 
0.119876 0.752593 0.826189 0.758509 0.255178 
0.385142 0.08654199999999999 0.512116 0.129547 0.300491 
0.541921 0.071949 0.243095 0.694486 0.229285 
0.07165199999999999 0.252924 0.885388 0.7198 0.683021 
0.746205 0.467883 0.702739 0.9363089999999999 0.548258 
0.579803 0.745116 0.161019 0.242511 0.881424 
0.7123930000000001 0.194514 0.198801 0.242854 0.649435 
0.055021 0.738466 0.390714 0.731743 0.396248 
0.918157 0.463479 0.692169 0.292777 0.704575 
0.586435 0.218058 0.893527 0.503471 0.831593 
0.182162 0.589024 0.72983 0.247386 0.8101429999999999 
0.550075 0.116848 0.8599599999999999 0.341239 0.207002 
0.296171 0.749822 0.265193 0.098549 0.314531 
0.448988 0.145185 0.117241 0.472412 0.829215 
0.610092 0.824429 0.179662 0.574812 0.868656 
0.316825  0.879 0.355248 0.660097 0.242586 
0.773338 0.487817 0.7367089999999999 0.872443 0.153857 
0.163258 0.879114 0.26464 0.802732 0.517437 
0.560256 0.217246 0.245857 0.11928 0.7371180000000001 
0.722299 0.676078 0.849034 0.717132 0.841744 
0.897639 0.617879 0.6979379999999999 0.25214 0.712012 
0.788647 0.782281 0.797848 0.433756 0.136734 
0.221179 0.353821 0.665075 0.907162 0.676796 
0.914635 0.263601 0.34276 0.7612640000000001 0.5572859999999999 
0.474832 0.49384 0.963541 0.226546 0.550316 
0.766223 0.9080009999999999 0.770193 0.6389359999999999 0.592386 
0.237022 0.626171 0.063739 0.268541 0.361457 
0.110713 0.758862 0.186095 0.692378 0.799867 
0.225571 0.170868 0.773719 0.898044 0.419777 
0.189614 0.837659 0.541667 0.794681 0.211119 
0.2738 0.759186 0.643046 0.678237 0.121978 
0.75936 0.563072 0.558531 0.223294 0.91055 
0.422332 0.133974 0.701878 0.46248 0.903613 
0.497609 0.31418 0.431124 0.898087 0.156442 
0.797717 0.230234 0.540944 0.648305 0.063139 
0.356005 0.370152 0.136682 0.211886 0.175946 
0.116754 0.28574 0.435919 0.48568 0.8163820000000001 
0.901641 0.883833 0.574867 0.785656 0.527466 
0.5081830000000001 0.037095 0.462592 0.787663 0.255188 
0.25672 0.695115 0.799493 0.083387 0.489247 
0.480973 0.719369 0.437979 0.110187 0.908764 
0.280103 0.686801 0.06499199999999999 0.321787 0.273073 
0.073141 0.276205 0.18157 0.638876 0.5844200000000001 
0.353749 0.461121 0.054599 0.643267 0.38889 
0.05316 0.458902 0.759758 0.252184 0.459141 
0.050438 0.70806 0.365476 0.552069 0.623452 
0.357759 0.8488599999999999 0.791048 0.151202 0.259047 
0.799984 0.329453 0.122817 0.181859 0.50705 
0.195229 0.209859 0.102477 0.33696 0.284633 
0.512201 0.565404 0.749255 0.722791 0.940364 
0.7025749999999999 0.179525 0.28315 0.894297 0.446697 
0.8347869999999999 0.269451 0.66042 0.677984 0.87701 
0.912155 0.591448 0.472155 0.5079939999999999 0.8618980000000001 
0.252799 0.796131 0.575718 0.086656 0.423135 
0.632043 0.741248 0.161222 0.658291 0.891371 
0.369551 0.046387 0.619305 0.6578040000000001 0.719819 
0.049518 0.248367 0.300272 0.668556 0.423759 
0.277627 0.07595200000000001 0.529882 0.725006 0.184169 
0.925018 0.773291 0.693777 0.307338 0.423269 
0.561489 0.939155 0.373675 0.353277 0.526012 
0.492705 0.898051 0.5454369999999999 0.16034 0.836713 
0.628185 0.9054450000000001 0.819814 0.622158 0.61108 
0.426138 0.107374 0.631334 0.8369490000000001 0.608567 
0.340556 0.722228 0.478808 0.329742 0.970548 
0.703273 0.917365 0.158589 0.400024 0.200203 
0.811104 0.229272 0.366226 0.159239 0.321785 
0.765984 0.886984 0.548477 0.247709 0.244907 
0.421422 0.844027 0.559761 0.9028 0.366632 
0.164849 0.61997 0.843807 0.865816 0.776788 
0.502536 0.118146 0.671902 0.657576 0.883458 
0.807235 0.203217 0.472726 0.113329 0.715438 
0.085248 0.770665 0.574068 0.361171 0.206379 
0.5102179999999999 0.239182 0.934397 0.406636 0.324558 
0.149095 0.840022 0.254425 0.127722 0.627134 
0.467666 0.069809 0.278893 0.358143 0.316415 
0.235029 0.139869 0.774963 0.801125 0.515852 
0.116682 0.072794 0.446437 0.261635 0.301637 
0.813976 0.488222 0.543937 0.941352 0.306601 
0.238535 0.050735 0.696932 0.339301 0.63107 
0.682464 0.176066 0.1479 0.761746 0.662767 
0.757088 0.385691 0.308768 0.459388 0.927772 
0.059393 0.220466 0.366648 0.258781 0.327081 
0.946292 0.333265 0.190963 0.507779 0.239549 
0.73966 0.460139 0.554163 0.814534 0.865237 
0.745063 0.273469 0.199647 0.459861 0.881562 
0.385237 0.681744 0.070246 0.628738 0.20498 
0.796489 0.587426 0.865551 0.317299 0.851128 
0.767275 0.584662 0.413107 0.086461 0.156299 
0.699736 0.456134 0.236282 0.184381 0.890408 
0.642259 0.451234 0.8939 0.779272 0.221612 
0.256925 0.132065 0.619156 0.160629 0.694681 
0.8662260000000001 0.656699 0.137772 0.541932 0.251102 
0.187684 0.403471 0.140826 0.86194 0.620049 
0.636345 0.053989 0.391608 0.750193 0.492494 
0.78107 0.450869 0.755217 0.931302 0.3867 
0.268142 0.664018 0.147518 0.338715 0.783878 
0.820925 0.28556 0.406785 0.837081 0.821269 
0.406246 0.775953 0.447829 0.654308 0.962734 
0.416411 0.6273 0.038232 0.559786 0.328351 
0.259073 0.239873 0.542374 0.675556 0.071174 
0.403184 0.315415 0.186358 0.113807 0.757901 
0.892582 0.618696 0.422964 0.7558280000000001 0.209492 
0.475975 0.705854 0.295119 0.059363 0.721159 
0.754039 0.12838 0.689042 0.722288 0.490914 
0.827995 0.11118 0.602809 0.40811 0.104127 
0.059987 0.198523 0.57581 0.640996 0.222474 
0.233582 0.814676 0.254871 0.609974 0.83027 
0.260168 0.647227 0.947802 0.702778 0.587354 
0.782393 0.680841 0.899432 0.7548319999999999 0.469515 
0.665263 0.079362 0.836162 0.375037 0.252373 
0.884648 0.273611 0.585453 0.702274 0.119191 
0.710885 0.851752 0.39857 0.758921  0.191 
0.434288 0.07896300000000001 0.133738 0.728649 0.410498 
0.238484 0.202137 0.317639 0.565426 0.114566 
0.512128 0.329988 0.114783 0.155866 0.64109 
0.178428 0.834151 0.576298 0.843556 0.63748 
0.676217 0.177739 0.259843 0.182942 0.711036 
0.22233 0.706514 0.388394 0.7456469999999999 0.083761 
0.658044 0.750454 0.883987 0.174888 0.348869 
0.701061 0.7261919999999999 0.117048 0.218372 0.179198 
0.286535 0.797034 0.745295 0.177591 0.772959 
0.617046 0.696681 0.122218 0.124685 0.582387 
0.870681 0.528247 0.253378 0.52711 0.136908 
0.444328 0.82508 0.111433 0.847299 0.559829 
0.191372 0.395829 0.699196 0.394834 0.96901 
0.070188 0.648611 0.20162 0.620438 0.699134 
0.343776 0.8386749999999999 0.614837 0.558751 0.93225 
0.06528399999999999 0.234822 0.6457310000000001 0.808682 0.515794 
0.107134 0.6005740000000001 0.850687 0.488714 0.816072 
0.759308 0.696146 0.117738 0.821755 0.235437 
0.325824 0.121943 0.48818 0.834398 0.725479 
0.76934 0.304557 0.688051 0.064761 0.435697 
0.7438090000000001 0.202113 0.909588 0.448228 0.364277 
0.08243 0.398873 0.862332 0.220355 0.507267 
0.257504 0.862332 0.210408 0.322739 0.268247 
0.425921 0.460536 0.231269 0.936177 0.323895 
0.051621 0.589417 0.334847 0.774462 0.388178 
0.9023139999999999 0.190909 0.610447 0.77445 0.177711 
0.710353 0.906478 0.179007 0.566233 0.684316 
0.3061 0.617876 0.646018 0.630453 0.026305 
0.079677 0.124252 0.301579 0.6340519999999999 0.5115 
0.290899 0.146244 0.919578 0.349128 0.787004 
0.944387 0.309836 0.419395 0.764767 0.442004 
0.5009169999999999 0.912332 0.564279 0.837906 0.67842 
0.649558 0.120447 0.349983 0.168873 0.253458 
0.866804 0.380869 0.261087 0.087495 0.536215 
0.173881 0.417419 0.560566 0.432801 0.080178 
0.710335 0.593189 0.721347 0.685186 0.919536 
0.560767 0.815021 0.056089 0.680057 0.719294 
0.27458 0.873231 0.386228 0.335029 0.831982 
0.509151 0.302388 0.238481 0.149411 0.147561 
0.644269 0.221204 0.769808 0.16159 0.841248 
0.848608 0.5588379999999999 0.382273 0.858201 0.778695 
0.519849 0.09634 0.194061 0.586162 0.620167 
0.460691 0.835759 0.607466 0.685436 0.124385 
0.825296 0.75676 0.860572 0.628775 0.81492 
0.757289 0.750897 0.321527 0.902641 0.687447 
0.363947 0.8544119999999999 0.11068 0.194886 0.441543 
0.531216 0.1493 0.280126 0.083817 0.713909 
0.250406 0.571395 0.43519 0.237279 0.941796 
0.443316 0.803634 0.680605 0.921743 0.726311 
0.3367 0.920548 0.642157 0.732814 0.404833 
0.138968 0.6295770000000001 0.293493 0.742079 0.120819 
0.6125660000000001 0.391568 0.076225 0.115868 0.396574 
0.852876 0.28453 0.094708 0.75049 0.492073 
0.266414 0.615587 0.177668 0.068803 0.367729 
0.260212 0.381262 0.876952 0.925947 0.383227 
0.05981 0.232071 0.413357 0.288909 0.68702 
0.929986 0.276831 0.702824 0.359761 0.509628 
0.748602 0.751434 0.349745 0.159683 0.785339 
0.425876 0.702889 0.452612 0.051751 0.780574 
0.5460429999999999 0.340568 0.930018 0.807083 0.651046 
0.596269 0.498016 0.152533 0.625816 0.093198 
0.907048 0.75651 0.6713980000000001 0.186142 0.487741 
0.7438129999999999 0.260263 0.235354 0.595772 0.134758 
0.872123 0.778519 0.562225 0.308512 0.164777 
0.622841 0.089382 0.245447 0.229406 0.629166 
0.929639 0.436262 0.260742 0.287178 0.592978 
0.179469 0.338397 0.441739 0.305833 0.138986 
0.264678 0.44847 0.437261 0.044179 0.52233 
0.324474 0.438135 0.730706 0.969444 0.438815 
0.884894 0.420319 0.304047 0.114975 0.387789 
0.686546 0.774733 0.937083 0.547553 0.715935 
0.716674 0.142788 0.84593 0.550507 0.372565 
0.794307 0.915126 0.516288 0.257299 0.416569 
0.61582 0.094093 0.419519 0.84943 0.373405 
0.19881 0.406057 0.606931 0.692805 0.9696669999999999 
0.185916 0.687655 0.41763 0.103783 0.272551 
0.766485 0.307759 0.500092 0.038519 0.3957 
0.527645 0.130909 0.182681 0.325287 0.101222 
0.244339 0.6064040000000001 0.831523 0.413646 0.149546 
0.820993 0.423749 0.947315 0.519088 0.309955 
0.403174 0.145301 0.080995 0.276524 0.538633 
0.807944 0.115804 0.323899 0.77469 0.209089 
0.554396 0.734331 0.90874 0.193177 0.726962 
0.619295 0.492433 0.326356 0.061871 0.867433 
0.408575 0.917903 0.203829 0.751755 0.739671 
0.5846440000000001 0.115932 0.465108 0.06661 0.513583 
0.463453 0.255669 0.035719 0.32894 0.501202 
0.222747 0.713408 0.249355 0.901371 0.336321 
0.303333 0.123741 0.713383 0.8260729999999999 0.8116370000000001 
0.454254 0.651278 0.028167 0.40194 0.410698 
0.39562 0.188295 0.67461 0.177078 0.152261 
0.350185 0.55316 0.955345 0.475833 0.329565 
0.333879 0.504012 0.928887 0.7963710000000001 0.602917 
0.142656 0.6258629999999999 0.883833 0.588845 0.7121459999999999 
0.126215 0.288536 0.417332 0.092543 0.363727 
0.09170499999999999 0.283659 0.452025 0.178066 0.759355 
0.250159 0.429336 0.850042 0.654139 0.111376 
0.193738 0.154513 0.8959780000000001 0.702879 0.293643 
0.108963 0.334672 0.82396 0.299737 0.673585 
0.463784 0.8096680000000001 0.09014999999999999 0.157047 0.484622 
0.813426 0.250946 0.649498 0.114093 0.563495 
0.774248 0.785614 0.8112279999999999 0.304261 0.716921 
0.352826 0.95292 0.718184 0.517967 0.47568 
0.9563739999999999 0.781016 0.531365 0.643564 0.373208 
0.602708 0.711157 0.423213 0.936002 0.383669 
0.257762 0.209442 0.085605 0.76532 0.732123 
0.976583 0.434438 0.594648 0.245745 0.2366 
0.447678 0.121609 0.887575 0.472438 0.267679 
0.789919 0.162184 0.833666 0.429611 0.476819 
0.900658 0.354541 0.766308 0.345181 0.448843 
0.77334 0.531629 0.085247 0.751037 0.677295 
0.932862 0.614937 0.253724 0.334104 0.281879 
0.534601 0.041447 0.608098 0.296396 0.531399 
0.219819 0.500549 0.719874 0.920167 0.238825 
0.08233699999999999 0.832762 0.23016 0.306147 0.405319 
0.658121 0.047456 0.589314 0.600093 0.766031 
0.877162 0.457478 0.837059 0.45746 0.5384989999999999 
0.352991 0.7177249999999999 0.809526 0.698928 0.8904840000000001 
0.368111 0.833682 0.691842 0.781949 0.212583 
0.885861 0.665365 0.791678 0.725754 0.75227 
0.877625 0.244872 0.567018 0.865151 0.592766 
0.856474 0.764348 0.397066 0.487606 0.199237 
0.581429 0.081857 0.7643 0.5836170000000001 0.84452 
0.682443 0.818331 0.687142 0.798074 0.223887 
0.862162 0.360991 0.176369 0.238147 0.5445410000000001 
0.858057 0.360691 0.130975 0.298416 0.483903 
0.195355 0.327612 0.175647 0.092303 0.34113 
0.809324 0.312991 0.434124 0.326359 0.109808 
0.16495 0.318668 0.857648 0.489788 0.870622 
0.540771 0.736035 0.536793 0.873813 0.168204 
0.168033 0.128568 0.834444 0.496267 0.758694 
0.518679 0.433762 0.23202 0.554945 0.961229 
0.154273 0.862393 0.231475 0.400269 0.316607 
0.81162 0.8984 0.406472 0.573738 0.817214 
0.91493 0.2325 0.632149 0.535483 0.856843 
0.167984 0.311769 0.893184 0.746816 0.737676 
0.294594 0.239444 0.342349 0.856598 0.8429140000000001 
0.896312 0.320859 0.669492 0.157814 0.373517 
0.828985 0.754518 0.180016 0.529341 0.632472 
0.856953 0.813331 0.646055 0.247586 0.175513 
0.168865 0.10806 0.157776 0.745193 0.458936 
0.70818 0.378582 0.833473 0.180032 0.803342 
0.29964 0.052501 0.385646 0.547137 0.727997 
0.565518 0.654772 0.754221 0.19058 0.084795 
0.397938 0.149049 0.06773999999999999 0.500105 0.261344 
0.508491 0.201693 0.854375 0.472964 0.101294 
0.398288 0.029846 0.614053 0.384045 0.639672 
0.95334 0.79143 0.556295 0.653325 0.440063 
0.138769 0.297148 0.160991 0.773915 0.187897 
0.791192 0.565841 0.086671 0.687619 0.820055 
0.8076140000000001 0.5731849999999999 0.525412 0.596722 0.102961 
0.511405 0.187236 0.868799 0.897585 0.705708 
0.837193 0.696233 0.5804859999999999 0.234359 0.870155 
0.595337 0.823504 0.63812 0.88742 0.864684 
0.524944 0.732958 0.827267 0.86915 0.799982 
0.414277 0.746575 0.683937 0.933283 0.685436 
0.655278 0.258909 0.49036 0.47587 0.947394 
0.7849429999999999 0.534345 0.741468 0.85346 0.109065 
0.058617 0.178706 0.506478 0.372744 0.709695 
0.848938 0.094264 0.297533 0.634877 0.385351 
0.494433 0.931244 0.411214 0.26669 0.261054 
0.536425 0.697477 0.491935 0.94433 0.353845 
0.83241 0.316517 0.695737 0.245841 0.8561029999999999 
0.803049 0.849198 0.467655 0.876623 0.400131 
0.294911 0.571033 0.355917 0.892658 0.9068850000000001 
0.114504 0.47612 0.146821 0.615863 0.803303 
0.883252 0.8201270000000001 0.875742 0.587514 0.343952 
0.534108 0.745465 0.026515 0.632448 0.556959 
0.817093 0.887204 0.238508 0.604827 0.331453 
0.340349 0.240127 0.817645 0.165396 0.812503 
0.274309 0.307726 0.949053 0.725932 0.736175 
0.68777 0.350195 0.729809 0.894761 0.243561 
0.521693 0.091972 0.765601 0.460236 0.189138 
0.847703 0.350676 0.810042 0.374138 0.135592 
0.591056 0.880082 0.544419 0.055067 0.504636 
0.095275 0.279259 0.511431 0.6138980000000001 0.782857 
0.597468 0.648976 0.33563 0.940349 0.437668 
0.748428 0.83662 0.073618 0.291511 0.423456 
0.212509 0.634863 0.139157 0.814557 0.254067 
0.20916 0.355676 0.850753 0.610812 0.91491 
0.853538 0.419794 0.481224 0.935646 0.395972 
0.098597 0.118385 0.693083 0.641586 0.142397 
0.262318 0.779281 0.375087 0.082993 0.861955 
0.380903 0.833265 0.683649 0.085716 0.626376 
0.099815 0.591494 0.234615 0.182391 0.443597 
0.117227 0.225905 0.783501 0.309259 0.721224 
0.136297 0.737569 0.329931 0.1476 0.7160069999999999 
0.221942 0.178524 0.456229 0.835193 0.091423 
0.67198 0.966943 0.41849 0.5648 0.5898369999999999 
0.388464 0.916018 0.507675 0.495873 0.144418 
0.6332989999999999 0.848152 0.895914 0.629297 0.597554 
0.769276 0.228807 0.555995 0.602015 0.057764 
0.163778 0.6130989999999999 0.358536 0.918537 0.846509 
0.908745 0.285043 0.717519 0.350106 0.234276 
0.470362 0.378148 0.526634 0.133342 0.073645 
0.751568 0.609257 0.7768080000000001 0.819883 0.781556 
0.94486 0.258845 0.404678 0.422361 0.621494 
0.9071979999999999 0.28287 0.200948 0.339752 0.208976 
0.220984 0.074541 0.805691 0.254741 0.43692 
0.163041 0.228316 0.306454 0.565666 0.155798 
0.112408 0.248262 0.543275 0.829731 0.295742 
0.202096 0.627283 0.748672 0.924701 0.442641 
0.464743 0.943916 0.397314 0.66328 0.739185 
0.144735 0.563879 0.116933 0.287474 0.570721 
0.589031 0.847139 0.867292 0.578317 0.781917 
0.153734 0.808794 0.397386 0.874316 0.633447 
0.531946 0.416014 0.953137 0.374797 0.20873 
0.566248 0.930252 0.7495540000000001 0.759521 0.267764 
0.308122 0.599776 0.433691 0.049291 0.432863 
0.700182 0.959219 0.59301 0.7175319999999999 0.5613320000000001 
0.760792 0.631412 0.139954 0.203377 0.157453 
0.310022 0.5427419999999999 0.865259 0.413985 0.848403 
0.054763 0.401311 0.831583 0.419131 0.33534 
0.387262 0.719884 0.088465 0.827421 0.471386 
0.402581 0.180181 0.303797 0.909906 0.7919079999999999 
0.191035 0.7206630000000001 0.176729 0.285129 0.164247 
0.462246 0.97343 0.437763 0.490734 0.759419 
0.559823 0.948153 0.605919 0.674052 0.787838 
0.230495 0.937211 0.71235 0.462749 0.415609 
0.455271 0.747895 0.87945 0.916617 0.5787330000000001 
0.782632 0.694211 0.60873 0.919659 0.715815 
0.09905899999999999 0.879318 0.693779 0.347683 0.500567 
0.377441 0.644804 0.225676 0.9412 0.752935 
0.870493 0.367952 0.162988 0.342402 0.754987 
0.614188 0.65078 0.666177 0.430652 0.971462 
0.54273 0.660921 0.093875 0.749045 0.205245 
0.544559 0.401725 0.795033 0.113829 0.12592 
0.829349 0.876813 0.587858 0.126708 0.577921 
0.112559 0.781204 0.696106 0.447417 0.741738 
0.454494 0.676309 0.728769 0.418697 0.045695 
0.157028 0.16342 0.600726 0.398929 0.79792 
0.394931 0.603476 0.626005 0.266611 0.926134 
0.530515 0.364486 0.914883 0.434946 0.142311 
0.540076 0.050326 0.83456 0.455137 0.483226 
0.578922 0.938165 0.741959 0.109685 0.478684 
0.531515 0.175895 0.26609 0.180471 0.182239 
0.683694 0.8493579999999999 0.162978 0.175481 0.317041 
0.51501 0.771105 0.96605 0.407459 0.166377 
0.471669 0.345279 0.105772 0.707732 0.850429 
0.754134 0.725445 0.553166 0.055546 0.554135 
0.953497 0.429206 0.657798 0.604302 0.504576 
0.410165 0.6444299999999999 0.937306 0.301494 0.210631 
0.607286 0.662579 0.969093 0.546764 0.459333 
0.552931 0.112785 0.578762 0.250895 0.795485 
0.885053 0.087256 0.515348 0.451382 0.382693 
0.441845 0.093165 0.8182779999999999 0.79179 0.612034 
0.571937 0.545835 0.850305 0.07494199999999999 0.546387 
0.08677799999999999 0.479647 0.42202 0.884946 0.280437 
0.796373 0.63909 0.190882 0.150366 0.194036 
0.904108 0.34285 0.276887 0.639186 0.80381 
0.419077 0.419459 0.842693 0.141565 0.27478 
0.243934 0.795811 0.201366 0.350613 0.759594 
0.781323 0.697394 0.106761 0.334282 0.279081 
0.509024 0.166846 0.179919 0.90317 0.579313 
0.664535 0.845768 0.831071 0.805781 0.76491 
0.597041 0.468125 0.784253 0.945128 0.768626 
0.292802 0.121564 0.128362 0.386224 0.262189 
0.9393860000000001 0.257894 0.425995 0.691812 0.282251 
0.889801 0.88354 0.652605 0.329946 0.405362 
0.702908 0.778886 0.7306009999999999 0.210851 0.766281 
0.197437 0.329311 0.731728 0.151439 0.235829 
0.866951 0.845682 0.377471 0.160852 0.432813 
0.28933 0.766684 0.650863 0.050137 0.652343 
0.9274019999999999 0.848011 0.517981 0.713899 0.49888 
0.928149 0.404912 0.349101 0.339015 0.8232930000000001 
0.217029 0.614023 0.877154 0.331748 0.682493 
0.657959 0.32413 0.648249 0.12734 0.196926 
0.13433 0.69067 0.098732 0.385394 0.32341 
0.546029 0.11556 0.218609 0.15407 0.459753 
0.191636 0.831166 0.39988 0.776212 0.7958229999999999 
0.107848 0.5947750000000001 0.377914 0.602375 0.1133 
0.829548 0.211683 0.76015 0.843732 0.609684 
0.393004 0.225301 0.641114 0.20116 0.894058 
0.822734 0.691466 0.474451 0.094523 0.64415 
0.223194 0.224797 0.167676 0.131769 0.635035 
0.08397399999999999 0.349603 0.781022 0.636927 0.82525 
0.391221 0.258854 0.55179 0.938165 0.7347359999999999 
0.734967 0.592509 0.296234 0.796685 0.891273 
0.622051 0.814827 0.793768 0.863061 0.463606 
0.829989 0.628835 0.831965 0.830446 0.30216 
0.189498 0.8900749999999999 0.494625 0.165859 0.58444 
0.191516 0.816455 0.153229 0.320541 0.326962 
0.028525 0.412756 0.194285 0.354042 0.383664 
0.032355 0.798629 0.55979 0.395807 0.32652 
0.76738 0.360019 0.839583 0.864564 0.728175 
0.840327 0.376682 0.900071 0.487641 0.7883520000000001 
0.476359 0.168596 0.596745 0.488246 0.9473470000000001 
0.574531 0.147454 0.257972 0.7307129999999999 0.09339799999999999 
0.734303 0.434079 0.557864 0.019776 0.382983 
0.785546 0.664125 0.942191 0.400452 0.395916 
0.08945599999999999 0.479071 0.741724 0.162471 0.65831 
0.48009 0.875306 0.266728 0.896923 0.587098 
0.449228 0.170638 0.920884 0.291856 0.231319 
0.799647 0.664469 0.731012 0.114679 0.406109 
0.340118 0.368994 0.676109 0.371695 0.0737 
0.6763710000000001 0.771993 0.879706 0.212722 0.222165 
0.931268 0.825643 0.587186 0.82968 0.436861 
0.36758 0.913898 0.890855 0.595795 0.529379 
0.26487 0.672793 0.638296 0.836028 0.12098 
0.317085 0.247327 0.829389 0.548706 0.10697 
0.297686 0.210606 0.655269 0.110741 0.216955 
0.866942 0.6859769999999999 0.217366 0.278647 0.218221 
0.189164 0.281065 0.861081 0.187942 0.749243 
0.321481 0.128652 0.257888 0.326099 0.743484 
0.64389 0.865855 0.429711 0.148939 0.21217 
0.834247 0.184108 0.309063 0.416845 0.908915 
0.8311269999999999 0.747935 0.546922 0.116879 0.378637 
0.793683 0.437738 0.064705 0.499922 0.184109 
0.328222 0.42135 0.630744 0.914154 0.187727 
0.451498 0.334684 0.030256 0.504294 0.674273 
0.416352 0.632185 0.140007 0.098675 0.422727 
0.780855 0.824583 0.773383 0.250105 0.517274 
0.156549 0.111432 0.841226 0.486506 0.699994 
0.790831 0.492547 0.236921 0.935175 0.483082 
0.567871 0.212968 0.347484 0.157087 0.168999 
0.06829499999999999 0.840642 0.665359 0.6919459999999999 0.53972 
0.784893 0.697386 0.958866 0.6647 0.605307 
0.358045 0.662312 0.47689 0.092512 0.849684 
0.208905 0.072093 0.667782 0.416631 0.314154 
0.537263 0.772443 0.444745 0.822581 0.127047 
0.080765 0.411487 0.865034 0.630789 0.665454 
0.265413 0.797362 0.257047 0.191042 0.843537 
0.567118 0.551084 0.06847399999999999 0.84218 0.511717 
0.662886 0.123548 0.465573 0.880136 0.448216 
0.27864 0.109474 0.923517 0.549575 0.7148409999999999 
0.137898 0.653353 0.910201 0.745241 0.264457 
0.125829 0.801712 0.373931 0.666084 0.871084 
0.362447 0.654748 0.347367 0.198664 0.942121 
0.222779 0.247245 0.441884 0.740398 0.861819 
0.59633 0.519294 0.7815839999999999 0.07552 0.266213 
0.774605 0.784095 0.291261 0.225431 0.817283 
0.773081 0.164139 0.68565 0.712197 0.888476 
0.61172 0.175837 0.284758 0.920292 0.342099 
0.911009 0.322528 0.7293190000000001 0.668879 0.845946 
0.801415 0.389012 0.118842 0.37277 0.148504 
0.2963 0.917633 0.6540550000000001 0.705533 0.897272 
0.165873 0.820827 0.64689 0.287779 0.705931 
0.573947 0.333946 0.630806 0.950397 0.317028 
0.59842 0.647335 0.752179 0.871372 0.149991 
0.897268 0.383487 0.274357 0.119743 0.520724 
0.937783 0.313528 0.469722 0.623534 0.743519 
0.073796 0.282037 0.196146 0.623212 0.332438 
0.970294 0.726634 0.5430199999999999 0.533274 0.73311 
0.636052 0.119158 0.68621 0.125941 0.6969610000000001 
0.319031 0.948567 0.5626370000000001 0.246252 0.757841 
0.22983 0.759787 0.731768 0.831723 0.76345 
0.854055 0.102783 0.474893 0.5271709999999999 0.160785 
0.450797 0.540932 0.448858 0.954146 0.324224 
0.736713 0.930194 0.771196 0.483701 0.557647 
0.654124 0.865495 0.375928 0.222894 0.183794 
0.833267 0.714414 0.160761 0.910897 0.451048 
0.75573 0.5462089999999999 0.13315 0.84897 0.631333 
0.04346 0.434785 0.426655 0.785487 0.676961 
