5
477
0.537953 0.379543 0.981433 0.941401 0.130099 
0.929243 0.788098 0.565839 0.057002 0.027865 
0.320279 0.924856 0.063183 0.920036 0.051973 
0.919138 0.944842 0.963313 0.40626 0.00979 
0.050588 0.226398 0.06879300000000001 0.210224 0.228302 
0.541268 0.09394 0.845355 0.88707 0.982487 
0.703483 0.440233 9.000000000000001e-05 0.512493 0.466785 
0.679723 0.106206 0.010298 0.077487 0.3304 
0.458412 0.535246 0.873683 0.982995 0.199081 
0.519726 0.030077  0.508 0.958233 0.022888 
0.720396 0.703568 0.862316 0.942347 0.021957 
0.528477 0.117687 0.967695 0.042768 0.804737 
0.802774 0.2226 0.246505 0.012381 0.08139299999999999 
0.980138 0.178765 0.5018280000000001 0.217102 0.838967 
0.506753 0.989519 0.850921 0.4285 0.807086 
0.690882 0.658892 0.004456 0.895239 0.28049 
0.152272 0.243887 0.006381 0.247751 0.952974 
0.209453 0.27732 0.914978 0.040095 0.88497 
0.107029 0.8433659999999999 0.460341 0.959353 0.8538520000000001 
0.111151 0.117715 0.432925 0.175047 0.00751 
0.219614 0.047523 0.721594 0.829593 0.96602 
0.898323 0.107107 0.143999 0.199202 0.985428 
0.084676 0.152198 0.00012 0.021089 0.449948 
0.703349 0.18314 0.028141 0.959993 0.603339 
0.321945 0.936395 0.986096 0.307627 0.288093 
0.987305 0.6410670000000001 0.406259 0.99553 0.872013 
0.917228 0.850835 0.983972 0.614453 0.105354 
0.107528 0.217347 0.9475209999999999 0.985942 0.735506 
0.953507 0.587674 0.034932 0.100866 0.252447 
0.691045 0.385435 0.007552 0.92178 0.3548 
0.119891 0.002129 0.777026 0.478602 0.855984 
0.010027 0.524591 0.800602 0.710005 0.057347 
0.834584 0.8614270000000001 0.004422 0.318013 0.842464 
0.000201 0.375349 0.485733 0.707751 0.170246 
0.974411 0.921279 0.934769 0.664366 0.993824 
0.197996 0.715163 0.739537 0.390135 0.993039 
0.007261 0.033195 0.906192 0.367488 0.370225 
0.377521 0.002045 0.377358 0.26057 0.400163 
0.5390740000000001 0.221402 0.101783 0.664901 0.984303 
0.51859 0.945679 0.031596 0.025799 0.601096 
0.259006 0.107867 0.916697 0.921754 0.916093 
0.664306 0.999225 0.9812650000000001 0.124002 0.104821 
0.731303 0.002763 0.436298 0.868381 0.881049 
0.065027 0.916818 0.959568 0.462294 0.771759 
0.949843 0.011624 0.366126 0.481875 0.879954 
0.003075 0.684419 0.031438 0.386348 0.350507 
0.945222 0.346696 0.914714 0.600705 0.047713 
0.471509 0.649917 0.149224 0.012795 0.038245 
0.788481 0.994059 0.145444 0.481671 0.440735 
0.024695 0.052781 0.087321 0.6102880000000001 0.114095 
0.9878169999999999 0.240368 0.866359 0.899345 0.290965 
0.6296580000000001 0.667913 0.619206 0.9938709999999999 0.996833 
0.831142 0.010236 0.035892 0.229252 0.037808 
0.981969 0.946563 0.876817 0.664642 0.643947 
0.8217370000000001 0.929003 0.76057 0.904683 0.002147 
0.173398 0.302554 0.026476 0.987219 0.187092 
0.506114 0.250551 0.011845 0.07444000000000001 0.111267 
0.928192 0.123224 0.018834 0.551091 0.191051 
0.982888 0.392622 0.803194 0.283684 0.8751100000000001 
0.979355 0.027467 0.638774 0.878976 0.954335 
0.666807 0.03028 0.911759 0.926137 0.577958 
0.069193 0.930328 0.018553 0.822642 0.137126 
0.984415 0.06752 0.804078 0.14628 0.527844 
0.150682 0.507405 0.956838 0.568042 0.07904700000000001 
0.802053 0.100697 0.417188 0.686678 0.989963 
0.890764 0.077769 0.065377 0.795368 0.754536 
0.026874 0.675603 0.854688 0.733442 0.962519 
0.059178 0.597428 0.972997 0.153793 0.7974599999999999 
0.971104 0.348508 0.378661 0.152607 0.874224 
0.608163 0.395962 0.932944 0.989561 0.550833 
0.095267 0.15212 0.6800620000000001 0.805439 0.011464 
0.054535 0.573747 0.960914 0.080258 0.901821 
0.522582 0.029216 0.025758 0.910466 0.199275 
0.208916 0.255559 0.176612 0.316594 0.990547 
0.343368 0.9826820000000001 0.93397 0.229245 0.912883 
0.454988 0.98184 0.786453 0.921138 0.573295 
0.95313 0.254498 0.341389 0.718092 0.979193 
0.00135 0.691986 0.214463 0.472516 0.576052 
0.059896 0.669728 0.115812 0.452964 0.964354 
0.527226 0.08575199999999999 0.233475 0.015143 0.508167 
0.166655 0.976704 0.45955 0.655019 0.90089 
0.7516929999999999 0.707749 0.135481 0.030529 0.100079 
0.938894 0.997662 0.709028 0.632976 0.421614 
0.139214 0.776034 0.802878 0.97541 0.7126130000000001 
0.472658 0.968354 0.131646 0.566784 0.933582 
0.71643 0.032489 0.041127 0.213765 0.744381 
0.8208569999999999 0.140539 0.033766 0.511628 0.931018 
0.118707 0.10749 0.588028 0.993976 0.761985 
0.6783979999999999 0.843536 0.301204 0.33492 0.007335 
0.272868 0.09722 0.983708 0.175172 0.109626 
0.79997 0.096869 0.082829 0.102894 0.342429 
0.971676 0.955345 0.487455 0.663181 0.076559 
0.539814 0.646154 0.91735 0.894151 0.001238 
0.798318 0.337598 0.017442 0.141654 0.776011 
0.341201 0.55703 0.9981 0.07097299999999999 0.837233 
0.94394 0.794111 0.629138 0.929021 0.051116 
0.11353 0.094128 0.010973 0.423156 0.978813 
0.06283 0.9860989999999999 0.364079 0.070159 0.168494 
0.116514 0.248062 0.170251 0.410722 0.002772 
0.493312 0.097313 0.538643 0.971382 0.019434 
0.730585 0.946742 0.892082 0.22828 0.706429 
0.609752 0.104253 0.183375 0.9789 0.366986 
0.009696 0.953194 0.337667 0.171268 0.494684 
0.778718 0.921028 0.723361 0.522877 0.991924 
0.268757 0.000875 0.706577 0.446927 0.494569 
0.951986 0.02892 0.054824 0.421251 0.967672 
0.887455 0.453164 0.334498 0.909561 0.995112 
0.399047 0.791281 0.053728 0.998651 0.326633 
0.838133 0.505976 0.936341 0.07711800000000001 0.114299 
0.019158 0.985033 0.455812 0.829481 0.092669 
0.9031940000000001 0.982575 0.136206 0.210081 0.836743 
0.145657 0.05246 0.688113 0.110231 0.648051 
0.951864 0.977714 0.447467 0.577962 0.813246 
0.923423 0.973587 0.081981 0.847836 0.573576 
0.09339500000000001 0.686985 0.156611 0.168086 0.021079 
0.955674 0.01205 0.530142 0.09547 0.568127 
0.543793 0.520922 0.141013 0.006849 0.107148 
0.830583 0.614742 0.9735279999999999 0.084799 0.223635 
0.037001 0.88201 0.942121 0.226739 0.805366 
0.20135 0.08835999999999999 0.059852 0.92501 0.637581 
0.7339909999999999 0.179392 0.034602 0.561612 0.015209 
0.01511 0.9460150000000001 0.670784 0.869054 0.193134 
0.632934 0.728902 0.656272 0.962401 0.067007 
0.6977640000000001 0.313142 0.98412 0.100029 0.191491 
0.768967 0.029014 0.638779 0.95958 0.662015 
0.018152 0.08838 0.395016 0.030787 0.435504 
0.182414 0.839118 0.06260499999999999 0.206393 0.846984 
0.096568 0.011866 0.429209 0.719203 0.649788 
0.983934 0.9791 0.736175 0.891082 0.413553 
0.8870209999999999 0.169335 0.008905 0.659511 0.407634 
0.182373 0.141718 0.861842 0.971738 0.992378 
0.902073 0.146398 0.51229 0.056046 0.9625359999999999 
0.18373 0.957338 0.978743 0.741528 0.864565 
0.474791 0.806497 0.788835 0.944729 0.06113 
0.550067 0.972913 0.748498 0.003759 0.172426 
0.957605 0.45898 0.074502 0.153677 0.841611 
0.000581 0.765266 0.82824 0.22911 0.656956 
0.779288 0.498665 0.064668 0.869993 0.970617 
0.074591 0.645077 0.814057 0.863331 0.996389 
0.134944 0.010904 0.271529 0.587902 0.86122 
0.842207 0.974944 0.881298 0.971525 0.417481 
0.410484 0.002018 0.9194059999999999 0.458435 0.91034 
0.085255 0.8792720000000001 0.9239540000000001 0.896227 0.8942600000000001 
0.5962150000000001 0.588983 0.03844 0.06764299999999999 0.880375 
0.052599 0.024417 0.376134 0.682016 0.650011 
0.118531 0.145538 0.059803 0.114949 0.950357 
0.655262 0.987796 0.889841 0.551904 0.848175 
0.576667 0.047064 0.012949 0.6328589999999999 0.459081 
0.267023 0.851132 0.98006 0.8661180000000001 0.8524620000000001 
0.860212 0.575595 0.017285 0.516572 0.028801 
0.001857 0.216288 0.147939 0.410528 0.75079 
0.291385 0.309937 0.117928 0.016315 0.198264 
0.283411 0.287261 0.001795 0.165175 0.09684 
0.119114 0.942705 0.036068 0.191353 0.065251 
0.936003 0.395064 0.838578 0.97677 0.568155 
0.9827090000000001 0.394779 0.042673 0.198649 0.693978 
0.999728 0.434581 0.00974 0.702561 0.949344 
0.070496 0.830552 0.08114 0.727132 0.913932 
0.08550099999999999 0.022724 0.922828 0.977115 0.364403 
0.984995 0.808688 0.6274690000000001 0.866603 0.001043 
0.296009 0.025956 0.248021 0.489028 0.098566 
0.821912 0.878997 0.299055 0.218778 0.996373 
0.771277 0.854474 0.138165 0.133402 0.086268 
0.533729 0.388825 0.982683 0.944919 0.25061 
0.922048 0.861607 0.023655 0.571309 0.996844 
0.959498 0.284472 0.12387 0.882485 0.91867 
0.054196 0.864708 0.142899 0.710719 0.059288 
0.42968 0.631725 0.405903 0.009516 0.9316759999999999 
0.227183 0.258167 0.004616 0.58632 0.285868 
0.936802 0.824174 0.898497 0.037018 0.15652 
0.016749 0.503764 0.769664 0.748853 0.977305 
0.11062 0.183492 0.944719 0.897074 0.114812 
0.051659 0.229489 0.021313 0.200133 0.630567 
0.93777 0.103821 0.914689 0.178926 0.213234 
0.09418700000000001 0.008012999999999999 0.6796759999999999 0.318834 0.651122 
0.404048 0.833878 0.991008 0.878852 0.858128 
0.555723 0.03046 0.941878 0.148496 0.779342 
0.967262 0.780805 0.9957240000000001 0.132392 0.112853 
0.93934 0.486214 0.800084 0.007043 0.379243 
0.938277 0.621478 0.172583 0.60802 0.9940099999999999 
0.328074 0.938153 0.532095 0.9238960000000001 0.92197 
0.058345 0.611526 0.920216 0.064108 0.46276 
0.018793 0.86169 0.421906 0.981001 0.688102 
0.9334170000000001 0.946341 0.15314 0.826573 0.210121 
0.415239 0.92217 0.905236 0.302433 0.988646 
0.197814 0.657541 0.293389 0.991649 0.642199 
0.040572 0.890469 0.118113 0.122115 0.391035 
0.120785 0.028719 0.6725719999999999 0.919189 0.8160269999999999 
0.960663 0.8570950000000001 0.190575 0.986128 0.852992 
0.162107 0.530905 0.912473 0.9260969999999999 0.916998 
0.9857359999999999 0.258071 0.392455 0.985803 0.389944 
0.41078 0.983627 0.826164 0.335697 0.057711 
0.956144 0.904717 0.574888 0.15035 0.925318 
0.813284 0.872434 0.000303 0.100625 0.201902 
0.027866 0.348845 0.037783 0.022609 0.993018 
0.683863 0.68727 0.9487989999999999 0.465757 0.982728 
0.816029 0.998472 0.316149 0.519886 0.724915 
0.998627 0.9178770000000001 0.758336 0.357778 0.173521 
0.426557 0.143632 0.022076 0.023842 0.716422 
0.897774 0.888325 0.073354 0.867319 0.032583 
0.981423 0.779763 0.480161 0.06331000000000001 0.045279 
0.006806 0.383874 0.765892 0.348892 0.821586 
0.400554 0.11043 0.004452 0.821327 0.037619 
0.265825 0.727909 0.966884 0.416848 0.96406 
0.953886 0.96863 0.766672 0.454131 0.5847560000000001 
0.001359 0.839036 0.677964 0.540915 0.153381 
0.758552 0.989612 0.415647 0.778484 0.979152 
0.932907 0.37044 0.991027 0.182671 0.155064 
0.15433 0.828581 0.966035 0.14411 0.051343 
0.810851 0.976368 0.811384 0.93792 0.629547 
0.114353 0.924418 0.697912 0.812219 0.9729409999999999 
0.096639 0.21546 0.231034 0.994888 0.077626 
0.974077 0.313216 0.217297 0.114694 0.655293 
0.908314 0.031509 0.574704 0.048259 0.081458 
0.001425 0.951484 0.590708 0.037017 0.141783 
0.946943 0.267361 0.530173 0.6137320000000001 0.000457 
0.094009 0.005724 0.205691 0.049977 0.956714 
0.876091 0.469555 0.804774 0.830666 0.00019 
0.590087 0.589354 0.270719 0.9760219999999999 0.999335 
0.007901999999999999 0.8019269999999999 0.983476 0.288589 0.312496 
0.121675 0.989269 0.652262 0.562069 0.686256 
0.9838710000000001 0.913712 0.760151 0.849782 0.288394 
0.729217 0.949543 0.966958 0.659409 0.692532 
0.38847 0.015475 0.08988699999999999 0.728308 0.6702939999999999 
0.636997 0.012205 0.130281 0.631749 0.813109 
0.974253 0.267772 0.442313 0.9466909999999999 0.042546 
0.42488 0.9660029999999999 0.604223 0.180104 0.007202 
0.966669 0.805738 0.033997 0.39141 0.42181 
0.365028 0.028682 0.057701 0.784402 0.439494 
0.958713 0.087398 0.896294 0.008829 0.389417 
0.15589 0.042426 0.053624 0.256008 0.728111 
0.36608 0.698221 0.001228 0.631084 0.631786 
0.601272 0.576129 0.008297000000000001 0.442969 0.978992 
0.074145 0.15712 0.719874 0.9152670000000001 0.89617 
0.925606 0.660969 0.9045609999999999 0.959292 0.826939 
0.946846 0.646817 0.052684 0.464508 0.986841 
0.944326 0.293207 0.92379 0.144625 0.707167 
0.927779 0.183887 0.592062 0.780509 0.006429 
0.693461 0.004033 0.787268 0.608996 0.404028 
0.500741 0.953518 0.782707 0.956612 0.7854950000000001 
0.016955 0.95499 0.514253 0.050203 0.76058 
0.708995 0.07425900000000001 0.070456 0.157554 0.0152 
0.002384 0.069179 0.695451 0.437993 0.351317 
0.909079 0.897262 0.281557 0.126204 0.116027 
0.184991 0.143938 0.162732 0.041531 0.005042 
0.007804 0.159868 0.908608 0.980334 0.469667 
0.051518 0.868054 0.387572 0.917477 0.043562 
0.14476 0.986448 0.236728 0.685635 0.467294 
0.00238 0.998343 0.14693 0.454222 0.108973 
0.511751 0.997955 0.625757 0.09147 0.330755 
0.003678 0.819959 0.043973 0.058857 0.203854 
0.752772 0.832274 0.028321 0.992617 0.917791 
0.017262 0.128799 0.726012 0.082968 0.437891 
0.641522 0.053592 0.725232 0.966857 0.968734 
0.639971 0.988973 0.668649 0.981637 0.374031 
0.992671 0.816564 0.985085 0.318309 0.819886 
0.993497 0.696316 0.990845 0.133009 0.482847 
0.109245 0.072615 0.433222 0.160898 0.207749 
0.46512 0.276357 0.726306 0.019153 0.899327 
0.985494 0.195598 0.415074 0.153185 0.572715 
0.877453 0.349491 0.899218 0.164994 0.05916 
0.05885 0.09254 0.318186 0.7490830000000001 0.843618 
0.626239 0.200105 0.160766 0.987424 0.62754 
0.316325 0.473018 0.010053 0.963345 0.940543 
0.899844 0.671879 0.276667 0.9393089999999999 0.972155 
0.003545 0.582666 0.862628 0.187822 0.7252420000000001 
0.365816 0.277622 0.986199 0.054527 0.443172 
0.274086 0.563693 0.981196 0.962663 0.475514 
0.968753 0.826987 0.171473 0.95264 0.024538 
0.998947 0.306238 0.9470190000000001 0.554845 0.285549 
0.908312 0.000376 0.317383 0.250287 0.571233 
0.6022380000000001 0.817176 0.280118 0.939428 0.973256 
0.755757 0.007926000000000001 0.204961 0.784952 0.695866 
0.41834 0.0361 0.730488 0.308863 0.058393 
0.413267 0.782771 0.028919 0.040924 0.8101390000000001 
0.01262 0.097691 0.884568 0.939982 0.283277 
0.972595 0.397281 0.093418 0.07821699999999999 0.5991030000000001 
0.039238 0.479387 0.057942 0.835823 0.685517 
0.972677 0.7898500000000001 0.006676 0.200011 0.5930260000000001 
0.9953920000000001 0.547424 0.563394 0.958037 0.721788 
0.677634 0.99691 0.07270500000000001 0.956382 0.9136879999999999 
0.986033 0.262736 0.809536 0.876344 0.720604 
0.185159 0.973522 0.992347 0.367744 0.666988 
0.761478 0.154637 0.986166 0.499959 0.807042 
0.946931 0.071365 0.429344 0.989649 0.025204 
0.595293 0.081807 0.933476 0.926641 0.050332 
0.790625 0.0342 0.792945 0.032982 0.328187 
0.842269 0.018261 0.92076 0.205816 0.149267 
0.114607 0.203775 0.850478 0.979527 0.902625 
0.021132 0.165904 0.350868 0.043592 0.6582249999999999 
0.077166 0.93354 0.000207 0.483345 0.575671 
0.305592 0.083416 0.9764930000000001 0.916733 0.5236960000000001 
0.293322 0.871007 0.009390000000000001 0.82254 0.425272 
0.679372 0.206587 0.115604 0.962748 0.898505 
0.169393 0.986669 0.93846 0.691747 0.183796 
0.215387 0.016844 0.09089700000000001 0.7123350000000001 0.218957 
0.013509 0.039443 0.9104910000000001 0.618878 0.47589 
0.921444 0.713866 0.943709 0.910103 0.107941 
0.872386 0.192896 0.004711 0.178838 0.726537 
0.90788 0.73781 0.37996 0.979897 0.136163 
0.07001 0.656731 0.672893 0.306658 0.009402000000000001 
0.018723 0.683007 0.304861 0.797057 0.143634 
0.056394 0.817043 0.04576 0.084754 0.454217 
0.021169 0.789306 0.861845 0.029927 0.975833 
0.827644 0.210129 0.6367 0.017596 0.7392570000000001 
0.411079 0.00098  0.466 0.062466 0.860235 
0.975005 0.916766 0.078585 0.779634 0.303061 
0.539093 0.534778 0.006358 0.857607 0.794235 
0.45487 0.00713 0.829438 0.364269 0.265259 
0.552339 0.165822 0.969232 0.888625 0.117066 
0.5264259999999999 0.638077 0.165922 0.659071 0.00169 
0.974562 0.458142 0.988031 0.840318 0.223536 
0.968632 0.802697 0.92257 0.636054 0.167916 
0.16663 0.547099 0.087283 0.967673 0.677848 
0.997583 0.376722 0.560687 0.460801 0.677993 
0.024342 0.111017 0.861639 0.5608880000000001 0.851239 
0.021414 0.912988 0.596267 0.45177 0.895743 
0.132737 0.9140470000000001 0.391873 0.205988 0.032955 
0.232227 0.033273 0.221178 0.346652 0.176461 
0.921183 0.321778 0.120843 0.003735 0.781757 
0.985834 0.908112 0.635867 0.011487 0.055907 
0.236776 0.494905 0.869201 0.66514 0.009568999999999999 
0.826559 0.969108 0.803884 0.870287 0.914331 
0.865607 0.264955 0.104205 0.373596 0.027036 
0.946095 0.023877 0.305708 0.041683 0.572615 
0.352895 0.102997 0.064614 0.964458 0.6539160000000001 
0.982263 0.900239 0.325209 0.78651 0.868998 
0.949664 0.997564 0.059308 0.782613 0.375748 
0.954192 0.100787 0.934322 0.155371 0.326065 
0.989769 0.050973 0.708659 0.425663 0.11878 
0.024754 0.046049 0.942628 0.748544 0.778288 
0.964305 0.08100499999999999 0.448141 0.8992520000000001 0.721449 
0.10389 0.073931 0.556106 0.473558 0.08365599999999999 
0.71976 0.007394 0.271865 0.238188 0.225059 
0.702681 0.964415 0.922651 0.999682 0.654433 
0.586233 0.821085 0.968885 0.058214 0.411033 
0.978677 0.618139 0.061992 0.906648 0.040116 
0.9411580000000001 0.042676 0.26018 0.844068 0.254711 
0.879991 0.00808 0.792641 0.913073 0.017175 
0.549868 0.635804 0.956398 0.183612 0.966724 
0.018151 0.06879 0.155932 0.750665 0.434224 
0.470151 0.834328 0.558474 0.265425 0.000659 
0.002269 0.140371 0.207563 0.506338 0.026305 
0.639139 0.011109 0.705176 0.898618 0.073016 
0.262133 0.663462 0.813947 0.003331 0.988734 
0.968649 0.089009 0.9694739999999999 0.945556 0.965692 
0.970531 0.707556 0.896648 0.958435 0.415963 
0.629373 0.865191 0.271672 0.987459 0.215527 
0.24708 0.668594 0.062093 0.604689 0.004783 
0.465835 0.287501 0.032845 0.018336 0.17409 
0.295538 0.100255 0.982271 0.024084 0.779169 
0.350095 0.048712 0.709405 0.975958 0.932006 
0.234306 0.974592 0.963224 0.910727 0.585391 
0.250159 0.427082 0.967159 0.039806 0.020138 
0.461654 0.015056 0.046139 0.455903 0.369108 
0.005634 0.6893089999999999 0.20891 0.158723 0.659559 
0.205041 0.128607 0.497948 0.00687 0.466699 
0.803355 0.993314 0.625046 0.142795 0.9588410000000001 
0.8687049999999999 0.317965 0.039314 0.748198 0.964156 
0.835715 0.8606510000000001 0.955078 0.997726 0.7748699999999999 
0.420357 0.9346100000000001 0.983028 0.752993 0.5477959999999999 
0.949788 0.094194 0.111987 0.159192 0.53554 
0.818124 0.216797 0.706669 0.978735 0.596615 
0.06983 0.638656 0.887189 0.981866 0.217678 
0.983334 0.889439 0.798154 0.576972 0.167279 
0.35284 0.176362 0.122035 0.049916 0.9369459999999999 
0.012622 0.142778 0.673766 0.982244 0.5666870000000001 
0.656263 0.809786 0.080138 0.875825 0.983081 
0.049976 0.942095 0.785982 0.991751 0.353247 
0.017885 0.5895319999999999 0.265182 0.912219 0.66287 
0.525371 0.909027 0.009055000000000001 0.189518 0.233794 
0.06471200000000001 0.622835 0.9850719999999999 0.109807 0.521672 
0.740208 0.668175 0.023425 0.700309 0.091451 
0.975193 0.064203 0.052389 0.5047970000000001 0.122815 
0.614509 0.050592 0.294644 0.078306 0.088633 
0.657452 0.798654 0.984105 0.848529 0.224669 
0.00399 0.063321 0.232055 0.15612 0.904888 
0.030302 0.278768 0.259174 0.933937 0.685844 
0.981177 0.64413 0.887537 0.832139 0.766618 
0.221572 0.961444 0.994235 0.101769 0.434226 
0.039535 0.468557 0.030203 0.627827 0.888916 
0.013642 0.275115 0.863514 0.079611 0.013925 
0.035575 0.906992 0.817284 0.084519 0.502636 
0.060162 0.140573 0.60344 0.015689 0.686816 
0.311898 0.07592699999999999 0.109778 0.039615 0.801685 
0.349351 0.537752 0.005102 0.754084 0.883868 
0.893124 0.733724 0.697152 0.027955 0.837538 
0.498155 0.488971 0.127862 0.972454 0.036894 
0.399714 0.996951 0.754186 0.609285 0.247118 
0.771223 0.941622 0.833631 0.839832 0.05218 
0.994788 0.397899 0.492831 0.018817 0.260655 
0.921511 0.839775 0.101449 0.04736 0.97457 
0.998831 0.348002 0.877048 0.547179 0.43604 
0.532393 0.921049 0.062775 0.053673 0.083537 
0.007678 0.050427 0.52857 0.677843 0.49961 
0.328485 0.852335 0.196417 0.178973 0.005067 
0.09465700000000001 0.89445 0.020343 0.911877 0.922808 
0.976498 0.994527 0.009310000000000001 0.467357 0.868028 
0.418043 0.042461 0.65015 0.06622 0.965769 
0.858822 0.221333 0.943652 0.966087 0.019935 
0.943671 0.270603 0.023734 0.898082 0.07191699999999999 
0.058888 0.7379019999999999 0.924196 0.963952 0.133496 
0.979693 0.704778 0.202596 0.024539 0.429233 
0.13125 0.9205680000000001 0.9915890000000001 0.631979 0.671258 
0.354541 0.763788 0.990013 0.14393 0.025724 
0.13584 0.06360300000000001 0.977136 0.727844 0.878103 
0.274375 0.418452 0.923484 0.988863 0.821547 
0.7482569999999999 0.96194 0.323268 0.167431 0.01945 
0.589736 0.691684 0.128935 0.007007 0.771322 
0.090465 0.442405 0.504475 0.718511 0.014599 
0.998835 0.421578 0.463794 0.9928129999999999 0.205931 
0.5346959999999999 0.6337930000000001 0.154935 0.999645 0.02859 
0.035287 0.067173 0.980634 0.5088780000000001 0.719705 
0.07586 0.986631 0.314714 0.393107 0.950828 
0.566493 0.040176 0.240544 0.8272080000000001 0.880742 
0.002725 0.8009540000000001 0.63074 0.840993 0.572484 
0.351428 0.454238 0.377746 0.782471 0.99593 
0.86293 0.259419 0.053488 0.968313 0.44341 
0.444811 0.94079 0.851603 0.8982560000000001 0.98713 
0.774406 0.443511 0.096383 0.916521 0.970923 
0.5378309999999999 0.326452 0.673469 0.9972299999999999 0.440992 
0.7506389999999999 0.983104 0.034388 0.966773 0.552208 
0.959495 0.240316 0.987669 0.757257 0.214626 
0.207714 0.057069 0.164527 0.21094 0.263825 
0.551841 0.7962399999999999 0.40629 0.512227 0.9967859999999999 
0.980599 0.932545 0.276986 0.299934 0.990917 
0.254169 0.824542 0.073541 0.009552 0.533758 
0.318135 0.89968 0.915933 0.086101 0.103573 
0.006076 0.123451 0.849263 0.564591 0.081471 
0.09364699999999999 0.933291 0.825098 0.414117 0.071256 
0.30178 0.016108 0.725117 0.034002 0.475809 
0.925318 0.812823 0.111705 0.419589 0.040267 
0.9951140000000001 0.873509 0.064777 0.704016 0.404353 
0.962647 0.202797 0.402987 0.00393 0.048976 
0.83638 0.042897 0.962937 0.08162999999999999 0.955511 
0.007743 0.137541 0.653494 0.279517 0.837534 
0.441672 0.180754 0.924251 0.894452 0.055742 
0.857293 0.52568 0.104554 0.238176 0.027052 
0.825729 0.029578 0.112497 0.742136 0.081663 
0.506816 0.056973 0.552921 0.949605 0.015879 
0.972693 0.048128 0.885222 0.931249 0.50603 
0.965052 0.632991 0.673529 0.004225 0.013579 
0.976087 0.093446 0.539245 0.09558899999999999 0.565252 
0.998831 0.356901 0.435513 0.67043 0.9212399999999999 
0.727206 0.143056 0.335731 0.622658 0.011381 
0.722021 0.011359 0.907318 0.299366 0.438215 
0.93845 0.537137 0.654792 0.081567 0.890107 
0.033001 0.650305 0.674554 0.222112 0.042889 
0.839773 0.07145799999999999 0.994556 0.494975 0.0448 
0.694228 0.885767 0.09428400000000001 0.63301 0.002166 
0.23888 0.850168 0.7764 0.950311 0.8826270000000001 
0.314275 0.021223 0.69358 0.000963 0.180064 
0.00458 0.98063 0.444906 0.529824 0.757957 
0.191925 0.676439 0.918368 0.008762000000000001 0.257896 
0.025693 0.818116 0.07557 0.107282 0.080696 
0.136852 0.06805700000000001 0.839426 0.234247 0.982185 
0.010492 0.344981 0.093875 0.749734 0.78057 
0.078123 0.019828 0.243806 0.640163 0.222226 
0.560949 0.872963 0.895285 0.058361 0.87479 
0.046369 0.331506 0.618721 0.845306 0.061028 
0.80404 0.5081329999999999 0.199674 0.919261 0.018188 
0.825633 0.409245 0.186529 0.994255 0.4516 
0.977972 0.774987 0.214076 0.975706 0.690435 
0.998162 0.10421 0.456023 0.383021 0.430762 
0.016032 0.44268 0.120499 0.232109 0.05605 
0.112039 0.045794 0.662332 0.8114440000000001 0.938342 
0.710392 0.551199 0.998918 0.821465 0.364884 
0.605583 0.037728 0.087413 0.148099 0.105625 
0.69259 0.356287 0.109895 0.9996350000000001 0.862272 
0.71119 0.9752769999999999 0.48004 0.027491 0.041214 
0.68358 0.935607 0.753795 0.028466 0.434883 
0.495572 0.070575 0.151353 0.7928809999999999 0.948122 
0.086146 0.854928 0.771575 0.857378 0.959244 
0.397417 0.390254 0.999055 0.115429 0.011353 
0.591906 0.160084 0.524203 0.281549 0.993993 
0.048172 0.620698 0.06335200000000001 0.760578 0.034491 
0.630093 0.97876 0.013244 0.593493 0.844567 
