5
157
0.578163 0.178295 0.609842 0.616143 0.52175 
0.5502010000000001 0.220427 0.718195 0.695344 0.64811 
0.200303 0.485478 0.423667 0.568856 0.768462 
0.657096 0.809377 0.19251 0.519218 0.496862 
0.738038 0.204581 0.392358 0.367435 0.47996 
0.676119 0.5275879999999999 0.174902 0.578784 0.62397 
0.179823 0.284192 0.409383 0.491974 0.60666 
0.391996 0.269496 0.417715 0.53744 0.759197 
0.447824 0.571654 0.792153 0.7185510000000001 0.691478 
0.72433 0.8151080000000001 0.52088 0.424024 0.567001 
0.436147 0.330188 0.466363 0.161336 0.575477 
0.739972 0.706686 0.278125 0.443163 0.236875 
0.833914 0.599305 0.5218970000000001 0.52619 0.678576 
0.487506 0.517499 0.609975 0.854618 0.565302 
0.749043 0.160086 0.5715209999999999 0.559016 0.383771 
0.324887 0.370827 0.481896 0.231108 0.229474 
0.345008 0.545378 0.164732 0.651607 0.5639380000000001 
0.679858 0.368403 0.744885 0.284657 0.233733 
0.603816 0.33639 0.709125 0.259788 0.260871 
0.343464 0.603343 0.384525 0.712549 0.806252 
0.7128679999999999 0.176738 0.430457 0.689435 0.340086 
0.546642 0.41154 0.7558 0.735684 0.640805 
0.581155 0.472579 0.636275 0.873952 0.518525 
0.778922 0.33781 0.570144 0.405204 0.255968 
0.364054 0.653969 0.251996 0.304644 0.159627 
0.568948 0.31104 0.6425999999999999 0.173187 0.749265 
0.619435 0.844312 0.352457 0.750428 0.442627 
0.382969 0.560196 0.211064 0.3532 0.232243 
0.607876 0.5659960000000001 0.702369 0.7210220000000001 0.208418 
0.733253 0.775551 0.688006 0.309782 0.511426 
0.194529 0.456813 0.649116 0.690092 0.37392 
0.322701 0.64328 0.607387 0.353138 0.183634 
0.465321 0.655838 0.66399 0.686514 0.236842 
0.788579 0.650353 0.487549 0.236007 0.568154 
0.9067229999999999 0.295153 0.629765 0.458234 0.545933 
0.482511 0.563167 0.155869 0.691241 0.689994 
0.381019 0.78531 0.70723 0.409572 0.68363 
0.5204299999999999 0.867993 0.357136 0.389215 0.535631 
0.284624 0.673912 0.445382 0.533985 0.690033 
0.593873 0.230603 0.736447 0.460617 0.592689 
0.825291 0.673753 0.770791 0.678727 0.371621 
0.205292 0.344422 0.695211 0.414566 0.615962 
0.496807 0.827664 0.541529 0.472801 0.369359 
0.485562 0.843472 0.233617 0.396778 0.640939 
0.388853 0.457712 0.762508 0.471246 0.233136 
0.651832 0.333415 0.7020690000000001 0.67018 0.718386 
0.215935 0.227666 0.387612 0.593605 0.724617 
0.64415 0.229995 0.531135 0.788701 0.698733 
0.57348 0.475183 0.407757 0.177773 0.832209 
0.698425 0.42074 0.384555 0.220371 0.767173 
0.8144670000000001 0.744431 0.6504799999999999 0.619053 0.42107 
0.7450329999999999 0.775791 0.711699 0.517422 0.319673 
0.675745 0.252108 0.177933 0.518446 0.519489 
0.616632 0.735603 0.28347 0.282517 0.2677 
0.531955 0.569622 0.645305 0.640455 0.134869 
0.250401 0.484632 0.207271 0.596677 0.346433 
0.767629 0.547291 0.318533 0.57965 0.180407 
0.343587 0.66239 0.792745 0.67237 0.52811 
0.408324 0.7078410000000001 0.68684 0.71397 0.698255 
0.363728 0.178046 0.41854 0.395232 0.669923 
0.437414 0.620362 0.42144 0.142172 0.4918 
0.486497 0.556247 0.836276 0.289594 0.209948 
0.273131 0.510941 0.37702 0.57465 0.144775 
0.481504 0.630113 0.31282 0.572193 0.851066 
0.624613 0.863654 0.424383 0.603715 0.634499 
0.229891 0.780541 0.547787 0.65587 0.206906 
0.363758 0.674496 0.255055 0.707635 0.223742 
0.622454 0.582304 0.782251 0.296374 0.149981 
0.5484290000000001 0.439308 0.443694 0.166379 0.323912 
0.611758 0.8126679999999999 0.514579 0.525359 0.703334 
0.7465540000000001 0.324715 0.480345 0.156753 0.539883 
0.73127 0.455332 0.7626309999999999 0.54291 0.680271 
0.231611 0.690679 0.244921 0.379739 0.275223 
0.766536 0.172987 0.397184 0.473704 0.5437340000000001 
0.430877 0.750683 0.730984 0.653886 0.855757 
0.463761 0.423703 0.17259 0.724977 0.694716 
0.359824 0.563245 0.463389 0.183355 0.648752 
0.5769300000000001 0.470677 0.670025 0.117465 0.227997 
0.8314589999999999 0.331017 0.395774 0.774362 0.705947 
0.457163 0.536173 0.466635 0.7421180000000001 0.774415 
0.615011 0.497506 0.582471 0.590893 0.130867 
0.504866 0.287175 0.5486490000000001 0.149437 0.589852 
0.384457 0.561063 0.78302 0.218633 0.5596640000000001 
0.718367 0.590279 0.818256 0.42136 0.796984 
0.62442 0.62806 0.808933 0.740202 0.579659 
0.449304 0.4523 0.812146 0.73063 0.694223 
0.720454 0.663519 0.761258 0.468746 0.212538 
0.42626 0.154909 0.547468 0.301342 0.656081 
0.6959920000000001 0.53574 0.190069 0.483592 0.726104 
0.730432 0.37358 0.766559 0.554844 0.257405 
0.122537 0.482524 0.773697 0.52237 0.474408 
0.550867 0.418474 0.300848 0.346394 0.843368 
0.528282 0.83469 0.627862 0.477819 0.706048 
0.599113 0.299671 0.577283 0.388954 0.150806 
0.723418 0.488956 0.884955 0.434124 0.31451 
0.438911 0.778742 0.32292 0.32032 0.611777 
0.156635 0.570737 0.377203 0.654882 0.603592 
0.768581 0.539154 0.558717 0.358256 0.21312 
0.247206 0.790057 0.484174 0.5169550000000001 0.461443 
0.467159 0.546791 0.917614 0.339404 0.360299 
0.138077 0.658671 0.28931 0.433359 0.456466 
0.147883 0.461675 0.372431 0.456159 0.661731 
0.710082 0.351328 0.766325 0.622977 0.382634 
0.52971 0.842116 0.45068 0.5816789999999999 0.278974 
0.327919 0.327636 0.576709 0.7462569999999999 0.335866 
0.494934 0.356267 0.787847 0.351191 0.458869 
0.586747 0.460332 0.797856 0.571594 0.780258 
0.462502 0.268314 0.561301  0.779 0.650965 
0.272601 0.60681 0.651609 0.599141 0.761834 
0.184191 0.705561 0.362072 0.344581 0.374921 
0.222143 0.551337 0.323718 0.72682 0.659026 
0.246177 0.490548 0.647271 0.689906 0.247387 
0.493262 0.260807 0.385233 0.60773 0.117384 
0.396413 0.5109900000000001 0.215224 0.27176 0.474782 
0.316216 0.643283 0.659025 0.239464 0.66755 
0.205346 0.255802 0.27064 0.654336 0.423824 
0.742801 0.252944 0.230234 0.537821 0.164728 
0.373854 0.356263 0.70686 0.198159 0.454995 
0.815889 0.642797 0.49422 0.362748 0.704407 
0.687175 0.358113 0.804931 0.467808 0.447131 
0.733598 0.578303 0.5394949999999999 0.297449 0.230639 
0.251292 0.458824 0.457325 0.259633 0.643842 
0.572887 0.507833 0.14229 0.463638 0.370197 
0.320186 0.372183 0.281393 0.380166 0.452301 
0.8406439999999999 0.700805 0.426589 0.676224 0.300096 
0.721623 0.316549 0.247198 0.66147 0.318315 
0.687536 0.421953 0.757033 0.449023 0.734745 
0.320198 0.571677 0.179613 0.759829 0.444164 
0.402438 0.781415 0.234806 0.389864 0.443774 
0.629642 0.388966 0.349361 0.708978 0.7888309999999999 
0.663976 0.448162 0.253504 0.647892 0.115201 
0.183453 0.287962 0.772044 0.738595 0.564206 
0.617039 0.572696 0.300579 0.825171 0.646998 
0.588587 0.383937 0.827132 0.609888 0.392065 
0.303065 0.605312 0.476003 0.182989 0.496373 
0.469122 0.54166 0.685598 0.837428 0.646819 
0.546347 0.45334 0.278567 0.8739400000000001 0.315978 
0.264254 0.318937 0.379161 0.553057 0.222203 
0.665221 0.368994 0.677283 0.102363 0.414498 
0.385645 0.527626 0.804291 0.7161689999999999 0.648376 
0.189938 0.287646 0.458894 0.6280559999999999 0.734285 
0.721919 0.297642 0.472462 0.668781 0.194778 
0.140872 0.63315 0.353693 0.514388 0.322981 
0.53309 0.647212 0.6838340000000001 0.196259 0.531047 
0.495764 0.309025 0.778096 0.452336 0.41026 
0.682944 0.243488 0.299918 0.727865 0.218753 
0.412223 0.227606 0.378629 0.61042 0.330875 
0.695099 0.534218 0.610058 0.246851 0.822435 
0.303661 0.635062 0.492256 0.338358 0.775887 
0.774405 0.427992 0.25695 0.551167 0.467711 
0.40634 0.355581 0.245761 0.498908 0.15346 
0.846269 0.242555 0.622042 0.652203 0.570068 
0.462619 0.229861 0.271756 0.407718 0.509479 
0.09595099999999999 0.651608 0.572163 0.351078 0.575202 
0.478595 0.739309 0.563322 0.749997 0.206499 
0.514262 0.200187 0.550752 0.493211 0.399578 
0.552057 0.423488 0.567272 0.132878 0.280178 
