5
445
0.74862 0.055418 0.408974 0.6260019999999999 0.215113 
0.5142370000000001 0.781218 0.93834 0.673498 0.482066 
0.07543 0.744743 0.900127 0.431979 0.269407 
0.262146 0.889895 0.465233 0.176513 0.654351 
0.038928 0.267792 0.781742 0.740563 0.645369 
0.720674 0.375002 0.663454 0.66948 0.9473 
0.762978 0.371708 0.28952 0.962417 0.344357 
0.221172 0.231862 0.911722 0.309427 0.53179 
0.638088 0.338048 0.569645 0.029541 0.488164 
0.416583 0.505174 0.455999 0.970837 0.861612 
0.395113 0.667907 0.510028 0.041727 0.302589 
0.5858409999999999 0.227196 0.488544 0.950948 0.584584 
0.65359 0.894527 0.317807 0.377934 0.928727 
0.752983 0.385759 0.44565 0.033107 0.42369 
0.528667 0.314141 0.762666 0.124064 0.150268 
0.5490429999999999 0.761702 0.920921 0.915955 0.449159 
0.163945 0.416771 0.666534 0.435528 0.917869 
0.070308 0.660755 0.303876 0.237564 0.730751 
0.653355 0.933578 0.648614 0.257555 0.72101 
0.659102 0.528811 0.72892 0.957971 0.612596 
0.896572 0.683543 0.304888 0.254986 0.551156 
0.44101 0.058888 0.730428 0.305608 0.360869 
0.04672 0.217436 0.453823 0.406337 0.313843 
0.779603 0.795669 0.81275 0.886134 0.259655 
0.024838 0.451226 0.763262 0.150512 0.657574 
0.680108 0.5725170000000001 0.293155 0.062397 0.701048 
0.769176 0.545793 0.143881 0.211108 0.09879499999999999 
0.195604 0.510493 0.8618980000000001 0.9128039999999999 0.490638 
0.426374 0.06671100000000001 0.203743 0.302632 0.334357 
0.083997 0.738378 0.920648 0.331307 0.270553 
0.347617 0.397143 0.783183 0.964687 0.486465 
0.885508 0.726207 0.368078 0.292927 0.219908 
0.578045 0.207827 0.946308 0.5973579999999999 0.802086 
0.774963 0.808764 0.896734 0.402009 0.560986 
0.151754 0.5329660000000001 0.554346 0.900831 0.265841 
0.328566 0.203057 0.777121 0.07911 0.596735 
0.328267 0.183419 0.728251 0.715587 0.868373 
0.741372 0.235288 0.487526 0.857805 0.136079 
0.782061 0.09458999999999999 0.777776 0.077193 0.388901 
0.263335 0.867806 0.216297 0.301766 0.785754 
0.082216 0.806218 0.098374 0.375228 0.457459 
0.6334959999999999 0.162721 0.8591839999999999 0.306116 0.890876 
0.675112 0.610719 0.351999 0.051542 0.273515 
0.499896 0.754051 0.326763 0.908895 0.805995 
0.354458 0.380438 0.028269 0.125205 0.321656 
0.067963 0.247292 0.238929 0.68028 0.463437 
0.443365 0.62923 0.470338 0.971576 0.270077 
0.951119 0.464242 0.5195340000000001 0.806779 0.538416 
0.423431 0.603947 0.541149 0.087885 0.079498 
0.130885 0.780672 0.755261 0.678242 0.221663 
0.569071 0.375252 0.86576 0.832521 0.18021 
0.908474 0.716643 0.611362 0.16704 0.437919 
0.713971 0.7065979999999999 0.796883 0.206765 0.10678 
0.080398 0.25017 0.609781 0.5852850000000001 0.890447 
0.516991 0.072079 0.440004 0.140845 0.176857 
0.673558 0.484318 0.936117 0.317909 0.09467100000000001 
0.137169 0.401767 0.499735 0.039349 0.340341 
0.036324 0.494549 0.881919 0.415682 0.359615 
0.907222 0.674729 0.166463 0.742629 0.362431 
0.650464 0.344089 0.103959 0.240263 0.106522 
0.372936 0.933142 0.31774 0.258317 0.5273679999999999 
0.47695 0.105424 0.864839 0.341624 0.673845 
0.053048 0.584588 0.169489 0.600388 0.714997 
0.305002 0.166866 0.5228080000000001 0.836744 0.159689 
0.899714 0.488455 0.469917 0.899707 0.3824 
0.188202 0.106464 0.345081 0.780668 0.694599 
0.8465279999999999 0.601553 0.303139 0.859268 0.723495 
0.267717 0.526792 0.787772 0.087561 0.630671 
0.68125 0.776885 0.112314 0.668815 0.770712 
0.716117 0.782169 0.915951 0.38337 0.30338 
0.27421 0.643613 0.200697 0.121879 0.417274 
0.767031 0.488137 0.11481 0.615086 0.752347 
0.232864 0.742329 0.322828 0.7771709999999999 0.911475 
0.251486 0.7194700000000001 0.125234 0.815781 0.837755 
0.260737 0.210847 0.7049299999999999 0.760762 0.123661 
0.03115 0.544158 0.657907 0.445283 0.875405 
0.0659 0.589468 0.190183 0.407791 0.738235 
0.427135 0.8550450000000001 0.738795 0.932731 0.40182 
0.6274459999999999 0.481483 0.289564 0.709045 0.917809 
0.8799979999999999 0.118799 0.65773 0.461566 0.540592 
0.368385 0.440345 0.8862449999999999 0.119435 0.349434 
0.917565 0.521838 0.528336 0.742126 0.908246 
0.892506 0.354244 0.783298 0.893159 0.318228 
0.884468 0.256342 0.348141 0.204829 0.568431 
0.61581 0.92383 0.8149380000000001 0.655646 0.439785 
0.860573 0.655016 0.861124 0.907984 0.488828 
0.7239139999999999 0.825448 0.306129 0.111219 0.262032 
0.967543 0.496021 0.619249 0.715697 0.727034 
0.367338 0.844977 0.5263370000000001 0.144391 0.784442 
0.104641 0.706693 0.383006 0.181062 0.103797 
0.52341 0.947208 0.725151 0.61277 0.82678 
0.694499 0.448729 0.781678 0.670378 0.036681 
0.157452 0.29066 0.118254 0.497692 0.7135590000000001 
0.302117 0.6785409999999999 0.235603 0.773848 0.056807 
0.214798 0.112425 0.520784 0.820596 0.762656 
0.6603250000000001 0.079182 0.811497 0.834516 0.707898 
0.488685 0.329726 0.706064 0.8152 0.07341200000000001 
0.297161 0.37811 0.895234 0.190745 0.858672 
0.5046040000000001 0.882839 0.8691449999999999 0.72074 0.476212 
0.687935 0.116339 0.314112 0.284232 0.087537 
0.244642 0.705409 0.805103 0.370741 0.048896 
0.671011 0.674759 0.6787609999999999 0.943165 0.7756110000000001 
0.699274 0.702002 0.541923 0.09931 0.099202 
0.699468 0.96188 0.319129 0.606137 0.345402 
0.164256 0.645232 0.406667 0.860258 0.349051 
0.502274 0.723749 0.045389 0.847638 0.255485 
0.095642 0.449647 0.218981 0.40597 0.133367 
0.449352 0.26593 0.480601 0.459925 0.961938 
0.424995 0.882586 0.630086 0.856246 0.920709 
0.494652 0.617057 0.869464 0.081967 0.623383 
0.82853 0.111051 0.429982 0.703526 0.154131 
0.613509 0.243464 0.894606 0.648892 0.930328 
0.708106 0.13714 0.9149040000000001 0.79701 0.343466 
0.484574 0.24206 0.304341 0.053258 0.101351 
0.411515 0.340705 0.234476 0.845727 0.126956 
0.745595 0.220888 0.460563 0.688407 0.058382 
0.230764 0.453089 0.068411 0.778498 0.21093 
0.670189 0.867306 0.819088 0.410432 0.122569 
0.738991 0.221402 0.106549 0.771414 0.147944 
0.834019 0.353805 0.400168 0.616109 0.947851 
0.851122 0.802714 0.219839 0.835862 0.324869 
0.307673 0.05208 0.311571 0.5658029999999999 0.456187 
0.483261 0.169179 0.386609 0.739754 0.043985 
0.250963 0.930402 0.268385 0.749719 0.529054 
0.181305 0.191667 0.340913 0.719097 0.862057 
0.820443 0.189948 0.455654 0.180592 0.207507 
0.197168 0.803588 0.90113 0.284195 0.458642 
0.452971 0.088253 0.271182 0.752756 0.5748259999999999 
0.09278 0.355544 0.621702 0.938757 0.696279 
0.852945 0.448695 0.209156 0.286562 0.240546 
0.676984 0.06775399999999999 0.733839 0.637387 0.561013 
0.704462 0.894165 0.231286 0.229321 0.203287 
0.918055 0.7523609999999999 0.927859 0.523159 0.732982 
0.8235209999999999 0.920284 0.219296 0.703365 0.458338 
0.609764 0.305774 0.149882 0.060341 0.149232 
0.149185 0.347279 0.722431 0.889908 0.680091 
0.593336 0.203473 0.763158 0.391864 0.064275 
0.674563 0.381629 0.046087 0.58745 0.278447 
0.856388 0.321111 0.908168 0.576956 0.9043600000000001 
0.625262 0.786166 0.08766699999999999 0.413791 0.593212 
0.38285 0.566632 0.379517 0.543109 0.036038 
0.64345 0.469263 0.907666 0.137407 0.393591 
0.214857 0.101365 0.635694 0.109109 0.7933249999999999 
0.664086 0.296515 0.53293 0.956834 0.516857 
0.622364 0.077293 0.065591 0.392915 0.729612 
0.678443 0.58445 0.85207 0.735167 0.956674 
0.675336 0.380133 0.896903 0.242871 0.936553 
0.650317 0.875316 0.429454 0.830614 0.132957 
0.581314 0.150317 0.369724 0.945704 0.450611 
0.427438 0.954441 0.289265 0.670092 0.233677 
0.410418 0.889108 0.245932 0.381618 0.861581 
0.500129 0.66866 0.160712 0.09016200000000001 0.346281 
0.750069 0.402321 0.814891 0.866317 0.196161 
0.713932 0.055241 0.432927 0.19822 0.490901 
0.5669729999999999 0.110564 0.245384 0.167744 0.265129 
0.663188 0.205601 0.528303 0.196103 0.911381 
0.48419 0.77654 0.3068 0.384486 0.054367 
0.741345 0.7776960000000001 0.736129 0.125827 0.780166 
0.504821 0.529371 0.139237 0.152905 0.873529 
0.096306 0.622822 0.774543 0.743306 0.738505 
0.671817 0.235384 0.099672 0.195247 0.520793 
0.247524 0.141822 0.60216 0.503536 0.925454 
0.759457 0.19959 0.504645 0.562981 0.029086 
0.49255 0.279661 0.263036 0.843747 0.848576 
0.570872 0.652329 0.689895 0.070754 0.163269 
0.431052 0.692881 0.257832 0.38508 0.034451 
0.510069 0.7361839999999999 0.045144 0.734912 0.673967 
0.402386 0.905566 0.840935 0.598257 0.907511 
0.177942 0.673298 0.126165 0.461101 0.716218 
0.687549 0.643408 0.750286 0.05722 0.698878 
0.235785 0.832972 0.758209 0.225664 0.728511 
0.08200399999999999 0.247294 0.262283 0.18904 0.189718 
0.082053 0.05942 0.6754829999999999 0.842113 0.396608 
0.698923 0.799824 0.634373 0.90163 0.688713 
0.206271 0.789369 0.921027 0.696485 0.822112 
0.243248 0.264204 0.478182 0.800732 0.895714 
0.227657 0.231358 0.441665 0.06436 0.694266 
0.866798 0.273444 0.773407 0.6488429999999999 0.104505 
0.749872 0.091501 0.858221 0.124448 0.596253 
0.085012 0.798157 0.6235619999999999 0.211732 0.572418 
0.404375 0.324843 0.6400940000000001 0.061693 0.873385 
0.345877 0.154259 0.625449 0.924939 0.449139 
0.9083869999999999 0.266189 0.844624 0.588283 0.26762 
0.055508 0.924284 0.446391 0.495175 0.41143 
0.908934 0.448438 0.8968739999999999 0.754521 0.241649 
0.297828 0.602556 0.154846 0.498547 0.08082399999999999 
0.408379 0.622337 0.614309 0.684658 0.04887 
0.315187 0.347484 0.171034 0.569337 0.853657 
0.876492 0.20089 0.351751 0.878601 0.640255 
0.764021 0.898564 0.167631 0.368471 0.886095 
0.9291430000000001 0.106595 0.540519 0.497923 0.588371 
0.7975640000000001 0.665744 0.15929 0.185565 0.798461 
0.65104 0.025363 0.268657 0.313056 0.530262 
0.659074 0.055488 0.586569 0.459295 0.369917 
0.465745 0.7845490000000001 0.910623 0.839078 0.378706 
0.944385 0.278593 0.320544 0.388321 0.510677 
0.700164 0.658937 0.751154 0.6525300000000001 0.07307 
0.094275 0.476342 0.878723 0.700147 0.378322 
0.420751 0.560304 0.032941 0.640288 0.32838 
0.571698 0.531855 0.88106 0.9729 0.525376 
0.673725 0.300661 0.203794 0.159917 0.720594 
0.025854 0.521845 0.6460129999999999 0.544308 0.189871 
0.434233 0.154113 0.181775 0.09211999999999999 0.265758 
0.180973 0.6135389999999999 0.75548 0.359782 0.860281 
0.839327 0.567535 0.563284 0.112054 0.298312 
0.056658 0.244992 0.574771 0.174708 0.315305 
0.843691 0.9153520000000001 0.32384 0.785844 0.672633 
0.055526 0.231164 0.174602 0.5354640000000001 0.541753 
0.279835 0.184839 0.583118 0.472301 0.957687 
0.336814 0.833993 0.921367 0.411221 0.399637 
0.26484 0.170591 0.121506 0.153713 0.459315 
0.764957 0.637033 0.6088479999999999 0.91356 0.203487 
0.647392 0.712201 0.954155 0.476838 0.2157 
0.276665 0.902948 0.847591 0.461218 0.694153 
0.312183 0.8642570000000001 0.55932 0.48784 0.125398 
0.122844 0.634372 0.890422 0.326601 0.179449 
0.180147 0.723581 0.224444 0.235742 0.117548 
0.8198260000000001 0.807541 0.346668 0.449405 0.153049 
0.288887 0.323196 0.954391 0.451514 0.602173 
0.9187149999999999 0.8467710000000001 0.687121 0.448532 0.483193 
0.504924 0.259953 0.038027 0.112959  0.508 
0.930166 0.29367 0.705557 0.298913 0.834631 
0.6460090000000001 0.478269 0.274014 0.358181 0.952613 
0.563675 0.6783940000000001 0.76564 0.105599 0.795149 
0.062572 0.640554 0.796439 0.7486429999999999 0.434645 
0.07249800000000001 0.481889 0.107256 0.643977 0.314868 
0.206457 0.924925 0.220468 0.412769 0.410966 
0.62823 0.654671 0.06381100000000001 0.475257 0.646859 
0.268587 0.145589 0.906867 0.712835 0.625589 
0.599545 0.544941 0.816194 0.771581 0.9690839999999999 
0.775993 0.108257 0.470561 0.717847 0.857741 
0.06457 0.227199 0.531197 0.831893 0.63359 
0.956062 0.532073 0.556839 0.799706 0.65463 
0.834375 0.332627 0.457277 0.45671 0.919081 
0.222865 0.69906 0.09619800000000001 0.794481 0.837241 
0.577031 0.15931 0.526271 0.032992 0.497761 
0.331041 0.804115 0.758459 0.413632 0.914324 
0.045964 0.519387 0.338695 0.439236 0.234301 
0.352855 0.438311 0.691805 0.16005 0.956862 
0.404259 0.382284 0.040312 0.531487 0.700091 
0.169057 0.349178 0.638904 0.066063 0.320769 
0.20779 0.326929 0.696805 0.196887 0.082331 
0.044161 0.219411 0.634991 0.29983 0.240956 
0.08852599999999999 0.85241 0.449348 0.195015 0.616703 
0.07414 0.066147 0.724624 0.759002 0.547036 
0.089596 0.847831 0.494835 0.691708 0.541838 
0.359949 0.664985 0.410244 0.970209 0.30708 
0.944583 0.605661 0.349662 0.766839 0.268259 
0.553189 0.451341 0.683157 0.816859 0.954767 
0.412929 0.09497999999999999 0.335999 0.139835 0.202714 
0.786115 0.235101 0.34484 0.7274389999999999 0.063347 
0.961596 0.549928 0.63495 0.596584 0.781465 
0.394317 0.285809 0.597602 0.902649 0.825566 
0.943902 0.161749 0.507394 0.774593 0.579107 
0.053514 0.410832 0.853027 0.832898 0.508518 
0.666266 0.937479 0.204889 0.573125 0.516288 
0.194594 0.543387 0.697933 0.154999 0.064986 
0.279303 0.244785 0.09926 0.268363 0.370641 
0.364747 0.308544 0.696908 0.925349 0.33438 
0.694047 0.847868 0.123363 0.359936 0.449659 
0.712776 0.6289709999999999 0.12286 0.914102 0.314046 
0.207428 0.246044 0.2554 0.50728 0.85473 
0.134849 0.399165 0.774052 0.494665 0.829002 
0.075103 0.260407 0.663548 0.246845 0.730811 
0.395813 0.42831 0.60891 0.9575979999999999 0.344425 
0.214705 0.550759 0.6020759999999999 0.090211 0.173982 
0.254213 0.558945 0.184967 0.74617 0.886188 
0.882585 0.6067630000000001 0.873637 0.216848 0.570387 
0.63142 0.278527 0.211454 0.905288 0.169258 
0.527502 0.723447 0.975208 0.327732 0.192792 
0.819465 0.743224 0.370761 0.376265 0.887777 
0.816418 0.5410430000000001 0.303214 0.123055 0.182449 
0.94682 0.207805 0.5719959999999999 0.539565 0.466341 
0.793912 0.270937 0.642582 0.874626 0.845723 
0.016504 0.38891 0.409868 0.649813 0.414744 
0.608186 0.78674 0.746244 0.118903 0.41057 
0.921978 0.678494 0.456222 0.714753 0.856401 
0.536218 0.224275 0.389237 0.903236  0.681 
0.56842 0.429034 0.774516 0.293923 0.970247 
0.072033 0.664763 0.6652400000000001 0.691667 0.848751 
0.717787 0.850198 0.278618 0.730176 0.076152 
0.779738 0.062921 0.520748 0.214342 0.450973 
0.475264 0.754402 0.22729 0.061972 0.570952 
0.395897 0.843881 0.111727 0.803434 0.311087 
0.8315709999999999 0.215473 0.459017 0.690656 0.860661 
0.571261 0.183645 0.525621 0.11347 0.081912 
0.502004 0.173396 0.265371 0.090445 0.106333 
0.140315 0.270371 0.119284 0.8001819999999999 0.666359 
0.897055 0.803158 0.682415 0.352998 0.844873 
0.772432 0.262993 0.120527 0.70465 0.044623 
0.230058 0.588767 0.410777 0.935159 0.212642 
0.871937 0.637444 0.5286419999999999 0.890476 0.22758 
0.932236 0.09682200000000001 0.279491 0.40663 0.234132 
0.06292399999999999 0.565288 0.795895 0.600861 0.674814 
0.592099 0.403041 0.9167110000000001 0.16967 0.638608 
0.078967 0.206022 0.611661 0.181254 0.331103 
0.153575 0.139971 0.485478 0.437026 0.103861 
0.796956 0.438855 0.837692 0.08773599999999999 0.580774 
0.449549 0.567272 0.145009 0.163749 0.136536 
0.8147720000000001 0.880736 0.533158 0.791114 0.246949 
0.441449 0.427383 0.031814 0.694034 0.625474 
0.646186 0.442671 0.973567 0.7416740000000001 0.321732 
0.894644 0.276348 0.577879 0.405001 0.844391 
0.7718930000000001 0.2039 0.946912 0.743761 0.38907 
0.106467 0.389332 0.495323 0.887091 0.336692 
0.790771 0.482554 0.285361 0.068346 0.683557 
0.139815 0.877286 0.548363 0.341002 0.219733 
0.049094 0.116298 0.623928 0.361309 0.520989 
0.390476 0.731012 0.120478 0.87561 0.378263 
0.543788 0.448348 0.391104 0.278696 0.044474 
0.081167 0.169416 0.377416 0.225608 0.798668 
0.146748 0.39444 0.358396 0.566196 0.059678 
0.095156 0.281696 0.464074 0.689488 0.216436 
0.631489 0.428378 0.7432879999999999 0.439225 0.04664 
0.409979 0.521513 0.071392 0.887805 0.34174 
0.367055 0.09945 0.456959 0.101673 0.8183 
0.098401 0.83005 0.644479 0.753808 0.244318 
0.383183 0.15599 0.721675 0.196061 0.200754 
0.506512 0.946065 0.510366 0.716815 0.509678 
0.161509 0.490072 0.6387119999999999 0.833592 0.188897 
0.791265 0.78893 0.549127 0.176161 0.745372 
0.685016 0.059999 0.408857 0.6538659999999999 0.53403 
0.651796 0.730808 0.686995 0.327187 0.034179 
0.251321 0.947299 0.256834 0.610212 0.833176 
0.194518 0.259228 0.846116 0.678128 0.29269 
0.240763 0.507362 0.237172 0.142271 0.14725 
0.110637 0.480659 0.434535 0.231157 0.060321 
0.211942 0.112465 0.191559 0.529805 0.428005 
0.721704 0.685929 0.41399 0.924694 0.331898 
0.909373 0.828094 0.771145 0.636136 0.541342 
0.310855 0.544383 0.440532 0.025973 0.528518 
0.212703 0.899367 0.655196 0.8841290000000001 0.562494 
0.844973 0.465221 0.965804 0.262481 0.517634 
0.570658 0.044905 0.714131 0.398384 0.640661 
0.73566 0.235031 0.172951 0.785193 0.744822 
0.8513770000000001 0.086313 0.665886 0.541253 0.842925 
0.225894 0.6085660000000001 0.176619 0.431062 0.862236 
0.60403 0.928647 0.764656 0.569044 0.919523 
0.369625 0.294403 0.029616 0.749298 0.445806 
0.664309 0.03345 0.196013 0.386076 0.781848 
0.453935 0.280377 0.300289 0.960347 0.547114 
0.278077 0.637767 0.946172 0.320495 0.565683 
0.835144 0.272018 0.803179 0.025132 0.392741 
0.36607 0.544073 0.232952 0.228658 0.058788 
0.050725 0.533979 0.591014 0.172657 0.843749 
0.6361830000000001 0.324112 0.353414 0.835785 0.033229 
0.863814 0.120998 0.606308 0.226288 0.224071 
0.964332 0.520228 0.480349 0.225538 0.625503 
0.331675 0.464616 0.799671 0.068732 0.183921 
0.151991 0.520023 0.0336 0.720565 0.530397 
0.904439 0.906264 0.571277 0.460495 0.543339 
0.896137 0.371679 0.810938 0.426672 0.078905 
0.144302 0.290975 0.418091 0.8624540000000001 0.258827 
0.196253 0.422816 0.262981 0.924751 0.286879 
0.577488 0.845627 0.445695 0.797946 0.085574 
0.239224 0.630466 0.245975 0.106309 0.734611 
0.45129 0.839012 0.282568 0.12032 0.216899 
0.97821 0.777549 0.269688 0.649583 0.540903 
0.954576 0.553598 0.314495 0.7211 0.525236 
0.802709 0.128498 0.658336 0.655154 0.168901 
0.91396 0.927199 0.435088 0.519328 0.344996 
0.351804 0.76759 0.886072 0.216964 0.508399 
0.771237 0.178072 0.853287 0.187826 0.7899659999999999 
0.490023 0.816168 0.343596 0.82514 0.12105 
0.275275 0.553108 0.092808 0.82774 0.822611 
0.85997 0.514656 0.821312 0.782597 0.106999 
0.833233 0.145742 0.493537 0.8725810000000001 0.473812 
0.355492 0.752771 0.824291 0.859777 0.275189 
0.21964 0.486395 0.834602 0.15364 0.230818 
0.923509 0.414696 0.7926 0.233838 0.115618 
0.679135 0.217057 0.070409 0.371732 0.700506 
0.867832 0.6498390000000001 0.83754 0.542577 0.097456 
0.313491 0.840584 0.6953589999999999 0.8984839999999999 0.816087 
0.976298 0.6474 0.848841 0.472398 0.590158 
0.788354 0.859863 0.711382 0.199545 0.76031 
0.530102 0.429313 0.466213 0.6463950000000001 0.95956 
0.565276 0.5926129999999999 0.038352 0.582175 0.613572 
0.492743 0.5286999999999999 0.860406 0.837203 0.864343 
0.488055 0.742049 0.62397 0.067623 0.543293 
0.840978 0.321061 0.07993400000000001 0.458988 0.215533 
0.464619 0.849517 0.832905 0.6342179999999999 0.294682 
0.893482 0.747326 0.308192 0.778607 0.049955 
0.6090449999999999 0.222471 0.06493599999999999 0.380087 0.120253 
0.7125089999999999 0.14141 0.670517 0.378409 0.914902 
0.765767 0.244616 0.256488 0.797575 0.84946 
0.877329 0.264899 0.151658 0.909401 0.303272 
0.805562 0.086962 0.574209 0.726527 0.740552 
0.4599 0.538171 0.040077 0.572628 0.151488 
0.509176 0.7176399999999999 0.370444 0.056596 0.20626 
0.41604 0.391696 0.226293 0.308565 0.046292 
0.552975 0.846797 0.113298 0.207248 0.215407 
0.351546 0.435945 0.929544 0.850499 0.337184 
0.09463100000000001 0.459828 0.332354 0.88152 0.705032 
0.467012 0.071467 0.14598 0.4881 0.496574 
0.49113 0.414705 0.954113 0.779172 0.542652 
0.499864 0.215213 0.08158700000000001 0.238068 0.203062 
0.39677 0.512759 0.941129 0.547165 0.208199 
0.628349 0.663458 0.736356 0.9377 0.91757 
0.220746 0.070359 0.521757 0.170563 0.6458739999999999 
0.335351 0.238626 0.58529 0.968742 0.65285 
0.455687 0.734221 0.059103 0.341554 0.498747 
0.305611 0.397911 0.690972  0.161 0.920597 
0.534722 0.07059799999999999 0.541967 0.8438870000000001 0.209753 
0.768635 0.448805 0.064295 0.60925 0.659303 
0.648571 0.535815 0.437725 0.843164 0.059753 
0.58245 0.243316 0.406157 0.288388 0.928898 
0.473891 0.687078 0.723584 0.269415 0.051873 
0.384547 0.085076 0.87343 0.731813 0.582553 
0.889855 0.79989 0.75453 0.379095 0.456058 
0.441022 0.260918 0.246891 0.501396 0.9553739999999999 
0.288741 0.877643 0.552503 0.922856 0.443551 
0.274899 0.234661 0.953382 0.494183 0.7289060000000001 
0.073437 0.250066 0.865917 0.466869 0.668161 
0.442089 0.183452 0.280957 0.045723 0.471832 
0.072338 0.790361 0.604224 0.195647 0.241249 
0.224602 0.884819 0.159616 0.670982 0.187255 
0.384713 0.873314 0.788909 0.195109 0.195853 
0.980453 0.475315 0.620718 0.408135 0.526297 
0.720239 0.05406 0.585669 0.338992 0.440896 
0.254985 0.52608 0.832328 0.93546 0.274565 
0.764053 0.44702 0.07274799999999999 0.678239 0.17004 
0.782079 0.394786 0.172716 0.830537 0.8320109999999999 
0.075451 0.104694 0.586079 0.231957 0.506274 
0.949921 0.31574 0.639302 0.752318 0.210087 
0.6281639999999999 0.549549 0.270436 0.225737 0.954981 
0.419304 0.242468 0.15837 0.71814 0.773922 
0.309699 0.109309 0.150454 0.685867 0.370265 
0.5881420000000001 0.895706 0.129126 0.215639 0.239092 
0.037827 0.762937 0.67855 0.382238 0.265846 
0.814763 0.726283 0.6349089999999999 0.92008 0.786595 
0.936902 0.507055 0.07446800000000001 0.582633 0.318437 
0.769583 0.376648 0.325373 0.53632 0.933937 
0.65764 0.9475710000000001 0.818551 0.383098 0.729298 
0.333894 0.7493840000000001 0.90162 0.534432 0.201853 
0.514419 0.848318 0.676748 0.110029 0.258215 
0.208955 0.903934 0.424671 0.439511 0.860726 
0.816928 0.111214 0.179667 0.663861 0.50561 
0.785261 0.873291 0.400557 0.158523 0.30416 
0.040533 0.240474 0.641732 0.588896 0.580278 
0.526647 0.350758 0.1934 0.467419 0.909922 
0.820479 0.79754 0.260299 0.844175 0.051849 
0.428377 0.724536 0.274684 0.6162879999999999 0.956252 
0.06709900000000001 0.7268019999999999 0.365991 0.213457 0.5728259999999999 
0.687901 0.553349 0.143322 0.81538 0.090298 
0.472168 0.723893 0.463322 0.052672 0.252961 
