5
245
2.492590000000000083e-01 2.984049999999999758e-01 2.927040000000000197e-01 4.833950000000000191e-01 4.277750000000000163e-01
3.712420000000000164e-01 4.688329999999999997e-01 6.707079999999999709e-01 5.916259999999999852e-01 4.638160000000000061e-01
6.120799999999999574e-01 2.351679999999999882e-01 4.710940000000000127e-01 6.728420000000000512e-01 4.472369999999999957e-01
5.409399999999999764e-01 5.799180000000000446e-01 6.859459999999999447e-01 6.909490000000000354e-01 7.839409999999999989e-01
2.248249999999999971e-01 6.269590000000000440e-01 2.953279999999999794e-01 5.777630000000000265e-01 4.545830000000000148e-01
4.641680000000000250e-01 2.736540000000000084e-01 3.062849999999999739e-01 7.271750000000000158e-01 6.361809999999999965e-01
3.059129999999999905e-01 4.862489999999999868e-01 3.785459999999999936e-01 2.280409999999999937e-01 6.798170000000000046e-01
7.288440000000000474e-01 6.731390000000000429e-01 4.485299999999999843e-01 4.376430000000000042e-01 4.673350000000000004e-01
5.749039999999999706e-01 4.106150000000000078e-01 2.144620000000000137e-01 4.682740000000000236e-01 2.825710000000000166e-01
6.158240000000000380e-01 1.513980000000000048e-01 5.392029999999999879e-01 3.915989999999999749e-01 6.096700000000000452e-01
6.379219999999999891e-01 5.575970000000000093e-01 5.342649999999999899e-01 3.935400000000000009e-01 2.317460000000000075e-01
4.074960000000000249e-01 7.914919999999999733e-01 6.103819999999999801e-01 6.887839999999999518e-01 3.872780000000000111e-01
4.508530000000000038e-01 4.899580000000000046e-01 7.210480000000000222e-01 6.555149999999999588e-01 2.392209999999999892e-01
4.669840000000000102e-01 6.078090000000000437e-01 4.527970000000000050e-01 1.619970000000000021e-01 6.868079999999999741e-01
7.131159999999999721e-01 3.485759999999999970e-01 5.168890000000000429e-01 3.508260000000000267e-01 3.342570000000000263e-01
7.778030000000000221e-01 5.339009999999999589e-01 2.765279999999999960e-01 6.119109999999999827e-01 3.962539999999999951e-01
5.909109999999999641e-01 4.444930000000000270e-01 5.901359999999999939e-01 4.119840000000000169e-01 2.076310000000000100e-01
6.423320000000000141e-01 6.690960000000000241e-01 4.891130000000000200e-01 5.234590000000000076e-01 7.686399999999999899e-01
5.367809999999999526e-01 6.805719999999999548e-01 3.686760000000000037e-01 3.454360000000000208e-01 7.480480000000000462e-01
6.282780000000000031e-01 4.688100000000000045e-01 2.822230000000000016e-01 3.188980000000000148e-01 7.268329999999999513e-01
4.634780000000000011e-01 6.704039999999999999e-01 4.861880000000000090e-01 3.661739999999999995e-01 2.889929999999999999e-01
3.763779999999999903e-01 7.767420000000000435e-01 6.946160000000000112e-01 4.099149999999999738e-01 4.413960000000000106e-01
4.731170000000000098e-01 6.733050000000000423e-01 2.425430000000000086e-01 4.280100000000000016e-01 5.673589999999999467e-01
8.281410000000000160e-01 5.644339999999999913e-01 4.378799999999999915e-01 4.524050000000000016e-01 5.744799999999999907e-01
6.865860000000000296e-01 4.431280000000000219e-01 6.588030000000000275e-01 5.088840000000000030e-01 8.131509999999999572e-01
6.191600000000000437e-01 2.279120000000000035e-01 5.250460000000000127e-01 4.399210000000000065e-01 7.450120000000000076e-01
4.967949999999999866e-01 6.307289999999999841e-01 6.561660000000000270e-01 1.760790000000000133e-01 3.560900000000000176e-01
5.212489999999999624e-01 6.349909999999999721e-01 2.979829999999999979e-01 1.980379999999999918e-01 4.261409999999999920e-01
1.813240000000000129e-01 5.046979999999999800e-01 4.578249999999999820e-01 6.651690000000000103e-01 4.913839999999999875e-01
6.874099999999999655e-01 2.995590000000000197e-01 6.819549999999999779e-01 6.197240000000000526e-01 6.987189999999999790e-01
4.550069999999999948e-01 3.093500000000000139e-01 2.482739999999999947e-01 7.370560000000000445e-01 7.053660000000000485e-01
4.794010000000000216e-01 2.979930000000000079e-01 3.628609999999999891e-01 6.119599999999999485e-01 2.064479999999999926e-01
4.786969999999999836e-01 4.543010000000000104e-01 4.388380000000000059e-01 5.442500000000000115e-01 2.099070000000000102e-01
6.361149999999999860e-01 1.866200000000000081e-01 5.197479999999999878e-01 4.026520000000000099e-01 3.644049999999999789e-01
6.739749999999999908e-01 4.895209999999999839e-01 3.849150000000000071e-01 2.628829999999999778e-01 2.788030000000000230e-01
1.146930000000000033e-01 6.479200000000000514e-01 5.977590000000000403e-01 5.403940000000000410e-01 4.009179999999999966e-01
6.318409999999999860e-01 3.477890000000000148e-01 2.970479999999999787e-01 4.798239999999999728e-01 4.047189999999999954e-01
3.925290000000000168e-01 2.365819999999999868e-01 2.330929999999999946e-01 6.021609999999999463e-01 5.237979999999999858e-01
5.786379999999999857e-01 1.683530000000000026e-01 5.108239999999999448e-01 4.236519999999999730e-01 3.211829999999999963e-01
3.176320000000000254e-01 4.345459999999999878e-01 4.081350000000000255e-01 5.243250000000000410e-01 3.238320000000000087e-01
4.264560000000000017e-01 4.475790000000000046e-01 4.680070000000000063e-01 7.944689999999999808e-01 6.463330000000000464e-01
4.205059999999999909e-01 4.360269999999999979e-01 3.016480000000000272e-01 7.924409999999999510e-01 5.510599999999999943e-01
4.237360000000000015e-01 7.250379999999999603e-01 7.143669999999999742e-01 3.631989999999999941e-01 2.895209999999999728e-01
4.165240000000000054e-01 5.188709999999999711e-01 6.693240000000000300e-01 3.213179999999999925e-01 3.960359999999999991e-01
5.105399999999999938e-01 6.457159999999999567e-01 5.538239999999999830e-01 1.192610000000000059e-01 4.221920000000000117e-01
6.236429999999999474e-01 5.729330000000000256e-01 2.822209999999999996e-01 2.802749999999999964e-01 5.878480000000000372e-01
4.997099999999999875e-01 6.214370000000000172e-01 4.855300000000000171e-01 3.002119999999999789e-01 6.695910000000000473e-01
6.327949999999999964e-01 3.804040000000000199e-01 4.544949999999999823e-01 6.953430000000000444e-01 6.286699999999999511e-01
2.596209999999999907e-01 4.460859999999999825e-01 3.633310000000000151e-01 5.052910000000000457e-01 4.319069999999999854e-01
7.310470000000000024e-01 7.014690000000000092e-01 5.833129999999999704e-01 7.393560000000000132e-01 3.550449999999999995e-01
5.230310000000000237e-01 5.832819999999999672e-01 2.196379999999999999e-01 4.566859999999999808e-01 5.171580000000000066e-01
5.468939999999999912e-01 6.531510000000000371e-01 5.016140000000000043e-01 6.185220000000000162e-01 5.009029999999999871e-01
2.217149999999999954e-01 3.622690000000000077e-01 6.576629999999999976e-01 3.460110000000000130e-01 4.073450000000000126e-01
3.485599999999999810e-01 2.423089999999999966e-01 4.790670000000000206e-01 6.771329999999999849e-01 5.811060000000000114e-01
2.151220000000000077e-01 5.518140000000000267e-01 3.358459999999999779e-01 5.643639999999999768e-01 2.735429999999999806e-01
4.441249999999999920e-01 4.150909999999999878e-01 4.394500000000000073e-01 8.303920000000000190e-01 4.041000000000000147e-01
4.337849999999999762e-01 6.276270000000000460e-01 5.270599999999999730e-01 2.990559999999999885e-01 2.309400000000000064e-01
2.979390000000000094e-01 4.687540000000000040e-01 3.404289999999999816e-01 5.876240000000000352e-01 2.047809999999999908e-01
6.031029999999999447e-01 3.570749999999999758e-01 3.667699999999999849e-01 3.074500000000000011e-01 3.161939999999999751e-01
6.803320000000000478e-01 3.353650000000000242e-01 4.778549999999999742e-01 3.008600000000000163e-01 5.566259999999999541e-01
1.988860000000000072e-01 6.816459999999999742e-01 4.248700000000000254e-01 7.818479999999999874e-01 5.200679999999999747e-01
4.590739999999999821e-01 6.573769999999999891e-01 5.397910000000000208e-01 2.624199999999999866e-01 4.880590000000000206e-01
7.853050000000000308e-01 6.240040000000000031e-01 6.367329999999999934e-01 5.766339999999999799e-01 4.834640000000000049e-01
6.328529999999999989e-01 3.643979999999999997e-01 4.375229999999999952e-01 4.412920000000000176e-01 7.924560000000000493e-01
4.230010000000000159e-01 3.852329999999999921e-01 6.099529999999999674e-01 4.741159999999999819e-01 4.611179999999999723e-01
3.570280000000000120e-01 5.697330000000000449e-01 4.991059999999999941e-01 4.701819999999999888e-01 3.451159999999999783e-01
3.377330000000000054e-01 2.772510000000000252e-01 7.572160000000000002e-01 5.235579999999999679e-01 4.340530000000000221e-01
5.326130000000000031e-01 6.307869999999999866e-01 6.320430000000000215e-01 7.544199999999999795e-01 5.393189999999999928e-01
5.072470000000000034e-01 3.082920000000000105e-01 4.705429999999999890e-01 4.151469999999999883e-01 3.707090000000000107e-01
2.366699999999999915e-01 7.139520000000000310e-01 3.932069999999999732e-01 6.292320000000000135e-01 5.028489999999999904e-01
5.418220000000000258e-01 4.061919999999999975e-01 8.718040000000000234e-01 4.133160000000000167e-01 5.938569999999999682e-01
4.560899999999999954e-01 5.124360000000000026e-01 5.174309999999999743e-01 4.653689999999999771e-01 4.531020000000000048e-01
4.468559999999999754e-01 3.082480000000000220e-01 7.168710000000000360e-01 4.576859999999999817e-01 3.337870000000000004e-01
6.720840000000000147e-01 7.227660000000000196e-01 5.266469999999999763e-01 3.520179999999999976e-01 3.709839999999999804e-01
4.030309999999999726e-01 7.474110000000000475e-01 7.442370000000000374e-01 3.842780000000000085e-01 5.593139999999999779e-01
4.644240000000000035e-01 5.767489999999999561e-01 4.129619999999999957e-01 6.454250000000000265e-01 6.517150000000000443e-01
3.053089999999999971e-01 3.327470000000000150e-01 4.867879999999999985e-01 4.413179999999999881e-01 2.244170000000000054e-01
5.947759999999999714e-01 4.007979999999999876e-01 2.188670000000000060e-01 5.032619999999999871e-01 3.240020000000000122e-01
2.927679999999999727e-01 5.499730000000000452e-01 3.975429999999999797e-01 5.071229999999999905e-01 2.084540000000000004e-01
3.269839999999999969e-01 6.269059999999999633e-01 4.107060000000000155e-01 7.300309999999999855e-01 6.294100000000000250e-01
3.400059999999999749e-01 4.819069999999999743e-01 4.161699999999999844e-01 5.720119999999999649e-01 8.125409999999999577e-01
7.148919999999999719e-01 1.882209999999999994e-01 4.309689999999999910e-01 2.963910000000000156e-01 4.441430000000000100e-01
4.365649999999999809e-01 3.551759999999999917e-01 4.426889999999999992e-01 2.765650000000000053e-01 2.271420000000000106e-01
6.310109999999999886e-01 4.018410000000000037e-01 7.446749999999999758e-01 7.553090000000000082e-01 4.789430000000000076e-01
4.401570000000000205e-01 7.160330000000000306e-01 3.706679999999999975e-01 8.127839999999999510e-01 4.523019999999999818e-01
5.258329999999999949e-01 6.779110000000000413e-01 6.521439999999999459e-01 5.906219999999999803e-01 5.804979999999999585e-01
3.194210000000000105e-01 5.076749999999999874e-01 4.890490000000000115e-01 4.434670000000000001e-01 3.431029999999999913e-01
5.097049999999999637e-01 6.094829999999999970e-01 5.815270000000000161e-01 7.317489999999999828e-01 5.084940000000000015e-01
2.646180000000000199e-01 4.396510000000000140e-01 2.163690000000000058e-01 5.181480000000000530e-01 5.203250000000000375e-01
2.944869999999999988e-01 4.402170000000000250e-01 7.256190000000000140e-01 4.822629999999999972e-01 3.881359999999999810e-01
5.950119999999999854e-01 3.682509999999999950e-01 1.959619999999999973e-01 5.316640000000000255e-01 6.699789999999999912e-01
3.338019999999999876e-01 2.177330000000000099e-01 4.303299999999999903e-01 5.504569999999999741e-01 5.364349999999999952e-01
5.840870000000000228e-01 7.478230000000000155e-01 6.534649999999999626e-01 7.851799999999999891e-01 5.162219999999999587e-01
5.738940000000000152e-01 4.407539999999999791e-01 7.491959999999999731e-01 7.373960000000000514e-01 4.120730000000000226e-01
4.600690000000000057e-01 3.791669999999999763e-01 6.517859999999999765e-01 5.714000000000000190e-01 5.253259999999999597e-01
2.430819999999999925e-01 4.769209999999999838e-01 6.103119999999999656e-01 5.212849999999999984e-01 2.377309999999999979e-01
4.065880000000000050e-01 5.170019999999999616e-01 2.553969999999999851e-01 4.496149999999999869e-01 6.843059999999999699e-01
4.545919999999999961e-01 3.311479999999999979e-01 6.048449999999999660e-01 6.304440000000000044e-01 8.641889999999999850e-01
4.575210000000000110e-01 5.502920000000000034e-01 7.591700000000000115e-01 3.627210000000000156e-01 2.577409999999999979e-01
4.815510000000000068e-01 4.238480000000000025e-01 6.122180000000000399e-01 5.527600000000000291e-01 2.301449999999999885e-01
5.405759999999999454e-01 4.648240000000000149e-01 2.928689999999999904e-01 2.504790000000000072e-01 7.966130000000000155e-01
5.105210000000000026e-01 3.185819999999999763e-01 4.058169999999999833e-01 5.723989999999999911e-01 3.053279999999999883e-01
5.903169999999999806e-01 4.565270000000000161e-01 8.541339999999999488e-01 4.334299999999999820e-01 6.611709999999999532e-01
6.196530000000000094e-01 5.079059999999999686e-01 3.749270000000000103e-01 4.021950000000000247e-01 6.972319999999999629e-01
3.716019999999999879e-01 5.080820000000000336e-01 3.310799999999999854e-01 4.609190000000000231e-01 6.727149999999999519e-01
4.142649999999999944e-01 5.529110000000000413e-01 7.813700000000000090e-01 4.795849999999999835e-01 3.879219999999999891e-01
6.795679999999999499e-01 5.000019999999999465e-01 5.322329999999999561e-01 2.383800000000000086e-01 4.605190000000000117e-01
4.426490000000000147e-01 5.957259999999999778e-01 3.603379999999999916e-01 2.079870000000000052e-01 6.318869999999999765e-01
6.323400000000000132e-01 7.310210000000000319e-01 2.618929999999999869e-01 6.319040000000000212e-01 4.108299999999999730e-01
6.663590000000000346e-01 4.955209999999999892e-01 2.216019999999999934e-01 4.582470000000000154e-01 7.499500000000000055e-01
6.023239999999999705e-01 2.661660000000000137e-01 4.492900000000000227e-01 2.199899999999999911e-01 3.759799999999999809e-01
7.144890000000000407e-01 4.167130000000000001e-01 7.005249999999999533e-01 7.263370000000000104e-01 5.529500000000000526e-01
4.405160000000000187e-01 7.579749999999999543e-01 2.800389999999999824e-01 6.103070000000000439e-01 4.368460000000000121e-01
1.995850000000000124e-01 4.202759999999999829e-01 5.856249999999999512e-01 6.037130000000000551e-01 5.972380000000000466e-01
6.729720000000000146e-01 6.403499999999999748e-01 3.638790000000000080e-01 7.216789999999999594e-01 2.519879999999999898e-01
5.907919999999999838e-01 4.470310000000000117e-01 2.527699999999999947e-01 3.104419999999999957e-01 6.036610000000000031e-01
3.512430000000000274e-01 3.387169999999999903e-01 8.150420000000000442e-01 4.158120000000000149e-01 5.514139999999999597e-01
4.579889999999999795e-01 4.277050000000000018e-01 4.367670000000000163e-01 7.428280000000000438e-01 7.058250000000000357e-01
7.958819999999999784e-01 3.953960000000000252e-01 4.132609999999999895e-01 6.855750000000000455e-01 4.611279999999999824e-01
4.754979999999999762e-01 6.905879999999999797e-01 7.109210000000000251e-01 4.471120000000000094e-01 6.096510000000000540e-01
6.242999999999999661e-01 6.125669999999999726e-01 4.085039999999999782e-01 7.239989999999999482e-01 2.457850000000000035e-01
2.997239999999999904e-01 4.662720000000000198e-01 6.347709999999999742e-01 6.037489999999999801e-01 2.051280000000000048e-01
5.795379999999999976e-01 2.884920000000000262e-01 6.775520000000000431e-01 6.146559999999999802e-01 5.262520000000000531e-01
5.726599999999999469e-01 7.031450000000000200e-01 7.565749999999999975e-01 7.591219999999999635e-01 5.710140000000000216e-01
2.050039999999999918e-01 4.979270000000000085e-01 6.568279999999999674e-01 3.075860000000000261e-01 6.044680000000000053e-01
4.108570000000000277e-01 2.764650000000000163e-01 5.533869999999999623e-01 7.788699999999999513e-01 4.730039999999999800e-01
4.712210000000000010e-01 8.065369999999999484e-01 4.628809999999999869e-01 6.367329999999999934e-01 5.695040000000000102e-01
6.426110000000000433e-01 3.702389999999999848e-01 6.076949999999999852e-01 5.283949999999999481e-01 7.298839999999999772e-01
6.915970000000000173e-01 6.729559999999999986e-01 3.745899999999999785e-01 7.352070000000000549e-01 6.317530000000000090e-01
3.455590000000000050e-01 8.145149999999999890e-01 5.495060000000000500e-01 5.481329999999999814e-01 4.717310000000000114e-01
5.305760000000000476e-01 3.951640000000000152e-01 5.208169999999999744e-01 3.666420000000000234e-01 1.541339999999999932e-01
5.363010000000000277e-01 6.086340000000000083e-01 3.193550000000000000e-01 3.950469999999999815e-01 5.509349999999999525e-01
6.335859999999999825e-01 6.816480000000000317e-01 4.500310000000000143e-01 6.758370000000000211e-01 7.911789999999999656e-01
7.959330000000000016e-01 2.375520000000000131e-01 5.369549999999999601e-01 5.962699999999999667e-01 5.085739999999999705e-01
6.725400000000000267e-01 3.760549999999999726e-01 3.566050000000000053e-01 4.625130000000000075e-01 4.552390000000000048e-01
3.633390000000000231e-01 6.349350000000000271e-01 3.553669999999999884e-01 6.552959999999999896e-01 5.655310000000000059e-01
2.837680000000000202e-01 2.853200000000000180e-01 3.787880000000000136e-01 2.836569999999999925e-01 4.300950000000000051e-01
4.083680000000000088e-01 4.361550000000000149e-01 4.618659999999999988e-01 5.896479999999999499e-01 2.208819999999999950e-01
6.685710000000000264e-01 6.769659999999999567e-01 7.616720000000000157e-01 4.224829999999999974e-01 6.688410000000000188e-01
6.578070000000000306e-01 7.619169999999999554e-01 5.440909999999999913e-01 5.457490000000000396e-01 3.994369999999999865e-01
4.430549999999999766e-01 4.171259999999999968e-01 6.441820000000000324e-01 7.619690000000000074e-01 4.176710000000000145e-01
4.698789999999999911e-01 2.612400000000000277e-01 6.611810000000000187e-01 4.747709999999999986e-01 4.728740000000000165e-01
3.201979999999999826e-01 5.724599999999999689e-01 3.333920000000000217e-01 3.203610000000000069e-01 3.091769999999999796e-01
1.876829999999999887e-01 3.858779999999999988e-01 4.438779999999999948e-01 2.611749999999999905e-01 5.745529999999999804e-01
4.077009999999999801e-01 2.330289999999999861e-01 5.111890000000000045e-01 5.507440000000000113e-01 3.616889999999999827e-01
4.591250000000000053e-01 5.123689999999999634e-01 3.854560000000000208e-01 3.658429999999999738e-01 7.217209999999999459e-01
4.355499999999999927e-01 2.818729999999999847e-01 4.424770000000000092e-01 7.101429999999999687e-01 3.778500000000000192e-01
7.520310000000000050e-01 3.931290000000000062e-01 3.147619999999999862e-01 2.051790000000000003e-01 4.432639999999999914e-01
2.773070000000000257e-01 6.946109999999999784e-01 3.305950000000000277e-01 3.059129999999999905e-01 4.813100000000000156e-01
3.782019999999999826e-01 4.410819999999999741e-01 2.715839999999999921e-01 5.107009999999999605e-01 3.502830000000000110e-01
4.373920000000000030e-01 2.492590000000000083e-01 2.941400000000000126e-01 6.046099999999999808e-01 6.784949999999999593e-01
3.973220000000000085e-01 7.846509999999999874e-01 6.272039999999999837e-01 4.167640000000000233e-01 5.608389999999999764e-01
3.720829999999999971e-01 6.011889999999999734e-01 1.901190000000000102e-01 3.237059999999999937e-01 5.184349999999999792e-01
4.900680000000000036e-01 5.772829999999999906e-01 3.934929999999999817e-01 4.427229999999999777e-01 8.463789999999999925e-01
4.152770000000000072e-01 5.614430000000000254e-01 1.748470000000000024e-01 6.563600000000000545e-01 4.487220000000000097e-01
3.376850000000000129e-01 4.694840000000000124e-01 6.105639999999999956e-01 7.426490000000000036e-01 6.952869999999999884e-01
7.140870000000000273e-01 6.589720000000000022e-01 3.450509999999999966e-01 2.660460000000000047e-01 4.273399999999999976e-01
6.118120000000000225e-01 7.188440000000000385e-01 6.173790000000000111e-01 2.875889999999999835e-01 5.088589999999999502e-01
4.945930000000000049e-01 6.293450000000000433e-01 4.059869999999999868e-01 4.234899999999999776e-01 6.007839999999999847e-01
2.979339999999999766e-01 3.789299999999999891e-01 6.812340000000000062e-01 5.053419999999999579e-01 2.772169999999999912e-01
7.516840000000000188e-01 5.598459999999999548e-01 3.343610000000000193e-01 6.011499999999999622e-01 5.298859999999999681e-01
7.958979999999999944e-01 6.534539999999999793e-01 6.087500000000000133e-01 2.598639999999999839e-01 5.319279999999999564e-01
7.626349999999999518e-01 6.056770000000000209e-01 6.133319999999999883e-01 2.749219999999999997e-01 6.115639999999999965e-01
3.447640000000000149e-01 4.569139999999999868e-01 3.503569999999999740e-01 4.537140000000000062e-01 5.696219999999999617e-01
4.534590000000000010e-01 2.919709999999999805e-01 1.537800000000000000e-01 5.855609999999999982e-01 5.228599999999999914e-01
3.519010000000000193e-01 3.980259999999999909e-01 6.273250000000000215e-01 4.513150000000000217e-01 2.557820000000000094e-01
5.696219999999999617e-01 6.343950000000000422e-01 2.767789999999999973e-01 8.210499999999999465e-01 3.917849999999999944e-01
4.220709999999999740e-01 7.415100000000000025e-01 5.651979999999999782e-01 2.870570000000000066e-01 5.622230000000000283e-01
3.974360000000000115e-01 7.033009999999999540e-01 3.790430000000000188e-01 5.727109999999999701e-01 5.579800000000000315e-01
6.104880000000000306e-01 4.762480000000000047e-01 3.027119999999999811e-01 6.726729999999999654e-01 6.233809999999999629e-01
5.649110000000000520e-01 4.533659999999999912e-01 7.196609999999999951e-01 3.436799999999999855e-01 2.319370000000000043e-01
6.779680000000000151e-01 6.133560000000000123e-01 6.671479999999999633e-01 7.593539999999999734e-01 4.665110000000000090e-01
6.723770000000000024e-01 6.392280000000000184e-01 5.128559999999999786e-01 5.705789999999999473e-01 7.146569999999999867e-01
4.243230000000000057e-01 6.039269999999999916e-01 2.082150000000000112e-01 4.703769999999999896e-01 6.290919999999999845e-01
3.602850000000000219e-01 3.065060000000000007e-01 4.517599999999999949e-01 7.326340000000000074e-01 3.749250000000000083e-01
3.377589999999999759e-01 7.124519999999999742e-01 1.790009999999999935e-01 4.687089999999999868e-01 5.919379999999999642e-01
4.719209999999999794e-01 5.765270000000000117e-01 6.955540000000000056e-01 1.691229999999999956e-01 4.577519999999999922e-01
4.404440000000000022e-01 5.375309999999999810e-01 2.773559999999999914e-01 5.163640000000000452e-01 5.352740000000000276e-01
4.080659999999999843e-01 3.667730000000000157e-01 3.588149999999999951e-01 5.986979999999999524e-01 3.122809999999999753e-01
6.507680000000000131e-01 4.518590000000000106e-01 3.998619999999999952e-01 4.753189999999999915e-01 6.940199999999999703e-01
4.687140000000000195e-01 6.712270000000000181e-01 3.175120000000000164e-01 4.161020000000000274e-01 4.179590000000000249e-01
3.482779999999999765e-01 5.048820000000000530e-01 5.512989999999999835e-01 6.859239999999999782e-01 3.178509999999999946e-01
8.391450000000000298e-01 5.101799999999999669e-01 5.894209999999999727e-01 4.041500000000000092e-01 5.415759999999999463e-01
2.733059999999999934e-01 4.489440000000000097e-01 3.996129999999999960e-01 3.013919999999999932e-01 4.869979999999999865e-01
4.280160000000000076e-01 6.579099999999999948e-01 4.951289999999999858e-01 6.395779999999999799e-01 3.891910000000000092e-01
4.140220000000000011e-01 4.703640000000000043e-01 4.095630000000000104e-01 5.193149999999999711e-01 1.331050000000000011e-01
4.773290000000000033e-01 4.763000000000000012e-01 1.759070000000000078e-01 4.752339999999999898e-01 2.647840000000000193e-01
5.201710000000000500e-01 5.138239999999999474e-01 8.348539999999999850e-01 3.906330000000000080e-01 3.693359999999999976e-01
2.309440000000000104e-01 4.788649999999999851e-01 2.872979999999999978e-01 6.189270000000000049e-01 3.143830000000000235e-01
5.087369999999999948e-01 3.503649999999999820e-01 5.889539999999999775e-01 5.426010000000000000e-01 4.910749999999999837e-01
3.084060000000000135e-01 3.825410000000000199e-01 3.598660000000000192e-01 2.621319999999999761e-01 6.563330000000000553e-01
4.705369999999999830e-01 3.178880000000000039e-01 7.506159999999999499e-01 6.044650000000000301e-01 2.361979999999999913e-01
6.841000000000000414e-01 6.643339999999999801e-01 4.542970000000000064e-01 3.774950000000000250e-01 5.510669999999999735e-01
5.160770000000000080e-01 7.084160000000000457e-01 3.434599999999999875e-01 5.346349999999999714e-01 6.142830000000000235e-01
3.110899999999999777e-01 4.886929999999999885e-01 4.603869999999999907e-01 7.294370000000000021e-01 6.460540000000000171e-01
4.959509999999999752e-01 4.497619999999999951e-01 1.555529999999999968e-01 3.793429999999999858e-01 6.255009999999999737e-01
7.281269999999999687e-01 6.220879999999999743e-01 4.308089999999999975e-01 6.069219999999999615e-01 5.355499999999999705e-01
4.125920000000000143e-01 4.404290000000000149e-01 2.840659999999999852e-01 2.945490000000000053e-01 4.823999999999999955e-01
5.848410000000000553e-01 4.210389999999999966e-01 3.991919999999999913e-01 2.165940000000000087e-01 2.988950000000000218e-01
4.939169999999999949e-01 2.670620000000000216e-01 5.028500000000000192e-01 3.947539999999999938e-01 6.325079999999999592e-01
6.594569999999999599e-01 4.961439999999999739e-01 6.885569999999999746e-01 5.699579999999999647e-01 2.854329999999999923e-01
4.717830000000000079e-01 2.531519999999999881e-01 7.300759999999999472e-01 3.951500000000000012e-01 2.863390000000000102e-01
4.819760000000000155e-01 5.711070000000000313e-01 6.034089999999999732e-01 4.899370000000000114e-01 3.728219999999999867e-01
4.265829999999999900e-01 5.801399999999999890e-01 4.106710000000000083e-01 1.550819999999999976e-01 4.688800000000000190e-01
2.105869999999999964e-01 3.440619999999999790e-01 6.421329999999999538e-01 3.269230000000000191e-01 5.920640000000000347e-01
5.153029999999999555e-01 7.054510000000000502e-01 5.161050000000000360e-01 1.841810000000000114e-01 5.256009999999999849e-01
2.926300000000000012e-01 2.248840000000000006e-01 6.252900000000000125e-01 2.555839999999999779e-01 5.926620000000000221e-01
4.996329999999999938e-01 3.245759999999999756e-01 1.478829999999999867e-01 4.759030000000000205e-01 5.081299999999999706e-01
4.882759999999999878e-01 4.496589999999999754e-01 4.149610000000000243e-01 2.437229999999999952e-01 2.462399999999999867e-01
6.686720000000000441e-01 3.658799999999999830e-01 3.532779999999999809e-01 5.398020000000000040e-01 4.500100000000000211e-01
6.938919999999999533e-01 2.502809999999999757e-01 4.684030000000000138e-01 4.422889999999999877e-01 5.535729999999999817e-01
6.442949999999999511e-01 6.599810000000000398e-01 3.043620000000000214e-01 4.183729999999999949e-01 6.022440000000000015e-01
3.281549999999999745e-01 2.942670000000000008e-01 7.423359999999999959e-01 4.360990000000000144e-01 5.235790000000000166e-01
1.871029999999999915e-01 6.474950000000000427e-01 4.479409999999999781e-01 5.363470000000000182e-01 3.808000000000000274e-01
3.297590000000000243e-01 2.625270000000000103e-01 2.834749999999999770e-01 3.674259999999999748e-01 3.211629999999999763e-01
6.326060000000000016e-01 2.147010000000000030e-01 4.714929999999999954e-01 3.873579999999999801e-01 3.195080000000000142e-01
3.925449999999999773e-01 5.122109999999999719e-01 7.309160000000000101e-01 5.103980000000000183e-01 2.641439999999999899e-01
4.821369999999999822e-01 2.787259999999999738e-01 5.481319999999999526e-01 4.628090000000000259e-01 4.311119999999999952e-01
2.512409999999999921e-01 6.122769999999999602e-01 5.409329999999999972e-01 4.543519999999999781e-01 2.936730000000000174e-01
2.918870000000000076e-01 7.498390000000000333e-01 5.478969999999999674e-01 5.065319999999999823e-01 2.899789999999999868e-01
3.986609999999999876e-01 2.905650000000000177e-01 5.307530000000000303e-01 3.727449999999999930e-01 7.300050000000000150e-01
3.520329999999999848e-01 6.233999999999999542e-01 4.766190000000000149e-01 5.354440000000000310e-01 2.102439999999999864e-01
3.984329999999999816e-01 4.687220000000000275e-01 8.142070000000000141e-01 3.813630000000000075e-01 5.697330000000000449e-01
7.173519999999999897e-01 5.289660000000000473e-01 3.339349999999999818e-01 4.422920000000000185e-01 5.996939999999999493e-01
5.794190000000000174e-01 2.993179999999999730e-01 6.387040000000000495e-01 6.991509999999999669e-01 6.327720000000000011e-01
4.692919999999999869e-01 3.922039999999999971e-01 7.734079999999999844e-01 6.746940000000000159e-01 5.738189999999999680e-01
7.945060000000000455e-01 2.618219999999999992e-01 4.421780000000000155e-01 6.939650000000000540e-01 4.686819999999999875e-01
3.463260000000000227e-01 7.036759999999999682e-01 6.858830000000000204e-01 6.415969999999999729e-01 3.288440000000000252e-01
2.589159999999999795e-01 6.052429999999999755e-01 3.190620000000000123e-01 4.779189999999999827e-01 3.840140000000000220e-01
6.170390000000000041e-01 5.756930000000000103e-01 6.795510000000000161e-01 2.220090000000000119e-01 3.099979999999999958e-01
7.450729999999999853e-01 4.385200000000000209e-01 2.000609999999999888e-01 4.205010000000000137e-01 3.541940000000000088e-01
5.936029999999999918e-01 6.878800000000000470e-01 2.057730000000000115e-01 4.186130000000000129e-01 6.274159999999999737e-01
2.766370000000000218e-01 4.322309999999999763e-01 5.073229999999999684e-01 5.791150000000000464e-01 1.819679999999999909e-01
3.405489999999999906e-01 6.031809999999999672e-01 6.575130000000000141e-01 8.171859999999999680e-01 4.433909999999999796e-01
4.998119999999999785e-01 3.389179999999999970e-01 1.900620000000000087e-01 3.769569999999999865e-01 5.237410000000000121e-01
5.778389999999999915e-01 7.438129999999999464e-01 2.689730000000000176e-01 6.369120000000000337e-01 5.844949999999999868e-01
6.808680000000000287e-01 3.547699999999999743e-01 6.233469999999999844e-01 5.871600000000000152e-01 3.973590000000000177e-01
4.209820000000000229e-01 4.386070000000000246e-01 6.630909999999999860e-01 5.684649999999999981e-01 1.907040000000000124e-01
4.884020000000000028e-01 5.757229999999999848e-01 1.812610000000000054e-01 4.519179999999999864e-01 3.891769999999999952e-01
2.512360000000000149e-01 5.220630000000000548e-01 3.048489999999999811e-01 5.918029999999999680e-01 4.336019999999999874e-01
5.512139999999999818e-01 2.586829999999999963e-01 6.921910000000000007e-01 6.611329999999999707e-01 6.621120000000000339e-01
4.468809999999999727e-01 7.304410000000000069e-01 5.228530000000000122e-01 5.867919999999999803e-01 2.151540000000000119e-01
6.803559999999999608e-01 7.423359999999999959e-01 4.428380000000000094e-01 7.776140000000000274e-01 3.634859999999999758e-01
4.969709999999999961e-01 5.885409999999999808e-01 6.009010000000000185e-01 3.398909999999999987e-01 5.417969999999999731e-01
3.774210000000000065e-01 3.087630000000000097e-01 3.876669999999999838e-01 5.154809999999999670e-01 6.922209999999999752e-01
