5
310
0.941889 0.330256 0.612934 0.578837 0.510784 
0.068344   0.66 0.619475 0.5243370000000001 0.539331 
0.402977 0.837001 0.479493 0.839568 0.624068 
0.270092 0.435225 0.828592 0.147841 0.7669280000000001 
0.615744 0.802061 0.240687 0.233605 0.199076 
0.335955 0.39633 0.112841 0.515523 0.403371 
0.676333 0.12789 0.451279 0.650311 0.774958 
0.514065 0.898751 0.307891 0.722123 0.721178 
0.202488 0.219755 0.420674 0.267404 0.253415 
0.693075 0.505306 0.674892 0.906843 0.304534 
0.299182 0.346681 0.674053 0.81372 0.184055 
0.274009 0.268718 0.344157 0.239237 0.848736 
0.123537 0.283484 0.521957 0.53479 0.21641 
0.806137 0.74039 0.727456 0.355583 0.287123 
0.73498 0.807562 0.691576 0.319729 0.679598 
0.321384 0.49892 0.355036 0.09622600000000001 0.274613 
0.417468 0.392478 0.373529 0.903506 0.225256 
0.13378 0.44578 0.218025 0.354157 0.313725 
0.619852 0.8449680000000001 0.3778 0.68871 0.151032 
0.39566 0.858663 0.5438539999999999 0.550951 0.829311 
0.790193 0.775712 0.38671 0.432965 0.849836 
0.8162199999999999 0.214875 0.400942 0.639149 0.169632 
0.591032 0.466498 0.430005 0.09181499999999999 0.138414 
0.329361 0.572163 0.336819 0.9133520000000001 0.714539 
0.672534 0.272723 0.663188 0.205444 0.897548 
0.604953 0.445637 0.818007 0.23912 0.896832 
0.7771980000000001 0.374773 0.8091 0.5449619999999999 0.171409 
0.877172 0.627843 0.151632 0.474114 0.434571 
0.302179 0.726507 0.408511 0.8377 0.226772 
0.34958 0.389813 0.589048 0.137615 0.892299 
0.869851 0.5815630000000001 0.336454 0.775695 0.098019 
0.228515 0.650434 0.847944 0.397418 0.396468 
0.08523799999999999 0.590338 0.811891 0.458943 0.44869 
0.060533 0.373454 0.640228 0.316259 0.358629 
0.783796 0.267022 0.832341 0.157831 0.65774 
0.7465580000000001 0.394346 0.772046 0.777304 0.150107 
0.445731 0.408364 0.37536 0.676328 0.047506 
0.152992 0.333459 0.453095 0.167868 0.360709 
0.484487 0.773958 0.91989 0.584499 0.675005 
0.683416 0.172023 0.182348 0.721935 0.569499 
0.789227 0.541216 0.212018 0.378161 0.745733 
0.767707 0.847666 0.716646 0.670749 0.275776 
0.748818 0.380044 0.398302 0.25566 0.873854 
0.6705100000000001 0.25465 0.907859 0.378807 0.61008 
0.312303 0.878216 0.178343 0.4054 0.563846 
0.558357 0.303996 0.263271 0.787994 0.816129 
0.248778 0.216708 0.215761 0.293169 0.293948 
0.378048 0.857653 0.568482 0.483082 0.152286 
0.307295 0.703447 0.830896 0.862519 0.348923 
0.674082 0.294924 0.784959 0.809818 0.608535 
0.649591 0.676409 0.39984 0.104146 0.382879 
0.819199 0.27803 0.853416 0.360583 0.31071 
0.128847 0.52481 0.487315 0.295101 0.767236 
0.906253 0.387593 0.268608 0.486427 0.377541 
0.693733 0.570227 0.799769 0.711362 0.861047 
0.144914 0.573658 0.472581 0.670625 0.193305 
0.516293 0.344336 0.248311 0.365983 0.082021 
0.527211 0.842814 0.168993 0.270337 0.549422 
0.89155 0.282239 0.596163 0.7160530000000001 0.708164 
0.300207 0.580519 0.777376 0.35651 0.864854 
0.581095 0.467384 0.317379 0.193186 0.8715309999999999 
0.205715 0.458372 0.861575 0.495493 0.743677 
0.840731 0.168899 0.6795020000000001 0.389378 0.267793 
0.475981 0.81821 0.651605 0.529369 0.102453 
0.925301 0.528514 0.738475 0.54505 0.656925 
0.563547 0.536246 0.689185 0.128466 0.12619 
0.458546 0.779074 0.889081 0.784474 0.650554 
0.765014 0.59599 0.802492 0.478083 0.145501 
0.490713 0.413228 0.117302 0.502331 0.675983 
0.248072 0.34719 0.217036 0.727896 0.751972 
0.589789 0.5874819999999999 0.812628 0.83658 0.406772 
0.614272 0.071979 0.744663 0.556715 0.707569 
0.925589 0.36719 0.370608 0.8023130000000001 0.476937 
0.876033 0.492268 0.54963 0.638478 0.899566 
0.782257 0.396512 0.17598 0.695811 0.503609 
0.750956 0.316845 0.220848 0.794297 0.744965 
0.713935 0.112546 0.552611 0.74039 0.727167 
0.702179 0.514495 0.124313 0.334652 0.490549 
0.48935 0.507761 0.946593 0.383441 0.500282 
0.314774 0.406896 0.698215 0.901903 0.285015 
0.290693 0.670146 0.147899 0.734064 0.41361 
0.778177 0.817364 0.442041 0.389678 0.32387 
0.28713 0.799501 0.220818 0.292806 0.198114 
0.494978 0.088393 0.621777 0.206661 0.34411 
0.285154 0.578403 0.221531 0.267339 0.17088 
0.351091 0.786436 0.632338 0.697375 0.780942 
0.388752 0.762285 0.731463 0.690299 0.855058 
0.884141 0.765714 0.35518 0.5130169999999999 0.275129 
0.5832000000000001 0.835881 0.6549779999999999 0.206957 0.321962 
0.217972 0.452637 0.475909 0.60254 0.886973 
0.105515 0.388202 0.514397 0.471783 0.262223 
0.409927 0.647441 0.536599 0.618606 0.919057 
0.585997 0.8463850000000001 0.187799 0.339285 0.355034 
0.060358 0.43693 0.478277 0.398923 0.70128 
0.413555 0.61978 0.643503 0.354253 0.937673 
0.429796 0.586017 0.180829 0.1921 0.621518 
0.926015 0.527739 0.712962 0.757328 0.407537 
0.597356 0.769747 0.13963 0.76841 0.661241 
0.470351 0.18583 0.248566 0.643759 0.663953 
0.829932 0.664079 0.16882 0.362379 0.500398 
0.727764 0.5269740000000001 0.853705 0.226839 0.482009 
0.781683 0.75448 0.541752 0.228104 0.751631 
0.655376 0.906798 0.56088 0.71009 0.484572 
0.390813 0.386558 0.877711 0.682772 0.347144 
0.324637 0.171635 0.670895 0.729116 0.253091 
0.733521 0.285606 0.179952 0.455172 0.071049 
0.115468 0.665121 0.692351 0.33693 0.774189 
0.45764 0.562412 0.466812 0.713031 0.913408 
0.526297 0.474423 0.623626 0.278513 0.962168 
0.420105 0.711704 0.612529 0.766875 0.861513 
0.58596 0.223641 0.725997 0.823797 0.564037 
0.452685 0.268752 0.90663 0.728533 0.447637 
0.068338 0.56246 0.264022 0.415207 0.382737 
0.575993 0.71049 0.211446 0.767606 0.156489 
0.6486769999999999 0.312534 0.751776 0.096593 0.436752 
0.663448 0.570711 0.940414 0.530926 0.27056 
0.465173 0.166199 0.309742 0.833076 0.502026 
0.341112 0.073878 0.666483 0.573179 0.426682 
0.09730900000000001 0.465912 0.590717 0.179175 0.394167 
0.520448 0.162773 0.727927 0.263675 0.59285 
0.601572 0.614613 0.800161 0.304108 0.136872 
0.5776 0.731492 0.185739 0.723199 0.797312 
0.740269 0.700638 0.619974 0.910018 0.675504 
0.596409 0.844956 0.17829 0.527415 0.260159 
0.157945 0.579607 0.447366 0.872456 0.36153 
0.227237 0.165548 0.364236 0.71177 0.723513 
0.228264 0.439589 0.177176 0.799101 0.490039 
0.65239 0.715267 0.494068 0.794556 0.105379 
0.838476 0.260619 0.225047 0.358869 0.511151 
0.175008 0.36124 0.35522 0.182438 0.2283 
0.373114 0.926783 0.442469 0.583293 0.41338 
0.674631 0.526909 0.759853 0.847879 0.304152 
0.08230800000000001 0.346447 0.735081 0.502636 0.8034210000000001 
0.098436 0.41842 0.392316 0.65072 0.643935 
0.725714 0.075171 0.405695 0.5088510000000001 0.262879 
0.572244 0.706653 0.709336 0.802872 0.864479 
0.92244 0.45627 0.526238 0.483503 0.229656 
0.641416 0.282399 0.276859 0.170786 0.398728 
0.506356 0.320607 0.449342 0.088615 0.360473 
0.065358 0.471544 0.247014 0.5616950000000001 0.409641 
0.68904 0.6945750000000001 0.715606 0.198059 0.770697 
0.5440430000000001 0.725835 0.106138 0.856331 0.356777 
0.7583259999999999 0.182819 0.646267 0.816136 0.803084 
0.49857 0.462493 0.111693 0.227084 0.6052920000000001 
0.902709 0.822434 0.656012 0.587711 0.652644 
0.064453 0.259916 0.403543 0.344475 0.584529 
0.370544 0.740596 0.192135 0.21363 0.474021 
0.566306 0.899165 0.259264 0.454014 0.612746 
0.122597 0.488596 0.824825 0.830933 0.490217 
0.8934609999999999 0.391555 0.863418 0.471871 0.732258 
0.681785 0.75348 0.746105 0.794002 0.795224 
0.813735 0.440745 0.592958 0.848531 0.263026 
0.596329 0.503235 0.866042 0.573399 0.116142 
0.221969 0.6280790000000001 0.118317 0.560505 0.413651 
0.229406 0.625777 0.434053 0.134356 0.115447 
0.31988 0.217689 0.704896 0.181337 0.723515 
0.62592 0.831951 0.602651 0.763298 0.750153 
0.317032 0.358713 0.897386 0.364819 0.512341 
0.340903 0.563133 0.5770149999999999 0.893355 0.609154 
0.49274 0.487494 0.313951 0.5751810000000001 0.071398 
0.634961 0.783266 0.352325 0.530917 0.115136 
0.097121 0.316816 0.7309020000000001 0.265683 0.340585 
0.20614 0.591787 0.162418 0.766855 0.534269 
0.766543 0.28924 0.259489 0.23516 0.332794 
0.27634 0.451436 0.280495 0.284806 0.7342109999999999 
0.155479 0.138598 0.413796 0.666772 0.439138 
0.75437 0.699159 0.760491 0.568205 0.820217 
0.385026 0.123806 0.807916 0.648821 0.727156 
0.699973 0.442393 0.298681 0.932372 0.372651 
0.412586 0.340642 0.177267 0.326691 0.693218 
0.517172 0.105236 0.699025 0.517093 0.787385 
0.871525 0.718777 0.493168 0.673549 0.337957 
0.303492 0.79535 0.452743 0.258858 0.6206700000000001 
0.61148 0.138776 0.410575 0.538154 0.761849 
0.747618 0.210536 0.470647 0.156514 0.528571 
0.636173 0.164251 0.562554 0.8414740000000001 0.645634 
0.168254 0.842368 0.671825 0.356176 0.253895 
0.748997 0.399794 0.333092 0.279991 0.816706 
0.138885 0.23563 0.229585 0.633748 0.404473 
0.070128 0.635589 0.344936 0.334349 0.402008 
0.481668 0.399826 0.878355 0.517691 0.839503 
0.613889 0.624576 0.257102 0.114264 0.435639 
0.732241 0.780958 0.563329 0.866086 0.306511 
0.750454 0.885717 0.24474 0.337645 0.800047 
0.436932 0.521111 0.305238 0.129208 0.605727 
0.744754 0.07606400000000001 0.401456 0.27705 0.374103 
0.755897 0.358576 0.57963 0.8434739999999999 0.262989 
0.058096 0.427714 0.580968 0.326574 0.733886 
0.59229 0.611814 0.752161 0.573743 0.899446 
0.772687 0.553275 0.899845 0.696986 0.249891 
0.719448 0.756612 0.38596 0.827079 0.723701 
0.167836 0.825824 0.624772 0.53909 0.485722 
0.540898 0.876977 0.356428 0.487726 0.205042 
0.577135 0.902563 0.38474 0.318063 0.686796 
0.478276 0.379021 0.200685 0.9092209999999999 0.272495 
0.415139 0.243813 0.758107 0.496693 0.926505 
0.7766459999999999 0.09475 0.455263 0.601433 0.281283 
0.518617 0.400164 0.562491 0.782464 0.872907 
0.94682 0.207805 0.5719959999999999 0.539565 0.466341 
0.246254 0.794351 0.658936 0.736136 0.231515 
0.364455 0.393318 0.493669 0.092429 0.457427 
0.626907 0.4288 0.845397 0.588915 0.896714 
0.182826 0.763389 0.279136 0.436731 0.130101 
0.612391 0.455208 0.676567 0.066244 0.370877 
0.338125 0.859744 0.718538 0.469475 0.465909 
0.496913 0.613751 0.306312 0.185801 0.750566 
0.7627620000000001 0.7416970000000001 0.695699 0.613087 0.157469 
0.581222 0.590177 0.100884 0.558357 0.298713 
0.64418 0.733935 0.249314 0.215397 0.180728 
0.678091 0.68271 0.310636 0.8513849999999999 0.230592 
0.059942 0.452834 0.786894 0.321503 0.496554 
0.854842 0.33704 0.638501 0.281712 0.736815 
0.649867 0.306309 0.129936 0.833834 0.251972 
0.386572 0.12212 0.476358 0.145751 0.637941 
0.821097 0.173929 0.216726 0.514869 0.404356 
0.62546 0.105947 0.655103 0.323755 0.347521 
0.44965 0.269868 0.664668 0.07917200000000001 0.638135 
0.279555 0.47259 0.812415 0.263412 0.171906 
0.225435 0.8893720000000001 0.666946 0.368149 0.485219 
0.208933 0.534569 0.498759 0.64633 0.86775 
0.378762 0.853645 0.217863 0.6303609999999999 0.480393 
0.317048 0.62013 0.522585 0.093791 0.344048 
0.6176430000000001 0.719294 0.176008  0.168 0.572981 
0.444769 0.235352 0.561531 0.656935 0.098839 
0.485128 0.548685 0.75512 0.299277 0.943276 
0.68115 0.083494 0.281094 0.345251 0.641668 
0.516895 0.454823 0.208386 0.345856 0.796296 
0.7734490000000001 0.350422 0.546447 0.138678 0.757403 
0.679627 0.494037 0.278243 0.425958 0.072425 
0.796787 0.600857 0.604955 0.485802 0.869935 
0.478843 0.910537 0.389806 0.474173 0.42596 
0.11738 0.803214 0.624053 0.453517 0.254818 
0.338458 0.458275 0.222984 0.691865 0.168579 
0.033876 0.357571 0.696805 0.209949 0.618899 
0.5217270000000001 0.670943 0.536555 0.875156 0.7499479999999999 
0.256313 0.844616 0.458154 0.188817 0.442273 
0.442227 0.515922 0.093344 0.833081 0.5946979999999999 
0.177165 0.620135 0.615438 0.6581090000000001 0.84559 
0.530575 0.368288 0.820052 0.617966 0.149581 
0.937558 0.530981 0.20441 0.526475 0.465559 
0.390629 0.295486 0.239057 0.827139 0.72564 
0.371205 0.840399 0.580934 0.75107 0.234173 
0.576615 0.168852 0.894666 0.648445 0.410478 
0.889656 0.450392 0.738111 0.435724 0.207198 
0.093796 0.434513 0.855272 0.563432 0.608267 
0.145756 0.723233 0.375126 0.734413 0.278214 
0.413177 0.267288 0.314698 0.137545 0.715894 
0.176402 0.792137 0.446875 0.620238 0.339258 
0.242372 0.5503479999999999 0.701112 0.593213 0.136294 
0.349251 0.869429 0.489417 0.634367 0.811196 
0.822007 0.468243 0.756929 0.702319 0.868112 
0.665361 0.723486 0.637006 0.163097 0.178836 
0.529459 0.615486 0.468193 0.927428 0.275229 
0.823733 0.473511 0.295877 0.808879 0.828782 
0.453493 0.86058 0.768702 0.579034 0.830894 
0.592106 0.520351 0.536618 0.937844 0.345435 
0.727089 0.185266 0.763413 0.684495 0.30493 
0.630267 0.893339 0.343238 0.793506 0.446946 
0.630007 0.531961 0.674652 0.882422 0.863879 
0.353928 0.462439 0.217898 0.217065 0.210681 
0.210237 0.460424 0.347603 0.158251 0.723738 
0.673721 0.235545 0.809396 0.523636 0.751497 
0.510996 0.305141 0.509408 0.624328 0.08815199999999999 
0.714558 0.584658 0.347725 0.219779 0.829437 
0.055593 0.353458 0.5618840000000001 0.5830610000000001 0.5120209999999999 
0.65915 0.338754 0.443077 0.797159 0.856098 
0.445204 0.550777 0.905176 0.28567 0.2569 
0.087952 0.213273 0.484102 0.301277 0.565273 
0.731379 0.279964 0.351021 0.612121 0.913378 
0.141201 0.163247 0.691719 0.723841 0.588897 
0.691903 0.8107799999999999 0.775599 0.494701 0.435757 
0.68332 0.5518150000000001 0.360984 0.06374 0.277838 
0.600602 0.324636 0.154088 0.763174 0.661984 
0.782518 0.781564 0.746374 0.312995 0.503325 
0.7493 0.479632 0.170629 0.759653 0.481883 
0.380716 0.701622 0.153101 0.172093 0.362588 
0.564187 0.28657 0.389592 0.865849 0.32335 
0.835951 0.835108 0.658493 0.292891 0.612714 
0.220629 0.119629 0.596525 0.7884 0.641842 
0.185845 0.493351 0.751159 0.731616 0.26242 
0.486056 0.135925 0.491657 0.282725 0.764169 
0.718554 0.735548 0.356092 0.843849 0.570651 
0.646079 0.642966 0.333032 0.275414 0.8892949999999999 
0.255267 0.26922 0.782681 0.518555 0.352417 
0.254757 0.706577 0.44558 0.870069 0.250683 
0.132779 0.616096 0.726083 0.270204 0.325739 
0.245879 0.48683 0.146262 0.227608 0.413393 
0.407487 0.636663 0.398319 0.548695 0.911718 
0.329376 0.819789 0.192436 0.265747 0.404713 
0.458889 0.545135 0.09142 0.49439 0.217948 
0.07345400000000001 0.538155 0.771899 0.298779 0.5795169999999999 
0.861236 0.801253 0.663619 0.451801 0.420212 
0.188808 0.29174 0.28026  0.325 0.269535 
0.9295330000000001 0.657673 0.5091599999999999 0.444077 0.598597 
0.368784 0.157335 0.324457 0.142815 0.283808 
0.226164 0.135636 0.631717 0.262422 0.527246 
  0.79 0.5217810000000001 0.578223 0.186183 0.177737 
0.541652 0.550976 0.255934 0.479672 0.852728 
0.477014 0.168942 0.403332 0.793252 0.181622 
0.8264010000000001 0.317151 0.355909 0.762467 0.775779 
0.5222059999999999 0.724496 0.603612 0.908644 0.577901 
0.736216 0.5876209999999999 0.14516 0.7012699999999999 0.238972 
0.134018 0.446526 0.756871 0.727599 0.757363 
0.743818 0.35612 0.310183 0.249758 0.681573 
0.050664 0.50608 0.680995 0.48085 0.652722 
0.19964 0.348938 0.596491 0.220034 0.104592 
0.871314 0.171037 0.624576 0.247366 0.481256 
0.729967 0.554764 0.912381 0.391785 0.722859 
0.814756 0.601945 0.894069 0.618326 0.21195 
0.452293 0.683887 0.08935800000000001 0.834203 0.44479 
