5
322
0.623777 0.816737 0.903006 0.8149380000000001 0.66337 
0.08359 0.900049 0.120569 0.403012 0.424535 
0.571701 0.5760110000000001 0.017261 0.09812800000000001 0.22942 
0.559768 0.019899 0.435018 0.349207 0.130291 
0.797629 0.756529 0.975437 0.166136 0.243297 
0.469071 0.6698809999999999 0.691376 0.960588 0.6086240000000001 
0.151072 0.069526 0.525297 0.673305 0.24461 
0.760401 0.064313 0.913461 0.533128 0.290406 
0.271276 0.332321 0.320455 0.892537 0.877069 
0.90216 0.5954970000000001 0.522991 0.915082 0.786362 
0.385487 0.886195 0.274641 0.8975070000000001 0.394251 
0.739083 0.772526 0.843857 0.70143 0.93489 
0.121708 0.538399 0.869629 0.853895 0.414112 
0.262186 0.5677450000000001 0.084602 0.909074 0.8009269999999999 
0.08634699999999999 0.238447 0.582758 0.417086 0.9602270000000001 
0.434319 0.599511 0.9751030000000001 0.549839 0.148072 
0.806023 0.820166 0.5365220000000001 0.322967 0.101305 
0.636118 0.234345 0.63718 0.08390599999999999 0.212909 
0.736297 0.942553 0.493194 0.117069 0.584411 
0.714476 0.201879 0.988241 0.360243 0.606829 
0.930771 0.464216 0.086618 0.794028 0.230018 
0.257115 0.333379 0.099094 0.47283 0.861943 
0.677291 0.233322 0.436307 0.017747 0.279736 
0.517767 0.113479 0.249436 0.269036 0.696337 
0.328725 0.882399 0.475817 0.049953 0.552099 
0.435391 0.617221 0.6402099999999999 0.01049 0.308784 
0.943085 0.425437 0.326215 0.694238 0.055764 
0.254428 0.16921 0.908949 0.703272 0.898793 
0.019417 0.348594 0.8234399999999999 0.55445 0.639122 
0.729352 0.213265 0.351414 0.209617 0.03264 
0.014298 0.303604 0.679987 0.541355 0.554074 
0.324338 0.14961 0.502999 0.9059700000000001 0.636439 
0.914364 0.7203310000000001 0.60444 0.826887 0.486503 
0.903088 0.192864 0.469427 0.651818 0.100526 
0.021214 0.545779 0.909834 0.573554 0.721634 
0.51051 0.148202 0.828169 0.044535 0.491956 
0.852337 0.232567 0.752017 0.14605 0.66679 
0.692063 0.509484 0.898782 0.833111 0.091547 
0.9768289999999999 0.558676 0.668252 0.315566 0.720669 
0.536388 0.070796 0.866625 0.359366 0.861832 
0.750273 0.835084 0.261837 0.694712 0.023775 
0.284107 0.979724 0.221138 0.671244 0.596882 
0.574982 0.721251 0.058616 0.15795 0.668264 
0.906717 0.192635 0.616278 0.784119 0.687855 
0.661369 0.636217 0.899319 0.854692 0.804545 
0.983324 0.73353 0.433877 0.163348 0.398001 
0.675971 0.038521 0.422912 0.884534 0.370614 
0.884279 0.071769 0.227532 0.132412 0.453801 
0.028606 0.7740359999999999 0.219466 0.565758 0.69436 
0.115109 0.633237 0.809037 0.492245 0.155064 
0.160889 0.057248 0.163295 0.49292 0.510288 
0.121294 0.595635 0.829305 0.128181 0.340733 
0.250197 0.067819 0.834336 0.691929 0.247789 
0.582613 0.984681 0.541824 0.431409 0.686558 
0.973664 0.364582 0.523632 0.684988 0.594315 
0.251619 0.966608 0.781117 0.238311 0.298233 
0.713924 0.921606 0.425194 0.237344 0.039898 
0.746593 0.98231 0.679918 0.382739 0.699917 
0.490874 0.123562 0.705639 0.67025 0.885869 
0.804526 0.665089 0.143988 0.010265 0.531684 
0.800879 0.374185 0.922956 0.115584 0.618098 
0.480032 0.89917 0.34764 0.778718 0.908044 
0.829766 0.872874 0.400519 0.524666 0.058698 
0.8528019999999999 0.035144 0.665284 0.428066 0.502313 
0.370168  0.409 0.06922499999999999 0.463131 0.848094 
0.675862 0.205155 0.038351 0.5597839999999999 0.28396 
0.51999 0.472778 0.985742 0.36422 0.439475 
0.260788 0.061683 0.70403 0.637759 0.814102 
0.62032 0.725871 0.721251 0.06879 0.157075 
0.955183 0.752601 0.966954 0.597166 0.572503 
0.933212 0.498473 0.838263 0.679906 0.187753 
0.567464 0.361443 0.774694 0.27822 0.038858 
0.081886 0.255318 0.132907 0.766829 0.099491 
0.146376 0.133893 0.335527 0.200813 0.059649 
0.515929 0.223982 0.461841 0.158736 0.8818049999999999 
0.350764 0.291323 0.268224 0.043713 0.681114 
0.335111 0.215622 0.952975 0.653764 0.808237 
0.047106 0.705755 0.620941 0.153413 0.408662 
0.791333 0.9317839999999999 0.486178 0.19894 0.5895359999999999 
0.473735 0.060431 0.668816 0.789206 0.187847 
0.149345 0.042258 0.233626 0.560184 0.018418 
0.578407 0.27979 0.434634 0.896898 0.168536 
0.144232 0.113333 0.7955719999999999 0.174018 0.714826 
0.083662 0.108315 0.450454 0.775074 0.666501 
0.237707 0.142705 0.445143 0.522572 0.865183 
0.06329899999999999 0.869295 0.248102 0.842599 0.559026 
0.278522 0.125513 0.488836 0.867215 0.282349 
0.632215 0.632888 0.953958 0.179103 0.190213 
0.831214 0.211286 0.087936 0.933207 0.404353 
0.964822 0.770302 0.461267 0.508667 0.158268 
0.631616 0.577577 0.33529 0.216753 0.959368 
0.09303400000000001 0.622425 0.103033 0.671181 0.537653 
0.509579 0.491605 0.403754 0.886721 0.113594 
0.176218 0.6886370000000001 0.926213 0.863353 0.381344 
0.118482 0.329733 0.823843 0.327374 0.177906 
0.832334 0.045146 0.776666 0.428067 0.518122 
0.0765 0.731751 0.5424909999999999 0.6529509999999999 0.145651 
0.271401 0.428951 0.373134 0.269116 0.036861 
0.515692 0.2288 0.446363 0.020678 0.538411 
0.886266 0.474995 0.242688 0.849332 0.728255 
0.043928 0.306038 0.584013 0.504205 0.167391 
0.9627289999999999 0.589465 0.136753 0.399311 0.2207 
0.115416 0.793452 0.539658 0.038565 0.157096 
0.312902 0.950284 0.419416 0.118746 0.7646230000000001 
0.259972 0.349493 0.922314 0.333007 0.8504660000000001 
0.782012 0.283465 0.201413 0.141601 0.889229 
0.266849 0.937735 0.5122719999999999 0.76251 0.506253 
0.092448 0.780977 0.8859629999999999 0.379864 0.380313 
0.916872 0.86072 0.117834 0.435372 0.301983 
0.429641 0.983718 0.34012 0.400049 0.618053 
0.100174 0.618995 0.456767 0.888095 0.218648 
0.248599 0.210318 0.815975 0.087122 0.266871 
0.272836 0.557326 0.98093 0.497625 0.588925 
0.065177 0.422923 0.069323 0.10933 0.506452 
0.945236 0.589556 0.663818 0.789458 0.419956 
0.926763 0.102883 0.158666 0.69845 0.845407 
0.607846 0.07398399999999999 0.44778 0.836836 0.709224 
0.55066 0.9390039999999999 0.836382 0.065437 0.791767 
0.224958 0.867891 0.641745 0.805272 0.205507 
0.419096 0.750287 0.07653600000000001 0.334139 0.874507 
0.213746 0.427585 0.420882 0.765509 0.909355 
0.529502 0.341452 0.781884 0.121509 0.202816 
0.871538 0.933744 0.441595 0.884934 0.08113099999999999 
0.92814 0.241841 0.6277470000000001 0.546522 0.389144 
0.290402 0.780794 0.808588 0.9323399999999999 0.833994 
0.933098 0.5863660000000001 0.052015 0.210009 0.622122 
0.887828 0.720646 0.899848 0.74126 0.359159 
0.07764500000000001 0.974156 0.635301 0.501235 0.254956 
0.046128 0.27747 0.439076 0.555225 0.668642 
0.541621 0.021937 0.696069 0.826708 0.479761 
0.63087 0.024973 0.7184160000000001 0.418958 0.433878 
0.141594 0.767317 0.302723 0.873631 0.119167 
0.027508 0.321695 0.734832 0.319144 0.857223 
0.171534 0.968354 0.130221 0.626906 0.413414 
0.242106 0.068852 0.190555 0.651645 0.191002 
0.175525 0.043634 0.352017 0.347958 0.135703 
0.481415 0.138165 0.132729 0.774018 0.917767 
0.511193 0.627161 0.696652 0.637414 0.016399 
0.610704 0.103637 0.831373 0.89422 0.162476 
0.202524 0.820828 0.654341 0.511754 0.042197 
0.791833 0.338627 0.30053 0.012277 0.343094 
0.528447 0.614217 0.141783 0.952391 0.841751 
0.793156 0.5653280000000001 0.46195 0.992783 0.710154 
0.552926 0.026014 0.219305 0.854688 0.741472 
0.9202900000000001 0.310238 0.172463 0.592182 0.805918 
0.256525 0.416837 0.7769470000000001 0.148447 0.956587 
0.059493 0.903159 0.385712 0.669869 0.481395 
0.801732 0.71783 0.568033 0.924546 0.850328 
0.759724 0.676586 0.380974 0.03149 0.250551 
0.016149 0.420223 0.694194 0.318105 0.395435 
0.133051 0.18481 0.093751 0.677484 0.468101 
0.479651 0.492606 0.224257 0.084838 0.8725039999999999 
0.167599 0.830189 0.980102 0.575923 0.54062 
0.20595 0.395255 0.052069 0.129506 0.6022380000000001 
0.431312 0.058587 0.666814 0.145907 0.251041 
0.47933 0.09803000000000001 0.59457 0.937145 0.592271 
0.300661 0.204318 0.972949 0.346151 0.755412 
0.396684 0.07502399999999999 0.923295 0.827057 0.344364 
0.060611 0.681154 0.157711 0.653939 0.750522 
0.77933 0.198828 0.698271 0.833327 0.72872 
0.856949 0.747378 0.177114 0.761536 0.130851 
0.459886 0.311371 0.206514 0.885996 0.929315 
0.244454 0.535737 0.132443 0.970858 0.204117 
0.509621 0.205385 0.913108 0.603315 0.922926 
0.863517 0.136798 0.160543 0.243664 0.263506 
0.080163 0.295201 0.435458 0.747373 0.091431 
0.685831 0.763784 0.918988 0.438502 0.907425 
0.9353129999999999 0.800306 0.736981 0.447543 0.856361 
0.823083 0.558762 0.118079 0.5592819999999999  0.851 
0.404549 0.256069 0.750963 0.434225 0.024595 
0.069705 0.535405 0.5535409999999999 0.363184 0.039875 
0.935463 0.3296 0.593202 0.953149 0.571395 
0.437968 0.9331930000000001 0.181685 0.583212 0.04328 
0.9309539999999999 0.537389 0.898351 0.5802890000000001 0.918671 
0.096982 0.972404 0.19185 0.424604 0.317617 
0.181871 0.710645 0.806498 0.804323 0.258012 
0.303676 0.882837 0.84709 0.047253 0.180414 
0.211863 0.778264 0.287125 0.712504 0.046765 
0.8494699999999999 0.045471 0.222739 0.5764 0.548835 
0.2746 0.207111 0.919808 0.213679 0.30526 
0.507449 0.6954900000000001 0.104487 0.109355 0.9372549999999999 
0.779183 0.728575 0.163123 0.614272 0.07028 
0.174324 0.867418 0.696477 0.695051 0.727257 
0.495108 0.275981 0.40663 0.228294 0.935734 
0.305874 0.820866 0.298874 0.174758 0.162901 
0.839898 0.162468 0.6031029999999999 0.346932 0.893797 
0.016562 0.351006 0.350164 0.212071 0.275462 
0.28505 0.839118 0.052721 0.074167 0.517462 
0.431992 0.489821 0.417865 0.057531 0.926979 
0.441907 0.127098 0.143931 0.0553 0.422313 
0.8107839999999999 0.848917 0.7407 0.946416 0.408842 
0.750644 0.07543999999999999 0.9172129999999999 0.598364 0.706464 
0.664685 0.361211 0.865407 0.889967 0.669211 
0.677577 0.030354 0.15587 0.699091 0.6223959999999999 
0.7312380000000001 0.917809 0.615804 0.8137760000000001 0.130561 
0.333605 0.901629 0.685653 0.774995 0.347688 
0.859325 0.6711510000000001 0.031999 0.808248 0.221368 
0.252355 0.330745 0.836515 0.304342 0.069897 
0.258423 0.323559 0.057018 0.304895 0.363366 
0.086446 0.901903 0.281939 0.550292 0.752517 
0.888369 0.819129 0.103151 0.663735 0.400825 
0.970691 0.406292 0.545982 0.319266 0.906354 
0.843734 0.639135 0.938488 0.16604 0.636833 
0.377293 0.155886 0.972904 0.603452 0.213931 
0.161701 0.701568 0.249312 0.188318 0.059981 
0.09776600000000001 0.158326 0.978078 0.560675 0.270432 
0.152834 0.680485 0.905208 0.831356 0.5976399999999999 
0.9292859999999999 0.507216 0.783965 0.096426 0.636586 
0.344304 0.7173079999999999 0.790133 0.7721209999999999 0.033061 
0.65129 0.226119 0.387216 0.9361120000000001 0.236671 
0.73243 0.953925 0.613398 0.37581 0.242995 
0.017225 0.497446 0.572642 0.401626 0.131749 
0.30848 0.616031 0.636042 0.950147 0.127675 
0.829009 0.147362 0.719292 0.138488 0.575843 
0.201067 0.329669 0.743913 0.954139 0.221917 
0.327304 0.993956 0.421992 0.413806 0.837129 
0.622173 0.8605930000000001 0.982362 0.560651 0.85619 
0.740129 0.342412 0.916727 0.425545 0.135053 
0.839371 0.313435 0.903721 0.832892 0.407785 
0.271247 0.851618 0.13797 0.858043 0.127316 
0.6131259999999999 0.8050929999999999 0.201653 0.174983 0.940651 
0.514485 0.952423 0.370211 0.130858 0.325577 
0.874569 0.8827660000000001 0.656308 0.572787 0.830642 
0.594291 0.243092 0.646925 0.874146 0.780094 
0.199328 0.09878199999999999 0.233608 0.257351 0.295244 
0.361927 0.91472 0.706298 0.7555500000000001 0.535146 
0.129597 0.137435 0.867486 0.830111 0.680588 
0.140423 0.08909400000000001 0.396644 0.387375 0.6186160000000001 
0.921366 0.397729 0.62849 0.029886 0.291206 
0.895041 0.9575939999999999 0.283012 0.578873 0.123612 
0.552045 0.218962 0.090254 0.898993 0.37628 
0.142071 0.79142 0.393084 0.564291 0.046674 
0.683975 0.562922 0.03203 0.326064 0.156045 
0.416919 0.155124 0.163713 0.520194 0.895649 
0.168924 0.107487 0.533322 0.544837 0.08078299999999999 
0.724571 0.869629 0.855867 0.561635 0.395696 
0.136171 0.63309 0.34485 0.898883 0.530134 
0.956302 0.563178 0.330765 0.166193 0.202129 
0.188489 0.9288459999999999 0.115539 0.867651 0.605037 
0.598063 0.653173 0.881005 0.04434 0.224502 
0.199505 0.075393 0.132111 0.385147 0.158568 
0.05438 0.965327 0.257655 0.404845 0.233953 
0.045734 0.643354 0.854503 0.636603 0.380515 
0.322422 0.950777 0.706523 0.536477 0.572136 
0.940608 0.798732 0.295546 0.241075 0.741693 
0.840652 0.831983 0.131456 0.37703 0.734958 
0.30914 0.718096 0.039261 0.857526 0.437714 
0.555411 0.790565 0.025036 0.7843909999999999 0.260317 
0.738706 0.436556 0.191323 0.567557 0.923539 
0.956036 0.091128 0.586318 0.240248 0.8475470000000001 
0.726893 0.898105 0.445477 0.137514 0.20437 
0.852006 0.670515 0.345201 0.800067 0.732385 
0.5238080000000001 0.646384 0.783357 0.878436 0.873453 
0.4529 0.888385 0.081344 0.145205 0.46445 
0.228832 0.977132 0.650394 0.180151 0.804106 
0.6447079999999999 0.60237 0.030873 0.875032 0.660417 
0.81538 0.098492 0.350158 0.09753199999999999 0.219932 
0.400791 0.094835 0.892395 0.490856 0.819781 
0.06639200000000001 0.849669 0.380999 0.444206 0.764271 
0.259613 0.310486 0.339614 0.887479 0.859721 
0.7181650000000001 0.195677 0.749564 0.924516 0.347414 
0.465042 0.958326 0.578942 0.282447 0.08926000000000001 
0.187809 0.497988 0.678302 0.225081 0.9443049999999999 
0.070633 0.128749 0.889553 0.718784 0.6078710000000001 
0.378724 0.210216 0.101687 0.050008 0.477097 
0.581095 0.46585 0.535973 0.094543 0.976105 
0.872756 0.401977 0.035086 0.683622 0.643299 
0.575228 0.850787 0.183303 0.772574 0.6584719999999999 
0.847485 0.688256 0.51824 0.063169 0.678507 
0.638165 0.631402 0.978363 0.342665 0.174365 
0.560748 0.497591 0.014939 0.08379399999999999 0.328593 
0.773878 0.567501 0.986246 0.830935 0.517907 
0.054948 0.51864 0.779516 0.33062 0.728036 
0.748703 0.446179 0.937003 0.202967 0.260856 
0.385731 0.9758559999999999 0.214298 0.703014 0.562038 
0.063014 0.07885300000000001 0.283357 0.380937 0.399777 
0.340203 0.797416 0.163975 0.92147 0.143878 
0.174651 0.366069 0.515671 0.882319 0.136944 
0.617459 0.63842 0.931092 0.866102 0.572599 
0.429041 0.896537 0.099578 0.612826 0.763871 
0.563528 0.220014 0.773317 0.139817 0.908959 
0.151387 0.355597 0.515089 0.108812 0.799413 
0.735945 0.022875 0.46715 0.385889 0.632228 
0.109255 0.245413 0.656046 0.170806 0.744012 
0.602795 0.183141 0.050407  0.185 0.300481 
0.181571 0.659185 0.9249810000000001 0.14956 0.658213 
0.581098 0.517144 0.634636 0.331824 0.96907 
0.154952 0.283045 0.143436 0.733498 0.897567 
0.516951 0.399826 0.870153 0.666089 0.965125 
0.862944 0.494625 0.158635 0.175061 0.255825 
0.650556 0.893186 0.77298 0.468501 0.103084 
0.529906 0.126844 0.860364 0.135404 0.7393420000000001 
0.183999 0.477231 0.81369 0.682808 0.947403 
0.27371 0.242733 0.61814 0.07979700000000001 0.155116 
0.164958 0.450394 0.77016 0.082966 0.410992 
0.546144 0.0381 0.344728 0.845862 0.40601 
0.189733 0.835004 0.905965 0.5621429999999999 0.935337 
0.403429 0.433737 0.817394 0.946005 0.50247 
0.884531 0.319719 0.518954 0.055561 0.820505 
0.233125 0.127436 0.813987 0.6835909999999999 0.121742 
0.723322  0.878 0.541257 0.901419 0.147305 
0.923019 0.184721 0.600723 0.345177 0.396391 
0.659372 0.06579699999999999 0.842396 0.141274 0.387322 
0.424643 0.966743 0.057558 0.371673 0.707089 
0.580318 0.408116 0.207177 0.018043 0.2538 
0.339958 0.675447 0.236329 0.9771919999999999 0.668347 
0.804298 0.830089 0.31242 0.846337 0.38054 
0.324757 0.195941 0.182874 0.556912 0.027014 
0.660972 0.962789 0.600436 0.530536 0.7168060000000001 
0.401382 0.022123 0.815926 0.261347 0.451769 
0.8737819999999999 0.658934 0.701034 0.284535 0.176587 
0.89883 0.634954 0.664094 0.426425 0.9286759999999999 
0.104742 0.404803 0.531513 0.134634 0.798871 
0.629213 0.178743 0.136665 0.926983 0.805844 
0.224653 0.737361 0.833954 0.269939 0.863425 
0.957807 0.857455 0.254398 0.6751549999999999 0.322997 
0.861468 0.6949109999999999 0.37091 0.87762 0.154094 
0.860213 0.599019 0.709885 0.043302 0.7686460000000001 
0.212821 0.889471 0.347041 0.716668 0.03534 
0.963637 0.845039 0.564904 0.340416 0.366303 
0.744912 0.7384540000000001 0.189302 0.606765 0.893281 
0.081746 0.899479 0.548685 0.7419790000000001 0.44733 
