5
1311
0.274326 0.595001 0.175104 0.974888 0.947917 
0.016565 0.416027 0.166108 0.781088 0.740758 
0.91489 0.552436 0.787587 0.966616 0.912279 
0.444314 0.588324 0.961803 0.030698 0.934688 
0.308025 0.968988 0.773238 0.8127 0.046224 
0.11295 0.344656 0.62599 0.005586 0.877824 
0.698536 0.292503 0.093505 0.544832 0.991374 
0.529259 0.262865 0.968198 0.497532 0.024966 
0.591821 0.740263 0.596367 0.142023 0.980311 
0.456595 0.998373 0.65267 0.426092 0.324893 
0.137423 0.674894 0.948221 0.74482 0.18452 
0.945271 0.17734 0.5463209999999999 0.015971 0.420814 
0.606828 0.962575 0.990077 0.228101 0.6924400000000001 
0.981788 0.911481 0.2595 0.409484 0.205487 
0.121788 0.888056 0.561194 0.991708 0.629362 
0.206047 0.02404 0.038849 0.931134 0.574443 
0.196892 0.168781 0.69684 0.789969 0.015916 
0.89866 0.78225 0.271854 0.04209 0.41424 
0.06833500000000001 0.51367 0.257451 0.971628 0.157815 
0.074381 0.116786 0.816869 0.116373 0.885265 
0.041654 0.083248 0.152003 0.718218 0.09654699999999999 
0.397229 0.227822 0.998849 0.650468 0.417946 
0.008056000000000001 0.401823 0.442084 0.109806 0.510371 
0.812784 0.452372 0.018627 0.069899 0.7882710000000001 
0.579526 0.09662800000000001 0.028676 0.950183 0.718268 
0.041284 0.864713 0.223981 0.442204 0.130426 
0.574752 0.86307 0.612119 0.891057 0.995429 
0.859351 0.105139 0.065427 0.634574 0.288483 
0.332735 0.270608 0.104533 0.894207 0.941263 
0.09755800000000001 0.663374 0.331867 0.692391 0.008869999999999999 
0.14369 0.991982 0.238851 0.372791 0.497474 
0.048079 0.05918 0.643862 0.386694 0.160169 
0.971258 0.936923 0.871333 0.500817 0.232355 
0.7302920000000001 0.022132 0.975036 0.42458 0.907969 
0.014701 0.072537 0.134499 0.517258 0.549373 
0.240975 0.061144 0.652936 0.895763 0.081853 
0.949954 0.879403 0.122342 0.203228 0.651238 
0.101672 0.79371 0.877611 0.01455 0.54145 
0.156124 0.978033 0.803458 0.7263540000000001 0.826701 
0.939489 0.992718 0.618266 0.189951 0.505093 
0.381327 0.959722 0.047398 0.623947 0.677001 
0.360749 0.114014 0.233834 0.046002 0.16003 
0.6274189999999999 0.024095 0.9581499999999999 0.6228050000000001 0.486799 
0.697678 0.87356 0.923369 0.057065 0.086225 
0.175369 0.432577 0.320523 0.033552 0.90274 
0.807755 0.941539 0.438557 0.8344819999999999 0.136683 
0.764123 0.616413 0.054439 0.958666 0.296802 
0.343549 0.025997 0.92904 0.381201 0.851282 
0.504197 0.038937 0.414161 0.8014559999999999 0.071299 
0.148682 0.896632 0.691078 0.953583 0.861744 
0.298345 0.285834 0.015413 0.047469 0.815692 
0.852867 0.133935 0.044588 0.392881 0.146234 
0.661164 0.178198 0.97993 0.687922 0.912955 
0.104547 0.12759 0.398106 0.962018 0.64263 
0.072105 0.872786 0.917453 0.639964 0.872564 
0.175588 0.108075 0.411969 0.961014 0.764196 
0.343482 0.897841 0.019955 0.385218 0.352066 
0.172459 0.510146 0.026823 0.810249 0.85299 
0.718925 0.969838 0.06968199999999999 0.153377 0.799488 
0.811648 0.37512 0.636223 0.005124 0.11405 
0.859525 0.041678 0.490454 0.06312 0.863132 
0.18554 0.370679 0.007308 0.824026 0.40507 
0.01848 0.590106 0.90856 0.170946 0.094693 
0.948485 0.179178 0.44298 0.160642 0.909984 
0.09722799999999999 0.114752 0.643896 0.965141 0.118091 
0.594719 0.441614 0.210628 0.026184 0.081134 
0.399601 0.098602 0.21137 0.493544 0.988419 
0.804531 0.748095 0.233769 0.960313 0.974983 
0.905358 0.343863 0.305306 0.270183 0.973709 
0.931271 0.875278 0.799838 0.878634 0.195998 
0.189926 0.084074 0.029486 0.57802 0.785704 
0.65529 0.455101 0.879633 0.9900870000000001 0.388902 
0.96121 0.058792 0.114228 0.831592 0.5725980000000001 
0.397503 0.831378 0.97275 0.012642 0.470695 
0.9755509999999999 0.089638 0.548565 0.730696 0.814231 
0.7814 0.992236 0.5076580000000001 0.212418 0.108807 
0.185955 0.340789 0.640664 0.634736 0.002011 
0.986506 0.211025 0.693343 0.018249 0.704282 
0.011262 0.281421 0.85003 0.45495 0.34313 
0.863469 0.328725 0.883917 0.994148 0.637385 
0.317017 0.102282 0.061757 0.956437 0.840769 
0.019357 0.334046 0.316887 0.925323 0.9052210000000001 
0.876225 0.706229 0.594634 0.008880000000000001 0.245442 
0.137877 0.294733 0.585673 0.398167 0.998112 
0.462072 0.046939 0.907256 0.259421 0.09154 
0.583628 0.040195 0.556643 0.506933 0.0241 
0.989858 0.542828 0.310297 0.156575 0.548277 
0.215098 0.154203 0.690057 0.7915759999999999 0.012241 
0.982988 0.079401 0.484984 0.12075 0.444793 
0.287381 0.019268 0.844665 0.28119 0.965693 
0.711479 0.834779 0.134227 0.950516 0.329227 
0.978598 0.300398 0.781527 0.12734 0.200104 
0.144761 0.9926469999999999 0.414656 0.12505 0.718198 
0.251235 0.513148 0.483308 0.957341 0.031102 
0.499896 0.7529 0.990708 0.834913 0.384425 
0.049615 0.871657 0.947524 0.035249 0.423572 
0.970626 0.305208 0.6261060000000001 0.9620919999999999 0.8779439999999999 
0.52216 0.9489649999999999 0.261109 0.466057 0.019028 
0.036826 0.929152 0.260806 0.361096 0.945191 
0.922001 0.065086 0.896805 0.595248 0.338318 
0.106678 0.932243 0.205099 0.10479 0.206263 
0.740588 0.068314 0.154283 0.042219 0.575233 
0.6890579999999999 0.990576 0.6062920000000001 0.946949 0.377337 
0.899172 0.37972 0.952111 0.13426 0.509061 
0.053121 0.805603 0.774431 0.853519 0.09802900000000001 
0.794309 0.944365 0.941465 0.198782 0.933462 
0.299809 0.886038 0.6418430000000001 0.454037 0.00826 
0.491269 0.765512 0.959538 0.9498 0.282778 
0.011832 0.856342 0.547725 0.607019 0.170228 
0.023028 0.034293 0.358853 0.245171 0.596657 
0.036418 0.070271 0.042495 0.213226 0.683926 
0.949755 0.540447 0.287324 0.060225 0.204106 
0.677454 0.975674 0.145735 0.367039 0.827312 
0.029919 0.840985 0.431554 0.130427 0.094927 
0.918494 0.125904 0.071118 0.277017 0.826923 
0.971301 0.656222 0.114828 0.919164 0.39003 
0.55028 0.5475680000000001 0.975543 0.956645 0.326931 
0.760991 0.968599 0.247431 0.579577 0.949655 
0.5575639999999999 0.9763309999999999 0.196161 0.8839320000000001 0.250774 
0.303267 0.01087 0.6975980000000001 0.527284 0.056128 
0.002425 0.759316 0.829147 0.47091 0.5786 
0.830358 0.82822 0.88702 0.140236 0.951408 
0.206832 0.226045 0.135232 0.836143 0.05328 
0.827357 0.394627 0.487958 0.107692 0.982286 
0.994381 0.567553 0.861296 0.807951 0.23777 
0.20879 0.128031 0.8127450000000001 0.810203 0.080035 
0.992305 0.6738730000000001 0.789767 0.613472 0.632193 
0.528768 0.006296 0.810916 0.061987 0.812591 
0.381413 0.415434 0.207531 0.969481 0.060189 
0.440756 0.79401 0.922771 0.008147 0.933929 
0.055772 0.353321 0.259155 0.614269 0.024887 
0.281792 0.07949100000000001 0.009724999999999999 0.444174 0.229268 
0.475834 0.350391 0.02471 0.303569 0.084205 
0.746478 0.048617 0.11245 0.953363 0.177223 
0.0376 0.949711 0.785108 0.312315 0.079369 
0.403996 0.968947 0.092352 0.156669 0.138798 
0.061978 0.663757 0.764861 0.018884 0.381923 
0.334617 0.903501 0.140473 0.9316410000000001 0.09722600000000001 
0.006448 0.366249 0.5444290000000001 0.217104 0.863002 
0.990092 0.468386 0.165611 0.429686 0.740097 
0.44552 0.856695 0.474798 0.936273 0.948438 
0.553342 0.012058 0.663597 0.077834 0.150081 
0.117882 0.244713 0.887731 0.08722000000000001 0.91116 
0.382451 0.861186 0.959543 0.03758 0.61061 
0.17249 0.033441 0.037951 0.848907 0.576761 
0.764989 0.178257 0.97305 0.044011 0.69471 
0.991452 0.334548 0.753549 0.898648 0.574835 
0.257392 0.989842 0.268443 0.726982 0.389584 
0.638239 0.8869629999999999 0.191101 0.837689 0.03908 
0.470583 0.091752 0.07557 0.103118 0.102593 
0.405903 0.015949 0.055738 0.782911 0.390542 
0.747014 0.06932199999999999 0.09321500000000001 0.670147 0.153878 
0.628672 0.095725 0.852031 0.080625 0.056838 
0.861461 0.580427 0.236145 0.8829669999999999 0.019964 
0.718396 0.07907500000000001 0.010814 0.751758 0.790973 
0.8861250000000001 0.096358 0.488888 0.746179 0.02826 
0.962104 0.07415099999999999 0.253048 0.9785430000000001 0.369701 
0.04189 0.04912 0.558465 0.114345 0.795197 
0.147315 0.926058 0.257509 0.954018 0.175596 
0.931935 0.034593 0.401978 0.038944 0.531752 
0.023957 0.6488390000000001 0.030733 0.535589 0.64786 
0.905987 0.921405 0.045964 0.508868 0.551907 
0.522034 0.828364 0.308185 0.670376 0.013883 
0.899907 0.737745 0.276496 0.072534 0.074971 
0.329976 0.903768 0.634022 0.010393 0.670991 
0.646103 0.052176 0.9178230000000001 0.855291 0.870093 
0.546078 0.940906 0.799133 0.024533 0.326716 
0.108031 0.6756720000000001 0.017443 0.171089 0.489632 
0.42886 0.844472 0.045261 0.694119 0.054624 
0.201038 0.848637 0.036841 0.184221 0.208859 
0.48917 0.472844 0.091569 0.995995 0.693475 
0.231178 0.408493 0.5422630000000001 0.8068070000000001 0.004272 
0.805983 0.158603 0.64729 0.005082 0.405654 
0.773716 0.844926 0.672809 0.896292 0.979214 
0.882361 0.849637 0.8430609999999999 0.325875 0.988056 
0.418622 0.780398 0.148433 0.721546 0.016464 
0.664251 0.06226 0.408806 0.810434 0.969678 
0.811063 0.530494 0.014812 0.938046 0.744756 
0.33997 0.8766 0.02056 0.545183 0.894038 
0.273603 0.450409 0.01774 0.149356 0.229755 
0.981228 0.506924 0.876377 0.274069 0.274461 
0.08491899999999999 0.235896 0.707982 0.055342 0.126334 
0.90811 0.611174 0.009764999999999999 0.121116 0.5902539999999999 
0.451711 0.905191 0.542273 0.98636 0.744208 
0.335874 0.032467 0.68019 0.954051 0.738132 
0.413637 0.991563 0.192395 0.5883119999999999 0.756846 
0.5516720000000001 0.954329 0.404659 0.107631 0.960882 
0.650977 0.964248 0.112265 0.8322619999999999 0.828076 
0.5955240000000001 0.973704 0.044764 0.341262 0.587935 
0.955023 0.07401099999999999 0.895887 0.164434 0.647552 
0.901718 0.174025 0.842318 0.8342309999999999 0.919014 
0.684134 0.236566 0.9712150000000001 0.216232 0.214112 
0.114125 0.104493 0.208124 0.944141 0.181951 
0.049181 0.582866 0.226973 0.731425 0.05191 
0.401853 0.95079 0.9344980000000001 0.100708 0.599566 
0.164688 0.909855 0.9385289999999999 0.854847 0.409106 
0.838454 0.895519 0.9872300000000001 0.370589 0.482496 
0.888379 0.984101 0.788188 0.06832199999999999 0.286956 
0.144101 0.905523 0.117074 0.668232 0.971261 
0.958715 0.129175 0.045007 0.430039 0.663821 
0.840736 0.255544 0.934354 0.6959 0.9834039999999999 
0.959754 0.582558 0.046362 0.213328 0.39812 
0.806372 0.690429 0.032972 0.162143 0.136556 
0.095746 0.199561 0.016107 0.71117 0.633664 
0.987125 0.610783 0.421606 0.926435 0.586083 
0.303342 0.26244 0.826064 0.663593 0.009275 
0.820789 0.009034 0.826508 0.116566 0.129546 
0.903853 0.052059 0.947613 0.5325029999999999 0.786284 
0.06920900000000001 0.203296 0.793528 0.8250690000000001 0.936427 
0.112067 0.513365 0.124409 0.940208 0.073173 
0.100998 0.468413 0.622061 0.976567 0.153698 
0.842328 0.007702 0.454088 0.853069 0.533545 
0.13851 0.930769 0.439759 0.03103 0.527396 
0.824098 0.6096819999999999 0.920217 0.094482 0.960915 
0.082291 0.057192 0.229969 0.085533 0.553195 
0.837144 0.885726 0.395608 0.991587 0.603843 
0.090138 0.945962 0.778938 0.611944 0.944249 
0.077823 0.96998 0.459073 0.640097 0.104354 
0.219287 0.558812 0.955391 0.261084 0.042001 
0.019963 0.515386 0.088558 0.400177 0.7791400000000001 
0.011515 0.539436 0.299047 0.08654299999999999 0.533904 
0.023576 0.249052 0.819075 0.195919 0.803334 
0.631876 0.946914 0.777806 0.578449 0.989618 
0.802822 0.036832 0.04337 0.9232860000000001 0.665168 
0.953515 0.723939 0.239361 0.9451310000000001 0.809894 
0.140398 0.671087 0.963379 0.507117 0.11507 
0.93172 0.410702 0.6707070000000001 0.572976 0.009266999999999999 
0.291644 0.65538 0.975577 0.514962 0.969662 
0.101931 0.15565 0.016917 0.329217 0.147326 
0.428893 0.39818 0.212234 0.015059 0.092808 
0.8608170000000001 0.744733 0.721545 0.002729 0.867165 
0.954227 0.690669 0.068952 0.88411 0.245159 
0.386839 0.601535 0.997864 0.096304 0.582297 
0.959794 0.253778 0.253225 0.94818 0.068034 
0.391154 0.11888 0.020645 0.978144 0.67382 
0.420182 0.995847 0.201269 0.732535 0.716509 
0.916611 0.486711 0.147259 0.977299 0.457604 
0.5132370000000001 0.972854 0.755332 0.858443 0.857039 
0.243627 0.640105 0.236511 0.032959 0.940038 
0.9563390000000001 0.195337 0.032527 0.674882 0.749235 
0.799574 0.438914 0.834153 0.61046 0.006001 
0.313619 0.987795 0.876763 0.75226 0.231681 
0.345364 0.529498 0.272924 0.037011 0.041308 
0.773653 0.78882 0.700601 0.002904 0.8131119999999999 
0.543746 0.7393420000000001 0.1198 0.481348 0.011723 
0.030419 0.2556 0.86293 0.259849 0.288066 
0.713095 0.986779 0.788019 0.227992 0.855959 
0.996756 0.474585 0.356852 0.614879 0.275655 
0.924141 0.029436 0.732365 0.864619 0.657893 
0.08147799999999999 0.405038 0.474625 0.029208 0.894721 
0.573279 0.09936499999999999 0.029757 0.133703 0.142955 
0.844877 0.854171 0.043652 0.662512 0.846627 
0.235685 0.153089 0.961211 0.076886 0.229594 
0.7910970000000001 0.971703 0.41768 0.950752 0.291984 
0.7356 0.237326 0.735718 0.21872 0.026005 
0.06253499999999999 0.021254 0.211263 0.699497 0.449706 
0.448915 0.909096 0.17052 0.92343 0.08602899999999999 
0.046613 0.417473 0.472542 0.005102 0.7459519999999999 
0.813348 0.946392 0.010206 0.529752 0.548955 
0.06676 0.042917 0.310428 0.359424 0.831816 
0.525392 0.265134 0.109953 0.987283 0.273446 
0.204259 0.980972 0.194579 0.292035 0.230329 
0.134471 0.057349 0.862791 0.923616 0.206003 
0.64871 0.872596 0.727433 0.969054 0.898842 
0.018466 0.360167 0.328345 0.48658 0.953817 
0.942946 0.101319 0.864648 0.137759 0.312588 
0.519258 0.175995 0.944549 0.037592 0.810847 
0.148105 0.207767 0.9347259999999999 0.943627 0.547376 
0.947833 0.221815 0.041925 0.640066 0.582234 
0.986528 0.570725 0.170086 0.638857 0.264345 
0.097499 0.663923 0.561708 0.62593 0.011073 
0.949025 0.258909 0.481743 0.652765 0.025935 
0.8849320000000001 0.056423 0.300854 0.448747 0.09456100000000001 
0.990452 0.535145 0.181308 0.251687 0.10421 
0.019471 0.249425 0.08593099999999999 0.238245 0.186607 
0.124991 0.7196399999999999 0.98481 0.6982 0.643562 
0.153159 0.148198 0.755525 0.110785 0.963355 
0.114765 0.862675 0.9724699999999999 0.309268 0.8638439999999999 
0.846827 0.627702 0.791449 0.886419 0.048767 
0.620104 0.09454600000000001 0.029082 0.777766 0.916964 
0.679005 0.030424 0.333167 0.533948 0.06419800000000001 
0.9695240000000001 0.7826959999999999 0.773663 0.958159 0.7837229999999999 
0.797334 0.795072 0.778484 0.9725780000000001 0.120016 
0.8176909999999999 0.925462 0.236336 0.103181 0.16366 
0.6435070000000001 0.422445 0.026421 0.065202 0.851808 
0.417193 0.7642060000000001 0.003293 0.339725 0.755391 
0.110249 0.962569 0.897671 0.161436 0.260401 
0.12986 0.563497 0.69589 0.819183 0.006995 
0.568275 0.9926700000000001 0.797992 0.845913 0.266879 
0.443123 0.5649420000000001 0.976191 0.838522 0.046019 
0.849556 0.484145 0.025107 0.969147 0.450686 
0.9743849999999999 0.492856 0.424708 0.073423 0.026952 
0.834157 0.683762 0.9889250000000001 0.854159 0.844025 
0.946037 0.046763 0.944397 0.472813 0.562295 
0.963384 0.602967 0.058361 0.876864 0.445847 
0.9321 0.796519 0.087413 0.157147 0.163308 
0.148876 0.16245 0.305466 0.964849 0.223394 
0.985609 0.123945 0.142233 0.504126 0.8373699999999999 
0.677274 0.936147 0.814954 0.928058 0.875576 
0.918311 0.044576 0.19701 0.15001 0.224833 
0.822533 0.319397 0.103051 0.985402 0.648309 
0.941716 0.42456 0.57833 0.990865 0.476305 
0.976012 0.831185 0.73016 0.802409 0.096025 
0.95414 0.223608 0.179027 0.91086 0.81928 
0.451415 0.9361660000000001 0.148279 0.122455 0.106249 
0.966581 0.32477 0.401422 0.707501 0.974647 
0.176764 0.880285 0.9553469999999999 0.511584 0.194181 
0.808172 0.945028 0.08058 0.301891 0.876436 
0.498238 0.888145 0.059013 0.82514 0.131529 
0.614144 0.913129 0.966569 0.117825 0.279228 
0.996343 0.544492 0.276207 0.214182 0.756839 
0.7281339999999999 0.741362 0.0667 0.032032 0.36356 
0.012064 0.768024 0.186541 0.191895 0.175364 
0.106911 0.859758 0.944861 0.279232 0.060616 
0.859467 0.06789000000000001 0.032702 0.626512 0.779118 
0.160029 0.606115 0.978235 0.200463 0.177146 
0.034444 0.900451 0.878795 0.913829 0.732356 
0.718842 0.575156 0.641222 0.018145 0.970029 
0.850573 0.572733 0.918619 0.232763 0.043686 
0.229752 0.442436 0.028193 0.83268 0.855944 
0.628068 0.942248 0.354886 0.560717 0.977388 
0.078177 0.913083 0.177717 0.898007 0.796383 
0.872566 0.210955 0.527339 0.99242 0.60096 
0.815268 0.206952 0.245217 0.358421 0.9868479999999999 
0.669528 0.758863 0.212571 0.684715 0.012672 
0.991313 0.990324 0.371404 0.192096 0.55947 
0.374675 0.158816 0.223878 0.721961 0.993054 
0.262627 0.979684 0.55225 0.662642 0.032415 
0.583294 0.420658 0.004774 0.239859 0.304476 
0.32141 0.936195 0.634336 0.276788 0.974784 
0.619866 0.09263299999999999 0.891106 0.8191310000000001 0.134457 
0.975544 0.971311 0.828746 0.73383 0.482887 
0.842211 0.03912 0.491161 0.935167 0.348562 
0.561008 0.865981 0.5413829999999999 0.017247 0.862178 
0.086327 0.901467 0.960214 0.318728 0.861497 
0.051511 0.751113 0.949941 0.662753 0.8932909999999999 
0.919387 0.135597 0.976579 0.365714 0.56133 
0.086863 0.901682 0.57505 0.860778 0.09210699999999999 
0.048467 0.586122 0.949964 0.046034 0.693389 
0.668537 0.104819 0.69167 0.895404 0.050947 
0.264113 0.947759 0.980874 0.541775 0.615784 
0.839636 0.760918 0.751051 0.91373 0.059603 
0.963576 0.820559 0.136898 0.848135 0.605384 
0.683526 0.016784 0.08592900000000001 0.208035 0.450745 
0.940989 0.19765 0.90651 0.708555 0.676055 
0.325451 0.8481610000000001 0.03491 0.740415 0.148077 
0.751064 0.132313 0.778488 0.049676 0.898767 
0.5185340000000001 0.001569 0.365136 0.844572 0.718382 
0.12978 0.204378 0.975139 0.154536 0.283736 
0.125509 0.424159 0.838934 0.959966 0.154888 
0.827035 0.983843 0.443512 0.101377 0.83763 
0.976128 0.776382 0.658176 0.9716089999999999 0.834414 
0.127095 0.07858900000000001 0.846307 0.873478 0.540833 
0.582456 0.333585 0.563006 0.440174 0.99952 
0.804417 0.843274 0.909202 0.95897 0.412625 
0.991835 0.778929 0.467524 0.677444 0.807814 
0.619564 0.01973 0.59605 0.805785 0.833296 
0.214175 0.637761 0.844351 0.013872 0.140442 
0.198369 0.98889 0.272041 0.194881 0.359891 
0.83775 0.070728 0.7269640000000001 0.08973200000000001 0.126024 
0.09266099999999999 0.356157 0.92604 0.958307 0.264377 
0.389309 0.112269 0.9015879999999999 0.989803 0.618714 
0.157448 0.227955 0.237496 0.587851 0.008702 
0.251151 0.095511 0.254515 0.6317 0.980806 
0.780698 0.188255 0.006372 0.086113 0.303036 
0.964319 0.303532 0.462071 0.025378 0.5206499999999999 
0.44796 0.858511 0.002311 0.838091 0.801376 
0.987334 0.130739 0.33105 0.953724 0.234817 
0.057657 0.035481 0.325471 0.187207 0.383431 
0.31565 0.123397 0.935057 0.50402 0.06818 
0.905924 0.866441 0.278273 0.933858 0.348725 
0.646515 0.972745 0.91698 0.684311 0.211698 
0.009076000000000001 0.534622 0.392562 0.787887 0.017966 
0.979741 0.504539 0.78609 0.821204 0.9689140000000001 
0.979024 0.449684 0.841005 0.766296 0.133164 
0.09016299999999999 0.362888 0.059988 0.218668 0.154077 
0.086045 0.15868 0.9290620000000001 0.737872 0.422902 
0.221878 0.108652 0.109052 0.832044 0.159739 
0.7324000000000001 0.451425 0.098172 0.9804929999999999 0.152625 
0.775493 0.711016 0.053075 0.032241 0.867895 
0.5102719999999999 0.141649 0.688285 0.011943 0.72992 
0.174513 0.03313 0.811017 0.758642 0.495069 
0.147019 0.945576 0.292193 0.883922 0.07384300000000001 
0.086682 0.85922 0.917598 0.069801 0.146573 
0.352511 0.649787 0.976014 0.862859 0.06358900000000001 
0.581463 0.653894 0.992773 0.5322210000000001 0.041312 
0.013371 0.7338249999999999 0.404255 0.31338 0.981626 
0.337607 0.15571 0.019757 0.055238 0.390891 
0.819006 0.027739   0.21 0.470275 0.910922 
0.8744150000000001 0.292379 0.016113 0.812036 0.8926770000000001 
0.352173 0.974057 0.982826 0.349571 0.236017 
0.647432 0.395435 0.071522 0.06586 0.913567 
0.478544 0.888003 0.6719540000000001 0.536681 0.997049 
0.226528 0.250261 0.132526 0.366573 0.995566 
0.8188029999999999 0.62168 0.569987 0.76724 0.997559 
0.076125 0.439053 0.162388 0.260904 0.010879 
0.101899 0.617666 0.10936 0.019369 0.537258 
0.82026 0.112393 0.98276 0.25535 0.674781 
0.990089 0.429473 0.159729 0.560024 0.331641 
0.976708 0.538401 0.898234 0.624511 0.151565 
0.928311 0.120278 0.516235 0.361156 0.945213 
0.442543 0.828406 0.023171 0.43655 0.093697 
0.919169 0.466165 0.826919 0.032377 0.153727 
0.778935 0.565659 0.02977 0.342949 0.937259 
0.286963 0.993153 0.926897 0.358795 0.268409 
0.724401 0.004294 0.161637 0.63031 0.619947 
0.817625 0.817804 0.824718 0.037536 0.869139 
0.29553 0.978375 0.544296 0.982401 0.220664 
0.9596980000000001 0.636052 0.12934 0.816872 0.168466 
0.194764 0.404887 0.938647 0.839716 0.10217 
0.082693 0.818573 0.750515 0.9023 0.951117 
0.525372 0.923724 0.037021 0.216313 0.5787409999999999 
0.977566 0.945815 0.313209 0.105638 0.46507 
0.997557 0.943923 0.521002 0.486483 0.325697 
0.996113 0.668013 0.294362 0.342046 0.759996 
0.251435 0.874269 0.833342 0.974616 0.375408 
0.654094 0.35639 0.842809 0.09668499999999999 0.992712 
0.842693 0.142245 0.718568 0.972765 0.266451 
0.977423 0.540952 0.776282 0.96905 0.828483 
0.124839 0.170161 0.892633 0.486468 0.069838 
0.268842 0.428945 0.275242 0.994462 0.925491 
0.026206 0.448073 0.769186 0.717144 0.032215 
0.977894 0.456823 0.83057 0.39371 0.083315 
0.4726 0.979993 0.750532 0.193065 0.843022 
0.673086 0.552684 0.964723 0.10413 0.118473 
0.709332 0.747484 0.971552 0.877139 0.07473 
0.00457 0.80726 0.619823 0.360727 0.7402339999999999 
0.502679 0.527133 0.529244 0.998169 0.228665 
0.738005 0.648666 0.131729 0.965794 0.10244 
0.9487989999999999 0.466063 0.112702 0.179102 0.164401 
0.621491 0.400072 0.016908 0.17391 0.911459 
0.77541 0.315943 0.047725 0.116743 0.105929 
0.69578 0.966705 0.407155 0.055327 0.882394 
0.9718 0.047287 0.748999 0.432171 0.504922 
0.357251 0.310956 0.244896 0.97114 0.95038 
0.07556300000000001 0.983672 0.57287 0.224526 0.605897 
0.804069 0.986943 0.550015 0.09726700000000001 0.774609 
0.280747 0.512227 0.002014 0.847842 0.6768999999999999 
0.943653 0.969507 0.501949 0.250127 0.884042 
0.516625 0.910755 0.053212 0.339736 0.9432 
0.17983 0.410126 0.983932 0.937213 0.745933 
0.891398 0.718047 0.212945 0.966316 0.872192 
0.276007 0.857037 0.228002 0.022026 0.19881 
0.284402 0.947676 0.594456 0.017219 0.399773 
0.119714 0.033242 0.706321 0.133259 0.6803399999999999 
0.773429 0.02137 0.171683 0.468511 0.271257 
0.385187 0.832661 0.5356109999999999 0.007333 0.252168 
0.179771 0.40763 0.045573 0.940283 0.333234 
0.528415 0.07235 0.991483 0.862304 0.741217 
0.6637690000000001 0.967087 0.823792 0.467843 0.040323 
0.15869 0.101156 0.122296 0.428331 0.963296 
0.070741 0.936234 0.278649 0.256735 0.938539 
0.019318 0.675723 0.8843 0.428041 0.090724 
0.69673 0.946679 0.841439 0.069449 0.225557 
0.827183 0.463456 0.297854 0.024397 0.041627 
0.07417799999999999 0.704105 0.895887 0.171235 0.95389 
0.576355 0.792706 0.014274 0.910118 0.354613 
0.772358 0.02256 0.170333 0.794714 0.750614 
0.847565 0.020641 0.905907 0.580035 0.6529160000000001 
0.09038400000000001 0.07733 0.683467 0.038214 0.258588 
0.09657499999999999 0.1315 0.115839 0.902158 0.575704 
0.042895 0.937055 0.08616500000000001 0.16871 0.516115 
0.999955 0.245741 0.177205 0.292679 0.052186 
0.196884 0.035067 0.37373 0.27304 0.9784119999999999 
0.173497 0.962879 0.110542 0.878296 0.519328 
0.307011 0.935505 0.037292 0.766157 0.808803 
0.019597 0.373126 0.127819 0.253633 0.817205 
0.477007 0.06212 0.044061 0.536209 0.065971 
0.203064 0.897295 0.841847 0.916457 0.901043 
0.491395 0.872817 0.42976 0.972038 0.041349 
0.209432 0.92205 0.8886230000000001 0.0921 0.920882 
0.11137 0.799341 0.518459 0.741476 0.992018 
0.132802 0.009246000000000001 0.395332 0.34796 0.156466 
0.929431 0.94884 0.153883 0.311213 0.552843 
0.9844349999999999 0.405423 0.948082 0.406066 0.747289 
0.80193 0.032383 0.268227 0.090154 0.226349 
0.778732 0.141943 0.640507 0.994306 0.309198 
0.013558 0.876277 0.588488 0.717953 0.641246 
0.270811 0.520665 0.823354 0.108348 0.007394 
0.215076 0.786598 0.360148 0.009592 0.215545 
0.145325 0.484734 0.916401 0.950389 0.1923 
0.979281 0.771444 0.665306 0.803238 0.029263 
0.829478 0.032265 0.278553 0.632888 0.952104 
0.230975 0.989638 0.837966 0.68907 0.197943 
0.565482 0.049144 0.965561 0.183933 0.361636 
0.479621 0.988228 0.139962 0.344244 0.706102 
0.451181 0.001866 0.365255 0.838199 0.602231 
0.697401 0.225808 0.155578 0.791637 0.036181 
0.193506 0.255658 0.847597 0.555127 0.016073 
0.492465 0.867322 0.085325 0.06290900000000001 0.304419 
0.97743 0.667567 0.794618 0.151953 0.870317 
0.542936 0.12459 0.983546 0.462857 0.242229 
0.144217 0.855063 0.048563 0.198385 0.260473 
0.764827 0.455166 0.978119 0.239417 0.885109 
0.835639 0.591112 0.81585 0.991596 0.76102 
0.887165 0.586071 0.088656 0.049373 0.8164709999999999 
0.230244 0.70385 0.607365 0.98792 0.972751 
0.016632 0.530025 0.123335 0.8870440000000001 0.541886 
0.981783 0.823912 0.483188 0.941534 0.369161 
0.488914 0.184291 0.382102 0.992435 0.849886 
0.030231 0.094834 0.8802720000000001 0.738822 0.387137 
0.877077 0.036984 0.596974 0.335877 0.080905 
0.558909 0.576671 0.103125 0.218125 0.033782 
0.06375599999999999 0.546408 0.479087 0.015694 0.7742830000000001 
0.378219 0.721008 0.983652 0.24626 0.889551 
0.928785 0.09457400000000001 0.500112 0.379546 0.02328 
0.23535 0.533544 0.277804 0.054207 0.05132 
0.003736 0.797331 0.746032 0.562703 0.349629 
0.218289 0.7846880000000001 0.250206 0.219314 0.011301 
0.370667 0.805795 0.989057 0.079235 0.694883 
0.025111 0.043223 0.455851 0.483625 0.284078 
0.757901 0.040819 0.048471 0.6457349999999999 0.873296 
0.421074 0.988165 0.09284100000000001 0.377417 0.247624 
0.002896 0.66715 0.794127 0.888903 0.799747 
0.479049 0.375427 0.799373 0.062415 0.012366 
0.960595 0.725676 0.430232 0.902725 0.09667000000000001 
0.740108 0.9982 0.753266 0.14787 0.243601 
0.549592 0.984647 0.969669 0.229869 0.403873 
0.064537 0.675941 0.535552 0.015419 0.152898 
0.761236 0.089911 0.125903 0.053008 0.898575 
0.339922 0.076714 0.33246 0.658834 0.015954 
0.882293 0.7058990000000001 0.04224 0.919695 0.316426 
0.979402 0.8124440000000001 0.747387 0.337187 0.103917 
0.9437489999999999 0.594926 0.9274790000000001 0.141467 0.63669 
0.379949 0.806215 0.049569 0.105581 0.502669 
0.164444 0.805496 0.970906 0.022544 0.896371 
0.125423 0.976155 0.243523 0.885675 0.54208 
0.13304 0.010164 0.828009 0.344719 0.690407 
0.8951210000000001 0.293086 0.891181 0.07105300000000001 0.182124 
0.956237 0.469443 0.924872 0.322416 0.846193 
0.136706 0.625784 0.551871 0.304218 0.997967 
0.555986 0.460882 0.03683 0.009731999999999999 0.573872 
0.073494 0.20695 0.202047 0.795982 0.06789100000000001 
0.038588 0.542928 0.99432 0.537063 0.412269 
0.323136 0.951035 0.043999 0.488657 0.8645659999999999 
0.500096 0.112541 0.4801 0.042782 0.043856 
0.09521300000000001 0.241271 0.049203 0.946831 0.39181 
0.141197 0.101434 0.806268 0.953006 0.170155 
0.697047 0.26847 0.169696 0.087646 0.059562 
0.061383 0.66298 0.7015 0.114418 0.025197 
0.7225819999999999 0.439457 0.956107 0.29559 0.988837 
0.746987 0.617654 0.915924 0.931397 0.996115 
0.692689 0.019429 0.5475640000000001 0.908628 0.308556 
0.9014259999999999 0.270828 0.812659 0.366692 0.987314 
0.665918 0.088833 0.01581 0.715849 0.272701 
0.445529 0.001976 0.21076 0.237869 0.870837 
0.15041 0.936993 0.045469 0.194408 0.409607 
0.9748329999999999 0.020852 0.466216 0.698315 0.581246 
0.005906 0.256652 0.557466 0.335071 0.538148 
0.782044 0.820847 0.98056 0.269839 0.183237 
0.971706 0.470273 0.8846889999999999 0.959749 0.503339 
0.620871 0.976256 0.941485 0.534964 0.139152 
0.262393 0.034967 0.69243 0.667702 0.065072 
0.615039 0.96294 0.134732 0.439403 0.054212 
0.19237 0.166604 0.106208 0.037526 0.697452 
0.415719 0.99287 0.171587 0.867181 0.719038 
0.751162 0.779904 0.850572 0.570894 0.007239 
0.969109 0.811319 0.831186 0.739387 0.885462 
0.02635 0.85775 0.201853 0.551005 0.738633 
0.443011 0.678466 0.976199 0.976055 0.55957 
0.602664 0.974954 0.058095 0.410159 0.541709 
0.7657080000000001 0.254478 0.016297 0.9014489999999999 0.64532 
0.9450229999999999 0.00259 0.527832 0.2694 0.808794 
0.56559 0.867671 0.954476 0.880993 0.8476399999999999 
0.661807 0.995329 0.486897 0.272336 0.147642 
0.150707 0.934169 0.580887 0.970656 0.81209 
0.149284 0.012347 0.518396 0.67781 0.954307 
0.741015 0.245134 0.9637 0.900698 0.039458 
0.678887 0.054563 0.040097 0.903096 0.334592 
0.112944 0.256265 0.03821 0.199077 0.883234 
0.779711 0.601886 0.892724 0.016022 0.289001 
0.244491 0.166002 0.00206 0.623059 0.757891 
0.8359799999999999 0.307789 0.014746 0.8319299999999999 0.246082 
0.234851 0.142048 0.409055 0.982907 0.71067 
0.929437 0.049237 0.520629 0.216286 0.116735 
0.969367 0.152371 0.896135 0.343449 0.354136 
0.124682 0.523831 0.020328 0.658874 0.70073 
0.737184 0.849822 0.963622 0.598915 0.964542 
0.437425 0.807764 0.093777 0.111612 0.869209 
0.827166 0.180462 0.022972 0.09155199999999999 0.711507 
0.786177 0.2746 0.193861 0.226333 0.973869 
0.8105869999999999 0.532516 0.997588 0.457952 0.79139 
0.88844 0.007712 0.615499 0.688412 0.13771 
0.947584 0.037055 0.786605 0.474288 0.356694 
0.676563 0.990595 0.926617 0.65708 0.547569 
0.5980259999999999 0.024653 0.344314 0.8921249999999999 0.949707 
0.728203 0.901057 0.073072 0.117464 0.222808 
0.921419 0.287657 0.658842 0.155467 0.939057 
0.366659 0.43676 0.627921 0.468019 0.998542 
0.637725 0.246573 0.157613 0.005932 0.706935 
0.61266 0.978982 0.754256 0.787764 0.944181 
0.858392 0.991748 0.306469 0.8165249999999999 0.336521 
0.201229 0.062997 0.7902709999999999 0.09049500000000001 0.945891 
0.711388 0.300592 0.044693 0.150417 0.061166 
0.024015 0.62845 0.3526 0.142558 0.967573 
0.182647 0.755121 0.310281 0.885406 0.026993 
0.881891 0.943446 0.501017 0.584999 0.083437 
0.142862 0.08464099999999999 0.562388 0.04933 0.09279800000000001 
0.658706 0.869463 0.06651799999999999 0.967789 0.636444 
0.399428 0.180157 0.901709 0.024502 0.812875 
0.014284 0.075701 0.299596 0.314373 0.662233 
0.94896 0.168923 0.08245 0.743938 0.363412 
0.065675 0.797459 0.895685 0.783897 0.9522659999999999 
0.270139 0.230149 0.121734 0.980417 0.860828 
0.026868 0.578157 0.07768700000000001 0.691576 0.309727 
0.047226 0.732276 0.358114 0.817515 0.980571 
0.321986 0.623691 0.371575 0.055812 0.025379 
0.275659 0.005574 0.685318 0.146834 0.841176 
0.147045 0.377826 0.124232 0.965867 0.32063 
0.821204 0.975081 0.191752 0.768114 0.687067 
0.07954 0.832816 0.141815 0.485398 0.09127399999999999 
0.049652 0.49599 0.111498 0.938616 0.320546 
0.171733 0.310284 0.9495980000000001 0.899931 0.147596 
0.647386 0.612046 0.66508 0.99553 0.869962 
0.012295 0.639698 0.404184 0.122363 0.561026 
0.198783 0.940983 0.105409 0.602139 0.144227 
0.575836 0.080306 0.7015980000000001 0.753792 0.982604 
0.623444 0.22662 0.801682 0.86827 0.009592 
0.792885 0.021666 0.146741 0.27814 0.706864 
0.482008 0.111135 0.842328 0.012774 0.690574 
0.938366 0.115406 0.631735 0.574342 0.965792 
0.948063 0.098818 0.836802 0.137759 0.308636 
0.747007 0.941682 0.843429 0.502947 0.028877 
0.013102 0.200706 0.270447 0.399106 0.780064 
0.169424 0.508719 0.03508 0.589158 0.982196 
0.7705109999999999 0.977028 0.913856 0.181105 0.828402 
0.949525 0.665963 0.847615 0.8674460000000001 0.163046 
0.995567 0.501965 0.525333 0.278824 0.19174 
0.952915 0.636602 0.368064 0.045801 0.782709 
0.551731 0.935325 0.008714 0.456742 0.461668 
0.96353 0.052166 0.756858 0.517602 0.335431 
0.323094 0.234421 0.917965 0.242936 0.023886 
0.282144 0.002292 0.519347 0.661878 0.182855 
0.904695 0.214202 0.099845 0.098439 0.463305 
0.279112 0.035238 0.24157 0.059362 0.70344 
0.717288 0.459986 0.982066 0.578149 0.954125 
0.626706 0.04262 0.311366 0.123398 0.954686 
0.232776 0.274047 0.913008 0.92949 0.936176 
0.048797 0.126307 0.840199 0.230747 0.159326 
0.06056 0.828518 0.9049199999999999 0.987718 0.57055 
0.98654 0.78343 0.104092 0.480303 0.457631 
0.45802 0.944253 0.062322 0.449698 0.073182 
0.143986 0.97129 0.473499 0.102089 0.8017069999999999 
0.167635 0.433563 0.885879 0.968238 0.172541 
0.059872 0.269542 0.194091 0.086024 0.807158 
0.5227000000000001 0.023523 0.353395 0.503062 0.967241 
0.853867 0.942832 0.172166 0.589097 0.95947 
0.300212 0.661357 0.43119 0.003883 0.262066 
0.870057 0.048003 0.790502 0.973791 0.49715 
0.8167 0.271136 0.980074 0.112078 0.69053 
0.990765 0.779634 0.310832 0.156117 0.850862 
0.420083 0.327171 0.766384 0.610579 0.004582 
0.97614 0.98285 0.756565 0.595614 0.483544 
0.09211800000000001 0.227699 0.9330079999999999 0.06744799999999999 0.592705 
0.375851 0.928241 0.9398030000000001 0.277036 0.143593 
0.9213440000000001 0.035571 0.848881 0.149207 0.715001 
0.611175 0.025316 0.486701 0.978029 0.735706 
0.003722 0.551427 0.828729 0.44348 0.562484 
0.178699 0.400407 0.641101 0.990764 0.7637 
0.968105 0.947269 0.756815 0.792465 0.964747 
0.433157 0.070504 0.968491 0.434656 0.270936 
0.727039 0.346819 0.988632 0.930723 0.657647 
0.086621 0.846191 0.929376 0.028107 0.390797 
0.752949 0.813056 0.036464 0.85805 0.241636 
0.178142 0.030255 0.498096 0.496344 0.058654 
0.011511 0.4619 0.15418 0.304616 0.687047 
0.446535 0.916059 0.20621 0.769616 0.941845 
0.161078 0.230496 0.948724 0.204436 0.958178 
0.006275 0.466219 0.743184 0.6873860000000001 0.891218 
0.664447 0.357475 0.079126 0.875291 0.021223 
0.388291 0.005203 0.447358 0.742021 0.152752 
0.029822 0.218923 0.435735 0.393771 0.103185 
0.237024 0.66067 0.88231 0.976801 0.091238 
0.442318 0.032093 0.38289 0.229729 0.050155 
0.959637 0.627116 0.935381 0.956761 0.286709 
0.712372 0.834454 0.671319 0.864401 0.991466 
0.282207 0.058421 0.886168 0.822082 0.724907 
0.574165 0.989416 0.117051 0.28384 0.492796 
0.816248 0.673038 0.754598 0.530315 0.007005 
0.826157 0.224445 0.248053 0.026489 0.193091 
0.748579 0.36485 0.040699 0.034793 0.762073 
0.6884130000000001 0.161839 0.028786 0.799843 0.9645049999999999 
0.427683 0.066689 0.846978 0.152559 0.065744 
0.963807 0.7091769999999999 0.133853 0.664126 0.968581 
0.114339 0.6897450000000001 0.537335 0.986633 0.348735 
0.187872 0.567164 0.318616 0.979357 0.056127 
0.611947 0.995191 0.172287 0.629181 0.651629 
0.935096 0.152928 0.260809 0.410003 0.924829 
0.961375 0.821414 0.5065269999999999 0.198669 0.024016 
0.589758 0.063483 0.963098 0.793443 0.404489 
0.007874000000000001 0.335679 0.751286 0.857124 0.689537 
0.508126 0.06967 0.945062 0.658181 0.053731 
0.351564 0.729755 0.989649 0.0299 0.521786 
0.420185 0.054842 0.733116 0.485454 0.021204 
0.828873 0.8697009999999999 0.066035 0.855202 0.379851 
0.148566 0.951427 0.631524 0.028778 0.664705 
0.054806 0.121759 0.411133 0.91146 0.914584 
0.407623 0.923333 0.45157 0.533707 0.014012 
0.635327 0.945217 0.26214 0.780451 0.040804 
0.559648 0.009351 0.166471 0.875568 0.6633 
0.970307 0.953803 0.558858 0.733356 0.511839 
0.230452 0.198848 0.042803 0.389837 0.986213 
0.28575 0.595584 0.9880949999999999 0.92056 0.858282 
0.14804 0.112811 0.008938 0.22542 0.642019 
0.415152 0.461941 0.8478 0.972628 0.964332 
0.975326 0.297966 0.910192 0.597831 0.7502180000000001 
0.906822 0.959399 0.614262 0.907578 0.661886 
0.948819 0.803496 0.364438 0.102568 0.864839 
0.908922 0.252301 0.428365 0.529542 0.010693 
0.768394 0.401281 0.32409 0.982797 0.863827 
0.990488 0.124048 0.873715 0.529761 0.692037 
0.059859 0.052853 0.307351 0.641468 0.160956 
0.5214 0.16611 0.802508 0.759684 0.006657 
0.877847 0.971515 0.257909 0.673394 0.732833 
0.577557 0.995148 0.452942 0.59646 0.69965 
0.02552 0.917836 0.06511599999999999 0.398193 0.432108 
0.437679 0.068729 0.13254 0.606412 0.971083 
0.265346 0.665434 0.946748 0.993293 0.274957 
0.089393 0.436246 0.989143 0.531316 0.821482 
0.314372 0.6578889999999999 0.138912 0.697151 0.012952 
0.713002 0.431249 0.994936 0.8921790000000001 0.848988 
0.946211 0.9749989999999999 0.80783 0.204112 0.509154 
0.362408 0.985891 0.864917 0.656618 0.784546 
0.071094 0.882435 0.086258 0.734352 0.256019 
0.91732 0.400245 0.914504 0.06690400000000001 0.447921 
0.215035 0.09690699999999999 0.724106 0.046179 0.131319 
0.9960329999999999 0.323826 0.5477109999999999 0.372353 0.141188 
0.21116 0.958255 0.396448 0.106499 0.925524 
0.989969 0.402389 0.951835 0.492339 0.736922 
0.640275 0.095342 0.419287 0.96334 0.863155 
0.9757400000000001 0.263951 0.223133 0.204536 0.638538 
0.197487 0.165762 0.964374 0.225854 0.927328 
0.813082 0.468629 0.243173 0.011922 0.379777 
0.843157 0.941082 0.756773 0.075437 0.86721 
0.9135259999999999 0.631974 0.590475 0.107929 0.9629259999999999 
0.28291 0.862018 0.942103 0.923726 0.056822 
0.07925699999999999 0.06662 0.681138 0.889024 0.830134 
0.013722 0.632302 0.094431 0.109743 0.450602 
0.76718 0.9907589999999999 0.690249 0.017754 0.387732 
0.472786 0.107692 0.986034 0.281606 0.947143 
0.925744 0.982168 0.302533 0.674986 0.493616 
0.196466 0.011441 0.284978 0.6331369999999999 0.13187 
0.972799 0.838058 0.23506 0.646462 0.084452 
0.908295 0.715707 0.893415 0.617903 0.089985 
0.266744 0.164256 0.6548659999999999 0.329685 0.010409 
0.985834 0.906914 0.510585 0.403872 0.882437 
0.851923 0.267623 0.933601 0.034853 0.778937 
0.418803 0.827329 0.9139620000000001 0.963161 0.851224 
0.323731 0.948001 0.048457 0.413331 0.858677 
0.202049 0.83034 0.518781 0.145952 0.017007 
0.969182 0.047595 0.934814 0.422897 0.636251 
0.647282 0.866273 0.451443 0.405545 0.9955850000000001 
0.991387 0.237487 0.444096 0.922609 0.292593 
0.700066 0.003425 0.562829 0.458726 0.810665 
0.354348 0.523828 0.976477 0.652647 0.04411 
0.029649 0.304281 0.053439 0.148916 0.831605 
0.496753 0.93426 0.108399 0.858457 0.08085000000000001 
0.975658 0.88831 0.826112 0.457054 0.70485 
0.695932 0.528174 0.015223 0.8544119999999999 0.108121 
0.16291 0.033442 0.05992 0.075478 0.560901 
0.242801 0.753058 0.637532 0.994099 0.815155 
0.171331 0.552332 0.042604 0.038296 0.638432 
0.544554 0.324455 0.12245 0.022483 0.8731680000000001 
0.606388 0.560801 0.390016 0.005846 0.247473 
0.386392 0.087649 0.118988 0.827808 0.974191 
0.011605 0.048587 0.599197 0.705217 0.580193 
0.639224 0.435774 0.054903 0.757838 0.991131 
0.937249 0.348712 0.800303 0.684357 0.987456 
0.042483 0.014123 0.362596 0.146883 0.66217 
0.786431 0.546381 0.017848 0.967688 0.930225 
0.030209 0.728145 0.940285 0.362662 0.252506 
0.873963 0.698461 0.031816 0.723516 0.128322 
0.929574 0.352232 0.9617059999999999  0.394 0.963205 
0.207375 0.345925 0.962848 0.583569 0.044407 
0.920882 0.256786 0.81049 0.90737 0.17588 
0.206503 0.703203 0.732735 0.072824 0.956035 
0.081634 0.030981 0.6909920000000001 0.504937 0.480234 
0.839213 0.654786 0.990937 0.682521 0.12337 
0.139976 0.577141 0.007601 0.753394 0.297092 
0.003897 0.504809 0.323076 0.934679 0.152217 
0.408651 0.197585 0.81603 0.022381 0.164092 
0.894145 0.901068 0.255426 0.947928 0.826815 
0.506082 0.711792 0.08204699999999999 0.959665 0.094835 
0.575403 0.8062279999999999 0.272088 0.987974 0.87319 
0.991474 0.710637 0.67042 0.7568009999999999 0.548275 
0.854219 0.854581 0.950431 0.892087 0.29907 
0.719456 0.895343 0.024792 0.687021 0.755939 
0.192832 0.926934 0.978495 0.562012 0.739563 
0.726532 0.820373 0.013801 0.956852 0.812772 
0.780576 0.145714 0.011346 0.697916 0.874306 
0.963797 0.530438 0.073847 0.149778 0.316868 
0.787134 0.360981 0.015913 0.450415 0.124225 
0.970148 0.283618 0.759375 0.82074 0.17713 
0.15965 0.238659 0.14918 0.266378 0.016314 
0.03721 0.392943 0.188495 0.041092 0.630497 
0.812848 0.540457 0.454237 0.366633 0.998812 
0.036372 0.3054 0.85446 0.905088 0.8065330000000001 
0.404167 0.840246 0.018377 0.859249 0.405948 
0.096577 0.176947 0.955775 0.702264 0.95702 
0.060454 0.045202 0.704514 0.759002 0.55149 
0.6868 0.054912 0.901116 0.053418 0.803883 
0.158581 0.278097 0.973001 0.23579 0.918866 
0.385434 0.994075 0.413709 0.202435 0.324363 
0.772974 0.372088 0.689072 0.227942 0.015868 
0.027148 0.270895 0.924685 0.176396 0.680729 
0.00646 0.578477 0.45463 0.966626 0.078629 
0.512147 0.658359 0.04576 0.088369 0.224675 
0.967641 0.13901 0.347114 0.940986 0.149228 
0.432443 0.071475 0.282449 0.112512 0.986577 
0.237404 0.041345 0.8786890000000001 0.128275 0.912143 
0.638059 0.849909 0.426261 0.16999 0.020786 
0.675878 0.487593 0.9740490000000001 0.844651 0.049921 
0.024054 0.271895 0.7318519999999999 0.234122 0.888169 
0.943806 0.546449 0.160224 0.880934 0.861079 
0.15785 0.986447 0.220598 0.5862540000000001 0.164725 
0.530087 0.176701 0.821025 0.97341 0.109252 
0.935538 0.5866170000000001 0.271969 0.990762 0.745034 
0.125781 0.99688 0.5539500000000001 0.237171 0.126117 
0.807993 0.931625 0.822935 0.073475 0.898841 
0.822403 0.125658 0.929497 0.057985 0.557681 
0.09275 0.85223 0.426546 0.960487 0.906295 
0.747069 0.997021 0.924933 0.347013 0.247266 
0.793421 0.023228 0.386076 0.7843059999999999 0.8252969999999999 
0.5518380000000001 0.738294 0.500506 0.010421 0.151209 
0.371974 0.758729 0.958647 0.9855699999999999 0.480328 
0.949115 0.771707 0.078502 0.383519 0.803185 
0.587795 0.07195600000000001 0.36175 0.9388919999999999 0.961575 
0.709265 0.620276 0.978539 0.309399 0.07217899999999999 
0.839601 0.177736 0.212767 0.983147 0.745023 
0.647585 0.963149 0.646745 0.837993 0.142099 
0.199665 0.76278 0.051652 0.118261 0.606267 
0.15357 0.052714 0.970678 0.193289 0.61354 
0.965329 0.279138 0.476074 0.370562 0.040346 
0.00766 0.73371 0.45736 0.841664 0.846071 
0.123162 0.9910369999999999 0.351063 0.322113 0.758443 
0.14482 0.985915 0.269963 0.263306 0.382391 
0.178245 0.760885 0.186112 0.990031 0.445026 
0.302433 0.985054 0.8020969999999999 0.850456 0.605755 
0.920939 0.213951 0.88198 0.438275 0.08701399999999999 
0.912828 0.907408 0.8031239999999999 0.108828 0.080043 
0.728388 0.024389 0.910488 0.5782350000000001 0.400156 
0.106709 0.45315 0.097203 0.683825 0.041743 
0.243262 0.5061560000000001 0.968902 0.339267 0.064543 
0.235156 0.26123 0.487052 0.890522 0.010061 
0.107519 0.067699 0.813474 0.056577 0.886334 
0.862375 0.934934 0.433476 0.430949 0.961884 
0.316901 0.161061 0.954938 0.634741 0.096647 
0.137787 0.78084 0.573623 0.882669 0.009844 
0.879932 0.018075 0.788592 0.862237 0.610087 
0.347143 0.424319 0.528411 9.7e-05 0.634623 
0.035476 0.250604 0.896725 0.262919 0.8714150000000001 
0.207923 0.563158 0.989011 0.305598 0.184525 
0.937713 0.143956 0.462662 0.964186 0.067804 
0.167847 0.010597 0.100412 0.625142 0.756686 
0.582864 0.196231 0.050993 0.034204 0.871499 
0.379639 0.59811 0.439222 0.010295 0.02048 
0.114815 0.6893899999999999 0.572107 0.410662 0.994579 
0.519621 0.264644 0.87144 0.287679 0.019379 
0.988559 0.71715 0.145141 0.392778 0.413977 
0.39841 0.077505 0.634791 0.938123 0.025588 
0.911014 0.415732 0.212838 0.172661 0.910367 
0.45974 0.851073 0.987434 0.79691 0.673843 
0.044861 0.9829599999999999 0.612065 0.96904 0.660146 
0.208593 0.81577 0.653123 0.036954 0.088502 
0.635448 0.9749 0.140579 0.709104 0.907367 
0.154227 0.094735 0.215987 0.096636 0.159767 
0.668167 0.888866 0.171117 0.969146 0.439369 
0.467837 0.943002 0.037063 0.917212 0.576896 
0.898311 0.916965 0.433437 0.767899 0.080473 
0.3627 0.906415 0.119238 0.034341 0.167638 
0.9222 0.408072 0.473783 0.874992 0.990268 
0.435535 0.034928 0.030648 0.095412 0.590237 
0.042437 0.23482 0.618879 0.5025309999999999 0.033934 
0.6779579999999999 0.44177 0.832681 0.86827 0.021018 
0.173478 0.644729 0.967916 0.766343 0.932816 
0.509346 0.585433 0.36754 0.247992 0.998151 
0.499481 0.778494 0.143107 0.196882 0.988563 
0.8774 0.456002 0.019173 0.238991 0.725499 
0.037736 0.224367 0.927854 0.443158 0.153712 
0.547273 0.012749 0.26673 0.924863 0.177002 
0.304278 0.998435 0.701341 0.437401 0.393225 
0.616163 0.84584 0.039243 0.557212 0.06970800000000001 
0.798658 0.045722 0.445535 0.10537 0.956479 
0.420594 0.927881 0.903286 0.523352 0.980557 
0.207041 0.731468 0.779003 0.704349 0.988718 
0.579097 0.884746 0.929968 0.97986 0.501453 
0.915811 0.030372 0.467375 0.166135 0.22543 
0.195227 0.172535 0.798766 0.855178 0.982154 
0.905636 0.017747 0.277771 0.501782 0.456544 
0.224371 0.011651 0.818255 0.419896 0.199418 
0.959385 0.381522 0.236834 0.470814 0.9736939999999999 
0.870791 0.387769 0.237228 0.08484800000000001 0.032302 
0.06377099999999999 0.792579 0.868675 0.825499 0.155533 
0.384524 0.698414 0.249006 0.05087 0.972786 
0.617776 0.961838 0.619209 0.050206 0.805832 
0.345404 0.203372 0.07109699999999999 0.922068 0.193617 
0.512529 0.068664 0.044205 0.961593 0.494979 
0.104914 0.28868 0.838763 0.094967 0.116783 
0.066945 0.150722 0.176873 0.6992350000000001 0.047302 
0.011331 0.447292 0.639716 0.712981 0.077332 
0.180056 0.20071 0.338552 0.040939 0.057578 
0.684523 0.784436 0.009363 0.364204 0.177785 
0.837387 0.966724 0.722933 0.342003 0.045934 
0.758481 0.782411 0.974901 0.168746 0.113603 
0.275495 0.242365 0.427685 0.109359 0.990999 
0.220743 0.026586 0.830908 0.069996 0.415686 
0.696692 0.309816 0.085467 0.44196 0.029721 
0.056358 0.213239 0.905405 0.134146 0.596539 
0.270722 0.024851 0.663595 0.041144 0.50093 
0.314924 0.935017 0.8237679999999999 0.06671000000000001 0.20253 
0.06368 0.265012 0.06011 0.267502 0.905484 
0.463972 0.971349 0.462729 0.083896 0.047616 
0.5618649999999999 0.259057 0.979129 0.229424 0.928642 
0.646946 0.227366 0.343548 0.015298 0.116884 
0.951326 0.928217 0.539179 0.9891990000000001 0.462755 
0.034324 0.875104 0.872291 0.590525 0.957967 
0.217766 0.990032 0.475376 0.651052 0.226406 
0.384683 0.363066 0.051273 0.7505230000000001 0.041852 
0.169443 0.835219 0.5285260000000001 0.93199 0.9484 
0.819298 0.941697 0.104117 0.895132 0.486554 
0.575531 0.954308 0.054187 0.713941 0.198949 
0.784566 0.204323 0.057653 0.9796319999999999 0.6718150000000001 
0.454103 0.106417 0.543285 0.997349 0.440551 
0.18863 0.305941 0.956394 0.116556 0.950956 
0.042005 0.98329 0.149737 0.635646 0.29555 
0.850143 0.353173 0.781342 0.013619 0.891091 
0.935791 0.8475510000000001 0.784582 0.463141 0.012307 
0.893875 0.353721 0.985919 0.343178 0.799314 
0.125839 0.969603 0.122563 0.911456 0.833714 
0.081774 0.375792 0.9384710000000001 0.881888 0.894359 
0.21289 0.049566 0.06184 0.337971 0.285745 
0.518471 0.946269 0.941321 0.778532 0.793243 
0.466841 0.199424 0.723865 0.003014 0.657662 
0.216925 0.864226 0.053095 0.360627 0.061948 
0.906823 0.972907 0.648485 0.08236400000000001 0.292013 
0.890456 0.901362 0.183073 0.901637 0.805381 
0.958201 0.48711 0.862432 0.898743 0.180548 
0.736076 0.236736 0.824357 0.974589 0.912345 
0.156872 0.549898 0.134829 0.068846 0.090166 
0.705324 0.373715 0.030054 0.124704 0.895059 
0.397132 0.595288 0.005469 0.91389 0.752328 
0.376945 0.315176 0.163142 0.929972 0.041578 
0.555357 0.878433 0.821979 0.006511 0.422042 
0.044167 0.317984 0.353433 0.148863 0.939368 
0.321888 0.971216 0.219911 0.036873 0.719224 
0.000519 0.718372 0.676009 0.683187 0.322059 
0.871437 0.24317 0.963978 0.579286 0.066134 
0.959199 0.25369 0.765189 0.536983 0.07252 
0.086215 0.023882 0.38715 0.8239069999999999 0.401598 
0.214306 0.834356 0.029198 0.737231 0.638368 
0.474861 0.9811800000000001 0.69007 0.014353 0.235381 
0.977635 0.114331 0.5626679999999999 0.758269 0.223017 
0.320386 0.721603 0.982434 0.767485 0.11466 
0.569586 0.028204 0.017398 0.41082 0.645817 
0.326583 0.882501 0.195622 0.821208 0.043625 
0.875871 0.7600980000000001 0.970865 0.33171 0.055812 
0.7794450000000001 0.140143 0.383544 0.222287 0.976643 
0.437348 0.504509 0.289758 0.957755 0.990591 
0.861806 0.3768 0.884337 0.052296 0.93932 
0.985632 0.521931 0.101835 0.54597 0.113879 
0.850776 0.985077 0.183476 0.686872 0.253105 
0.206283 0.001761 0.593521 0.313719 0.669393 
0.77788 0.822935 0.076387 0.830898 0.907583 
0.896002 0.104051 0.789125 0.829409 0.872381 
0.115274 0.412928 0.08525199999999999 0.834529 0.922419 
0.090213 0.213301 0.956048 0.292978 0.07741199999999999 
0.057113 0.8931 0.326714 0.074479 0.773174 
0.116364 0.726953 0.9025570000000001 0.268283 0.035776 
0.95406 0.881605 0.131419 0.7550519999999999 0.163858 
0.967124 0.448187 0.684119 0.988533 0.275634 
0.184584 0.310523 0.968384 0.633378 0.191306 
0.983772 0.250656 0.769397 0.252448 0.887261 
0.814051 0.750819 0.009147000000000001 0.725561 0.497784 
0.782452 0.668373 0.33754 0.034387 0.943161 
0.275422 0.023048 0.366444 0.822582 0.135045 
0.708256 0.66087 0.247758 0.067231 0.958257 
0.924297 0.658071 0.197731 0.26858 0.019052 
0.507277 0.802833 0.211838 0.359851 0.013895 
0.010667 0.282749 0.170334 0.808316 0.36329 
0.198497 0.145775 0.034151 0.976835 0.667048 
0.847405 0.329019 0.824422 0.064442 0.07549500000000001 
0.8471030000000001 0.260662 0.952821 0.057788 0.250062 
0.169616 0.737761 0.553401 0.011016 0.146876 
0.094083 0.253404 0.959877 0.650441 0.960746 
0.993579 0.08308599999999999 0.434602 0.351259 0.617023 
0.006872 0.491602 0.36135 0.214984 0.243958 
0.717973 0.968889 0.114126 0.116991 0.273972 
0.878377 0.88827 0.153772 0.440288 0.918436 
0.000817 0.733548 0.74834 0.351676 0.619846 
0.760099 0.982026 0.904596 0.549001 0.06773800000000001 
0.88996 0.553404 0.059039 0.262744 0.935416 
0.530129 0.876606 0.113881 0.001769 0.731899 
0.627277 0.648635 0.608693 0.295413 0.998757 
0.01013 0.248717 0.180716 0.295669 0.30546 
0.020166 0.931964 0.515359 0.6367660000000001 0.118281 
0.710394 0.58713 0.888904 0.805499 0.02764 
0.137383 0.9975850000000001 0.404959 0.149026 0.6848030000000001 
0.910616 0.724108 0.088598 0.066131 0.461071 
0.223986 0.537811 0.996046 0.542667 0.607343 
0.608372 0.916177 0.183135 0.9518259999999999 0.335021 
0.695842 0.024509 0.923063 0.9150700000000001 0.575574 
0.88951 0.9909790000000001 0.382801 0.73004 0.779191 
0.9858749999999999 0.59432 0.7375930000000001 0.730531 0.040824 
0.130029 0.401026 0.036359 0.084798 0.198825 
0.234629 0.414114 0.014428 0.499785 0.893331 
0.947577 0.932878 0.887107 0.6118440000000001 0.264788 
0.161145 0.370023 0.9822149999999999 0.094953 0.876036 
0.533628 0.6773940000000001 0.95686 0.951088 0.933012 
0.571295 0.751362 0.145235 0.967936 0.103832 
0.105316 0.044832 0.492067 0.167379 0.136416 
0.639778 0.743409 0.474057 0.476944 0.998923 
0.6477579999999999 0.871451 0.483432 0.042536 0.907072 
0.784141 0.0529 0.08835999999999999 0.060423 0.527268 
0.324868 0.053835 0.806863 0.948743 0.523181 
0.097675 0.62791 0.289758 0.962341 0.07173499999999999 
0.328323 0.120189 0.012265 0.139022 0.537263 
0.166006 0.063779 0.930057 0.461462 0.788588 
0.848428 0.535268 0.257042 0.098472 0.014578 
0.020252 0.374927 0.400434 0.101229 0.360404 
0.943987 0.588206 0.979275 0.667432 0.528102 
0.323845 0.854661 0.284404 0.981924 0.203817 
0.557476 0.500434 0.800073 0.832273 0.008895999999999999 
0.290196 0.330993 0.003876 0.151159 0.525043 
0.092484 0.383232 0.981836 0.720618 0.425265 
0.91737 0.235585 0.468784 0.845363 0.011102 
0.959902 0.07571799999999999 0.592616 0.089161 0.525496 
0.003324 0.863473 0.395711 0.715846 0.2201 
0.461061 0.049748 0.112034 0.954758 0.61478 
0.359193 0.962835 0.369314 0.06591900000000001 0.894869 
0.599572 0.006493 0.125712 0.839853 0.401964 
0.533525 0.95877 0.047811 0.555966 0.115942 
0.463852 0.964903 0.119983 0.547445 0.913295 
0.756145 0.528348 0.940086 0.025059 0.173526 
0.30632 0.325767 0.172369 0.008344000000000001 0.240656 
0.148635 0.10951 0.541111 0.459513 0.042026 
0.219259 0.082468 0.039454 0.09875399999999999 0.760371 
0.5619150000000001 0.108226 0.960681 0.162487 0.926606 
0.097806 0.828529 0.08502800000000001 0.06683600000000001 0.315829 
0.158855 0.880346 0.980092 0.411875 0.377043 
0.126247 0.824963 0.148869 0.036931 0.70242 
0.982189 0.656606 0.57606 0.833997 0.987085 
0.934029 0.217527 0.978619 0.650526 0.387555 
0.819263 0.357114 0.020569 0.7111960000000001 0.0736 
0.015703 0.92577 0.423646 0.217625 0.615606 
0.488907 0.06356199999999999 0.280182 0.024735 0.712951 
0.378317 0.368537 0.003434 0.722635 0.328822 
0.5157389999999999 0.017589 0.613879 0.458681 0.050607 
0.137579 0.282273 0.156954 0.924725 0.851921 
0.509253 0.009601 0.365435 0.871973 0.252738 
0.766471 0.06969599999999999 0.383652 0.035829 0.175987 
0.707442 0.982232 0.368539 0.042496 0.227736 
0.450353 0.081025 0.786107 0.095557 0.026078 
0.175463 0.013457 0.164501 0.775003 0.477488 
0.143042 0.098764 0.921509 0.793435 0.266205 
0.494437 0.006565 0.330887 0.212311 0.309924 
0.8883180000000001 0.960686 0.249321 0.338365 0.902455 
0.093099 0.706964 0.952025 0.678704 0.979684 
0.542873 0.058991 0.456002 0.020214 0.733517 
0.606644 0.860053 0.911639 0.921882 0.065793 
0.560008 0.047544 0.069241 0.738142 0.9544319999999999 
0.967159 0.034547 0.626745 0.694877 0.802167 
0.026555 0.31533 0.755126 0.403876 0.945815 
0.977026 0.880117 0.1217 0.413858 0.708806 
0.677465 0.161957 0.008168 0.284918 0.617752 
0.949776 0.878076 0.827505 0.873825 0.370797 
0.7401799999999999 0.213244 0.994876 0.87414 0.676582 
0.935264 0.990206 0.392069 0.496248 0.439855 
0.968059 0.164061 0.375742 0.101057 0.470095 
0.095017 0.949728 0.070105 0.26087 0.447177 
0.982615 0.8107529999999999 0.320504 0.703858 0.741877 
0.002765 0.471752 0.734561 0.773159 0.475291 
0.042519 0.614437 0.837097 0.09751700000000001 0.961889 
0.153566 0.977127 0.578721 0.557088 0.970566 
0.010332 0.6501980000000001 0.871123 0.969591 0.908496 
0.137751 0.178961 0.791564 0.81097 0.980098 
0.60567 0.492047 0.833819 0.995886 0.849089 
0.9286180000000001 0.287185 0.711665 0.950026 0.093108 
0.801026 0.84673 0.998675 0.726998 0.661026 
0.8584079999999999 0.25876 0.981187 0.803302 0.103072 
0.124955 0.120155 0.453314 0.84173 0.960757 
0.980324 0.303153 0.096846 0.684592 0.934082 
0.459637 0.116319 0.979003 0.099219 0.578852 
0.937323 0.584394 0.9070589999999999 0.941862 0.880835 
0.263004 0.316234 0.93858 0.71131 0.983876 
0.995678 0.355406 0.304321 0.731226 0.715983 
0.8666469999999999 0.74177 0.929698 0.439219 0.95983 
0.871406 0.724939 0.057798 0.417272 0.08899899999999999 
0.799305 0.9194290000000001 0.839172 0.960658 0.772969 
0.0557 0.142534 0.574102 0.937294 0.097578 
0.561129 0.896172 0.969778 0.060245  0.541 
0.13227 0.055457 0.062656 0.056681 0.638439 
0.495631 0.06424199999999999 0.715087 0.467008 0.003472 
0.949415 0.81192 0.940217 0.233434 0.322744 
0.856618 0.17433 0.959707 0.790075 0.793011 
0.198361 0.847546 0.699587 0.962762 0.138508 
0.048846 0.955112 0.560426 0.078762 0.749647 
0.753068 0.806221 0.159584 0.132269 0.046683 
0.608795 0.023115 0.491641 0.010383 0.512217 
0.837723 0.606593 0.009976 0.671705 0.338601 
0.864414 0.200571 0.99212 0.565138 0.270325 
0.050212 0.921005 0.334398 0.226344 0.163016 
0.752665 0.03912 0.484915 0.968012 0.375515 
0.285898 0.08681999999999999 0.176053 0.917484 0.157725 
0.047826 0.809603 0.99258 0.297638 0.394237 
0.948588 0.919582 0.421694 0.405376 0.150371 
0.285471 0.919219 0.318151 0.162074 0.983356 
0.359612 0.991689 0.325308 0.450177 0.119699 
0.780905 0.664955 0.906461 0.882786 0.99249 
0.778477 0.857257 0.910707 0.259775 0.038774 
0.675636 0.414007 0.21301 0.052475 0.949506 
0.430073 0.244319 0.261558 0.013502 0.93194 
0.993621 0.785354 0.45187 0.572425 0.75201 
0.9222359999999999 0.015133 0.333858 0.157413 0.646401 
0.059072 0.823174 0.093349 0.916041 0.895253 
0.362412 0.052892 0.959921 0.393782 0.288326 
0.516464 0.215134 0.755918 0.709823 0.9955619999999999 
0.706243 0.832031 0.944608 0.02168 0.372328 
0.94226 0.565352 0.874916 0.715713 0.980585 
0.66578 0.76581 0.969533 0.944115 0.740544 
0.132862 0.017439 0.09320100000000001 0.425565 0.466461 
0.866425 0.003552 0.694418 0.09070499999999999 0.476218 
0.313854 0.943587 0.862553 0.928731 0.188961 
0.868032 0.020898 0.240565 0.178612 0.92743 
0.308608 0.7798890000000001 0.598321 0.976444 0.092099 
0.074797 0.118083 0.62831 0.014292 0.202981 
0.954321 0.278334 0.956193 0.735376 0.469571 
0.075766 0.403936 0.953969 0.351221 0.9692499999999999 
0.038986 0.240735 0.033413 0.571797 0.195169 
0.175343 0.988462 0.077197 0.453938 0.342354 
0.668351 0.979609 0.285184 0.089355 0.797567 
0.257378 0.753258 0.012646 0.533698 0.854746 
0.853207 0.8437249999999999 0.49023 0.300531 0.01918 
0.581189 0.038551 0.9229619999999999 0.228432 0.261465 
0.191496 0.468909 0.954671 0.154998 0.050554 
0.581306 0.00628 0.548271 0.785355 0.453584 
0.22229 0.025206 0.629323 0.035534 0.213826 
0.136373 0.027504 0.256635 0.261199 0.972101 
0.098676 0.446676 0.286486 0.976869 0.242787 
0.517852 0.532385 0.787351 0.00274 0.047954 
0.93305 0.764323 0.980437 0.204992 0.305516 
0.11341 0.081319 0.728005 0.579578 0.961935 
0.167477 0.784384 0.133819 0.100307 0.854786 
0.021271 0.497372 0.326418 0.113469 0.073875 
0.6133729999999999 0.957749 0.888966 0.847729 0.783349 
0.775125 0.522698 0.992452 0.148376 0.749933 
0.996514 0.413302 0.373216 0.63427 0.173246 
0.442023 0.08031000000000001 0.766643 0.964349 0.818437 
0.464691 0.05513 0.57148 0.856075 0.054254 
0.843646 0.152516 0.33563 0.9350889999999999 0.044275 
0.014453 0.9134640000000001 0.586199 0.248147 0.613567 
0.765803 0.843803 0.789548 0.941043 0.10356 
0.247267 0.813167 0.8930670000000001 0.778304 0.958589 
0.237158 0.914625 0.107606 0.531566 0.035982 
0.747422 0.923961 0.018045 0.279933 0.826772 
0.651549 0.588984 0.047981 0.412207 0.963263 
0.291968 0.103292 0.03529 0.112926 0.950543 
0.7775919999999999 0.988376 0.63313 0.022035 0.33754 
0.017501 0.147648 0.511761 0.17152 0.7392840000000001 
0.554223 0.8232429999999999 0.2446 0.993139 0.682542 
0.01142 0.936423 0.466204 0.493241 0.896584 
0.756632 0.720545 0.19906 0.60683 0.9885659999999999 
0.813814 0.764943 0.392099 0.002231 0.489397 
0.794506 0.270431 0.133745 0.859819 0.983827 
0.170163 0.932955 0.169153 0.948458 0.728223 
0.741943 0.83192 0.071045 0.059038 0.258643 
0.560718 0.987586 0.354975 0.062973 0.392747 
0.680432 0.015225 0.880239 0.182821 0.679592 
0.454225 0.157199 0.047601 0.03795 0.82787 
0.529785 0.088176 0.976544 0.771842 0.342428 
0.482174 0.897127 0.006463 0.6173419999999999 0.671286 
0.5021099999999999 0.956446 0.993493 0.628579 0.531289 
0.368945 0.865955 0.106017 0.833168 0.049315 
0.838645 0.100574 0.34223 0.862134 0.884522 
0.155827 0.986132 0.924509 0.228093 0.554406 
0.607911 0.16811 0.430562 0.460879 0.997667 
0.559408 0.973449 0.759881 0.323018 0.96327 
0.995789 0.22716 0.881734 0.300082 0.481533 
0.384305 0.012695 0.369209 0.302857 0.114258 
0.986317 0.02966 0.503227 0.744014 0.636206 
0.198354 0.743846 0.823894 0.192243 0.02426 
0.902189 0.085522 0.366983 0.875515 0.788422 
0.007756 0.358769 0.832152 0.975159 0.500814 
0.315863 0.707162 0.272088 0.981501 0.09143900000000001 
0.812945 0.172544 0.949963 0.033707 0.521373 
0.897667 0.08217099999999999 0.045682 0.782274 0.672438 
0.094473 0.807691 0.859011 0.394777 0.017526 
0.817758 0.057687 0.545071 0.013932 0.160945 
0.01082 0.85894 0.200982 0.901012 0.309915 
0.736205 0.392236 0.304279 0.014401 0.038429 
0.105346 0.547512 0.032661 0.941618 0.77574 
0.15422 0.969826 0.872888 0.635694 0.103662 
0.007236 0.607996 0.5897 0.085938 0.367208 
0.723333 0.050892 0.342535 0.978592 0.187369 
0.943999 0.791692 0.961766 0.405809 0.431532 
0.326356 0.059688 0.16839 0.134766 0.010736 
0.444284 0.088086 0.460999 0.005319 0.394206 
0.742969 0.076275 0.961155 0.135382 0.365218 
0.07603699999999999 0.954579 0.600885 0.06581099999999999 0.08845699999999999 
0.524304 0.985044 0.640498 0.858206 0.867062 
0.399506 0.492154 0.6334379999999999 0.189505 0.003691 
0.09162099999999999 0.869402 0.047556 0.273924 0.845915 
0.451956 0.016688 0.472359 0.930716 0.545862 
0.990753 0.591316 0.248574 0.780854 0.811388 
0.880868 0.755284 0.052226 0.754869 0.08480799999999999 
0.27945 0.717221 0.33345 0.301303 0.992467 
0.119105 0.7957880000000001 0.808709 0.968244 0.284975 
0.567982 0.07978399999999999 0.924552 0.938985 0.526316 
0.991667 0.943154 0.591519 0.667422 0.353613 
0.04797 0.229414 0.766683 0.640391 0.052576 
0.6524219999999999 0.253526 0.005447 0.55059 0.7682020000000001 
0.14973 0.5071290000000001 0.313531 0.513714 0.9974420000000001 
0.472889 0.852394 0.178994 0.353661 0.986453 
0.459096 0.034749 0.028859 0.039845 0.6801199999999999 
0.140611 0.246564 0.001892 0.798562 0.427839 
0.185235 0.244603 0.044519 0.228121 0.034914 
0.024097 0.99088 0.713835 0.428256 0.699839 
0.185816 0.008226000000000001 0.249823 0.780114 0.375342 
0.005807 0.592031 0.259155 0.616672 0.406988 
0.905629 0.91206 0.99148 0.807511 0.845162 
0.346584 0.039156 0.095928 0.25467 0.238624 
0.376963 0.610911 0.581543 0.988282 0.054113 
0.022251 0.967324 0.8154670000000001 0.554392 0.667197 
0.966927 0.142658 0.646994 0.035861 0.7232150000000001 
0.014211 0.841709 0.605002 0.267617 0.837282 
0.129464 0.906513 0.7579 0.021809 0.543183 
0.931413 0.258588 0.08169700000000001 0.078164 0.710121 
0.989236 0.08135199999999999 0.275037 0.544818 0.751535 
0.904909 0.812618 0.675615 0.06908300000000001 0.079611 
0.73904 0.037379 0.236341 0.182306 0.010699 
0.906622 0.600352 0.121742 0.125713 0.859865 
0.608311 0.8840980000000001 0.031937 0.766777 0.224824 
0.209669 0.902025 0.326179 0.089017 0.107069 
0.807024 0.65734 0.910128 0.521212 0.017467 
0.138915 0.740767 0.073045 0.668059 0.059937 
0.907953 0.970604 0.949272 0.419039 0.787644 
0.025593 0.136973 0.100988 0.306047 0.739108 
0.911964 0.372768 0.109865 0.507583 0.949993 
0.537428 0.556494 0.987507 0.03703 0.362526 
0.9677 0.126706 0.547515 0.088252 0.254527 
0.827814 0.072162 0.821984 0.08347499999999999 0.96465 
0.406487 0.823994 0.869528 0.150713 0.029119 
0.397333 0.974425 0.155491 0.334617 0.909238 
0.942947 0.114044 0.7450909999999999 0.752013 0.07770299999999999 
0.947286 0.043879 0.466997 0.8123590000000001 0.324428 
0.943976 0.410485 0.019181 0.381776 0.500906 
0.739689 0.955337 0.344632 0.230085 0.035035 
0.296774 0.87993 0.990503 0.380964 0.864686 
0.261278 0.300384 0.560542 0.026354 0.928226 
0.44637 0.144828 0.122344 0.236686 0.975282 
0.571491 0.046545 0.289404 0.010372 0.320777 
0.37067 0.856251 0.013177 0.466747 0.6122840000000001 
0.687836 0.456359 0.017709 0.6397890000000001 0.935906 
0.818733 0.445353 0.045815 0.020498 0.506781 
0.232042 0.9325909999999999 0.054121 0.607683 0.332595 
0.936098 0.005793 0.36768 0.59692 0.434506 
0.030869 0.822979 0.802588 0.090722 0.769824 
0.421018 0.051466 0.992667 0.75443 0.706585 
0.841023 0.07071 0.426972 0.114775 0.018419 
0.574454 0.855179 0.001469 0.691123 0.700915 
0.722845 0.8501880000000001 0.101985 0.053836 0.819636 
0.785779 0.583876 0.196467 0.014415 0.269338 
0.018457 0.212077 0.370317 0.922674 0.376021 
0.0667 0.029183 0.483805 0.31325 0.797529 
0.875283 0.881827 0.868502 0.917353 0.949601 
0.869397 0.96066 0.809863 0.360023 0.908009 
0.899446 0.985507 0.414282 0.843951 0.277097 
0.547031 0.955441 0.104289 0.791758 0.06886100000000001 
0.913189 0.973063 0.271993 0.390479 0.774488 
0.821926 0.111033 0.131398 0.40537 0.055484 
0.896811 0.710719 0.046844 0.307601 0.856289 
0.700148 0.379426 0.010589 0.964053 0.842259 
0.294899 0.368401 0.711044 0.515261 0.996319 
0.96632 0.939107 0.5710809999999999 0.153103 0.200221 
0.535778 0.827104 0.133395 0.9769099999999999 0.922311 
0.286307 0.964484 0.08505500000000001 0.518128 0.179307 
0.9738 0.661339 0.129092 0.645261 0.896629 
0.042011 0.070616 0.848377 0.679831 0.913722 
0.829946 0.904653 0.50889 0.914378 0.946803 
0.051811 0.790668 0.762482 0.041821 0.886239 
0.016213 0.497547 0.265345 0.657521 0.962044 
0.022866 0.311898 0.070785 0.689451 0.606918 
0.169991 0.038975 0.046618 0.501654 0.292991 
0.141363 0.890666 0.427047 0.378178 0.032022 
0.186011 0.287326 0.08383699999999999 0.053613 0.06626600000000001 
0.102578 0.031244 0.111161 0.285387 0.498498 
0.263469 0.127936 0.224908 0.029131 0.605452 
0.474833 0.520199 0.982811 0.105271 0.28396 
0.100563 0.167835 0.805601 0.731127 0.054937 
0.890879 0.000763 0.820689 0.312269 0.302501 
0.957139 0.642832 0.07471 0.6520319999999999 0.7067600000000001 
0.104955 0.980053 0.75543 0.513525 0.810787 
0.973456 0.87622 0.632239 0.036385 0.516164 
0.929891 0.686075 0.8581569999999999 0.044393 0.118414 
0.6627729999999999 0.22221 0.6753209999999999 0.123162 0.985167 
0.351593 0.223834 0.970214 0.39389 0.104615 
0.935983 0.06857099999999999 0.47667 0.389544 0.060602 
0.102128 0.468733 0.988007 0.441024 0.297123 
0.16764 0.523769 0.990425 0.075181 0.573962 
0.480635 0.030405 0.014391 0.868299 0.503819 
0.894463 0.243896 0.157258 0.033231 0.5123760000000001 
0.495331 0.024851 0.664839 0.9556519999999999 0.642176 
0.054274 0.187943 0.762892 0.924964 0.8716930000000001 
0.437478 0.6917450000000001 0.15541 0.977149 0.94296 
0.6978529999999999 0.806985 0.996356 0.7546929999999999 0.118121 
0.158487 0.697452 0.075157 0.162498 0.103622 
0.583098 0.120967 0.09483999999999999 0.968757 0.9050550000000001 
0.447314 0.002242 0.674866 0.471462 0.857379 
0.975108 0.639842 0.832636 0.114184 0.092055 
0.624471 0.485705 0.245909 0.99383 0.295716 
0.095985 0.227589 0.095682 0.124765 0.931661 
0.44987 0.970058 0.757836 0.941426 0.540757 
