5
1056
0.520983 0.15362 0.89203 0.346155 0.819252 
0.180435 0.5762429999999999 0.914605 0.7597159999999999 0.545346 
0.58973 0.586599 0.9710530000000001 0.494346 0.476001 
0.5287500000000001 0.708283 0.115019 0.122528 0.332868 
0.508112 0.837399 0.166586 0.8034289999999999 0.235116 
0.923451 0.43528 0.759179 0.517003 0.262159 
0.675583 0.52616 0.171709 0.917909 0.30259 
0.8290149999999999 0.259381 0.419654 0.117465 0.235182 
0.605896 0.300178 0.09616 0.166743 0.45433 
0.925489 0.695455 0.504447 0.238676 0.432808 
0.07979700000000001 0.13991 0.464302 0.517967 0.477026 
0.55018 0.8668709999999999 0.498615 0.224914 0.128401 
0.621534 0.118627 0.764313 0.809752 0.497371 
0.309044 0.099579 0.63006 0.41008 0.214482 
0.501748 0.880578 0.86781 0.281984 0.298422 
0.124308 0.24594 0.50972 0.872097 0.332009 
0.39223 0.214033 0.252166 0.153459 0.177587 
0.178927 0.218846 0.13871 0.293831 0.411164 
0.799641 0.57409 0.732634 0.384418 0.914386 
0.778648 0.728838 0.572093 0.164147 0.8173280000000001 
0.100509 0.248988 0.7431219999999999 0.64388 0.694849 
0.068204 0.297211 0.229697 0.521961 0.605853 
0.933577 0.636186 0.375547 0.819758 0.673962 
0.433822 0.247749 0.923704 0.68676 0.374143 
0.534995 0.653845 0.175309 0.41025 0.06540899999999999 
0.230964 0.81687 0.141292 0.701582 0.496281 
0.705203 0.341778 0.268732 0.581718 0.937258 
0.492686 0.569453 0.799864 0.315282 0.952274 
0.902371 0.156104 0.639707 0.556415 0.6638810000000001 
0.71458 0.938152 0.515002 0.645367 0.6799460000000001 
0.852353 0.493357 0.854193 0.426596 0.806486 
0.867107 0.459001 0.423386 0.8451959999999999 0.215664 
0.9660609999999999 0.591684 0.434372 0.486309 0.390339 
0.201503 0.660731 0.900058 0.282309 0.762942 
0.2224 0.878059 0.542977 0.817537 0.339309 
0.70022 0.591605 0.109367 0.138776 0.409292 
0.117057 0.377764 0.077792 0.442827 0.599815 
0.088015 0.266069 0.815825 0.573614 0.722369 
0.759231 0.402924 0.945163 0.353921 0.346288 
0.572589 0.498283 0.645628 0.075376 0.841854 
0.496971 0.5913580000000001 0.954505 0.357807 0.655845 
0.676219 0.20906 0.674071 0.115442 0.228864 
0.699594 0.078404 0.740866 0.731445 0.393828 
0.8328950000000001 0.474458 0.213812 0.543117 0.159515 
0.662911 0.549106 0.832803 0.919531 0.54914 
0.503615 0.264084 0.45213 0.955826 0.567931 
0.238163 0.8042899999999999 0.705157 0.574708 0.118578 
0.418999 0.112588 0.268216 0.898048 0.499801 
0.305001 0.150916 0.448796 0.913098 0.430721 
0.619989 0.161612 0.22078 0.642106 0.883332 
0.153733 0.797219 0.852998 0.334045 0.289902 
0.38303 0.57807 0.621177 0.114589 0.89245 
0.132372 0.775262 0.833911 0.548207 0.711678 
0.800518 0.309703 0.184755 0.174732 0.721173 
0.080235 0.513445 0.476023 0.51622 0.112316 
0.7012389999999999 0.731769 0.836904 0.841465 0.506661 
0.452553 0.065472 0.388512 0.718228 0.262498 
0.560549 0.144861 0.673414 0.075424 0.657229 
0.04458 0.253266 0.643632 0.515889 0.543221 
0.680889 0.705016 0.202442 0.436539 0.908063 
0.435289 0.9007500000000001 0.904052 0.406832 0.620501 
0.778168 0.676638 0.261073 0.85038 0.335848 
0.419012  0.332 0.930106 0.293256 0.75625 
0.536259 0.897217 0.534413 0.871259 0.253943 
0.84897 0.632922 0.51734 0.926783 0.439331 
0.191759 0.889602 0.548152 0.7988189999999999 0.74297 
0.46785 0.153078 0.7743719999999999 0.87527 0.6637380000000001 
0.436498 0.219445 0.205025 0.854629 0.754598 
0.5313560000000001 0.5015309999999999 0.225428 0.774613 0.928359 
0.20146 0.936893 0.364646 0.6128749999999999 0.588191 
0.668107 0.872487 0.884722 0.528374 0.381337 
0.309568 0.903462 0.487942 0.837017 0.747883 
0.855409 0.857013 0.809385 0.328814 0.381336 
0.658708 0.897654 0.865631 0.65816 0.694219 
0.786554 0.60506 0.243792 0.414059 0.095527 
0.636292 0.156117 0.850401 0.685209 0.314759 
0.609782 0.604718 0.498775 0.916833 0.208321 
0.259352 0.931319 0.685636 0.485498 0.764904 
0.618688 0.295065 0.165295 0.107317 0.678043 
0.876665 0.102297 0.303647 0.394855 0.334462 
0.346709 0.139887 0.074408 0.568438 0.731085 
0.343912 0.125728 0.113439 0.568424 0.508401 
0.699226 0.887496 0.141235 0.742218 0.462673 
0.184726 0.6927140000000001 0.440339 0.781348 0.118461 
0.227316 0.503802 0.405244 0.932628 0.685521 
0.858356 0.39667 0.830747 0.365852 0.87374 
0.549197 0.357583 0.900643 0.111642 0.359516 
0.513082 0.364497 0.104375 0.227873 0.858372 
0.664654 0.834723 0.18686 0.564337 0.816186 
0.259926 0.568648 0.265653 0.834406 0.868154 
0.76678 0.273183 0.386703 0.323975 0.054598 
0.041618 0.465607 0.452839 0.857401 0.345436 
0.08268499999999999 0.693601 0.355114 0.396515 0.22581 
0.442581 0.453271 0.131714 0.721079 0.17888 
0.34975 0.240717 0.727598 0.732725 0.917205 
0.881621 0.399628 0.555052 0.75825 0.907145 
0.599675 0.74163 0.579494 0.562204 0.970812 
0.204392 0.220879 0.309546 0.535247 0.898085 
0.399907 0.230165 0.382148 0.768779 0.872318 
0.227233 0.098922 0.583045 0.243662 0.23494 
0.634561 0.059867 0.184665 0.666779 0.546305 
0.35922 0.418518 0.025491 0.430198 0.34015 
0.83065 0.729413 0.243004 0.172813 0.468674 
0.466613 0.362695 0.822446 0.850309 0.144839 
0.626668 0.404888 0.954699 0.623719 0.8486860000000001 
0.787958 0.207762 0.852972 0.8998930000000001 0.49418 
0.688991 0.879302 0.424216 0.791646 0.186455 
0.050247 0.499601 0.791538 0.372209 0.708619 
0.158524 0.318881 0.438611 0.736291 0.841397 
0.367283 0.91828 0.531456 0.185006 0.398271 
0.515823 0.444915 0.686453 0.223711 0.909766 
0.685257 0.108486 0.32821 0.219774 0.7434730000000001 
0.602947 0.728221 0.218346 0.746541 0.112831 
0.357807 0.653865 0.504861 0.203433 0.094316 
0.733302 0.59937 0.618661 0.837207 0.941613 
0.451189 0.136128 0.89601 0.247501 0.745244 
0.073516 0.589925 0.8721719999999999 0.586818 0.653446 
0.228934 0.696076 0.952493 0.555092 0.425831 
0.305241 0.190152 0.890483 0.353514 0.515707 
0.274556 0.457948 0.728114 0.405423 0.938682 
0.429182 0.265297 0.852689 0.142063 0.6473989999999999 
0.176024 0.435043 0.773851 0.1076 0.431201 
0.570837 0.053635 0.443716 0.5304219999999999 0.804127 
0.346957 0.306904 0.133562 0.77695 0.196775 
0.598664 0.74825 0.843175 0.237333 0.856667 
0.59002 0.471717 0.148421 0.513591 0.9258960000000001 
0.146022 0.187574 0.554851 0.389115 0.862416 
0.894588 0.34303 0.302029 0.203513 0.440209 
0.250627 0.293123 0.52035 0.525379 0.04958 
0.322419 0.892024 0.252348 0.207323 0.485596 
0.294152 0.8116409999999999 0.247605 0.491041 0.927609 
0.650427 0.718684 0.919309 0.818967 0.37448 
0.503803 0.422798 0.9718869999999999 0.508259 0.302525 
0.349005 0.731995 0.643102 0.613973 0.043004 
0.113067 0.312119 0.779013 0.871927 0.475838 
0.746974 0.390971 0.055428 0.5788450000000001 0.653694 
0.6286310000000001 0.408601 0.360383 0.955757 0.409856 
0.13169 0.316902 0.172887 0.708535 0.354383 
0.811634 0.136408 0.602147 0.287191 0.826376 
0.902089 0.409043 0.788922 0.415053 0.8023130000000001 
0.552446 0.955525 0.504474 0.691283 0.394634 
0.484417 0.596888 0.899628 0.055252 0.612464 
0.160429 0.322345 0.657281 0.930126 0.622457 
0.305443 0.581647 0.738673 0.875045 0.881175 
0.467122 0.912988 0.592917 0.153597 0.496665 
0.757182 0.956827 0.3882 0.472213 0.483105 
0.911554 0.494446 0.151689 0.436092 0.4018 
0.524737 0.26122 0.322135 0.126251 0.894711 
0.319102 0.142511 0.17837 0.860574 0.670067 
0.456932 0.662058 0.209202 0.062789 0.289912 
0.54135 0.472805 0.435946 0.943945 0.880029 
0.681269 0.079695 0.440875 0.794336 0.402967 
0.177985 0.401777 0.663486 0.20449 0.870497 
0.814105 0.666081 0.827319 0.74557 0.796112 
0.572931 0.245515 0.368049 0.798887 0.897031 
0.165614 0.468098 0.327561 0.320577 0.93126 
0.316762 0.820147 0.213277 0.549241 0.09028799999999999 
0.064056 0.589548 0.5359350000000001  0.462 0.828992 
0.223491 0.220964 0.73472 0.43493 0.871652 
0.602527 0.663601 0.134661 0.24596 0.856898 
0.204941 0.444036 0.909814 0.250505 0.236353 
0.389626 0.446706 0.794911 0.06619999999999999 0.631333 
0.7873250000000001 0.563101 0.044243 0.589964 0.532451 
0.963265 0.602343 0.579729 0.510772 0.547224 
0.193516 0.417218 0.182157 0.5157929999999999 0.930746 
0.457359 0.827498 0.762675 0.27113 0.876845 
0.128652 0.256331 0.150079 0.378025 0.464542 
0.047402 0.679561 0.384524 0.692169 0.281851 
0.885868 0.788568 0.459539 0.464736 0.822646 
0.907053 0.840143 0.284202 0.584615 0.623051 
0.573755 0.094393 0.457235 0.750591 0.185222 
0.330749 0.905708 0.229927 0.37655 0.676505 
0.285038 0.634341 0.366494 0.660911 0.93676 
0.693159 0.916729 0.462681 0.281858 0.186625 
0.15888 0.304387 0.828992 0.863836 0.499841 
0.676049 0.359252 0.950812 0.305076 0.414977 
0.166852 0.27382 0.093552 0.331969 0.404417 
0.910114 0.280505 0.441255 0.174596 0.427843 
0.329534 0.486162 0.933016 0.198571 0.376808 
0.530543 0.84436 0.154363 0.375277 0.27515 
0.8900400000000001 0.89781 0.488748 0.389385 0.396427 
0.247556 0.670008 0.824406 0.79552 0.305557 
0.198824 0.640481 0.558299 0.33902 0.917068 
0.369879 0.563797 0.734577 0.03103 0.513872 
0.421655 0.7614610000000001 0.878852 0.857588 0.479615 
0.893693 0.295019 0.387557 0.671158 0.154756 
0.944391 0.385001 0.7083120000000001 0.598282 0.317871 
0.321656 0.074991 0.368226 0.772508 0.548098 
0.888416 0.609765 0.313585 0.424594 0.154452 
0.434836 0.284284 0.959387 0.419378 0.485115 
0.936733 0.668556 0.423313 0.621958 0.25399 
0.869414 0.243043 0.824797 0.355653 0.463418 
0.116516 0.284266 0.664059 0.840942 0.718282 
0.201002 0.241475 0.466774 0.078931 0.590275 
0.744641 0.176925 0.573323 0.845171 0.791741 
0.787276 0.748627 0.169706 0.255294 0.730522 
0.128731 0.574471 0.138971 0.693205 0.695711 
0.39421 0.489219 0.309107 0.167307 0.935883 
0.183829 0.6113 0.122587 0.325478 0.314244 
0.737758 0.499759 0.451016 0.227997 0.9531539999999999 
0.824802 0.454297 0.3657 0.32362 0.07817200000000001 
0.080235 0.501408 0.170905 0.395235 0.708413 
0.619722 0.6642130000000001 0.425436 0.310523 0.960973 
0.840466 0.714873 0.866581 0.62249 0.184465 
0.052275 0.5791809999999999 0.302344 0.501073 0.527474 
0.862715 0.657614 0.521855 0.820565 0.231597 
0.447892 0.713819 0.153879 0.248062 0.17443 
0.925058 0.443063 0.566148 0.255206 0.242909 
0.07691099999999999 0.645221 0.236874 0.147944 0.491586 
0.087662 0.338533 0.725841 0.214689 0.285453 
0.234329 0.37484 0.937248 0.322509 0.411788 
0.9177380000000001 0.426814 0.461463 0.814408 0.746913 
0.905051 0.189956 0.5941419999999999 0.741753 0.643684 
0.220964 0.741137 0.295916 0.468016 0.9413 
0.426776 0.827355 0.359737 0.092498 0.619166 
0.776628 0.7823830000000001 0.519062 0.881813 0.637217 
0.852827 0.470259 0.640154 0.061559 0.615047 
0.056799 0.62618 0.209889 0.605196 0.535243 
0.886025 0.415324 0.355835 0.523419 0.107774 
0.590134 0.376929 0.049878 0.2952 0.42076 
0.303912 0.85353 0.280829 0.896258 0.407545 
0.380519 0.388406 0.945869 0.214995 0.415739 
0.332715 0.936962 0.517087 0.683717 0.227489 
0.404728 0.262201 0.810002 0.705296 0.9162169999999999 
0.208281 0.577746 0.173812 0.262521 0.186859 
0.67722 0.04286 0.354891 0.647794 0.466819 
0.035261 0.626016 0.458592 0.548077 0.529068 
0.420595 0.94373 0.267307 0.62413 0.747075 
0.794334 0.369775 0.809477 0.881675 0.320033 
0.308788 0.799702 0.585414 0.045618 0.704152 
0.225451 0.147963 0.8070040000000001 0.3236 0.744228 
0.946072 0.6307120000000001 0.373383 0.452718 0.824588 
0.148395 0.068216 0.504986 0.294897 0.332055 
0.15807 0.675978 0.159298 0.314059 0.385867 
0.060665 0.592942 0.573106 0.185185 0.408191 
0.155876 0.801859 0.845092 0.459614 0.740356 
0.321225 0.822106 0.143047 0.185902 0.463242 
0.320546 0.420065 0.027946 0.68213 0.552296 
0.544633 0.643606 0.079717 0.81075 0.270204 
0.770417 0.39953 0.8942020000000001 0.8611529999999999 0.390511 
0.907318 0.293535 0.442562 0.147472 0.555718 
0.527174 0.217205 0.56436 0.203302 0.892477 
0.281871 0.401342 0.347529 0.916277 0.8606 
0.734307 0.505925 0.07475900000000001 0.476634 0.791194 
0.357229 0.947093 0.79005 0.368501 0.388446 
0.249096 0.563003 0.388833 0.11163 0.161516 
0.358069 0.062075 0.295571 0.656764 0.239772 
0.332699 0.672806 0.853662 0.492882 0.868237 
0.056383 0.627379 0.359002 0.745376 0.5269200000000001 
0.504385 0.200735 0.759806 0.062386 0.514045 
0.460866 0.772683 0.477845 0.138643 0.172891 
0.349254 0.911182 0.243517 0.788761 0.70965 
0.6169790000000001 0.562789 0.795934   0.27 0.892624 
0.676704 0.358298 0.922126 0.179599 0.51333 
0.416264 0.150599 0.115947 0.721946 0.7422029999999999 
0.346755 0.91674 0.646796 0.708324 0.80183 
0.352665 0.233522 0.8090889999999999 0.359085 0.148941 
0.34302 0.133613 0.64185 0.569281 0.90219 
0.611251 0.299363 0.391695 0.212824 0.9320310000000001 
0.554737 0.472665 0.072696 0.7934369999999999 0.296939 
0.286774 0.804377 0.170496 0.52632 0.858658 
0.354506 0.185506 0.794385 0.222278 0.826126 
0.702606 0.7029530000000001 0.530421 0.778245 0.96752 
0.476424 0.266096 0.272314 0.778183 0.913996 
0.454524 0.180593 0.23461 0.092028 0.708295 
0.263627 0.786225 0.086953 0.421657 0.791961 
0.619067 0.6551169999999999 0.559602 0.238767 0.95585 
0.434535 0.237739 0.683601 0.284757 0.9175990000000001 
0.181481 0.145511 0.595989 0.79101 0.512148 
0.914277 0.259688 0.575501   0.45 0.153732 
0.773794 0.160398 0.807315 0.550057 0.810688 
0.233225 0.81664 0.272491 0.758307 0.872966 
0.628183 0.876456 0.603847 0.8600449999999999 0.770992 
0.375291 0.522729 0.5090710000000001 0.957771 0.257251 
0.559569 0.671449 0.044663 0.656949 0.340548 
0.475966 0.565011 0.141083 0.185985 0.8533849999999999 
0.48089 0.319811 0.061476 0.23284 0.340273 
0.818845 0.31958 0.189169 0.360636 0.205773 
0.620404 0.13094 0.700357 0.892284 0.615259 
0.593244 0.643599 0.966603 0.695098 0.506482 
0.440137 0.381589 0.366367 0.53055 0.956214 
0.842468 0.360403 0.291657 0.880185 0.267003 
0.15739 0.255536 0.798857 0.382173 0.18846 
0.34262 0.413893 0.29695 0.8396439999999999 0.898921 
0.453771 0.521355 0.415373 0.171719 0.07475800000000001 
0.501336 0.958311 0.324953 0.486609 0.429739 
0.643505 0.390388 0.247641 0.105802 0.220868 
0.330796 0.69279 0.722205 0.09259299999999999 0.202973 
0.719319 0.600518 0.909166 0.361263 0.7402069999999999 
0.769105 0.350879 0.217463 0.901726 0.313953 
0.395628 0.325178 0.270525 0.714163 0.943068 
0.431956 0.877282 0.481338 0.851384 0.215754 
0.93243 0.348764 0.67738 0.729661 0.409098 
0.771984 0.734761 0.132886 0.411598 0.7308249999999999 
0.683512 0.782384 0.529174 0.828636 0.879294 
0.288608 0.63639 0.813037 0.715529 0.887971 
0.134189 0.312182 0.844151 0.638742 0.337767 
0.43216 0.320102 0.954342 0.632618 0.408787 
0.477101 0.643743 0.384129 0.060166 0.212481 
0.10143 0.733671 0.808483 0.175187 0.364413 
0.692975 0.834697 0.750173 0.150372 0.306024 
0.337451 0.537727 0.577321 0.030122 0.252562 
0.767933 0.6572210000000001 0.918865 0.361775 0.355341 
0.90624 0.18107 0.249454 0.5731849999999999 0.517859 
0.735984 0.691146 0.08426599999999999 0.257535 0.391042 
0.318577 0.330442 0.731961 0.07047 0.388628 
0.62832 0.167618 0.159788 0.562512 0.138462 
0.422168 0.375015 0.869264 0.718695 0.100458 
0.546241 0.671299 0.5188199999999999 0.808893 0.05689 
0.475805 0.860374 0.312257 0.098741 0.540795 
0.214725 0.876578 0.651734 0.695379 0.237624 
0.629961 0.751445 0.542579 0.119245 0.144873 
0.248108 0.944115 0.735676 0.501425 0.456184 
0.129079 0.436078 0.154628 0.8328950000000001 0.463916 
0.525468 0.53508 0.089146 0.284889 0.137103 
0.725222 0.803161 0.724357 0.264005 0.133794 
0.678489 0.362618 0.522807 0.816748 0.080641 
0.425253 0.228108 0.803112 0.910947 0.278608 
0.312887 0.694064 0.135307 0.111708 0.476605 
0.332526 0.7692 0.939647 0.651532 0.293343 
0.7589939999999999 0.412751 0.113869 0.803269 0.538979 
0.3209 0.368677 0.349193 0.886186 0.134017 
0.663489 0.257029 0.883669 0.828445 0.676579 
0.766015 0.416219 0.396787 0.790806 0.08412799999999999 
0.164736 0.71277 0.531752 0.160456 0.78479 
0.39565 0.681779 0.658304 0.115064 0.877679 
0.224813 0.435134 0.304141 0.691316 0.93985 
0.055681 0.838136 0.54337 0.423892 0.359347 
0.18223 0.744329 0.943502 0.438232 0.366667 
0.7087599999999999 0.134715 0.157114 0.6177319999999999 0.215594 
0.72002 0.376316 0.742878 0.552802 0.9468529999999999 
0.867447 0.174958 0.520805 0.16984 0.504914 
0.263961 0.387761 0.10191 0.7964909999999999 0.616282 
0.501271 0.855692 0.623671 0.030791 0.505902 
0.517414 0.174564 0.903508 0.259974 0.382129 
0.917624 0.500737 0.880264 0.58901 0.490797 
0.604585 0.256012 0.790574 0.169167 0.184297 
0.78477 0.6258 0.827109 0.225152 0.125938 
0.701518 0.411264 0.121964 0.8420800000000001 0.8416400000000001 
0.069106 0.469199 0.834271 0.598225 0.368047 
0.938398 0.655966 0.815225 0.478341 0.471754 
0.91596 0.536994 0.258623 0.683122 0.231032 
0.376384 0.886279 0.697499 0.862004 0.708642 
0.312693 0.433262 0.836642 0.443453 0.10969 
0.470283 0.041568 0.6347120000000001 0.612023 0.262765 
0.400783 0.95796 0.428019 0.709376 0.487624 
0.43564 0.804955 0.8798899999999999 0.30629 0.821374 
0.573277 0.06585299999999999 0.784949 0.631713 0.20309 
0.128687 0.83628 0.363256 0.24361 0.356618 
0.767525 0.7946220000000001 0.220105 0.301377 0.235263 
0.479877 0.29529 0.936298 0.354391 0.257253 
0.760172 0.218099 0.588242 0.586773 0.8936229999999999 
0.478467 0.5945780000000001 0.079397 0.423108 0.182997 
0.130944 0.7755840000000001 0.233504 0.493616 0.202383 
0.8691759999999999 0.241554 0.789861 0.199705 0.448018 
0.241165 0.25615 0.113416 0.190074 0.577109 
0.781753 0.923559 0.261932 0.284318 0.5323870000000001 
0.145885 0.89066 0.318636 0.316736 0.387098 
0.189236 0.487469 0.884972 0.725938 0.8324780000000001 
0.785025 0.921671 0.524408 0.719689 0.8074 
0.631549 0.448913 0.876248 0.106423 0.6478930000000001 
0.646804 0.837623 0.937628 0.708193 0.592352 
0.121246 0.775541 0.510637 0.26889 0.228009 
0.151874 0.542253 0.6453100000000001 0.722014 0.89016 
0.506255 0.633062 0.876849 0.202228 0.843077 
0.7627429999999999 0.41882 0.104249 0.11552 0.546276 
0.180414 0.214383 0.133432 0.592039 0.397846 
0.072036 0.705084 0.347925 0.570287 0.81423 
0.046735 0.470604 0.438194 0.7272999999999999 0.72831 
0.18711 0.7575809999999999 0.658469 0.880809 0.753555 
0.655211 0.132609 0.75573 0.558348 0.148259 
0.457762 0.606042 0.74559 0.130368 0.09450600000000001 
0.053694 0.44254 0.777558 0.422162 0.268772 
0.808422 0.15448 0.337621 0.40246 0.143142 
0.7974909999999999 0.425382 0.392936 0.07607700000000001 0.6323029999999999 
0.115649 0.708687 0.89663 0.668257 0.389392 
0.7996 0.880776 0.194596 0.5757409999999999 0.475149 
0.8274010000000001 0.124631 0.6751470000000001 0.19412 0.573341 
0.373524 0.822331 0.915318 0.742099 0.450513 
0.285932 0.65269 0.752749 0.449095 0.938214 
0.632339 0.729181 0.350513 0.064653 0.628049 
0.051862 0.637317 0.388866 0.669971 0.19886 
0.797889 0.125106 0.658787 0.234116 0.784485 
0.339714 0.567127 0.710585 0.808596 0.07864599999999999 
0.243117 0.068109 0.711753 0.436113 0.751396 
0.7207789999999999 0.125338 0.563621 0.777367 0.214704 
0.298807 0.048638 0.453641 0.343237 0.7912439999999999 
0.895958 0.372912 0.528957 0.180209 0.777057 
0.550924 0.382644 0.098658 0.144062 0.24637 
0.7414809999999999 0.07678599999999999 0.5398500000000001 0.256486 0.76022 
0.444705 0.161926 0.496199 0.608969 0.939995 
0.493744 0.35836 0.957735 0.654339 0.476378 
0.954574 0.518668 0.261347 0.454547 0.569697 
0.898823 0.521831 0.416904 0.907098 0.599669 
0.643095 0.498385 0.361411 0.236208 0.952244 
0.263084 0.652226 0.965167 0.56223 0.395995 
0.614039 0.15348 0.536434 0.839604 0.218167 
0.736981 0.440241 0.131604 0.873485 0.65862 
0.587581 0.469885 0.357833 0.100563 0.155657 
0.731487 0.09842099999999999 0.156096 0.508733 0.27153 
0.494049 0.474168 0.342946 0.896061 0.097562 
0.791172 0.225566 0.086719 0.479421 0.629619 
0.267154 0.052439 0.350655 0.463882 0.457768 
0.345943 0.271168 0.514733 0.116075 0.868116 
0.660255 0.899607 0.699144 0.511565 0.877315 
0.946196 0.715093 0.569424 0.306967 0.196923 
0.089294 0.768103 0.498827 0.7905219999999999 0.297763 
0.588786 0.731776 0.957539 0.364932 0.407097 
0.825564 0.250927 0.330808 0.89536 0.314775 
0.398927 0.773502 0.244264 0.345693 0.06691999999999999 
0.73032 0.493045 0.603748 0.196816 0.8864069999999999 
0.431824 0.671185 0.609616 0.823164 0.916567 
0.740482 0.282235 0.521038 0.084825 0.652677 
0.310888 0.09443600000000001 0.179359 0.479228 0.37709 
0.096372 0.724306 0.402846 0.636351 0.158072 
0.898178 0.68249 0.605695 0.914781 0.715908 
0.261759 0.377315 0.530972 0.052939 0.744123 
0.944151 0.338392 0.358028 0.377651 0.18446 
0.491773 0.231444 0.88419 0.583319 0.844832 
0.17886 0.092795 0.613289 0.555679 0.288833 
0.347365 0.170058 0.171505 0.485326 0.881013 
0.177631 0.444572 0.913747 0.34579 0.690931 
0.203503 0.269461 0.8344549999999999 0.683779 0.27256 
0.915139 0.736507 0.467581 0.6391250000000001 0.776607 
0.482799 0.400975 0.187307 0.07631300000000001 0.599842 
0.539659 0.048747 0.287758 0.355427 0.654105 
0.897119 0.882923 0.293356 0.441275 0.510323 
0.692599 0.5102 0.932036 0.733901 0.675766 
0.378891 0.022058 0.735135 0.418955 0.379195 
0.546566 0.141892 0.775043 0.15108 0.205854 
0.31444 0.78631 0.520282 0.383715 0.106273 
0.670924 0.224063 0.834351 0.940643 0.387158 
0.953437 0.414517 0.783565 0.374279 0.514972 
0.481317 0.489853 0.959168 0.73711 0.613483 
0.219786 0.94659 0.343691 0.419856 0.523837 
0.839576 0.75267 0.132418 0.546888 0.539058 
0.559074 0.363977 0.365607 0.764388 0.067715 
0.156933 0.576295 0.789593 0.68443 0.220367 
0.459484 0.548754 0.902998 0.683588 0.06467199999999999 
0.487815 0.700786 0.113996 0.925428 0.667923 
0.747439 0.209186 0.781196 0.560295 0.87218 
0.698896 0.342474 0.960647 0.5934160000000001 0.5509540000000001 
0.408185 0.356894 0.313735 0.942447 0.702427 
0.327374 0.169446 0.87162 0.310778 0.252343 
0.678236 0.104079 0.260758 0.559598 0.160308 
0.69067 0.085576 0.270373 0.150863 0.555158 
0.419977 0.55039 0.40003 0.312308 0.958382 
0.517111 0.08176600000000001 0.239394 0.497899 0.192333 
0.763003 0.789096 0.331299 0.149855 0.614543 
0.625282 0.114427 0.177115 0.7678199999999999 0.755695 
0.177324 0.28593 0.622221 0.67614 0.877576 
0.092068 0.388837 0.186724 0.266594 0.636965 
0.14396 0.542718 0.464221 0.154645 0.120483 
0.612731 0.178076 0.921853 0.590388 0.648194 
0.548918 0.666027 0.915852 0.723225 0.244683 
0.812078 0.5874549999999999 0.364122 0.800555 0.932573 
0.681698 0.302182 0.773286 0.60987 0.090711 
0.336693 0.791146 0.796368 0.554417 0.083552 
0.022343 0.514284 0.574671 0.502377 0.452273 
0.275631 0.521967 0.702313 0.782765 0.9322240000000001 
0.285272 0.5709419999999999 0.821627 0.09313299999999999 0.283917 
0.383045 0.843908 0.565226 0.760568 0.8614810000000001 
0.339779 0.660534 0.5918909999999999 0.91695 0.171277 
0.441641 0.653961 0.115732 0.100215 0.315362 
0.674722 0.048637 0.441228 0.724305 0.401203 
0.1643 0.389347 0.756489 0.303081 0.886294 
0.471406 0.925893 0.479101   0.25 0.7525849999999999 
0.056688 0.759536 0.526652 0.446616 0.268229 
0.121405 0.456737 0.383788 0.318194 0.883454 
0.487232 0.908597 0.7957649999999999 0.414009 0.254513 
0.932736 0.490618 0.82035 0.625895 0.417921 
0.14372 0.505595 0.537736 0.727665 0.871032 
0.87151 0.47634 0.847105 0.287483 0.7328209999999999 
0.827243 0.477487 0.122912 0.783573 0.50462 
0.701978 0.142551 0.857519 0.315216 0.833111 
0.077135 0.413501 0.708799 0.776501 0.650355 
0.601718 0.075255 0.806904 0.639827 0.572949 
0.188461 0.461729 0.282654 0.563995 0.071913 
0.058762 0.612167 0.682483 0.49118 0.253864 
0.698833 0.293028 0.9270969999999999 0.720158 0.696114 
0.627289 0.854155 0.791009 0.491173 0.151222 
0.580742 0.529228 0.730617 0.477839 0.046386 
0.5578419999999999 0.655459 0.298945 0.371097 0.029197 
0.09553 0.567311 0.8024790000000001 0.258718 0.272838 
0.5811730000000001 0.776571 0.8270420000000001 0.095877 0.406949 
0.591564 0.414268 0.6101220000000001 0.322601 0.9544899999999999 
0.821554 0.8652069999999999 0.531108 0.333598 0.776353 
0.286443 0.254848 0.224142 0.148853 0.764464 
0.853953 0.390616 0.084519 0.50644 0.730074 
0.161751 0.554955 0.129731 0.39265 0.270366 
0.179946 0.346205 0.670425 0.826213 0.156918 
0.763284 0.520551 0.8957349999999999 0.614204 0.927748 
0.142385 0.058105 0.563775 0.365415 0.525101 
0.111552 0.850701 0.734376 0.655704 0.422753 
0.48268 0.399131 0.188781 0.835792 0.151798 
0.963145 0.569616 0.53309 0.651649 0.26576 
0.417971 0.833021 0.589597 0.35336 0.926282 
0.496343 0.042218 0.56448 0.210836 0.518976 
0.519305 0.955298 0.688266 0.681944 0.439083 
0.227145 0.625459 0.095209 0.185258 0.633253 
0.411456 0.336379 0.516275 0.037151 0.390127 
0.03393 0.257486 0.569375 0.487922 0.504318 
0.900831 0.274403 0.884309 0.578785 0.640061 
0.634117 0.60572 0.333726 0.933707 0.814656 
0.603807 0.178008 0.778906 0.07488300000000001 0.558151 
0.905791 0.629829 0.5407149999999999 0.800486 0.772674 
0.506046 0.116941 0.420921 0.421547 0.932908 
0.579796 0.628972 0.140243 0.05953 0.513467 
0.06942 0.743476 0.596617 0.336511 0.737101 
0.241175 0.435554 0.354134 0.930875 0.214083 
0.328059 0.690706 0.701847 0.950424 0.780749 
0.910071 0.562694 0.18994 0.32126 0.413694 
0.615414 0.270751 0.514304 0.905328 0.842388 
0.474947 0.426546 0.957247 0.449651 0.283094 
0.707543 0.674723 0.07291400000000001 0.471447 0.612015 
0.793918 0.378589 0.944858 0.225833 0.578288 
0.821891 0.518256 0.327786 0.102662 0.435842 
0.41522 0.606282 0.777031 0.560418 0.952022 
0.311423 0.08864 0.773173 0.71639 0.364399 
0.303546 0.700634 0.560236 0.882081 0.14008 
0.891321 0.427987 0.181636 0.763032 0.277696 
0.797533 0.132729 0.778228 0.685097 0.431226 
0.356736 0.666395 0.101767 0.401747 0.157714 
0.259285 0.806921 0.914689 0.180069 0.417751 
0.208436 0.185289 0.144839 0.310138 0.485912 
0.2854 0.710624 0.463679 0.054589 0.478084 
0.180241 0.302598 0.762429 0.143127 0.533564 
0.370089 0.08667999999999999 0.839154 0.654709 0.697755 
0.768209 0.282457 0.25244 0.750691 0.868955 
0.909307 0.724826 0.152226 0.465077 0.549545 
0.776985 0.792534 0.121938 0.410519 0.5849259999999999 
0.774242 0.679833 0.946483 0.542726 0.601738 
0.405121 0.861599 0.892947 0.75871 0.632358 
0.356215 0.9130239999999999 0.18877 0.651559 0.752265 
0.448937 0.28059 0.874709 0.241259 0.8318410000000001 
0.397492 0.651184 0.446716 0.955704 0.510058 
0.534402 0.696841 0.802797 0.606351 0.938871 
0.445939 0.895473 0.220707 0.42808 0.741635 
0.464545 0.603371 0.8601259999999999 0.132396 0.186076 
0.965633 0.394688 0.5205379999999999 0.677309 0.526075 
0.06375 0.442419 0.736496 0.287778 0.68998 
0.795975 0.958431 0.351083 0.646892 0.313575 
0.084387 0.29801 0.660091 0.154078 0.5853739999999999 
0.455035 0.772108 0.814611 0.168547 0.770366 
0.595893 0.180469 0.139953 0.186871 0.744258 
0.541399 0.298651 0.434889 0.173148 0.1006 
0.782636 0.756548 0.307212 0.316051 0.864116 
0.887339 0.498857 0.296496 0.215767 0.38797 
0.147749 0.214764 0.531145 0.946183 0.5021060000000001 
0.229181 0.837298 0.463098 0.288462 0.180687 
0.197116 0.925015 0.732108 0.541936 0.312132 
0.697859 0.912038 0.628086 0.244932 0.578842 
0.256659 0.662434 0.519886 0.7167289999999999 0.062989 
0.890498 0.602291 0.707379 0.914292 0.511196 
0.6331020000000001 0.546598 0.679986 0.524129 0.039402 
0.746009 0.166822 0.773692 0.434276 0.885065 
0.787273 0.692066 0.546111 0.495631 0.06601899999999999 
0.914828 0.506528 0.209117 0.626963 0.367299 
0.945874 0.297062 0.720986 0.610123 0.342245 
0.608229 0.496874 0.958989 0.723418 0.48894 
0.5422940000000001 0.329272 0.072395 0.7504769999999999 0.26546 
0.611179 0.092098 0.898647 0.558243 0.397281 
0.8159729999999999 0.054831 0.541957 0.674978 0.361209 
0.840167 0.6806 0.842047 0.277014 0.780356 
0.060424 0.5543940000000001 0.706744 0.238037 0.684416 
0.8000159999999999 0.8639790000000001 0.890671 0.514154 0.39376 
0.7015169999999999 0.391511 0.120586 0.6942469999999999 0.208707 
0.211147 0.740714 0.172089 0.300963 0.286457 
0.53232 0.706232 0.635761 0.239957 0.95141 
0.774521 0.374316 0.126407 0.527533 0.251719 
0.709686 0.688215 0.834247 0.186636 0.795768 
0.477364 0.052908 0.222449 0.6973470000000001 0.313253 
0.84948 0.211069 0.430798 0.429412 0.126977 
0.094087 0.314309 0.586944 0.771058 0.176072 
0.343196 0.095652 0.616991 0.7599669999999999 0.758969 
0.762556 0.282285 0.362584 0.9485710000000001 0.626156 
0.212191 0.286299 0.8201270000000001 0.870553 0.37796 
0.377624 0.720442 0.471812 0.743138 0.9163790000000001 
0.658152 0.568277 0.034502 0.867469 0.556361 
0.290133 0.270872 0.552783 0.6322410000000001 0.071423 
0.909011 0.753782 0.821482  0.655 0.579852 
0.872057 0.664748 0.419594 0.115111 0.664503 
0.745974 0.58101 0.038711 0.620305 0.46404 
0.851405 0.565412 0.883125 0.676657 0.5694 
0.9130819999999999 0.163121 0.580032 0.592457 0.427679 
0.040306 0.429979 0.654979 0.225231 0.462697 
0.854334 0.799818 0.5361359999999999 0.839313 0.330709 
0.594409 0.227593 0.157714 0.6932739999999999 0.859445 
0.693219 0.92417 0.532922 0.821352 0.466207 
0.741796 0.36486 0.203316 0.126955 0.729457 
0.341845 0.396872 0.227728 0.422031 0.074602 
0.835657 0.890737 0.608531 0.585751 0.722671 
0.15706 0.713387 0.892636 0.540525 0.60134 
0.393282 0.885576 0.869366 0.435103 0.784313 
0.203436 0.144061 0.226671 0.660869 0.21819 
0.706167 0.552467 0.305473 0.085133 0.82766 
0.876798 0.341218 0.844852 0.431797 0.212302 
0.937334 0.766326 0.634482 0.743182 0.661801 
0.338859 0.201334 0.813568 0.636572 0.866542 
0.828622 0.642523 0.875903 0.308578 0.270596 
0.469361 0.545075 0.078829 0.872285 0.490152 
0.858556 0.756037 0.716316 0.127535 0.480417 
0.367132 0.38497 0.19635 0.05387 0.395719 
0.599265 0.853032 0.912202 0.380926 0.214996 
0.678637 0.853681 0.816933 0.190355 0.289781 
0.953689 0.649232 0.644587 0.568829 0.304304 
0.69088 0.625803 0.862688 0.195937 0.107733 
0.602295 0.76563 0.950049 0.481609 0.406793 
0.538867 0.730998 0.879027 0.803308 0.198468 
0.636968 0.517625 0.731297 0.909019 0.876672 
0.156613 0.195658 0.428706 0.269816 0.7960199999999999 
0.7863520000000001 0.219897 0.809673 0.177234 0.778015 
0.714901 0.342393 0.593858 0.965633 0.393091 
0.841991 0.341951 0.171579 0.736567 0.484892 
0.380885 0.532795 0.684886 0.886186 0.130511 
0.938132 0.182577 0.577815 0.343886 0.687999 
0.055288 0.221793 0.681114 0.484957 0.66567 
0.159076 0.590859 0.5716020000000001 0.9175489999999999 0.239188 
0.285836 0.051195 0.438237 0.443225 0.279018 
0.283562 0.830385 0.285287 0.825385 0.246658 
0.717597 0.655529 0.474262 0.926894 0.302852 
0.382945 0.163642 0.322877 0.58713 0.8887080000000001 
0.579549 0.475949 0.270653 0.873333 0.114212 
0.710824 0.814148 0.381693 0.116515 0.27381 
0.9530960000000001 0.682492 0.6390670000000001 0.791909 0.6170020000000001 
0.6214190000000001 0.193778 0.834546 0.21439 0.249325 
0.300612 0.380358 0.674613 0.21783 0.069524 
0.255002 0.824703 0.788172 0.812134 0.528999 
0.8861869999999999 0.143237 0.378044 0.780892 0.445856 
0.465723 0.408202 0.653004 0.045949 0.269812 
0.730168 0.941116 0.340244 0.480619 0.7551909999999999 
0.75875 0.30343 0.751289 0.917192 0.242061 
0.794828 0.669585 0.7130379999999999 0.036626 0.574387 
0.401507 0.129568 0.653828 0.884481 0.466042 
0.7405969999999999 0.209893 0.672871 0.9424979999999999 0.5561199999999999 
0.561763 0.550905 0.06764100000000001 0.834223 0.785449 
0.759182 0.565229 0.798009 0.13826 0.729418 
0.750963 0.435243 0.124507 0.591611 0.20416 
0.764706 0.407467 0.299691 0.907313 0.205942 
0.417619 0.927721 0.198469 0.669157 0.514391 
0.368319 0.332664 0.080014 0.786974 0.678963 
0.700766 0.777188 0.196715 0.192882 0.768276 
0.377632 0.857881 0.40691 0.9282010000000001 0.271345 
0.503013 0.137419 0.603447 0.139753 0.823833 
0.812017 0.5748490000000001 0.478941 0.561548 0.943904 
0.359864 0.228111 0.861568 0.366686 0.894759 
0.463143 0.045068 0.464818 0.195556 0.7096209999999999 
0.156115 0.832885 0.30364 0.270048 0.701354 
0.752537 0.892034 0.408116 0.203921 0.298323 
0.382868 0.858563 0.870553 0.377232 0.144609 
0.753814 0.346561 0.656744 0.896523 0.867417 
0.283801 0.835107 0.645329 0.046331 0.684563 
0.149273 0.831699 0.36317 0.795763 0.391962 
0.17517 0.081952 0.362663 0.283014 0.6082610000000001 
0.309029 0.846154 0.304942 0.154142 0.66456 
0.263657 0.291269 0.35196 0.388704 0.943624 
0.8691489999999999 0.7892439999999999 0.826471 0.50132 0.680944 
0.625741 0.83399 0.869063 0.344183 0.689268 
0.128088 0.772344 0.789945 0.604194 0.693327 
0.499183  0.774 0.619857 0.929657 0.748206 
0.093902 0.20411 0.469936 0.216018 0.613646 
0.238006 0.169402 0.141098 0.442095 0.295964 
0.904164 0.289191 0.431616 0.16793 0.401812 
0.427814 0.273146 0.769438 0.938625 0.462837 
0.175255 0.50376 0.701098 0.346291 0.119078 
0.776928 0.828216 0.82491 0.25635 0.467571 
0.764817 0.284364 0.29743 0.908866 0.30463 
0.342803 0.494665 0.831875 0.318673 0.936851 
0.210737 0.861617 0.191672 0.424545 0.331901 
0.26053 0.731525 0.739682 0.836305 0.786412 
0.939102 0.490172 0.315449 0.7524 0.584335 
0.286414 0.762913 0.28493 0.820721 0.851772 
0.718402 0.180896 0.317438 0.176999 0.829189 
0.580495 0.383177 0.061197 0.535985 0.304399 
0.58988 0.109805 0.490875 0.139011 0.361233 
0.442144 0.11659 0.531437 0.868289 0.327061 
0.9100549999999999 0.294147 0.733815 0.235839 0.751717 
0.373837 0.074279 0.400353 0.7383999999999999 0.290741 
0.490232 0.335029 0.83775 0.06768399999999999 0.558765 
0.159262 0.7111229999999999 0.846206 0.181033 0.625685 
0.931508 0.85087 0.576232 0.7365699999999999 0.538111 
0.588283 0.275407 0.772064 0.08111599999999999 0.315504 
0.601818 0.753667 0.874798 0.734804 0.845641 
0.262548 0.640193 0.728271 0.056143 0.6036859999999999 
0.292195 0.920181 0.488416 0.806139 0.785282 
0.341485 0.333878 0.481707 0.04619 0.321202 
0.392629 0.91443 0.830267 0.293555 0.773681 
0.520745 0.155394 0.708352 0.277626 0.060957 
0.427849 0.8565 0.201552 0.492525 0.86772 
0.209152 0.209761 0.460231 0.105185 0.84185 
0.23027 0.147942 0.456078 0.300717 0.157186 
0.370395 0.222438 0.5141869999999999 0.934397 0.418125 
0.309046 0.127786 0.692248 0.611661 0.189557 
0.711355 0.743331 0.159564 0.7846610000000001 0.7958229999999999 
0.281976 0.178702 0.447678 0.129342 0.8469100000000001 
0.069466 0.508151 0.496207 0.754516 0.148241 
0.81708 0.6579700000000001 0.496693 0.92494 0.469089 
0.491736 0.606258 0.382598 0.318972 0.954994 
0.274004 0.185868 0.885131 0.401296 0.578439 
0.319904 0.627173 0.893509 0.207399 0.757068 
0.436577 0.554474 0.052464 0.766095 0.752752 
0.157771 0.662554 0.551431 0.901162 0.825709 
0.832965 0.650879 0.316437 0.357122 0.154095 
0.6567460000000001 0.931022 0.685987 0.384139 0.217374 
0.800807 0.15911 0.155195 0.366892 0.350516 
0.669166 0.667631 0.878211 0.084872 0.449597 
0.170741 0.644321 0.096646 0.323714 0.66172 
0.9648139999999999 0.634937 0.383683 0.559014 0.345587 
0.383696 0.7795530000000001 0.948919 0.476375 0.435115 
0.220833 0.545168 0.634093 0.193082 0.135384 
0.566968 0.036205 0.5048589999999999 0.161577 0.630225 
0.129344 0.880923 0.673724 0.27474 0.550639 
0.144366 0.360175 0.453019 0.883545 0.7466 
0.406343 0.404715 0.039995 0.189121 0.558989 
0.8914800000000001 0.105388 0.25896 0.343755 0.487827 
0.526988 0.084591 0.723127 0.594619 0.756073 
0.362919 0.584629 0.8542960000000001 0.15685 0.180689 
0.839673 0.387771 0.270192 0.122011 0.641919 
0.906157 0.779657 0.698496 0.617377 0.249287 
0.253062 0.207362 0.140013 0.203642 0.607542 
0.928994 0.596342 0.715736 0.380066 0.769107 
0.6999570000000001 0.174168 0.235606 0.82677 0.51533 
0.154145 0.709037 0.792907 0.396315 0.86066 
0.367468 0.034224 0.197201 0.354353 0.609895 
0.277058 0.51796 0.348423 0.947249 0.417307 
0.683216 0.80587 0.253516 0.850438 0.313158 
0.720189 0.211747 0.83122 0.316191 0.220448 
0.40324 0.26275 0.046386 0.604427 0.604469 
0.327922 0.383297 0.073458 0.611308 0.255604 
0.941726 0.5823 0.72245 0.216134 0.5697140000000001 
0.71133 0.315557 0.5671389999999999 0.90896 0.896912 
0.804048 0.6331599999999999 0.515839 0.714283 0.9540459999999999 
0.196026 0.61463 0.079875 0.464656 0.471087 
0.564039 0.808906 0.288159 0.08855399999999999 0.323236 
0.733739 0.951008 0.587651 0.651769 0.273834 
0.327083 0.288029 0.911626 0.692851 0.743961 
0.745448 0.744601 0.509781 0.897649 0.780691 
0.8345630000000001 0.492586 0.8915419999999999 0.150388 0.5790459999999999 
0.957145 0.730863 0.611751 0.700696 0.603444 
0.359973 0.060655 0.434661 0.352878 0.823149 
0.901041 0.792669 0.381591 0.395325 0.220366 
0.695906 0.09791900000000001 0.72532 0.451825 0.817118 
0.303152 0.077334 0.760886 0.210014 0.706436 
0.061305 0.356861 0.75465 0.409013 0.280631 
0.389145 0.357035 0.680961 0.914151 0.133021 
0.680791 0.060195 0.694734 0.399605 0.161738 
0.534703 0.744943 0.254603 0.106431 0.777763 
0.297466 0.509673 0.066012 0.465981 0.742571 
0.401417 0.622656 0.973485 0.368929 0.593691 
0.754121 0.516363 0.521155 0.059363 0.715861 
0.182585 0.703765 0.18151 0.644449 0.261521 
0.851378 0.113627 0.732766 0.603828 0.5318850000000001 
0.726478 0.91008 0.722124 0.7462220000000001 0.757278 
0.936655 0.355667 0.696276 0.317949 0.77706 
0.048455 0.385415 0.6633869999999999 0.547546 0.610756 
0.715838 0.081534 0.347325 0.49278 0.154395 
0.290821 0.824738 0.369437 0.123659 0.336278 
0.847637 0.231677 0.800169 0.436381 0.257029 
0.394451 0.541314 0.867381 0.067269 0.583036 
0.355348 0.332834 0.945584 0.427339 0.278447 
0.375449 0.178921 0.118989 0.848071 0.525525 
0.8718050000000001 0.428867 0.959442 0.335368 0.5363019999999999 
0.349899 0.759829 0.453156 0.195807 0.928418 
0.053991 0.426059 0.779536 0.667122 0.326775 
0.219273 0.325837 0.338514 0.401853 0.944874 
0.8220150000000001 0.613117 0.652925 0.712438 0.940704 
0.765558 0.730443 0.55347 0.162619 0.143174 
0.141224 0.559246 0.240724 0.841933 0.368272 
0.255125 0.886279 0.683098 0.832474 0.394849 
0.235263 0.058344 0.588579 0.251421 0.6293029999999999 
0.752793 0.183772 0.653462 0.7388479999999999 0.812516 
0.846058 0.692076 0.715224 0.764157 0.185821 
0.801491 0.658879 0.782657 0.114323 0.425659 
0.864475 0.235311 0.866166 0.655996 0.321567 
0.446827 0.823701 0.949332 0.420979 0.38682 
0.585031 0.619026 0.975569 0.396534 0.539851 
0.085533 0.555379 0.253152 0.719738 0.633732 
0.131708 0.617685 0.433161 0.132278 0.196253 
0.427465 0.396427 0.754312 0.725057 0.041227 
0.6116549999999999 0.081327 0.8566240000000001 0.271588 0.5798 
0.736865 0.482412 0.901598 0.157295 0.658918 
0.070074 0.728591 0.430668 0.23356 0.43822 
0.155723 0.238371 0.300275 0.714356 0.182895 
0.896088 0.544768 0.922856 0.435145 0.481917 
0.508144 0.383414 0.031913 0.364337 0.42022 
0.897805 0.402721 0.526018 0.782726 0.271154 
0.254326 0.46292 0.303453 0.142138 0.914332 
0.171851 0.304709 0.250302 0.826608 0.795315 
0.249765 0.808541 0.142784 0.775775 0.445774 
0.565312 0.199266 0.058462 0.57312 0.419898 
0.277879 0.308735 0.90107 0.285041 0.686918 
0.66314 0.400064 0.8699210000000001 0.762711 0.887902 
0.546072 0.826727 0.794342 0.498488 0.079941 
0.700094 0.480536 0.369469 0.670378 0.040007 
0.6238050000000001 0.282899 0.688281 0.934744 0.241178 
0.196551 0.43429 0.117938 0.191923 0.643154 
0.072005 0.182463 0.649046 0.513687 0.534371 
0.173186 0.74093 0.809848 0.117194 0.685056 
0.495083 0.856198 0.114287 0.825627 0.318608 
0.871825 0.7678739999999999 0.650273 0.135505 0.425416 
0.119746 0.5643010000000001 0.202935 0.732396 0.385042 
0.298789 0.741069 0.150105 0.80968 0.299709 
0.409291 0.950539 0.713134 0.643153 0.467697 
0.280394 0.578634 0.101782 0.650398 0.244782 
0.569997 0.939827 0.668863 0.5829569999999999 0.750321 
0.53997 0.279352 0.069246 0.816014 0.755424 
0.172412 0.720872 0.703964 0.524716 0.904486 
0.698214 0.88006 0.163048 0.350188 0.612891 
0.222589 0.048044 0.477149 0.441633 0.530093 
0.085283 0.343438 0.167093 0.336676 0.516284 
0.298866 0.048049 0.566111 0.631671 0.49579 
0.532488 0.522324 0.694229 0.902594 0.900529 
0.552063 0.523713 0.040187 0.414634 0.753767 
0.414716 0.134034 0.701384 0.153404 0.259311 
0.08096399999999999 0.7659629999999999 0.539486 0.139145 0.615798 
0.285516 0.671365 0.625743 0.855959 0.095634 
0.783087 0.336136 0.44582 0.891226 0.84008 
0.311802 0.458452 0.195102 0.087676 0.57892 
0.909004 0.632161 0.724255 0.548293 0.156802 
0.616893 0.122455 0.107556 0.688925 0.756946 
0.850037 0.56621 0.284326 0.6728229999999999 0.141069 
0.741897 0.055246 0.524026 0.298074 0.736851 
0.808507 0.56901 0.345913 0.752788 0.109335 
0.166022 0.328991 0.351083 0.659015 0.065609 
0.089988 0.423805 0.88518 0.218392 0.518135 
0.334732 0.842288 0.339041 0.260082 0.201157 
0.702969 0.793919 0.392496 0.687507 0.936491 
0.7576310000000001 0.512451 0.7581 0.383892 0.072365 
0.041453 0.701067 0.833782 0.367021 0.524736 
0.131758 0.4529 0.882836 0.821052 0.421032 
0.799493 0.086369 0.605144 0.654284 0.548852 
0.335171 0.22023 0.406537 0.664131 0.056471 
0.28781 0.228043 0.72287 0.2762 0.09840699999999999 
0.918339 0.522267 0.737447 0.276456 0.394285 
0.050721 0.474319 0.878455 0.193286 0.553793 
0.962791 0.62984 0.718006 0.5260010000000001 0.500037 
0.877486 0.899552 0.769583 0.373854 0.366382 
0.097054 0.181641 0.832421 0.491726 0.4322 
0.329957 0.594329 0.8929550000000001 0.887164 0.562075 
0.671185 0.60712 0.86261 0.8784690000000001 0.43109 
0.220865 0.07803400000000001 0.515936 0.337049 0.788266 
0.530215 0.320516 0.915029 0.894477 0.470688 
0.813817 0.830379 0.179545 0.618329 0.26315 
0.75583 0.240211 0.224318 0.109748 0.535088 
0.554985 0.638547 0.058871 0.439178 0.25836 
0.347186 0.151177 0.837409 0.333185 0.848325 
0.695334 0.485087 0.85858 0.147575 0.288781 
0.297926 0.23631 0.668121 0.109555 0.295863 
0.653581 0.729806 0.84198 0.152717 0.7194 
0.124934 0.760369 0.529655 0.9094640000000001 0.355543 
0.567408 0.433666 0.627598 0.0453 0.358969 
0.523756 0.764987 0.129194 0.362656 0.154246 
0.193124 0.8309530000000001 0.819621 0.36811 0.829526 
0.25135 0.4404 0.795176 0.523537 0.08473799999999999 
0.194311 0.782763 0.892161 0.549614 0.362739 
0.560214 0.522984 0.7917459999999999 0.882359 0.801215 
0.56851 0.940001 0.591433 0.213032 0.423367 
0.204176 0.585835 0.136927 0.331695 0.799162 
0.5139629999999999 0.173835 0.64246 0.820322 0.149402 
0.712154 0.171032 0.542681 0.835951 0.827164 
0.468378 0.031757 0.738896 0.622271 0.516449 
0.298838 0.576542 0.940527 0.43343 0.659942 
0.195234 0.300762 0.913887 0.692777 0.505915 
0.728533 0.455839 0.281282 0.506103 0.071241 
0.369222 0.507227 0.96052 0.457389 0.33705 
0.641389 0.822435 0.669512 0.490395 0.071825 
0.831005 0.70501 0.106545 0.704021 0.47605 
0.391423 0.653361 0.042028 0.367744 0.680504 
0.796919 0.817841 0.445741 0.561025 0.151456 
0.803917 0.438434 0.768524 0.580596 0.073501 
0.329604 0.662262 0.642591 0.032758 0.566732 
0.499668 0.914457 0.282514 0.204643 0.427224 
0.346086 0.660503 0.080689 0.131704 0.542842 
0.094773 0.857342 0.355299 0.50471 0.669145 
0.242456 0.965465 0.574738 0.613941 0.501247 
0.345677 0.789061 0.744228 0.237291 0.148115 
0.361586 0.178414 0.61063 0.857069 0.7555539999999999 
0.297716 0.7120880000000001 0.07058200000000001 0.277366 0.682808 
0.415767 0.797828 0.09617299999999999 0.38578 0.802407 
0.7691 0.266088 0.137066 0.673666 0.298424 
0.693115 0.189362 0.603727 0.8344240000000001 0.160664 
0.470575 0.9536790000000001 0.485911 0.714024 0.596965 
0.882748 0.341211 0.729899 0.404765 0.881329 
0.549602 0.164106 0.131151 0.259907 0.251398 
0.512445 0.669771 0.848415 0.310699 0.911749 
0.862724 0.810189 0.851035 0.346321 0.615919 
0.141108 0.597644 0.609503 0.923978 0.299207 
0.774972 0.947972 0.559371 0.353875 0.570883 
0.342932 0.654891 0.76062 0.7441 0.087614 
0.532307 0.492134 0.288029 0.900763 0.118401 
0.414371 0.334749 0.121134 0.898895 0.7221070000000001 
0.6144810000000001 0.574584 0.034831 0.407005 0.528959 
0.6503679999999999 0.742305 0.922549 0.276996 0.477272 
0.424067 0.297843 0.8541029999999999 0.910895 0.409208 
0.31465 0.328126 0.814769 0.81667 0.764825 
0.07885300000000001 0.280281 0.686586 0.446885 0.796942 
0.488986 0.385788 0.9318 0.765893 0.359489 
0.212561 0.50521 0.061963 0.415622 0.359288 
0.298166 0.279037 0.775662 0.549946 0.938808 
0.551208 0.158099 0.168538 0.621532 0.090616 
0.34776 0.798578 0.70656 0.146144 0.234295 
0.791056 0.270555 0.210316 0.781147 0.743965 
0.249524 0.745591 0.141599 0.851232 0.650888 
0.259043 0.729625 0.804738 0.23097 0.917173 
0.870441 0.501385 0.772934 0.698708 0.17778 
0.94602 0.758518 0.407659 0.528796 0.477936 
0.030385 0.674046 0.6845059999999999 0.495173 0.372713 
0.081349 0.226952 0.376647 0.312436 0.104356 
0.85532 0.356854 0.646153 0.900656 0.324049 
0.295086 0.506845 0.547929 0.049909 0.827072 
0.800306 0.75074 0.690975 0.210517 0.160182 
0.241146 0.94142 0.452804 0.277647 0.420704 
0.824145 0.41244 0.8826850000000001 0.287985 0.163597 
0.040961 0.435936 0.77416 0.299253 0.549117 
0.582782 0.824159 0.635202 0.842749 0.082271 
0.722302 0.728014 0.733796 0.91405 0.44402 
0.663569 0.601263 0.419547 0.331769 0.047288 
0.537025 0.780204 0.887475 0.7921240000000001 0.236103 
0.395957 0.841634 0.338187 0.903539 0.781805 
0.440223 0.835838 0.928933 0.577888 0.571827 
0.703883 0.16879 0.851153 0.320538 0.286054 
0.706399 0.452198 0.086087 0.8606819999999999 0.474045 
0.871167 0.696707 0.558241 0.357938 0.866098 
0.372072 0.419312 0.38346 0.811623 0.9480189999999999 
0.215133 0.7399829999999999 0.898886 0.583126 0.598665 
0.485974 0.75904 0.180127 0.393997 0.90511 
0.83675 0.25233 0.912512 0.588654 0.511529 
0.572148 0.09218999999999999 0.436708 0.758983 0.222015 
0.406435 0.945962 0.776614 0.545221 0.529468 
0.773735 0.16227 0.267042 0.180896 0.324763 
0.355244 0.5865359999999999 0.918915 0.211797 0.674511 
0.250869 0.355995 0.206158 0.893869 0.257965 
0.839494 0.381999 0.261891 0.608785 0.848203 
0.096931 0.120167 0.647486 0.294254 0.528801 
0.284782 0.33775 0.567719 0.650685 0.059486 
0.75875 0.304823 0.165015 0.414939 0.881784 
0.149689 0.829201 0.378784 0.225101 0.264364 
0.636481 0.343656 0.823831 0.132044 0.257789 
0.666337 0.130139 0.248424 0.268175 0.209891 
0.645166 0.298728 0.713279 0.08161499999999999 0.696349 
0.650075 0.808202 0.450165 0.92404 0.336201 
0.239335 0.500562 0.937377 0.486837 0.266334 
0.489603 0.761393 0.734449 0.876054 0.846983 
0.679515 0.600705 0.051149 0.653228 0.808461 
0.523213 0.646374 0.610699 0.023292 0.46444 
0.302656 0.7351839999999999 0.237891 0.23027 0.154868 
0.488493 0.093961 0.196783 0.328371 0.928269 
0.420429 0.144144 0.622034 0.533117 0.091084 
0.849488 0.352108 0.873279 0.192923 0.461004 
0.6298 0.055246 0.5114880000000001 0.574538 0.257125 
0.670061 0.719993 0.927693 0.733786 0.744523 
0.131823 0.542729 0.651373 0.617773 0.910552 
0.810827 0.565029 0.448315 0.8333970000000001 0.895913 
0.65935 0.690906 0.050806 0.8907350000000001 0.587353 
0.7902169999999999 0.180687 0.809557 0.230362 0.700912 
0.741308 0.17026 0.56224 0.57435 0.108827 
0.844862 0.588551 0.78266 0.173482 0.7198 
0.7692099999999999 0.108188 0.317799 0.253956 0.238625 
0.761116 0.075012 0.722346 0.462808 0.422112 
0.430935 0.728956 0.559889 0.052344 0.746297 
0.864157 0.883287 0.407433 0.734439 0.722102 
0.368419 0.026016 0.253545 0.332511 0.514757 
0.514617 0.166902 0.118904 0.412378 0.839054 
0.612101 0.576406 0.650195 0.820495 0.051639 
0.803733 0.343677 0.175572 0.834856 0.427785 
0.779216 0.28809 0.931136 0.594361 0.426862 
0.793675 0.299031 0.820486 0.906796 0.527821 
0.854813 0.839612 0.359762 0.518644 0.85173 
0.857832 0.578105 0.207974 0.42333 0.9126919999999999 
0.155978 0.527949 0.241191 0.702214 0.109652 
0.66628 0.168411 0.490404 0.219367 0.90573 
0.121477 0.670584 0.500115 0.43685 0.142965 
0.213251 0.112772 0.359381 0.115156 0.422698 
0.300423 0.214083 0.089353 0.750656 0.278902 
0.285158 0.647745 0.646334 0.930494 0.811049 
0.570004 0.061136 0.504579 0.465451 0.827366 
0.750017 0.530918 0.134483 0.258534 0.173173 
0.130832 0.891933 0.718653 0.40467 0.288632 
0.320773 0.230278 0.279339 0.8440029999999999 0.158472 
0.737841 0.8877660000000001 0.677743 0.831889 0.554051 
0.540301 0.832607 0.627587 0.861615 0.167081 
0.268966 0.515431 0.854948 0.106543 0.6747109999999999 
0.867034 0.238392 0.658409 0.883542 0.682439 
0.7802519999999999 0.700666 0.09446400000000001 0.6515 0.759373 
0.694151 0.588789 0.783571 0.474621 0.960954 
0.376077 0.731801 0.384077 0.174386 0.897157 
0.319547 0.620223 0.089589 0.721271 0.397263 
0.646733 0.64429 0.581843 0.031086 0.454837 
0.162441 0.140079 0.30831 0.771725 0.383848 
0.832112 0.30631 0.149901 0.386732 0.801149 
0.155517 0.779883 0.488619 0.211267 0.772298 
0.549911 0.346446 0.719099 0.902473 0.857353 
0.499193 0.93941 0.671009 0.648142 0.318744 
0.825317 0.110519 0.500134 0.744943 0.259533 
0.265182 0.916265 0.667907 0.5117660000000001 0.243116 
0.716576 0.496113 0.163767 0.435112 0.926158 
0.501883 0.142743 0.07624599999999999 0.466732 0.367154 
0.883035 0.166144 0.381675 0.819082 0.31171 
0.617514 0.554215 0.693834 0.267273 0.059136 
0.9026110000000001 0.179703 0.268894 0.297398 0.365903 
0.420794 0.290309 0.22013 0.726716 0.919436 
0.571885 0.671301 0.554782 0.225029 0.063345 
0.292592 0.591566 0.455936 0.917306 0.165336 
0.656977 0.812392 0.87895 0.509601 0.87055 
0.901095 0.7116170000000001 0.154061 0.305441 0.542906 
0.368482 0.072613 0.40734 0.165432 0.420948 
0.840343 0.6467000000000001 0.085299 0.626862 0.676553 
0.215689 0.088315 0.314539 0.449907 0.587143 
0.5576719999999999 0.790343 0.287773 0.5967209999999999 0.095652 
0.901132 0.319069 0.5910260000000001 0.368128 0.131546 
0.309057 0.325127 0.417576 0.19986 0.052634 
0.618587 0.593472 0.482472 0.909376 0.883661 
0.785673 0.799917 0.209962 0.826063 0.640967 
0.837078 0.768629 0.349418 0.665924 0.177263 
0.699636 0.776931 0.8830710000000001 0.773267 0.294053 
0.320629 0.818997 0.881425 0.111051 0.428777 
0.939223 0.51274 0.626039 0.835815 0.537928 
0.829317 0.326431 0.324444 0.93803 0.466043 
0.878958 0.6553909999999999 0.156467 0.74786 0.275473 
0.9175 0.426999 0.575615 0.357999 0.882641 
0.181335 0.695974 0.241367 0.659243 0.900608 
0.824732 0.272335 0.134321 0.541046 0.359298 
0.85294 0.364921 0.228672 0.287193 0.849534 
0.5170439999999999 0.959989 0.533606 0.320253 0.492974 
0.9464669999999999 0.271284 0.476632 0.745731 0.499073 
0.174702 0.210377 0.812256 0.584477 0.313176 
0.387526 0.151988 0.464041 0.143802 0.875695 
0.661644 0.24868 0.563223 0.095722 0.801144 
0.927247 0.238871 0.713246 0.522796 0.6352 
0.539822 0.781605 0.441849 0.155463 0.859071 
0.058836 0.858845 0.599832 0.374163 0.550679 
0.765175 0.293019 0.7765879999999999 0.116954 0.650163 
0.140197 0.297147 0.154448 0.808324 0.501848 
0.255708 0.68573 0.068397 0.545632 0.435582 
0.127281 0.20873 0.121599 0.710879 0.743795 
0.109398 0.660529 0.507476 0.150367 0.212271 
0.25825 0.414772 0.064988 0.252821 0.162084 
0.151153 0.435916 0.444654 0.295297 0.053842 
0.606511 0.626767 0.077642 0.920772 0.416048 
0.291314 0.111712 0.551026 0.085881 0.404416 
0.405614 0.148761 0.231443 0.85546 0.708099 
0.913416 0.778095 0.44537 0.341629 0.7542759999999999 
0.820985 0.296038 0.513688 0.55144 0.057102 
0.076312 0.579673 0.566779 0.853832 0.346368 
0.468548 0.885885 0.07101399999999999 0.526775 0.505209 
0.6142570000000001 0.820557 0.093219 0.735739 0.572081 
0.239473 0.830018 0.107715 0.366146 0.8089 
0.327521 0.638047 0.652294 0.09711 0.135605 
0.159627 0.847529 0.41668 0.134796 0.517321 
0.6909999999999999 0.6403489999999999 0.347045 0.783896 0.94494 
0.64782 0.910621 0.807866 0.806007 0.554289 
0.325748 0.842261 0.875978 0.563771 0.301058 
0.328278 0.371745 0.9220469999999999 0.846455 0.366497 
0.601724 0.167989 0.398156 0.80729 0.118362 
0.317832 0.799258 0.134013 0.364443 0.188549 
0.5973039999999999 0.892435 0.148193 0.678608 0.357403 
