5
129
4.960319999999999729e-01 8.061190000000000300e-01 4.434649999999999981e-01 3.153119999999999812e-01 4.452639999999999931e-01
4.431939999999999769e-01 7.660620000000000207e-01 2.120750000000000135e-01 3.429249999999999798e-01 5.404149999999999787e-01
7.573929999999999829e-01 5.050519999999999454e-01 4.121349999999999736e-01 7.459259999999999780e-01 7.761149999999999993e-01
6.529789999999999761e-01 6.155380000000000296e-01 3.491529999999999911e-01 2.154739999999999989e-01 4.771110000000000073e-01
7.624370000000000314e-01 2.760259999999999936e-01 1.767450000000000132e-01 5.466469999999999940e-01 4.994379999999999931e-01
1.264609999999999901e-01 4.229399999999999826e-01 3.585229999999999806e-01 6.936769999999999881e-01 6.343180000000000485e-01
5.825209999999999555e-01 4.274060000000000081e-01 4.158149999999999902e-01 5.956090000000000551e-01 4.006080000000000196e-01
6.235589999999999744e-01 1.634819999999999884e-01 6.419540000000000246e-01 3.178010000000000002e-01 2.855900000000000105e-01
7.451569999999999583e-01 8.585990000000000011e-01 4.686440000000000050e-01 4.950019999999999976e-01 5.033309999999999729e-01
6.387450000000000072e-01 3.880589999999999873e-01 1.150359999999999994e-01 4.059209999999999763e-01 3.161760000000000126e-01
2.857500000000000040e-01 6.065180000000000016e-01 7.463859999999999939e-01 5.011949999999999461e-01 5.925160000000000426e-01
6.894400000000000528e-01 4.162210000000000076e-01 4.188020000000000076e-01 8.066050000000000164e-01 6.018989999999999618e-01
7.889869999999999939e-01 5.055410000000000181e-01 6.200240000000000196e-01 7.381649999999999601e-01 3.465559999999999752e-01
6.993089999999999584e-01 2.904900000000000260e-01 2.628269999999999773e-01 3.303019999999999845e-01 3.785720000000000196e-01
2.470809999999999951e-01 6.870640000000000081e-01 4.912730000000000152e-01 8.332490000000000174e-01 4.190940000000000221e-01
7.451259999999999550e-01 3.408450000000000091e-01 5.862690000000000401e-01 4.249120000000000119e-01 5.038540000000000241e-01
4.169410000000000061e-01 5.299829999999999819e-01 4.291510000000000047e-01 7.483109999999999484e-01 8.610179999999999501e-01
6.996130000000000404e-01 3.995520000000000183e-01 2.624639999999999751e-01 2.402360000000000051e-01 6.433419999999999694e-01
3.638799999999999812e-01 7.323220000000000285e-01 1.433800000000000074e-01 7.930260000000000087e-01 3.961790000000000034e-01
5.801260000000000305e-01 1.772890000000000021e-01 6.982399999999999718e-01 3.181720000000000104e-01 5.168909999999999894e-01
3.805189999999999961e-01 3.886260000000000270e-01 6.289270000000000138e-01 3.719439999999999968e-01 2.579429999999999779e-01
5.739640000000000297e-01 6.060849999999999849e-01 4.627749999999999919e-01 8.586599999999999788e-01 4.994160000000000266e-01
5.124400000000000066e-01 5.840809999999999613e-01 6.411729999999999929e-01 1.880259999999999987e-01 1.514540000000000053e-01
3.689279999999999782e-01 5.778189999999999715e-01 4.108089999999999797e-01 4.676259999999999861e-01 3.860580000000000123e-01
8.090230000000000476e-01 2.490870000000000029e-01 4.075239999999999974e-01 2.591330000000000022e-01 2.562989999999999990e-01
3.951069999999999860e-01 5.711420000000000385e-01 1.768149999999999999e-01 7.375230000000000397e-01 5.523580000000000156e-01
7.090180000000000371e-01 4.639420000000000210e-01 4.684659999999999935e-01 5.021520000000000428e-01 6.639190000000000369e-01
1.927659999999999929e-01 8.106590000000000185e-01 7.437719999999999887e-01 5.749079999999999746e-01 4.712459999999999982e-01
5.447910000000000252e-01 3.053230000000000111e-01 5.553139999999999743e-01 1.584069999999999923e-01 3.454699999999999993e-01
3.168690000000000118e-01 6.099050000000000304e-01 6.692829999999999613e-01 6.411360000000000392e-01 5.784070000000000045e-01
3.192889999999999895e-01 2.869419999999999749e-01 6.416629999999999834e-01 4.332940000000000125e-01 3.681699999999999973e-01
3.976169999999999982e-01 7.554910000000000236e-01 5.379650000000000265e-01 5.811030000000000362e-01 6.056289999999999729e-01
5.280350000000000321e-01 6.762890000000000290e-01 3.918119999999999936e-01 1.907669999999999921e-01 2.141530000000000100e-01
6.640310000000000379e-01 3.690359999999999752e-01 3.842709999999999737e-01 4.369169999999999998e-01 2.656740000000000212e-01
3.872539999999999871e-01 5.776400000000000423e-01 3.891649999999999832e-01 7.006909999999999528e-01 5.052389999999999937e-01
5.438479999999999981e-01 4.603140000000000009e-01 4.901860000000000106e-01 5.580669999999999797e-01 4.238319999999999865e-01
7.775009999999999977e-01 4.638149999999999773e-01 3.350759999999999850e-01 6.164819999999999744e-01 2.091419999999999946e-01
6.252830000000000332e-01 1.375929999999999931e-01 5.289679999999999938e-01 3.595740000000000047e-01 3.600860000000000172e-01
3.553600000000000092e-01 5.320080000000000364e-01 4.507539999999999880e-01 8.271830000000000016e-01 4.656549999999999856e-01
3.089359999999999884e-01 2.834940000000000238e-01 6.809340000000000392e-01 4.618809999999999860e-01 8.273200000000000554e-01
6.551139999999999741e-01 5.013900000000000023e-01 8.606989999999999919e-01 7.634640000000000315e-01 5.358629999999999782e-01
2.082829999999999959e-01 6.202349999999999808e-01 2.924640000000000017e-01 4.438150000000000150e-01 1.984249999999999903e-01
3.178699999999999859e-01 4.384140000000000259e-01 4.305579999999999963e-01 3.842900000000000205e-01 7.688730000000000286e-01
5.322480000000000544e-01 4.946389999999999953e-01 4.023169999999999802e-01 7.356329999999999814e-01 7.831369999999999720e-01
5.645630000000000370e-01 6.021689999999999543e-01 6.492630000000000345e-01 1.590689999999999882e-01 4.684079999999999910e-01
5.313689999999999802e-01 7.166780000000000372e-01 1.992240000000000122e-01 3.649209999999999954e-01 2.204849999999999866e-01
6.986660000000000093e-01 4.863669999999999938e-01 3.716639999999999944e-01 5.619340000000000446e-01 4.204049999999999732e-01
7.399740000000000206e-01 7.475789999999999935e-01 5.630680000000000129e-01 4.809709999999999819e-01 6.838140000000000329e-01
6.730249999999999844e-01 5.391620000000000301e-01 6.896210000000000395e-01 4.593010000000000148e-01 4.677390000000000159e-01
6.523210000000000397e-01 5.617539999999999756e-01 4.025489999999999902e-01 6.373280000000000056e-01 5.797350000000000003e-01
3.235370000000000190e-01 6.878800000000000470e-01 1.935790000000000011e-01 4.827389999999999737e-01 3.943240000000000078e-01
2.680870000000000197e-01 7.389489999999999670e-01 5.124969999999999803e-01 5.452369999999999717e-01 7.969340000000000312e-01
8.644220000000000237e-01 3.325779999999999847e-01 6.399930000000000341e-01 3.601070000000000104e-01 3.220999999999999974e-01
3.370929999999999760e-01 5.240150000000000086e-01 1.247520000000000018e-01 7.009950000000000347e-01 6.190430000000000099e-01
4.831030000000000046e-01 5.125720000000000276e-01 8.051880000000000148e-01 8.023719999999999741e-01 4.672540000000000027e-01
3.850890000000000146e-01 1.918630000000000058e-01 6.383259999999999490e-01 3.515349999999999864e-01 2.520100000000000118e-01
3.591170000000000195e-01 6.817520000000000246e-01 2.118490000000000095e-01 5.419389999999999485e-01 3.720740000000000158e-01
3.723699999999999788e-01 4.206750000000000211e-01 2.915949999999999931e-01 8.367189999999999905e-01 7.283230000000000537e-01
4.662519999999999998e-01 3.042560000000000264e-01 6.314180000000000348e-01 2.367660000000000042e-01 3.258159999999999945e-01
6.340529999999999777e-01 5.327870000000000106e-01 5.552740000000000453e-01 4.888770000000000060e-01 5.507699999999999818e-01
2.172499999999999987e-01 3.162789999999999768e-01 6.962979999999999725e-01 6.738070000000000448e-01 6.687490000000000379e-01
5.952520000000000033e-01 3.990819999999999923e-01 3.660649999999999737e-01 4.519639999999999769e-01 1.647240000000000093e-01
6.138040000000000163e-01 2.043490000000000029e-01 4.893009999999999859e-01 6.832610000000000072e-01 5.721500000000000474e-01
4.497820000000000151e-01 4.855909999999999949e-01 3.278690000000000215e-01 5.019379999999999953e-01 7.698399999999999688e-02
5.449089999999999767e-01 2.842669999999999919e-01 6.742719999999999825e-01 4.977559999999999762e-01 7.832280000000000353e-01
9.302499999999999658e-02 4.664460000000000273e-01 5.549150000000000471e-01 4.571100000000000163e-01 6.405239999999999823e-01
3.354210000000000247e-01 4.259800000000000253e-01 4.462050000000000183e-01 3.633830000000000116e-01 3.816649999999999765e-01
1.530199999999999894e-01 8.042230000000000212e-01 5.825900000000000523e-01 5.836040000000000116e-01 6.247949999999999893e-01
5.785479999999999512e-01 6.630920000000000147e-01 5.849550000000000027e-01 3.408240000000000158e-01 2.240099999999999869e-01
6.322569999999999579e-01 3.485710000000000197e-01 4.269950000000000134e-01 5.077909999999999924e-01 4.515270000000000117e-01
2.387029999999999985e-01 8.763830000000000231e-01 3.630390000000000006e-01 5.960370000000000390e-01 5.919999999999999707e-01
6.770190000000000374e-01 6.505520000000000191e-01 8.267710000000000337e-01 5.433090000000000419e-01 4.017370000000000108e-01
6.367859999999999632e-01 4.623360000000000247e-01 4.834109999999999796e-01 6.809190000000000520e-01 2.035710000000000020e-01
7.299670000000000325e-01 5.573540000000000161e-01 4.513889999999999847e-01 4.971459999999999768e-01 5.360530000000000017e-01
5.571890000000000454e-01 6.765889999999999960e-01 4.320490000000000164e-01 4.470950000000000202e-01 3.308840000000000114e-01
1.669100000000000028e-01 2.592149999999999732e-01 6.218439999999999523e-01 3.312709999999999821e-01 6.665769999999999751e-01
5.423639999999999572e-01 5.107479999999999798e-01 1.484310000000000074e-01 6.855210000000000470e-01 5.480260000000000131e-01
4.733519999999999950e-01 6.218420000000000059e-01 2.928040000000000087e-01 1.583479999999999888e-01 3.559669999999999779e-01
4.375399999999999845e-01 7.271030000000000548e-01 4.209410000000000096e-01 7.608270000000000310e-01 2.275619999999999865e-01
3.477660000000000196e-01 8.971980000000000510e-01 2.142280000000000018e-01 5.288089999999999735e-01 6.846069999999999656e-01
6.702059999999999684e-01 1.559659999999999935e-01 3.273280000000000078e-01 4.015299999999999980e-01 5.153849999999999820e-01
1.765760000000000107e-01 7.186669999999999447e-01 6.350700000000000234e-01 6.295770000000000532e-01 3.003879999999999884e-01
4.418130000000000113e-01 5.572380000000000111e-01 5.051590000000000247e-01 2.061419999999999919e-01 6.269510000000000360e-01
7.668650000000000189e-01 7.001100000000000101e-01 7.508510000000000462e-01 5.531340000000000146e-01 5.226009999999999822e-01
3.569129999999999803e-01 6.444849999999999746e-01 8.609109999999999818e-01 3.389480000000000270e-01 7.059140000000000414e-01
5.135020000000000140e-01 4.326090000000000213e-01 8.539139999999999509e-01 7.284270000000000467e-01 6.722639999999999727e-01
7.346009999999999485e-01 4.405519999999999992e-01 3.601750000000000229e-01 4.551470000000000238e-01 6.618239999999999679e-01
4.409739999999999771e-01 4.498240000000000016e-01 1.966789999999999927e-01 5.882249999999999979e-01 2.903020000000000045e-01
6.469669999999999588e-01 5.661070000000000269e-01 5.620950000000000113e-01 1.248530000000000056e-01 4.118939999999999824e-01
7.002960000000000296e-01 8.680550000000000210e-01 3.964619999999999811e-01 3.444050000000000167e-01 4.112080000000000179e-01
4.250990000000000046e-01 6.453980000000000272e-01 2.014869999999999994e-01 3.990170000000000106e-01 2.764229999999999743e-01
7.225340000000000096e-01 6.249900000000000455e-01 2.131089999999999929e-01 7.165259999999999962e-01 6.455579999999999652e-01
6.971929999999999517e-01 7.205570000000000030e-01 4.056370000000000253e-01 5.467480000000000118e-01 1.910449999999999926e-01
6.306460000000000399e-01 2.709920000000000107e-01 5.660309999999999508e-01 2.813249999999999917e-01 2.288989999999999914e-01
5.580220000000000180e-01 6.730880000000000196e-01 5.869950000000000445e-01 6.263859999999999983e-01 6.778629999999999933e-01
5.816449999999999676e-01 7.011220000000000230e-01 7.567369999999999930e-01 4.868390000000000217e-01 3.047770000000000201e-01
3.939690000000000136e-01 4.435890000000000111e-01 4.010469999999999868e-01 3.973419999999999730e-01 1.337379999999999958e-01
6.167470000000000452e-01 6.589019999999999877e-01 1.687549999999999883e-01 2.680250000000000132e-01 7.030189999999999495e-01
6.217200000000000504e-01 2.518509999999999915e-01 8.654939999999999856e-01 3.556500000000000217e-01 4.084849999999999870e-01
4.104039999999999910e-01 6.581519999999999593e-01 5.658039999999999736e-01 4.685599999999999765e-01 9.618699999999999473e-02
3.279790000000000205e-01 3.392330000000000068e-01 4.935149999999999815e-01 5.121769999999999934e-01 1.586680000000000035e-01
3.744449999999999723e-01 2.949609999999999732e-01 4.124849999999999905e-01 6.412090000000000289e-01 7.988739999999999730e-01
6.758189999999999475e-01 4.862719999999999820e-01 7.663590000000000124e-01 1.885189999999999921e-01 4.347429999999999906e-01
3.429579999999999851e-01 8.731400000000000272e-02 4.864910000000000068e-01 4.493619999999999837e-01 4.247029999999999972e-01
5.776409999999999600e-01 4.159709999999999797e-01 2.176150000000000029e-01 4.534670000000000090e-01 4.205499999999999794e-01
3.900870000000000171e-01 1.863829999999999931e-01 5.389749999999999819e-01 5.482420000000000071e-01 2.957449999999999801e-01
6.642930000000000224e-01 7.783889999999999976e-01 3.794969999999999732e-01 2.086260000000000059e-01 3.740490000000000204e-01
4.548400000000000221e-01 4.887500000000000178e-01 4.240399999999999725e-01 8.457529999999999770e-01 5.737710000000000310e-01
4.704780000000000073e-01 3.238139999999999907e-01 3.469169999999999754e-01 6.388610000000000122e-01 3.310420000000000029e-01
5.918499999999999872e-01 2.301229999999999942e-01 6.780650000000000288e-01 2.347440000000000082e-01 3.507179999999999742e-01
7.078699999999999992e-01 1.763869999999999882e-01 5.341559999999999642e-01 5.667640000000000455e-01 6.020020000000000371e-01
6.682150000000000034e-01 6.962810000000000388e-01 3.985690000000000066e-01 7.478160000000000363e-01 5.388789999999999969e-01
3.509189999999999809e-01 8.968080000000000496e-01 6.448129999999999695e-01 3.671300000000000119e-01 3.551830000000000265e-01
7.080119999999999747e-01 5.502340000000000009e-01 7.868290000000000006e-01 2.394600000000000062e-01 6.081170000000000186e-01
6.168080000000000229e-01 6.884449999999999736e-01 7.017099999999999449e-01 6.369500000000000162e-01 2.105740000000000112e-01
2.153639999999999999e-01 6.282879999999999576e-01 6.343290000000000317e-01 1.749040000000000039e-01 6.158580000000000165e-01
6.737429999999999808e-01 5.927090000000000414e-01 6.678960000000000452e-01 3.281200000000000228e-01 7.089170000000000194e-01
6.819330000000000114e-01 2.475410000000000110e-01 4.192040000000000211e-01 5.644470000000000320e-01 6.673649999999999860e-01
3.338269999999999849e-01 6.329289999999999639e-01 6.415279999999999871e-01 1.684049999999999991e-01 3.845839999999999814e-01
2.313050000000000106e-01 5.422270000000000145e-01 2.155950000000000089e-01 5.082179999999999476e-01 6.243389999999999773e-01
3.249340000000000006e-01 1.622210000000000041e-01 4.514960000000000084e-01 2.856830000000000203e-01 4.721639999999999726e-01
7.169809999999999794e-01 3.077619999999999800e-01 5.515259999999999607e-01 5.048629999999999507e-01 2.338770000000000016e-01
7.763120000000000021e-01 4.771929999999999783e-01 1.824540000000000051e-01 5.025049999999999795e-01 6.001419999999999533e-01
6.220970000000000111e-01 5.872110000000000385e-01 2.580799999999999761e-01 5.523080000000000211e-01 6.451259999999999772e-01
3.514920000000000266e-01 5.197359999999999758e-01 1.953000000000000014e-01 4.022459999999999924e-01 5.421899999999999498e-01
5.529920000000000391e-01 1.353159999999999918e-01 2.538579999999999726e-01 5.974509999999999543e-01 3.525209999999999733e-01
6.322079999999999922e-01 5.208230000000000359e-01 4.643700000000000050e-01 6.664949999999999486e-01 7.789740000000000553e-01
3.679109999999999880e-01 4.844109999999999805e-01 4.900189999999999824e-01 7.511309999999999931e-01 2.645770000000000066e-01
3.766970000000000041e-01 1.397450000000000081e-01 7.008649999999999602e-01 4.457389999999999963e-01 5.269960000000000200e-01
