5
574
0.643373 0.17115 0.523973 0.416246 0.84811 
0.594353 0.283663 0.5166230000000001 0.89097 0.525684 
0.169482 0.475667 0.528805 0.626715 0.205995 
0.803044 0.7589360000000001 0.442344 0.480442 0.7881590000000001 
0.376184 0.523962 0.222183 0.237115 0.190866 
0.452163 0.501441 0.724832 0.245266 0.186302 
0.185615 0.639302 0.756615 0.424333 0.7568550000000001 
0.483276 0.416836 0.768377 0.114569 0.568759 
0.229929 0.414437 0.450938 0.908941 0.574341 
0.528899 0.201483 0.318961 0.776388 0.753494 
0.581224 0.623955 0.817978 0.750927 0.832683 
0.438425 0.616935 0.825177 0.754015 0.735199 
0.669744 0.386338 0.188149 0.217921 0.5969179999999999 
0.43661 0.108848 0.40015 0.313487 0.776196 
0.206124 0.322857 0.260942 0.656774 0.398436 
0.723201 0.831772 0.591933 0.623115 0.694363 
0.842402 0.242672 0.590906 0.35049 0.689762 
0.534393 0.540102 0.495514 0.098563 0.552679 
0.624987 0.153229 0.320909 0.509238 0.767868 
0.357688 0.656881 0.191301 0.193816 0.468004 
0.758084 0.12491 0.355417 0.501421 0.378883 
0.664197 0.163699 0.292274 0.252182 0.430731 
0.603451 0.202575 0.677659 0.411387 0.182427 
0.539171 0.8491379999999999 0.462499 0.215416 0.497391 
0.835394 0.459556 0.754414 0.430799 0.439078 
0.589612 0.601347 0.832637 0.137108 0.366237 
0.794329 0.284835 0.229862 0.297114 0.590151 
0.676988 0.130208 0.405389 0.367858 0.589066 
0.611444 0.542109 0.232683 0.699601 0.193092 
0.405166 0.630117 0.377591 0.178928 0.240713 
0.7173850000000001 0.08838699999999999 0.523493 0.355117 0.452473 
0.5302249999999999 0.483305 0.901023 0.485178 0.393432 
0.412531 0.402785 0.6095 0.874116 0.271959 
0.800181 0.649031 0.270271 0.446084 0.336455 
0.505039 0.196487 0.353711 0.827067 0.520692 
0.447591 0.655089 0.073757 0.635955 0.488659 
0.335777 0.395817 0.497934 0.769074 0.8225440000000001 
0.282115 0.508229 0.801857 0.809098 0.517327 
0.664937 0.597382 0.192457 0.6271060000000001 0.767467 
0.675867 0.305012 0.32899 0.32809 0.200993 
0.116698 0.351366 0.402468 0.277473 0.494432 
0.782628 0.631788 0.463331 0.21161 0.522363 
0.724899 0.373101 0.702338 0.201781 0.333864 
0.441825 0.759973 0.860023 0.406408 0.499968 
0.58845 0.081231 0.252954 0.389571 0.5156500000000001 
0.369351 0.674435 0.220972 0.882763 0.603731 
0.601339 0.708863 0.866988 0.468066 0.788536 
0.402083 0.811397 0.157708 0.605251 0.453942 
0.281222 0.499624 0.180148 0.749541 0.535288 
0.578596 0.460035 0.814846 0.119572 0.649643 
0.399348 0.8360570000000001 0.601973 0.366469 0.239219 
0.744902 0.565272 0.521126 0.572195 0.883162 
0.196909 0.442696 0.387887 0.220641 0.311883 
0.318923 0.146444 0.276926 0.297947 0.602514 
0.470826 0.178956 0.712361 0.648554 0.254238 
0.807958 0.358273 0.496114 0.183177 0.648827 
0.78448 0.755983 0.806117 0.414312 0.337051 
0.323703 0.482606 0.153885 0.342847 0.228583 
0.764945 0.435629 0.615408 0.166199 0.300992 
0.792754 0.815397 0.381188 0.626603 0.317375 
0.319359 0.470649 0.205969 0.715854 0.366023 
0.322089 0.353498 0.248123 0.210939 0.253487 
0.487916 0.399453 0.601685 0.5269779999999999 0.927156 
0.271092 0.236969 0.730631 0.720793 0.373943 
0.093927 0.627516 0.6642749999999999 0.463949 0.5857830000000001 
0.594936 0.08266800000000001 0.404268 0.534624 0.423359 
0.389083 0.324909 0.740536 0.19547 0.270923 
0.337225 0.7397860000000001 0.57718 0.657393 0.809793 
0.586344 0.68286 0.835618 0.230285 0.397665 
0.563822 0.155338 0.7655960000000001 0.367204 0.599451 
0.830323 0.244646 0.7718469999999999 0.429387 0.704321 
0.594379 0.725093 0.6424879999999999 0.297957 0.769075 
0.367691 0.779869 0.261842 0.7723179999999999 0.352482 
0.455196 0.48252 0.718325 0.892519 0.566754 
0.116996 0.356978 0.735622 0.596259 0.321758 
0.457875 0.510229 0.415596 0.927679 0.506203 
0.150142 0.44364 0.255162 0.510776 0.609365 
0.861103 0.5533709999999999 0.511647 0.246766 0.387971 
0.681654 0.554959 0.202963 0.191734 0.469366 
0.542516 0.0703 0.529741 0.361302 0.40447 
0.610649 0.183648 0.564377 0.488596 0.839468 
0.193324 0.188457 0.399197 0.295727 0.277471 
0.504403 0.505956 0.602006 0.914346 0.41054 
0.560341 0.6460669999999999 0.442149 0.204926 0.198452 
0.180665 0.428358 0.419315 0.432484 0.764328 
0.297464 0.47713 0.131889 0.6590510000000001 0.675322 
0.554109 0.905853 0.670345 0.489649 0.528072 
0.79291 0.439845 0.473837 0.781716 0.300713 
0.722041 0.351023 0.647324 0.570349 0.85394 
0.456757 0.707134 0.801911 0.717341 0.346103 
0.5229279999999999 0.857348 0.454294 0.326193 0.320865 
0.372195 0.479369 0.760055 0.244531 0.835744 
0.34828 0.548506 0.74293 0.42999 0.833686 
0.579075 0.50552 0.266444 0.123973 0.60931 
0.460245 0.340579 0.103904 0.31366 0.690095 
0.537705 0.203377 0.154604 0.430267 0.502405 
0.5545 0.485325 0.858081 0.771912 0.5209780000000001 
0.595371 0.400715 0.813071 0.291142 0.229214 
0.272607 0.701564 0.17961 0.712777 0.638981 
0.450303 0.236458 0.148775 0.458423 0.714391 
0.553597 0.312296 0.758981 0.20014 0.758317 
0.648584 0.758592 0.660864 0.14866 0.535758 
0.314016 0.670356 0.680244 0.867827 0.564124 
0.511899 0.47907 0.735354 0.090712 0.5955780000000001 
0.108734 0.494178 0.652865 0.7008720000000001 0.550048 
0.467117 0.832408 0.27985 0.441199 0.234907 
0.349398 0.340307 0.547587 0.301848 0.161646 
0.602596 0.825394 0.39316 0.833619 0.634382 
0.629599 0.67524 0.760771 0.28162 0.190051 
0.370155 0.187107 0.709855 0.541036 0.199554 
0.408872 0.910431 0.605801 0.698441 0.703977 
0.583466 0.319843 0.599938 0.164202 0.742045 
0.551302 0.73926 0.747877 0.564775 0.176769 
0.555415 0.855258 0.316393 0.617984 0.462307 
0.314058 0.377618 0.618621 0.165188 0.317896 
0.878162 0.275798 0.336134 0.402485 0.566493 
0.64895 0.901807 0.669214 0.479054 0.45301 
0.123793 0.59597 0.47398 0.179426 0.612102 
0.103786 0.33794 0.764705 0.390226 0.521944 
0.243458 0.799892 0.77858 0.594718 0.431213 
0.396908 0.826711 0.5351089999999999 0.572331 0.164854 
0.561591 0.660572 0.241715 0.499499 0.081179 
0.469562 0.931733 0.636665 0.429726 0.409839 
0.297534 0.651587 0.218529 0.816121 0.548719 
0.547655 0.442299 0.716596 0.831574 0.26798 
0.854604 0.322919 0.301575 0.578774 0.460102 
0.28022 0.660173 0.529046 0.670146 0.151937 
0.537226 0.162283 0.495705 0.320453 0.845462 
0.41172 0.770361 0.460921 0.698808 0.870467 
0.722997 0.415703 0.715089 0.500873 0.167481 
0.898936 0.425259 0.327745 0.410693 0.522303 
0.494803 0.156933 0.564775 0.165969 0.433396 
0.462152 0.385796 0.07667400000000001 0.6618889999999999 0.369608 
0.294378 0.618082 0.097784 0.451149 0.464422 
0.324396 0.122013 0.678563 0.600437 0.53938 
0.104873 0.605602 0.352152 0.618052 0.591919 
0.828361 0.258206 0.670061 0.718295 0.383993 
0.11868 0.658632 0.632803 0.5175380000000001 0.259619 
0.63637 0.471987 0.693335 0.874846 0.53739 
0.187584 0.72088 0.831753 0.273721 0.428187 
0.154135 0.55071 0.783453 0.500647 0.368491 
0.398218 0.84779 0.804221 0.534207 0.416997 
0.886505 0.494462 0.419922 0.630705 0.263008 
0.423488 0.561441 0.137226 0.354213 0.253938 
0.405407 0.68175 0.175135 0.498175 0.827508 
0.519151 0.372909 0.47969 0.149833 0.241554 
0.667369 0.464021 0.799293 0.713799 0.815326 
0.284562 0.635831 0.4047 0.799655 0.795185 
0.675149 0.23477 0.780612 0.753118 0.659084 
0.226972 0.711045 0.52751 0.852958 0.662527 
0.37029 0.458366 0.765201 0.739169 0.219739 
0.451627 0.491326 0.7146940000000001 0.862484 0.763275 
0.572227 0.410918 0.290935 0.7445619999999999 0.851944 
0.680633 0.397171 0.252327 0.865859 0.491899 
0.446095 0.5189820000000001 0.528822 0.910554 0.686958 
0.50746 0.882454 0.410708 0.764897 0.630256 
0.451053 0.8521030000000001 0.302532 0.657087 0.666694 
0.479703 0.370075 0.84645 0.286747 0.349344 
0.355712 0.448633 0.177061 0.872288 0.544287 
0.369181 0.831717 0.67095 0.65082 0.326863 
0.587652 0.661552 0.696069 0.833736 0.600694 
0.21882 0.703086 0.769005 0.663326 0.513432 
0.259733 0.337907 0.203632 0.446194 0.176396 
0.403015 0.472995 0.634771 0.594866 0.909738 
0.7266359999999999 0.563658 0.398421 0.264344 0.836408 
0.167088 0.239864 0.393845 0.351413 0.193369 
0.742859 0.223938 0.7289949999999999 0.22333 0.510645 
0.62173 0.420024 0.349486 0.802813 0.88252 
0.589951 0.310088 0.652216 0.793644 0.780065 
0.285463 0.77847 0.742569 0.35596 0.619384 
0.758534 0.682678 0.766672 0.448958 0.638278 
0.146914 0.185965 0.519747 0.383727 0.306033 
0.770896 0.449858 0.767691 0.585247 0.25461 
0.31723 0.687581 0.180195 0.532561 0.759454 
0.427337 0.247627 0.870737 0.483401 0.519657 
0.323724 0.820955 0.795542 0.672136 0.591086 
0.381166 0.251305 0.68582 0.579332 0.8363969999999999 
0.470386 0.770358 0.411349 0.538458 0.866356 
0.695556 0.217514 0.755896 0.348151 0.371296 
0.765187 0.50275 0.726235 0.8283779999999999 0.556399 
0.289351 0.114926 0.556284 0.464553 0.748613 
0.904708 0.419496 0.467566 0.381645 0.314915 
0.512479 0.228519 0.725724 0.241466 0.320617 
0.8711410000000001 0.262117 0.396403 0.350002 0.482922 
0.673442 0.532805 0.857106 0.375214 0.225626 
0.459138 0.730122 0.161336 0.572722 0.7443419999999999 
0.487147 0.477679 0.347345 0.826136 0.874943 
0.622012 0.163055 0.458309 0.807434 0.53927 
0.430015 0.269497 0.440819 0.836991 0.306108 
0.40869 0.8526049999999999 0.739671 0.654217 0.428233 
0.342288 0.833613 0.538626 0.688866 0.768358 
0.125558 0.246953 0.538139 0.503094 0.501907 
0.418485 0.471165 0.87174 0.326389 0.625839 
0.219209 0.252302 0.431652 0.775413 0.364928 
0.481902 0.318607 0.821945 0.436594 0.840309 
0.85789 0.561066 0.828014 0.429377 0.5346610000000001 
0.413961 0.435335 0.668618 0.47106 0.111808 
0.355289 0.343597 0.832238 0.425824 0.8190730000000001 
0.397409 0.257675 0.748924 0.161271 0.478119 
0.812195 0.562612 0.818791 0.426928 0.383667 
0.457994 0.509185 0.876679 0.349837 0.712348 
0.7081460000000001 0.809926 0.429324 0.652927 0.743407 
0.611435 0.384118 0.879354 0.294962 0.422879 
0.219102 0.450914 0.510493 0.854009 0.322713 
0.492897 0.125145 0.310849 0.436473 0.797509 
0.523552 0.335002 0.378162 0.77415 0.147429 
0.53167 0.781411 0.16883 0.5263099999999999 0.690908 
0.506625 0.854447 0.684627 0.518579 0.757846 
0.418963 0.510552 0.8554 0.714244 0.297053 
0.576527 0.68563 0.379208 0.350204 0.872076 
0.331359 0.142489 0.815289 0.559507 0.627959 
0.49305 0.689228 0.852538 0.6077360000000001 0.21238 
0.474879 0.288083 0.812895 0.321458 0.741654 
0.631246 0.343929 0.407798 0.866861 0.339842 
0.7178060000000001 0.163229 0.39553 0.676248 0.705479 
0.712191 0.792611 0.405353 0.766245 0.279292 
0.42564 0.728001 0.514619 0.198293 0.7169720000000001 
0.165925 0.705755 0.624596 0.58156 0.276347 
0.450216 0.786467 0.142766 0.46038 0.60445 
0.395582 0.538965 0.378942 0.870312 0.326765 
0.5038899999999999 0.880147 0.623417 0.775305 0.543591 
0.424118 0.144743 0.689696 0.718415 0.398633 
0.322526 0.702811 0.15039 0.61072 0.366619 
0.129515 0.759125 0.616078 0.421214 0.347205 
0.6173380000000001 0.593218 0.213219 0.572095 0.202825 
0.346725 0.406461 0.38301 0.241317 0.813228 
0.638459 0.578842 0.591137 0.247091 0.855261 
0.8380069999999999 0.389686 0.460738 0.619969 0.825376 
0.358445 0.386713 0.481387 0.674131 0.125732 
0.880089 0.652267 0.645787 0.745976 0.6128400000000001 
0.828727 0.414186 0.216543 0.440969 0.35961 
0.43843 0.696349 0.539114 0.88122 0.658088 
0.356207 0.7714760000000001 0.196333 0.773702 0.605979 
0.475481 0.415851 0.208406 0.677882 0.15542 
0.125164 0.634516 0.313239 0.611214 0.674646 
0.6932469999999999 0.403434 0.512455 0.8244669999999999 0.824335 
0.883825 0.440973 0.437177 0.631614 0.5300240000000001 
0.708554 0.662985 0.783521 0.6304380000000001 0.768974 
0.7049029999999999 0.311051 0.830816 0.525454 0.301659 
0.135564 0.420743 0.420463 0.715743 0.484391 
0.212137 0.3851 0.37536 0.673307 0.273919 
0.658906 0.241102 0.203339 0.518618 0.406527 
0.393567 0.683876 0.89805 0.524509 0.428295 
0.348081 0.197732 0.285852 0.32295 0.824854 
0.41508 0.25229 0.235727 0.858425 0.541292 
0.851992 0.430324 0.450483 0.272729 0.759836 
0.742274 0.39369 0.7425 0.20323 0.681644 
0.263801 0.696648 0.570381 0.395243 0.851119 
0.765257 0.679985 0.50879 0.225338 0.250592 
0.64661 0.568995 0.101174 0.434615 0.575305 
0.669281 0.598295 0.540554 0.094989 0.47469 
0.120978 0.284629 0.76012 0.334118 0.526609 
0.597366 0.924529 0.5624670000000001 0.374867 0.3849 
0.672366 0.450989 0.765976 0.751369 0.261684 
0.50863 0.540236 0.740085 0.610052 0.136663 
0.6891 0.711956 0.838838 0.356312 0.535947 
0.340722 0.516194 0.679949 0.896134 0.315744 
0.4693 0.5263949999999999 0.120324 0.283548 0.588981 
0.490697 0.147366 0.778639 0.5895359999999999 0.331002 
0.549997 0.795749 0.149783 0.407247 0.606083 
0.799049 0.621124 0.233621 0.472866 0.451316 
0.471585 0.920778 0.518339 0.7162230000000001 0.563967 
0.404321 0.4152 0.266054 0.5663049999999999 0.885852 
0.513487 0.169361 0.448872 0.18781 0.516427 
0.581331 0.431221 0.524016 0.131928 0.321146 
0.509123 0.837557 0.81463 0.48251 0.5402749999999999 
0.407839 0.545674 0.138358 0.389821 0.723772 
0.452569 0.331678 0.514838 0.877657 0.788085 
0.7020459999999999 0.282845 0.781713 0.255054 0.698682 
0.689378 0.376229 0.2829 0.704575 0.796419 
0.411459 0.392118 0.328402 0.458255 0.896366 
0.616724 0.284637 0.900188 0.465913 0.595061 
0.731815 0.610775 0.297957 0.76092 0.777598 
0.712999 0.377325 0.699576 0.771509 0.749579 
0.656961 0.547399 0.140981 0.468997 0.435733 
0.366026 0.801726 0.610671 0.552637 0.176475 
0.61972 0.642369 0.30347 0.416069 0.8684539999999999 
0.373184 0.108072 0.361598 0.38381 0.688342 
0.264633 0.683083 0.567732 0.86609 0.374029 
0.675031 0.249103 0.670694 0.348798 0.240863 
 0.422 0.55353 0.18126 0.44399 0.141398 
0.63006 0.420786 0.158176 0.467653 0.842062 
0.789927 0.310604 0.316281 0.728941 0.317921 
0.562245 0.643872 0.558999 0.096113 0.375466 
0.715267 0.496228 0.098986 0.652448 0.698572 
0.411641 0.454662 0.511818 0.132489 0.738139 
0.39003 0.23011 0.462793 0.156344 0.670725 
0.46299 0.467563 0.335822 0.161166 0.709774 
0.169137 0.6775949999999999 0.336913 0.491031 0.759561 
0.537882 0.175057 0.1843 0.52671 0.416146 
0.320291 0.13854 0.439413 0.212148 0.576525 
0.450127 0.291473 0.794474 0.731734 0.25625 
0.133912 0.657386 0.69235 0.328524 0.502605 
0.613166 0.478975 0.131363 0.815645 0.55161 
0.637572 0.669287 0.7116749999999999 0.128491 0.549291 
0.493641 0.61722 0.614469 0.382705 0.122879 
0.706469 0.6321560000000001 0.643792 0.208293 0.778484 
0.088326 0.494162 0.373683 0.484893 0.5969950000000001 
0.640438 0.843674 0.6235849999999999 0.595098 0.819432 
0.658904 0.195529 0.258799 0.628826 0.686809 
0.5335530000000001 0.421982 0.24334 0.812565 0.78265 
0.342761 0.78954 0.803314 0.301565 0.394565 
0.738811 0.190429 0.54657 0.20905 0.500803 
0.369865 0.322267 0.346897 0.295181 0.112151 
0.265018 0.149557 0.612883 0.718711 0.376329 
0.512561 0.605741 0.693379 0.621223 0.901632 
0.282948 0.502489 0.336996 0.885267 0.690368 
0.482767 0.872758 0.43891 0.761908 0.385138 
0.750742 0.722601 0.754719 0.561289 0.589179 
0.288609 0.645516 0.186098 0.7513339999999999 0.674025 
0.132486 0.693599 0.324239 0.479941 0.362814 
0.330154 0.905666 0.531118 0.498985 0.432892 
0.330615 0.65122 0.060061 0.440623 0.543553 
0.812501 0.710453 0.5881690000000001 0.361234 0.25984 
0.468541 0.770305 0.520958 0.747377 0.160061 
0.330411 0.21427 0.240398 0.363381 0.338119 
0.643941 0.716957 0.901096 0.716517 0.496717 
0.8601569999999999 0.657921 0.6854749999999999 0.770124 0.466233 
0.106536 0.557464 0.29943 0.51506 0.620783 
0.53818 0.186563 0.565408 0.816303 0.607022 
0.811295 0.43748 0.730955 0.159729 0.559813 
0.780121 0.489607 0.827784 0.569505 0.676003 
0.741974 0.34925 0.850379 0.326441 0.491013 
0.215635 0.179063 0.517388 0.734785 0.532117 
0.157657 0.740672 0.474486 0.680217 0.406063 
0.71859 0.347155 0.639622 0.132963 0.702511 
0.154055 0.209881 0.466513 0.685638 0.510589 
0.640776 0.526072 0.6869690000000001 0.884121 0.416916 
0.110576 0.450623 0.6147 0.259098 0.657809 
0.540377 0.121892 0.636655 0.259972 0.355214 
0.378026 0.480242 0.421725 0.927629 0.666974 
0.704302 0.205721 0.5541430000000001 0.489489 0.83782 
0.626678 0.5702199999999999 0.690473 0.786151 0.832723 
0.525783 0.842352 0.414807 0.655214 0.175114 
0.791731 0.615777 0.361075 0.5902809999999999 0.854953 
0.105042 0.443107 0.298008 0.616851 0.407798 
0.4976 0.166638 0.680742 0.226553 0.684155 
0.29313 0.641776 0.334162 0.266154 0.252989 
0.129389 0.6390400000000001 0.344648 0.495485 0.612968 
0.6221989999999999 0.305459 0.853316 0.678375 0.446989 
0.639899 0.783806 0.427728 0.829283 0.757516 
0.589415 0.301499 0.291947 0.7539 0.793814 
0.368197 0.280762 0.765794 0.694812 0.704676 
0.244509 0.470425 0.427405 0.403277 0.872072 
0.819078 0.250821 0.540918 0.203212 0.377589 
0.230216 0.247847 0.5581390000000001 0.643822 0.722814 
0.285367 0.15712 0.716688 0.379387 0.364804 
0.254861 0.440862 0.561744 0.231441 0.826666 
0.231051 0.274148 0.608982 0.16818 0.609495 
0.703082 0.692369 0.645304 0.626118 0.157642 
0.271638 0.412706 0.343442 0.223404 0.751062 
0.576946 0.729307 0.467772 0.850942 0.780257 
0.661736 0.792384 0.602708 0.711893 0.787765 
0.360377 0.861629 0.404878 0.77697 0.532088 
0.458017 0.884655 0.402066 0.515169 0.452427 
0.895671 0.54718 0.460326 0.694149 0.5643629999999999 
0.51614 0.761274 0.727486 0.851814 0.44058 
0.831573 0.239203 0.28159 0.685993 0.487861 
0.455151 0.723793 0.787454 0.734559 0.729714 
0.114628 0.544449 0.558858 0.723596 0.484217 
0.537294 0.294892 0.249792 0.255865 0.316603 
0.912212 0.547893 0.442168 0.523209 0.57722 
0.445933 0.799984 0.328154 0.287544 0.751376 
0.258535 0.198084 0.198808 0.358035 0.491063 
0.38754 0.377943 0.09152299999999999 0.225059 0.563654 
0.345683 0.8882910000000001 0.511844 0.557171 0.373137 
0.738895 0.603175 0.564246 0.281365 0.894767 
0.785587 0.36363 0.5266189999999999 0.892939 0.627407 
0.444767 0.19471 0.485797 0.798496 0.328704 
0.435329 0.573966 0.653051 0.821042 0.246199 
0.5071329999999999 0.389666 0.113317 0.526016 0.749518 
0.62921 0.130877 0.651553 0.644833 0.701637 
0.6192839999999999 0.303348 0.373394 0.637287 0.880246 
0.27837 0.570751 0.608652 0.621891 0.119785 
0.687528 0.29079 0.315241 0.259429 0.217184 
0.474425 0.657561 0.626362 0.266845 0.870632 
0.539646 0.831714 0.613355 0.664237 0.8272969999999999 
0.577357 0.639389 0.206293 0.16883 0.530685 
0.5565290000000001 0.581951 0.858191 0.609168 0.27982 
0.69719 0.670468 0.563793 0.672686 0.830201 
0.662949 0.183402 0.444381 0.708473 0.307731 
0.325302 0.344309 0.808039 0.707711 0.504621 
0.619012 0.728123 0.566286 0.56638 0.140975 
0.554907 0.3236 0.7373960000000001 0.410969 0.156445 
0.466581 0.8308 0.251288 0.401402 0.364573 
0.672916 0.705999 0.725042 0.780288 0.305989 
0.261869 0.239443 0.316905 0.227249 0.370012 
0.858137 0.71128 0.475537 0.353262 0.278519 
0.539781 0.097729 0.5383829999999999 0.606804 0.551894 
0.401479 0.660088 0.09653 0.388018 0.420579 
0.128253 0.5444600000000001 0.737581 0.520526 0.487355 
0.612206 0.352804 0.571196 0.09410499999999999 0.623983 
0.34447 0.499394 0.316911 0.329633 0.147356 
0.628818 0.537208 0.8542689999999999 0.694515 0.717392 
0.108139 0.491617 0.598888 0.518392 0.621092 
0.766389 0.69764 0.230937 0.355584 0.304059 
0.806648 0.327936 0.617799 0.340204 0.813577 
0.432518 0.327114 0.810565 0.163589 0.437793 
0.294151 0.8032589999999999 0.370634 0.237741 0.713318 
0.5083490000000001 0.822798 0.7598279999999999 0.434835 0.265845 
0.616912 0.441137 0.194751 0.182039 0.531667 
0.704146 0.573877 0.158284 0.287346 0.430107 
0.211359 0.302572 0.334851 0.839147 0.547997 
0.716413 0.745895 0.258863 0.702471 0.4352 
0.869482 0.376004 0.498084 0.293305 0.573816 
0.729793 0.623147 0.224623 0.238986 0.639143 
0.469221 0.194042 0.258808 0.789103 0.449172 
0.295457 0.75084 0.368377 0.310036 0.782072 
0.227658 0.253538 0.219757 0.449843 0.50874 
0.618028 0.199129 0.756163 0.838906 0.491057 
0.42805 0.234338 0.516302 0.482768 0.8887080000000001 
0.625062 0.417172 0.410618 0.257562 0.846873 
0.437513 0.274864 0.641391 0.86289 0.5883389999999999 
0.26624 0.698269 0.809449 0.406928 0.237804 
0.687011 0.597259 0.140172 0.867534 0.650644 
0.496742 0.745355 0.180806 0.812795 0.642616 
0.279602 0.26479 0.330407 0.145336 0.65556 
0.40365 0.141456 0.449914 0.700579 0.626519 
0.367854 0.514215 0.408112 0.137365 0.700973 
0.396947 0.490317 0.755703 0.103205 0.56819 
0.575793 0.350904 0.642818 0.848974 0.707609 
0.702701 0.29324 0.48282 0.757294 0.839726 
0.540768 0.693412 0.181998 0.847228 0.359585 
0.566804 0.280103 0.683537 0.213734 0.234368 
0.293793 0.779639 0.391225 0.312276 0.428732 
0.733114 0.447864 0.245207 0.197276 0.62379 
0.645841 0.646212 0.878459 0.260686 0.357225 
0.833615 0.5693049999999999 0.316995 0.741221 0.697439 
0.701236 0.676068 0.682466 0.198387 0.293672 
0.748125 0.732943 0.571978 0.238038 0.709977 
0.623508 0.301055 0.835389 0.389322 0.334303 
0.762018 0.237624 0.744649 0.323896 0.7214469999999999 
0.589321 0.7180839999999999 0.829725 0.196324 0.6164230000000001 
0.189248 0.695501 0.290919 0.471007 0.211635 
0.518541 0.116358 0.629875 0.307832 0.7398670000000001 
0.107836 0.39899 0.828606 0.379635 0.5216 
0.709423 0.267655 0.476908 0.388106 0.900404 
0.183335 0.306701 0.7179 0.740071 0.36601 
0.7479209999999999 0.310033 0.731107 0.716744 0.32288 
0.512733 0.501795 0.673428 0.303438 0.879149 
0.291827 0.730916 0.511721 0.494031 0.170654 
0.223864 0.48501 0.55498 0.555893 0.88829 
0.292087 0.114098 0.644584 0.521542 0.552988 
0.726855 0.2507 0.508104 0.709657 0.206807 
0.242562 0.736048 0.763163 0.472797 0.296543 
0.7494690000000001 0.324533 0.419695 0.805481 0.722137 
0.716873 0.477589 0.834383 0.467084 0.276477 
0.555972 0.224478 0.806402 0.19537 0.587988 
0.704973 0.479176 0.503385 0.397818 0.127099 
0.152997 0.41267 0.747049 0.649334 0.358695 
0.461405 0.83979 0.346156 0.839382 0.486179 
0.287394 0.23584 0.758338 0.391666 0.732144 
0.279391 0.7181070000000001 0.219416 0.725871 0.716626 
0.312163 0.528067 0.222092 0.70562 0.350331 
0.177895 0.881802 0.446575 0.583656 0.511076 
0.233374 0.32424 0.5059630000000001 0.72596 0.209834 
0.410522 0.638764 0.702312 0.751843 0.226423 
0.494924 0.179712 0.426885 0.6507270000000001 0.770543 
0.109205 0.409494 0.36797 0.477553 0.240721 
0.518912 0.352073 0.283343 0.137529 0.443028 
0.505785 0.733172 0.422724 0.7236359999999999 0.151814 
0.311041 0.669671 0.162396 0.388075 0.368399 
0.345079 0.743298 0.601661 0.113433 0.47043 
0.832972 0.754124 0.562938 0.302533 0.666635 
0.727885 0.561423 0.838658 0.319133 0.666502 
0.410165 0.651349 0.216711 0.256599 0.657348 
0.603935 0.33357 0.31113 0.159538 0.353436 
0.441391 0.455638 0.905425 0.470414 0.249144 
0.232068 0.360435 0.830385 0.283832 0.359356 
0.584844 0.472685 0.417056 0.456115 0.9311160000000001 
0.759968 0.780257 0.773271 0.370524 0.402074 
0.537293 0.278582 0.125042 0.574373 0.489728 
0.589712 0.286763 0.626852 0.498848 0.130797 
0.659204 0.234592 0.784459 0.404759 0.784799 
0.734907 0.588871 0.153358 0.481378 0.515655 
0.585506 0.597172 0.676038 0.172742 0.273783 
0.314459 0.120755 0.524583 0.665949 0.60236 
0.766011 0.350783 0.60934 0.174708 0.310375 
0.517987 0.813912 0.420275 0.555055 0.8171119999999999 
0.6330209999999999 0.184646 0.342556 0.330355 0.284795 
0.368035 0.566781 0.880848 0.414813 0.763828 
0.265738 0.266546 0.836468 0.524272 0.435477 
0.340817 0.110207 0.244335 0.543316 0.505413 
0.894412 0.382612 0.555211 0.423129 0.524007 
0.52641 0.375291 0.52161 0.699167 0.90621 
0.669345 0.679257 0.276777 0.79088 0.313611 
0.866275 0.489526 0.468422 0.771083 0.587591 
0.420876 0.668133 0.316195 0.288083 0.81651 
0.221306 0.481983 0.6835020000000001 0.617584 0.737969 
0.552144 0.87949 0.594302 0.435808 0.633421 
0.716404 0.603393 0.218816 0.640765 0.333598 
0.440031 0.594884 0.210098 0.12473 0.341647 
0.442069 0.8540720000000001 0.381605 0.640133 0.722379 
0.379201 0.229576 0.480148 0.843843 0.462624 
0.91834 0.538851 0.46602 0.404134 0.273914 
0.597305 0.901498 0.468952 0.669571 0.474256 
0.778463 0.632342 0.777752 0.674026 0.351283 
0.183996 0.421045 0.5039090000000001 0.1922 0.298106 
0.745122 0.25877 0.149485 0.391899 0.639921 
0.121696 0.341315 0.485048 0.200672 0.68649 
0.64227 0.631217 0.868414 0.434866 0.798695 
0.356049 0.111481 0.65905 0.659215 0.433742 
0.296369 0.07577100000000001 0.484407 0.425506 0.485144 
0.252184 0.448708 0.440644 0.911259 0.534766 
0.183684 0.178348 0.496538 0.321389 0.582334 
0.891622 0.484761 0.377311 0.473809 0.300934 
0.540808 0.35683 0.245686 0.243574 0.755318 
0.360346 0.342976 0.395657 0.812268 0.787846 
0.821815 0.237557 0.615672 0.603343 0.386904 
0.203991 0.475386 0.81071 0.597284 0.559931 
0.846758 0.464586 0.303064 0.601461 0.7594109999999999 
0.20834 0.563555 0.673607 0.308904 0.757476 
0.39218 0.367987 0.754192 0.706919 0.181026 
0.700234 0.83373 0.493919 0.300629 0.668423 
0.410292 0.770049 0.205952 0.440186 0.210511 
0.297745 0.199092 0.140987 0.574144 0.645917 
0.437547 0.844444 0.566999 0.551423 0.76899 
0.250396 0.399129 0.156935 0.608532 0.593742 
0.173172 0.500073 0.734418 0.363404 0.7272459999999999 
0.847714 0.536341 0.28099 0.599196 0.692671 
0.6680160000000001 0.349522 0.420376 0.266307 0.817565 
0.532679 0.7437589999999999 0.35782 0.8760790000000001 0.25728 
0.685975 0.178117 0.616639 0.85753 0.510672 
0.378609 0.282112 0.4522 0.122832 0.430597 
0.756679 0.507854 0.505934 0.235427 0.815887 
0.229992 0.480835 0.395337 0.423328 0.865366 
0.399042 0.696801 0.129549 0.331201 0.50224 
0.652595 0.160787 0.347609 0.259626 0.532708 
0.22357 0.544997 0.771567 0.7209179999999999 0.46637 
0.105223 0.478932 0.411415 0.654514 0.418021 
0.5333020000000001 0.206026 0.678396 0.803973 0.377685 
0.609899 0.578309 0.645887 0.422141 0.929389 
0.17352 0.348351 0.741221 0.70723 0.414276 
0.808782 0.205727 0.6454220000000001 0.614712 0.462693 
0.717523 0.413093 0.850395 0.581995 0.594409 
0.387682 0.77167 0.450178 0.135273 0.541103 
0.429597 0.24148 0.559368 0.302502 0.156841 
0.639479 0.719608 0.447083 0.13139 0.26869 
0.735003 0.203396 0.478287 0.570109 0.8273200000000001 
0.381902 0.634883 0.481083 0.568983 0.894988 
0.669692 0.506647 0.209224 0.424101 0.863439 
0.657563 0.66457 0.434327 0.735815 0.837221 
0.6746760000000001 0.287217 0.261358 0.638114 0.7885180000000001 
0.403862 0.711517 0.464278 0.113141 0.553397 
0.729183 0.37875 0.652993 0.852051 0.421111 
0.568357 0.371997 0.149312 0.483502 0.22478 
0.556929 0.299003 0.348705 0.677389 0.883394 
0.329133 0.740576 0.855726 0.193344 0.534852 
0.226844 0.570188 0.15479 0.5507030000000001 0.67084 
0.584291 0.183833 0.688593 0.189783 0.68364 
0.317036 0.422671 0.824191 0.171512 0.6012189999999999 
0.846747 0.282819 0.337935 0.667853 0.610097 
0.753281 0.391411 0.436493 0.129919 0.544266 
0.239759 0.631354 0.173061 0.630416 0.409133 
0.446706 0.7909119999999999 0.850391 0.5170129999999999 0.436154 
0.460307 0.375029 0.111052 0.447122 0.771282 
0.677357 0.344455 0.250703 0.572155 0.214915 
0.485005 0.472905 0.119108 0.855276 0.627436 
0.618413 0.671067 0.614691 0.104042 0.63115 
0.45494 0.179238 0.454741 0.839742 0.543616 
0.423642 0.156884 0.7508320000000001 0.236002 0.479888 
0.473653 0.682489 0.599684 0.893759 0.41102 
0.683969 0.475009 0.468056 0.61148 0.139113 
0.798569 0.551457 0.330258 0.648019 0.262741 
0.901147 0.575508 0.558192 0.532115 0.261768 
0.696366 0.828071 0.387896 0.362189 0.30432 
0.5552009999999999 0.271415 0.663984 0.58445 0.8525470000000001 
0.227089 0.67843 0.365155 0.163246 0.6740390000000001 
0.612136 0.174004 0.481084 0.576081 0.199762 
0.526276 0.11902 0.361128 0.485226 0.201028 
0.571296 0.777307 0.193003 0.799579 0.529019 
0.406094 0.221051 0.199965 0.8080889999999999 0.544468 
0.692533 0.395827 0.660996 0.35889 0.859432 
0.471498 0.458632 0.234144 0.263115 0.170371 
