5
321
0.152787 0.886711 0.948121 0.07276299999999999 0.92531 
0.86571 0.988024 0.726718 0.952541 0.357381 
0.09945 0.454008 0.511927 0.955094 0.258242 
0.273224 0.07255200000000001 0.374964 0.015798 0.522898 
0.153986 0.047164 0.686555 0.936551 0.61239 
0.166427 0.146549 0.049873 0.210784 0.654177 
0.853877 0.108453 0.774838 0.7089259999999999 0.913561 
0.181571 0.667998 0.03653 0.961153 0.098262 
0.983154 0.874784 0.494464 0.451705 0.805663 
0.776221 0.953477 0.09048 0.702327 0.005957 
0.126866 0.24413 0.090846 0.846316 0.036548 
0.725339 0.766226 0.953143 0.480155 0.970434 
0.543126 0.312959 0.8999819999999999 0.003856 0.802173 
0.056699 0.9390579999999999 0.740437 0.521496 0.784955 
0.981872 0.317598 0.864669 0.484091 0.122789 
0.9735 0.616829 0.053131 0.968024 0.578148 
0.984911 0.404513 0.643671 0.182116 0.828974 
0.569072 0.392126 0.461231 0.917596 0.029894 
0.731604 0.07511900000000001 0.52371 0.989354 0.0767 
0.30529 0.008172 0.351638 0.977395 0.086146 
0.492229 0.889633 0.056804 0.702746 0.04407 
0.9140160000000001 0.865213 0.63361 0.084009 0.939258 
0.910926 0.934138 0.05724 0.040327 0.771193 
0.538586 0.016166 0.7008529999999999 0.244663 0.058143 
0.120268 0.345675 0.758139 0.038427 0.840663 
0.021443 0.398231 0.070669 0.737351 0.662572 
0.624146 0.017554 0.029476 0.400503 0.245593 
0.684249 0.166408 0.822091 0.88779 0.080942 
0.9516019999999999 0.567743 0.060755 0.113433 0.47151 
0.9091900000000001 0.756972 0.422313 0.81847 0.019025 
0.083532 0.929548 0.9086880000000001 0.320639 0.973576 
0.049101 0.244557 0.2652 0.221329 0.879351 
0.405189 0.011073 0.110967 0.023591 0.494534 
0.379238 0.849158 0.800684 0.094779 0.958968 
0.373478 0.039819 0.241108 0.299564 0.7757230000000001 
0.67939 0.502291 0.007854 0.998636 0.07643899999999999 
0.135551 0.205791 0.735111 0.015568 0.658518 
0.715648 0.889417 0.424289 0.016832 0.901037 
0.737133 0.989446 0.619958 0.63903 0.17959 
0.016593 0.879364 0.466242 0.127372 0.745868 
0.50217 0.973647 0.09135500000000001 0.40791 0.7475850000000001 
0.787114 0.024565 0.86409 0.75564 0.048304 
0.921766 0.120807 0.403101 0.914206 0.055382 
0.803737 0.414231 0.9887320000000001 0.6168360000000001 0.158724 
0.059343 0.370976 0.992048 0.345899 0.524462 
0.253235 0.124595 0.061317 0.553858 0.692316 
0.750578 0.963101 0.845998 0.680737 0.139164 
0.984097 0.726148 0.368275 0.603567 0.151208 
0.334445 0.021644 0.769972 0.917481 0.111049 
0.550545 0.007237 0.62721 0.51497 0.09700400000000001 
0.353282 0.6098479999999999 0.713214 0.984937 0.832247 
0.5046 0.805561 0.065025 0.873789 0.764809 
0.889967 0.681733 0.884151 0.923212 0.421629 
0.125256 0.178518 0.35116 0.940387 0.089973 
0.168501 0.990993 0.617177 0.892181 0.891775 
0.439578 0.995135 0.230149 0.110245 0.882944 
0.906894 0.166061 0.9789 0.380549 0.880575 
0.016139 0.251135 0.820281 0.465119 0.259334 
0.256858 0.011063 0.935609 0.78791 0.401685 
0.063969 0.120132 0.053136 0.051547 0.349423 
0.762893 0.9389110000000001 0.272031 0.029267 0.888756 
0.951891 0.427535 0.5818410000000001 0.993856 0.7295779999999999 
0.024809 0.9642309999999999 0.824395 0.609339 0.153115 
0.029867 0.9779870000000001 0.022731 0.04276 0.66218 
0.260361 0.880919 0.599569 0.954197 0.190212 
0.06945999999999999 0.40824 0.284804 0.696973 0.020657 
0.049025 0.960555 0.04414 0.856565 0.280057 
0.925882 0.30354 0.594337 0.013997 0.250595 
0.753988 0.276738 0.141549 0.017942 0.559509 
0.174908 0.6827029999999999 0.182721 0.997776 0.617206 
0.399564 0.475631 0.934971 0.065502 0.896568 
0.970649 0.6944129999999999 0.00031 0.214765 0.549004 
0.026872 0.639249 0.861662 0.946721 0.532656 
0.55272 0.559825 0.974465 0.835962 0.019145 
0.769581 0.352042 0.770567 0.913187 0.937923 
0.949419 0.881927 0.545732 0.123041 0.948174 
0.962989 0.954098 0.525058 0.642209 0.602222 
0.613613 0.997424 0.696769 0.602044 0.552743 
0.823601 0.254453 0.5975780000000001 0.498245 0.004977 
0.302538 0.751653 0.037788 0.106203 0.948133 
0.93485 0.030591 0.150887 0.952275 0.892742 
0.014603 0.43422 0.934693 0.388347 0.941307 
0.956526 0.330573 0.9389189999999999 0.411348 0.533434 
0.838995 0.9876549999999999 0.513387 0.497148 0.558906 
0.173122 0.6671049999999999 0.036088 0.533357 0.135055 
0.565651 0.894749 0.053028 0.234241 0.880403 
0.007088 0.128876 0.022239 0.766053 0.058169 
0.380491 0.905574 0.985105 0.655853 0.913151 
0.17969 0.048902 0.901711 0.055902 0.542481 
0.634429 0.840121 0.911041 0.862876 0.361288 
0.915563 0.864795 0.611173 0.989002 0.151364 
0.969334 0.599093 0.96374 0.580802 0.541709 
0.987189 0.681101 0.266437 0.9990869999999999 0.660825 
0.672811 0.9343669999999999 0.9105529999999999 0.670319 0.051576 
 0.124 0.063482 0.948706 0.895451 0.846302 
0.008777999999999999 0.533956 0.19129 0.011665 0.057523 
0.012574 0.336905 0.359259 0.057822 0.821253 
0.121969 0.929845 0.906396 0.800627 0.130986 
0.931445 0.7899119999999999 0.050596 0.367883 0.008926999999999999 
0.043238 0.705387 0.434462 0.00417 0.092047 
0.040689 0.859756 0.919441 0.044497 0.85453 
0.078597 0.977101 0.132993 0.216977 0.736256 
0.995288 0.812154 0.8734690000000001 0.390394 0.355888 
0.40495 0.998079 0.715483 0.12782 0.26344 
0.7927650000000001 0.008418999999999999 0.497657 0.120664 0.005579 
0.06778099999999999 0.190798 0.734223 0.08896 0.158216 
0.611887 0.984877 0.827678 0.782534 0.047449 
0.324631 0.075206 0.993807 0.915941 0.224816 
0.632543 0.153335 0.105892 0.727193 0.940517 
0.931026 0.747174 0.746566 0.539783 0.138763 
0.191006 0.245508 0.254535 0.974808 0.597438 
0.731723 0.060544 0.555957 0.96991 0.276767 
0.621055 0.075146 0.986389 0.240314 0.952138 
0.020869 0.748607 0.844787 0.332482 0.019966 
0.564113 0.042827 0.798913 0.334862 0.020336 
0.589642 0.116259 0.966795 0.922465 0.875716 
0.162456 0.39514 0.124826 0.949175 0.791647 
0.691375 0.932961 0.280232 0.864285 0.03456 
0.220633 0.174217 0.07259699999999999 0.135522 0.726512 
0.459036 0.020436 0.46844 0.078878 0.705723 
0.080749 0.1522 0.018113 0.426464 0.586584 
0.405786 0.042107 0.699417 0.098232 0.9926700000000001 
0.8032280000000001 0.8446939999999999 0.76684 0.280061 0.986224 
0.990729 0.188516 0.393231 0.041736 0.465048 
0.06926400000000001 0.127089 0.987889 0.45488 0.163399 
0.926521 0.046766 0.989969 0.417353 0.452086 
0.209715 0.675974 0.098048 0.899329 0.018615 
0.747487 0.019293 0.257647 0.267195 0.747335 
0.459327 0.904834 0.544332 0.582433 0.959805 
0.8735540000000001 0.8296480000000001 0.892052 0.712491 0.84004 
0.985418 0.926818 0.035012 0.440772 0.047929 
0.012354 0.639196 0.96357 0.722456 0.310724 
0.247516 0.008899000000000001 0.564366 0.302744 0.211613 
0.095025 0.0806 0.644999 0.493068 0.994683 
0.640872 0.127856 0.868379 0.847388 0.046166 
0.917221 0.732492 0.001077 0.106376 0.8567090000000001 
0.713346 0.208056 0.798658 0.048203 0.143014 
0.8069190000000001 0.888854 0.97383 0.164583 0.140407 
0.362919 0.579643 0.064725 0.83626 0.020555 
0.466943 0.9107690000000001 0.302772 0.685187 0.930109 
0.904323 0.962499 0.714676 0.56707 0.737924 
0.897848 0.126026 0.11686 0.07099800000000001 0.257696 
0.747076 0.099194 0.150757 0.774494 0.9247379999999999 
0.544353 0.942681 0.644194 0.962763 0.151163 
0.603808 0.193285 0.540669 0.016472 0.843209 
0.404063 0.078538 0.993804 0.856829 0.719902 
0.935991 0.193128 0.900568 0.8482460000000001 0.477451 
0.5826210000000001 0.110193 0.013332 0.073961 0.058723 
0.96185 0.813053 0.978142 0.638452 0.470775 
0.317359 0.8488019999999999 0.814239 0.919864 0.158784 
0.998064 0.467129 0.039188 0.639751 0.289417 
0.398752 0.826232 0.48093 0.98225 0.68294 
0.178521 0.404739 0.448085 0.964008 0.08730400000000001 
0.9840449999999999 0.843247 0.458857 0.011565 0.371175 
0.442785 0.884516 0.06033 0.962041 0.028368 
0.011798 0.29329 0.324632 0.093324 0.503787 
0.142262 0.999871 0.835485 0.988547 0.502856 
0.508964 0.163451 0.114715 0.011627 0.42185 
0.030927 0.789848 0.980935 0.572226 0.407122 
0.969963 0.161593 0.888769 0.546058 0.594354 
0.881837 0.041426 0.244782 0.049195 0.821132 
0.763395 0.379853 0.196526 0.014993 0.980939 
0.422622 0.006773 0.838767 0.158948 0.438201 
0.042953 0.905623 0.808212 0.616569 0.680491 
0.684681 0.439516 0.9409149999999999 0.958548 0.31774 
0.251523 0.352568 0.611531 0.9971100000000001 0.422876 
0.982715 0.495512 0.06554400000000001 0.594751 0.979826 
0.932781 0.248586 0.992056 0.490139 0.765897 
0.808361 0.123465 0.07556300000000001 0.979735 0.409362 
0.161185 0.042997 0.653542 0.085398 0.28358 
0.121698 0.384838 0.966688 0.121868 0.239874 
0.156125 0.996636 0.468781 0.8002050000000001 0.038065 
0.42369 0.954696 0.581418 0.886941 0.815686 
0.873287 0.335809 0.946402 0.181329 0.60349 
0.526146 0.929045 0.45725 0.00397 0.721113 
0.256724 0.760575 0.981553 0.966302 0.63895 
0.83383 0.177786 0.050361 0.420309 0.137815 
0.14381 0.011983 0.405047 0.61766 0.013824 
0.337589 0.86309 0.953396 0.727847 0.921109 
0.074521 0.469698 0.205959 0.544833 0.002276 
0.555601 0.993217 0.997936 0.305102 0.856752 
0.191014 0.375261 0.019525 0.155445 0.557975 
0.07217 0.960049 0.541596 0.598139 0.924841 
0.798511 0.575117 0.991187 0.884076 0.658784 
0.62687 0.809108 0.6833320000000001 0.759504 0.979268 
0.09056400000000001 0.102081 0.670905 0.894346 0.278875 
0.044024 0.91575 0.013203 0.895663 0.409225 
0.754166 0.264173 0.956813 0.147899 0.735966 
0.537994 0.063208 0.333378 0.088716 0.053723 
0.836288 0.486107 0.992271 0.09336 0.105869 
0.29565 0.981737 0.061154 0.810356 0.646833 
0.989245 0.246386 0.012375 0.994247 0.306867 
0.80567 0.903314 0.995619 0.365307 0.721819 
0.964419 0.984362 0.175141 0.602399 0.5162330000000001 
0.035897 0.31913 0.617767 0.810555 0.993764 
0.158208 0.999032 0.731725 0.108214 0.752625 
0.717024 0.025776 0.222824 0.003937 0.17293 
0.110671 0.039211 0.023399 0.271792 0.002936 
0.936046 0.126689 0.254089 0.473499 0.099788 
0.17131 0.21003 0.974364 0.128319 0.657612 
0.488726 0.021108 0.754268 0.989363 0.226066 
0.495886 0.360496 0.857737 0.986206 0.15879 
0.288041 0.109844 0.150411 0.959956 0.977339 
0.07663300000000001 0.967823 0.203942 0.649555 0.07484300000000001 
0.29655 0.123359 0.29911 0.137969 0.846515 
0.8403350000000001 0.50253 0.027704 0.6212220000000001 0.882473 
0.900027 0.759906 0.747121 0.864472 0.178757 
0.112929 0.001031 0.327863 0.398309 0.385131 
0.903483 0.843251 0.521061 0.473905 0.922276 
0.897304 0.984607 0.297251 0.897725 0.061406 
0.053735 0.120187 0.976945 0.508984 0.490444 
0.448918 0.969179 0.986119 0.705488 0.143092 
0.939464 0.579173 0.16154 0.004726 0.432123 
0.641078 0.597723 0.935979 0.000615 0.334055 
0.468531 0.601506 0.513944 0.851788 0.994015 
0.990991 0.593878 0.304186 0.454731 0.661856 
0.85029 0.825609 0.015532 0.046559 0.512917 
0.892062 0.883928 0.175289 0.07949199999999999 0.015407 
0.433289 0.291472 0.762011 0.112989 0.005373 
0.662571 0.825291 0.671444 0.967143 0.775157 
0.9535130000000001 0.6914670000000001 0.489078 0.938649 0.870497 
0.440291 0.966764 0.402395 0.058156 0.433191 
0.635224 0.209133 0.892285 0.6298550000000001 0.97529 
0.699248 0.269399 0.790683 0.015125 0.21316 
0.92798 0.566898 0.853289 0.22587 0.195154 
0.010249 0.2497 0.710086 0.419605 0.301989 
0.130543 0.038246 0.7970429999999999 0.8963989999999999 0.777667 
0.244915 0.288092 0.967724 0.533521 0.8817430000000001 
0.014845 0.503728 0.164545 0.51015 0.085004 
0.662166 0.022956 0.813653 0.06772499999999999 0.261095 
0.622919 0.397388 0.892904 0.035694 0.9084140000000001 
0.115611 0.072309 0.296001 0.888298 0.629865 
0.147016 0.901396 0.761379 0.491878 0.993849 
0.107362 0.428005 0.485213 0.9822959999999999 0.452539 
0.10721 0.8762799999999999 0.641692 0.911837 0.246226 
0.31976 0.207463 0.829398 0.687515 0.06118 
0.730405 0.914196 0.893008 0.789247 0.8706120000000001 
0.979524 0.861857 0.23259 0.146857 0.227462 
0.955295 0.644313 0.965726 0.9595939999999999 0.89589 
0.228297 0.995903 0.146233 0.736613 0.258716 
0.346047 0.009381 0.662866 0.791318 0.686466 
0.491372 0.489559 0.024274 0.97941 0.944389 
0.9877089999999999 0.425097 0.597164 0.534099 0.603416 
0.61566 0.39585 0.057065 0.091734 0.777972 
0.129395 0.7447589999999999 0.15709 0.212177 0.05895 
0.778919 0.291548 0.050278 0.022144 0.175039 
0.92675 0.884121 0.414412 0.018484 0.6569199999999999 
0.943647 0.870456 0.759702 0.309169 0.207972 
0.335107 0.146366 0.975088 0.302268 0.21322 
0.278434 0.636961 0.396145 0.001749 0.403208 
0.668648 0.960138 0.039727 0.693083 0.651221 
0.21111 0.132824 0.369008 0.924378 0.01341 
0.168714 0.571854 0.153688 0.040088 0.755835 
0.31957 0.01749 0.947715 0.247425 0.477959 
0.046444 0.576963 0.016175 0.853859 0.808422 
0.142192 0.823294 0.102104 0.062434 0.335274 
0.9463279999999999 0.9341739999999999 0.662336 0.884417 0.396678 
0.9744159999999999 0.005029 0.52064 0.396918 0.008886 
0.011718 0.949041 0.525679 0.07879 0.215778 
0.513953 0.014341 0.033875 0.339461 0.318364 
0.7392339999999999 0.302494 0.012328 0.189093 0.093836 
0.104771 0.882987 0.358831 0.864215 0.863282 
0.050163 0.085783 0.753185 0.781965 0.479588 
0.949152 0.401111 0.478962 0.919135 0.905444 
0.688777 0.280894 0.979983 0.576607 0.028799 
0.025947 0.09120399999999999 0.866367 0.034726 0.631624 
0.940424 0.6987 0.046125 0.217348 0.965788 
0.99514 0.318328 0.146504 0.288109 0.243251 
0.321352 0.9671110000000001 0.230794 0.958978 0.539498 
0.01349 0.726818 0.633543 0.964283 0.69637 
0.892005 0.920087 0.902066 0.017247 0.87571 
0.057019 0.318059 0.6099250000000001 0.014598 0.351425 
0.849585 0.972237 0.379264 0.295066 0.166163 
0.58558 0.842356 0.469669 0.735108 0.968422 
0.274882 0.949187 0.9810219999999999 0.03445 0.006694 
0.504269 0.256078 0.907897 0.029953 0.422515 
0.404878 0.7876919999999999 0.738858 0.986715 0.727287 
0.127329 0.0207 0.904043 0.251846 0.777682 
0.501667 0.51677 0.355924 0.009749000000000001 0.843733 
0.6279670000000001 0.234064 0.917245 0.143095 0.999594 
0.006708 0.74965 0.36035 0.401564 0.08753900000000001 
0.042224 0.659108 0.634232 0.542926 0.961661 
0.629873 0.27126 0.06378300000000001 0.995869 0.5627220000000001 
0.768085 0.202842 0.162912 0.060083 0.814551 
0.340453 0.990636 0.611644 0.896601 0.17021 
0.812578 0.001922 0.29628 0.573476 0.411359 
0.257574 0.04366 0.787226 0.901281 0.83646 
0.113983 0.704654 0.118457 0.90617 0.998749 
0.967337 0.032766 0.70108 0.048968 0.998506 
0.89307 0.827939 0.171241 0.045991 0.96452 
0.017382 0.145075 0.28022 0.659704 0.636778 
0.058356 0.786273 0.895949 0.219742 0.202905 
0.228449 0.5353250000000001 0.212352 0.995506 0.467022 
0.11701 0.589844 0.51097 0.877015 0.997783 
0.645568 0.062284 0.80133 0.956661 0.599007 
0.509123 0.83596 0.980921 0.339024 0.975648 
0.695545 0.016415 0.8924299999999999 0.069397 0.356157 
0.14481 0.825192 0.009945000000000001 0.152409 0.543282 
0.940075 0.847017 0.820383 0.185207 0.76595 
0.051761 0.951885 0.331576 0.79702  0.517 
0.220311 0.765711 0.305647 0.010356 0.049045 
0.299883 0.12802 0.6365189999999999 0.973827 0.114995 
0.628649 0.710934 0.665139 0.989354 0.064452 
0.31826 0.002155 0.22734 0.899856 0.875013 
0.9056419999999999 0.121548 0.863455 0.09517100000000001 0.533243 
0.220123 0.600148 0.690326 0.303266 0.9955850000000001 
0.934939 0.521194 0.706479 0.786335 0.938218 
0.256375 0.900213 0.880405 0.967858 0.796116 
0.015953 0.125627 0.415359 0.946069 0.57725 
0.8387520000000001 0.912762 0.785537 0.518883 0.863918 
0.876883 0.766767 0.058349 0.674419 0.957881 
0.108477 0.17522 0.919091 0.170634 0.850697 
0.694213 0.637413 0.005653 0.009320999999999999 0.6575299999999999 
0.81621 0.044988 0.110175 0.7144200000000001 0.251218 
0.5906439999999999 0.949731 0.123027 0.719394 0.850366 
0.09932000000000001 0.264401 0.7903250000000001 0.987287 0.334883 
0.384911 0.204115 0.5615520000000001 0.997366 0.7295469999999999 
0.606098 0.6919149999999999 0.022021 0.112039 0.037952 
0.44767 0.993233 0.273236 0.278338 0.029565 
0.9021400000000001 0.269466 0.921813 0.90857 0.339166 
0.225153 0.141802 0.266205 0.112442 0.811393 
