5
780
6.410799999999999832e-01 6.310710000000000486e-01 4.184939999999999771e-01 6.348930000000000407e-01 6.422670000000000323e-01
2.568179999999999907e-01 3.476369999999999738e-01 7.403840000000000421e-01 6.359580000000000233e-01 5.473019999999999552e-01
6.932460000000000289e-01 3.864659999999999762e-01 3.385299999999999976e-01 6.721289999999999765e-01 4.708490000000000175e-01
5.380700000000000482e-01 3.371609999999999885e-01 6.599190000000000333e-01 2.562470000000000026e-01 7.462480000000000224e-01
2.181520000000000126e-01 4.800730000000000275e-01 5.808069999999999622e-01 6.312980000000000258e-01 2.242540000000000089e-01
1.888269999999999949e-01 6.218639999999999723e-01 6.757009999999999961e-01 5.130949999999999678e-01 5.907499999999999973e-01
2.929439999999999822e-01 5.082780000000000076e-01 6.291590000000000238e-01 2.740699999999999803e-01 2.891199999999999881e-01
5.863789999999999836e-01 2.638510000000000022e-01 5.433210000000000539e-01 5.913779999999999593e-01 2.902089999999999947e-01
3.201359999999999761e-01 5.335490000000000510e-01 3.497049999999999881e-01 4.918660000000000254e-01 7.974149999999999849e-01
7.848749999999999893e-01 3.944500000000000228e-01 5.257009999999999739e-01 4.494929999999999759e-01 6.346509999999999652e-01
6.426269999999999483e-01 6.347230000000000372e-01 7.957070000000000531e-01 4.546529999999999738e-01 3.524419999999999775e-01
5.129639999999999755e-01 3.850600000000000134e-01 6.985350000000000170e-01 2.853890000000000038e-01 5.256560000000000121e-01
5.761450000000000182e-01 2.691500000000000004e-01 5.974479999999999791e-01 3.043810000000000127e-01 7.268179999999999641e-01
2.085720000000000074e-01 4.760820000000000052e-01 5.185039999999999649e-01 4.991550000000000153e-01 2.968259999999999788e-01
2.977119999999999767e-01 6.432630000000000292e-01 3.272729999999999806e-01 4.841619999999999813e-01 3.135479999999999934e-01
6.649829999999999908e-01 3.626599999999999824e-01 2.204569999999999863e-01 2.267210000000000059e-01 4.946659999999999946e-01
3.764710000000000001e-01 3.485110000000000152e-01 4.286090000000000177e-01 6.267709999999999670e-01 1.473899999999999932e-01
3.705959999999999810e-01 6.079219999999999624e-01 3.413550000000000195e-01 1.510410000000000086e-01 5.402909999999999657e-01
4.355180000000000162e-01 7.466669999999999696e-01 2.308350000000000124e-01 6.401850000000000041e-01 5.885780000000000456e-01
3.814679999999999738e-01 3.293349999999999889e-01 1.381280000000000008e-01 5.141639999999999544e-01 5.533940000000000525e-01
3.999369999999999870e-01 7.443809999999999594e-01 8.094430000000000236e-01 3.052630000000000066e-01 5.619359999999999911e-01
4.091339999999999977e-01 3.164890000000000203e-01 2.236190000000000122e-01 3.603089999999999904e-01 7.206460000000000088e-01
3.049410000000000176e-01 1.426449999999999940e-01 4.355490000000000195e-01 2.794389999999999930e-01 5.342249999999999499e-01
2.956130000000000146e-01 3.718359999999999999e-01 4.528610000000000135e-01 2.432020000000000015e-01 5.007030000000000092e-01
5.647750000000000270e-01 1.681050000000000044e-01 3.432120000000000171e-01 3.676260000000000083e-01 6.866659999999999986e-01
5.994340000000000224e-01 6.943719999999999892e-01 3.115740000000000176e-01 6.263319999999999999e-01 7.694410000000000416e-01
3.296609999999999818e-01 6.135420000000000318e-01 7.976649999999999574e-01 3.484599999999999920e-01 5.729670000000000041e-01
4.178209999999999980e-01 3.153329999999999744e-01 8.039159999999999640e-01 4.104470000000000063e-01 3.893929999999999891e-01
6.756240000000000023e-01 2.081419999999999937e-01 2.430299999999999960e-01 6.100799999999999557e-01 6.164349999999999552e-01
4.314040000000000097e-01 6.077700000000000324e-01 7.827499999999999458e-01 6.858030000000000515e-01 2.927540000000000142e-01
4.563800000000000079e-01 3.863389999999999880e-01 2.011479999999999935e-01 7.021870000000000056e-01 6.573579999999999979e-01
7.373960000000000514e-01 4.125889999999999835e-01 3.847670000000000257e-01 7.873170000000000446e-01 4.294970000000000176e-01
5.724259999999999904e-01 7.660900000000000487e-01 6.722500000000000142e-01 5.017920000000000158e-01 6.221499999999999808e-01
7.596610000000000307e-01 6.256530000000000147e-01 3.552440000000000042e-01 5.932199999999999696e-01 2.521869999999999945e-01
4.987420000000000186e-01 3.617239999999999900e-01 4.960840000000000249e-01 6.850589999999999735e-01 7.947619999999999685e-01
8.033160000000000300e-01 3.242999999999999772e-01 5.118399999999999617e-01 4.886429999999999940e-01 6.282640000000000446e-01
8.305700000000000305e-01 3.921990000000000198e-01 6.965219999999999745e-01 4.474629999999999996e-01 5.071339999999999737e-01
3.026989999999999958e-01 4.552490000000000148e-01 3.720890000000000031e-01 6.979389999999999761e-01 2.602559999999999873e-01
8.866309999999999469e-01 6.026979999999999560e-01 5.431409999999999849e-01 5.699769999999999559e-01 6.009449999999999514e-01
4.549630000000000063e-01 5.586210000000000342e-01 7.490219999999999656e-01 8.077349999999999808e-01 6.087609999999999966e-01
3.159179999999999766e-01 6.357920000000000238e-01 7.568019999999999747e-01 5.754010000000000513e-01 7.641919999999999824e-01
6.674099999999999477e-01 1.617570000000000119e-01 6.561810000000000143e-01 4.394830000000000125e-01 3.918869999999999854e-01
7.124610000000000110e-01 3.293610000000000149e-01 5.726949999999999541e-01 2.813880000000000270e-01 2.945139999999999980e-01
6.683219999999999716e-01 4.799419999999999797e-01 3.866379999999999817e-01 2.231650000000000023e-01 7.385450000000000070e-01
5.334820000000000118e-01 2.346509999999999985e-01 7.770380000000000065e-01 6.847400000000000153e-01 4.297860000000000014e-01
4.172489999999999810e-01 6.999649999999999483e-01 3.189319999999999933e-01 2.900730000000000253e-01 2.584139999999999771e-01
5.971109999999999474e-01 6.462520000000000486e-01 5.621159999999999490e-01 4.810940000000000216e-01 7.489350000000000174e-01
7.354929999999999524e-01 4.238310000000000133e-01 3.256009999999999738e-01 3.758819999999999939e-01 4.520359999999999934e-01
6.249890000000000168e-01 1.934099999999999986e-01 6.359129999999999505e-01 7.869620000000000504e-01 4.776449999999999863e-01
4.001600000000000157e-01 4.861369999999999858e-01 4.998029999999999973e-01 1.873839999999999950e-01 3.554080000000000017e-01
5.072649999999999659e-01 5.947299999999999809e-01 6.220510000000000206e-01 8.143340000000000023e-01 5.068880000000000052e-01
6.808729999999999505e-01 4.292540000000000244e-01 4.684760000000000035e-01 6.830110000000000348e-01 3.706650000000000222e-01
6.358869999999999800e-01 3.487560000000000104e-01 5.453489999999999727e-01 6.871749999999999803e-01 3.473129999999999828e-01
2.827830000000000066e-01 7.324629999999999752e-01 5.099489999999999856e-01 7.155559999999999699e-01 3.559260000000000201e-01
3.618450000000000277e-01 5.327790000000000026e-01 4.213569999999999816e-01 7.457840000000000025e-01 3.881020000000000025e-01
2.189780000000000060e-01 3.652960000000000096e-01 5.314820000000000100e-01 6.141180000000000527e-01 4.836570000000000036e-01
2.807939999999999880e-01 2.991219999999999990e-01 3.373849999999999905e-01 4.293569999999999887e-01 1.957639999999999936e-01
3.155499999999999972e-01 4.520600000000000174e-01 7.773240000000000149e-01 4.762549999999999839e-01 4.152080000000000215e-01
5.800239999999999840e-01 4.620779999999999887e-01 1.396660000000000124e-01 3.669700000000000184e-01 6.712789999999999591e-01
5.849029999999999507e-01 4.641290000000000138e-01 6.240580000000000016e-01 5.383310000000000040e-01 7.298280000000000323e-01
3.103730000000000100e-01 4.320459999999999856e-01 3.931479999999999975e-01 6.409099999999999797e-01 7.794240000000000057e-01
7.698819999999999553e-01 4.061629999999999963e-01 3.749319999999999875e-01 4.737600000000000144e-01 4.787660000000000249e-01
3.921819999999999751e-01 3.976169999999999982e-01 7.562579999999999858e-01 4.286679999999999935e-01 6.304250000000000131e-01
8.656749999999999723e-01 4.074249999999999816e-01 5.959050000000000180e-01 3.717139999999999889e-01 3.973439999999999750e-01
2.729530000000000012e-01 5.242099999999999538e-01 4.001580000000000137e-01 4.491729999999999889e-01 2.468299999999999939e-01
3.836849999999999983e-01 5.905540000000000234e-01 4.428730000000000167e-01 3.634490000000000220e-01 4.930800000000000183e-01
3.536750000000000171e-01 2.151309999999999889e-01 7.125749999999999584e-01 2.535519999999999996e-01 4.532880000000000242e-01
2.390879999999999950e-01 3.545420000000000238e-01 7.941080000000000361e-01 5.674040000000000195e-01 3.589479999999999893e-01
4.445279999999999787e-01 1.823410000000000031e-01 6.133370000000000211e-01 3.511509999999999909e-01 7.896199999999999886e-01
6.706929999999999836e-01 3.446890000000000231e-01 1.835239999999999927e-01 4.945370000000000044e-01 6.897659999999999902e-01
5.298659999999999481e-01 4.547149999999999803e-01 3.951180000000000248e-01 7.503339999999999455e-01 8.660130000000000328e-01
6.413590000000000124e-01 3.225890000000000146e-01 7.455969999999999542e-01 2.452830000000000010e-01 4.638490000000000113e-01
7.998199999999999754e-01 5.778269999999999795e-01 5.411099999999999799e-01 4.402610000000000134e-01 4.590670000000000028e-01
6.665820000000000078e-01 2.371360000000000134e-01 5.442820000000000435e-01 7.394709999999999894e-01 2.877199999999999758e-01
5.084400000000000031e-01 3.427569999999999784e-01 7.136639999999999651e-01 5.444579999999999975e-01 7.079659999999999842e-01
7.815360000000000085e-01 2.768160000000000065e-01 4.403199999999999892e-01 4.508090000000000153e-01 7.515159999999999618e-01
7.394300000000000317e-01 5.985380000000000145e-01 6.256530000000000147e-01 3.481150000000000078e-01 7.622949999999999449e-01
8.221180000000000154e-01 3.330469999999999819e-01 5.287849999999999495e-01 2.936489999999999934e-01 3.523450000000000193e-01
4.048550000000000204e-01 3.961779999999999746e-01 5.610060000000000047e-01 8.304730000000000167e-01 7.544380000000000530e-01
2.322629999999999972e-01 6.410139999999999727e-01 5.250409999999999799e-01 3.667360000000000064e-01 7.351550000000000029e-01
4.421800000000000175e-01 7.172250000000000014e-01 3.989880000000000093e-01 7.987400000000000055e-01 4.314350000000000129e-01
6.969340000000000535e-01 3.705439999999999845e-01 7.299210000000000420e-01 7.745919999999999472e-01 5.679699999999999749e-01
8.001589999999999536e-01 2.663449999999999984e-01 4.670440000000000147e-01 6.126449999999999951e-01 7.209550000000000125e-01
6.612369999999999637e-01 4.038470000000000115e-01 4.552419999999999800e-01 2.594049999999999967e-01 8.168649999999999523e-01
6.971819999999999684e-01 5.376710000000000100e-01 6.306040000000000534e-01 5.615790000000000504e-01 4.547619999999999996e-01
5.847229999999999928e-01 4.349569999999999825e-01 3.177699999999999969e-01 7.651909999999999545e-01 5.722169999999999757e-01
2.556419999999999804e-01 5.812180000000000124e-01 5.349699999999999456e-01 2.333260000000000056e-01 5.184140000000000414e-01
7.218660000000000077e-01 3.959900000000000087e-01 3.985029999999999961e-01 6.464259999999999451e-01 4.890289999999999915e-01
1.740649999999999975e-01 5.182499999999999885e-01 2.268419999999999881e-01 5.282700000000000173e-01 6.383959999999999635e-01
7.571379999999999777e-01 2.108960000000000001e-01 5.216119999999999646e-01 7.289550000000000196e-01 5.390319999999999556e-01
2.426770000000000038e-01 6.684409999999999519e-01 4.953569999999999918e-01 4.716890000000000249e-01 6.833160000000000345e-01
4.637229999999999963e-01 8.003400000000000514e-01 3.193019999999999747e-01 5.166699999999999626e-01 6.703590000000000382e-01
3.685180000000000122e-01 6.824909999999999588e-01 6.210189999999999877e-01 4.657700000000000173e-01 1.911289999999999933e-01
2.577639999999999931e-01 2.411230000000000040e-01 5.505719999999999503e-01 4.556640000000000135e-01 3.478570000000000273e-01
4.331160000000000010e-01 3.736129999999999729e-01 3.176840000000000219e-01 3.143469999999999875e-01 2.285889999999999866e-01
5.308190000000000408e-01 4.692200000000000260e-01 1.741240000000000010e-01 4.951369999999999938e-01 7.735579999999999679e-01
1.845870000000000011e-01 3.478629999999999778e-01 5.351709999999999523e-01 6.263710000000000111e-01 4.110849999999999782e-01
6.708889999999999576e-01 6.243680000000000341e-01 7.513349999999999751e-01 6.828300000000000480e-01 3.207990000000000008e-01
6.745809999999999862e-01 6.795710000000000361e-01 5.581439999999999735e-01 7.264610000000000234e-01 6.303189999999999626e-01
2.666330000000000089e-01 3.005470000000000086e-01 2.983000000000000096e-01 5.231000000000000094e-01 7.371940000000000159e-01
3.077130000000000143e-01 7.290219999999999478e-01 6.725560000000000427e-01 6.481470000000000287e-01 3.993479999999999808e-01
7.825050000000000061e-01 5.634740000000000304e-01 3.143699999999999828e-01 6.150860000000000216e-01 7.587490000000000068e-01
2.225000000000000033e-01 5.638440000000000119e-01 5.194680000000000408e-01 6.927269999999999817e-01 6.604250000000000398e-01
7.554889999999999661e-01 4.957260000000000000e-01 6.716609999999999525e-01 6.037050000000000471e-01 4.661069999999999935e-01
3.484740000000000060e-01 8.076250000000000373e-01 7.609709999999999530e-01 6.431010000000000337e-01 5.908229999999999871e-01
6.360190000000000010e-01 5.686039999999999983e-01 5.289650000000000185e-01 3.139460000000000028e-01 4.947810000000000263e-01
4.542900000000000271e-01 2.596919999999999784e-01 6.442790000000000461e-01 4.040819999999999967e-01 4.133029999999999760e-01
7.534039999999999626e-01 4.666739999999999777e-01 3.910100000000000242e-01 7.039680000000000382e-01 5.891979999999999995e-01
4.926269999999999816e-01 5.834789999999999699e-01 5.377760000000000318e-01 4.011870000000000158e-01 7.500040000000000040e-01
6.510580000000000256e-01 3.350210000000000132e-01 6.927820000000000089e-01 5.932340000000000391e-01 4.813819999999999766e-01
6.253450000000000397e-01 1.720440000000000025e-01 5.361150000000000082e-01 4.930350000000000010e-01 4.412730000000000263e-01
4.723339999999999761e-01 5.199179999999999913e-01 2.589009999999999923e-01 3.432629999999999848e-01 2.231420000000000070e-01
2.496309999999999918e-01 5.400439999999999685e-01 5.202780000000000182e-01 3.063210000000000099e-01 3.290859999999999896e-01
7.353859999999999841e-01 6.335880000000000400e-01 7.142519999999999980e-01 4.364569999999999839e-01 5.276089999999999947e-01
5.266060000000000185e-01 6.691679999999999851e-01 6.989680000000000337e-01 5.555139999999999523e-01 5.285819999999999963e-01
5.974699999999999456e-01 6.732059999999999711e-01 5.766229999999999967e-01 2.944260000000000210e-01 4.184769999999999879e-01
3.279090000000000060e-01 1.646749999999999881e-01 6.968839999999999479e-01 5.322379999999999889e-01 3.228190000000000226e-01
3.744529999999999803e-01 4.250349999999999961e-01 5.705240000000000311e-01 8.016640000000000432e-01 5.640669999999999851e-01
5.036089999999999733e-01 1.525890000000000024e-01 5.648009999999999975e-01 6.024059999999999970e-01 6.381520000000000525e-01
3.773710000000000120e-01 4.760300000000000087e-01 6.354710000000000081e-01 3.535940000000000194e-01 8.595340000000000202e-01
4.854959999999999831e-01 7.282459999999999489e-01 6.249580000000000135e-01 6.607859999999999845e-01 8.317409999999999526e-01
5.338089999999999780e-01 7.240579999999999794e-01 2.501039999999999930e-01 5.021229999999999860e-01 1.736669999999999880e-01
5.142910000000000537e-01 6.843110000000000026e-01 2.152509999999999979e-01 7.272309999999999608e-01 5.794380000000000086e-01
3.358220000000000094e-01 1.579879999999999896e-01 3.054319999999999813e-01 3.933760000000000034e-01 4.656410000000000271e-01
3.514869999999999939e-01 4.359149999999999969e-01 4.255889999999999951e-01 8.692450000000000454e-01 3.992769999999999930e-01
2.584980000000000055e-01 5.782899999999999707e-01 3.267510000000000137e-01 7.057539999999999925e-01 6.111659999999999870e-01
4.553719999999999990e-01 4.297819999999999974e-01 3.501219999999999888e-01 5.003570000000000517e-01 4.920840000000000214e-01
5.748330000000000384e-01 2.146289999999999865e-01 2.673670000000000213e-01 6.409629999999999495e-01 6.626609999999999445e-01
7.796290000000000164e-01 2.294069999999999998e-01 6.369690000000000074e-01 5.330899999999999528e-01 6.499660000000000437e-01
7.371079999999999854e-01 5.769809999999999661e-01 3.154480000000000062e-01 7.273399999999999865e-01 4.003369999999999984e-01
5.021409999999999485e-01 4.888190000000000035e-01 5.884549999999999503e-01 1.694110000000000060e-01 2.892129999999999979e-01
4.832330000000000236e-01 6.889610000000000456e-01 3.594660000000000077e-01 5.527889999999999748e-01 7.305399999999999672e-01
4.383569999999999967e-01 4.645179999999999865e-01 1.489489999999999981e-01 3.815330000000000110e-01 4.205740000000000034e-01
2.631450000000000178e-01 6.779739999999999656e-01 7.022939999999999738e-01 4.625730000000000119e-01 4.582359999999999767e-01
6.042290000000000161e-01 2.835289999999999755e-01 2.790719999999999867e-01 3.688770000000000104e-01 7.196740000000000359e-01
4.767379999999999951e-01 5.329760000000000053e-01 7.314490000000000158e-01 4.694389999999999952e-01 8.586759999999999948e-01
1.597179999999999989e-01 3.873039999999999816e-01 4.241949999999999887e-01 4.370950000000000113e-01 2.615759999999999752e-01
2.809360000000000190e-01 6.878859999999999975e-01 3.010820000000000163e-01 2.857970000000000232e-01 3.890299999999999869e-01
3.401129999999999987e-01 2.809860000000000135e-01 5.336819999999999897e-01 5.898470000000000102e-01 5.529669999999999863e-01
7.087869999999999449e-01 5.759419999999999540e-01 8.629959999999999853e-01 3.789810000000000123e-01 5.340819999999999457e-01
3.096530000000000116e-01 3.447819999999999774e-01 7.500820000000000265e-01 6.243630000000000013e-01 6.734780000000000211e-01
7.935510000000000064e-01 2.109560000000000046e-01 5.386090000000000044e-01 4.068350000000000022e-01 6.726239999999999997e-01
7.955309999999999881e-01 4.967779999999999974e-01 3.554050000000000264e-01 2.883169999999999900e-01 7.364490000000000203e-01
2.123819999999999875e-01 4.996410000000000018e-01 4.736449999999999827e-01 5.481340000000000101e-01 4.904749999999999943e-01
7.912289999999999601e-01 1.845390000000000086e-01 5.434379999999999766e-01 5.551549999999999541e-01 4.889339999999999797e-01
3.670629999999999726e-01 2.327170000000000072e-01 2.824150000000000271e-01 5.490990000000000038e-01 7.127459999999999907e-01
4.366999999999999771e-01 6.197669999999999568e-01 4.278399999999999981e-01 6.989630000000000010e-01 4.774149999999999783e-01
4.943520000000000136e-01 5.813829999999999831e-01 2.996659999999999879e-01 4.831389999999999851e-01 1.208999999999999936e-01
8.299919999999999520e-01 6.824850000000000083e-01 5.235020000000000229e-01 5.049289999999999612e-01 3.488140000000000129e-01
4.602020000000000000e-01 6.229320000000000412e-01 6.148820000000000396e-01 3.280359999999999943e-01 3.075979999999999825e-01
4.913739999999999775e-01 5.309530000000000083e-01 7.276359999999999495e-01 3.759589999999999876e-01 7.449369999999999603e-01
5.784359999999999502e-01 7.675840000000000440e-01 7.903559999999999475e-01 5.098150000000000182e-01 4.553090000000000193e-01
6.838670000000000027e-01 7.496150000000000313e-01 7.788190000000000390e-01 6.177540000000000253e-01 5.896789999999999532e-01
6.038989999999999636e-01 7.243030000000000301e-01 3.573979999999999935e-01 7.964160000000000128e-01 3.579660000000000064e-01
3.313360000000000194e-01 7.660249999999999559e-01 5.846040000000000125e-01 4.322980000000000156e-01 6.393130000000000202e-01
6.308570000000000011e-01 8.177849999999999842e-01 5.185509999999999842e-01 2.792640000000000122e-01 5.889349999999999863e-01
2.326139999999999874e-01 5.423630000000000395e-01 4.895860000000000212e-01 4.702520000000000033e-01 5.287300000000000333e-01
5.562949999999999839e-01 6.458749999999999769e-01 2.160890000000000033e-01 8.025029999999999664e-01 6.622219999999999773e-01
6.077679999999999749e-01 7.516089999999999716e-01 2.969439999999999857e-01 7.391769999999999730e-01 3.483339999999999770e-01
2.573579999999999757e-01 4.190880000000000161e-01 6.121670000000000167e-01 6.976499999999999924e-01 4.114129999999999732e-01
3.331000000000000072e-01 4.112790000000000057e-01 3.631019999999999803e-01 6.528709999999999791e-01 7.972219999999999862e-01
5.667480000000000295e-01 3.255669999999999953e-01 8.087440000000000184e-01 5.662179999999999991e-01 4.296780000000000044e-01
1.917979999999999963e-01 5.488490000000000313e-01 5.021989999999999510e-01 4.575279999999999903e-01 6.781829999999999803e-01
5.178540000000000365e-01 5.718919999999999559e-01 7.901049999999999462e-01 2.984060000000000046e-01 3.138199999999999878e-01
4.713350000000000040e-01 7.218059999999999476e-01 3.903949999999999920e-01 3.711800000000000099e-01 4.297880000000000034e-01
8.101749999999999785e-01 6.069309999999999983e-01 6.827090000000000103e-01 2.859200000000000075e-01 4.550500000000000100e-01
3.162739999999999996e-01 6.220329999999999471e-01 5.117350000000000509e-01 7.298470000000000235e-01 5.357480000000000020e-01
3.183559999999999723e-01 6.058019999999999516e-01 7.147440000000000460e-01 6.971889999999999477e-01 6.629939999999999722e-01
3.477830000000000088e-01 1.817340000000000066e-01 4.020540000000000225e-01 3.159020000000000161e-01 3.688029999999999919e-01
7.204260000000000108e-01 2.069600000000000051e-01 3.728489999999999860e-01 4.766699999999999826e-01 3.984420000000000184e-01
6.231729999999999769e-01 6.639249999999999874e-01 5.865719999999999823e-01 5.214830000000000298e-01 5.691819999999999657e-01
6.724940000000000362e-01 6.030050000000000132e-01 7.115810000000000191e-01 5.468129999999999935e-01 2.884590000000000209e-01
7.659000000000000252e-01 4.860720000000000041e-01 4.159370000000000012e-01 6.506410000000000249e-01 3.299429999999999863e-01
3.485889999999999822e-01 7.379449999999999621e-01 6.356519999999999948e-01 4.065830000000000277e-01 4.353110000000000035e-01
2.771710000000000007e-01 4.116830000000000211e-01 1.524069999999999869e-01 5.002450000000000507e-01 6.137780000000000458e-01
7.733510000000000106e-01 7.033080000000000442e-01 4.981679999999999997e-01 7.093850000000000433e-01 6.265889999999999516e-01
4.726929999999999743e-01 5.503470000000000306e-01 6.761850000000000360e-01 6.453579999999999872e-01 5.333419999999999828e-01
6.214260000000000339e-01 3.029950000000000143e-01 4.443799999999999972e-01 6.866609999999999658e-01 7.119159999999999933e-01
2.636200000000000210e-01 6.694010000000000238e-01 6.223899999999999988e-01 5.010130000000000416e-01 5.214410000000000434e-01
6.827619999999999800e-01 1.851230000000000098e-01 3.576810000000000267e-01 5.468730000000000535e-01 2.961509999999999976e-01
4.331349999999999922e-01 6.925299999999999789e-01 3.510130000000000194e-01 4.756210000000000160e-01 7.628150000000000208e-01
4.749510000000000121e-01 4.989480000000000026e-01 8.133249999999999647e-01 5.544869999999999521e-01 2.554649999999999976e-01
2.761009999999999853e-01 4.304589999999999805e-01 7.164679999999999938e-01 6.716060000000000363e-01 6.799819999999999753e-01
5.222369999999999512e-01 2.360510000000000108e-01 3.080590000000000273e-01 5.393189999999999928e-01 3.264730000000000132e-01
4.514020000000000254e-01 7.133650000000000269e-01 5.305260000000000531e-01 5.501430000000000486e-01 2.542929999999999913e-01
6.150769999999999849e-01 6.028320000000000345e-01 7.958279999999999799e-01 4.861509999999999998e-01 7.476479999999999793e-01
4.636500000000000066e-01 5.736820000000000253e-01 8.756159999999999499e-01 4.721009999999999929e-01 6.005819999999999492e-01
3.459630000000000205e-01 5.982790000000000052e-01 2.681259999999999755e-01 3.961210000000000009e-01 6.090299999999999603e-01
3.157869999999999844e-01 4.366450000000000053e-01 6.906360000000000277e-01 5.247070000000000345e-01 7.463229999999999587e-01
1.693639999999999868e-01 4.976769999999999805e-01 4.574559999999999738e-01 4.712160000000000237e-01 7.235540000000000305e-01
7.105080000000000284e-01 5.157580000000000497e-01 3.514229999999999854e-01 3.582319999999999949e-01 8.036990000000000522e-01
4.040110000000000090e-01 2.141629999999999923e-01 4.343299999999999939e-01 7.826239999999999863e-01 5.647320000000000118e-01
5.300409999999999844e-01 4.021410000000000262e-01 7.892080000000000206e-01 2.258830000000000005e-01 4.229950000000000099e-01
2.398740000000000039e-01 5.697969999999999979e-01 5.839659999999999851e-01 7.122230000000000505e-01 3.324579999999999758e-01
5.387870000000000159e-01 3.889630000000000032e-01 3.052670000000000106e-01 6.250790000000000513e-01 7.084460000000000202e-01
3.970239999999999880e-01 7.870209999999999706e-01 4.625940000000000052e-01 8.154080000000000217e-01 5.566470000000000029e-01
2.456859999999999877e-01 2.402799999999999936e-01 3.779089999999999949e-01 5.166450000000000209e-01 2.483690000000000064e-01
4.094590000000000174e-01 7.782219999999999693e-01 5.790659999999999696e-01 3.572719999999999785e-01 6.776609999999999578e-01
7.208120000000000083e-01 6.855660000000000087e-01 3.015720000000000067e-01 5.175410000000000288e-01 3.084470000000000267e-01
5.649710000000000010e-01 4.702459999999999973e-01 4.244749999999999912e-01 1.431929999999999870e-01 6.435779999999999834e-01
3.782789999999999764e-01 7.429280000000000328e-01 3.988010000000000166e-01 6.555999999999999606e-01 6.718769999999999465e-01
4.177560000000000162e-01 2.331580000000000041e-01 6.793360000000000509e-01 5.957320000000000393e-01 4.597019999999999995e-01
5.497539999999999649e-01 7.178820000000000201e-01 4.375740000000000185e-01 2.989600000000000035e-01 6.240449999999999608e-01
5.047180000000000000e-01 7.995790000000000397e-01 5.257640000000000091e-01 5.089879999999999960e-01 5.627210000000000267e-01
5.399739999999999540e-01 3.511199999999999877e-01 2.707629999999999759e-01 7.168189999999999840e-01 5.771340000000000359e-01
5.668260000000000520e-01 6.474410000000000442e-01 5.411620000000000319e-01 3.051369999999999916e-01 4.369600000000000151e-01
5.690950000000000175e-01 7.879129999999999745e-01 4.587160000000000126e-01 6.343440000000000190e-01 4.257159999999999833e-01
5.802000000000000490e-01 4.220030000000000170e-01 5.996040000000000258e-01 5.442190000000000083e-01 6.925219999999999709e-01
7.430609999999999715e-01 6.217249999999999721e-01 3.335659999999999736e-01 2.515399999999999858e-01 6.308190000000000186e-01
8.060610000000000275e-01 4.593539999999999845e-01 3.592170000000000085e-01 3.652360000000000051e-01 5.162290000000000489e-01
4.487590000000000190e-01 2.972330000000000250e-01 5.906339999999999923e-01 7.816750000000000087e-01 6.121020000000000350e-01
3.281160000000000188e-01 6.373680000000000456e-01 2.496259999999999868e-01 4.589860000000000051e-01 1.834060000000000135e-01
5.614479999999999471e-01 2.529779999999999807e-01 7.980990000000000029e-01 6.566539999999999599e-01 3.756950000000000012e-01
2.930539999999999812e-01 3.534070000000000267e-01 7.150159999999999849e-01 2.736199999999999743e-01 7.269219999999999571e-01
3.793320000000000025e-01 4.409950000000000259e-01 7.975659999999999972e-01 6.836820000000000119e-01 6.439000000000000279e-01
5.008409999999999807e-01 6.276340000000000252e-01 6.363550000000000040e-01 2.242669999999999941e-01 2.592639999999999945e-01
4.551879999999999815e-01 3.434139999999999970e-01 7.656789999999999985e-01 7.635220000000000340e-01 5.193090000000000206e-01
4.307259999999999978e-01 2.165439999999999865e-01 4.528730000000000255e-01 4.285849999999999937e-01 2.362900000000000000e-01
6.155640000000000001e-01 7.837979999999999947e-01 2.980769999999999809e-01 7.742850000000000010e-01 3.997490000000000210e-01
3.390139999999999820e-01 8.085550000000000237e-01 3.915449999999999764e-01 7.043709999999999694e-01 3.609399999999999831e-01
4.892969999999999819e-01 6.138810000000000100e-01 4.896579999999999822e-01 6.771719999999999962e-01 2.341149999999999898e-01
5.446290000000000298e-01 5.810180000000000344e-01 1.720260000000000122e-01 2.349880000000000024e-01 4.450990000000000224e-01
6.946649999999999769e-01 2.404810000000000003e-01 7.576249999999999929e-01 4.004630000000000134e-01 5.838889999999999914e-01
5.311780000000000390e-01 5.152229999999999865e-01 3.516070000000000029e-01 4.518229999999999746e-01 7.975210000000000354e-01
4.348910000000000275e-01 2.072009999999999963e-01 4.215160000000000018e-01 4.213919999999999888e-01 3.432720000000000216e-01
4.680599999999999761e-01 6.780350000000000543e-01 7.364629999999999788e-01 7.343600000000000128e-01 3.899050000000000016e-01
7.085580000000000211e-01 7.360360000000000236e-01 5.572350000000000358e-01 4.505149999999999988e-01 8.093050000000000521e-01
5.691450000000000120e-01 6.177350000000000341e-01 2.788550000000000195e-01 7.110509999999999886e-01 6.405539999999999567e-01
7.612579999999999902e-01 4.633459999999999801e-01 4.514639999999999764e-01 7.609559999999999658e-01 3.896200000000000219e-01
4.788709999999999911e-01 3.846419999999999839e-01 6.859359999999999902e-01 5.333809999999999940e-01 5.336520000000000152e-01
5.479549999999999699e-01 4.747790000000000066e-01 6.189769999999999994e-01 1.434310000000000029e-01 6.412090000000000289e-01
6.792599999999999749e-01 3.173329999999999762e-01 4.196980000000000155e-01 8.603910000000000169e-01 5.912589999999999790e-01
6.745659999999999989e-01 4.375879999999999770e-01 5.412719999999999754e-01 1.655040000000000122e-01 6.268899999999999473e-01
6.107369999999999743e-01 6.608829999999999982e-01 4.534270000000000245e-01 7.487660000000000426e-01 5.105189999999999451e-01
6.059600000000000541e-01 3.629600000000000048e-01 2.701009999999999800e-01 5.914709999999999690e-01 8.489950000000000552e-01
3.469059999999999921e-01 4.571089999999999876e-01 6.289879999999999916e-01 3.954610000000000070e-01 5.068009999999999460e-01
5.001769999999999827e-01 4.724590000000000178e-01 6.177059999999999773e-01 7.791719999999999757e-01 5.494299999999999740e-01
5.804510000000000502e-01 6.346870000000000012e-01 1.817519999999999969e-01 7.097869999999999457e-01 3.817320000000000157e-01
1.710319999999999896e-01 5.314259999999999540e-01 6.846119999999999983e-01 2.667109999999999759e-01 6.087479999999999558e-01
4.241559999999999775e-01 7.829829999999999846e-01 5.963190000000000435e-01 3.324400000000000133e-01 3.168920000000000070e-01
6.747480000000000144e-01 4.969779999999999753e-01 7.149600000000000399e-01 3.307930000000000037e-01 6.326600000000000001e-01
5.582519999999999705e-01 5.451449999999999907e-01 2.499899999999999900e-01 5.815160000000000329e-01 5.373809999999999976e-01
7.249219999999999553e-01 7.681679999999999620e-01 5.983460000000000445e-01 4.028399999999999759e-01 5.338730000000000420e-01
8.045200000000000129e-01 5.613420000000000076e-01 4.790690000000000226e-01 7.061140000000000194e-01 6.655349999999999877e-01
5.118500000000000272e-01 6.706459999999999644e-01 5.395280000000000076e-01 8.389560000000000350e-01 3.302010000000000223e-01
6.067259999999999875e-01 2.414699999999999902e-01 3.835489999999999733e-01 3.060919999999999752e-01 4.832779999999999854e-01
6.236979999999999746e-01 4.907860000000000000e-01 6.394009999999999971e-01 4.056460000000000066e-01 6.993700000000000472e-01
5.168350000000000444e-01 4.448610000000000064e-01 7.829770000000000341e-01 5.014480000000000048e-01 8.313719999999999999e-01
4.711350000000000260e-01 3.641679999999999917e-01 5.746769999999999934e-01 5.982739999999999725e-01 1.847910000000000108e-01
6.566180000000000350e-01 7.838030000000000275e-01 3.730450000000000155e-01 7.747570000000000290e-01 3.431299999999999906e-01
3.146720000000000073e-01 6.896729999999999805e-01 3.344300000000000050e-01 7.601339999999999764e-01 5.663190000000000168e-01
4.494250000000000189e-01 4.919700000000000184e-01 5.328030000000000266e-01 8.116740000000000066e-01 7.983540000000000081e-01
7.198419999999999819e-01 3.761950000000000016e-01 7.048600000000000421e-01 5.866190000000000015e-01 2.985320000000000196e-01
4.124700000000000033e-01 3.833070000000000088e-01 2.341409999999999880e-01 2.136359999999999926e-01 5.884740000000000526e-01
3.134730000000000016e-01 5.442780000000000395e-01 6.746999999999999664e-01 6.809849999999999515e-01 3.220930000000000182e-01
7.206259999999999888e-01 5.660920000000000396e-01 3.122849999999999793e-01 5.701939999999999786e-01 2.456150000000000000e-01
5.143950000000000466e-01 4.352730000000000210e-01 6.384410000000000363e-01 2.835449999999999915e-01 5.388530000000000264e-01
7.014040000000000274e-01 4.954709999999999948e-01 3.814170000000000060e-01 4.820760000000000045e-01 2.517969999999999930e-01
6.780699999999999505e-01 3.154500000000000082e-01 7.683889999999999887e-01 3.160359999999999836e-01 6.145019999999999927e-01
5.296389999999999709e-01 6.496990000000000265e-01 4.848160000000000247e-01 3.103949999999999765e-01 8.035240000000000160e-01
3.552359999999999962e-01 4.534020000000000272e-01 3.296009999999999773e-01 6.096610000000000085e-01 5.771169999999999911e-01
3.065800000000000192e-01 6.940709999999999935e-01 2.518969999999999820e-01 6.301379999999999759e-01 7.290889999999999871e-01
5.792500000000000426e-01 4.509659999999999780e-01 3.814739999999999798e-01 4.313750000000000084e-01 1.278100000000000069e-01
6.197259999999999991e-01 7.395960000000000312e-01 3.974119999999999875e-01 3.009859999999999758e-01 6.790429999999999522e-01
4.698430000000000106e-01 6.435049999999999937e-01 3.835629999999999873e-01 5.466900000000000093e-01 2.179609999999999881e-01
7.798370000000000024e-01 7.122509999999999675e-01 7.942209999999999548e-01 4.799419999999999797e-01 3.797740000000000005e-01
5.379629999999999690e-01 5.450000000000000400e-01 8.218119999999999870e-01 1.935179999999999956e-01 4.525379999999999958e-01
4.071250000000000147e-01 5.496180000000000510e-01 4.366749999999999798e-01 1.976990000000000136e-01 7.264629999999999699e-01
7.190860000000000030e-01 6.716499999999999693e-01 4.133669999999999844e-01 4.670989999999999864e-01 5.393809999999999993e-01
4.332389999999999852e-01 4.506530000000000258e-01 1.312790000000000068e-01 4.108040000000000025e-01 3.870999999999999996e-01
4.725329999999999808e-01 8.571130000000000138e-01 4.979160000000000252e-01 4.750679999999999903e-01 4.739949999999999997e-01
4.264649999999999830e-01 6.023849999999999483e-01 2.854570000000000163e-01 6.677419999999999467e-01 7.459419999999999940e-01
2.431889999999999885e-01 2.833640000000000048e-01 5.048829999999999707e-01 5.637269999999999781e-01 5.679309999999999636e-01
6.254129999999999967e-01 3.229350000000000276e-01 5.624749999999999472e-01 5.224800000000000555e-01 3.191229999999999900e-01
8.014050000000000340e-01 2.189919999999999922e-01 5.919320000000000137e-01 6.027510000000000367e-01 4.330379999999999785e-01
3.530960000000000210e-01 4.909609999999999808e-01 5.892610000000000348e-01 7.079889999999999795e-01 1.681739999999999902e-01
7.743959999999999733e-01 2.743840000000000168e-01 5.647820000000000062e-01 2.855090000000000128e-01 5.415720000000000534e-01
3.249489999999999879e-01 4.236530000000000018e-01 3.397709999999999897e-01 5.258650000000000269e-01 2.211710000000000065e-01
5.492690000000000072e-01 5.641279999999999628e-01 2.922150000000000025e-01 2.505319999999999769e-01 6.984529999999999905e-01
5.086920000000000330e-01 5.787710000000000354e-01 4.099579999999999891e-01 1.694910000000000028e-01 6.332189999999999763e-01
5.160179999999999767e-01 7.174570000000000114e-01 2.918009999999999771e-01 2.999499999999999944e-01 2.518790000000000195e-01
6.683670000000000444e-01 2.420269999999999921e-01 7.472210000000000241e-01 5.358089999999999797e-01 3.364909999999999846e-01
7.559719999999999773e-01 6.148409999999999709e-01 6.307690000000000241e-01 3.429769999999999763e-01 4.062149999999999928e-01
4.210450000000000026e-01 4.982659999999999867e-01 3.534539999999999904e-01 5.066690000000000360e-01 5.839659999999999851e-01
5.382529999999999815e-01 4.205229999999999801e-01 7.338510000000000311e-01 8.406379999999999963e-01 5.973720000000000141e-01
3.182309999999999861e-01 5.131480000000000485e-01 4.832609999999999961e-01 1.681140000000000134e-01 4.974700000000000233e-01
3.676130000000000231e-01 4.714329999999999909e-01 3.798059999999999770e-01 4.077379999999999893e-01 8.474770000000000358e-01
4.663089999999999735e-01 2.615310000000000135e-01 5.444369999999999488e-01 3.461449999999999805e-01 6.580519999999999703e-01
5.342050000000000409e-01 3.878989999999999938e-01 4.151969999999999827e-01 2.097590000000000010e-01 4.149950000000000028e-01
5.652709999999999679e-01 5.051060000000000549e-01 3.143429999999999835e-01 1.590669999999999862e-01 4.464469999999999827e-01
4.363349999999999729e-01 4.881429999999999936e-01 2.269539999999999891e-01 4.200519999999999810e-01 8.210089999999999888e-01
6.166359999999999619e-01 7.940979999999999706e-01 3.968990000000000018e-01 6.766950000000000465e-01 2.187860000000000082e-01
4.760190000000000254e-01 4.448440000000000172e-01 4.876889999999999836e-01 5.807010000000000227e-01 8.425660000000000371e-01
1.712650000000000006e-01 4.520460000000000034e-01 5.395820000000000061e-01 7.528639999999999777e-01 3.923349999999999893e-01
3.698779999999999846e-01 5.472280000000000477e-01 2.690790000000000126e-01 4.145619999999999861e-01 5.515430000000000055e-01
4.390839999999999743e-01 6.857529999999999459e-01 4.558729999999999727e-01 8.499849999999999905e-01 6.994780000000000442e-01
6.828250000000000153e-01 2.360079999999999956e-01 5.941840000000000455e-01 4.515109999999999957e-01 5.426149999999999585e-01
6.337040000000000450e-01 6.671350000000000335e-01 5.345809999999999729e-01 7.012350000000000527e-01 6.604470000000000063e-01
1.378350000000000131e-01 5.859229999999999716e-01 6.028139999999999610e-01 4.909519999999999995e-01 4.316139999999999977e-01
6.054969999999999519e-01 5.902560000000000029e-01 4.365709999999999869e-01 4.549699999999999855e-01 6.810260000000000202e-01
5.885529999999999928e-01 8.063040000000000207e-01 5.491399999999999615e-01 4.034780000000000033e-01 2.604290000000000216e-01
3.881229999999999958e-01 1.855499999999999927e-01 5.391970000000000374e-01 2.789619999999999878e-01 5.178239999999999510e-01
5.944880000000000164e-01 5.533019999999999605e-01 3.436469999999999803e-01 6.788009999999999877e-01 6.052920000000000522e-01
2.934860000000000246e-01 6.181090000000000195e-01 5.622549999999999493e-01 8.242620000000000502e-01 3.734779999999999767e-01
7.585349999999999593e-01 6.919600000000000195e-01 7.704879999999999507e-01 5.968700000000000117e-01 5.973349999999999493e-01
6.773169999999999469e-01 6.678960000000000452e-01 3.350699999999999790e-01 5.144729999999999581e-01 7.456110000000000237e-01
8.427019999999999511e-01 2.917449999999999766e-01 3.533970000000000167e-01 5.456299999999999484e-01 4.012709999999999888e-01
2.978279999999999816e-01 5.869269999999999765e-01 4.738829999999999987e-01 5.547189999999999621e-01 1.565110000000000112e-01
5.398600000000000065e-01 4.285959999999999770e-01 4.077189999999999981e-01 5.362379999999999924e-01 5.481770000000000254e-01
7.242089999999999916e-01 7.818410000000000082e-01 3.981330000000000147e-01 4.281329999999999858e-01 6.386779999999999680e-01
2.870309999999999806e-01 1.332520000000000093e-01 5.626470000000000082e-01 4.084999999999999742e-01 6.677269999999999595e-01
3.693520000000000136e-01 7.014749999999999597e-01 6.840300000000000269e-01 4.991519999999999846e-01 2.399360000000000104e-01
3.940980000000000039e-01 6.043089999999999851e-01 6.166730000000000267e-01 4.259049999999999780e-01 1.794600000000000084e-01
2.042940000000000034e-01 5.665799999999999725e-01 5.095769999999999467e-01 4.602680000000000105e-01 7.264500000000000401e-01
6.890269999999999451e-01 4.785360000000000169e-01 7.465030000000000276e-01 4.687450000000000228e-01 1.924559999999999882e-01
2.856079999999999730e-01 2.149439999999999962e-01 5.606229999999999825e-01 3.824440000000000062e-01 7.438529999999999864e-01
4.183609999999999829e-01 3.995560000000000223e-01 3.453689999999999816e-01 6.200259999999999661e-01 7.705199999999999827e-01
3.049680000000000168e-01 6.002450000000000285e-01 3.184839999999999893e-01 7.670230000000000103e-01 3.487879999999999869e-01
2.159030000000000116e-01 6.751009999999999511e-01 4.251559999999999784e-01 5.910419999999999563e-01 6.493529999999999580e-01
7.894759999999999556e-01 7.227740000000000276e-01 6.683820000000000316e-01 5.013619999999999743e-01 3.833679999999999866e-01
4.353790000000000160e-01 4.214530000000000221e-01 3.539769999999999861e-01 2.989609999999999768e-01 6.343839999999999479e-01
4.378879999999999995e-01 5.833399999999999697e-01 2.016749999999999932e-01 5.552660000000000373e-01 3.617759999999999865e-01
3.770910000000000095e-01 7.623330000000000384e-01 5.302769999999999984e-01 3.577210000000000112e-01 2.234780000000000100e-01
6.585710000000000175e-01 6.091919999999999558e-01 6.902270000000000350e-01 6.395290000000000141e-01 5.610439999999999872e-01
2.596359999999999779e-01 6.998480000000000256e-01 3.445739999999999914e-01 2.522579999999999822e-01 7.037839999999999652e-01
2.115980000000000083e-01 3.231740000000000168e-01 5.850649999999999462e-01 1.832920000000000105e-01 5.870189999999999575e-01
7.091480000000000006e-01 6.505980000000000096e-01 6.003220000000000223e-01 6.067519999999999580e-01 6.761779999999999458e-01
5.184539999999999704e-01 6.481080000000000174e-01 7.462060000000000359e-01 4.825729999999999742e-01 5.991670000000000051e-01
2.074989999999999890e-01 4.345559999999999978e-01 5.839069999999999538e-01 7.315089999999999648e-01 4.637629999999999808e-01
5.588359999999999994e-01 3.518589999999999773e-01 7.023559999999999803e-01 4.964129999999999932e-01 2.054360000000000075e-01
7.628559999999999786e-01 3.186629999999999741e-01 7.707829999999999959e-01 5.518779999999999797e-01 4.071509999999999851e-01
4.856380000000000141e-01 1.220030000000000003e-01 5.097629999999999661e-01 5.934220000000000050e-01 6.437910000000000021e-01
2.253519999999999968e-01 4.916679999999999939e-01 4.648999999999999799e-01 5.692639999999999922e-01 6.168090000000000517e-01
3.393399999999999750e-01 2.820520000000000249e-01 4.482880000000000198e-01 3.761329999999999951e-01 6.691030000000000033e-01
6.054439999999999822e-01 7.043819999999999526e-01 5.427939999999999987e-01 7.329449999999999577e-01 6.139430000000000165e-01
8.095250000000000501e-01 6.850519999999999943e-01 6.739859999999999740e-01 6.798739999999999783e-01 6.469979999999999620e-01
3.526839999999999975e-01 5.623000000000000220e-01 5.800309999999999633e-01 5.830659999999999732e-01 5.823329999999999895e-01
5.618229999999999613e-01 5.611639999999999961e-01 4.914850000000000052e-01 3.916330000000000089e-01 1.790779999999999872e-01
5.363499999999999934e-01 4.301369999999999916e-01 3.148250000000000215e-01 2.632959999999999745e-01 2.206829999999999903e-01
3.664299999999999780e-01 5.829849999999999755e-01 2.371989999999999932e-01 6.069219999999999615e-01 5.457319999999999949e-01
6.911540000000000461e-01 2.303530000000000022e-01 5.418880000000000363e-01 5.199859999999999483e-01 4.090480000000000227e-01
1.137330000000000008e-01 5.179770000000000207e-01 6.363790000000000280e-01 6.170879999999999699e-01 4.039269999999999805e-01
6.475739999999999830e-01 7.776170000000000027e-01 4.119389999999999996e-01 4.582249999999999934e-01 3.820720000000000227e-01
6.244769999999999488e-01 5.856710000000000527e-01 3.780769999999999964e-01 3.406100000000000239e-01 6.338510000000000533e-01
5.405600000000000405e-01 1.988920000000000132e-01 7.703659999999999952e-01 5.372360000000000468e-01 3.237800000000000122e-01
4.765099999999999891e-01 7.055839999999999890e-01 7.546110000000000317e-01 7.538829999999999698e-01 5.154609999999999470e-01
2.924140000000000073e-01 5.977609999999999868e-01 5.689130000000000020e-01 7.246179999999999843e-01 6.476720000000000255e-01
4.758519999999999972e-01 6.390040000000000164e-01 7.437240000000000517e-01 7.610360000000000458e-01 7.251199999999999868e-01
3.044839999999999769e-01 4.659789999999999766e-01 7.022180000000000089e-01 1.758470000000000033e-01 4.620250000000000190e-01
5.292580000000000062e-01 2.432680000000000120e-01 5.975759999999999961e-01 4.618050000000000210e-01 5.650359999999999827e-01
4.577979999999999827e-01 2.049940000000000095e-01 3.325170000000000070e-01 6.056759999999999922e-01 5.891020000000000145e-01
2.045180000000000053e-01 3.263909999999999867e-01 6.576140000000000319e-01 5.238669999999999716e-01 6.257759999999999989e-01
4.221650000000000125e-01 3.284549999999999970e-01 3.509619999999999962e-01 6.226329999999999920e-01 5.908229999999999871e-01
7.325239999999999529e-01 5.369329999999999936e-01 2.356540000000000024e-01 6.419089999999999518e-01 5.705789999999999473e-01
3.000829999999999886e-01 4.866670000000000162e-01 4.206119999999999859e-01 2.198209999999999886e-01 5.258589999999999653e-01
3.736889999999999934e-01 5.975850000000000328e-01 6.096059999999999812e-01 6.561649999999999983e-01 1.632440000000000002e-01
5.738419999999999632e-01 5.626120000000000010e-01 8.147529999999999495e-01 5.534299999999999775e-01 4.913199999999999790e-01
5.587889999999999802e-01 5.677590000000000137e-01 3.259750000000000147e-01 6.659979999999999789e-01 4.246690000000000187e-01
4.652109999999999856e-01 7.944059999999999455e-01 5.849210000000000242e-01 7.610780000000000323e-01 4.308150000000000035e-01
4.853180000000000271e-01 7.388310000000000155e-01 5.306340000000000501e-01 3.626829999999999776e-01 6.168000000000000149e-01
8.339699999999999891e-01 5.284990000000000521e-01 4.773319999999999785e-01 5.236730000000000551e-01 3.741389999999999993e-01
5.821589999999999820e-01 3.492210000000000036e-01 3.549470000000000125e-01 5.898379999999999734e-01 4.073019999999999974e-01
5.274739999999999984e-01 2.496859999999999913e-01 4.667410000000000170e-01 5.151580000000000048e-01 2.657059999999999977e-01
7.673959999999999670e-01 6.320320000000000382e-01 5.669469999999999787e-01 6.831420000000000270e-01 5.721600000000000019e-01
5.188450000000000006e-01 2.300530000000000075e-01 4.998830000000000218e-01 5.361169999999999547e-01 5.255149999999999544e-01
4.582990000000000119e-01 6.339390000000000303e-01 6.095819999999999572e-01 2.484419999999999962e-01 5.706320000000000281e-01
2.718329999999999913e-01 6.996869999999999479e-01 6.360080000000000178e-01 3.914619999999999767e-01 3.026679999999999926e-01
4.432530000000000081e-01 7.557380000000000209e-01 6.915369999999999573e-01 6.583379999999999788e-01 6.841970000000000551e-01
4.936409999999999965e-01 6.172199999999999909e-01 6.144690000000000429e-01 3.827050000000000174e-01 1.228790000000000021e-01
3.812570000000000126e-01 7.924970000000000070e-01 5.016749999999999821e-01 6.461949999999999639e-01 5.963260000000000227e-01
5.289179999999999993e-01 5.242580000000000018e-01 2.004199999999999871e-01 4.510859999999999870e-01 4.022350000000000092e-01
4.008059999999999956e-01 3.430250000000000243e-01 2.187330000000000108e-01 2.468339999999999979e-01 5.327650000000000441e-01
1.810249999999999915e-01 4.833850000000000091e-01 2.598679999999999879e-01 6.021069999999999478e-01 6.118930000000000202e-01
8.442530000000000312e-01 3.547669999999999990e-01 5.762709999999999777e-01 3.873639999999999861e-01 4.313460000000000072e-01
5.504059999999999508e-01 6.701650000000000107e-01 4.706029999999999935e-01 4.316829999999999834e-01 2.878600000000000048e-01
1.444930000000000103e-01 4.877340000000000009e-01 3.430360000000000076e-01 4.123569999999999736e-01 4.917119999999999824e-01
4.732970000000000232e-01 6.985649999999999915e-01 7.799369999999999914e-01 3.984889999999999821e-01 3.999039999999999817e-01
7.197390000000000176e-01 6.526870000000000172e-01 7.162309999999999510e-01 6.937750000000000306e-01 2.837799999999999767e-01
2.537389999999999923e-01 5.832410000000000094e-01 5.242890000000000050e-01 7.188229999999999897e-01 2.510970000000000146e-01
4.414680000000000271e-01 7.562079999999999913e-01 5.919830000000000370e-01 4.516459999999999919e-01 8.107670000000000154e-01
4.761429999999999829e-01 5.426779999999999937e-01 7.971869999999999790e-01 3.204989999999999783e-01 6.344769999999999577e-01
6.296380000000000310e-01 3.277010000000000201e-01 6.715550000000000130e-01 8.305160000000000320e-01 4.755989999999999940e-01
3.208550000000000013e-01 6.060440000000000271e-01 7.809650000000000203e-01 6.811700000000000532e-01 4.305620000000000003e-01
5.426769999999999650e-01 7.733320000000000194e-01 3.933209999999999762e-01 5.494550000000000267e-01 6.937830000000000386e-01
7.528770000000000184e-01 6.079909999999999481e-01 5.055349999999999566e-01 5.285649999999999515e-01 5.875730000000000119e-01
4.551819999999999755e-01 2.496309999999999918e-01 5.483630000000000448e-01 3.449459999999999749e-01 5.147779999999999578e-01
5.781779999999999697e-01 4.343270000000000186e-01 7.370430000000000037e-01 4.886539999999999773e-01 8.021660000000000457e-01
3.865129999999999955e-01 1.177860000000000018e-01 6.266190000000000371e-01 5.815700000000000314e-01 4.424620000000000219e-01
5.447340000000000515e-01 3.369809999999999750e-01 6.478620000000000489e-01 6.231020000000000447e-01 4.819479999999999875e-01
7.383979999999999988e-01 2.496140000000000025e-01 2.591559999999999975e-01 6.290609999999999813e-01 6.313069999999999515e-01
1.958419999999999883e-01 5.227359999999999784e-01 6.297540000000000360e-01 2.704639999999999822e-01 6.913190000000000168e-01
5.329549999999999566e-01 3.767039999999999833e-01 2.561160000000000103e-01 5.362369999999999637e-01 5.412740000000000329e-01
5.000419999999999865e-01 2.029920000000000058e-01 6.845130000000000381e-01 6.146580000000000377e-01 5.601249999999999840e-01
4.378690000000000082e-01 2.595169999999999977e-01 6.941530000000000200e-01 6.294549999999999867e-01 2.539179999999999771e-01
6.225070000000000325e-01 4.802000000000000157e-01 7.180720000000000436e-01 6.281729999999999814e-01 7.036660000000000137e-01
7.581050000000000288e-01 4.695360000000000089e-01 4.903810000000000113e-01 8.261779999999999680e-01 5.787919999999999732e-01
5.137869999999999937e-01 2.199359999999999926e-01 4.666190000000000060e-01 4.591709999999999958e-01 2.887600000000000167e-01
3.089370000000000172e-01 3.024490000000000234e-01 2.654569999999999985e-01 5.379709999999999770e-01 6.779389999999999583e-01
6.738610000000000433e-01 5.826339999999999852e-01 3.343709999999999738e-01 7.817359999999999864e-01 6.328099999999999836e-01
2.564710000000000045e-01 5.080230000000000024e-01 3.459119999999999973e-01 7.472239999999999993e-01 5.859680000000000444e-01
3.334509999999999974e-01 3.179810000000000136e-01 2.994939999999999825e-01 5.904270000000000351e-01 3.074870000000000103e-01
5.164950000000000374e-01 7.376930000000000431e-01 4.024940000000000184e-01 7.215810000000000279e-01 6.062199999999999811e-01
4.233560000000000101e-01 3.395819999999999950e-01 3.483990000000000142e-01 5.368739999999999624e-01 2.333860000000000101e-01
5.181459999999999955e-01 4.862020000000000231e-01 6.034230000000000427e-01 7.255030000000000090e-01 5.287070000000000380e-01
3.407879999999999798e-01 6.185929999999999485e-01 6.981730000000000436e-01 1.950020000000000087e-01 3.973760000000000070e-01
4.380419999999999869e-01 1.680540000000000089e-01 4.769740000000000091e-01 5.021590000000000220e-01 7.783949999999999481e-01
4.866170000000000218e-01 5.663319999999999466e-01 3.440940000000000110e-01 1.825199999999999878e-01 6.165810000000000457e-01
2.125759999999999872e-01 7.599580000000000224e-01 6.169670000000000432e-01 3.688589999999999924e-01 4.210820000000000118e-01
4.006370000000000209e-01 5.113189999999999680e-01 7.423779999999999824e-01 1.515779999999999905e-01 5.766329999999999512e-01
8.305639999999999690e-01 2.949720000000000120e-01 6.025800000000000045e-01 5.625449999999999617e-01 6.965449999999999697e-01
6.003180000000000183e-01 5.435069999999999624e-01 7.193119999999999514e-01 4.718450000000000144e-01 2.963919999999999888e-01
1.488339999999999941e-01 4.458059999999999801e-01 6.532810000000000006e-01 6.967069999999999652e-01 5.481139999999999901e-01
3.547100000000000253e-01 6.050259999999999527e-01 6.793930000000000247e-01 5.664670000000000538e-01 6.177169999999999606e-01
6.253039999999999710e-01 4.802939999999999987e-01 3.056349999999999900e-01 8.054219999999999713e-01 7.320630000000000193e-01
6.744339999999999780e-01 2.159480000000000011e-01 4.355029999999999735e-01 5.051139999999999519e-01 4.485419999999999963e-01
5.455119999999999969e-01 4.144450000000000078e-01 5.834219999999999962e-01 5.806189999999999962e-01 4.612350000000000061e-01
6.675619999999999887e-01 7.223579999999999446e-01 6.635550000000000059e-01 3.663779999999999815e-01 7.074500000000000233e-01
5.563989999999999769e-01 4.006950000000000234e-01 4.874080000000000079e-01 8.722400000000000153e-01 7.361520000000000286e-01
2.298149999999999915e-01 4.950049999999999728e-01 5.453200000000000269e-01 1.924619999999999942e-01 7.121859999999999857e-01
3.240000000000000102e-01 4.604969999999999897e-01 5.801929999999999588e-01 3.075809999999999933e-01 5.171409999999999618e-01
5.760520000000000085e-01 7.012770000000000392e-01 3.692730000000000179e-01 3.789750000000000063e-01 4.285900000000000265e-01
3.118070000000000008e-01 5.406440000000000135e-01 6.049539999999999917e-01 4.547700000000000076e-01 3.226049999999999751e-01
4.293150000000000022e-01 5.052280000000000104e-01 3.622690000000000077e-01 6.520909999999999762e-01 6.911059999999999981e-01
4.163560000000000039e-01 6.911570000000000213e-01 2.772410000000000152e-01 5.847769999999999913e-01 3.514720000000000066e-01
6.784350000000000103e-01 4.630000000000000226e-01 6.486730000000000551e-01 2.517769999999999730e-01 6.239259999999999806e-01
3.576889999999999792e-01 6.763679999999999692e-01 7.203929999999999501e-01 6.510679999999999801e-01 5.068329999999999780e-01
6.699929999999999497e-01 5.796050000000000368e-01 4.250450000000000061e-01 7.266839999999999966e-01 3.751510000000000122e-01
3.387649999999999828e-01 6.316140000000000088e-01 5.424759999999999582e-01 3.883099999999999885e-01 3.268820000000000059e-01
4.944000000000000061e-01 3.887820000000000165e-01 2.640419999999999989e-01 7.505979999999999874e-01 3.031099999999999905e-01
6.445689999999999475e-01 2.786660000000000248e-01 5.408079999999999554e-01 3.656349999999999878e-01 2.256980000000000097e-01
4.109909999999999952e-01 5.289019999999999833e-01 2.603530000000000011e-01 7.462029999999999497e-01 4.396220000000000128e-01
2.141629999999999923e-01 4.334770000000000012e-01 4.450049999999999839e-01 2.037519999999999887e-01 4.546979999999999911e-01
4.422889999999999877e-01 5.469359999999999777e-01 3.554030000000000244e-01 2.558059999999999778e-01 3.284770000000000190e-01
4.787399999999999989e-01 1.871549999999999880e-01 5.057819999999999538e-01 6.710150000000000281e-01 7.496110000000000273e-01
1.752620000000000011e-01 6.317840000000000122e-01 3.962359999999999771e-01 5.381519999999999637e-01 7.179360000000000186e-01
3.023540000000000116e-01 6.639779999999999571e-01 4.865340000000000220e-01 1.832799999999999985e-01 3.807860000000000134e-01
4.750530000000000030e-01 2.186200000000000088e-01 3.484380000000000255e-01 2.007220000000000115e-01 5.316520000000000135e-01
7.917980000000000018e-01 7.553670000000000107e-01 4.468690000000000162e-01 5.256410000000000249e-01 4.420129999999999892e-01
5.910269999999999690e-01 3.917089999999999739e-01 4.549009999999999998e-01 5.273560000000000469e-01 2.777540000000000009e-01
3.238750000000000240e-01 3.661220000000000030e-01 4.103970000000000118e-01 5.453350000000000142e-01 4.485879999999999868e-01
7.932590000000000474e-01 3.020379999999999732e-01 3.548279999999999768e-01 5.918050000000000255e-01 4.676779999999999826e-01
8.385399999999999521e-01 3.494160000000000044e-01 6.305950000000000166e-01 4.156869999999999732e-01 4.588539999999999841e-01
4.329549999999999788e-01 6.793390000000000262e-01 6.448890000000000455e-01 6.485490000000000421e-01 1.687740000000000073e-01
5.785369999999999679e-01 4.647640000000000104e-01 2.858660000000000090e-01 5.463540000000000063e-01 5.710169999999999968e-01
5.812199999999999589e-01 5.650460000000000482e-01 7.330459999999999754e-01 3.096670000000000256e-01 5.731399999999999828e-01
5.756200000000000205e-01 4.408489999999999909e-01 3.416660000000000252e-01 3.888380000000000170e-01 2.050059999999999938e-01
4.134369999999999989e-01 6.303560000000000274e-01 3.954460000000000197e-01 2.593779999999999974e-01 3.673890000000000211e-01
7.371760000000000534e-01 7.157409999999999606e-01 4.582359999999999767e-01 5.685350000000000126e-01 3.704819999999999780e-01
3.017400000000000082e-01 3.437600000000000100e-01 5.768130000000000202e-01 4.919830000000000036e-01 7.602759999999999518e-01
3.892700000000000049e-01 4.601910000000000167e-01 4.361559999999999881e-01 4.655679999999999819e-01 8.070220000000000171e-01
3.270930000000000226e-01 4.576970000000000205e-01 5.193349999999999911e-01 4.606310000000000127e-01 8.201709999999999834e-01
6.377310000000000478e-01 3.414989999999999970e-01 5.794460000000000166e-01 7.428850000000000176e-01 6.743850000000000122e-01
2.319519999999999915e-01 4.160519999999999774e-01 5.822990000000000110e-01 6.975860000000000394e-01 3.205810000000000048e-01
5.777630000000000265e-01 4.583559999999999857e-01 5.818839999999999568e-01 7.295580000000000398e-01 6.762770000000000170e-01
1.919109999999999983e-01 4.525819999999999843e-01 5.430139999999999967e-01 4.297309999999999741e-01 4.881730000000000236e-01
4.644800000000000040e-01 5.080940000000000456e-01 5.412879999999999914e-01 4.343710000000000071e-01 4.760639999999999872e-01
4.825240000000000085e-01 7.809989999999999988e-01 2.471260000000000123e-01 4.541740000000000221e-01 2.991159999999999930e-01
4.142549999999999844e-01 3.793219999999999925e-01 2.732289999999999996e-01 1.535390000000000088e-01 5.279949999999999921e-01
4.036060000000000203e-01 4.014570000000000083e-01 2.889689999999999759e-01 7.061549999999999772e-01 3.392450000000000188e-01
6.899729999999999475e-01 3.737349999999999839e-01 3.634660000000000113e-01 7.660160000000000302e-01 4.373900000000000010e-01
4.817770000000000108e-01 2.299440000000000095e-01 6.747349999999999737e-01 2.662329999999999974e-01 5.863519999999999843e-01
2.647900000000000253e-01 3.250219999999999776e-01 6.473370000000000513e-01 7.990979999999999750e-01 4.404120000000000257e-01
5.087420000000000275e-01 4.287070000000000047e-01 2.822129999999999916e-01 1.518760000000000110e-01 5.788959999999999662e-01
5.052339999999999609e-01 4.661330000000000195e-01 2.900769999999999738e-01 3.293369999999999909e-01 1.622570000000000123e-01
3.283840000000000092e-01 1.568700000000000094e-01 5.076829999999999954e-01 6.199999999999999956e-01 3.337379999999999791e-01
4.622140000000000137e-01 4.305069999999999730e-01 5.298620000000000552e-01 3.939280000000000004e-01 7.411180000000000545e-01
6.077059999999999684e-01 7.071650000000000436e-01 3.160410000000000164e-01 6.977189999999999781e-01 5.709290000000000198e-01
6.373119999999999896e-01 3.081920000000000215e-01 7.784510000000000041e-01 4.191989999999999883e-01 4.776290000000000258e-01
6.365429999999999700e-01 3.710780000000000189e-01 7.100450000000000372e-01 7.319250000000000478e-01 4.711580000000000212e-01
4.877210000000000156e-01 1.333759999999999946e-01 6.465509999999999868e-01 5.807360000000000300e-01 4.300519999999999898e-01
5.157899999999999707e-01 8.789510000000000378e-01 5.313039999999999985e-01 6.248359999999999470e-01 6.254760000000000320e-01
3.060370000000000035e-01 5.715059999999999585e-01 3.068190000000000084e-01 7.100859999999999950e-01 4.209669999999999801e-01
6.667689999999999451e-01 3.876169999999999893e-01 6.862850000000000339e-01 3.951049999999999840e-01 5.223750000000000338e-01
5.648579999999999712e-01 5.607609999999999539e-01 7.033859999999999557e-01 8.010779999999999568e-01 7.257409999999999695e-01
7.502119999999999900e-01 8.151129999999999765e-01 5.995970000000000466e-01 4.310970000000000080e-01 4.453320000000000056e-01
8.074240000000000306e-01 3.766070000000000251e-01 6.258359999999999479e-01 4.257400000000000073e-01 4.190289999999999848e-01
2.364590000000000025e-01 1.671670000000000100e-01 5.722249999999999837e-01 3.868980000000000197e-01 6.014629999999999699e-01
4.876809999999999756e-01 4.493670000000000164e-01 5.069430000000000325e-01 1.867870000000000086e-01 3.258220000000000005e-01
5.346300000000000496e-01 5.205859999999999932e-01 4.830260000000000109e-01 2.098260000000000125e-01 5.511249999999999760e-01
3.025309999999999944e-01 6.369029999999999969e-01 4.307380000000000098e-01 4.209689999999999821e-01 2.198990000000000111e-01
5.979360000000000230e-01 5.154630000000000045e-01 3.864759999999999862e-01 4.954250000000000043e-01 6.101680000000000437e-01
6.827760000000000495e-01 4.197259999999999880e-01 3.344190000000000218e-01 5.720110000000000472e-01 7.925050000000000150e-01
2.806739999999999791e-01 2.945459999999999745e-01 4.321699999999999986e-01 4.825769999999999782e-01 6.788239999999999830e-01
6.866339999999999666e-01 2.531970000000000054e-01 4.775650000000000173e-01 4.377579999999999805e-01 3.950560000000000183e-01
7.515699999999999603e-01 6.314910000000000245e-01 4.756650000000000045e-01 4.946039999999999881e-01 8.065809999999999924e-01
7.722750000000000448e-01 6.341860000000000275e-01 7.613299999999999512e-01 6.773719999999999741e-01 5.931610000000000493e-01
4.901200000000000001e-01 4.425350000000000117e-01 6.851990000000000025e-01 1.447239999999999915e-01 3.703640000000000265e-01
4.638829999999999898e-01 4.862480000000000135e-01 3.782019999999999826e-01 4.403779999999999917e-01 4.331829999999999847e-01
5.609389999999999654e-01 7.096040000000000125e-01 3.070330000000000004e-01 3.084709999999999952e-01 4.705860000000000043e-01
5.543129999999999447e-01 3.311499999999999999e-01 6.302419999999999689e-01 4.705659999999999843e-01 8.034599999999999520e-01
3.306520000000000015e-01 2.750290000000000235e-01 4.110019999999999785e-01 7.184329999999999883e-01 7.109680000000000444e-01
3.131780000000000119e-01 5.818900000000000183e-01 8.247499999999999831e-01 5.703939999999999566e-01 6.194450000000000234e-01
6.839650000000000452e-01 3.957200000000000162e-01 8.587240000000000428e-01 5.739610000000000545e-01 5.546259999999999524e-01
7.551320000000000254e-01 4.996550000000000158e-01 7.052659999999999485e-01 4.089740000000000042e-01 6.299860000000000460e-01
2.777620000000000089e-01 3.388059999999999961e-01 3.136430000000000051e-01 4.030230000000000201e-01 6.141130000000000200e-01
2.482119999999999882e-01 7.056900000000000395e-01 5.241069999999999895e-01 6.585560000000000302e-01 3.451770000000000116e-01
5.184459999999999624e-01 5.185110000000000552e-01 6.119719999999999605e-01 4.140420000000000211e-01 8.116330000000000489e-01
5.760849999999999582e-01 2.565899999999999848e-01 5.014929999999999666e-01 5.990060000000000384e-01 4.900499999999999856e-01
4.253660000000000219e-01 1.319500000000000117e-01 6.854559999999999542e-01 4.616239999999999788e-01 5.097000000000000419e-01
7.067539999999999933e-01 4.094340000000000201e-01 3.619769999999999932e-01 7.418029999999999902e-01 4.882110000000000061e-01
5.907489999999999686e-01 7.189990000000000547e-01 2.131039999999999879e-01 6.365560000000000107e-01 5.924390000000000489e-01
5.338559999999999972e-01 5.204539999999999722e-01 2.723499999999999810e-01 3.884980000000000100e-01 4.937909999999999799e-01
5.323579999999999979e-01 3.426170000000000049e-01 3.679290000000000060e-01 7.755199999999999871e-01 1.695869999999999878e-01
4.541760000000000241e-01 3.399380000000000179e-01 3.456119999999999748e-01 7.077849999999999975e-01 7.464939999999999909e-01
4.416869999999999963e-01 4.312130000000000130e-01 3.965480000000000116e-01 7.759730000000000238e-01 7.772639999999999549e-01
5.740370000000000195e-01 8.384249999999999758e-01 4.028959999999999764e-01 4.726929999999999743e-01 5.491880000000000095e-01
8.308079999999999909e-01 3.912860000000000227e-01 3.493559999999999999e-01 6.325769999999999449e-01 7.169429999999999970e-01
4.756090000000000040e-01 5.552829999999999711e-01 6.412480000000000402e-01 4.599670000000000147e-01 6.727830000000000199e-01
2.205320000000000058e-01 4.737589999999999857e-01 4.627539999999999987e-01 5.003530000000000477e-01 4.363989999999999814e-01
3.109180000000000277e-01 6.020929999999999893e-01 3.779859999999999887e-01 8.184519999999999573e-01 7.178970000000000073e-01
7.617249999999999854e-01 3.087250000000000272e-01 7.448949999999999738e-01 4.484790000000000165e-01 5.827139999999999542e-01
6.739720000000000155e-01 4.472430000000000017e-01 8.177830000000000377e-01 4.829330000000000012e-01 6.507899999999999796e-01
5.164819999999999967e-01 5.140540000000000109e-01 7.101979999999999960e-01 2.994990000000000152e-01 6.787009999999999987e-01
5.572279999999999456e-01 3.276959999999999873e-01 5.867959999999999843e-01 2.762700000000000156e-01 2.699590000000000045e-01
3.601090000000000124e-01 3.504869999999999930e-01 6.291780000000000150e-01 6.024410000000000043e-01 2.200969999999999871e-01
6.426269999999999483e-01 6.247059999999999835e-01 4.273390000000000244e-01 2.798410000000000064e-01 2.802729999999999944e-01
3.770149999999999890e-01 4.889200000000000212e-01 2.798430000000000084e-01 3.269580000000000264e-01 1.778129999999999988e-01
2.683180000000000009e-01 6.217909999999999826e-01 4.345640000000000058e-01 7.245000000000000329e-01 6.763350000000000195e-01
6.897410000000000485e-01 4.786610000000000031e-01 8.478360000000000340e-01 5.756339999999999790e-01 6.878330000000000277e-01
4.111850000000000227e-01 7.815959999999999575e-01 2.858689999999999842e-01 6.073450000000000237e-01 6.450000000000000178e-01
5.130249999999999533e-01 4.160429999999999962e-01 4.344430000000000236e-01 6.856919999999999682e-01 4.248339999999999894e-01
3.833840000000000026e-01 5.278249999999999886e-01 1.469409999999999883e-01 6.370219999999999771e-01 4.370910000000000073e-01
6.761819999999999498e-01 5.944239999999999524e-01 4.854169999999999874e-01 4.070679999999999854e-01 5.994030000000000191e-01
7.986799999999999455e-01 4.070570000000000022e-01 4.136759999999999882e-01 6.474910000000000387e-01 3.744199999999999751e-01
5.124950000000000339e-01 5.018399999999999528e-01 4.198990000000000222e-01 2.461329999999999907e-01 7.591740000000000155e-01
4.409689999999999999e-01 3.725470000000000170e-01 3.925589999999999913e-01 7.412729999999999597e-01 5.788999999999999702e-01
5.950900000000000079e-01 6.713569999999999816e-01 5.007629999999999582e-01 3.290199999999999791e-01 8.342439999999999856e-01
6.633660000000000112e-01 1.891220000000000123e-01 5.746729999999999894e-01 5.233989999999999476e-01 7.627720000000000056e-01
6.809229999999999450e-01 2.748070000000000235e-01 6.795700000000000074e-01 5.264159999999999950e-01 4.722680000000000211e-01
6.101170000000000204e-01 2.328010000000000079e-01 6.899089999999999945e-01 3.049189999999999956e-01 7.738899999999999668e-01
7.644079999999999764e-01 4.001009999999999844e-01 5.020729999999999915e-01 3.329349999999999810e-01 6.409869999999999735e-01
6.073279999999999790e-01 3.695269999999999944e-01 6.459580000000000322e-01 6.199120000000000186e-01 8.670999999999999819e-01
6.243079999999999741e-01 7.384230000000000516e-01 6.676750000000000185e-01 6.131849999999999801e-01 7.985569999999999613e-01
3.238920000000000132e-01 6.575050000000000061e-01 6.937879999999999603e-01 4.870860000000000190e-01 4.516499999999999959e-01
4.294919999999999849e-01 4.731119999999999770e-01 5.961370000000000280e-01 2.799519999999999786e-01 1.595330000000000081e-01
7.246190000000000131e-01 6.639040000000000497e-01 2.313729999999999953e-01 6.789680000000000160e-01 4.216340000000000088e-01
6.170170000000000377e-01 2.001759999999999928e-01 3.649390000000000134e-01 5.230449999999999822e-01 8.180180000000000229e-01
2.293489999999999973e-01 6.701540000000000274e-01 2.755079999999999751e-01 4.576999999999999957e-01 5.583879999999999955e-01
6.311449999999999561e-01 6.555929999999999813e-01 5.499889999999999501e-01 6.643360000000000376e-01 4.987829999999999764e-01
4.669989999999999974e-01 8.564610000000000278e-01 5.398640000000000105e-01 4.986889999999999934e-01 4.601500000000000035e-01
7.375030000000000197e-01 2.187590000000000090e-01 6.755149999999999766e-01 3.835729999999999973e-01 7.069429999999999881e-01
7.127759999999999652e-01 6.262640000000000429e-01 6.107860000000000511e-01 4.746609999999999996e-01 6.210999999999999854e-01
3.777260000000000062e-01 4.426430000000000087e-01 4.936309999999999865e-01 4.498920000000000141e-01 3.365589999999999971e-01
5.409159999999999524e-01 1.830589999999999995e-01 6.677849999999999620e-01 4.562709999999999821e-01 5.530509999999999593e-01
7.933879999999999821e-01 4.731119999999999770e-01 5.949480000000000324e-01 2.862089999999999912e-01 3.075240000000000196e-01
3.567330000000000223e-01 6.036589999999999456e-01 6.948569999999999469e-01 4.694840000000000124e-01 6.182569999999999455e-01
4.882859999999999978e-01 6.307770000000000321e-01 4.624539999999999762e-01 4.620890000000000275e-01 3.275930000000000231e-01
4.276710000000000234e-01 8.616930000000000422e-01 4.776929999999999787e-01 5.823549999999999560e-01 6.428390000000000493e-01
7.422929999999999806e-01 7.138430000000000053e-01 5.587999999999999634e-01 7.501449999999999507e-01 6.825900000000000301e-01
2.727629999999999777e-01 3.228889999999999816e-01 7.886819999999999942e-01 3.813659999999999828e-01 6.209170000000000522e-01
1.800140000000000073e-01 4.890660000000000007e-01 7.390139999999999487e-01 6.045970000000000510e-01 4.597319999999999740e-01
3.915350000000000219e-01 5.251310000000000144e-01 8.825159999999999672e-01 4.478110000000000146e-01 3.633549999999999836e-01
3.401310000000000167e-01 5.868719999999999493e-01 5.565940000000000332e-01 6.682590000000000474e-01 4.347230000000000261e-01
6.394570000000000531e-01 3.614100000000000090e-01 2.255959999999999910e-01 5.870039999999999702e-01 7.694530000000000536e-01
2.553300000000000014e-01 3.360250000000000181e-01 5.670450000000000212e-01 3.244179999999999842e-01 4.932489999999999930e-01
3.884920000000000040e-01 3.833380000000000121e-01 7.605429999999999691e-01 4.452670000000000239e-01 6.024450000000000083e-01
4.320550000000000224e-01 5.505910000000000526e-01 7.865940000000000154e-01 2.916909999999999781e-01 4.485589999999999855e-01
2.129890000000000116e-01 7.113549999999999596e-01 7.434720000000000217e-01 5.272440000000000460e-01 3.855569999999999831e-01
3.586199999999999943e-01 3.287080000000000002e-01 5.882519999999999971e-01 7.595870000000000122e-01 3.795229999999999992e-01
5.234469999999999956e-01 5.803139999999999965e-01 3.429849999999999843e-01 5.497039999999999704e-01 8.705519999999999925e-01
7.291260000000000518e-01 4.284959999999999880e-01 7.293699999999999628e-01 5.206460000000000532e-01 4.980430000000000135e-01
5.923570000000000224e-01 7.469820000000000348e-01 5.191050000000000386e-01 5.920959999999999557e-01 3.491799999999999904e-01
4.460290000000000088e-01 4.055790000000000228e-01 5.684669999999999446e-01 2.306030000000000024e-01 7.432400000000000118e-01
6.354170000000000096e-01 4.581089999999999884e-01 4.373520000000000185e-01 5.784690000000000110e-01 3.218559999999999754e-01
3.209670000000000023e-01 4.857739999999999836e-01 3.953840000000000132e-01 2.118500000000000105e-01 5.605970000000000120e-01
3.538749999999999951e-01 5.714380000000000015e-01 1.668689999999999896e-01 5.735540000000000083e-01 7.277630000000000488e-01
6.226239999999999553e-01 4.496120000000000116e-01 6.240040000000000031e-01 6.402400000000000313e-01 5.055629999999999846e-01
5.840629999999999988e-01 3.432700000000000196e-01 3.336580000000000101e-01 7.904700000000000060e-01 4.322529999999999983e-01
4.891750000000000265e-01 5.711429999999999563e-01 2.061880000000000102e-01 3.988419999999999743e-01 3.391319999999999890e-01
3.122190000000000243e-01 4.687649999999999872e-01 5.380759999999999987e-01 4.429259999999999864e-01 2.615879999999999872e-01
3.271720000000000184e-01 7.803689999999999793e-01 6.686069999999999514e-01 2.712919999999999776e-01 6.097660000000000302e-01
5.426109999999999545e-01 6.567359999999999864e-01 7.655490000000000350e-01 5.825320000000000498e-01 6.208110000000000017e-01
2.465430000000000121e-01 6.462379999999999791e-01 3.268550000000000066e-01 4.551830000000000043e-01 2.529489999999999794e-01
4.307000000000000273e-01 7.792999999999999927e-01 6.997250000000000414e-01 2.704449999999999910e-01 3.707199999999999940e-01
1.996999999999999886e-01 3.595249999999999835e-01 5.449230000000000462e-01 5.128669999999999618e-01 7.615260000000000362e-01
6.175000000000000488e-01 3.191189999999999860e-01 4.302159999999999873e-01 6.390000000000000124e-01 6.678230000000000555e-01
6.710639999999999938e-01 5.729290000000000216e-01 2.184039999999999870e-01 7.211509999999999865e-01 3.820509999999999740e-01
6.635469999999999979e-01 2.349420000000000119e-01 6.618349999999999511e-01 4.690590000000000037e-01 4.692129999999999912e-01
5.597900000000000098e-01 3.848030000000000062e-01 3.843900000000000095e-01 4.473550000000000026e-01 6.926919999999999744e-01
4.805369999999999919e-01 3.786030000000000229e-01 1.749769999999999937e-01 8.314179999999999904e-01 6.415760000000000352e-01
5.721730000000000427e-01 5.147429999999999506e-01 2.934280000000000221e-01 6.459329999999999794e-01 2.012879999999999947e-01
6.334379999999999455e-01 1.902560000000000084e-01 6.313180000000000458e-01 5.668069999999999498e-01 3.187340000000000173e-01
2.892000000000000126e-01 5.916339999999999932e-01 5.895470000000000432e-01 5.082299999999999596e-01 8.182300000000000129e-01
1.264570000000000138e-01 3.620360000000000245e-01 7.314559999999999951e-01 5.730600000000000138e-01 4.189919999999999756e-01
4.881550000000000056e-01 4.193259999999999765e-01 6.188850000000000184e-01 5.998280000000000278e-01 3.117159999999999931e-01
8.810869999999999536e-01 4.276510000000000034e-01 5.285560000000000258e-01 4.402030000000000109e-01 4.862110000000000043e-01
7.413229999999999542e-01 4.213299999999999823e-01 2.944840000000000235e-01 3.930870000000000197e-01 6.050590000000000135e-01
8.768719999999999848e-01 5.839509999999999978e-01 4.671560000000000157e-01 4.896980000000000222e-01 3.494499999999999829e-01
5.411589999999999456e-01 2.529190000000000049e-01 8.168370000000000353e-01 5.803139999999999965e-01 3.360040000000000249e-01
7.626870000000000038e-01 4.746540000000000203e-01 5.170249999999999568e-01 6.450559999999999627e-01 4.530109999999999970e-01
5.585609999999999742e-01 7.370489999999999542e-01 5.771150000000000446e-01 5.737860000000000182e-01 6.137970000000000370e-01
6.089970000000000105e-01 4.199229999999999907e-01 6.539890000000000425e-01 5.879280000000000062e-01 3.011249999999999760e-01
5.795479999999999521e-01 4.665730000000000155e-01 6.883829999999999671e-01 6.581569999999999920e-01 6.513539999999999885e-01
3.547109999999999985e-01 6.207730000000000192e-01 3.334230000000000249e-01 8.443760000000000154e-01 4.217819999999999903e-01
6.411219999999999697e-01 3.386379999999999946e-01 4.868450000000000277e-01 4.008619999999999961e-01 2.833939999999999793e-01
3.284520000000000217e-01 2.950900000000000190e-01 5.743629999999999569e-01 3.244279999999999942e-01 6.570240000000000524e-01
4.101380000000000026e-01 1.966050000000000020e-01 3.450679999999999858e-01 5.649579999999999602e-01 2.500820000000000265e-01
6.286380000000000301e-01 5.127939999999999721e-01 5.229559999999999764e-01 3.294110000000000094e-01 4.190619999999999901e-01
3.575169999999999737e-01 7.825680000000000414e-01 6.232269999999999754e-01 5.831870000000000109e-01 6.205540000000000500e-01
5.064070000000000515e-01 1.882070000000000132e-01 2.023840000000000083e-01 4.722129999999999939e-01 4.794970000000000065e-01
6.727220000000000422e-01 4.372770000000000268e-01 3.101349999999999940e-01 4.394469999999999765e-01 7.851399999999999491e-01
4.871019999999999794e-01 7.218630000000000324e-01 3.485309999999999797e-01 7.533560000000000256e-01 6.557530000000000303e-01
4.555930000000000257e-01 1.565739999999999910e-01 5.402310000000000167e-01 6.651010000000000533e-01 3.465030000000000054e-01
6.871239999999999570e-01 4.981439999999999757e-01 3.012319999999999998e-01 7.993999999999999995e-01 5.119850000000000234e-01
4.213250000000000051e-01 2.080259999999999887e-01 2.951409999999999867e-01 4.330649999999999777e-01 5.190050000000000496e-01
4.913699999999999735e-01 4.543170000000000264e-01 7.096139999999999670e-01 4.886440000000000228e-01 6.428449999999999998e-01
3.941439999999999944e-01 3.740319999999999756e-01 3.581369999999999831e-01 2.093430000000000013e-01 4.199350000000000027e-01
6.224579999999999558e-01 6.474579999999999780e-01 8.343380000000000241e-01 7.106810000000000072e-01 4.123290000000000011e-01
4.506809999999999983e-01 5.978010000000000268e-01 2.468180000000000096e-01 2.647510000000000141e-01 6.694700000000000095e-01
2.337299999999999933e-01 3.079999999999999960e-01 5.634169999999999456e-01 3.535190000000000277e-01 5.892979999999999885e-01
5.805740000000000345e-01 7.151549999999999851e-01 6.088989999999999680e-01 7.613750000000000240e-01 4.290010000000000212e-01
4.917889999999999762e-01 5.050459999999999949e-01 3.137260000000000049e-01 7.897779999999999800e-01 7.947940000000000005e-01
4.958890000000000242e-01 4.015059999999999740e-01 1.157470000000000027e-01 3.580940000000000234e-01 4.854820000000000246e-01
7.753079999999999972e-01 6.059039999999999981e-01 4.356289999999999885e-01 6.206599999999999895e-01 4.280550000000000188e-01
5.628269999999999662e-01 4.304259999999999753e-01 1.700230000000000075e-01 5.716999999999999860e-01 5.607809999999999739e-01
5.482489999999999863e-01 4.287929999999999797e-01 7.234939999999999705e-01 7.563269999999999715e-01 5.882150000000000434e-01
7.922590000000000465e-01 4.961780000000000079e-01 2.639119999999999799e-01 5.704529999999999879e-01 6.106939999999999591e-01
3.735800000000000232e-01 7.546709999999999807e-01 7.489430000000000254e-01 4.929209999999999980e-01 5.234290000000000331e-01
2.688869999999999871e-01 1.913189999999999891e-01 5.027230000000000310e-01 2.645020000000000149e-01 4.934910000000000130e-01
4.552640000000000020e-01 6.241060000000000496e-01 3.462549999999999795e-01 5.072360000000000202e-01 1.095970000000000000e-01
2.845440000000000191e-01 3.314940000000000109e-01 4.262710000000000110e-01 3.310960000000000014e-01 7.261549999999999949e-01
4.883549999999999836e-01 7.878509999999999680e-01 4.036660000000000248e-01 4.197380000000000000e-01 5.390470000000000539e-01
3.798560000000000270e-01 2.314160000000000106e-01 4.104519999999999835e-01 4.694650000000000212e-01 2.990740000000000065e-01
5.386809999999999654e-01 6.034629999999999717e-01 4.058180000000000121e-01 5.824789999999999690e-01 7.259989999999999499e-01
5.630030000000000312e-01 3.986549999999999816e-01 1.915540000000000020e-01 4.461959999999999815e-01 2.098140000000000005e-01
5.531260000000000066e-01 3.948749999999999760e-01 6.602109999999999923e-01 1.656269999999999964e-01 6.907579999999999831e-01
5.505940000000000278e-01 8.292169999999999819e-01 6.464849999999999763e-01 4.751440000000000108e-01 7.444100000000000161e-01
2.210070000000000090e-01 4.670489999999999919e-01 6.888419999999999543e-01 3.728600000000000247e-01 6.583360000000000323e-01
7.795969999999999844e-01 6.820619999999999461e-01 4.102169999999999983e-01 5.192769999999999886e-01 4.943400000000000016e-01
3.981879999999999864e-01 3.461119999999999752e-01 1.004629999999999967e-01 4.774490000000000123e-01 4.848910000000000164e-01
3.088980000000000059e-01 6.507709999999999884e-01 5.084520000000000151e-01 5.496079999999999854e-01 2.574040000000000217e-01
5.689490000000000380e-01 3.301120000000000165e-01 2.001890000000000058e-01 5.833570000000000144e-01 4.796369999999999800e-01
6.359380000000000033e-01 2.111830000000000096e-01 3.519140000000000046e-01 6.156540000000000346e-01 2.985999999999999766e-01
7.802400000000000446e-01 4.975169999999999870e-01 7.680970000000000297e-01 4.041520000000000112e-01 5.778990000000000515e-01
8.246759999999999646e-01 3.372169999999999890e-01 6.047810000000000130e-01 5.503339999999999899e-01 4.655850000000000266e-01
6.658119999999999594e-01 3.019870000000000054e-01 4.918609999999999927e-01 7.091330000000000133e-01 4.024320000000000119e-01
5.105180000000000273e-01 2.793249999999999900e-01 6.122720000000000384e-01 4.561029999999999807e-01 7.162659999999999583e-01
3.670760000000000134e-01 4.496490000000000209e-01 2.468269999999999909e-01 4.174200000000000133e-01 5.771030000000000326e-01
3.721470000000000056e-01 6.742240000000000455e-01 6.785619999999999985e-01 5.914049999999999585e-01 7.447719999999999896e-01
5.507060000000000288e-01 7.187210000000000543e-01 5.516010000000000080e-01 7.568709999999999605e-01 7.284599999999999964e-01
6.414109999999999534e-01 1.914490000000000081e-01 6.762230000000000185e-01 2.813370000000000037e-01 4.255450000000000066e-01
6.010490000000000554e-01 8.279640000000000333e-01 5.884880000000000111e-01 7.200900000000000079e-01 5.510620000000000518e-01
7.327139999999999764e-01 7.160980000000000123e-01 4.636520000000000086e-01 5.910490000000000466e-01 7.579679999999999751e-01
5.467159999999999798e-01 6.560660000000000380e-01 5.002569999999999517e-01 8.272030000000000216e-01 8.088330000000000242e-01
2.358879999999999866e-01 5.659800000000000386e-01 4.337139999999999884e-01 4.233680000000000221e-01 5.445229999999999793e-01
5.137429999999999497e-01 4.769789999999999863e-01 5.843899999999999650e-01 8.459349999999999925e-01 6.317369999999999930e-01
5.193229999999999791e-01 2.637269999999999892e-01 4.609590000000000076e-01 3.320870000000000211e-01 3.821320000000000272e-01
4.990899999999999781e-01 2.116770000000000040e-01 6.519740000000000535e-01 7.284249999999999892e-01 6.329209999999999559e-01
4.981650000000000245e-01 6.526899999999999924e-01 7.668519999999999781e-01 4.801889999999999770e-01 5.390040000000000386e-01
2.404040000000000066e-01 4.769100000000000006e-01 4.252739999999999854e-01 5.733599999999999808e-01 4.610989999999999811e-01
3.169859999999999900e-01 5.906879999999999908e-01 6.996219999999999661e-01 5.477360000000000007e-01 7.989450000000000163e-01
3.600499999999999812e-01 3.641759999999999997e-01 7.109659999999999869e-01 1.973159999999999914e-01 2.958720000000000239e-01
7.151499999999999524e-01 5.322320000000000384e-01 2.172020000000000062e-01 5.192649999999999766e-01 2.825659999999999838e-01
7.550029999999999797e-01 3.322129999999999805e-01 4.986800000000000122e-01 3.154399999999999982e-01 6.038010000000000321e-01
2.867999999999999994e-01 2.554029999999999911e-01 5.616889999999999938e-01 3.054330000000000100e-01 4.071110000000000007e-01
3.654810000000000003e-01 6.452809999999999935e-01 2.385089999999999988e-01 6.171459999999999724e-01 3.719310000000000116e-01
6.484469999999999956e-01 4.406249999999999889e-01 5.879990000000000494e-01 4.979649999999999910e-01 2.915860000000000118e-01
7.593569999999999487e-01 5.076929999999999499e-01 7.971420000000000172e-01 5.600349999999999495e-01 5.022170000000000245e-01
5.102179999999999493e-01 2.311840000000000006e-01 5.027770000000000294e-01 1.779959999999999876e-01 5.841229999999999478e-01
5.725299999999999834e-01 5.093199999999999950e-01 1.361050000000000038e-01 5.200470000000000370e-01 4.352340000000000098e-01
6.346380000000000354e-01 3.598109999999999919e-01 3.482000000000000095e-01 1.995840000000000114e-01 4.159169999999999812e-01
3.179299999999999904e-01 4.426939999999999764e-01 3.595320000000000182e-01 6.592339999999999867e-01 7.538010000000000543e-01
7.904759999999999565e-01 5.244400000000000173e-01 2.550439999999999929e-01 5.182600000000000540e-01 4.038820000000000188e-01
5.056580000000000519e-01 5.963460000000000427e-01 7.919650000000000301e-01 5.581230000000000357e-01 3.649450000000000194e-01
4.059459999999999735e-01 7.369689999999999852e-01 2.375460000000000071e-01 4.344290000000000096e-01 4.512450000000000072e-01
7.360299999999999621e-01 4.486519999999999953e-01 4.952429999999999888e-01 5.410650000000000182e-01 6.786609999999999587e-01
7.124819999999999487e-01 6.821270000000000389e-01 5.069580000000000197e-01 4.356809999999999850e-01 4.905610000000000248e-01
3.594229999999999925e-01 8.289830000000000254e-01 7.212790000000000035e-01 5.390300000000000091e-01 4.735380000000000145e-01
6.726429999999999909e-01 1.055180000000000007e-01 4.454910000000000259e-01 3.710060000000000024e-01 5.027420000000000222e-01
6.597060000000000146e-01 6.806299999999999573e-01 3.400540000000000229e-01 2.895490000000000008e-01 4.582180000000000142e-01
5.125629999999999908e-01 6.409359999999999502e-01 2.188120000000000065e-01 5.783570000000000100e-01 4.512749999999999817e-01
6.761639999999999873e-01 2.806179999999999786e-01 3.462640000000000162e-01 6.560700000000000420e-01 5.637140000000000484e-01
3.355899999999999994e-01 2.567860000000000142e-01 7.957140000000000324e-01 5.640260000000000273e-01 5.930320000000000036e-01
8.012529999999999930e-01 6.567239999999999744e-01 5.670100000000000140e-01 7.319229999999999903e-01 4.249979999999999869e-01
3.828570000000000029e-01 6.829079999999999595e-01 6.364349999999999730e-01 5.713810000000000278e-01 2.010480000000000045e-01
3.629279999999999728e-01 7.311459999999999626e-01 3.732280000000000042e-01 8.440870000000000317e-01 5.698090000000000099e-01
3.397160000000000180e-01 6.041619999999999768e-01 1.473990000000000022e-01 3.329810000000000270e-01 4.110699999999999910e-01
2.044130000000000114e-01 5.695590000000000375e-01 5.810830000000000162e-01 2.635620000000000185e-01 6.787630000000000052e-01
5.533820000000000405e-01 6.908710000000000129e-01 4.621140000000000247e-01 7.498489999999999878e-01 7.106230000000000047e-01
4.847020000000000217e-01 3.862510000000000110e-01 7.121579999999999577e-01 2.433790000000000120e-01 4.779939999999999745e-01
5.218439999999999745e-01 6.315030000000000365e-01 6.732489999999999863e-01 2.976030000000000064e-01 8.185449999999999671e-01
5.148089999999999611e-01 4.012740000000000196e-01 2.144580000000000097e-01 4.014599999999999835e-01 3.444740000000000024e-01
6.210809999999999942e-01 5.120609999999999884e-01 2.149500000000000022e-01 6.630310000000000370e-01 5.544019999999999504e-01
6.098489999999999744e-01 7.241469999999999851e-01 7.432269999999999710e-01 4.128820000000000268e-01 3.126410000000000022e-01
5.556210000000000315e-01 3.206169999999999853e-01 6.182269999999999710e-01 5.425459999999999727e-01 5.677200000000000024e-01
4.454549999999999899e-01 7.695109999999999451e-01 1.660339999999999872e-01 5.341510000000000424e-01 4.826619999999999799e-01
5.749090000000000034e-01 4.947099999999999831e-01 5.879959999999999631e-01 4.474609999999999976e-01 4.782390000000000252e-01
3.955799999999999872e-01 5.055229999999999446e-01 3.179730000000000056e-01 1.687700000000000033e-01 5.147519999999999873e-01
4.317900000000000071e-01 1.024899999999999978e-01 5.477790000000000159e-01 5.180320000000000480e-01 5.633810000000000207e-01
4.181710000000000149e-01 2.014360000000000039e-01 5.328490000000000171e-01 5.947959999999999914e-01 7.325110000000000232e-01
8.028499999999999526e-01 4.995899999999999785e-01 6.097080000000000277e-01 3.547770000000000090e-01 7.301689999999999570e-01
2.753349999999999964e-01 5.559950000000000170e-01 6.080560000000000409e-01 6.049369999999999470e-01 1.678159999999999930e-01
4.251699999999999924e-01 8.405080000000000329e-01 4.163499999999999979e-01 5.985319999999999530e-01 5.275180000000000424e-01
3.356109999999999927e-01 6.061549999999999994e-01 6.425769999999999538e-01 7.856090000000000018e-01 7.349210000000000464e-01
4.373330000000000273e-01 2.533219999999999916e-01 5.844470000000000498e-01 8.049389999999999601e-01 6.146070000000000144e-01
4.188529999999999753e-01 6.564619999999999900e-01 1.587760000000000005e-01 5.465999999999999748e-01 7.048499999999999766e-01
4.196819999999999995e-01 5.975110000000000143e-01 3.684930000000000150e-01 2.621829999999999994e-01 5.156450000000000200e-01
5.636189999999999811e-01 7.406070000000000153e-01 3.817130000000000245e-01 4.534719999999999862e-01 5.017409999999999926e-01
3.671519999999999784e-01 7.245099999999999874e-01 8.317510000000000181e-01 2.351679999999999882e-01 4.730429999999999913e-01
5.902070000000000372e-01 6.097620000000000262e-01 2.768789999999999862e-01 5.123680000000000456e-01 3.654910000000000103e-01
7.177599999999999536e-01 3.972390000000000088e-01 3.975910000000000277e-01 3.165490000000000248e-01 2.411169999999999980e-01
4.936929999999999930e-01 4.966849999999999876e-01 7.787979999999999903e-01 2.639710000000000112e-01 5.555039999999999978e-01
6.722390000000000310e-01 3.170510000000000272e-01 6.726600000000000357e-01 4.042189999999999950e-01 7.167130000000000445e-01
5.526520000000000321e-01 4.202819999999999889e-01 6.778980000000000006e-01 4.342349999999999821e-01 1.839870000000000116e-01
5.775970000000000271e-01 6.695929999999999938e-01 8.533730000000000482e-01 6.407049999999999690e-01 3.334190000000000209e-01
7.370020000000000460e-01 7.993310000000000137e-01 3.483999999999999875e-01 5.568779999999999841e-01 4.439719999999999778e-01
4.928119999999999723e-01 6.834419999999999940e-01 6.033570000000000322e-01 6.244659999999999656e-01 3.980580000000000229e-01
2.430249999999999910e-01 5.188009999999999566e-01 4.912119999999999820e-01 8.065309999999999979e-01 3.712810000000000277e-01
7.259900000000000242e-01 7.101509999999999767e-01 5.038150000000000128e-01 6.263940000000000063e-01 7.959079999999999488e-01
3.274599999999999733e-01 6.211820000000000119e-01 2.105559999999999932e-01 8.088079999999999714e-01 6.412639999999999452e-01
6.893329999999999735e-01 6.186519999999999797e-01 6.880840000000000289e-01 6.205969999999999542e-01 3.809489999999999821e-01
6.084119999999999528e-01 5.807999999999999829e-01 5.036420000000000341e-01 7.113920000000000243e-01 3.628739999999999744e-01
1.328310000000000046e-01 4.960700000000000109e-01 4.403679999999999817e-01 2.658159999999999967e-01 5.706219999999999626e-01
3.110200000000000187e-01 3.099160000000000248e-01 7.648880000000000123e-01 4.782290000000000152e-01 5.977850000000000108e-01
2.014769999999999894e-01 2.192840000000000067e-01 5.111179999999999612e-01 3.641099999999999892e-01 6.022509999999999808e-01
5.140280000000000404e-01 2.662939999999999752e-01 6.076930000000000387e-01 5.004309999999999592e-01 7.453670000000000018e-01
3.831339999999999746e-01 3.276939999999999853e-01 5.514050000000000340e-01 4.623920000000000252e-01 4.226920000000000122e-01
2.185630000000000073e-01 3.871959999999999846e-01 5.980440000000000200e-01 3.303749999999999742e-01 6.049330000000000540e-01
3.705120000000000080e-01 2.023290000000000088e-01 5.492179999999999840e-01 7.019900000000000029e-01 3.525479999999999725e-01
4.342509999999999981e-01 4.593419999999999725e-01 1.555130000000000123e-01 6.996860000000000301e-01 6.209029999999999827e-01
5.865209999999999591e-01 6.663189999999999946e-01 8.296850000000000058e-01 5.127380000000000271e-01 5.798550000000000093e-01
6.313269999999999715e-01 7.109210000000000251e-01 4.555640000000000245e-01 6.704630000000000312e-01 4.651339999999999919e-01
4.877360000000000029e-01 3.722050000000000081e-01 6.536939999999999973e-01 6.327479999999999771e-01 5.974779999999999536e-01
4.629280000000000062e-01 4.262020000000000253e-01 1.808069999999999955e-01 8.282049999999999690e-01 6.405199999999999783e-01
7.429400000000000448e-01 5.872290000000000010e-01 5.593869999999999676e-01 6.256140000000000034e-01 6.944249999999999590e-01
2.373599999999999877e-01 3.168730000000000158e-01 6.887159999999999949e-01 2.548099999999999810e-01 5.867310000000000025e-01
1.259210000000000051e-01 3.607170000000000099e-01 5.697919999999999652e-01 4.906599999999999850e-01 5.187129999999999797e-01
5.032020000000000381e-01 3.079200000000000270e-01 2.191130000000000022e-01 6.338009999999999478e-01 2.855260000000000020e-01
5.603470000000000395e-01 7.578120000000000411e-01 5.386889999999999734e-01 7.377169999999999561e-01 8.050359999999999738e-01
6.194760000000000266e-01 5.359829999999999872e-01 2.675600000000000200e-01 8.819879999999999942e-01 5.653359999999999497e-01
4.613389999999999991e-01 7.316230000000000233e-01 3.845810000000000062e-01 6.593909999999999494e-01 3.793989999999999863e-01
4.840499999999999803e-01 4.301550000000000096e-01 6.202260000000000550e-01 1.308650000000000091e-01 4.515649999999999942e-01
7.030199999999999783e-01 6.651270000000000238e-01 7.844590000000000174e-01 4.051580000000000181e-01 4.932259999999999978e-01
3.303229999999999777e-01 7.448299999999999921e-01 3.629850000000000021e-01 6.861120000000000552e-01 4.825999999999999734e-01
4.154349999999999987e-01 2.091820000000000068e-01 7.239539999999999864e-01 4.929120000000000168e-01 3.748529999999999918e-01
4.028340000000000254e-01 4.269260000000000277e-01 3.383990000000000054e-01 4.698359999999999759e-01 5.264929999999999888e-01
5.434430000000000094e-01 6.395699999999999719e-01 2.555169999999999941e-01 4.749309999999999921e-01 1.646600000000000008e-01
5.348669999999999813e-01 5.077220000000000066e-01 2.776569999999999871e-01 5.856130000000000502e-01 4.021839999999999860e-01
2.804079999999999906e-01 8.121260000000000145e-01 4.001529999999999809e-01 3.795810000000000017e-01 6.128169999999999451e-01
4.938730000000000064e-01 5.254579999999999806e-01 3.766590000000000216e-01 5.012389999999999901e-01 3.219580000000000219e-01
7.545939999999999870e-01 4.630079999999999751e-01 7.820270000000000277e-01 5.241500000000000048e-01 3.830109999999999904e-01
2.720750000000000113e-01 7.567359999999999642e-01 4.577019999999999977e-01 5.895920000000000050e-01 2.753550000000000164e-01
8.099260000000000348e-01 4.242060000000000275e-01 6.272140000000000493e-01 5.775259999999999838e-01 4.785449999999999982e-01
4.209140000000000104e-01 2.975769999999999804e-01 3.743440000000000101e-01 6.017259999999999831e-01 2.120209999999999873e-01
4.297520000000000229e-01 8.428320000000000256e-01 4.840050000000000185e-01 6.663090000000000401e-01 6.636410000000000364e-01
6.442700000000000093e-01 2.514210000000000056e-01 6.372079999999999966e-01 5.537389999999999812e-01 6.894069999999999920e-01
3.319179999999999908e-01 5.408159999999999634e-01 4.943319999999999936e-01 2.330859999999999876e-01 4.734800000000000120e-01
6.266220000000000123e-01 6.287000000000000366e-01 5.630220000000000224e-01 7.102850000000000552e-01 7.632020000000000470e-01
6.639070000000000249e-01 2.874090000000000256e-01 4.895309999999999939e-01 5.557410000000000405e-01 3.381850000000000134e-01
1.908880000000000021e-01 2.591990000000000127e-01 3.585180000000000033e-01 6.108510000000000328e-01 5.699060000000000237e-01
5.912779999999999703e-01 6.114530000000000243e-01 6.841350000000000486e-01 2.489240000000000064e-01 6.693829999999999503e-01
1.840549999999999964e-01 4.048669999999999769e-01 5.931049999999999933e-01 3.148310000000000275e-01 3.715899999999999759e-01
7.335289999999999866e-01 4.240700000000000025e-01 3.464999999999999747e-01 6.245319999999999760e-01 5.091830000000000522e-01
4.858950000000000213e-01 4.445620000000000127e-01 7.509190000000000031e-01 7.021079999999999544e-01 3.222030000000000172e-01
3.800580000000000069e-01 6.286239999999999606e-01 2.812270000000000048e-01 5.828809999999999825e-01 4.791380000000000083e-01
2.351729999999999932e-01 5.484890000000000043e-01 4.500279999999999836e-01 6.282680000000000486e-01 3.045030000000000237e-01
3.242979999999999752e-01 4.846269999999999745e-01 1.317540000000000100e-01 3.885589999999999877e-01 5.106789999999999941e-01
2.735960000000000059e-01 3.311499999999999999e-01 6.449240000000000528e-01 2.354569999999999996e-01 3.190439999999999943e-01
7.631590000000000318e-01 4.189200000000000146e-01 7.904090000000000282e-01 4.058240000000000181e-01 6.905219999999999692e-01
4.132930000000000215e-01 2.218539999999999957e-01 6.934470000000000356e-01 7.663149999999999684e-01 4.584909999999999819e-01
6.529199999999999449e-01 6.286249999999999893e-01 3.025300000000000211e-01 6.287399999999999656e-01 2.368250000000000077e-01
4.101549999999999918e-01 4.670849999999999724e-01 2.910269999999999802e-01 2.848930000000000073e-01 1.986420000000000130e-01
8.225970000000000226e-01 3.882599999999999940e-01 4.818540000000000045e-01 5.154649999999999510e-01 4.141259999999999941e-01
5.799769999999999648e-01 6.764750000000000485e-01 5.080299999999999816e-01 4.603340000000000209e-01 8.296860000000000346e-01
4.142560000000000131e-01 3.962820000000000231e-01 3.156160000000000077e-01 5.502719999999999834e-01 4.228310000000000124e-01
6.706419999999999604e-01 4.729249999999999843e-01 4.523789999999999756e-01 1.289089999999999958e-01 5.688710000000000155e-01
5.352339999999999876e-01 6.774210000000000509e-01 4.098820000000000241e-01 8.844170000000000087e-01 3.914819999999999967e-01
8.007769999999999611e-01 6.583240000000000203e-01 4.467450000000000032e-01 4.491410000000000124e-01 7.045249999999999568e-01
5.184849999999999737e-01 1.784149999999999903e-01 6.151929999999999898e-01 5.435990000000000544e-01 2.734559999999999769e-01
5.284290000000000376e-01 3.100680000000000103e-01 3.202610000000000179e-01 6.183600000000000207e-01 7.803240000000000176e-01
6.977219999999999533e-01 6.181219999999999493e-01 7.708439999999999737e-01 5.693920000000000092e-01 7.665250000000000119e-01
4.866130000000000178e-01 4.987440000000000206e-01 3.837550000000000128e-01 7.749580000000000357e-01 7.140410000000000368e-01
5.032739999999999991e-01 5.196300000000000363e-01 4.256249999999999756e-01 4.722040000000000126e-01 3.335509999999999864e-01
5.048249999999999682e-01 5.968579999999999997e-01 3.895839999999999859e-01 7.375979999999999759e-01 8.136160000000000059e-01
4.459830000000000183e-01 6.361299999999999732e-01 4.308259999999999867e-01 8.933510000000000062e-01 5.555200000000000138e-01
5.763850000000000362e-01 3.045900000000000274e-01 2.433079999999999965e-01 2.762160000000000171e-01 3.664910000000000112e-01
5.313350000000000017e-01 1.447340000000000015e-01 5.492050000000000542e-01 4.835800000000000098e-01 5.274950000000000472e-01
2.868200000000000194e-01 5.790239999999999831e-01 6.492289999999999450e-01 5.855050000000000532e-01 5.900659999999999794e-01
4.190260000000000096e-01 5.699689999999999479e-01 4.680920000000000081e-01 2.286829999999999974e-01 4.721609999999999974e-01
4.244310000000000027e-01 4.125860000000000083e-01 3.279790000000000205e-01 3.491259999999999919e-01 7.572799999999999532e-01
