5
767
0.803025 0.435668 0.274005 0.202609 0.24446 
0.143348 0.257476 0.396874 0.263533 0.207412 
0.505301 0.597426 0.945816 0.323055 0.580176 
0.680103 0.487828 0.92275 0.657205 0.647971 
0.626115 0.112006 0.484276 0.220646 0.396392 
0.660411 0.523124 0.138796 0.749645 0.281288 
0.835084 0.263747 0.789932 0.391474 0.496246 
0.7995719999999999 0.408681 0.703677 0.707101 0.240541 
0.774873 0.287553 0.896852 0.395534 0.7348440000000001 
0.407344 0.230743 0.10379 0.405388 0.357363 
0.5159319999999999 0.272466 0.338438 0.133707 0.219372 
0.210844 0.6531670000000001 0.769831 0.55006 0.8509 
0.648935 0.652741 0.610644 0.09528 0.371211 
0.445959 0.240961 0.824827 0.8694229999999999 0.393059 
0.533976 0.533498 0.501452 0.900236 0.270174 
0.160855 0.494477 0.675563 0.181017 0.355252 
0.176868 0.621543 0.271679 0.117298 0.427433 
0.811311 0.695696 0.557199 0.846124 0.803616 
0.862955 0.685048 0.604558 0.808156 0.672185 
0.840148 0.368015 0.222788 0.400446 0.294087 
0.729202 0.694959 0.174247 0.5738839999999999 0.262391 
0.77735 0.92631 0.495715 0.480893 0.370119 
0.894369 0.65328 0.680271 0.318759 0.376864 
0.576023 0.211135 0.552215 0.084462 0.546778 
0.760913 0.673163 0.849662 0.275437 0.262519 
0.573532 0.348731 0.129519 0.821415 0.525334 
0.388913 0.468605 0.840913 0.232687 0.777426 
0.595664 0.328252 0.925251 0.691234 0.562824 
0.364614 0.069866 0.233374 0.312172 0.674694 
0.408803 0.7554149999999999 0.259027 0.464992 0.117507 
0.179042 0.151865 0.393928 0.7411489999999999 0.489948 
0.716888 0.737659 0.835083 0.23194 0.220361 
0.07493 0.353208 0.373689 0.5826519999999999 0.635507 
0.6598270000000001 0.717113 0.524831 0.8392269999999999 0.891745 
0.720996 0.774962 0.791139 0.673635 0.778823 
0.227856 0.583917 0.889359 0.449412 0.275328 
0.790748 0.108735 0.514448 0.335736 0.718656 
0.294714 0.259728 0.243905 0.303259 0.870669 
0.292998 0.422868 0.135081 0.312021 0.143537 
0.473034 0.286097 0.432671 0.895862 0.748776 
0.317209 0.332186 0.049235 0.494881 0.456963 
0.806737 0.827366 0.5480159999999999 0.497068 0.216402 
0.409165 0.8432500000000001 0.505988 0.132125 0.626426 
0.337039 0.610858 0.690244 0.938817 0.697601 
0.320031 0.759827 0.414627 0.635276 0.083416 
0.421479 0.790274 0.136036 0.36428 0.460832 
0.531599 0.579711 0.19915 0.107113 0.256402 
0.547776 0.476482 0.229264 0.233287 0.858369 
0.451172 0.848782 0.486119 0.198096 0.405651 
0.5424639999999999 0.196094 0.758806 0.246813 0.184734 
0.64653 0.225035 0.169119 0.377477 0.257351 
0.119977 0.453411 0.48677 0.151523 0.643198 
0.166054 0.868306 0.6200639999999999 0.421767 0.6462 
0.378401 0.783349 0.747086 0.274755 0.8064210000000001 
0.535779 0.83756 0.86788 0.46562 0.678888 
0.458656 0.625408 0.231757 0.147243 0.720476 
0.267201 0.850807 0.520424 0.762799 0.357726 
0.298079 0.819208 0.426653 0.756013 0.305651 
0.542567 0.91889 0.777496 0.379572 0.462324 
0.406654 0.629771 0.56119 0.925536 0.477364 
0.773828 0.735276 0.784006 0.783394 0.497478 
0.40806 0.256993 0.27826 0.722843 0.826881 
0.245604 0.8673 0.703735 0.674972 0.255725 
0.810345 0.462976 0.241585 0.313727 0.813093 
0.831572 0.227322 0.607228 0.677114 0.256961 
0.753628 0.232152 0.772406 0.82582 0.55122 
0.202429 0.222182 0.219584 0.546221 0.33165 
0.8363350000000001 0.281289 0.626159 0.860911 0.335223 
0.253596 0.187699 0.648867 0.508173 0.8668169999999999 
0.328786 0.9117459999999999 0.7203270000000001 0.528744 0.5934 
0.66457 0.431564 0.302975 0.108542 0.268634 
0.344831 0.571764 0.645203 0.92065 0.363614 
0.258543 0.329082 0.878305 0.679918 0.376971 
0.92941 0.591386 0.428485 0.549332 0.625368 
0.249042 0.652984 0.700979 0.347186 0.158777 
0.074651 0.660643 0.420522 0.721149 0.354808 
0.249934 0.634016 0.91506 0.409194 0.316401 
0.819562 0.38414 0.241112 0.366143 0.767687 
0.715983 0.527768  0.193 0.759101 0.215579 
0.166556 0.298409 0.364723 0.894122 0.50795 
0.370407 0.427935 0.30189 0.8633420000000001 0.194639 
0.866997 0.610835 0.300867 0.670781 0.821611 
0.656402 0.151256 0.160981 0.609303 0.553599 
0.721777 0.912987 0.5661040000000001 0.505134 0.792831 
0.633799 0.252068 0.515133 0.846244 0.815963 
0.607208 0.34897 0.14058 0.727065 0.786591 
0.371239 0.421734 0.07629900000000001 0.358797 0.307322 
0.630233 0.319666 0.623367 0.923389 0.392276 
0.903285 0.50993 0.393251 0.366734 0.7032389999999999 
0.549536 0.058162 0.526309 0.671827 0.401256 
0.367778 0.240168 0.503118 0.902571 0.504647 
0.8874570000000001 0.492562 0.495724 0.626753 0.839876 
0.582639 0.406711 0.585512 0.6928029999999999 0.936271 
0.449917 0.758243 0.796942 0.197819 0.736893 
0.622602 0.07048699999999999 0.670471 0.607222 0.5758720000000001 
0.247112 0.209545 0.822472 0.288954 0.443251 
0.114642 0.782934 0.778338 0.5289740000000001 0.471037 
0.721265 0.293728 0.684644 0.807748 0.816043 
0.528598 0.140733 0.302089 0.218108 0.735988 
0.626618 0.571043 0.524137 0.165877 0.88768 
0.485917 0.812808 0.866927 0.443728 0.72821 
0.865128 0.203576 0.499359 0.7347860000000001 0.548951 
0.8481919999999999 0.557642 0.280822 0.783151 0.42343 
0.8966190000000001 0.478412 0.677265 0.798324 0.434505 
0.289208 0.722804 0.162876 0.45343 0.794441 
0.823456 0.8298680000000001 0.585425 0.236245 0.570058 
0.74818 0.654897 0.854959 0.300598 0.154168 
0.248685 0.641683 0.7620479999999999 0.744499 0.789499 
0.722056 0.599424 0.525182 0.72767 0.950477 
0.413023 0.6765330000000001 0.492227 0.863344 0.221374 
0.556922 0.183353 0.614809 0.097543 0.410395 
0.38556 0.1111 0.253864 0.686483 0.726399 
0.609824 0.310234 0.104225 0.714207 0.683114 
0.094736 0.22613 0.569609 0.424265 0.6187049999999999 
0.891559 0.428428 0.590508 0.667867 0.833978 
0.350651 0.39029 0.607946 0.755346 0.10542 
0.36926 0.14938 0.636037 0.874075 0.5803739999999999 
0.671876 0.218947 0.848122 0.382903 0.458822 
0.644323 0.130463 0.698497 0.632317 0.354924 
0.272282 0.238312 0.305833 0.128381 0.703841 
0.460904 0.41223 0.351279 0.938757 0.685721 
0.574337 0.87888 0.342283 0.746373 0.286902 
0.394426 0.112085 0.808928 0.6489780000000001 0.375201 
0.359691 0.333309 0.927565 0.581323 0.301264 
0.2295 0.210249 0.653876 0.69865 0.210605 
0.637699 0.808406 0.883006 0.686364 0.720649 
0.262261 0.8174670000000001 0.170151 0.722527 0.512643 
0.575444 0.491372 0.484676 0.944695 0.481689 
0.884725 0.569502 0.612413 0.831523 0.408035 
0.333758 0.464382 0.865919 0.493353 0.792036 
0.583019 0.8033670000000001 0.182055 0.790345 0.320745 
0.495002 0.493494 0.149229 0.09374300000000001 0.533588 
0.204646 0.483033 0.342053 0.882056 0.7147790000000001 
0.82908 0.348835 0.874376 0.645131 0.709496 
0.335839 0.451845 0.154763 0.106408 0.402145 
0.267305 0.587948 0.64788 0.920113 0.341008 
0.522018 0.552187 0.6027169999999999 0.869767 0.168027 
0.171029 0.492678 0.441022 0.264761 0.831945 
0.113131 0.39708 0.731046 0.682138 0.684976 
0.504808 0.304167 0.139383 0.6097590000000001 0.215982 
0.337958 0.06815599999999999 0.504885 0.607101 0.550353 
0.573009 0.562693 0.177793 0.174613 0.714234 
0.299671 0.569863 0.6911310000000001 0.83696 0.794967 
0.651901 0.496014 0.50896 0.085187 0.736833 
0.179107 0.248457 0.811113 0.380868 0.253182 
0.117062 0.464652 0.410316 0.173114 0.533579 
0.74827 0.165864 0.671876 0.219707 0.607287 
0.453505 0.062391 0.6021069999999999 0.617873 0.583196 
0.186042 0.813688 0.657779 0.289557 0.580888 
0.354413 0.61156 0.492887 0.947142 0.615395 
0.7210490000000001 0.673085 0.541555 0.9179890000000001 0.633362 
0.456313 0.249919 0.388159 0.786983 0.8236019999999999 
0.281157 0.404511 0.623604 0.919228 0.456928 
0.354166 0.468562 0.123204 0.691364 0.74696 
0.390818 0.47725 0.1376 0.637245 0.184873 
0.053411 0.670944 0.555808 0.458115 0.53904 
0.048343 0.499236 0.6618309999999999 0.398081 0.5530119999999999 
0.477821 0.742081 0.153166 0.258244 0.308364 
0.826052 0.450606 0.339908 0.8358179999999999 0.599341 
0.130616 0.256232 0.49686 0.730271 0.663097 
0.640118 0.471372 0.350443 0.900152 0.857475 
0.726619 0.284116 0.131704 0.553446 0.770996 
0.603461 0.376328 0.948093 0.605145 0.674006 
0.517245 0.338993 0.447486 0.895689 0.852831 
0.503099 0.579803 0.754727 0.689423 0.125847 
0.561591 0.660572 0.241715 0.499499 0.081179 
0.52815 0.6216739999999999 0.476736 0.494494 0.960145 
0.542766 0.271628 0.250559 0.143547 0.5923389999999999 
0.5093 0.796816 0.09385599999999999 0.433306 0.576257 
0.898756 0.386843 0.67533 0.267668 0.698887 
0.194391 0.134158 0.785115 0.431808 0.398319 
0.7148060000000001 0.73812 0.583431 0.719873 0.913099 
0.319618 0.814449 0.440682 0.537384 0.820893 
0.607563 0.305956 0.207261 0.428817 0.123953 
0.680623 0.22755 0.433845 0.631711 0.16759 
0.739783 0.5400199999999999 0.115975 0.195723 0.513746 
0.338698 0.495453 0.070233 0.408082 0.6285809999999999 
0.451348 0.810633 0.304353 0.254254 0.254826 
0.715504 0.47099 0.932374 0.416221 0.423772 
0.353437 0.221147 0.822379 0.723108 0.283364 
0.529988 0.513661 0.093347 0.887287 0.6254189999999999 
0.08737300000000001 0.47518 0.355062 0.533846 0.341575 
0.844664 0.273254 0.586376 0.225369 0.772016 
0.649533 0.69841 0.174758 0.151874 0.545094 
0.632163 0.771307 0.353475 0.855999 0.77314 
0.657141 0.5692390000000001 0.196361 0.23995 0.83817 
0.539112 0.848591 0.277049 0.364211 0.288575 
0.553075 0.535265 0.20725 0.255064 0.853519 
0.190251 0.54688 0.40561 0.09291199999999999 0.577786 
0.284099 0.847732 0.836341 0.387485 0.462407 
0.938687 0.5180900000000001 0.534571 0.529149 0.407561 
0.79353 0.854692 0.806955 0.496963 0.459969 
0.481612 0.451528 0.839179 0.087617 0.578968 
0.873538 0.548298 0.240106 0.456764 0.826447 
0.31866 0.712711 0.54149 0.8156600000000001 0.798978 
0.419565 0.631621 0.654565 0.272512 0.106307 
0.184184 0.587273 0.299942 0.125741 0.336827 
0.536699 0.298286 0.296072 0.089036 0.420398 
0.59724 0.820332 0.312746 0.327941 0.710431 
0.926426 0.436271 0.407001 0.465362 0.345239 
0.7973749999999999 0.475982 0.829128 0.14682 0.598793 
0.275411 0.8297909999999999 0.303841 0.660361 0.687338 
0.796143 0.771197 0.5059900000000001 0.177268 0.336388 
0.153951 0.459584 0.224035 0.355777 0.536436 
0.370777 0.657083 0.595153 0.740173 0.090339 
0.722469 0.539559 0.368809 0.5699959999999999 0.917412 
0.657315 0.495323 0.886903 0.179786 0.656243 
0.092431 0.486541 0.302835 0.752038 0.5037 
0.612062 0.928938 0.660519 0.347795 0.384875 
0.606432 0.301786 0.124722 0.20654 0.324664 
0.468056 0.614344 0.281943 0.618248 0.895132 
0.622984 0.496515 0.928333 0.491538 0.274291 
0.568668 0.602171 0.696221 0.385798 0.100341 
0.172637 0.517389 0.764228 0.377276 0.872931 
0.525643 0.485019 0.706867 0.309747 0.920778 
0.722886 0.546946 0.5166500000000001 0.328855 0.064931 
0.68083 0.716452 0.401346 0.417082 0.8925999999999999 
0.611003 0.130045 0.660431 0.856347 0.623202 
0.503979 0.380188 0.813582 0.869383 0.721126 
0.330317 0.6421249999999999 0.192591 0.8774690000000001 0.616918 
0.617163 0.664395 0.484451 0.170397 0.857206 
0.668395 0.717009 0.775583 0.222813 0.812997 
0.8017069999999999 0.291332 0.416268 0.212513 0.711389 
0.512801 0.653148 0.460517 0.913597 0.817356 
0.528365 0.225193 0.815144 0.119808 0.616337 
0.713607 0.585243 0.173575 0.282037 0.199347 
0.392611 0.615267 0.798315 0.280114 0.8723880000000001 
0.366108 0.183753 0.342528 0.874063 0.368671 
0.208034 0.421161 0.454529 0.275903 0.101794 
0.489712 0.588271 0.074184 0.803993 0.712677 
0.576375 0.130524 0.711362 0.858245 0.528907 
0.252675 0.712634 0.243447 0.615808 0.878265 
0.360437 0.8693920000000001 0.8681680000000001 0.296282 0.616325 
0.8627 0.405143 0.244348 0.748476 0.636992 
0.441832 0.870935 0.802783 0.378666 0.241539 
0.377185 0.341013 0.412136 0.774077 0.917539 
0.202988 0.617848 0.175779 0.31399 0.236126 
0.43748 0.729037 0.932971 0.436509 0.410838 
0.564129 0.311827 0.88423 0.245391 0.28402 
0.692314 0.720486 0.200306 0.543534 0.170979 
0.151505 0.350061 0.473482 0.813515 0.740382 
0.625775 0.39669 0.172955 0.855639 0.716453 
0.433465 0.248164 0.896842 0.22524 0.604112 
0.70094 0.697277 0.129312 0.339041 0.260348 
0.263153 0.808447 0.568761 0.158899 0.614585 
0.255721 0.898279 0.371647 0.274972 0.455865 
0.6080989999999999 0.313192 0.811492 0.748841 0.763732 
0.770072 0.599885 0.263215 0.8487980000000001 0.755401 
0.667465 0.091945 0.316916 0.398842 0.336017 
0.234201 0.219521 0.482695 0.661619 0.834657 
0.339274 0.175356 0.215818 0.249943 0.788548 
0.18577 0.240248 0.841286 0.496663 0.413847 
0.681494 0.872057 0.654574 0.420469 0.828192 
0.629116 0.550256 0.148321 0.838357 0.262344 
0.207751 0.674374 0.207567 0.580728 0.292981 
0.454009 0.522602 0.372637 0.903901 0.872004 
0.817885 0.193417 0.76054 0.394701 0.736796 
0.329471 0.412338 0.159256 0.614734 0.826807 
0.46164 0.778747 0.394164 0.708805 0.887025 
0.4666 0.140528 0.859254 0.482028 0.443544 
0.292568 0.189275 0.15055 0.292535 0.631255 
0.434033 0.784783 0.848601 0.444862 0.797464 
0.315313 0.471209 0.607536 0.851542 0.860205 
0.725374 0.354635 0.358669 0.155094 0.663303 
0.8342619999999999 0.447528 0.607936 0.580779 0.155056 
0.480447 0.8681680000000001 0.302629 0.293472 0.376666 
0.781854 0.623924 0.293321 0.852223 0.318699 
0.778399 0.54634 0.331193 0.368307 0.141677 
0.655274 0.188449 0.255653 0.761154 0.720257 
0.364381 0.155538 0.134785 0.332697 0.645813 
0.473759 0.460562 0.669773 0.866909 0.134492 
0.659543 0.93445 0.308648 0.449255 0.630727 
0.670423 0.797952 0.173965 0.827003 0.436975 
0.452688 0.33425 0.746379 0.389474 0.890591 
0.845399 0.625347 0.205118 0.414808 0.681127 
0.143047 0.191131 0.330484 0.447448 0.255062 
0.055355 0.348352 0.756491 0.337455 0.60026 
0.688384 0.6735679999999999 0.649259 0.095002 0.700074 
0.457651 0.740282 0.926123 0.355189 0.654956 
0.491512 0.836468 0.52388 0.858587 0.276749 
0.579121 0.294598 0.300858 0.5193719999999999 0.091561 
0.796254 0.643851 0.210248 0.640736 0.846704 
0.056907 0.435316 0.353458 0.57587 0.641089 
0.416163 0.455783 0.344849 0.8782140000000001 0.138835 
0.642329 0.621042 0.847094 0.10678 0.65683 
0.715978 0.436692 0.48776 0.779967 0.903994 
0.659698 0.552614 0.7764529999999999 0.853294 0.31801 
0.174084 0.822852 0.677556 0.68741 0.301531 
0.446262 0.333798 0.14663 0.409524 0.876105 
0.13176 0.491084 0.655704 0.419419 0.175025 
0.471803 0.597888 0.706569 0.298382 0.90735 
0.626358 0.198615 0.124195 0.340078 0.690627 
0.167222 0.499063 0.749459 0.161744 0.433701 
0.764131 0.7442569999999999 0.724208 0.771604 0.346707 
0.712652 0.545373 0.080599 0.620385 0.806724 
0.615945 0.186207 0.574894 0.241738 0.89207 
0.257634 0.058818 0.5537260000000001 0.467623 0.345071 
0.34877 0.77186 0.6538389999999999 0.076548 0.534901 
0.347401 0.769965 0.806042 0.144483 0.330925 
0.6845909999999999 0.919275 0.251719 0.647133 0.364214 
0.480154 0.9416099999999999 0.632674 0.344046 0.374322 
0.742399 0.502599 0.177969 0.124559 0.463492 
0.814466 0.726704 0.71739 0.172998 0.578521 
0.600131 0.400296 0.775913 0.773556 0.147709 
0.177734 0.176453 0.64781 0.736328 0.461324 
0.782029 0.5624130000000001 0.471258 0.426495 0.097231 
0.163256 0.840631 0.493336 0.491363 0.334738 
0.363891 0.914059 0.582359 0.704213 0.710892 
0.189961 0.672421 0.38271 0.208116 0.809371 
0.807691 0.870563 0.544552 0.290982 0.53533 
0.518082 0.41028 0.577536 0.63944 0.060471 
0.231431 0.66866 0.164171 0.229864 0.323833 
0.66016 0.307293 0.678457 0.830738 0.214725 
0.812828 0.199665 0.77279 0.288483 0.5374679999999999 
0.577162 0.357581 0.860204 0.45589 0.146816 
0.757626 0.412876 0.202821 0.817378 0.666736 
0.09221 0.774902 0.769884 0.439198 0.595935 
0.486088 0.682957 0.456897 0.072325 0.57379 
0.785166 0.280014 0.200722 0.538242 0.227603 
0.130163 0.654542 0.895539 0.325665 0.459161 
0.141274 0.399289 0.849214 0.739191 0.580182 
0.081316 0.682737 0.765011 0.540751 0.408783 
0.57861 0.699358 0.10887 0.77472 0.712028 
0.789069 0.881698 0.69854 0.355599 0.551153 
0.495339 0.155434 0.372835 0.230453 0.219627 
0.891552 0.306384 0.39024 0.758472 0.643821 
0.123773 0.247384 0.780896 0.518375 0.335226 
0.363986 0.51369 0.590877 0.876017 0.211356 
0.486395 0.844158 0.76128 0.824916 0.365739 
0.787257 0.426306 0.91744 0.405705 0.683489 
0.397084 0.792326 0.623019 0.07464899999999999 0.624743 
0.273765 0.167262 0.177053 0.7365080000000001 0.495201 
0.653746 0.5048010000000001 0.195522 0.131808 0.296676 
0.235829 0.572767 0.499171 0.574349 0.090881 
0.79029 0.399503 0.45238 0.158398 0.203257 
0.261965 0.847715 0.543142 0.587328 0.220221 
0.575434 0.314942 0.228318 0.333916 0.131765 
0.713005 0.467289 0.726451 0.454688 0.932846 
0.543658 0.265715 0.869671 0.5552319999999999 0.778383 
0.287287 0.430406 0.832143 0.82231 0.567811 
0.165899 0.26128 0.330532 0.244102 0.618055 
0.318576 0.301914 0.276723 0.8890709999999999 0.608897 
0.406865 0.177871 0.480521 0.109563 0.431971 
0.316735 0.365114 0.474737 0.900203 0.712968 
0.859011 0.391584 0.350109 0.280764 0.804824 
0.574305 0.336599 0.22048 0.6092030000000001 0.877911 
0.189879 0.301938 0.669091 0.404541 0.12612 
0.580609 0.301491 0.156911 0.200903 0.579584 
0.70018 0.918874 0.5157119999999999 0.572096 0.219902 
0.418913 0.678202 0.548556 0.577018 0.938223 
0.644686 0.232425 0.371165 0.167057 0.7273309999999999 
0.274724 0.283799 0.814203 0.307897 0.824515 
0.454478 0.406253 0.8858510000000001 0.50145 0.864243 
0.298548 0.69655 0.92041 0.335671 0.625884 
0.8302 0.165493 0.443049 0.319492 0.710275 
 0.512 0.185297 0.288547 0.607004 0.910838 
0.678214 0.743393 0.210254 0.732719 0.810328 
0.464101 0.145671 0.291031 0.354509 0.227267 
0.361054 0.227357 0.184642 0.272048 0.306422 
0.036447 0.570564 0.464064 0.527842 0.434959 
0.883425 0.718709 0.342496 0.330247 0.465462 
0.164299 0.367253 0.425313 0.229257 0.116972 
0.271108 0.518718 0.091004 0.512392 0.7786920000000001 
0.384062 0.931424 0.438062 0.506255 0.619413 
0.596157 0.60387 0.245509 0.270133 0.12962 
0.583125 0.585525 0.914868 0.189472 0.459586 
0.305633   0.77 0.392033 0.904833 0.523819 
0.449379 0.721041 0.534519 0.6650160000000001 0.925759 
0.367948 0.109487 0.150083 0.437004 0.733313 
0.231321 0.803675 0.366946 0.259612 0.290646 
0.172505 0.292094 0.230312 0.8492 0.5049709999999999 
0.6185659999999999 0.239947 0.789044 0.461367 0.198552 
0.295745 0.583412 0.401035 0.195148 0.854982 
0.675207 0.210397 0.149745 0.756978 0.52588 
0.391424 0.663849 0.302664 0.878876 0.271681 
0.187566 0.424175 0.102667 0.520351 0.543036 
0.370089 0.08667999999999999 0.839154 0.654709 0.697755 
0.417469 0.406041 0.328516 0.367529 0.06593499999999999 
0.659385 0.286704 0.628004 0.857098 0.245946 
0.206534 0.219696 0.437525 0.490457 0.112841 
0.385388 0.218943 0.779633 0.295719 0.156648 
0.597834 0.801206 0.875512 0.728073 0.719872 
0.455847 0.41887 0.940418 0.612805 0.4189 
0.745319 0.577886 0.53621 0.07541 0.408969 
0.372384 0.652031 0.68015 0.285648 0.884873 
0.637003 0.117431 0.655843 0.745306 0.364133 
0.228973 0.347222 0.764929 0.162293 0.658157 
0.589819 0.085873 0.270515 0.539103 0.705823 
0.275027 0.373068 0.154774 0.291971 0.163102 
0.596553 0.27124 0.734144 0.7557700000000001 0.222157 
0.231538 0.467355 0.836331 0.223037 0.590402 
0.050902 0.5136269999999999 0.526178 0.475318 0.6633250000000001 
0.285036 0.606792 0.35348 0.930177 0.488296 
0.822138 0.675944 0.593897 0.62963 0.190575 
0.54086 0.238854 0.422872 0.20778 0.166535 
0.406171 0.510281 0.288268 0.917208 0.522049 
0.840167 0.6806 0.842047 0.277014 0.780356 
0.330615 0.65122 0.060061 0.440623 0.543553 
0.299951 0.271085 0.125091 0.39795 0.342713 
0.311317 0.302897 0.796052 0.250025 0.163798 
0.64437 0.931375 0.618046 0.502964 0.316175 
0.182805 0.401834 0.627937 0.737661 0.869957 
0.364324 0.197677 0.356432 0.552919 0.914817 
0.806941 0.250636 0.439625 0.776206 0.7014049999999999 
0.722091 0.177206 0.302391 0.290581 0.796466 
0.885308 0.370229 0.438371 0.708348 0.208738 
0.404014 0.257967 0.65133 0.905613 0.62952 
0.852365 0.702079 0.835465 0.664934 0.546855 
0.571416 0.789153 0.296823 0.703703 0.131932 
0.374757 0.542972 0.7340140000000001 0.568033 0.938086 
0.302501 0.135507 0.462341 0.566002 0.799197 
0.701245 0.832118 0.414423 0.212906 0.318653 
0.594072 0.560159 0.594581 0.121628 0.201013 
0.655222 0.319636 0.114254 0.258732 0.510462 
0.728703 0.315281 0.927558 0.46662 0.483441 
0.187441 0.32922 0.199074 0.843311 0.534372 
0.601388 0.521397 0.120153 0.412616 0.845232 
0.951427 0.63435 0.513919 0.438227 0.274214 
0.117468 0.281349 0.639948 0.608298 0.670634 
0.135404 0.734146 0.786238 0.298766 0.360355 
0.719786 0.445491 0.362632 0.757308 0.083494 
0.703086 0.76607 0.336655 0.161437 0.265934 
0.476632 0.761462 0.890028 0.693549 0.484015 
0.497384 0.536627 0.086921 0.877224 0.497266 
0.34573 0.680821 0.554422 0.174518 0.120096 
0.20564 0.198178 0.778466 0.682118 0.358084 
0.417841 0.654536 0.783192 0.100717 0.744761 
0.599696 0.093754 0.7276589999999999 0.756861 0.557548 
0.570343 0.749842 0.5874200000000001 0.772363 0.096856 
0.439266 0.735306 0.28656 0.219384 0.182032 
0.86487 0.862226 0.435974 0.417722 0.651572 
0.759664 0.676454 0.167027 0.227367 0.350193 
0.329136 0.794632 0.387229 0.159305 0.431313 
0.462176 0.787187 0.255215 0.392048 0.158924 
0.865969 0.344534 0.578799 0.8771139999999999 0.660065 
0.708116 0.30284 0.832955 0.472891 0.884059 
0.517358 0.239478 0.900119 0.291683 0.323016 
0.443496 0.841369 0.889232 0.327105 0.647166 
0.892678 0.237009 0.412183 0.557536 0.507821 
0.304372 0.5866479999999999 0.796227 0.181039 0.723146 
0.920008 0.571152 0.358685 0.412644 0.308835 
0.291344 0.616638 0.842965 0.718848 0.676327 
0.170193 0.441731 0.177684 0.339243 0.655999 
0.191136 0.423923 0.8771 0.427004 0.651108 
0.482495 0.293142 0.839103 0.796415 0.343143 
0.723557 0.816972 0.85234 0.282053 0.465451 
0.896629 0.643525 0.729982 0.803807 0.576338 
0.771636 0.893832 0.640066 0.58117 0.716269 
0.597981 0.269299 0.10623 0.400059 0.790875 
0.631039 0.879899 0.467388 0.395205 0.204951 
0.507857 0.55416 0.771277 0.855882 0.814967 
0.324466 0.300954 0.136355 0.719356 0.219302 
0.393417 0.159253 0.569888 0.115281 0.527389 
0.086895 0.444065 0.406844 0.820817 0.46355 
0.533812 0.783155 0.491943 0.07790999999999999 0.440813 
0.4014 0.327844 0.076544 0.472047 0.7018720000000001 
0.621427 0.329049 0.333676 0.096779 0.558205 
0.449147 0.81735 0.195785 0.5531740000000001 0.202407 
0.352798 0.474885 0.390084 0.144888 0.125622 
0.328823 0.532745 0.849202 0.544244 0.105418 
0.791828 0.254689 0.557752 0.145197 0.320429 
0.9287530000000001 0.552832 0.454417 0.379143 0.261149 
0.812557 0.653797 0.363925 0.493139 0.194841 
0.762861 0.400895 0.838323 0.696998 0.444087 
0.76832 0.156638 0.606566 0.5571970000000001 0.816047 
0.848804 0.844386 0.603424 0.750485 0.397327 
0.86995 0.257557 0.759171 0.388627 0.64782 
0.7525269999999999 0.7179990000000001 0.402321 0.808371 0.29534 
0.09993 0.530398 0.40625 0.844911 0.42728 
0.652204 0.596482 0.080106 0.340477 0.403758 
0.636116 0.20232 0.384551 0.146928 0.416569 
0.701809 0.30046 0.830519 0.531698 0.248254 
0.371128 0.543115 0.140247 0.124074 0.305605 
0.420865 0.47465 0.438996 0.213308 0.067949 
0.187883 0.755372 0.539345 0.776145 0.6745 
0.311803 0.480592 0.315505 0.695133 0.100143 
0.7907650000000001 0.380717 0.715662 0.131893 0.728041 
0.580121 0.088577 0.717411 0.531845 0.717645 
0.5062219999999999 0.071771 0.249759 0.699731 0.372916 
0.317389 0.361938 0.089319 0.182814 0.554683 
0.442144 0.11659 0.531437 0.868289 0.327061 
0.464675 0.788462 0.684424 0.115932 0.468309 
0.824157 0.604554 0.740771 0.131829 0.648385 
0.534171 0.805993 0.317573 0.442843 0.860386 
0.6895019999999999 0.463123 0.7025709999999999 0.108133 0.395446 
0.411786 0.890604 0.385302 0.777811 0.6744 
0.228209 0.507711 0.10428 0.628993 0.477481 
0.243417 0.102132 0.527078 0.602218 0.478701 
0.892696 0.537589 0.252474 0.33554 0.424788 
0.40807 0.42904 0.873457 0.194641 0.332731 
0.204631 0.240979 0.141341 0.520651 0.583499 
0.21269 0.684329 0.522929 0.872297 0.69147 
0.265516 0.522716 0.288594 0.406741 0.09972 
0.061323 0.656728 0.625003 0.426933 0.460435 
0.485921 0.8748629999999999 0.830049 0.638327 0.365106 
0.417115 0.456208 0.487374 0.289042 0.934793 
0.186984 0.645815 0.211707 0.163537 0.564409 
0.293722 0.590179 0.146645 0.6598039999999999 0.323032 
0.273685 0.817918  0.747 0.822909 0.625956 
0.776192 0.466215 0.679328 0.470572 0.907394 
0.758033 0.265152 0.403239 0.234356 0.82729 
0.097026 0.721943 0.697358 0.501916 0.6994010000000001 
0.185261 0.689086 0.470121 0.321185 0.151856 
0.24687 0.14611 0.665944 0.516881 0.212057 
0.575147 0.502429 0.32701 0.065245 0.579144 
0.6567460000000001 0.931022 0.685987 0.384139 0.217374 
0.787307 0.264557 0.403776 0.269344 0.864519 
0.921671 0.529706 0.770771 0.352203 0.483562 
0.21087 0.089878 0.578409 0.327038 0.528261 
0.6172569999999999 0.246699 0.268307 0.432017 0.906278 
0.111817 0.30306 0.529748 0.478659 0.813603 
0.665167 0.461385 0.503068 0.064359 0.675999 
0.522903 0.428158 0.05353 0.685929 0.406281 
0.684732 0.282705 0.427596 0.609145 0.907003 
0.29358 0.20244 0.414398 0.7876609999999999 0.212934 
0.9142749999999999 0.215532 0.439301 0.324772 0.449688 
0.091878 0.194653 0.5377110000000001 0.310841 0.299973 
0.044294 0.455318 0.534148 0.428722 0.5384949999999999 
0.53485 0.227146 0.647952 0.134813 0.794954 
0.793732 0.252581 0.121518 0.348042 0.542595 
0.754354 0.428382 0.816097 0.135268 0.442953 
0.719199 0.575703 0.847231 0.41912 0.154026 
0.404004 0.091297 0.422594 0.534671 0.216311 
0.467758 0.6056319999999999 0.859825 0.07975500000000001 0.442353 
0.632782 0.171205 0.449418 0.365081 0.910643 
0.078627 0.481675 0.505733 0.847704 0.368911 
0.383494 0.376781 0.554776 0.127575 0.154807 
0.30871 0.491258 0.571841 0.925432 0.740497 
0.831485 0.7659589999999999 0.476812 0.784538 0.728378 
0.07018000000000001 0.520047 0.430374 0.29181 0.453417 
0.412075 0.7494960000000001 0.779542 0.763622 0.187703 
0.537342 0.100538 0.749704 0.267731 0.761184 
0.6736529999999999 0.09384199999999999 0.2084 0.57484 0.328902 
0.512922 0.685554 0.114107 0.792901 0.294165 
0.609889 0.398131 0.382928 0.876414 0.886052 
0.671698 0.220391 0.117662 0.537784 0.540528 
0.323966 0.899535 0.47769 0.540508 0.310286 
0.700573 0.5280319999999999 0.626279 0.8653459999999999 0.872758 
0.43981 0.888753 0.27975 0.758037 0.323575 
0.332827 0.828087 0.650525 0.375745 0.152117 
0.850529 0.840631 0.479303 0.644109 0.534395 
0.762605 0.103482 0.22808 0.348213 0.408549 
0.277547 0.728048 0.302781 0.842786 0.706549 
0.697414 0.4382 0.828072 0.40887 0.8834610000000001 
0.432386 0.118419 0.268297 0.274402 0.866762 
0.865908 0.318458 0.317085 0.241348 0.334519 
0.408005 0.348054 0.742621 0.231934 0.117859 
0.152275 0.280639 0.707834 0.570344 0.773994 
0.7374270000000001 0.9379729999999999 0.516486 0.572596 0.612853 
0.572361 0.674131 0.125435 0.180424 0.379793 
0.711203 0.191379 0.5014459999999999 0.801647 0.288657 
0.901869 0.707053 0.442064 0.763575 0.410161 
0.680051 0.615133 0.5386069999999999 0.374543 0.9477100000000001 
0.396872 0.229575 0.464949 0.397458 0.077088 
0.185237 0.286568 0.350139 0.783859 0.316921 
0.788986 0.492807 0.608042 0.368306 0.122792 
0.762088 0.411665 0.859787 0.433884 0.286387 
0.394586 0.804113 0.730378 0.456048 0.802428 
0.19746 0.7095399999999999 0.232089 0.724807 0.835188 
0.465246 0.392036 0.941961 0.539086 0.413539 
0.354482 0.77556 0.845042 0.615501 0.732216 
0.113087 0.660995 0.338995 0.490374 0.722768 
0.60176 0.780262 0.862398 0.322856 0.235483 
0.7643489999999999 0.414323 0.528429 0.308973 0.9049700000000001 
0.9507060000000001 0.51535 0.485122 0.442098 0.341983 
0.134956 0.209874 0.356717 0.342008 0.123524 
0.655812 0.237727 0.480883 0.192969 0.228544 
0.752671 0.140549 0.214649 0.612988 0.481225 
0.699475 0.078156 0.576048 0.634409 0.510412 
0.189248 0.695501 0.290919 0.471007 0.211635 
0.662942 0.061021 0.587988 0.30805 0.395619 
0.525805 0.212665 0.25679 0.8766389999999999 0.664756 
0.453861 0.049282 0.274676 0.48756 0.422713 
0.129088 0.584325 0.743411 0.508908 0.214715 
0.851411 0.666654 0.455952 0.187105 0.667507 
0.790065 0.619156 0.149187 0.386435 0.805985 
0.525354 0.6167589999999999 0.861895 0.864366 0.403267 
0.350465 0.257755 0.082091 0.702716 0.555517 
0.577176 0.602851 0.122947 0.371082 0.7833 
0.720399 0.75321 0.206506 0.746905 0.239744 
0.597559 0.176628 0.5911110000000001 0.8100039999999999 0.732869 
0.546109 0.45275 0.370477 0.612605 0.045343 
0.077671 0.410413 0.814688 0.453105 0.33061 
0.59178 0.05101 0.326441 0.492508 0.580492 
0.842224 0.263001 0.261128 0.781014 0.494236 
0.388128 0.270873 0.564163 0.888185 0.721562 
0.81336 0.147663 0.767504 0.431823 0.654398 
0.610336 0.920007 0.561886 0.617943 0.775943 
0.834664 0.200073 0.622319 0.319137 0.736978 
0.237138 0.570398 0.68107 0.74268 0.227229 
0.281507 0.282874 0.261665 0.809912 0.195065 
0.553509 0.819267 0.426675 0.12843 0.5313 
0.115234 0.74483 0.361967 0.586199 0.253908 
0.337738 0.356297 0.288876 0.137312 0.800385 
0.205781 0.553563 0.733497 0.8818589999999999 0.408537 
0.442926 0.257769 0.316131 0.208733 0.177072 
0.489909 0.904695 0.211909 0.559273 0.70608 
0.904694 0.197736 0.344339 0.304841 0.463427 
0.177895 0.881802 0.446575 0.583656 0.511076 
0.659205 0.256748 0.167937 0.5234259999999999 0.223322 
0.80561 0.879711 0.299845 0.500823 0.329715 
0.622294 0.892929 0.452112 0.639508 0.205148 
0.5691889999999999 0.352483 0.177943 0.694304 0.173589 
0.290927 0.608148 0.148297 0.419638 0.85914 
0.657023 0.582311 0.9088580000000001 0.183172 0.577278 
0.211297 0.271824 0.545077 0.107004 0.408322 
0.795418 0.585094 0.672197 0.621107 0.937925 
0.662889 0.171077 0.29456 0.671258 0.830467 
0.430006 0.117854 0.764635 0.228268 0.501152 
0.6855 0.201004 0.279159 0.821224 0.318557 
0.292723 0.794901 0.894819 0.216848 0.561026 
0.232068 0.360435 0.830385 0.283832 0.359356 
0.40744 0.84278 0.599703 0.211627 0.818286 
0.87099 0.720989 0.655047 0.369149 0.288888 
0.341502 0.621278 0.8123629999999999 0.384832 0.871347 
0.256545 0.758333 0.296795 0.231076 0.696443 
0.262946 0.327685 0.400559 0.203063 0.8857120000000001 
0.918932 0.498501 0.298304 0.602631 0.424197 
0.480868 0.952425 0.414625 0.607805 0.38578 
0.071296 0.277545 0.704905 0.345542 0.517848 
0.478109 0.57279 0.87983 0.309289 0.222542 
0.462441 0.24443 0.130167 0.712724 0.747456 
0.606182 0.09796199999999999 0.44335 0.386198 0.827403 
0.282252 0.809056 0.806966 0.6841390000000001 0.31771 
0.315207 0.6916020000000001 0.756041 0.779749 0.241308 
0.6615529999999999 0.726451 0.46343 0.860555 0.350485 
0.356627 0.837341 0.194527 0.415528 0.787283 
0.33975 0.180621 0.694722 0.198593 0.745187 
0.107433 0.6241719999999999 0.457678 0.18853 0.621401 
0.170373 0.459939 0.199531 0.5093259999999999 0.244774 
0.410334 0.48091 0.651712 0.315996 0.943344 
0.775067 0.55658 0.441733 0.204983 0.143048 
0.207362 0.139857 0.572886 0.495436 0.786433 
0.469023 0.863194 0.696939 0.453214 0.163577 
0.29722 0.380308 0.835156 0.474674 0.842665 
0.80701 0.420803 0.443557 0.86156 0.23453 
0.196175 0.119256 0.328988 0.302286 0.520906 
0.91311 0.640076 0.755917 0.692002 0.484018 
0.099269 0.419161 0.840743 0.368095 0.579286 
0.920944 0.298594 0.463159 0.309834 0.388191 
0.17914 0.799762 0.595986 0.730974 0.485775 
0.279304 0.2668 0.115058 0.786134 0.553462 
0.431154 0.405823 0.670447 0.210738 0.871525 
0.7453610000000001 0.287128 0.753647 0.540918 0.201224 
0.793135 0.219285 0.518647 0.903463 0.494571 
0.473896 0.765882 0.177572 0.459404 0.200051 
0.185131 0.491481 0.316899 0.124739 0.488063 
0.475513 0.9446870000000001 0.348289 0.6851080000000001 0.603485 
0.765283 0.113089 0.6784480000000001 0.6682630000000001 0.490243 
0.680951 0.746925 0.565102 0.661872 0.082826 
0.244044 0.646114 0.233701 0.805281 0.365134 
0.35578 0.593427 0.735484 0.285187 0.133684 
0.8276 0.464949 0.39774 0.812449 0.825596 
0.561685 0.234174 0.7555500000000001 0.5280010000000001 0.111304 
0.270711 0.841651 0.62705 0.831762 0.418642 
0.145619 0.419674 0.463328 0.153115 0.408934 
0.22432 0.142697 0.309176 0.316578 0.73392 
0.121696 0.341315 0.485048 0.200672 0.68649 
0.343789 0.06707200000000001 0.282108 0.388869 0.71905 
0.07233000000000001 0.644165 0.478342 0.488229 0.656785 
0.214998 0.469475 0.471168 0.923104 0.608893 
0.663569 0.601263 0.419547 0.331769 0.047288 
0.559636 0.809951 0.846705 0.563169 0.175239 
0.766814 0.850808 0.533157 0.77478 0.727585 
0.295943 0.918102 0.5479579999999999 0.53325 0.337792 
0.640705 0.328559 0.090005 0.713772 0.360231 
0.31648 0.079238 0.751194 0.313663 0.727724 
0.327442 0.323514 0.302321 0.115984 0.342146 
0.280354 0.910246 0.511599 0.444672 0.6062149999999999 
0.655551 0.853066 0.487378 0.356052 0.161335 
0.75757 0.471254 0.365379 0.918643 0.634764 
0.775112 0.306886 0.837944 0.331616 0.472545 
0.069646 0.538091 0.693198 0.576977 0.253564 
0.658049 0.829054 0.917994 0.719139 0.572144 
0.700036 0.51027 0.103722 0.256164 0.348552 
0.681953 0.58211 0.5281090000000001 0.936366 0.5018550000000001 
0.652084 0.568529 0.271518 0.400601 0.898875 
0.609215 0.07159 0.212869 0.697184 0.572928 
0.65935 0.690906 0.050806 0.8907350000000001 0.587353 
0.05966 0.712645 0.426287 0.601614 0.329802 
0.230848 0.8607320000000001 0.323448 0.196142 0.565008 
0.19615 0.69826 0.648288 0.780794 0.81301 
0.236304 0.55359 0.185564 0.767578 0.683158 
0.67838 0.532594 0.304881 0.13547 0.837593 
0.81884 0.248494 0.431439 0.197494 0.286625 
0.351323 0.685361 0.864559 0.645575 0.186363 
0.263533 0.20155 0.447148 0.211624 0.771899 
0.304148 0.8144400000000001 0.292333 0.23861 0.322011 
0.760665 0.489671 0.903464 0.517721 0.338301 
0.826134 0.828689 0.77672 0.332161 0.631871 
0.310627 0.699867 0.659014 0.045972 0.658814 
0.600808 0.77457 0.194942 0.389645 0.767987 
0.600135 0.4661 0.745636 0.903105 0.478018 
0.84535 0.79594 0.356482 0.385183 0.774746 
0.6618579999999999 0.8502729999999999 0.543336 0.842127 0.629403 
0.612854 0.230643 0.416785 0.909003 0.607742 
0.424511 0.754675 0.822504 0.816592 0.457852 
0.816124 0.588023 0.9039970000000001 0.472035 0.484009 
0.144432 0.474696 0.223277 0.615058 0.277286 
0.147845 0.837248 0.630004 0.485528 0.260955 
0.876045 0.692647 0.31162 0.401542 0.718894 
0.560499 0.310562 0.613661 0.792473 0.094516 
0.52619 0.667275 0.890655 0.231591 0.353457 
0.656017 0.678223 0.887164 0.559422 0.202488 
0.262579 0.168152 0.135922 0.435573 0.682935 
0.294678 0.649717 0.794083 0.157631 0.303436 
0.124912  0.402 0.414336 0.74176 0.766002 
0.191892 0.121933 0.33454 0.616079 0.437399 
0.395485 0.924056 0.60866 0.756919 0.5412439999999999 
0.260659 0.893466 0.475203 0.739298 0.381554 
0.784868 0.272891 0.480775 0.387629 0.880802 
0.908293 0.680223 0.5010829999999999 0.703372 0.570287 
0.807907 0.488466 0.649415 0.718878 0.190465 
0.375936 0.358306 0.050604 0.503929 0.530299 
0.730554 0.42063 0.52735 0.171706 0.868611 
0.580715 0.079392 0.333168 0.550736 0.212753 
0.200078 0.716807 0.374853 0.160033 0.677186 
0.309944 0.221643 0.155083 0.479993 0.247484 
0.866857 0.269389 0.614637 0.204119 0.627043 
0.705577 0.634884 0.4888 0.265242 0.921836 
0.300617 0.461588 0.905316 0.645469 0.399243 
0.252626 0.885082 0.569267 0.664644 0.671966 
0.7980429999999999 0.710555 0.298638 0.207908 0.314216 
0.543054 0.100279 0.382785 0.470392 0.881532 
0.127067 0.612912 0.216374 0.601202 0.399333 
0.561566 0.246534 0.498109 0.711139 0.113249 
0.288231 0.304435 0.639389 0.207185 0.164138 
0.459732 0.718839 0.524965 0.08938699999999999 0.321214 
0.049896 0.600256 0.500667 0.703655 0.329478 
0.5422630000000001 0.8180770000000001 0.418687 0.877647 0.614793 
0.43978 0.38436 0.93238 0.506232 0.239873 
0.357108 0.908981 0.245413 0.6529160000000001 0.555691 
0.416037 0.329672 0.789322 0.136386 0.243997 
0.61471 0.43869 0.055433 0.667127 0.399944 
0.51141 0.262862 0.918445 0.311813 0.641933 
0.647374 0.409406 0.888669 0.862528 0.500746 
0.518707 0.904244 0.626154 0.768889 0.71391 
0.496927 0.859874 0.906674 0.461973 0.379915 
0.736762 0.766082 0.53312 0.154532 0.226337 
0.530003 0.763572 0.357998 0.876435 0.241432 
0.91275 0.59401 0.526131 0.690474 0.7908539999999999 
0.886933 0.689141 0.398571 0.7805299999999999 0.366834 
0.649657 0.777305 0.162809 0.326793 0.403686 
0.263054 0.153053 0.353501 0.299175 0.231931 
0.47223 0.767304 0.081237 0.354227 0.488549 
0.051982 0.6658809999999999 0.457402 0.547062 0.478454 
0.292482 0.7395969999999999 0.406052 0.518705 0.867319 
0.430598 0.058102 0.514743 0.281172 0.657757 
0.080764 0.40604 0.314734 0.729484 0.444962 
0.48324 0.822846 0.576408 0.693036 0.858347 
0.518692 0.662072 0.452375 0.073404 0.702878 
0.565639 0.693275 0.8757470000000001 0.686431 0.850057 
0.570681 0.439354 0.218653 0.906623 0.60731 
0.257615 0.739737 0.758103 0.438637 0.179193 
0.488774 0.8318179999999999 0.359129 0.877873 0.417282 
0.218431 0.163771 0.50166 0.391971 0.8543539999999999 
0.31738 0.201607 0.406191 0.852183 0.648081 
0.114368 0.182094 0.448049 0.361847 0.5698839999999999 
0.925545 0.637859 0.495668 0.697943 0.329793 
0.725976 0.470648 0.184423 0.592324 0.184571 
0.127109 0.322294 0.801491 0.667606 0.447291 
0.167094 0.356414 0.254586 0.825871 0.411134 
0.894884 0.310794 0.51844 0.41496 0.235497 
0.254871 0.61942 0.59638 0.366867 0.929426 
0.86724 0.707063 0.600728 0.429154 0.796858 
0.789917 0.141108 0.602403 0.584479 0.332014 
0.172383 0.246117 0.490198 0.750266 0.728834 
