5
32
3.836849999999999983e-01 5.905540000000000234e-01 4.428730000000000167e-01 3.634490000000000220e-01 4.930800000000000183e-01
6.971819999999999684e-01 5.376710000000000100e-01 6.306040000000000534e-01 5.615790000000000504e-01 4.547619999999999996e-01
4.553719999999999990e-01 4.297819999999999974e-01 3.501219999999999888e-01 5.003570000000000517e-01 4.920840000000000214e-01
6.231729999999999769e-01 6.639249999999999874e-01 5.865719999999999823e-01 5.214830000000000298e-01 5.691819999999999657e-01
5.802000000000000490e-01 4.220030000000000170e-01 5.996040000000000258e-01 5.442190000000000083e-01 6.925219999999999709e-01
4.788709999999999911e-01 3.846419999999999839e-01 6.859359999999999902e-01 5.333809999999999940e-01 5.336520000000000152e-01
3.469059999999999921e-01 4.571089999999999876e-01 6.289879999999999916e-01 3.954610000000000070e-01 5.068009999999999460e-01
4.210450000000000026e-01 4.982659999999999867e-01 3.534539999999999904e-01 5.066690000000000360e-01 5.839659999999999851e-01
6.054969999999999519e-01 5.902560000000000029e-01 4.365709999999999869e-01 4.549699999999999855e-01 6.810260000000000202e-01
5.944880000000000164e-01 5.533019999999999605e-01 3.436469999999999803e-01 6.788009999999999877e-01 6.052920000000000522e-01
5.398600000000000065e-01 4.285959999999999770e-01 4.077189999999999981e-01 5.362379999999999924e-01 5.481770000000000254e-01
3.526839999999999975e-01 5.623000000000000220e-01 5.800309999999999633e-01 5.830659999999999732e-01 5.823329999999999895e-01
5.821589999999999820e-01 3.492210000000000036e-01 3.549470000000000125e-01 5.898379999999999734e-01 4.073019999999999974e-01
5.181459999999999955e-01 4.862020000000000231e-01 6.034230000000000427e-01 7.255030000000000090e-01 5.287070000000000380e-01
5.455119999999999969e-01 4.144450000000000078e-01 5.834219999999999962e-01 5.806189999999999962e-01 4.612350000000000061e-01
4.293150000000000022e-01 5.052280000000000104e-01 3.622690000000000077e-01 6.520909999999999762e-01 6.911059999999999981e-01
4.644800000000000040e-01 5.080940000000000456e-01 5.412879999999999914e-01 4.343710000000000071e-01 4.760639999999999872e-01
5.979360000000000230e-01 5.154630000000000045e-01 3.864759999999999862e-01 4.954250000000000043e-01 6.101680000000000437e-01
4.638829999999999898e-01 4.862480000000000135e-01 3.782019999999999826e-01 4.403779999999999917e-01 4.331829999999999847e-01
4.756090000000000040e-01 5.552829999999999711e-01 6.412480000000000402e-01 4.599670000000000147e-01 6.727830000000000199e-01
5.130249999999999533e-01 4.160429999999999962e-01 4.344430000000000236e-01 6.856919999999999682e-01 4.248339999999999894e-01
6.311449999999999561e-01 6.555929999999999813e-01 5.499889999999999501e-01 6.643360000000000376e-01 4.987829999999999764e-01
3.777260000000000062e-01 4.426430000000000087e-01 4.936309999999999865e-01 4.498920000000000141e-01 3.365589999999999971e-01
4.882859999999999978e-01 6.307770000000000321e-01 4.624539999999999762e-01 4.620890000000000275e-01 3.275930000000000231e-01
6.226239999999999553e-01 4.496120000000000116e-01 6.240040000000000031e-01 6.402400000000000313e-01 5.055629999999999846e-01
4.913699999999999735e-01 4.543170000000000264e-01 7.096139999999999670e-01 4.886440000000000228e-01 6.428449999999999998e-01
5.556210000000000315e-01 3.206169999999999853e-01 6.182269999999999710e-01 5.425459999999999727e-01 5.677200000000000024e-01
5.749090000000000034e-01 4.947099999999999831e-01 5.879959999999999631e-01 4.474609999999999976e-01 4.782390000000000252e-01
3.831339999999999746e-01 3.276939999999999853e-01 5.514050000000000340e-01 4.623920000000000252e-01 4.226920000000000122e-01
4.028340000000000254e-01 4.269260000000000277e-01 3.383990000000000054e-01 4.698359999999999759e-01 5.264929999999999888e-01
4.938730000000000064e-01 5.254579999999999806e-01 3.766590000000000216e-01 5.012389999999999901e-01 3.219580000000000219e-01
5.032739999999999991e-01 5.196300000000000363e-01 4.256249999999999756e-01 4.722040000000000126e-01 3.335509999999999864e-01
