5
70
5.800290000000000168e-01 5.464539999999999953e-01 2.485600000000000032e-01 5.479490000000000194e-01 3.783509999999999929e-01
4.074880000000000169e-01 6.474950000000000427e-01 4.466180000000000150e-01 3.064609999999999834e-01 6.834999999999999964e-01
5.338629999999999765e-01 6.301250000000000462e-01 5.113750000000000240e-01 6.858779999999999877e-01 5.580899999999999750e-01
6.923099999999999810e-01 6.619439999999999769e-01 2.976509999999999989e-01 6.157240000000000490e-01 4.679929999999999923e-01
6.199500000000000011e-01 5.066079999999999472e-01 5.602139999999999898e-01 5.214809999999999723e-01 5.364910000000000512e-01
4.274089999999999834e-01 4.551339999999999830e-01 4.414569999999999883e-01 5.617459999999999676e-01 2.725609999999999977e-01
4.701859999999999928e-01 4.236070000000000113e-01 5.646940000000000293e-01 8.125550000000000272e-01 6.036920000000000064e-01
2.972259999999999902e-01 4.695829999999999727e-01 2.867060000000000164e-01 6.645839999999999526e-01 6.647199999999999775e-01
1.903120000000000089e-01 5.705609999999999848e-01 4.167620000000000213e-01 5.134499999999999620e-01 5.563919999999999977e-01
2.777669999999999861e-01 4.233700000000000241e-01 5.794439999999999591e-01 7.185300000000000020e-01 3.287880000000000247e-01
4.968350000000000266e-01 2.985289999999999888e-01 3.810149999999999926e-01 7.114059999999999828e-01 5.958959999999999813e-01
2.474939999999999918e-01 6.369120000000000337e-01 5.732960000000000278e-01 3.817800000000000082e-01 5.708429999999999893e-01
4.771599999999999731e-01 6.300219999999999709e-01 7.761909999999999643e-01 4.428690000000000127e-01 3.021059999999999857e-01
4.660219999999999918e-01 4.326450000000000018e-01 4.660770000000000191e-01 3.511400000000000077e-01 6.093549999999999800e-01
5.337210000000000010e-01 2.446399999999999963e-01 6.620120000000000449e-01 4.280680000000000041e-01 5.392299999999999871e-01
4.529949999999999810e-01 4.786560000000000259e-01 7.706680000000000197e-01 6.130430000000000046e-01 4.193560000000000065e-01
7.058170000000000277e-01 6.745740000000000069e-01 5.596790000000000376e-01 5.307669999999999888e-01 6.085300000000000153e-01
3.926060000000000105e-01 5.279089999999999616e-01 5.735240000000000338e-01 2.135070000000000023e-01 4.196150000000000158e-01
6.079790000000000472e-01 3.049689999999999901e-01 6.096679999999999877e-01 6.899809999999999555e-01 5.158310000000000395e-01
6.498270000000000435e-01 6.495750000000000135e-01 3.995199999999999863e-01 7.244329999999999936e-01 5.434520000000000461e-01
4.696529999999999871e-01 4.629309999999999814e-01 4.787640000000000229e-01 5.885920000000000041e-01 4.735489999999999977e-01
5.876390000000000224e-01 4.483530000000000015e-01 4.751819999999999933e-01 3.891539999999999999e-01 5.124509999999999899e-01
2.432690000000000130e-01 6.207270000000000287e-01 5.505830000000000446e-01 6.455790000000000139e-01 2.438240000000000129e-01
5.225349999999999717e-01 2.529489999999999794e-01 3.187030000000000141e-01 4.409790000000000099e-01 5.272900000000000365e-01
4.760300000000000087e-01 6.332090000000000218e-01 3.391739999999999755e-01 4.895959999999999757e-01 6.339409999999999767e-01
5.342109999999999914e-01 4.864249999999999963e-01 3.444119999999999959e-01 5.251599999999999602e-01 3.615059999999999940e-01
3.619640000000000080e-01 5.247389999999999555e-01 2.876569999999999960e-01 6.567840000000000344e-01 5.610289999999999999e-01
4.546560000000000046e-01 4.016939999999999955e-01 2.642720000000000069e-01 6.156509999999999483e-01 2.397849999999999981e-01
5.730659999999999643e-01 5.202179999999999582e-01 3.000220000000000109e-01 4.633619999999999961e-01 7.232739999999999725e-01
8.261159999999999615e-01 5.248150000000000315e-01 5.590199999999999614e-01 4.443159999999999887e-01 6.231980000000000297e-01
5.548530000000000406e-01 4.171650000000000080e-01 2.938490000000000268e-01 7.137630000000000363e-01 2.154659999999999909e-01
7.104939999999999589e-01 2.770460000000000145e-01 3.173460000000000170e-01 6.402999999999999803e-01 5.160249999999999559e-01
6.297540000000000360e-01 2.801529999999999854e-01 5.351010000000000488e-01 4.458489999999999953e-01 3.826600000000000001e-01
4.186579999999999746e-01 3.875359999999999916e-01 3.238860000000000072e-01 5.600199999999999623e-01 2.590979999999999950e-01
6.671930000000000360e-01 5.056059999999999999e-01 7.261480000000000157e-01 3.683770000000000100e-01 3.135580000000000034e-01
7.392579999999999707e-01 7.133159999999999501e-01 6.939030000000000475e-01 4.236659999999999870e-01 5.565609999999999724e-01
7.290659999999999918e-01 4.171650000000000080e-01 2.848479999999999901e-01 4.453070000000000084e-01 2.693459999999999743e-01
6.325650000000000439e-01 5.243440000000000323e-01 6.547389999999999599e-01 1.974920000000000009e-01 2.500209999999999932e-01
5.880170000000000119e-01 7.975499999999999812e-01 4.265780000000000127e-01 4.960220000000000184e-01 6.425239999999999840e-01
5.651540000000000452e-01 5.365779999999999994e-01 2.721799999999999775e-01 5.304020000000000401e-01 4.720150000000000179e-01
7.287789999999999546e-01 5.829959999999999587e-01 4.184809999999999919e-01 4.167089999999999961e-01 6.318099999999999827e-01
5.793650000000000189e-01 3.819580000000000197e-01 5.684050000000000491e-01 1.769149999999999889e-01 4.162089999999999956e-01
3.980940000000000034e-01 7.675100000000000255e-01 5.339810000000000390e-01 6.171459999999999724e-01 3.773310000000000275e-01
8.031519999999999770e-01 5.813920000000000199e-01 4.632290000000000019e-01 4.913739999999999775e-01 5.165290000000000159e-01
6.661139999999999839e-01 3.733879999999999977e-01 5.316619999999999679e-01 6.462569999999999704e-01 6.427669999999999773e-01
5.462489999999999846e-01 8.142000000000000348e-01 2.672939999999999761e-01 4.064699999999999980e-01 5.496490000000000542e-01
4.245630000000000237e-01 6.317450000000000010e-01 7.362699999999999800e-01 4.826289999999999747e-01 5.435360000000000191e-01
6.421470000000000233e-01 5.584890000000000132e-01 5.321399999999999464e-01 6.769420000000000437e-01 3.564069999999999738e-01
7.024120000000000363e-01 4.355140000000000122e-01 6.877109999999999612e-01 3.566770000000000218e-01 6.652930000000000232e-01
4.538249999999999784e-01 4.421820000000000195e-01 7.569120000000000292e-01 4.271119999999999917e-01 4.733289999999999997e-01
3.591139999999999888e-01 6.368920000000000137e-01 2.372470000000000134e-01 4.122319999999999873e-01 3.895179999999999754e-01
2.463549999999999907e-01 4.891119999999999912e-01 5.092689999999999717e-01 2.906299999999999994e-01 6.243319999999999981e-01
2.053609999999999880e-01 5.098850000000000326e-01 6.449329999999999785e-01 3.811209999999999876e-01 5.003570000000000517e-01
6.009660000000000002e-01 4.329999999999999960e-01 4.246670000000000167e-01 3.830669999999999908e-01 2.101979999999999960e-01
5.224320000000000075e-01 5.112849999999999895e-01 1.624049999999999938e-01 5.437880000000000491e-01 4.442320000000000157e-01
4.726489999999999858e-01 8.095179999999999598e-01 5.722350000000000492e-01 5.567699999999999871e-01 6.291550000000000198e-01
6.390040000000000164e-01 7.366800000000000015e-01 3.770259999999999723e-01 6.803299999999999903e-01 2.995280000000000165e-01
7.023610000000000131e-01 5.876519999999999522e-01 6.729699999999999571e-01 6.097019999999999662e-01 2.619009999999999949e-01
3.465409999999999879e-01 3.132449999999999957e-01 7.030020000000000158e-01 3.498260000000000258e-01 5.215880000000000516e-01
3.410110000000000086e-01 3.782719999999999971e-01 6.100680000000000547e-01 4.133100000000000107e-01 4.996510000000000118e-01
5.341580000000000217e-01 5.854530000000000012e-01 7.142410000000000148e-01 2.404689999999999883e-01 5.583190000000000097e-01
6.164530000000000287e-01 7.251360000000000028e-01 3.524959999999999760e-01 4.060980000000000145e-01 2.839039999999999897e-01
5.956650000000000000e-01 3.435759999999999925e-01 4.762399999999999967e-01 1.664539999999999909e-01 5.997820000000000373e-01
6.297620000000000440e-01 4.139140000000000041e-01 6.474379999999999580e-01 4.964109999999999912e-01 1.720639999999999947e-01
7.192589999999999817e-01 5.827689999999999815e-01 6.036589999999999456e-01 6.895590000000000330e-01 4.184010000000000229e-01
6.162600000000000300e-01 4.853160000000000251e-01 7.066409999999999636e-01 5.157110000000000305e-01 5.579929999999999612e-01
6.238839999999999941e-01 6.124589999999999756e-01 5.908060000000000533e-01 6.780890000000000528e-01 6.428899999999999615e-01
7.004939999999999500e-01 2.021429999999999894e-01 4.149760000000000115e-01 5.008970000000000367e-01 5.779579999999999718e-01
2.350530000000000119e-01 5.385680000000000467e-01 7.045040000000000191e-01 6.030539999999999790e-01 5.295229999999999659e-01
6.366819999999999702e-01 7.194979999999999709e-01 5.964450000000000029e-01 4.429299999999999904e-01 3.229940000000000033e-01
