5
32
4.960319999999999729e-01 8.061190000000000300e-01 4.434649999999999981e-01 3.153119999999999812e-01 4.452639999999999931e-01
6.529789999999999761e-01 6.155380000000000296e-01 3.491529999999999911e-01 2.154739999999999989e-01 4.771110000000000073e-01
5.825209999999999555e-01 4.274060000000000081e-01 4.158149999999999902e-01 5.956090000000000551e-01 4.006080000000000196e-01
2.857500000000000040e-01 6.065180000000000016e-01 7.463859999999999939e-01 5.011949999999999461e-01 5.925160000000000426e-01
7.451259999999999550e-01 3.408450000000000091e-01 5.862690000000000401e-01 4.249120000000000119e-01 5.038540000000000241e-01
3.805189999999999961e-01 3.886260000000000270e-01 6.289270000000000138e-01 3.719439999999999968e-01 2.579429999999999779e-01
3.689279999999999782e-01 5.778189999999999715e-01 4.108089999999999797e-01 4.676259999999999861e-01 3.860580000000000123e-01
3.951069999999999860e-01 5.711420000000000385e-01 1.768149999999999999e-01 7.375230000000000397e-01 5.523580000000000156e-01
7.090180000000000371e-01 4.639420000000000210e-01 4.684659999999999935e-01 5.021520000000000428e-01 6.639190000000000369e-01
3.168690000000000118e-01 6.099050000000000304e-01 6.692829999999999613e-01 6.411360000000000392e-01 5.784070000000000045e-01
3.192889999999999895e-01 2.869419999999999749e-01 6.416629999999999834e-01 4.332940000000000125e-01 3.681699999999999973e-01
3.976169999999999982e-01 7.554910000000000236e-01 5.379650000000000265e-01 5.811030000000000362e-01 6.056289999999999729e-01
6.640310000000000379e-01 3.690359999999999752e-01 3.842709999999999737e-01 4.369169999999999998e-01 2.656740000000000212e-01
3.872539999999999871e-01 5.776400000000000423e-01 3.891649999999999832e-01 7.006909999999999528e-01 5.052389999999999937e-01
5.438479999999999981e-01 4.603140000000000009e-01 4.901860000000000106e-01 5.580669999999999797e-01 4.238319999999999865e-01
5.322480000000000544e-01 4.946389999999999953e-01 4.023169999999999802e-01 7.356329999999999814e-01 7.831369999999999720e-01
6.986660000000000093e-01 4.863669999999999938e-01 3.716639999999999944e-01 5.619340000000000446e-01 4.204049999999999732e-01
6.730249999999999844e-01 5.391620000000000301e-01 6.896210000000000395e-01 4.593010000000000148e-01 4.677390000000000159e-01
6.523210000000000397e-01 5.617539999999999756e-01 4.025489999999999902e-01 6.373280000000000056e-01 5.797350000000000003e-01
3.591170000000000195e-01 6.817520000000000246e-01 2.118490000000000095e-01 5.419389999999999485e-01 3.720740000000000158e-01
6.340529999999999777e-01 5.327870000000000106e-01 5.552740000000000453e-01 4.888770000000000060e-01 5.507699999999999818e-01
5.952520000000000033e-01 3.990819999999999923e-01 3.660649999999999737e-01 4.519639999999999769e-01 1.647240000000000093e-01
3.354210000000000247e-01 4.259800000000000253e-01 4.462050000000000183e-01 3.633830000000000116e-01 3.816649999999999765e-01
5.785479999999999512e-01 6.630920000000000147e-01 5.849550000000000027e-01 3.408240000000000158e-01 2.240099999999999869e-01
6.322569999999999579e-01 3.485710000000000197e-01 4.269950000000000134e-01 5.077909999999999924e-01 4.515270000000000117e-01
7.299670000000000325e-01 5.573540000000000161e-01 4.513889999999999847e-01 4.971459999999999768e-01 5.360530000000000017e-01
5.571890000000000454e-01 6.765889999999999960e-01 4.320490000000000164e-01 4.470950000000000202e-01 3.308840000000000114e-01
7.346009999999999485e-01 4.405519999999999992e-01 3.601750000000000229e-01 4.551470000000000238e-01 6.618239999999999679e-01
5.776409999999999600e-01 4.159709999999999797e-01 2.176150000000000029e-01 4.534670000000000090e-01 4.205499999999999794e-01
4.704780000000000073e-01 3.238139999999999907e-01 3.469169999999999754e-01 6.388610000000000122e-01 3.310420000000000029e-01
6.220970000000000111e-01 5.872110000000000385e-01 2.580799999999999761e-01 5.523080000000000211e-01 6.451259999999999772e-01
6.322079999999999922e-01 5.208230000000000359e-01 4.643700000000000050e-01 6.664949999999999486e-01 7.789740000000000553e-01
