5
11
5.468939999999999912e-01 6.531510000000000371e-01 5.016140000000000043e-01 6.185220000000000162e-01 5.009029999999999871e-01
4.230010000000000159e-01 3.852329999999999921e-01 6.099529999999999674e-01 4.741159999999999819e-01 4.611179999999999723e-01
4.560899999999999954e-01 5.124360000000000026e-01 5.174309999999999743e-01 4.653689999999999771e-01 4.531020000000000048e-01
3.194210000000000105e-01 5.076749999999999874e-01 4.890490000000000115e-01 4.434670000000000001e-01 3.431029999999999913e-01
5.363010000000000277e-01 6.086340000000000083e-01 3.193550000000000000e-01 3.950469999999999815e-01 5.509349999999999525e-01
4.945930000000000049e-01 6.293450000000000433e-01 4.059869999999999868e-01 4.234899999999999776e-01 6.007839999999999847e-01
3.447640000000000149e-01 4.569139999999999868e-01 3.503569999999999740e-01 4.537140000000000062e-01 5.696219999999999617e-01
4.404440000000000022e-01 5.375309999999999810e-01 2.773559999999999914e-01 5.163640000000000452e-01 5.352740000000000276e-01
5.087369999999999948e-01 3.503649999999999820e-01 5.889539999999999775e-01 5.426010000000000000e-01 4.910749999999999837e-01
4.819760000000000155e-01 5.711070000000000313e-01 6.034089999999999732e-01 4.899370000000000114e-01 3.728219999999999867e-01
4.969709999999999961e-01 5.885409999999999808e-01 6.009010000000000185e-01 3.398909999999999987e-01 5.417969999999999731e-01
