5
65
0.371242 0.468833 0.670708 0.591626 0.463816 
0.728844 0.673139 0.44853 0.437643 0.467335 
0.463478 0.670404 0.486188 0.366174 0.288993 
0.473117 0.673305 0.242543 0.42801 0.5673589999999999 
0.478697 0.454301 0.438838 0.54425 0.209907 
0.631841 0.347789 0.297048 0.479824 0.404719 
0.317632 0.434546 0.408135 0.524325 0.323832 
0.416524 0.518871 0.669324 0.321318 0.396036 
0.49971 0.621437 0.48553 0.300212 0.669591 
0.632795 0.380404 0.454495 0.695343 0.62867 
0.259621 0.446086 0.363331 0.505291 0.431907 
0.523031 0.583282 0.219638 0.456686 0.517158 
0.680332 0.335365 0.477855 0.30086 0.556626 
0.459074 0.657377 0.539791 0.26242 0.488059 
0.357028 0.569733 0.499106 0.470182 0.345116 
0.532613 0.630787 0.632043 0.75442 0.539319 
0.507247 0.308292 0.470543 0.415147 0.370709 
0.446856 0.308248 0.716871 0.457686 0.333787 
0.464424 0.576749 0.412962 0.645425 0.651715 
0.525833 0.677911 0.6521439999999999 0.590622 0.580498 
0.509705 0.609483 0.581527 0.731749 0.508494 
0.460069 0.379167 0.651786 0.5714 0.525326 
0.406588 0.517002 0.255397 0.449615 0.684306 
0.481551 0.423848 0.612218 0.55276 0.230145 
0.510521 0.318582 0.405817 0.572399 0.305328 
0.619653 0.507906 0.374927 0.402195 0.697232 
0.371602 0.508082 0.33108 0.460919 0.672715 
0.6795679999999999 0.5000019999999999 0.532233 0.23838 0.460519 
0.590792 0.447031 0.25277 0.310442 0.603661 
0.457989 0.427705 0.436767 0.742828 0.705825 
0.475498 0.690588 0.710921 0.447112 0.6096510000000001 
0.579538 0.288492 0.677552 0.614656 0.5262520000000001 
0.642611 0.370239 0.607695 0.5283949999999999 0.729884 
0.67254 0.376055 0.356605 0.462513 0.455239 
0.363339 0.634935 0.355367 0.655296 0.565531 
0.408368 0.436155 0.461866 0.5896479999999999 0.220882 
0.469879 0.26124 0.661181 0.474771 0.472874 
0.459125 0.512369 0.385456 0.365843 0.7217209999999999 
0.378202 0.441082 0.271584 0.510701 0.350283 
0.751684 0.559846 0.334361 0.60115 0.529886 
0.351901 0.398026 0.627325 0.451315 0.255782 
0.397436 0.703301 0.379043 0.572711 0.55798 
0.610488 0.476248 0.302712 0.672673 0.623381 
0.672377 0.639228 0.512856 0.5705789999999999 0.714657 
0.424323 0.603927 0.208215 0.470377 0.629092 
0.408066 0.366773 0.358815 0.598698 0.312281 
0.650768 0.451859 0.399862 0.475319 0.69402 
0.468714 0.671227 0.317512 0.416102 0.417959 
0.348278 0.5048820000000001 0.551299 0.685924 0.317851 
0.273306 0.448944 0.399613 0.301392 0.486998 
0.428016 0.65791 0.495129 0.639578 0.389191 
0.6841 0.664334 0.454297 0.377495 0.551067 
0.516077 0.708416 0.34346 0.534635 0.614283 
0.728127 0.622088 0.430809 0.606922 0.53555 
0.412592 0.440429 0.284066 0.294549 0.4824 
0.493917 0.267062 0.50285 0.394754 0.632508 
0.668672 0.36588 0.353278 0.539802 0.45001 
0.693892 0.250281 0.468403 0.442289 0.553573 
0.644295 0.659981 0.304362 0.418373 0.602244 
0.482137 0.278726 0.548132 0.462809 0.431112 
0.717352 0.528966 0.333935 0.442292 0.5996939999999999 
0.258916 0.605243 0.319062 0.477919 0.384014 
0.680868 0.35477 0.623347 0.58716 0.397359 
0.251236 0.5220630000000001 0.304849 0.591803 0.433602 
0.377421 0.308763 0.387667 0.515481 0.692221 
