5
336
0.629282 0.34722 0.7284350000000001 0.801587 0.27054 
0.874017 0.597531 0.698304 0.396113 0.479527 
0.578361 0.505277 0.192044 0.683003 0.234181 
0.625783 0.531335 0.149062 0.289602 0.333323 
0.317353 0.754533 0.441581 0.653758 0.7179450000000001 
0.495644 0.287153 0.174369 0.617795 0.276529 
0.284001 0.20767 0.303609 0.758587 0.575361 
0.6706299999999999 0.276804 0.246946 0.41514 0.255216 
0.665417 0.669194 0.137174 0.48781 0.626177 
0.714118 0.173485 0.770781 0.515532 0.545663 
0.804577 0.5216460000000001 0.297212 0.234753 0.495373 
0.290881 0.843966 0.535587 0.604768 0.342959 
0.249942 0.782256 0.372305 0.329601 0.60855 
0.837704 0.29699 0.506615 0.680764 0.598032 
0.256595 0.5932809999999999 0.274185 0.229269 0.327118 
0.449608 0.565158 0.60761 0.109145 0.404307 
0.575106 0.808504 0.529025 0.319353 0.365197 
0.865811 0.689743 0.514145 0.240167 0.490165 
0.316821 0.810762 0.477274 0.537292 0.272086 
0.430986 0.582539 0.728753 0.146809 0.422935 
0.674161 0.628991 0.453251 0.781829 0.192723 
0.345616 0.772329 0.538632 0.794279 0.450826 
0.619479 0.589727 0.537551 0.623735 0.115792 
0.745888 0.137522 0.340604 0.530285 0.492358 
0.635556 0.785937 0.247831 0.29187 0.465194 
0.651065 0.447681 0.179243 0.531847 0.750031 
0.868107 0.278604 0.494658 0.709494 0.46228 
0.536428 0.7400910000000001 0.715191 0.215309 0.7038140000000001 
0.808324 0.509643 0.566838 0.854315 0.479516 
0.588636 0.20695 0.209395 0.309965 0.581288 
0.718421 0.505307 0.690294 0.77321 0.335808 
0.6602440000000001 0.727185 0.790133 0.770712 0.356259 
0.525326 0.156498 0.256112 0.470973 0.647659 
0.822775 0.377361 0.314666 0.589355 0.283061 
0.141211 0.327984 0.430622 0.460267 0.715524 
0.139017 0.456464 0.7869620000000001 0.46679 0.341858 
0.461603 0.168963 0.758938 0.475732 0.620646 
0.822533 0.307876 0.479427 0.734368 0.515315 
0.293668 0.684105 0.753836 0.7204429999999999 0.479959 
0.110636 0.467033 0.427246 0.722291 0.550442 
0.14734 0.350185 0.553324 0.717638 0.343545 
0.589664 0.486118 0.179587 0.318782 0.763651 
0.357615 0.44305 0.338049 0.5863699999999999 0.125794 
0.303061 0.542975 0.77752 0.786598 0.348072 
0.194114 0.468241 0.718118 0.406427 0.821319 
0.216828 0.227153 0.767798 0.372962 0.379253 
0.570567 0.516861 0.88176 0.748463 0.412954 
0.162939 0.518802 0.507389 0.695139 0.207482 
0.527386 0.7709009999999999 0.533209 0.645135 0.781929 
0.732534 0.693202 0.65067 0.813378 0.437763 
0.277585 0.374616 0.165611 0.420874 0.628548 
0.429077 0.504184 0.8249880000000001 0.565646 0.818763 
0.692259 0.801615 0.743214 0.189471 0.434941 
0.314309 0.594418 0.389646 0.779155 0.257076 
0.414509 0.655416 0.574536 0.233427 0.200574 
0.19506 0.36589 0.506409 0.208165 0.623744 
0.171159 0.666906 0.690871 0.468109 0.507795 
0.582662 0.799868 0.386299 0.526163 0.225649 
0.22214 0.499988 0.30429 0.200301 0.455511 
0.564631 0.756339 0.789956 0.787143 0.520663 
0.455239 0.197459 0.695272 0.438702 0.256305 
0.354782 0.819875 0.632558 0.402605 0.584444 
0.177564 0.311697 0.687375 0.719797 0.625685 
0.259385 0.485912 0.716379 0.189839 0.630553 
0.574445 0.694504 0.530679 0.113858 0.613706 
0.257365 0.527366 0.437466 0.497283 0.835988 
0.456608 0.210647 0.352098 0.709246 0.292422 
0.742769 0.724531 0.193392 0.333283 0.483771 
0.847339 0.227019 0.514625 0.301445 0.38502 
0.664288 0.695594 0.841236 0.659922 0.314303 
0.444602 0.429113 0.109139 0.301398 0.590236 
0.481811 0.792504 0.610946 0.176793 0.357835 
0.865336 0.706471 0.656425 0.542473 0.340397 
0.250051 0.607514 0.483718 0.847238 0.533667 
0.341093 0.755908 0.549226 0.840149 0.389122 
0.394332 0.543508 0.742353 0.719093 0.7984599999999999 
0.275159 0.600014 0.443164 0.25277 0.30624 
0.689675 0.373092 0.5568070000000001 0.256611 0.852897 
0.239406 0.692705 0.299418 0.311935 0.689029 
0.517026 0.649345 0.5357189999999999 0.833804 0.751938 
0.82476 0.7439519999999999 0.6014350000000001 0.317761 0.616248 
0.807687 0.797668 0.401594 0.5830109999999999 0.668002 
0.107615 0.682247 0.533017 0.412124 0.573949 
0.274552 0.387675 0.6503139999999999 0.8252350000000001 0.719148 
0.712157 0.230763 0.43908 0.61577 0.244971 
0.407437 0.793513 0.569327 0.6761239999999999 0.6157049999999999 
0.52625 0.683216 0.810933 0.358465 0.727082 
0.582211 0.226792 0.687131 0.6146160000000001 0.846595 
0.839856 0.453337 0.227195 0.459899 0.522643 
0.428126 0.514896 0.860735 0.381191 0.681943 
0.536639 0.299438 0.654323 0.204185 0.738661 
0.518448 0.560257 0.234534 0.812831 0.251437 
0.895259 0.61769 0.50809 0.475062 0.361608 
0.094629 0.433172 0.314648 0.289793 0.542682 
0.476214 0.7272149999999999 0.304498 0.697224 0.249244 
0.541878 0.34675 0.8201079999999999 0.549726 0.249411 
0.247537 0.34969 0.245813 0.380893 0.672957 
0.560465 0.742735 0.152517 0.359532 0.651494 
0.691107 0.439021 0.624592 0.510254 0.8355590000000001 
0.312042 0.486472 0.14314 0.745667 0.418267 
0.421889 0.688021 0.571003 0.848181 0.378652 
0.286218 0.473944 0.581765 0.728911 0.803032 
0.195838 0.453661 0.6772359999999999 0.29789 0.645255 
0.583367 0.645493 0.800156 0.228388 0.508772 
0.345226 0.212486 0.247669 0.570164 0.752452 
0.578186 0.572384 0.063626 0.366537 0.390493 
0.454649 0.283586 0.227511 0.775733 0.750644 
0.79501 0.734657 0.38316 0.771379 0.560153 
0.586811 0.532451 0.896379 0.433471 0.34453 
0.328938 0.456756 0.704426 0.289836 0.277899 
0.750017 0.528452 0.70008 0.242857 0.698381 
0.692348 0.294151 0.788639 0.658045 0.766999 
0.348148 0.320754 0.906149 0.6418430000000001 0.449584 
0.082374 0.466432 0.318715 0.646663 0.4719 
0.299535 0.291638 0.567154 0.150091 0.576165 
0.606724 0.216864 0.828743 0.682959 0.487264 
0.254967 0.227481 0.271097 0.325602 0.396082 
0.487371 0.240386 0.164364 0.463704 0.474818 
0.838653 0.244501 0.322154 0.444009 0.460448 
0.395346 0.579526 0.096542 0.5817600000000001 0.638524 
0.222138 0.47827 0.286928 0.395532 0.701394 
0.768656 0.803152 0.569191 0.395817 0.502676 
0.393804 0.668664 0.231345 0.2187 0.6843129999999999 
0.851091 0.282762 0.375346 0.440676 0.444705 
0.307105 0.5148740000000001 0.494477 0.675782 0.864075 
0.702777 0.574597 0.244108 0.72746 0.415275 
0.589166 0.119502 0.469466 0.316801 0.471771 
0.266057 0.616018 0.413882 0.118493 0.514999 
0.40202 0.742879 0.566569 0.321822 0.868731 
0.7547700000000001 0.426346 0.59244 0.145319 0.375712 
0.269279 0.778829 0.779768 0.553431 0.520082 
0.401064 0.6907759999999999 0.880029 0.649051 0.605952 
0.724471 0.191256 0.445662 0.244685 0.416254 
0.705396 0.584126 0.401293 0.532624 0.807162 
0.279127 0.292819 0.413253 0.541726 0.796582 
0.398135 0.454524 0.1841 0.163539 0.603212 
0.283186 0.505466 0.364111 0.606227 0.849293 
0.239459 0.594444 0.820292 0.645948 0.439929 
0.262317 0.765882 0.182393 0.486681 0.65293 
0.335427 0.52053 0.554223 0.831281 0.333908 
0.479456 0.217779 0.209875 0.371845 0.604552 
0.119817 0.766439 0.538732 0.465491 0.503955 
0.123357 0.261113 0.522008 0.382675 0.625764 
0.8887119999999999 0.584487 0.467089 0.369173 0.689708 
0.367063 0.235566 0.16217 0.589437 0.661394 
0.183186 0.802724 0.386423 0.617682 0.384152 
0.533002 0.164678 0.743702 0.391287 0.353857 
0.124381 0.477857 0.346801 0.683442 0.6146740000000001 
0.6269670000000001 0.441587 0.755947 0.206844 0.434336 
0.881925 0.516188 0.567891 0.538083 0.558741 
0.492633 0.676308 0.707481 0.635914 0.799219 
0.500966 0.729828 0.212402 0.83623 0.519299 
0.760915 0.697941 0.2983 0.521887 0.348837 
0.53333 0.683568 0.719615 0.573918 0.832784 
0.608542 0.76359 0.6558310000000001 0.546963 0.801968 
0.670459 0.412556 0.836468 0.512955 0.231835 
0.423174 0.292925 0.186693 0.741444 0.451381 
0.5623629999999999 0.629547 0.8004559999999999 0.256039 0.252337 
0.148706 0.296943 0.717404 0.410207 0.357342 
0.731571 0.513248 0.162823 0.572063 0.666429 
0.56297 0.835399 0.548479 0.286763 0.61847 
0.481987 0.762619 0.333085 0.152171 0.54155 
0.651766 0.228269 0.514081 0.153844 0.650558 
0.47292 0.360708 0.426796 0.163733 0.853871 
0.280996 0.704978 0.557416 0.486653 0.184224 
0.126038 0.323406 0.484765 0.437755 0.340146 
0.6023770000000001 0.152573 0.287637 0.323177 0.6312720000000001 
0.207501 0.464899 0.555912 0.213343 0.650325 
0.304173 0.239928 0.475723 0.477557 0.295083 
0.321385 0.5094 0.484135 0.851753 0.407139 
0.553308 0.448403 0.312095 0.382529 0.16758 
0.510215 0.189172 0.407931 0.088627 0.550215 
0.467881 0.67998 0.424421 0.247982 0.825219 
0.390028 0.199478 0.6238899999999999 0.717113 0.514109 
0.579743 0.734074 0.583395 0.124569 0.6227819999999999 
0.722403 0.420639 0.674314 0.188292 0.625351 
0.503314 0.196744 0.680441 0.177864 0.367015 
0.53657 0.133677 0.706166 0.524628 0.425561 
0.732765 0.580615 0.390805 0.266149 0.16884 
0.5369080000000001 0.804359 0.85748 0.6724830000000001 0.423797 
0.857776 0.636616 0.606674 0.369886 0.677772 
0.369919 0.230643 0.411815 0.382507 0.798363 
0.086476 0.407486 0.623053 0.654105 0.5510389999999999 
0.7781130000000001 0.7501370000000001 0.554637 0.781128 0.415931 
0.698883 0.134073 0.372424 0.334897 0.615241 
0.688657 0.255828 0.708839 0.455094 0.765814 
0.869798 0.689334 0.633992 0.502148 0.607029 
0.568442 0.805748 0.214411 0.600502 0.635697 
0.167869 0.379039 0.504864 0.256895 0.628947 
0.753755 0.352432 0.332281 0.641682 0.75171 
0.5283330000000001 0.687506 0.906023 0.522963 0.434974 
0.382242 0.335845 0.552101 0.153829 0.410585 
0.166733 0.281508 0.308051 0.41873 0.592234 
0.8668670000000001 0.426104 0.527307 0.445091 0.637284 
0.338698 0.503686 0.447986 0.304881 0.12852 
0.6091839999999999 0.553242 0.333623 0.20109 0.716041 
0.501439 0.677686 0.86163 0.419842 0.277221 
0.205199 0.773638 0.53498 0.40398 0.699884 
0.238691 0.681099 0.232149 0.732037 0.353908 
0.212395 0.718944 0.294006 0.364867 0.325822 
0.298651 0.422633 0.184972 0.822665 0.536529 
0.414553 0.392769 0.275709 0.833252 0.464104 
0.374995 0.5455179999999999 0.52655 0.7307 0.871254 
0.484459 0.296714 0.8771060000000001 0.5275570000000001 0.64861 
0.646373 0.583933 0.164056 0.294239 0.266532 
0.632462 0.790717 0.58775 0.306967 0.200648 
0.408057 0.217313 0.381675 0.80386 0.470712 
0.252558 0.738112 0.443339 0.193466 0.577832 
0.682601 0.468214 0.277603 0.670484 0.820154 
0.780635 0.139084 0.576644 0.659041 0.500951 
0.781785 0.453154 0.16098 0.58526 0.469514 
0.727588 0.564474 0.117835 0.455439 0.564872 
0.543066 0.313195 0.868312 0.713183 0.458371 
0.223225 0.7425659999999999 0.313126 0.713069 0.551812 
0.676401 0.26485 0.340376 0.702282 0.255573 
0.593543 0.67183 0.443965 0.713264 0.832689 
0.681069 0.7185279999999999 0.301615 0.243429 0.30676 
0.753771 0.625346 0.186491 0.354872 0.34046 
0.414428 0.29153 0.747272 0.405138 0.159384 
0.5457109999999999 0.771621 0.638411 0.7728120000000001 0.6458739999999999 
0.556813 0.356232 0.197403 0.7458399999999999 0.326546 
0.643529 0.78612 0.324361 0.533314 0.406138 
0.409687 0.610553 0.556248 0.8597860000000001 0.42911 
0.6453 0.564829 0.08522299999999999 0.33584 0.466097 
0.734721 0.454966 0.608389 0.197817 0.701979 
0.518551 0.278489 0.566694 0.427687  0.136 
0.760974 0.690059 0.817551 0.58616 0.59146 
0.8033400000000001 0.737587 0.627818 0.738892 0.565781 
0.707182 0.599841 0.520993 0.331122 0.169065 
0.574326 0.702357 0.507471 0.068331 0.433176 
0.88502 0.5240939999999999 0.450726 0.359213 0.295151 
0.858728 0.633151 0.374918 0.24487 0.524614 
0.598758 0.330687 0.863173 0.344244 0.7027910000000001 
0.554266 0.546251 0.8370069999999999 0.568408 0.240379 
0.329255 0.787985 0.667256 0.568052 0.243964 
0.703832 0.299178 0.292899 0.746373 0.293945 
0.342997 0.748987 0.217251 0.345722 0.541457 
0.291854 0.19549 0.594825 0.225956 0.642485 
0.888472 0.554204 0.5046310000000001 0.341245 0.300472 
0.833265 0.68926 0.39831 0.395392 0.349524 
0.506721 0.465411 0.159862 0.806889 0.383701 
0.546522 0.391155 0.144253 0.466154 0.650599 
0.750381 0.653674 0.303054 0.436614 0.17898 
0.840508 0.411701 0.465086 0.697957 0.557611 
0.812318 0.629603 0.7378670000000001 0.326152 0.635408 
0.625491 0.628655 0.800898 0.692014 0.672532 
0.619016 0.7985679999999999 0.537917 0.769885 0.450812 
0.519754 0.510953 0.584317 0.616045 0.862944 
0.256129 0.756675 0.434615 0.575313 0.280822 
0.102242 0.38761 0.554442 0.509526 0.595118 
0.7571099999999999 0.749899 0.551277 0.308661 0.670311 
0.345774 0.418707 0.200164 0.155505 0.571834 
0.346673 0.534846 0.151082 0.232189 0.406686 
0.5013300000000001 0.846284 0.493054 0.752027 0.31175 
0.6680430000000001 0.790311 0.760142 0.713658 0.451645 
0.30764 0.502403 0.886558 0.381604 0.622821 
0.286628 0.350192 0.682428 0.564991 0.80894 
0.5514829999999999 0.7760089999999999 0.382743 0.763867 0.307707 
0.494509 0.218681 0.377363 0.342191 0.207756 
0.7469789999999999 0.483628 0.331302 0.190255 0.612605 
0.768572 0.384677 0.265855 0.220407 0.376816 
0.463825 0.499539 0.751562 0.499382 0.117801 
0.220648 0.430969 0.301275 0.523722 0.20274 
0.756796 0.467585 0.699623 0.56371 0.267571 
0.317156 0.443142 0.882653 0.7527 0.6365769999999999 
0.6010219999999999 0.370927 0.176274 0.63609 0.759308 
0.339453 0.194167 0.366074 0.6016359999999999 0.693384 
0.409752 0.708498 0.729471 0.219226 0.538817 
0.758808 0.28906 0.225715 0.584653 0.263725 
0.214064 0.770718 0.452688 0.319419 0.48227 
0.671578 0.209711 0.612972 0.218854 0.276485 
0.463817 0.36977 0.7234969999999999 0.807535 0.239963 
0.31649 0.249399 0.645784 0.684578 0.698892 
0.426091 0.311189 0.160609 0.351917 0.671996 
0.582421 0.744103 0.136803 0.247306 0.471584 
0.5037509999999999 0.544852 0.325889 0.214425 0.8480259999999999 
0.424379 0.54414 0.368856 0.360154 0.104041 
0.611744 0.576742 0.307955 0.802921 0.695107 
0.787304 0.210015 0.716931 0.455854 0.531749 
0.109937 0.708367 0.529753 0.550802 0.328934 
0.752707 0.748126 0.756219 0.76536 0.408267 
0.244268 0.409517 0.757583 0.691723 0.784871 
0.730336 0.751198 0.37769 0.838369 0.461008 
0.477732 0.249037 0.5577839999999999 0.675324 0.164047 
0.5276 0.375781 0.759192 0.745775 0.243244 
0.784711 0.636915 0.632964 0.225876 0.305819 
0.399507 0.520509 0.194844 0.747587 0.693119 
0.244397 0.577453 0.251049 0.388392 0.706014 
0.713947 0.306452 0.53285 0.617852 0.242835 
0.391585 0.373071 0.212635 0.750839 0.353248 
0.3419 0.314537 0.428001 0.412874 0.17852 
0.473354 0.664112 0.728398 0.182693 0.525329 
0.320528 0.106462 0.308775 0.576869 0.44151 
0.441275 0.509087 0.221371 0.581494 0.164283 
0.568481 0.460268 0.719633 0.873597 0.54623 
0.472618 0.286701 0.584912 0.610036 0.883042 
0.704838 0.209888 0.595562 0.612226 0.686747 
0.49722 0.769575 0.244234 0.837535 0.449874 
0.72378 0.564488 0.354512 0.28969 0.82542 
0.825356 0.761274 0.73568 0.571878 0.559353 
0.539884 0.828508 0.725618 0.456991 0.652618 
0.407909 0.7349059999999999 0.568342 0.129739 0.528618 
0.770999 0.17526 0.588465 0.334579 0.262693 
0.139723 0.323243 0.747461 0.5702 0.356287 
0.757992 0.576001 0.8433040000000001 0.40771 0.389924 
0.774819 0.387121 0.342789 0.24761 0.578516 
0.287482 0.702533 0.465987 0.851467 0.601467 
0.586081 0.264601 0.150389 0.579719 0.34544 
0.123429 0.476814 0.812791 0.579793 0.585356 
0.35591 0.783097 0.509389 0.297836 0.726244 
0.111399 0.283965 0.601376 0.334237 0.525487 
0.845461 0.657144 0.620955 0.398065 0.279919 
0.131989 0.347379 0.401594 0.585429 0.313178 
0.160206 0.579353 0.183951 0.662365 0.362264 
0.407712 0.417676 0.882224 0.547111 0.294251 
0.48448 0.660594 0.595028 0.6414069999999999 0.127844 
0.291632 0.464722 0.58352 0.213708 0.793798 
0.487464 0.804767 0.726685 0.389136 0.215088 
0.270993 0.57597 0.334316 0.8476590000000001 0.597795 
0.240755 0.37343 0.231003 0.468392 0.267542 
0.163596 0.559485 0.259736 0.389976 0.324537 
0.154556 0.6245270000000001 0.42404 0.837481 0.5383289999999999 
0.531707 0.403239 0.240711 0.635974 0.81984 
0.582573 0.300336 0.7460909999999999 0.546431 0.860372 
0.324242 0.536212 0.119511 0.624405 0.370393 
0.390288 0.56415 0.669884 0.7380370000000001 0.188881 
0.827784 0.562117 0.504331 0.284628 0.735553 
0.67066 0.778764 0.686064 0.673689 0.698727 
0.7492490000000001 0.627755 0.677003 0.387148 0.790973 
0.892095 0.445799 0.536175 0.496783 0.425678 
0.366116 0.316637 0.722633 0.296828 0.789261 
0.295938 0.826166 0.373561 0.43753 0.574692 
0.454375 0.6821970000000001 0.689577 0.716234 0.743982 
0.6863590000000001 0.634348 0.478826 0.622785 0.13995 
0.821813 0.21911 0.581106 0.641599 0.348543 
0.466664 0.227384 0.643431 0.148726 0.646015 
