5
461
0.849253 0.398742 0.664203 0.254102 0.685265 
0.713348 0.242688 0.853371 0.601753 0.669848 
0.18067 0.527792 0.606914 0.398103 0.914254 
0.115571 0.401597 0.639095 0.267792 0.77221 
0.4987 0.651137 0.654147 0.255436 0.114685 
0.306926 0.503264 0.358986 0.480985 0.917361 
0.080943 0.413628 0.839801 0.543145 0.645509 
0.622133 0.184606 0.668987 0.662157 0.868346 
0.284648 0.08458499999999999 0.627739 0.412057 0.438406 
0.098325 0.547613 0.730976 0.510107 0.375051 
0.670561 0.12207 0.635532 0.383482 0.180151 
0.352145 0.498973 0.244472 0.8396980000000001 0.797059 
0.170361 0.257941 0.209219 0.33596 0.484869 
0.837893 0.469495 0.795955 0.609774 0.474159 
0.726892 0.867511 0.264263 0.47631 0.341005 
0.264875 0.759056 0.447797 0.117889 0.362734 
0.237502 0.69371 0.188824 0.568739 0.797195 
0.686828 0.513529 0.8839630000000001 0.769694 0.242963 
0.838074 0.513373 0.261746 0.165314 0.435367 
0.5058240000000001 0.382244 0.377646 0.095427 0.841855 
0.821075 0.813078 0.403928 0.820279 0.422724 
0.517601 0.322933 0.530309 0.9021709999999999 0.7812480000000001 
0.440855 0.451799 0.388593 0.08309999999999999 0.663523 
0.182884 0.739603 0.513602 0.110989 0.395657 
0.321807 0.607878 0.600292 0.100957 0.783543 
0.815536 0.714025 0.621266 0.618183 0.80077 
0.395278 0.430795 0.374612 0.099384 0.348111 
0.782514 0.715846 0.223567 0.495104 0.218167 
0.537666 0.554688 0.645034 0.083137 0.28622 
0.704457 0.811652 0.428386 0.882409 0.6549469999999999 
0.457715 0.808026 0.495022 0.83369 0.833804 
0.712786 0.79349 0.178705 0.49358 0.598469 
0.298103 0.218713 0.904586 0.385289 0.560285 
0.176844 0.213969 0.178286 0.458934 0.304512 
0.572723 0.759822 0.331041 0.8116989999999999 0.218575 
0.297688 0.235189 0.815462 0.467058 0.837019 
0.344867 0.180077 0.551324 0.099923 0.403768 
0.838618 0.644805 0.239138 0.186196 0.394089 
0.455756 0.897916 0.281284 0.541306 0.728212 
0.06232 0.409196 0.365128 0.708776 0.40622 
0.12094 0.631949 0.166278 0.628274 0.398857 
0.8619790000000001 0.282238 0.578194 0.705292 0.838345 
0.258083 0.594305 0.476897 0.206808 0.827542 
0.294592 0.214901 0.839845 0.278308 0.516101 
0.202807 0.575379 0.386789 0.767408 0.831941 
0.922806 0.601214 0.6044389999999999 0.8026720000000001 0.508586 
0.411114 0.588928 0.110796 0.15669 0.492746 
0.579296 0.234972 0.179401 0.194526 0.404775 
0.602267 0.30544 0.528107 0.888664 0.779036 
0.094356 0.845448 0.441692 0.517186 0.33915 
0.809696 0.565814 0.629197 0.909289 0.422157 
0.11045 0.336806 0.7050380000000001 0.573232 0.302328 
0.723348 0.311142 0.368604 0.12237 0.680206 
0.221736 0.7251 0.749522 0.208748 0.427461 
0.200464 0.193284 0.525298 0.676256 0.834356 
0.068644 0.694249 0.249396 0.602997 0.56749 
0.278226 0.145069 0.181209 0.575146 0.473847 
0.637051 0.914178 0.597289 0.633922 0.323513 
0.692599 0.509292 0.6736529999999999 0.08368399999999999 0.472351 
0.117429 0.636652 0.21465 0.619883 0.366016 
0.586223 0.6483409999999999 0.666826 0.337543 0.08532099999999999 
0.250387 0.251336 0.197344 0.7576270000000001 0.444651 
0.246241 0.574986 0.786272 0.87456 0.726967 
0.13356 0.737638 0.482465 0.796895 0.42257 
0.286853 0.140393 0.591697 0.644056 0.646729 
0.5775709999999999 0.233578 0.751658 0.1126 0.47592 
0.704196 0.420041 0.629325 0.067966 0.30642 
0.656768 0.29433 0.80165 0.3388 0.215148 
0.23706 0.261219 0.302945 0.595594 0.150461 
0.803513 0.646296 0.30447 0.234913 0.180561 
0.63775 0.670903 0.873411 0.415291 0.799787 
0.158363 0.600024 0.6056240000000001 0.714176 0.161518 
0.216738 0.713494 0.701882 0.525623 0.150488 
0.25565 0.715855 0.379539 0.911684 0.676633 
0.875298 0.127301 0.551227 0.478284 0.510989 
0.152935 0.38542 0.7546659999999999 0.672769 0.235629 
0.490578 0.138916 0.762219 0.6181219999999999 0.782247 
0.831661 0.720367 0.20261 0.260035 0.401278 
0.356022 0.658765 0.855695 0.669353 0.81686 
0.922032 0.594853 0.689684 0.519508 0.365748 
0.120978 0.279565 0.6551709999999999 0.457475 0.7799739999999999 
0.923449 0.411653 0.6465959999999999 0.344535 0.59741 
0.226427 0.558348 0.161948 0.852416 0.551396 
0.500251 0.717611 0.885186 0.319118 0.409468 
0.467561 0.300596 0.109581 0.730219 0.784893 
0.925356 0.464947 0.366364 0.477456 0.603859 
0.5043 0.766225 0.935542 0.65167 0.614065 
0.52113 0.628866 0.348286 0.641405 0.09647600000000001 
0.192678 0.340209 0.897984 0.424552 0.44986 
0.285195 0.274191 0.32551 0.847298 0.543558 
0.476345 0.93447 0.6438120000000001 0.555032 0.42865 
0.269719 0.16617 0.824147 0.439472 0.214205 
0.148768 0.341153 0.752174 0.783505 0.375243 
0.689842 0.172443 0.255946 0.679464 0.7493840000000001 
0.116529 0.509587 0.63698 0.718168 0.25558 
0.539795 0.327652 0.855523 0.779959 0.775469 
0.280047 0.756903 0.271156 0.319825 0.298999 
0.273172 0.206196 0.53643 0.773447 0.329244 
0.271594 0.68303 0.68084 0.8724 0.423312 
0.729417 0.304739 0.742886 0.683456 0.838688 
0.834218 0.694491 0.305036 0.747888 0.7566619999999999 
0.508846 0.174966 0.651192 0.589391 0.889581 
0.453168 0.391701 0.319255 0.714412 0.126309 
0.840741 0.341063 0.247766 0.195255 0.6533949999999999 
0.793335 0.588678 0.904123 0.595563 0.632066 
0.150662 0.171748 0.56418 0.166984 0.492189 
0.725285 0.859259 0.5650269999999999 0.401787 0.841246 
0.722187 0.791207 0.814289 0.753756 0.378573 
0.643888 0.817496 0.657718 0.263653 0.213005 
0.23971 0.800116 0.544582 0.789146 0.178621 
0.700412 0.818957 0.215526 0.349884 0.505543 
0.7546580000000001 0.53987 0.592449 0.282852 0.889263 
0.49356 0.26217 0.293368 0.632825 0.897688 
0.559541 0.204684 0.130978 0.355533 0.446681 
0.688449 0.762904 0.130915 0.288588 0.294636 
0.537205 0.801754 0.075957 0.60568 0.668485 
0.733361 0.599432 0.648768 0.840883 0.71412 
0.700547 0.091054 0.345415 0.397787 0.601292 
0.768517 0.464734 0.788085 0.348415 0.805709 
0.742044 0.526931 0.130588 0.792903 0.328264 
0.353433 0.154733 0.592709 0.656344 0.178344 
0.136148 0.23652 0.193587 0.621602 0.269299 
0.246638 0.243405 0.900971 0.611309 0.278622 
0.415564 0.380483 0.77867 0.09987 0.515553 
0.901262 0.502782 0.264673 0.365127 0.6913550000000001 
0.227194 0.449999 0.127341 0.228373 0.259251 
0.76374 0.173519 0.332644 0.744881 0.207348 
0.903461 0.473995 0.436679 0.259199 0.350402 
0.583649 0.382215 0.889523 0.215118 0.493515 
0.691886 0.523239 0.077263 0.555163 0.629911 
0.686068 0.738985 0.118493 0.516173 0.317032 
0.78294 0.86698 0.325963 0.456916 0.392659 
0.415459 0.616388 0.6350710000000001 0.637826 0.941217 
0.085587 0.454801 0.8388409999999999 0.394575 0.624193 
0.883898 0.6663559999999999 0.440204 0.5125150000000001 0.839829 
0.717805 0.143249 0.579557 0.615861 0.771692 
0.314375 0.70779 0.8238490000000001 0.436685 0.366193 
0.5053339999999999 0.145703 0.825564 0.253901 0.315168 
0.88262 0.198586 0.6296389999999999 0.335707 0.234713 
0.464342 0.19368 0.186579 0.828492 0.459052 
0.16192 0.394432 0.22311 0.80399 0.666079 
0.106241 0.587508 0.252439 0.734123 0.403458 
0.70769 0.139912 0.503113 0.813859 0.523819 
0.784324 0.128906 0.516771 0.375811 0.247268 
0.430348 0.854441 0.595664 0.328541 0.792149 
0.648631 0.532878 0.08885899999999999 0.450001 0.16926 
0.744766 0.281357 0.769177 0.560256 0.225714 
0.37862 0.462744 0.34435 0.493668 0.075642 
0.255166 0.567079 0.892213 0.428241 0.452525 
0.766205 0.606748 0.617652 0.878874 0.231508 
0.53772 0.456591 0.928202 0.284862 0.668773 
0.747794 0.175477 0.246307 0.676774 0.5445489999999999 
0.681515 0.228931 0.6461750000000001 0.267556 0.815557 
0.358028 0.370576 0.274299 0.148522 0.207366 
0.8762180000000001 0.597584 0.587059 0.695797 0.26431 
0.886319 0.363812 0.594674 0.678958 0.247787 
0.565379 0.328126 0.805948 0.573582 0.197626 
0.130935 0.618861 0.189296 0.497039 0.733491 
0.286931 0.44508 0.467131 0.073687 0.458321 
0.735535 0.14093 0.606977 0.469134 0.729024 
0.439255 0.563627 0.87364 0.261036 0.232739 
0.102418 0.34078 0.497269 0.5993810000000001 0.801297 
0.224284 0.546296 0.603568 0.168606 0.759267 
0.534502 0.378837 0.114998 0.7685650000000001 0.273323 
0.610192 0.49629 0.150427 0.228134 0.251188 
0.483713 0.757321 0.296019 0.191547 0.324543 
0.097002 0.304712 0.286335 0.426584 0.602218 
0.478772 0.717696 0.320902 0.400201 0.183404 
0.345643 0.217071 0.304981 0.822318 0.703223 
0.315325 0.663338 0.728697 0.206596 0.262294 
0.375511 0.209059 0.6488159999999999 0.642999 0.890489 
0.510332 0.150906 0.275293 0.851872 0.416333 
0.753161 0.384158 0.545354 0.766119 0.168982 
0.159786 0.519021 0.182973 0.233501 0.446603 
0.274994 0.826709 0.501784 0.484429 0.797392 
0.094932 0.526651 0.42255 0.78953 0.635039 
0.905471 0.255884 0.644638 0.428422 0.494189 
0.675396 0.377056 0.180356 0.248812 0.790358 
0.945529 0.5137429999999999 0.477824 0.790471 0.45131 
0.694553 0.358701 0.680306 0.901189 0.287519 
0.308807 0.125623 0.345063 0.473656 0.730246 
0.597573 0.416013 0.937437 0.5099939999999999 0.464454 
0.679377 0.292067 0.771326 0.684077 0.275246 
0.682975 0.768895 0.82625 0.779959 0.77806 
0.175157 0.870084 0.503201 0.291336 0.49054 
0.679765 0.802331 0.770402 0.148475 0.425034 
0.433258 0.771503 0.654442 0.206593 0.207909 
0.53595 0.714267 0.686517 0.291478 0.873278 
0.399342 0.743901 0.744518 0.1138 0.633915 
0.397078 0.68577 0.736033 0.5081870000000001 0.103197 
0.335741 0.806969 0.726291 0.780237 0.445268 
0.693291 0.137125 0.653942 0.801002 0.439603 
0.92531 0.688383 0.660873 0.294967 0.503169 
0.665533 0.61756 0.337995 0.677165 0.11787 
0.142706 0.462471 0.747235 0.775366 0.576648 
0.294036 0.869261 0.673192 0.339757 0.303268 
0.549199 0.386322 0.907401 0.694385 0.5228 
0.763684 0.233744 0.538119 0.169002 0.416807 
0.585568 0.633274 0.437659 0.738926 0.130148 
0.232618 0.614851 0.79258 0.886746 0.546251 
0.151319 0.213338 0.57491 0.512037 0.812659 
0.491635 0.9023870000000001 0.422279 0.239882 0.693423 
0.354867 0.253892 0.169942 0.210186 0.589467 
0.477425 0.082561 0.596933 0.644746 0.241909 
0.194064 0.632783 0.190771 0.293888 0.378386 
0.146866 0.371968 0.669015 0.140982 0.481762 
0.447988 0.333337 0.399917 0.412989 0.104879 
0.894055 0.388928 0.7078410000000001 0.688021 0.576176 
0.180835 0.298335 0.115454 0.437765 0.519605 
0.5880609999999999 0.542519 0.114018 0.299826 0.172632 
0.648048 0.749659 0.512933 0.862282 0.368901 
0.604952 0.431808 0.390735 0.08451599999999999 0.462048 
0.64774 0.559297 0.09875200000000001 0.724261 0.6465610000000001 
0.396337 0.231958 0.520659 0.716375 0.118322 
0.689546 0.207089 0.5531740000000001 0.194456 0.218337 
0.583369 0.681486 0.742444 0.257264 0.840728 
0.105927 0.318703 0.435007 0.163957 0.630845 
0.236099 0.108547 0.355828 0.394433 0.233487 
0.579626 0.774844 0.808125 0.155026 0.524707 
0.696006 0.77925 0.856809 0.387587 0.166309 
0.903158 0.375812 0.274567 0.640662 0.609316 
0.274603 0.255917 0.189455 0.168468 0.447483 
0.227253 0.446632 0.543897 0.276917 0.143001 
0.845231 0.798141 0.362991 0.792613 0.448821 
0.32712 0.911251 0.397233 0.300263 0.512616 
0.477589 0.846185 0.826068 0.729303 0.400544 
0.776457 0.911906 0.404505 0.517792 0.528332 
0.222396 0.802504 0.67717 0.203756 0.530935 
0.792537 0.174108 0.241414 0.450004 0.215646 
0.65727 0.740688 0.750295 0.203409 0.693223 
0.854195 0.460203 0.629749 0.184296 0.460272 
0.620449 0.887929 0.429839 0.305863 0.631969 
0.51884 0.150435 0.365964 0.763175 0.677722 
0.796504 0.850814 0.638273 0.458813 0.262667 
0.343182 0.856806 0.346772 0.196744 0.674243 
0.075476 0.51737 0.44211 0.544991 0.66908 
0.305018 0.442707 0.572151 0.146325 0.283589 
0.67386 0.5712 0.157663 0.84236 0.544967 
0.303128 0.680107 0.560449 0.461886 0.91899 
0.725813 0.7309099999999999 0.408616 0.61521 0.826139 
0.541843 0.7506930000000001 0.902163 0.648388 0.455364 
0.29585 0.343954 0.826478 0.612376 0.202158 
0.237781 0.383099 0.737648 0.654481 0.865941 
0.510215 0.189172 0.407931 0.088627 0.550215 
0.632457 0.712454 0.209868 0.253745 0.699329 
0.134026 0.572695 0.277553 0.840998 0.6561399999999999 
0.215408 0.356672 0.5931959999999999 0.85103 0.266335 
0.27824 0.372363 0.301652 0.864913 0.590979 
0.577117 0.607298 0.858606 0.596073 0.193269 
0.269187 0.233677 0.405792 0.150276 0.683187 
0.416986 0.290573 0.666017 0.7403380000000001 0.856788 
0.534927 0.511939 0.154329 0.815715 0.717911 
0.282102 0.294217 0.90104 0.781563 0.729469 
0.32604 0.75823 0.575307 0.179196 0.749773 
0.411887 0.583417 0.482727 0.186581 0.863335 
0.397002 0.40914 0.423569 0.923636 0.552328 
0.419087 0.599622 0.842576 0.176081 0.400817 
0.477725 0.119275 0.661257 0.739082 0.74486 
0.63984 0.7968769999999999 0.11803 0.731338 0.599931 
0.652539 0.225763 0.396521 0.336178 0.142797 
0.728892 0.496231 0.146171 0.693773 0.24306 
0.38419 0.089459 0.536227 0.362191 0.348139 
0.193048 0.561797 0.125744 0.386642 0.289533 
0.386678 0.904474 0.497616 0.435012 0.243035 
0.103671 0.404428 0.222606 0.339772 0.548202 
0.335207 0.832197 0.740805 0.71109 0.286237 
0.866991 0.51846 0.7603529999999999 0.261163 0.374104 
0.89697 0.379573 0.484903 0.767312 0.220476 
0.456294 0.934657 0.782977 0.493394 0.478988 
0.562315 0.820982 0.236949 0.403387 0.731258 
0.236611 0.715902 0.168312 0.816124 0.603425 
0.54496 0.141145 0.220545 0.702062 0.551572 
0.835344 0.622588 0.840274 0.486433 0.476669 
0.280435 0.279219 0.838425 0.41642 0.769991 
0.5911650000000001 0.707187 0.69875 0.89556 0.671184 
0.589432 0.587208 0.210441 0.881792 0.27553 
0.647572 0.749857 0.847404 0.326147 0.550054 
0.424238 0.159704 0.145556 0.353457 0.5442979999999999 
0.152466 0.493552 0.126774 0.6896330000000001 0.660751 
0.8899 0.546221 0.329545 0.6582249999999999 0.791288 
0.751549 0.276127 0.870856 0.479344 0.338691 
0.167867 0.347107 0.830689 0.38718 0.336409 
0.402233 0.32943 0.731052 0.794798 0.171436 
0.143011 0.585753 0.751034 0.620171 0.208708 
0.675302 0.794001 0.768873 0.449081 0.710873 
0.296674 0.20443 0.854666 0.371167 0.209844 
0.525693 0.328247 0.851237 0.738371 0.803292 
0.541806 0.137043 0.28727 0.146285 0.61582 
0.7018180000000001 0.456972 0.323206 0.126931 0.333592 
0.883358 0.593121 0.577805 0.172809 0.403488 
0.809796 0.236172 0.344707 0.486389 0.7438630000000001 
0.104524 0.742712 0.764298 0.5590889999999999 0.605092 
0.385531 0.612075 0.141416 0.77993 0.276687 
0.578772 0.429039 0.858618 0.798995 0.70504 
0.666055 0.391139 0.881561 0.400295 0.75796 
0.502286 0.924644 0.488873 0.480654 0.345721 
0.540337 0.451125 0.058984 0.350228 0.287007 
0.739024 0.77151 0.76614 0.5139049999999999 0.207067 
0.598884 0.450694 0.819225 0.71392 0.850527 
0.183939 0.46849 0.908176 0.71283 0.5319 
0.637478 0.100124 0.779766 0.528207 0.5737910000000001 
0.387491 0.559829 0.051915 0.533914 0.489413 
0.398416 0.172463 0.582775 0.697497 0.827639 
0.267877 0.207871 0.687856 0.802785 0.406364 
0.331689 0.69439 0.6175929999999999 0.885387 0.693144 
0.550184 0.935289 0.401959 0.726641 0.647854 
0.319558 0.815421 0.773563 0.273612 0.590203 
0.711831 0.739579 0.106936 0.27598 0.38751 
0.611861 0.546013 0.846208 0.214092 0.241302 
0.622927 0.527384 0.735565 0.640096 0.087105 
0.532953 0.340976 0.786113 0.197942 0.803422 
0.396581 0.343432 0.056131 0.393916 0.544026 
0.7025439999999999 0.659041 0.494087 0.11795 0.378323 
0.478654 0.740114 0.089518 0.536178 0.550769 
0.163993 0.228788 0.238205 0.510127 0.7036559999999999 
0.329137 0.802795 0.581142 0.255656 0.803401 
0.214564 0.181576 0.7459249999999999 0.758287 0.523346 
0.079212 0.319554 0.741571 0.582994 0.381791 
0.09986299999999999 0.396483 0.685353 0.723411 0.361566 
0.904316 0.832417 0.4251 0.6510089999999999 0.514082 
0.7748620000000001 0.111005 0.667427 0.450676 0.505168 
0.149537 0.27325 0.504857 0.127767 0.38698 
0.097261 0.663037 0.655182 0.6515919999999999 0.311733 
0.8615620000000001 0.270038 0.534614 0.249159 0.620995 
0.453075 0.828556 0.5399040000000001 0.174621 0.852761 
0.428577 0.097263 0.695258 0.196256 0.478704 
0.574326 0.702357 0.507471 0.068331 0.433176 
0.228044 0.7307360000000001 0.471677 0.481755 0.861722 
0.473574 0.362236 0.09558899999999999 0.565142 0.344316 
0.894113 0.360337 0.178106 0.420612 0.230551 
0.388129 0.282667 0.79161 0.585405 0.907311 
0.8618170000000001 0.562591 0.45989 0.36704 0.834801 
0.533211 0.675861 0.199285 0.38501 0.855792 
0.820283 0.501144 0.727773 0.682915 0.744134 
0.078573 0.574661 0.328389 0.235705 0.487822 
0.343889 0.740514 0.823507 0.674466 0.748908 
0.375866 0.179498 0.828954 0.2303 0.647428 
0.357738 0.500978 0.936365 0.494631 0.260683 
0.782143 0.479059 0.549423 0.147479 0.679938 
0.867295 0.619062 0.567642 0.361744 0.838081 
0.732617 0.09939000000000001 0.439679 0.688432 0.482916 
0.366544 0.508186 0.08616699999999999 0.204524 0.433033 
0.497379 0.447719 0.817647 0.200763 0.231768 
0.846478 0.753065 0.765375 0.663868 0.628093 
0.630739 0.827109 0.224447 0.287537 0.63463 
0.583795 0.837715 0.47594 0.118141 0.596456 
0.110269 0.292779 0.740029 0.6611900000000001 0.626767 
0.5051870000000001 0.684677 0.373469 0.893521 0.405234 
0.763421 0.819977 0.35558 0.235892 0.629758 
0.552385 0.932509 0.674034 0.497198 0.401289 
0.688791 0.502959 0.233184 0.122019 0.767642 
0.249863 0.44332 0.887509 0.37108 0.74398 
0.079775 0.7758350000000001 0.457935 0.513984 0.531539 
0.344234 0.546929 0.234681 0.285424 0.116382 
0.453777 0.62921 0.137631 0.168664 0.732226 
0.540946 0.676997 0.28067 0.219366 0.880177 
0.7674029999999999 0.748418 0.665395 0.289889 0.158272 
0.696648 0.564684 0.635733 0.770445 0.867961 
0.348438 0.200409 0.27014 0.248573 0.761687 
0.675345 0.523238 0.065359 0.486188 0.354215 
0.476234 0.07109 0.811833 0.483871 0.418741 
0.461394 0.645234 0.44828 0.246677 0.902549 
0.580195 0.335287 0.160911 0.437249 0.84906 
0.666307 0.624744 0.064217 0.298888 0.418972 
0.748952 0.6368239999999999 0.108739 0.583947 0.391295 
0.268245 0.399547 0.17819 0.841333 0.285232 
0.8537940000000001 0.719116 0.186687 0.65213 0.342142 
0.635168 0.271401 0.429123 0.266966 0.892433 
0.74966 0.541554 0.895973 0.617564 0.400214 
0.18859 0.629782 0.749188 0.594745 0.872808 
0.285066 0.101411 0.410152 0.430935 0.717983 
0.8790750000000001 0.61815 0.25528 0.495402 0.224758 
0.528215 0.707152 0.110262 0.174656 0.440192 
0.577529 0.538268 0.671484 0.624566 0.080899 
0.672502 0.737415 0.741555 0.312617 0.145824 
0.06726699999999999 0.562758 0.267365 0.602402 0.575979 
0.826668 0.816304 0.615717 0.349642 0.435768 
0.705743 0.421455 0.386731 0.784604 0.842657 
0.722838 0.744164 0.159569 0.868536 0.486299 
0.362192 0.363393 0.547372 0.688398 0.901784 
0.787628 0.660165 0.396451 0.15694 0.686569 
0.819519 0.6564990000000001 0.778335 0.472523 0.688971 
0.247528 0.210475 0.451638 0.673422 0.204411 
0.804924 0.354897 0.751462 0.816361 0.574149 
0.730254 0.374735 0.1692 0.752328 0.369056 
0.198408 0.649678 0.139032 0.707839 0.649179 
0.146635 0.487671 0.28092 0.419129 0.293437 
0.5340819999999999 0.314381 0.793606 0.135696 0.649043 
0.317303 0.913566 0.311632 0.595073 0.385319 
0.533457 0.810243 0.7458630000000001 0.719328 0.750432 
0.640459 0.199077 0.886082 0.388385 0.580573 
0.120913 0.18882 0.496713 0.254931 0.6283879999999999 
0.279143 0.5568650000000001 0.235149 0.154087 0.734733 
0.254491 0.226364 0.50722 0.847773 0.524013 
0.16324 0.581172 0.752583 0.663721 0.165565 
0.399209 0.50707 0.323902 0.823479 0.215661 
0.861456 0.496067 0.390326 0.213199 0.230192 
0.223029 0.446053 0.807534 0.217729 0.364346 
0.575135 0.300595 0.098992 0.759591 0.450892 
0.46393 0.273198 0.634338 0.31113 0.162598 
0.584628 0.837023 0.852952 0.559743 0.598832 
0.92804 0.565504 0.417367 0.686955 0.658737 
0.421514 0.388631 0.726091 0.413584 0.09801799999999999 
0.5235570000000001 0.423205 0.8090349999999999 0.446132 0.134416 
0.335116 0.295239 0.086894 0.426706 0.65603 
0.424097 0.7954599999999999 0.289749 0.808491 0.301896 
0.182671 0.150751 0.677009 0.490049 0.249812 
0.860313 0.277298 0.541637 0.292988 0.244285 
0.705831 0.90978 0.664826 0.737515 0.420945 
0.216804 0.829856 0.38352 0.824387 0.463956 
0.350229 0.299733 0.608031 0.178728 0.88295 
0.695217 0.520488 0.848387 0.832781 0.556716 
0.828438 0.554777 0.140809 0.585207 0.575398 
0.164257 0.668609 0.310041 0.853355 0.336995 
0.878012 0.754838 0.567657 0.616548 0.313849 
0.908648 0.655303 0.68313 0.364628 0.306754 
0.175159 0.905013 0.556349 0.557889 0.446079 
0.246303 0.620745 0.865524 0.857712 0.557595 
0.363089 0.439203 0.684068 0.130857 0.312506 
0.628926 0.36652 0.102256 0.615709 0.223278 
0.474719 0.602754 0.487792 0.312544 0.918939 
0.270477 0.910074 0.6191759999999999 0.498157 0.5248699999999999 
0.843618 0.691746 0.179891 0.42735 0.476408 
0.107423 0.462643 0.649268 0.250285 0.5413289999999999 
0.736518 0.664931 0.495991 0.120412 0.760157 
0.827234 0.329412 0.42796 0.730877 0.844124 
0.29039 0.5830379999999999 0.111757 0.297059 0.66246 
0.656107 0.182153 0.451609 0.189345 0.329139 
0.586515 0.5635829999999999 0.13314 0.681673 0.879574 
0.12993 0.741397 0.659156 0.442595 0.68645 
0.462733 0.161612 0.217853 0.446974 0.286942 
0.830825 0.676706 0.400952 0.803072 0.228605 
0.629891 0.576113 0.723706 0.334379 0.902661 
0.925768 0.375764 0.469437 0.822245 0.4674 
0.286805 0.339591 0.513676 0.351884 0.10658 
0.644209 0.222755 0.836486 0.812611 0.550667 
0.684559 0.379991 0.50889 0.906802 0.618224 
0.44653 0.8302349999999999 0.762825 0.8016529999999999 0.384498 
0.857214 0.202077 0.302285 0.510481 0.658091 
0.289238 0.21844 0.319461 0.182879 0.648645 
0.5136579999999999 0.056203 0.608944 0.52256 0.662738 
0.335961 0.491991 0.8992250000000001 0.279377 0.483934 
0.477257 0.259026 0.446029 0.401447 0.116515 
0.728259 0.850701 0.736747 0.5116540000000001 0.371166 
0.904043 0.251588 0.436935 0.5666909999999999 0.381316 
0.210971 0.781735 0.628223 0.5519579999999999 0.76188 
0.25381 0.78721 0.6399280000000001 0.263562 0.694141 
0.115105 0.561766 0.6059560000000001 0.304442 0.762059 
0.29701 0.853464 0.172459 0.514701 0.581815 
0.103659 0.188945 0.592685 0.258436 0.53412 
0.353995 0.588427 0.691016 0.910374 0.663811 
0.632879 0.79214 0.503796 0.294571 0.856766 
0.50097 0.7989810000000001 0.480298 0.364857 0.151865 
0.230949 0.555884 0.750671 0.530903 0.890332 
0.324137 0.764064 0.623529 0.6444839999999999 0.845071 
0.592052 0.624646 0.431378 0.175535 0.213787 
0.591488 0.140284 0.75743 0.132649 0.427366 
0.66291 0.520039 0.301458 0.601364 0.12255 
0.763629 0.308714 0.560787 0.15355 0.723115 
0.741075 0.248623 0.607358 0.859505 0.700723 
0.393771 0.100806 0.244051 0.763337 0.406691 
