5
12
5.800290000000000168e-01 5.464539999999999953e-01 2.485600000000000032e-01 5.479490000000000194e-01 3.783509999999999929e-01
5.338629999999999765e-01 6.301250000000000462e-01 5.113750000000000240e-01 6.858779999999999877e-01 5.580899999999999750e-01
6.199500000000000011e-01 5.066079999999999472e-01 5.602139999999999898e-01 5.214809999999999723e-01 5.364910000000000512e-01
4.274089999999999834e-01 4.551339999999999830e-01 4.414569999999999883e-01 5.617459999999999676e-01 2.725609999999999977e-01
4.660219999999999918e-01 4.326450000000000018e-01 4.660770000000000191e-01 3.511400000000000077e-01 6.093549999999999800e-01
4.696529999999999871e-01 4.629309999999999814e-01 4.787640000000000229e-01 5.885920000000000041e-01 4.735489999999999977e-01
5.876390000000000224e-01 4.483530000000000015e-01 4.751819999999999933e-01 3.891539999999999999e-01 5.124509999999999899e-01
4.760300000000000087e-01 6.332090000000000218e-01 3.391739999999999755e-01 4.895959999999999757e-01 6.339409999999999767e-01
5.342109999999999914e-01 4.864249999999999963e-01 3.444119999999999959e-01 5.251599999999999602e-01 3.615059999999999940e-01
5.651540000000000452e-01 5.365779999999999994e-01 2.721799999999999775e-01 5.304020000000000401e-01 4.720150000000000179e-01
6.421470000000000233e-01 5.584890000000000132e-01 5.321399999999999464e-01 6.769420000000000437e-01 3.564069999999999738e-01
3.410110000000000086e-01 3.782719999999999971e-01 6.100680000000000547e-01 4.133100000000000107e-01 4.996510000000000118e-01
