5
875
0.726208 0.385077 0.993003 0.394667 0.175904 
0.613814 0.368476 0.968256 0.482473 0.9240660000000001 
0.69304 0.91591 0.695605 0.025633 0.821749 
0.131299 0.749318 0.7910509999999999 0.190757 0.051028 
0.9647559999999999 0.6515069999999999 0.871376 0.216648 0.20461 
0.645381 0.920388 0.95628 0.200066 0.503546 
0.101664 0.670609 0.9197419999999999 0.098437 0.433525 
0.879293 0.271969 0.987053 0.396122 0.625348 
0.867509 0.216937 0.067305 0.195621 0.807528 
0.527537 0.318087 0.084814 0.464507 0.9711649999999999 
0.369137 0.090075 0.88707 0.979278 0.723062 
0.433461 0.178345 0.448234 0.47016 0.986285 
0.408664 0.413648 0.179748 0.018511 0.118284 
0.322011 0.035107 0.050022 0.7163890000000001 0.345514 
0.477576 0.615479 0.355149 0.9956159999999999 0.311955 
0.125269 0.394119 0.954147 0.355803 0.983807 
0.864911 0.56199 0.36115 0.845185 0.018518 
0.226225 0.168443 0.015929 0.718766 0.291905 
0.972726 0.604677 0.800413 0.536921 0.034211 
0.440821 0.88564 0.944999 0.594093 0.91298 
0.08671 0.333545 0.896786 0.285958 0.096468 
0.33995 0.537679 0.776644 0.056706 0.050075 
0.603962 0.782991 0.737076 0.03956 0.878611 
0.174784 0.5883659999999999 0.670614 0.013556 0.841904 
0.015785 0.295182 0.116589 0.50327 0.463789 
0.903506 0.22823 0.86486 0.699704 0.922266 
0.8315630000000001 0.072697 0.815147 0.182764 0.706305 
0.576191 0.040736 0.644905 0.921885 0.126025 
0.013296 0.466032 0.597954 0.807238 0.246755 
0.916516 0.890053 0.1231 0.935518 0.24419 
0.099125 0.9911 0.425812 0.617332 0.503708 
0.718334 0.032392 0.410103 0.607178 0.83963 
0.925909 0.744924 0.930974 0.8873529999999999 0.742085 
0.227876 0.91797 0.31677 0.95138 0.838909 
0.539283 0.7357 0.909406 0.389542 0.028991 
0.960029 0.205046 0.210173 0.384776 0.925538 
0.518374 0.308257 0.871489 0.118229 0.072533 
0.054756 0.278734 0.686745 0.128575 0.956973 
0.7009069999999999 0.148374 0.72654 0.959769 0.833346 
0.043246 0.830272 0.382947 0.198297 0.772203 
0.973137 0.519751 0.460042 0.931005 0.403424 
0.700048 0.707322 0.962152 0.886966 0.241573 
0.184698 0.22598 0.052806 0.502354 0.059193 
0.8817739999999999 0.973909 0.490479 0.483248 0.943138 
0.312212 0.346838 0.310874 0.867612 0.951183 
0.255602 0.900402 0.062779 0.126349 0.543438 
0.5587 0.07555199999999999 0.805137 0.932847 0.355916 
0.879087 0.82036 0.797113 0.07011199999999999 0.368217 
0.115624 0.291072 0.040255 0.568264 0.818353 
0.189604 0.66645 0.021013 0.172653 0.780833 
0.068048 0.679369 0.154941 0.09773999999999999 0.723226 
0.89959 0.401264 0.051811 0.783147 0.354668 
0.268528 0.158198 0.836439 0.034177 0.407645 
0.478673 0.051556 0.50426 0.09437 0.074119 
0.616298 0.118281 0.956795 0.851749 0.346062 
0.859301 0.264821 0.853114 0.29113 0.023818 
0.959734 0.242471 0.203316 0.139657 0.215288 
0.533157 0.764027 0.994664 0.320131 0.446222 
0.996181 0.807431 0.486324 0.654088 0.256752 
0.964741 0.400648 0.690653 0.799256 0.091931 
0.085756 0.298731 0.7772210000000001 0.745344 0.991831 
0.607425 0.992669 0.793992 0.630104 0.15256 
0.072905 0.320883 0.088047 0.798724 0.146148 
0.316237 0.9916970000000001 0.458278 0.277197 0.854123 
0.259146 0.472518 0.612469 0.758196 0.008302 
0.509257 0.085939 0.385021 0.046286 0.926125 
0.378104 0.7976 0.256838 0.682277 0.03313 
0.197357 0.97506 0.827481 0.473302 0.792951 
0.06286700000000001 0.607411 0.754466 0.309872 0.026517 
0.677145 0.769268 0.07908800000000001 0.238107 0.872201 
0.617367 0.088322 0.425235 0.920383 0.86882 
0.459625 0.920347 0.272788 0.7419519999999999 0.979548 
0.334523 0.321964 0.247321 0.719343 0.9958669999999999 
0.597472 0.718529 0.311954 0.004847 0.461391 
0.271909 0.980793 0.188087 0.182257 0.201413 
0.494135 0.924347 0.505862 0.028632 0.215106 
0.911775 0.206931 0.890721 0.354307 0.8437789999999999 
0.541158 0.23812 0.07888000000000001 0.73065 0.028604 
0.28472 0.290379 0.391683 0.012837 0.746931 
0.201978 0.64675 0.927542 0.197471 0.898906 
0.039874 0.162365 0.875682 0.589409 0.198293 
0.703135 0.586516 0.574524 0.022968 0.017914 
0.99759 0.494352 0.573642 0.208793 0.189476 
0.51592 0.06758699999999999 0.9422199999999999 0.897583 0.676218 
0.443463 0.274466 0.9495479999999999 0.055591 0.32486 
0.08002099999999999 0.906162 0.867939 0.444746 0.845411 
0.408208 0.744847 0.641893 0.298268 0.989467 
0.8784149999999999 0.518598 0.07569099999999999 0.137332 0.141411 
0.014743 0.7833909999999999 0.44872 0.637462 0.823556 
0.497409 0.947331 0.7954290000000001 0.777716 0.080239 
0.031479 0.06948 0.757883 0.7354889999999999 0.364742 
0.809911 0.169864 0.912174 0.9157650000000001 0.266558 
0.036941 0.864715 0.265805 0.380144 0.085268 
0.100437 0.048963 0.922528 0.924223 0.411471 
0.59576 0.94165 0.308739 0.972799 0.82887 
0.637149 0.565895 0.989788 0.359144 0.140605 
0.017193 0.958264 0.539804 0.484164 0.348211 
0.381326 0.940211 0.123693 0.899879 0.262222 
0.897909 0.161854 0.274659 0.190995 0.061307 
0.381154 0.047945 0.807933 0.93064 0.27137 
0.939562 0.226671 0.6551709999999999 0.45868 0.036793 
0.272921 0.984895 0.131177 0.68642 0.666239 
0.461124 0.115198 0.140361 0.0409 0.40914 
0.991086 0.182138 0.188298 0.732001 0.743679 
0.065362 0.535376 0.069214 0.278703 0.160117 
0.082348 0.030448 0.743151 0.14098 0.449001 
0.356684 0.794428 0.950639 0.39038 0.111916 
0.97748 0.51337 0.214921 0.174728 0.648724 
0.66282 0.009558000000000001 0.639884 0.529786 0.105739 
0.7137520000000001 0.025872 0.838194 0.534948 0.8670369999999999 
0.749429 0.647614 0.453322 0.989954 0.154927 
0.783987 0.47397 0.019486 0.505864 0.053097 
0.779408 0.509447 0.279349 0.011793 0.197112 
0.856754 0.45952 0.152315 0.965682 0.21043 
0.226154 0.969216 0.61219 0.070851 0.790841 
0.026647 0.860842 0.17984 0.564877 0.880616 
0.046785 0.316533 0.963101 0.83976 0.845119 
0.759477 0.527914 0.6463950000000001 0.961853 0.86077 
0.964037 0.564102 0.860629 0.599205 0.842961 
0.6452639999999999 0.958043 0.82897 0.499605 0.862718 
0.036983 0.575592 0.97464 0.767165 0.7354000000000001 
0.190868 0.926164 0.031019 0.337575 0.630842 
0.755341 0.021944 0.812971 0.606649 0.956458 
0.372397 0.872202 0.101206 0.974572 0.6303840000000001 
0.280484 0.090743 0.123216 0.887884 0.66082 
0.771802 0.683643 0.99464 0.921135 0.518245 
0.56512 0.971006 0.69392 0.711794 0.120232 
0.9148230000000001 0.433218 0.094655 0.87191 0.191514 
0.9734429999999999 0.663139 0.384419 0.925883 0.307672 
0.981107 0.458513 0.228011 0.18188 0.858133 
0.005157 0.680358 0.775708 0.319967 0.678708 
0.047648 0.827279 0.071493 0.5779570000000001 0.716317 
0.275851 0.234069 0.995994 0.676319 0.900346 
0.121627 0.181173 0.981023 0.045736 0.684184 
0.970502 0.225702 0.378107 0.849958 0.244641 
0.558665 0.474401 0.256092 0.132444 0.980633 
0.316235 0.954499 0.259171 0.885101 0.890046 
0.003967 0.667306 0.419975 0.526817 0.208213 
0.35837 0.119749 0.6180909999999999 0.262153 0.007776 
0.687398 0.103876 0.842638 0.219853 0.069471 
0.515477 0.619561 0.953832 0.047873 0.608972 
0.464705 0.289827 0.12667 0.948477 0.05441 
0.708685 0.874044 0.0502 0.712432 0.852344 
0.811349 0.348423 0.940268 0.0856 0.683268 
0.658556 0.349278 0.320282 0.986779 0.7901629999999999 
0.269346 0.891817 0.7686190000000001 0.186301 0.155343 
0.096107 0.278568 0.888443 0.0555 0.785233 
0.005042 0.746212 0.579048 0.065482 0.554306 
0.805509 0.188636 0.40381 0.836435 0.96111 
0.888427 0.786187 0.438405 0.279767 0.045726 
0.731984 0.449806 0.8936809999999999 0.102757 0.030254 
0.476787 0.359488 0.911104 0.925095 0.064508 
0.823222 0.890989 0.852795 0.922875 0.755713 
0.896705 0.928701 0.681711 0.509369 0.973151 
0.360369 0.725779 0.171951 0.979787 0.283098 
0.472518 0.611623 0.552115 0.402927 0.9953070000000001 
0.312083 0.1774 0.562152 0.094721 0.969214 
0.542098 0.040295 0.237693 0.903062 0.75807 
0.648272 0.501393 0.913973 0.141188 0.941291 
0.017708 0.612272 0.449043 0.06918100000000001 0.731585 
0.747961 0.98109 0.175676 0.583885 0.361141 
0.7010150000000001 0.9609220000000001 0.220585 0.374363 0.910649 
0.580286 0.8584000000000001 0.124475 0.055818 0.127184 
0.195081 0.734582 0.12007 0.019288 0.172809 
0.028465 0.412632 0.111876 0.305524 0.941956 
0.715997 0.766143 0.570952 0.986005 0.781297 
0.262499 0.81495 0.857738 0.00855 0.699176 
0.054954 0.619506 0.03853 0.572012 0.810936 
0.070746 0.020954 0.175206 0.684347 0.826217 
0.913584 0.598953 0.610351 0.167907 0.021325 
0.181469 0.949828 0.756672 0.39114 0.8829 
0.893257 0.9664700000000001 0.455042 0.892297 0.8404239999999999 
0.407917 0.858406 0.234639 0.581724 0.027699 
0.543366 0.344556 0.960789 0.973478 0.244631 
0.586426 0.055543 0.511356 0.358955 0.961604 
0.808943 0.900682 0.762005 0.018172 0.42507 
0.216526 0.149335 0.8670099999999999 0.8394740000000001 0.04581 
0.924664 0.826565 0.07313600000000001 0.204164 0.37623 
0.08454399999999999 0.925229 0.317117 0.793475 0.930859 
0.888666 0.8142470000000001 0.044131 0.715784 0.178324 
0.8495549999999999 0.463883 0.473773 0.706968 0.005494 
0.47786 0.389447 0.43285 0.908075 0.012676 
0.883632 0.208448 0.38454 0.965387 0.266036 
0.053134 0.026096 0.5885359999999999 0.522261 0.648195 
0.807763 0.080566 0.075826 0.407425 0.597627 
0.729056 0.246847 0.759503 0.9622849999999999 0.125175 
0.269856 0.472781 0.035682 0.706846 0.957036 
0.55982 0.891294 0.983888 0.201386 0.6946290000000001 
0.326924 0.603726 0.817973 0.668234 0.004413 
0.875837 0.194917 0.969494 0.293368 0.636535 
0.658882 0.823284 0.9269810000000001 0.772887 0.9105839999999999 
0.038039 0.316789 0.278154 0.936177 0.328301 
0.023472 0.493472 0.78859 0.832465 0.240341 
0.416249 0.898073 0.917675 0.36062 0.937047 
0.355737 0.8727279999999999 0.946725 0.613487 0.877636 
0.137151 0.09426900000000001 0.380038 0.30624 0.976658 
0.052543 0.097744 0.775867 0.989447 0.63979 
0.74088 0.9655550000000001 0.083685 0.494108 0.474182 
0.925159 0.145573 0.638892 0.858969 0.699357 
0.556409 0.560964 0.118234 0.158028 0.973553 
0.649674 0.07760300000000001 0.26774 0.9030049999999999 0.809248 
0.035398 0.942512 0.802353 0.144972 0.5470159999999999 
0.490592 0.385681 0.148679 0.853931 0.020906 
0.044857 0.917367 0.193862 0.240835 0.71339 
0.276571 0.330756 0.010558 0.441674 0.221051 
0.160593 0.08881799999999999 0.766172 0.055021 0.729739 
0.884795 0.744874 0.088974 0.394416 0.943497 
0.025392 0.754956 0.54506 0.822562 0.79895 
0.895781 0.387113 0.205091 0.971765 0.458478 
0.635046 0.221361 0.420897 0.008869999999999999 0.076877 
0.538272 0.741843 0.149281 0.972746 0.937188 
0.257086 0.846665 0.895587 0.133448 0.868889 
0.819462 0.6980499999999999 0.134648 0.022345 0.559215 
0.895641 0.037512 0.456486 0.164357 0.350472 
0.987542 0.625283 0.137296 0.530532 0.646572 
0.97921 0.575411 0.928984 0.442295 0.657452 
0.806234 0.377103 0.962015 0.585403 0.871912 
0.059794 0.949594 0.8199689999999999 0.226015 0.627809 
0.071219 0.974627 0.557011 0.682713 0.361186 
0.453959 0.685368 0.986212 0.268954 0.315491 
0.757306 0.033671 0.91335 0.6785369999999999 0.175363 
0.204452 0.222177 0.122623 0.924563 0.137313 
0.061355 0.192936 0.673482 0.214372 0.956924 
0.45427 0.9113250000000001 0.634254 0.899981 0.978631 
0.855882 0.807578 0.970688 0.351867 0.832203 
0.810066 0.783394 0.509609 0.001454 0.432962 
0.025382 0.6018250000000001 0.8766969999999999 0.648828 0.850469 
0.9349460000000001 0.634872 0.292851 0.95364 0.831384 
0.529539 0.9645010000000001 0.37366 0.105604 0.881168 
0.898842 0.836436 0.972912 0.72984 0.417672 
0.421075 0.006581 0.601256 0.31674 0.451384 
0.675316 0.036822 0.8602880000000001 0.859808 0.789866 
0.282681 0.011648 0.770319 0.7509439999999999 0.116819 
0.983802 0.755558 0.666723 0.618598 0.783222 
0.035276 0.889773 0.41359 0.20304 0.497164 
0.774325 0.07687099999999999 0.967818 0.115159 0.484887 
0.962981 0.829408 0.865017 0.338216 0.38832 
0.495478 0.5005579999999999 0.881825 0.8316170000000001 0.979757 
0.1297 0.87204 0.376698 0.171301 0.061227 
0.8681759999999999 0.426145 0.222844 0.339861 0.037873 
0.424086 0.620994 0.049376 0.854648 0.073155 
0.9948399999999999 0.276167 0.531879 0.292469 0.519809 
0.861801 0.296478 0.912017 0.274874 0.813016 
0.958296 0.081537 0.398322 0.593008 0.678674 
0.805385 0.098033 0.635228 0.275954 0.96192 
0.988096 0.9301160000000001 0.465922 0.742932 0.457617 
0.38597 0.997663 0.7213310000000001 0.410379 0.23318 
0.06390800000000001 0.099565 0.394024 0.361927 0.91357 
0.067811 0.692225 0.228772 0.966348 0.413518 
0.210977 0.892909 0.122504 0.92556 0.887004 
0.127203 0.893775 0.668586 0.927065 0.18323 
0.692871 0.09128699999999999 0.260948 0.7531949999999999 0.943986 
0.052617 0.327822 0.7015670000000001 0.233542 0.139675 
0.202468 0.8751910000000001 0.338013 0.987489 0.722707 
0.263087 0.703309 0.51231 0.398168 0.005406 
0.865932 0.710958 0.068698 0.603861 0.097285 
0.016265 0.371196 0.697098 0.124033 0.617621 
0.395134 0.021901 0.095724 0.826055 0.506706 
0.673415 0.08987199999999999 0.475986 0.892005 0.92141 
0.939335 0.409805 0.596658 0.032283 0.578005 
0.617628 0.470322 0.695892 0.85149 0.994985 
0.661649 0.333439 0.117469 0.301361 0.9820719999999999 
0.011608 0.089433 0.094913 0.209393 0.275232 
0.816584 0.334642 0.322079 0.175996 0.971088 
0.082232 0.068495 0.19273 0.220785 0.74068 
0.601774 0.010803 0.5710229999999999 0.188832 0.692419 
0.679887 0.854178 0.163857 0.9514010000000001 0.188771 
0.841328 0.207712 0.016513 0.535709 0.66416 
0.844109 0.942407 0.026143 0.380877 0.407933 
0.131014 0.958876 0.826306 0.729095 0.891779 
0.790079 0.864896 0.304197 0.637946 0.961477 
0.35337 0.084915 0.166296 0.942432 0.457211 
0.8995109999999999 0.08151899999999999 0.09767199999999999 0.568876 0.100222 
0.679487 0.13549 0.181946 0.961666 0.727319 
0.363298 0.955004 0.746947 0.93172 0.41802 
0.978969 0.523997 0.814499 0.279997 0.912861 
0.77807 0.019444 0.792122 0.201432 0.463664 
0.347959 0.152561 0.09413100000000001 0.051365 0.28968 
0.657881 0.010896 0.13355 0.576697 0.53939 
0.967181 0.416153 0.277757 0.254782 0.12395 
0.451586 0.806777 0.498979 0.331767 0.012187 
0.818823 0.953933 0.743707 0.479983 0.07160999999999999 
0.099773 0.8828240000000001 0.619437 0.876071 0.132802 
0.996825 0.644862 0.202313 0.278707 0.229881 
0.737842 0.9046 0.615526 0.138937 0.110485 
0.521628 0.993572 0.963187 0.275687 0.477723 
0.956859 0.93304 0.606872 0.703215 0.93712 
0.06804 0.546282 0.354854 0.029236 0.377733 
0.200555 0.734335 0.973472 0.142223 0.338582 
0.14622 0.527101 0.992128 0.691307 0.791008 
0.775207 0.907942 0.78634 0.023588 0.447333 
0.734862 0.827248 0.553504 0.749448 0.978067 
0.373351 0.913473 0.739447 0.889577 0.121381 
0.043231 0.584751 0.910996 0.103734 0.458914 
0.053069 0.9262089999999999 0.793941 0.772701 0.793255 
0.64991 0.032549 0.047449 0.474102 0.232314 
0.665018 0.954771 0.843357 0.302977 0.129047 
0.05489 0.532838 0.41126 0.039841 0.616069 
0.833352 0.149958 0.348013 0.061516 0.892845 
0.053485 0.916002 0.244834 0.930796 0.895277 
0.924914 0.023964 0.761984 0.6725370000000001 0.321732 
0.352818 0.805972 0.964674 0.272438 0.860803 
0.514035 0.382164 0.024647 0.237226 0.06057 
0.316887 0.9245719999999999 0.277593 0.508721 0.065611 
0.702153 0.079662 0.884804 0.9029509999999999 0.889219 
0.365896 0.60715 0.362574 0.775451 0.010282 
0.117337 0.080105 0.321655 0.055378 0.734529 
0.507072 0.36157 0.9148539999999999 0.944076 0.092239 
0.432414 0.575393 0.628209 0.313559 0.9893150000000001 
0.417289 0.38086 0.1065 0.953104 0.819892 
0.025885 0.05176 0.938111 0.8250690000000001 0.931653 
0.26808 0.6245039999999999 0.035421 0.32861 0.956055 
0.107582 0.124533 0.018696 0.221259 0.706898 
0.31546 0.9442160000000001 0.443984 0.04367 0.963491 
0.541018 0.89647 0.9726669999999999 0.618249 0.909133 
0.170255 0.468794 0.01316 0.18128 0.771461 
0.068338 0.556496 0.032227 0.6439510000000001 0.891337 
0.372854 0.551944 0.5288890000000001 0.031056 0.952086 
0.705019 0.256811 0.229553 0.098237 0.062857 
0.62932 0.986008 0.842703 0.307984 0.294308 
0.951408 0.318376 0.938798 0.384554 0.192438 
0.243268 0.597435 0.094125 0.96414 0.301032 
0.58178 0.982814 0.151955 0.906867 0.705588 
0.0796 0.8315630000000001 0.073573 0.54738 0.8105599999999999 
0.375985 0.186993 0.797764 0.017864 0.240867 
0.316389 0.546271 0.181555 0.387994 0.009084 
0.076317 0.653515 0.62581 0.990046 0.710363 
0.266306 0.798657 0.022462 0.515229 0.446353 
0.848287 0.155551 0.351028 0.721784 0.020865 
0.468683 0.148622 0.881708 0.870712 0.0554 
0.374246 0.958056 0.040368 0.466801 0.518076 
0.7156 0.09350600000000001 0.557385 0.977986 0.017221 
0.108179 0.164708 0.243282 0.842917 0.908388 
0.547274 0.038208 0.159154 0.908976 0.165881 
0.119612 0.323494 0.9611229999999999 0.594572 0.9725200000000001 
0.143074 0.636717 0.302914 0.080862 0.041673 
0.887422 0.9064219999999999 0.236156 0.077358 0.155546 
0.720251 0.260731 0.104041 0.608735 0.01493 
0.862222 0.362375 0.436362 0.939122 0.82892 
0.022306 0.889341 0.15075 0.661795 0.780589 
0.535189 0.929924 0.235736 0.020094 0.717382 
0.725182 0.126798 0.097168 0.096456 0.130743 
0.233355 0.00433 0.767335 0.60281 0.427042 
0.182966 0.108208 0.658153 0.569287 0.002876 
0.986359 0.735575 0.817105 0.07726 0.502155 
0.8038110000000001 0.644138 0.020601 0.237613 0.568306 
0.514454 0.422327 0.052744 0.471175 0.034841 
0.157985 0.248292 0.035984 0.791184 0.428801 
0.152606 0.844726 0.314475 0.373711 0.957434 
0.987784 0.687623 0.878534 0.51786 0.666748 
0.028098 0.234911 0.153419 0.511265 0.836273 
0.494363 0.755997 0.039257 0.793483 0.063994 
0.544219 0.691262 0.037141 0.224121 0.809063 
0.9823769999999999 0.807017 0.534223 0.689183 0.093889 
0.051585 0.990324 0.38024 0.698259 0.637879 
0.535973 0.100678 0.101731 0.793051 0.806242 
0.147838 0.710015 0.220183 0.609805 0.985761 
0.906244 0.241075 0.749676 0.79919 0.988421 
0.850548 0.157254 0.97206 0.413023 0.684133 
0.21542 0.5561120000000001 0.570652 0.941456 0.047647 
0.358605 0.071932 0.964961 0.104571 0.527345 
0.850528 0.8291809999999999 0.039519 0.193522 0.5292519999999999 
0.145594 0.00598 0.507385 0.611389 0.621611 
0.125494 0.176102 0.748739 0.049279 0.238957 
0.787524 0.914243 0.683597 0.210454 0.097839 
0.928246 0.038924 0.203123 0.884999 0.173786 
0.921099 0.902693 0.557559 0.89111 0.881186 
0.097579 0.009488 0.45901 0.582159 0.352304 
0.139442 0.602604 0.968248 0.352407 0.8975649999999999 
0.318513 0.241864 0.009469999999999999 0.170601 0.283128 
0.291473 0.780966 0.697512 0.08146399999999999 0.15976 
0.651485 0.513476 0.993596 0.373226 0.803484 
0.975087 0.28613 0.982301 0.531647 0.399343 
0.323481 0.750695 0.938062 0.012222 0.416976 
0.597877 0.515676 0.960191 0.937936 0.890415 
0.796998 0.149216 0.8650330000000001 0.604805 0.959998 
0.950568 0.201867 0.783409 0.753252 0.904336 
0.097358 0.289755 0.915986 0.9734159999999999 0.200304 
0.155998 0.860374 0.308743 0.038274 0.274005 
0.573567 0.934183 0.813761 0.877542 0.848452 
0.937168 0.985538 0.942977 0.616153 0.683428 
0.057135 0.264641 0.82013 0.92594 0.270887 
0.131671 0.99037 0.15329 0.343283 0.553579 
0.828108 0.003354 0.36231 0.351252 0.487872 
0.662209 0.742042 0.505628 0.084729 0.035216 
0.882605 0.947171 0.109732 0.270337 0.557875 
0.165939 0.938981 0.450682 0.620161 0.050278 
0.029156 0.032897 0.895124 0.352496 0.39453 
0.348894 0.868505 0.969594 0.964337 0.611993 
0.976222 0.36573 0.826041 0.278019 0.668604 
0.451719 0.044391 0.07337299999999999 0.18262 0.295454 
0.98263 0.070439 0.875852 0.444054 0.211904 
0.09785099999999999 0.582357 0.673244 0.215865 0.037886 
0.958436 0.428266 0.872559 0.093262 0.462081 
0.169788  0.632 0.016683 0.392796 0.717562 
0.355199 0.835189 0.028178 0.589656 0.344546 
0.369236 0.7541020000000001 0.188509 0.271672 0.996811 
0.650361 0.621231 0.032966 0.062662 0.159731 
0.902827 0.816343 0.275221 0.644436 0.029454 
0.027412 0.707695 0.222934 0.855969 0.275117 
0.884418 0.417043 0.23574 0.090077 0.928283 
0.030205 0.653912 0.304364 0.446181 0.956005 
0.671691 0.115017 0.09288200000000001 0.06772599999999999 0.275151 
0.502819 0.884702 0.183317 0.011795 0.242505 
0.921995 0.963578 0.851692 0.394219 0.646107 
0.691847 0.875709 0.035285 0.037621 0.293946 
0.6406269999999999 0.011334 0.491034 0.804414 0.791127 
0.115847 0.033399 0.332874 0.609573 0.09328500000000001 
0.833982 0.743739 0.029582 0.181244 0.170067 
0.650703 0.364135 0.01499 0.93643 0.581385 
0.462545 0.99151 0.310614 0.488797 0.216405 
0.840838 0.957819 0.060965 0.631504 0.680348 
0.624962 0.736584 0.775219 0.104306 0.06944500000000001 
0.592883 0.592845 0.9456830000000001 0.085981 0.081889 
0.30248 0.779618 0.044501 0.925186 0.6017479999999999 
0.58195 0.826384 0.039597 0.49979 0.97532 
0.402384 0.862208 0.121589 0.544772 0.98578 
0.144376 0.523237 0.042835 0.9204329999999999 0.722098 
0.461178 0.024936 0.09285400000000001 0.603552 0.900474 
0.274645 0.963616 0.493948 0.779728 0.8856619999999999 
0.37848 0.110396 0.425981 0.468792 0.98144 
0.672953 0.329205 0.947574 0.876489 0.157344 
0.411386 0.165186 0.280893 0.9675 0.7738350000000001 
0.83831 0.478987 0.32746 0.626465 0.998563 
0.212275 0.712443 0.030496 0.539179 0.98095 
0.121134 0.894214 0.062509 0.594724 0.533347 
0.965043 0.476166 0.91933 0.184779 0.5822349999999999 
0.711844 0.960971 0.047887 0.839334 0.682442 
0.8010890000000001 0.909395 0.199549 0.817646 0.175938 
0.934593 0.705082 0.319985 0.980383 0.30323 
0.915459 0.120697 0.546623 0.098556 0.428115 
0.323244 0.763379 0.118061 0.257513 0.016965 
0.09697500000000001 0.859297 0.207736 0.416488 0.90591 
0.629756 0.312484 0.917704 0.8514350000000001 0.066355 
0.132089 0.018434 0.823967 0.411403 0.454746 
0.915979 0.8532110000000001 0.911416 0.16056 0.530962 
0.952642 0.050631 0.959572 0.528787 0.316807 
0.697801 0.939526 0.610994 0.971991 0.254799 
0.712677 0.965602 0.870595 0.092555 0.566908 
0.959319 0.281948 0.703751 0.9454669999999999 0.464759 
0.293049 0.271778 0.775886 0.310109 0.006046 
0.895987 0.854617 0.548279 0.932185 0.234027 
0.761261 0.517809 0.822932 0.018393 0.135888 
0.8721449999999999 0.146029 0.31368 0.023232 0.457672 
0.091992 0.102785 0.502763 0.933234 0.871337 
0.074299 0.751061 0.078225 0.720834 0.061294 
0.049724 0.703333 0.919923 0.14925 0.441797 
0.142791 0.895518 0.973933 0.887887 0.709054 
0.936815 0.054043 0.294872 0.920936 0.169545 
0.378847 0.282873 0.254121 0.007484 0.791535 
0.907734 0.280581 0.723692 0.088099 0.671544 
0.911235 0.13037 0.124762 0.88234 0.481132 
0.605224 0.001992 0.487508 0.545596 0.830635 
0.398575 0.848173 0.247936 0.06747 0.969341 
0.72041 0.930994 0.218901 0.077404 0.936141 
0.171354 0.947532 0.174754 0.084645 0.635494 
0.985016 0.168592 0.524194 0.13295 0.48601 
0.083522 0.752492 0.129307 0.261435 0.9316410000000001 
0.091067 0.558097 0.93718 0.175923 0.7312110000000001 
0.988949 0.272048 0.304223 0.07432900000000001 0.245468 
0.319138 0.756654 0.08014300000000001 0.965812 0.404569 
0.5861769999999999 0.883329 0.11111 0.428509 0.952226 
0.059163 0.359593 0.671153 0.06365700000000001 0.878601 
0.644896 0.765929 0.9725200000000001 0.147159 0.299442 
0.172099 0.468087 0.144385 0.6786450000000001 0.988694 
0.16095 0.084615 0.128744 0.803565 0.513106 
0.772196 0.302373 0.975922 0.319694 0.100212 
0.608446 0.143931 0.042112 0.7811399999999999 0.615816 
0.869459 0.992707 0.434909 0.5226499999999999 0.183605 
0.36122 0.026184 0.07074800000000001 0.069345 0.47335 
0.053942 0.60548 0.305525 0.960301 0.777743 
0.7878270000000001 0.007402 0.398449 0.730373 0.38554 
0.229258 0.14132 0.157821 0.491641 0.007018 
0.950968 0.927434 0.387036 0.920064 0.519254 
0.846745 0.244838 0.985049 0.715225 0.781007 
0.855739 0.397338 0.0673 0.114423 0.102976 
0.783829 0.820487 0.921643 0.055006 0.477769 
0.55936 0.155218 0.747206 0.297793 0.009278 
0.77249 0.2424 0.022411 0.66588 0.439432 
0.712446 0.072492 0.37095 0.559109 0.938534 
0.177824 0.6814480000000001 0.101394 0.128575 0.9643929999999999 
0.549701 0.829464 0.794015 0.005206 0.49567 
0.6007479999999999 0.776997 0.993852 0.668462 0.846221 
0.197209 0.49385 0.13943 0.406796 0.024327 
0.862851 0.929914 0.071727 0.5142060000000001 0.25225 
0.248606 0.323495 0.9839290000000001 0.895687 0.806429 
0.550833 0.854232 0.084011 0.98069 0.462107 
0.8439489999999999 0.252413 0.304518 0.031191 0.22974 
0.347047 0.816266 0.985232 0.796967 0.626618 
0.05237 0.188627 0.259249 0.20195 0.175203 
0.597009 0.937396 0.812226 0.081414 0.32723 
0.235185 0.7560210000000001 0.437557 0.014597 0.330051 
0.546408 0.486287 0.030459 0.93118 0.33634 
0.877824 0.581183 0.942263 0.613555 0.016153 
0.887803 0.299658 0.350686 0.975374 0.109912 
0.257972 0.727629 0.267509 0.025806 0.725927 
0.9144370000000001 0.948281 0.751862 0.546334 0.233552 
0.302862 0.209677 0.044324 0.9462429999999999 0.504985 
0.249464 0.746476 0.027564 0.2758 0.375047 
0.105089 0.231981 0.912439 0.366512 0.9651459999999999 
0.459257 0.724211 0.805915 0.008370000000000001 0.670105 
0.017651 0.666862 0.947311 0.457471 0.7129490000000001 
0.213004 0.959075 0.177542 0.946902 0.579532 
0.200124 0.484386 0.074963 0.907613 0.247525 
0.7936609999999999 0.0655 0.864426 0.399587 0.8665350000000001 
0.426288 0.625453 0.993905 0.560128 0.077962 
0.9249039999999999 0.858421 0.47469 0.108761 0.954142 
0.722332 0.240641 0.45892 0.062654 0.027661 
0.381555 0.800802 0.083828 0.893211 0.199298 
0.749739 0.8582 0.761148 0.612128 0.029208 
0.858998 0.179333 0.045294 0.264426 0.213246 
0.026283 0.735284 0.92074 0.88009 0.6780620000000001 
0.194337 0.221118 0.323675 0.00371 0.356628 
0.195219 0.053739 0.186679 0.521993 0.131801 
0.181965 0.28549 0.234841 0.974071 0.213508 
0.100931 0.352123 0.124262 0.478251 0.968082 
0.505189 0.71873 0.694385 0.532278 0.991958 
0.378411 0.951287 0.284944 0.053759 0.520952 
0.96645 0.12293 0.086257 0.728576 0.181132 
0.282723 0.718127 0.554917 0.487773 0.005578 
0.082299 0.192072 0.15221 0.187656 0.929569 
0.805081 0.003825 0.294312 0.504921 0.215101 
0.930329 0.036515 0.701865 0.25134 0.277165 
0.375445 0.101627 0.051793 0.489909 0.896822 
0.565317 0.280464 0.763014 0.978337 0.915017 
0.12042 0.9033949999999999 0.359606 0.902563 0.372977 
0.616768 0.011997 0.627605 0.157742 0.162371 
0.971391 0.16502 0.495778 0.535598 0.797062 
0.414187 0.237346 0.06841 0.758556 0.052646 
0.411918 0.101788 0.756587 0.949491 0.09617199999999999 
0.655923 0.103471 0.037274 0.456938 0.750793 
0.7965179999999999 0.075791 0.823531 0.089404 0.61936 
0.603981 0.114297 0.9947240000000001 0.324059 0.455996 
0.424764 0.010193 0.310966 0.410087 0.339234 
0.042147 0.356315 0.590942 0.969783 0.1434 
0.801688 0.962656 0.355317 0.811402 0.240449 
0.959713 0.893626 0.169486 0.543631 0.802957 
0.178075 0.909331 0.129927 0.679678 0.352159 
0.799002 0.829808 0.5794 0.974344 0.795127 
0.002656 0.637807 0.616204 0.533614 0.448527 
0.706352 0.6599660000000001 0.041944 0.956337 0.155791 
0.561891 0.6965440000000001 0.809949 0.811329 0.012366 
0.098884 0.938473 0.922969 0.336209 0.668346 
0.882961 0.925038 0.119232 0.927088 0.573789 
0.671428 0.697556 0.824507 0.488904 0.00524 
0.005459 0.746907 0.26208 0.781791 0.555961 
0.041365 0.216773 0.297647 0.550851 0.151267 
0.564044 0.8884379999999999 0.975162 0.549838 0.125877 
0.984557 0.44348 0.571954 0.832413 0.369493 
0.244269 0.42488 0.966261 0.94497 0.11508 
0.46926 0.852701 0.347521 0.777413 0.985625 
0.471293 0.014889 0.239681 0.320453 0.856622 
0.79252 0.881598 0.016582 0.701087 0.166966 
0.939242 0.833128 0.388472 0.050889 0.298378 
0.109416 0.960654 0.718576 0.103262 0.5275300000000001 
0.861424 0.952439 0.644024 0.111914 0.933379 
0.7479209999999999 0.315214 0.809123 0.927468 0.949267 
0.039361 0.532979 0.784324 0.138736 0.728233 
0.919563 0.096007 0.5918600000000001 0.390493 0.018882 
0.210563 0.936824 0.204865 0.159588 0.1911 
0.146597 0.863799 0.877676 0.09647500000000001 0.456821 
0.791339 0.026827 0.881078 0.269973 0.436738 
0.259776 0.062003 0.079791 0.050603 0.486601 
0.263459 0.951193 0.7070380000000001 0.19414 0.909523 
0.631108 0.030908 0.466815 0.758729 0.962553 
0.676112 0.410725 0.052649 0.880113 0.060201 
0.233093 0.59835 0.464895 0.496995 0.996874 
0.303023 0.911849 0.438747 0.017811 0.342784 
0.934538 0.7759509999999999 0.416852 0.027743 0.276869 
0.724792 0.585785 0.286122 0.858746 0.944586 
0.553918 0.706668 0.968686 0.702095 0.113646 
0.988707 0.204183 0.697306 0.629643 0.418299 
0.169395 0.019571 0.9233209999999999 0.256521 0.348951 
0.818173 0.027883 0.625343 0.136301 0.803037 
0.170006 0.297315 0.9774659999999999 0.277734 0.8751949999999999 
0.048336 0.384322 0.292488 0.845136 0.193125 
0.848864 0.862668 0.853502 0.80335 0.907341 
0.767558 0.354059 0.672739 0.7254119999999999 0.005343 
0.804989 0.448397 0.211221 0.991978 0.170582 
0.95156 0.865796 0.436537 0.872086 0.141178 
0.782447 0.589099 0.9912840000000001 0.5080789999999999 0.275974 
0.889731 0.715587 0.8738669999999999 0.080899 0.670224 
0.459919 0.860406 0.845428 0.110558 0.153369 
0.685075 0.06370000000000001 0.604035 0.014017 0.5788489999999999 
0.384071 0.087779 0.299993 0.989381 0.531749 
0.893066 0.7648509999999999 0.845131 0.111488 0.785806 
0.045232 0.21754 0.192553 0.235965 0.859038 
0.8439950000000001 0.02349 0.802019 0.53435 0.8166870000000001 
0.063142 0.231817 0.145035 0.6046240000000001 0.923218 
0.9079660000000001 0.181267 0.551916 0.047496 0.273245 
0.104471 0.842742 0.970964 0.991879 0.509122 
0.95643 0.727365 0.817631 0.927913 0.42986 
0.648814 0.617845 0.128038 0.933483 0.043661 
0.749235 0.38448 0.956396 0.151313 0.110273 
0.114492 0.262515 0.085969 0.879804 0.865252 
0.949585 0.673311 0.339403 0.339676 0.938826 
0.980235 0.803965 0.2443 0.951493 0.749412 
0.765269 0.874517 0.012052 0.551226 0.458271 
0.770434 0.6919149999999999 0.01443 0.520384 0.10079 
0.942699 0.94691 0.71287 0.209421 0.73226 
0.440237 0.063155 0.44399 0.134472 0.06490899999999999 
0.848029 0.820682 0.200931 0.045926 0.885796 
0.9482429999999999 0.114303 0.083498 0.35719 0.287166 
0.986712 0.664825 0.7138640000000001 0.913749 0.38345 
0.993893 0.359108 0.529874 0.5895319999999999 0.265057 
0.631819 0.981508 0.197025 0.39514 0.119895 
0.080369 0.760294 0.265008 0.981353 0.6027400000000001 
0.937424 0.280994 0.668773 0.063608 0.056433 
0.644915 0.078859 0.379441 0.270362 0.966317 
0.864167 0.047977 0.357109 0.937234 0.096828 
0.961304 0.642583 0.890263 0.658224 0.765195 
0.623129 0.926274 0.886964 0.208656 0.8769479999999999 
0.806468 0.300383 0.539833 0.977366 0.596544 
0.111387 0.074821 0.517064 0.293212 0.018012 
0.728056 0.439641 0.044087 0.976818 0.380368 
0.745132 0.434175 0.174393 0.01838 0.906677 
0.193415 0.7231300000000001 0.644074 0.943356 0.98184 
0.056133 0.427632 0.208817 0.595406 0.986378 
0.048834 0.748613 0.935886 0.432336 0.265916 
0.009009 0.409691 0.677045 0.101296 0.482604 
0.8958 0.716345 0.605225 0.020854 0.493577 
0.949221 0.556291 0.5880300000000001 0.020297 0.123566 
0.016741 0.369441 0.186606 0.294708 0.165091 
0.68897 0.523703 0.873274 0.108226 0.9590610000000001 
0.934165 0.516304 0.520828 0.556972 0.021604 
0.101146 0.961182 0.591425 0.072134 0.348567 
0.80548 0.6964900000000001 0.9130779999999999 0.106959 0.664864 
0.368665 0.154332 0.858337 0.07270500000000001 0.955545 
0.552979 0.924082 0.048956 0.809805 0.38546 
0.140352 0.903563 0.184033 0.048775 0.755282 
0.028277 0.249237 0.932522 0.901109 0.9345830000000001 
0.722099 0.309949 0.314816 0.112451 0.961354 
0.477304 0.053058 0.743862 0.095015 0.9243 
0.736711 0.8974490000000001 0.41709 0.031033 0.565495 
0.261029 0.110545 0.9371969999999999 0.472722 0.038751 
0.239197 0.183361 0.7552140000000001 0.885463 0.969875 
0.223264 0.393016 0.418699 0.071397 0.9642770000000001 
0.441828 0.811384 0.9317530000000001 0.97777 0.372685 
0.380176 0.621288 0.985928 0.49836 0.930577 
0.623326 0.236132 0.664486 0.011071 0.06289 
0.986958 0.81104 0.145578 0.723315 0.75709 
0.413968 0.554796 0.461417 0.030698 0.947422 
0.320006 0.338847 0.997003 0.624995 0.29282 
0.058312 0.052254 0.229875 0.507784 0.324332 
0.054786 0.791158 0.991886 0.63144 0.615711 
0.25398 0.649384 0.192892 0.930337 0.175237 
0.884759 0.145147 0.479807 0.114181 0.042538 
0.885034 0.77237 0.22398 0.426849 0.053286 
0.5704090000000001 0.865772 0.03448 0.512833 0.184566 
0.00787 0.270579 0.619964 0.732054 0.63774 
0.317162 0.537395 0.992236 0.507596 0.160116 
0.021556 0.286624 0.297419 0.723122 0.518304 
0.351645 0.096583 0.275121 0.965789 0.015426 
0.390611 0.004275 0.849498 0.508705 0.812882 
0.5374060000000001 0.180225 0.045267 0.799955 0.840133 
0.609985 0.01732 0.104379 0.305917 0.553195 
0.552786 0.675967 0.973046 0.977777 0.490409 
0.9418609999999999 0.852073 0.785616 0.849256 0.446374 
0.203181 0.868092 0.029968 0.670666 0.884013 
0.429626 0.718959 0.548285 0.027604 0.94274 
0.617548 0.121423 0.7634919999999999 0.007394 0.268797 
0.068258 0.206964 0.445267 0.595824 0.014489 
0.335149 0.851138 0.084448 0.317137 0.11625 
0.983022 0.646883 0.158464 0.307057 0.707209 
0.9007500000000001 0.908529 0.646447 0.826745 0.101738 
0.775392 0.015089 0.603611 0.892553 0.136208 
0.798013 0.202123 0.077769 0.06375699999999999 0.5670460000000001 
0.952692 0.902751 0.53087 0.325057 0.22587 
0.056002 0.221715 0.362465 0.9461079999999999 0.236144 
0.059373 0.874321 0.713354 0.346591 0.149046 
0.018011 0.708999 0.145127 0.145128 0.163747 
0.082174 0.101336 0.147485 0.7818850000000001 0.133327 
0.8248760000000001 0.691434 0.938485 0.123715 0.280475 
0.516701 0.189912 0.852382 0.984806 0.638062 
0.967794 0.717056 0.552217 0.112144 0.7959349999999999 
0.877327 0.232302 0.29677 0.813234 0.025472 
0.489428 0.814593 0.863381 0.848931 0.982011 
0.7731789999999999 0.826202 0.971104 0.347655 0.041042 
0.791627 0.881359 0.008769000000000001 0.383619 0.481918 
0.680437 0.105494 0.037088 0.334608 0.750214 
0.841355 0.645801 0.975742 0.299224 0.063945 
0.692102 0.153782 0.615653 0.285655 0.005008 
0.634794 0.983703 0.101666 0.70672 0.8350959999999999 
0.145026 0.44715 0.251382 0.983863 0.779185 
0.915553 0.705161 0.6349089999999999 0.907245 0.064623 
0.801336 0.05802 0.144901 0.353651 0.813819 
0.816871 0.146669 0.06804300000000001 0.597137 0.08740100000000001 
0.177146 0.296538 0.922511 0.644853 0.038586 
0.508179 0.966541 0.649432 0.005684 0.524249 
0.588388 0.043525 0.5260860000000001 0.924296 0.636008 
0.902334 0.519554 0.145246 0.153139 0.814051 
0.068496 0.212359 0.117558 0.798828 0.896305 
0.059955 0.666408 0.321594 0.03514 0.600004 
0.880715 0.182302 0.952071 0.460355 0.184737 
0.148563 0.899562 0.930602 0.632307 0.190281 
0.490652 0.393835 0.188859 0.15351 0.03765 
0.212723 0.235791 0.938557 0.334509 0.097065 
0.06561500000000001 0.795465 0.375745 0.145707 0.893176 
0.608853 0.989546 0.303872 0.177989 0.465108 
0.590295 0.08708399999999999 0.612845 0.08419599999999999 0.081693 
0.114965 0.209238 0.662218 0.900644 0.118904 
0.876765 0.792354 0.09977 0.830551 0.07854999999999999 
0.188125 0.808571 0.644447 0.216457 0.991322 
0.141263 0.209186 0.79634 0.08591500000000001 0.968478 
0.338028 0.241744 0.990831 0.89198 0.513585 
0.49247 0.939059 0.760691 0.941292 0.291529 
0.537106 0.145475 0.996928 0.362555 0.458366 
0.291161 0.546197 0.937921 0.638844 0.056571 
0.642163 0.834299 0.055332 0.964101 0.645706 
0.7821709999999999 0.955803 0.173787 0.845681 0.352724 
0.238365 0.208784 0.037613 0.156679 0.301916 
0.295061 0.082108 0.992167 0.349074 0.884412 
0.992846 0.763935 0.45841 0.504621 0.166318 
0.299369 0.501115 0.24264 0.050041 0.037027 
0.948124 0.122703 0.267936 0.204035 0.212145 
0.865411 0.969475 0.9616 0.618158 0.381387 
0.9637829999999999 0.293315 0.741942 0.819726 0.135171 
0.688053 0.107665 0.525852 0.991201 0.109804 
0.161209 0.443034 0.076045 0.09583700000000001 0.726423 
0.986271 0.264688 0.605201 0.6130060000000001 0.796362 
0.725086 0.512977 0.610639 0.012203 0.09759 
0.344505 0.100295 0.656747 0.950666 0.845835 
0.698265 0.7461179999999999 0.003146 0.879537 0.377839 
0.05346 0.503795 0.281071 0.954082 0.251479 
0.710651 0.910737 0.756123 0.165298 0.16517 
0.979693 0.696607 0.877145 0.172583 0.598495 
0.06320199999999999 0.230086 0.052988 0.574681 0.664845 
0.515498 0.981209 0.183484 0.814207 0.372918 
0.688733 0.537326 0.837807 0.026156 0.597065 
0.876255 0.216829 0.25147 0.455705 0.038698 
0.405213 0.411009 0.823479 0.211161 0.974925 
0.306964 0.139884 0.037287 0.684708 0.895042 
0.911007 0.28666 0.891636 0.729687 0.852391 
0.975213 0.402873 0.08709500000000001 0.813904 0.289973 
0.641586 0.139282 0.910278 0.048363 0.832334 
0.235102 0.363889 0.890415 0.206701 0.020535 
0.304289 0.177017 0.130591 0.839643 0.871935 
0.8244050000000001 0.778654 0.841623 0.163158 0.192445 
0.836982 0.158455 0.159499 0.693751 0.875072 
0.629042 0.315231 0.090739 0.051698 0.895576 
0.787886 0.9972490000000001 0.771742 0.669103 0.619626 
0.320569 0.80898 0.535252 0.977405 0.253301 
0.236416 0.451038 0.601534 0.988707 0.197092 
0.311482 0.077557 0.493469 0.738086 0.019118 
0.555366 0.027964 0.9829599999999999 0.601796 0.391462 
0.138572 0.979925 0.606411 0.946892 0.412181 
0.570122 0.039399 0.179751 0.067136 0.362562 
0.138631 0.967543 0.491434 0.5381050000000001 0.930979 
0.958056 0.054463 0.366357 0.363261 0.335993 
0.028669 0.8399720000000001 0.403136 0.49943 0.925028 
0.94731 0.436496 0.191677 0.508953 0.966946 
0.90036 0.350384 0.899183 0.568985 0.930442 
0.754265 0.932364 0.236355 0.422325 0.011585 
0.391693 0.188507 0.244124 0.983797 0.67245 
0.674643 0.7270759999999999 0.970322 0.2096 0.739926 
0.937706 0.032751 0.442231 0.568163 0.10808 
0.965446 0.24362 0.5132 0.351276 0.892659 
0.659547 0.006578 0.560904 0.107904 0.550343 
0.084371 0.022867 0.317611 0.093371 0.281336 
0.207087 0.516374 0.703776 0.362112 0.010449 
0.609936 0.19635 0.053479 0.8188299999999999 0.071657 
0.888212 0.177557 0.205822 0.244177 0.890998 
0.450885 0.017596 0.735649 0.055127 0.513815 
0.251743 0.043335 0.333201 0.110556 0.110739 
0.393276 0.788716 0.9577 0.063636 0.53028 
0.041999 0.873509 0.06918299999999999 0.759791 0.81015 
0.699392 0.675076 0.007541 0.734667 0.549361 
0.5810070000000001 0.985711 0.846404 0.504798 0.145855 
0.437772 0.635177 0.420837 0.01165 0.794988 
0.098089 0.577703 0.451016 0.221635 0.012933 
0.945787 0.845075 0.172841 0.932723 0.27652 
0.408161 0.9576710000000001 0.5711619999999999 0.514962 0.959198 
0.235908 0.911335 0.801691 0.01942 0.398894 
0.720357 0.037387 0.365789 0.817322 0.722728 
0.170666 0.38966 0.010753 0.723302 0.541771 
0.245669 0.967163 0.103716 0.157716 0.734715 
0.916712 0.172667 0.017581 0.475806 0.869023 
0.661513 0.042622 0.349191 0.8455279999999999 0.795208 
0.05688 0.990387 0.430202 0.413303 0.381089 
0.051633 0.791283 0.089017 0.102538 0.35103 
0.436179 0.859994 0.9169310000000001 0.863622 0.896158 
0.28975 0.826562 0.022649 0.653892 0.966296 
0.7006 0.978251 0.469079 0.817111 0.180247 
0.161204 0.355637 0.193565 0.251204 0.9804 
0.302987 0.308858 0.978322 0.650157 0.184719 
0.152741 0.118999 0.011869 0.479893 0.5579190000000001 
0.741459 0.706724 0.907075 0.214431 0.9473819999999999 
0.653544 0.10696 0.6701859999999999 0.814361 0.965951 
0.510977 0.995319 0.322989 0.476439 0.505379 
0.6191449999999999 0.974064 0.096887 0.381295 0.427983 
0.106996 0.287146 0.06973799999999999 0.089105 0.588977 
0.21449 0.93374 0.360983 0.045716 0.346312 
0.491823 0.06411500000000001 0.584084 0.700363 0.008318000000000001 
0.122597 0.485465 0.20971 0.588804 0.030164 
0.9672500000000001 0.573446 0.902027 0.36938 0.177607 
0.840035 0.476287 0.96094 0.526807 0.053399 
0.296312 0.123474 0.229421 0.881112 0.854392 
0.125467 0.728136 0.788821 0.711848 0.022706 
0.61796 0.054115 0.514683 0.269058 0.059457 
0.855519 0.709209 0.673864 0.63997 0.9802070000000001 
0.626641 0.953213 0.6458700000000001 0.129365 0.232272 
0.320999 0.037728 0.09789200000000001 0.277198 0.861151 
0.491696 0.934067 0.86505 0.889059 0.412463 
0.98336 0.338179 0.780313 0.7193310000000001 0.789893 
0.839414 0.034979 0.8985610000000001 0.109966 0.198048 
0.113228 0.031242 0.084285 0.584622 0.749822 
0.955008 0.813956 0.158262 0.910788 0.620968 
0.137336 0.207834 0.058295 0.7715689999999999 0.758641 
0.735918 0.5776019999999999 0.756231 0.976688 0.191622 
0.970544 0.925646 0.328652 0.656343 0.160539 
0.024851 0.674395 0.563291 0.236275 0.066085 
0.69674 0.112058 0.366441 0.765512 0.961494 
0.138631 0.97353 0.117842 0.576176 0.79833 
0.524993 0.558241 0.355488 0.69477 0.997743 
0.88359 0.505256 0.845813 0.582793 0.010332 
0.535481 0.824528 0.836903 0.832989 0.051237 
0.93711 0.008314 0.740136 0.468808 0.252005 
0.498069 0.044739 0.933665 0.099928 0.49345 
0.364973 0.104356 0.91877 0.773429 0.024313 
0.979289 0.904313 0.782336 0.714793 0.5325530000000001 
0.940993 0.267383 0.908202 0.151975 0.24873 
0.78796 0.24741 0.223407 0.796455 0.015749 
0.900575 0.967419 0.403351 0.124691 0.675412 
0.07364900000000001 0.818805 0.6503949999999999 0.182131 0.083167 
0.980098 0.500422 0.5955780000000001 0.881406 0.797432 
0.264293 0.979436 0.379253 0.108618 0.541436 
0.022658 0.810169 0.51285 0.466957 0.154342 
0.987197 0.812099 0.9459340000000001 0.32097 0.546733 
0.943215 0.621704 0.986475 0.6821739999999999 0.290385 
0.320003 0.288688 0.971319 0.950485 0.804125 
0.422693 0.203715 0.833472 0.170108 0.013427 
0.733066 0.634633 0.285179 0.003852 0.747232 
0.337346 0.778899 0.958654 0.090459 0.349764 
0.7706769999999999 0.764421 0.623255 0.039026 0.907487 
0.132198 0.856011 0.975858 0.251817 0.295171 
0.933952 0.937446 0.65799 0.844028 0.571978 
0.304881 0.141073 0.01865 0.443937 0.242242 
0.049456 0.202701 0.799474 0.752668 0.09693300000000001 
0.662799 0.661449 0.9706050000000001 0.96066 0.806521 
0.193388 0.264536 0.055839 0.493897 0.91871 
0.755899 0.401863 0.115136 0.096511 0.056869 
0.793687 0.490973 0.78474 0.127323 0.922307 
0.814616 0.246764 0.359021 0.06432400000000001 0.0864 
0.123633 0.901211 0.645842 0.666098 0.115979 
0.435533 0.010603 0.211202 0.674071 0.105627 
0.045698 0.041561 0.51936 0.876563 0.395921 
0.09137199999999999 0.682498 0.750882 0.07228800000000001 0.95024 
0.273657 0.35437 0.895346 0.07528 0.237292 
0.593477 0.567146 0.016706 0.7776420000000001 0.825218 
0.94967 0.110483 0.8865150000000001 0.656202 0.779852 
0.416504 0.179152 0.008554000000000001 0.7610980000000001 0.76976 
0.397536 0.380069 0.824001 0.99057 0.514144 
0.8056950000000001 0.309542 0.464512 0.059556 0.956917 
0.056419 0.240966 0.921592 0.202636 0.697263 
0.891351 0.932592 0.080527 0.41618 0.7449519999999999 
0.403045 0.983658 0.343909 0.086534 0.372196 
0.987716 0.546272 0.196738 0.571303 0.883409 
0.228832 0.972882 0.225376 0.8864610000000001 0.757085 
0.106465 0.360742 0.987783 0.660849 0.887761 
0.115069 0.963268 0.648221 0.654243 0.869171 
0.098691 0.702669 0.755999 0.071353 0.229952 
0.80142 0.46841 0.569702 0.988764 0.154093 
0.205871 0.077709 0.060049 0.24033 0.228479 
0.040225 0.069012 0.891309 0.237728 0.498007 
0.997649 0.492989 0.663872 0.6923 0.487659 
0.082647 0.040804 0.788205 0.356591 0.218307 
0.081636 0.056964 0.396449 0.114607 0.198672 
0.08784 0.324856 0.862739 0.04869 0.333591 
0.691394 0.254187 0.117209 0.929129 0.870575 
0.7554419999999999 0.708221 0.07634199999999999 0.08497499999999999 0.172533 
0.771852 0.515978 0.038409 0.5471510000000001 0.959775 
0.931833 0.314772 0.367647 0.036208 0.541212 
0.150657 0.087685 0.716797 0.210218 0.131122 
0.388269 0.63075 0.021884 0.805381 0.03719 
0.565831 0.918788 0.07052600000000001 0.330289 0.163527 
