5
227
5.800290000000000168e-01 5.464539999999999953e-01 2.485600000000000032e-01 5.479490000000000194e-01 3.783509999999999929e-01
4.074880000000000169e-01 6.474950000000000427e-01 4.466180000000000150e-01 3.064609999999999834e-01 6.834999999999999964e-01
5.338629999999999765e-01 6.301250000000000462e-01 5.113750000000000240e-01 6.858779999999999877e-01 5.580899999999999750e-01
5.781629999999999825e-01 1.782950000000000090e-01 6.098419999999999952e-01 6.161429999999999962e-01 5.217500000000000471e-01
6.923099999999999810e-01 6.619439999999999769e-01 2.976509999999999989e-01 6.157240000000000490e-01 4.679929999999999923e-01
5.502010000000000511e-01 2.204270000000000118e-01 7.181950000000000278e-01 6.953439999999999621e-01 6.481099999999999639e-01
2.003030000000000088e-01 4.854780000000000206e-01 4.236670000000000158e-01 5.688560000000000283e-01 7.684619999999999784e-01
6.570960000000000134e-01 8.093770000000000131e-01 1.925099999999999867e-01 5.192179999999999573e-01 4.968620000000000259e-01
7.380379999999999718e-01 2.045810000000000128e-01 3.923579999999999846e-01 3.674350000000000116e-01 4.799599999999999977e-01
6.199500000000000011e-01 5.066079999999999472e-01 5.602139999999999898e-01 5.214809999999999723e-01 5.364910000000000512e-01
6.761190000000000255e-01 5.275879999999999459e-01 1.749020000000000019e-01 5.787839999999999652e-01 6.239700000000000246e-01
4.274089999999999834e-01 4.551339999999999830e-01 4.414569999999999883e-01 5.617459999999999676e-01 2.725609999999999977e-01
1.798230000000000106e-01 2.841920000000000002e-01 4.093829999999999969e-01 4.919740000000000224e-01 6.066599999999999770e-01
4.701859999999999928e-01 4.236070000000000113e-01 5.646940000000000293e-01 8.125550000000000272e-01 6.036920000000000064e-01
3.919960000000000111e-01 2.694960000000000133e-01 4.177150000000000030e-01 5.374400000000000288e-01 7.591970000000000107e-01
2.972259999999999902e-01 4.695829999999999727e-01 2.867060000000000164e-01 6.645839999999999526e-01 6.647199999999999775e-01
1.903120000000000089e-01 5.705609999999999848e-01 4.167620000000000213e-01 5.134499999999999620e-01 5.563919999999999977e-01
2.777669999999999861e-01 4.233700000000000241e-01 5.794439999999999591e-01 7.185300000000000020e-01 3.287880000000000247e-01
4.968350000000000266e-01 2.985289999999999888e-01 3.810149999999999926e-01 7.114059999999999828e-01 5.958959999999999813e-01
2.474939999999999918e-01 6.369120000000000337e-01 5.732960000000000278e-01 3.817800000000000082e-01 5.708429999999999893e-01
4.478239999999999998e-01 5.716539999999999955e-01 7.921529999999999960e-01 7.185510000000000508e-01 6.914780000000000371e-01
7.243300000000000294e-01 8.151080000000000547e-01 5.208800000000000097e-01 4.240240000000000120e-01 5.670009999999999772e-01
4.771599999999999731e-01 6.300219999999999709e-01 7.761909999999999643e-01 4.428690000000000127e-01 3.021059999999999857e-01
4.660219999999999918e-01 4.326450000000000018e-01 4.660770000000000191e-01 3.511400000000000077e-01 6.093549999999999800e-01
4.361470000000000069e-01 3.301879999999999815e-01 4.663630000000000275e-01 1.613360000000000072e-01 5.754770000000000163e-01
7.399719999999999631e-01 7.066860000000000364e-01 2.781250000000000111e-01 4.431629999999999736e-01 2.368750000000000022e-01
5.337210000000000010e-01 2.446399999999999963e-01 6.620120000000000449e-01 4.280680000000000041e-01 5.392299999999999871e-01
8.339140000000000441e-01 5.993049999999999766e-01 5.218970000000000553e-01 5.261900000000000466e-01 6.785759999999999570e-01
4.875059999999999949e-01 5.174990000000000423e-01 6.099750000000000449e-01 8.546179999999999888e-01 5.653019999999999712e-01
7.490430000000000144e-01 1.600860000000000061e-01 5.715209999999999457e-01 5.590159999999999574e-01 3.837709999999999733e-01
3.248869999999999814e-01 3.708270000000000177e-01 4.818959999999999910e-01 2.311080000000000079e-01 2.294740000000000113e-01
3.450079999999999814e-01 5.453780000000000294e-01 1.647319999999999895e-01 6.516070000000000473e-01 5.639380000000000503e-01
4.529949999999999810e-01 4.786560000000000259e-01 7.706680000000000197e-01 6.130430000000000046e-01 4.193560000000000065e-01
6.798579999999999623e-01 3.684029999999999805e-01 7.448850000000000193e-01 2.846569999999999934e-01 2.337329999999999963e-01
6.038160000000000194e-01 3.363900000000000223e-01 7.091250000000000053e-01 2.597880000000000189e-01 2.608710000000000195e-01
3.434639999999999915e-01 6.033429999999999627e-01 3.845250000000000057e-01 7.125489999999999879e-01 8.062519999999999687e-01
7.128679999999999461e-01 1.767380000000000062e-01 4.304569999999999785e-01 6.894350000000000200e-01 3.400859999999999994e-01
5.466419999999999613e-01 4.115400000000000169e-01 7.558000000000000274e-01 7.356840000000000046e-01 6.408049999999999580e-01
5.811549999999999772e-01 4.725790000000000268e-01 6.362750000000000350e-01 8.739519999999999511e-01 5.185250000000000137e-01
7.789220000000000033e-01 3.378099999999999992e-01 5.701439999999999841e-01 4.052040000000000086e-01 2.559679999999999733e-01
3.640539999999999887e-01 6.539690000000000225e-01 2.519959999999999978e-01 3.046440000000000259e-01 1.596269999999999911e-01
7.058170000000000277e-01 6.745740000000000069e-01 5.596790000000000376e-01 5.307669999999999888e-01 6.085300000000000153e-01
5.689480000000000093e-01 3.110399999999999832e-01 6.425999999999999490e-01 1.731870000000000076e-01 7.492649999999999588e-01
6.194349999999999579e-01 8.443119999999999514e-01 3.524570000000000203e-01 7.504279999999999839e-01 4.426269999999999927e-01
3.829690000000000039e-01 5.601960000000000273e-01 2.110640000000000016e-01 3.532000000000000139e-01 2.322430000000000050e-01
3.926060000000000105e-01 5.279089999999999616e-01 5.735240000000000338e-01 2.135070000000000023e-01 4.196150000000000158e-01
6.078759999999999719e-01 5.659960000000000546e-01 7.023690000000000211e-01 7.210220000000000518e-01 2.084179999999999922e-01
7.332530000000000436e-01 7.755509999999999904e-01 6.880060000000000064e-01 3.097820000000000018e-01 5.114260000000000472e-01
1.945290000000000075e-01 4.568130000000000246e-01 6.491160000000000263e-01 6.900920000000000387e-01 3.739199999999999746e-01
3.227010000000000156e-01 6.432799999999999629e-01 6.073870000000000102e-01 3.531380000000000075e-01 1.836339999999999917e-01
4.653209999999999846e-01 6.558380000000000321e-01 6.639899999999999691e-01 6.865139999999999576e-01 2.368419999999999970e-01
6.079790000000000472e-01 3.049689999999999901e-01 6.096679999999999877e-01 6.899809999999999555e-01 5.158310000000000395e-01
6.498270000000000435e-01 6.495750000000000135e-01 3.995199999999999863e-01 7.244329999999999936e-01 5.434520000000000461e-01
4.696529999999999871e-01 4.629309999999999814e-01 4.787640000000000229e-01 5.885920000000000041e-01 4.735489999999999977e-01
7.885790000000000299e-01 6.503529999999999589e-01 4.875490000000000101e-01 2.360069999999999946e-01 5.681540000000000479e-01
5.876390000000000224e-01 4.483530000000000015e-01 4.751819999999999933e-01 3.891539999999999999e-01 5.124509999999999899e-01
9.067229999999999457e-01 2.951529999999999987e-01 6.297650000000000192e-01 4.582339999999999747e-01 5.459330000000000016e-01
2.432690000000000130e-01 6.207270000000000287e-01 5.505830000000000446e-01 6.455790000000000139e-01 2.438240000000000129e-01
5.225349999999999717e-01 2.529489999999999794e-01 3.187030000000000141e-01 4.409790000000000099e-01 5.272900000000000365e-01
4.825110000000000232e-01 5.631669999999999732e-01 1.558690000000000075e-01 6.912409999999999943e-01 6.899939999999999962e-01
3.810189999999999966e-01 7.853099999999999525e-01 7.072300000000000253e-01 4.095719999999999916e-01 6.836299999999999599e-01
5.204299999999999482e-01 8.679930000000000145e-01 3.571360000000000090e-01 3.892149999999999777e-01 5.356309999999999683e-01
2.846239999999999881e-01 6.739119999999999555e-01 4.453820000000000001e-01 5.339850000000000430e-01 6.900330000000000075e-01
5.938729999999999842e-01 2.306030000000000024e-01 7.364469999999999628e-01 4.606169999999999987e-01 5.926890000000000214e-01
8.252909999999999968e-01 6.737530000000000463e-01 7.707910000000000039e-01 6.787269999999999692e-01 3.716209999999999791e-01
4.760300000000000087e-01 6.332090000000000218e-01 3.391739999999999755e-01 4.895959999999999757e-01 6.339409999999999767e-01
2.052920000000000023e-01 3.444220000000000059e-01 6.952110000000000234e-01 4.145659999999999901e-01 6.159620000000000095e-01
4.968069999999999986e-01 8.276639999999999553e-01 5.415290000000000381e-01 4.728010000000000268e-01 3.693589999999999929e-01
4.855619999999999936e-01 8.434719999999999995e-01 2.336169999999999913e-01 3.967780000000000196e-01 6.409390000000000365e-01
3.888530000000000042e-01 4.577120000000000077e-01 7.625079999999999636e-01 4.712459999999999982e-01 2.331360000000000099e-01
6.518319999999999670e-01 3.334150000000000169e-01 7.020690000000000541e-01 6.701799999999999979e-01 7.183859999999999690e-01
5.342109999999999914e-01 4.864249999999999963e-01 3.444119999999999959e-01 5.251599999999999602e-01 3.615059999999999940e-01
2.159349999999999881e-01 2.276660000000000073e-01 3.876120000000000121e-01 5.936050000000000493e-01 7.246169999999999556e-01
6.441500000000000004e-01 2.299950000000000050e-01 5.311350000000000238e-01 7.887009999999999854e-01 6.987330000000000485e-01
5.734799999999999898e-01 4.751830000000000220e-01 4.077569999999999806e-01 1.777729999999999866e-01 8.322089999999999765e-01
6.984249999999999625e-01 4.207400000000000029e-01 3.845549999999999802e-01 2.203710000000000113e-01 7.671729999999999938e-01
3.619640000000000080e-01 5.247389999999999555e-01 2.876569999999999960e-01 6.567840000000000344e-01 5.610289999999999999e-01
4.546560000000000046e-01 4.016939999999999955e-01 2.642720000000000069e-01 6.156509999999999483e-01 2.397849999999999981e-01
8.144670000000000520e-01 7.444309999999999539e-01 6.504799999999999471e-01 6.190529999999999644e-01 4.210699999999999998e-01
7.450329999999999453e-01 7.757910000000000084e-01 7.116989999999999705e-01 5.174220000000000486e-01 3.196729999999999849e-01
6.757450000000000401e-01 2.521079999999999988e-01 1.779330000000000078e-01 5.184459999999999624e-01 5.194889999999999786e-01
6.166319999999999579e-01 7.356030000000000069e-01 2.834699999999999998e-01 2.825170000000000181e-01 2.676999999999999935e-01
5.319549999999999557e-01 5.696219999999999617e-01 6.453050000000000175e-01 6.404549999999999965e-01 1.348689999999999889e-01
5.730659999999999643e-01 5.202179999999999582e-01 3.000220000000000109e-01 4.633619999999999961e-01 7.232739999999999725e-01
2.504009999999999847e-01 4.846320000000000072e-01 2.072710000000000108e-01 5.966770000000000129e-01 3.464329999999999909e-01
7.676290000000000058e-01 5.472909999999999719e-01 3.185330000000000106e-01 5.796499999999999986e-01 1.804070000000000118e-01
8.261159999999999615e-01 5.248150000000000315e-01 5.590199999999999614e-01 4.443159999999999887e-01 6.231980000000000297e-01
5.548530000000000406e-01 4.171650000000000080e-01 2.938490000000000268e-01 7.137630000000000363e-01 2.154659999999999909e-01
3.435869999999999758e-01 6.623900000000000343e-01 7.927450000000000330e-01 6.723700000000000232e-01 5.281099999999999683e-01
4.083240000000000203e-01 7.078410000000000535e-01 6.868400000000000061e-01 7.139699999999999935e-01 6.982549999999999590e-01
3.637279999999999958e-01 1.780460000000000098e-01 4.185400000000000231e-01 3.952320000000000277e-01 6.699230000000000462e-01
4.374140000000000250e-01 6.203619999999999690e-01 4.214399999999999813e-01 1.421719999999999928e-01 4.918000000000000149e-01
4.864970000000000128e-01 5.562470000000000470e-01 8.362760000000000193e-01 2.895940000000000181e-01 2.099479999999999957e-01
2.731310000000000127e-01 5.109409999999999785e-01 3.770200000000000218e-01 5.746499999999999941e-01 1.447749999999999870e-01
4.815039999999999876e-01 6.301130000000000342e-01 3.128199999999999870e-01 5.721929999999999517e-01 8.510659999999999892e-01
6.246129999999999738e-01 8.636540000000000328e-01 4.243830000000000102e-01 6.037150000000000016e-01 6.344990000000000352e-01
7.104939999999999589e-01 2.770460000000000145e-01 3.173460000000000170e-01 6.402999999999999803e-01 5.160249999999999559e-01
2.298910000000000120e-01 7.805410000000000403e-01 5.477870000000000239e-01 6.558699999999999530e-01 2.069060000000000066e-01
3.637580000000000258e-01 6.744959999999999845e-01 2.550549999999999762e-01 7.076350000000000140e-01 2.237419999999999964e-01
6.224539999999999518e-01 5.823040000000000438e-01 7.822510000000000296e-01 2.963740000000000263e-01 1.499810000000000032e-01
6.297540000000000360e-01 2.801529999999999854e-01 5.351010000000000488e-01 4.458489999999999953e-01 3.826600000000000001e-01
5.484290000000000553e-01 4.393079999999999763e-01 4.436939999999999773e-01 1.663789999999999991e-01 3.239119999999999777e-01
6.117580000000000240e-01 8.126679999999999460e-01 5.145790000000000086e-01 5.253590000000000204e-01 7.033340000000000147e-01
7.465540000000000509e-01 3.247149999999999759e-01 4.803450000000000220e-01 1.567530000000000034e-01 5.398830000000000018e-01
7.312699999999999756e-01 4.553320000000000145e-01 7.626309999999999478e-01 5.429100000000000037e-01 6.802709999999999591e-01
2.316110000000000113e-01 6.906790000000000429e-01 2.449209999999999998e-01 3.797389999999999932e-01 2.752229999999999954e-01
4.186579999999999746e-01 3.875359999999999916e-01 3.238860000000000072e-01 5.600199999999999623e-01 2.590979999999999950e-01
6.671930000000000360e-01 5.056059999999999999e-01 7.261480000000000157e-01 3.683770000000000100e-01 3.135580000000000034e-01
7.665359999999999951e-01 1.729870000000000019e-01 3.971839999999999815e-01 4.737040000000000139e-01 5.437340000000000506e-01
4.308770000000000100e-01 7.506829999999999892e-01 7.309839999999999671e-01 6.538859999999999673e-01 8.557569999999999899e-01
4.637609999999999788e-01 4.237029999999999963e-01 1.725899999999999934e-01 7.249769999999999825e-01 6.947160000000000002e-01
7.392579999999999707e-01 7.133159999999999501e-01 6.939030000000000475e-01 4.236659999999999870e-01 5.565609999999999724e-01
3.598239999999999772e-01 5.632449999999999957e-01 4.633889999999999953e-01 1.833549999999999902e-01 6.487519999999999953e-01
5.769300000000000539e-01 4.706770000000000120e-01 6.700249999999999817e-01 1.174650000000000000e-01 2.279970000000000052e-01
7.290659999999999918e-01 4.171650000000000080e-01 2.848479999999999901e-01 4.453070000000000084e-01 2.693459999999999743e-01
8.314589999999999481e-01 3.310170000000000057e-01 3.957740000000000147e-01 7.743619999999999948e-01 7.059469999999999912e-01
6.325650000000000439e-01 5.243440000000000323e-01 6.547389999999999599e-01 1.974920000000000009e-01 2.500209999999999932e-01
4.571629999999999860e-01 5.361730000000000107e-01 4.666350000000000220e-01 7.421180000000000554e-01 7.744149999999999645e-01
5.880170000000000119e-01 7.975499999999999812e-01 4.265780000000000127e-01 4.960220000000000184e-01 6.425239999999999840e-01
6.150109999999999744e-01 4.975060000000000038e-01 5.824709999999999610e-01 5.908930000000000016e-01 1.308670000000000111e-01
5.048660000000000370e-01 2.871750000000000136e-01 5.486490000000000533e-01 1.494369999999999865e-01 5.898520000000000429e-01
5.651540000000000452e-01 5.365779999999999994e-01 2.721799999999999775e-01 5.304020000000000401e-01 4.720150000000000179e-01
7.287789999999999546e-01 5.829959999999999587e-01 4.184809999999999919e-01 4.167089999999999961e-01 6.318099999999999827e-01
5.793650000000000189e-01 3.819580000000000197e-01 5.684050000000000491e-01 1.769149999999999889e-01 4.162089999999999956e-01
3.980940000000000034e-01 7.675100000000000255e-01 5.339810000000000390e-01 6.171459999999999724e-01 3.773310000000000275e-01
3.844569999999999932e-01 5.610629999999999784e-01 7.830200000000000493e-01 2.186329999999999940e-01 5.596640000000000503e-01
7.183669999999999778e-01 5.902789999999999981e-01 8.182559999999999834e-01 4.213600000000000123e-01 7.969840000000000257e-01
6.244199999999999751e-01 6.280599999999999516e-01 8.089330000000000132e-01 7.402020000000000266e-01 5.796590000000000353e-01
4.493039999999999812e-01 4.522999999999999798e-01 8.121460000000000345e-01 7.306300000000000017e-01 6.942230000000000345e-01
8.031519999999999770e-01 5.813920000000000199e-01 4.632290000000000019e-01 4.913739999999999775e-01 5.165290000000000159e-01
7.204540000000000388e-01 6.635189999999999699e-01 7.612579999999999902e-01 4.687459999999999960e-01 2.125380000000000047e-01
4.262599999999999723e-01 1.549089999999999911e-01 5.474679999999999547e-01 3.013419999999999987e-01 6.560810000000000253e-01
6.959920000000000551e-01 5.357399999999999940e-01 1.900689999999999880e-01 4.835920000000000218e-01 7.261039999999999717e-01
7.304319999999999702e-01 3.735800000000000232e-01 7.665589999999999904e-01 5.548440000000000039e-01 2.574049999999999949e-01
1.225369999999999931e-01 4.825240000000000085e-01 7.736969999999999681e-01 5.223700000000000010e-01 4.744079999999999964e-01
5.508669999999999956e-01 4.184740000000000126e-01 3.008480000000000043e-01 3.463939999999999797e-01 8.433680000000000065e-01
5.282820000000000293e-01 8.346900000000000430e-01 6.278620000000000312e-01 4.778189999999999937e-01 7.060480000000000089e-01
5.991130000000000067e-01 2.996710000000000207e-01 5.772829999999999906e-01 3.889540000000000219e-01 1.508059999999999956e-01
6.661139999999999839e-01 3.733879999999999977e-01 5.316619999999999679e-01 6.462569999999999704e-01 6.427669999999999773e-01
7.234180000000000055e-01 4.889560000000000017e-01 8.849550000000000471e-01 4.341240000000000099e-01 3.145100000000000118e-01
5.462489999999999846e-01 8.142000000000000348e-01 2.672939999999999761e-01 4.064699999999999980e-01 5.496490000000000542e-01
4.389109999999999956e-01 7.787420000000000453e-01 3.229199999999999848e-01 3.203199999999999936e-01 6.117770000000000152e-01
4.245630000000000237e-01 6.317450000000000010e-01 7.362699999999999800e-01 4.826289999999999747e-01 5.435360000000000191e-01
1.566349999999999965e-01 5.707370000000000498e-01 3.772030000000000105e-01 6.548819999999999641e-01 6.035920000000000174e-01
7.685809999999999587e-01 5.391540000000000221e-01 5.587170000000000192e-01 3.582560000000000189e-01 2.131200000000000039e-01
6.421470000000000233e-01 5.584890000000000132e-01 5.321399999999999464e-01 6.769420000000000437e-01 3.564069999999999738e-01
2.472060000000000091e-01 7.900570000000000093e-01 4.841739999999999933e-01 5.169550000000000534e-01 4.614429999999999921e-01
4.671589999999999909e-01 5.467910000000000270e-01 9.176140000000000407e-01 3.394039999999999835e-01 3.602989999999999804e-01
1.380770000000000053e-01 6.586710000000000065e-01 2.893100000000000116e-01 4.333589999999999942e-01 4.564659999999999829e-01
7.024120000000000363e-01 4.355140000000000122e-01 6.877109999999999612e-01 3.566770000000000218e-01 6.652930000000000232e-01
4.538249999999999784e-01 4.421820000000000195e-01 7.569120000000000292e-01 4.271119999999999917e-01 4.733289999999999997e-01
3.591139999999999888e-01 6.368920000000000137e-01 2.372470000000000134e-01 4.122319999999999873e-01 3.895179999999999754e-01
2.463549999999999907e-01 4.891119999999999912e-01 5.092689999999999717e-01 2.906299999999999994e-01 6.243319999999999981e-01
1.478829999999999867e-01 4.616750000000000020e-01 3.724310000000000120e-01 4.561589999999999812e-01 6.617309999999999581e-01
7.100819999999999910e-01 3.513279999999999736e-01 7.663250000000000339e-01 6.229770000000000030e-01 3.826339999999999741e-01
5.297100000000000142e-01 8.421159999999999757e-01 4.506800000000000250e-01 5.816789999999999461e-01 2.789739999999999998e-01
3.279190000000000160e-01 3.276359999999999828e-01 5.767090000000000272e-01 7.462569999999999482e-01 3.358659999999999979e-01
4.949339999999999851e-01 3.562670000000000003e-01 7.878469999999999640e-01 3.511909999999999754e-01 4.588690000000000269e-01
2.053609999999999880e-01 5.098850000000000326e-01 6.449329999999999785e-01 3.811209999999999876e-01 5.003570000000000517e-01
5.867470000000000185e-01 4.603320000000000189e-01 7.978560000000000096e-01 5.715940000000000465e-01 7.802580000000000071e-01
4.625020000000000242e-01 2.683139999999999969e-01 5.613010000000000499e-01 7.790000000000000258e-01 6.509650000000000158e-01
2.726009999999999822e-01 6.068099999999999605e-01 6.516089999999999938e-01 5.991410000000000347e-01 7.618340000000000112e-01
1.841909999999999936e-01 7.055609999999999937e-01 3.620720000000000049e-01 3.445810000000000262e-01 3.749210000000000043e-01
2.221430000000000071e-01 5.513369999999999660e-01 3.237180000000000057e-01 7.268200000000000216e-01 6.590260000000000007e-01
6.009660000000000002e-01 4.329999999999999960e-01 4.246670000000000167e-01 3.830669999999999908e-01 2.101979999999999960e-01
2.461770000000000069e-01 4.905479999999999841e-01 6.472710000000000408e-01 6.899060000000000192e-01 2.473869999999999958e-01
4.932619999999999783e-01 2.608070000000000110e-01 3.852329999999999921e-01 6.077299999999999924e-01 1.173840000000000022e-01
5.224320000000000075e-01 5.112849999999999895e-01 1.624049999999999938e-01 5.437880000000000491e-01 4.442320000000000157e-01
3.964130000000000154e-01 5.109900000000000553e-01 2.152239999999999986e-01 2.717600000000000016e-01 4.747819999999999818e-01
3.162159999999999971e-01 6.432830000000000492e-01 6.590249999999999719e-01 2.394640000000000102e-01 6.675499999999999767e-01
4.726489999999999858e-01 8.095179999999999598e-01 5.722350000000000492e-01 5.567699999999999871e-01 6.291550000000000198e-01
2.053460000000000008e-01 2.558019999999999738e-01 2.706399999999999917e-01 6.543360000000000287e-01 4.238239999999999785e-01
7.428010000000000446e-01 2.529440000000000022e-01 2.302339999999999942e-01 5.378209999999999935e-01 1.647280000000000133e-01
3.738540000000000196e-01 3.562629999999999963e-01 7.068600000000000438e-01 1.981590000000000018e-01 4.549949999999999828e-01
8.158889999999999754e-01 6.427969999999999517e-01 4.942199999999999926e-01 3.627480000000000149e-01 7.044070000000000054e-01
6.390040000000000164e-01 7.366800000000000015e-01 3.770259999999999723e-01 6.803299999999999903e-01 2.995280000000000165e-01
6.871749999999999803e-01 3.581130000000000146e-01 8.049309999999999521e-01 4.678080000000000016e-01 4.471310000000000007e-01
7.335979999999999723e-01 5.783030000000000115e-01 5.394949999999999468e-01 2.974490000000000189e-01 2.306390000000000107e-01
2.512920000000000154e-01 4.588240000000000096e-01 4.573249999999999815e-01 2.596330000000000027e-01 6.438420000000000254e-01
5.728870000000000351e-01 5.078329999999999789e-01 1.422899999999999998e-01 4.636379999999999946e-01 3.701969999999999983e-01
3.201860000000000261e-01 3.721829999999999861e-01 2.813930000000000042e-01 3.801660000000000039e-01 4.523010000000000086e-01
7.023610000000000131e-01 5.876519999999999522e-01 6.729699999999999571e-01 6.097019999999999662e-01 2.619009999999999949e-01
3.465409999999999879e-01 3.132449999999999957e-01 7.030020000000000158e-01 3.498260000000000258e-01 5.215880000000000516e-01
8.406439999999999468e-01 7.008050000000000113e-01 4.265889999999999960e-01 6.762240000000000473e-01 3.000959999999999739e-01
7.216230000000000144e-01 3.165490000000000248e-01 2.471980000000000011e-01 6.614700000000000024e-01 3.183150000000000146e-01
6.875360000000000360e-01 4.219530000000000225e-01 7.570329999999999560e-01 4.490230000000000055e-01 7.347449999999999815e-01
3.201979999999999826e-01 5.716769999999999907e-01 1.796129999999999949e-01 7.598289999999999766e-01 4.441640000000000033e-01
4.024380000000000179e-01 7.814149999999999707e-01 2.348059999999999869e-01 3.898639999999999883e-01 4.437740000000000018e-01
3.410110000000000086e-01 3.782719999999999971e-01 6.100680000000000547e-01 4.133100000000000107e-01 4.996510000000000118e-01
5.341580000000000217e-01 5.854530000000000012e-01 7.142410000000000148e-01 2.404689999999999883e-01 5.583190000000000097e-01
6.164530000000000287e-01 7.251360000000000028e-01 3.524959999999999760e-01 4.060980000000000145e-01 2.839039999999999897e-01
6.296420000000000350e-01 3.889659999999999784e-01 3.493609999999999771e-01 7.089779999999999971e-01 7.888309999999999489e-01
6.639760000000000106e-01 4.481620000000000048e-01 2.535040000000000071e-01 6.478920000000000234e-01 1.152009999999999978e-01
1.834530000000000050e-01 2.879619999999999957e-01 7.720439999999999525e-01 7.385950000000000015e-01 5.642059999999999853e-01
6.170390000000000041e-01 5.726959999999999829e-01 3.005789999999999851e-01 8.251709999999999878e-01 6.469979999999999620e-01
5.885869999999999713e-01 3.839369999999999727e-01 8.271319999999999784e-01 6.098879999999999857e-01 3.920649999999999968e-01
3.030649999999999733e-01 6.053119999999999612e-01 4.760030000000000094e-01 1.829890000000000128e-01 4.963730000000000087e-01
4.691219999999999835e-01 5.416600000000000303e-01 6.855980000000000407e-01 8.374279999999999502e-01 6.468190000000000328e-01
5.956650000000000000e-01 3.435759999999999925e-01 4.762399999999999967e-01 1.664539999999999909e-01 5.997820000000000373e-01
5.463470000000000271e-01 4.533400000000000207e-01 2.785670000000000091e-01 8.739400000000000501e-01 3.159779999999999811e-01
2.642539999999999889e-01 3.189370000000000260e-01 3.791610000000000258e-01 5.530570000000000208e-01 2.222030000000000116e-01
6.652209999999999512e-01 3.689939999999999887e-01 6.772829999999999684e-01 1.023629999999999957e-01 4.144979999999999776e-01
3.856450000000000156e-01 5.276260000000000394e-01 8.042909999999999782e-01 7.161689999999999445e-01 6.483759999999999524e-01
1.899379999999999957e-01 2.876460000000000128e-01 4.588940000000000241e-01 6.280559999999999476e-01 7.342849999999999655e-01
7.219189999999999774e-01 2.976420000000000177e-01 4.724619999999999931e-01 6.687809999999999588e-01 1.947780000000000067e-01
6.297620000000000440e-01 4.139140000000000041e-01 6.474379999999999580e-01 4.964109999999999912e-01 1.720639999999999947e-01
1.408719999999999972e-01 6.331499999999999906e-01 3.536929999999999796e-01 5.143879999999999564e-01 3.229810000000000181e-01
5.330899999999999528e-01 6.472120000000000095e-01 6.838340000000000529e-01 1.962589999999999890e-01 5.310470000000000468e-01
7.192589999999999817e-01 5.827689999999999815e-01 6.036589999999999456e-01 6.895590000000000330e-01 4.184010000000000229e-01
4.957639999999999825e-01 3.090249999999999941e-01 7.780960000000000099e-01 4.523360000000000158e-01 4.102600000000000136e-01
6.162600000000000300e-01 4.853160000000000251e-01 7.066409999999999636e-01 5.157110000000000305e-01 5.579929999999999612e-01
6.829439999999999955e-01 2.434880000000000100e-01 2.999180000000000179e-01 7.278649999999999842e-01 2.187530000000000030e-01
4.122230000000000061e-01 2.276060000000000028e-01 3.786289999999999933e-01 6.104199999999999626e-01 3.308749999999999747e-01
6.238839999999999941e-01 6.124589999999999756e-01 5.908060000000000533e-01 6.780890000000000528e-01 6.428899999999999615e-01
6.950990000000000224e-01 5.342179999999999707e-01 6.100579999999999892e-01 2.468509999999999871e-01 8.224350000000000271e-01
3.036610000000000142e-01 6.350620000000000154e-01 4.922560000000000269e-01 3.383579999999999921e-01 7.758869999999999933e-01
7.744050000000000100e-01 4.279919999999999836e-01 2.569500000000000117e-01 5.511669999999999625e-01 4.677109999999999879e-01
4.063399999999999790e-01 3.555809999999999804e-01 2.457610000000000072e-01 4.989080000000000181e-01 1.534600000000000131e-01
8.462690000000000490e-01 2.425549999999999928e-01 6.220419999999999838e-01 6.522029999999999772e-01 5.700680000000000192e-01
7.004939999999999500e-01 2.021429999999999894e-01 4.149760000000000115e-01 5.008970000000000367e-01 5.779579999999999718e-01
2.350530000000000119e-01 5.385680000000000467e-01 7.045040000000000191e-01 6.030539999999999790e-01 5.295229999999999659e-01
4.626190000000000024e-01 2.298610000000000098e-01 2.717559999999999976e-01 4.077180000000000248e-01 5.094790000000000152e-01
9.595099999999999463e-02 6.516079999999999650e-01 5.721629999999999772e-01 3.510780000000000012e-01 5.752019999999999911e-01
4.785949999999999926e-01 7.393089999999999939e-01 5.633219999999999894e-01 7.499970000000000248e-01 2.064989999999999881e-01
5.142619999999999969e-01 2.001870000000000038e-01 5.507520000000000193e-01 4.932110000000000105e-01 3.995779999999999887e-01
6.366819999999999702e-01 7.194979999999999709e-01 5.964450000000000029e-01 4.429299999999999904e-01 3.229940000000000033e-01
5.520570000000000199e-01 4.234879999999999756e-01 5.672719999999999985e-01 1.328779999999999961e-01 2.801779999999999826e-01
