5
537
5.800290000000000168e-01 5.464539999999999953e-01 2.485600000000000032e-01 5.479490000000000194e-01 3.783509999999999929e-01
9.418889999999999763e-01 3.302559999999999940e-01 6.129339999999999788e-01 5.788370000000000459e-01 5.107840000000000158e-01
4.074880000000000169e-01 6.474950000000000427e-01 4.466180000000000150e-01 3.064609999999999834e-01 6.834999999999999964e-01
5.338629999999999765e-01 6.301250000000000462e-01 5.113750000000000240e-01 6.858779999999999877e-01 5.580899999999999750e-01
6.834400000000000197e-02 6.600000000000000311e-01 6.194749999999999979e-01 5.243370000000000530e-01 5.393310000000000048e-01
4.029769999999999741e-01 8.370009999999999950e-01 4.794930000000000025e-01 8.395679999999999810e-01 6.240679999999999561e-01
2.700919999999999987e-01 4.352249999999999730e-01 8.285919999999999952e-01 1.478410000000000002e-01 7.669280000000000541e-01
6.157439999999999580e-01 8.020610000000000239e-01 2.406870000000000120e-01 2.336050000000000071e-01 1.990760000000000030e-01
3.359550000000000036e-01 3.963300000000000156e-01 1.128409999999999969e-01 5.155229999999999535e-01 4.033709999999999796e-01
6.763329999999999620e-01 1.278900000000000037e-01 4.512789999999999857e-01 6.503109999999999724e-01 7.749580000000000357e-01
5.140649999999999942e-01 8.987509999999999666e-01 3.078910000000000258e-01 7.221229999999999594e-01 7.211779999999999857e-01
2.024880000000000013e-01 2.197550000000000059e-01 4.206739999999999924e-01 2.674039999999999750e-01 2.534150000000000014e-01
5.781629999999999825e-01 1.782950000000000090e-01 6.098419999999999952e-01 6.161429999999999962e-01 5.217500000000000471e-01
6.930749999999999966e-01 5.053060000000000329e-01 6.748920000000000474e-01 9.068429999999999547e-01 3.045340000000000269e-01
2.991820000000000035e-01 3.466810000000000169e-01 6.740530000000000133e-01 8.137199999999999989e-01 1.840549999999999964e-01
6.923099999999999810e-01 6.619439999999999769e-01 2.976509999999999989e-01 6.157240000000000490e-01 4.679929999999999923e-01
5.502010000000000511e-01 2.204270000000000118e-01 7.181950000000000278e-01 6.953439999999999621e-01 6.481099999999999639e-01
2.740090000000000026e-01 2.687180000000000124e-01 3.441569999999999907e-01 2.392370000000000052e-01 8.487360000000000460e-01
1.235369999999999940e-01 2.834840000000000138e-01 5.219570000000000043e-01 5.347899999999999876e-01 2.164099999999999913e-01
2.003030000000000088e-01 4.854780000000000206e-01 4.236670000000000158e-01 5.688560000000000283e-01 7.684619999999999784e-01
6.570960000000000134e-01 8.093770000000000131e-01 1.925099999999999867e-01 5.192179999999999573e-01 4.968620000000000259e-01
7.380379999999999718e-01 2.045810000000000128e-01 3.923579999999999846e-01 3.674350000000000116e-01 4.799599999999999977e-01
6.199500000000000011e-01 5.066079999999999472e-01 5.602139999999999898e-01 5.214809999999999723e-01 5.364910000000000512e-01
8.061369999999999925e-01 7.403899999999999926e-01 7.274559999999999915e-01 3.555829999999999824e-01 2.871230000000000171e-01
6.761190000000000255e-01 5.275879999999999459e-01 1.749020000000000019e-01 5.787839999999999652e-01 6.239700000000000246e-01
7.349799999999999667e-01 8.075620000000000021e-01 6.915759999999999685e-01 3.197289999999999854e-01 6.795980000000000354e-01
3.213840000000000030e-01 4.989199999999999746e-01 3.550360000000000182e-01 9.622600000000000597e-02 2.746129999999999960e-01
4.174680000000000057e-01 3.924779999999999935e-01 3.735289999999999999e-01 9.035060000000000313e-01 2.252560000000000118e-01
4.274089999999999834e-01 4.551339999999999830e-01 4.414569999999999883e-01 5.617459999999999676e-01 2.725609999999999977e-01
1.798230000000000106e-01 2.841920000000000002e-01 4.093829999999999969e-01 4.919740000000000224e-01 6.066599999999999770e-01
1.337800000000000100e-01 4.457800000000000096e-01 2.180249999999999966e-01 3.541569999999999996e-01 3.137249999999999761e-01
6.198519999999999586e-01 8.449680000000000524e-01 3.778000000000000247e-01 6.887100000000000444e-01 1.510319999999999996e-01
3.956600000000000117e-01 8.586629999999999541e-01 5.438539999999999486e-01 5.509509999999999685e-01 8.293110000000000204e-01
4.701859999999999928e-01 4.236070000000000113e-01 5.646940000000000293e-01 8.125550000000000272e-01 6.036920000000000064e-01
7.901930000000000343e-01 7.757119999999999571e-01 3.867099999999999982e-01 4.329649999999999888e-01 8.498360000000000358e-01
3.919960000000000111e-01 2.694960000000000133e-01 4.177150000000000030e-01 5.374400000000000288e-01 7.591970000000000107e-01
8.162199999999999456e-01 2.148750000000000104e-01 4.009420000000000206e-01 6.391489999999999672e-01 1.696320000000000050e-01
5.910320000000000018e-01 4.664980000000000238e-01 4.300050000000000261e-01 9.181499999999999384e-02 1.384140000000000092e-01
3.293610000000000149e-01 5.721629999999999772e-01 3.368189999999999795e-01 9.133520000000000527e-01 7.145390000000000352e-01
2.972259999999999902e-01 4.695829999999999727e-01 2.867060000000000164e-01 6.645839999999999526e-01 6.647199999999999775e-01
6.725339999999999652e-01 2.727229999999999932e-01 6.631879999999999997e-01 2.054439999999999877e-01 8.975480000000000125e-01
1.903120000000000089e-01 5.705609999999999848e-01 4.167620000000000213e-01 5.134499999999999620e-01 5.563919999999999977e-01
2.777669999999999861e-01 4.233700000000000241e-01 5.794439999999999591e-01 7.185300000000000020e-01 3.287880000000000247e-01
6.049529999999999630e-01 4.456370000000000053e-01 8.180070000000000396e-01 2.391199999999999992e-01 8.968319999999999625e-01
7.771980000000000555e-01 3.747730000000000228e-01 8.091000000000000414e-01 5.449619999999999465e-01 1.714090000000000058e-01
8.771719999999999517e-01 6.278430000000000399e-01 1.516319999999999890e-01 4.741139999999999799e-01 4.345709999999999851e-01
3.021789999999999754e-01 7.265070000000000139e-01 4.085110000000000130e-01 8.377000000000000002e-01 2.267720000000000014e-01
3.495800000000000018e-01 3.898130000000000206e-01 5.890480000000000160e-01 1.376149999999999873e-01 8.922989999999999533e-01
8.698510000000000408e-01 5.815630000000000521e-01 3.364539999999999753e-01 7.756950000000000234e-01 9.801899999999999502e-02
4.968350000000000266e-01 2.985289999999999888e-01 3.810149999999999926e-01 7.114059999999999828e-01 5.958959999999999813e-01
2.285149999999999959e-01 6.504339999999999566e-01 8.479440000000000310e-01 3.974179999999999935e-01 3.964679999999999871e-01
2.474939999999999918e-01 6.369120000000000337e-01 5.732960000000000278e-01 3.817800000000000082e-01 5.708429999999999893e-01
8.523799999999999433e-02 5.903380000000000294e-01 8.118910000000000293e-01 4.589429999999999898e-01 4.486899999999999777e-01
6.053299999999999653e-02 3.734540000000000082e-01 6.402280000000000193e-01 3.162590000000000123e-01 3.586289999999999756e-01
7.837960000000000482e-01 2.670219999999999816e-01 8.323409999999999975e-01 1.578309999999999991e-01 6.577399999999999913e-01
4.478239999999999998e-01 5.716539999999999955e-01 7.921529999999999960e-01 7.185510000000000508e-01 6.914780000000000371e-01
7.465580000000000549e-01 3.943459999999999743e-01 7.720460000000000100e-01 7.773039999999999949e-01 1.501069999999999904e-01
4.457309999999999883e-01 4.083640000000000048e-01 3.753600000000000270e-01 6.763280000000000403e-01 4.750599999999999962e-02
7.243300000000000294e-01 8.151080000000000547e-01 5.208800000000000097e-01 4.240240000000000120e-01 5.670009999999999772e-01
4.771599999999999731e-01 6.300219999999999709e-01 7.761909999999999643e-01 4.428690000000000127e-01 3.021059999999999857e-01
4.660219999999999918e-01 4.326450000000000018e-01 4.660770000000000191e-01 3.511400000000000077e-01 6.093549999999999800e-01
4.361470000000000069e-01 3.301879999999999815e-01 4.663630000000000275e-01 1.613360000000000072e-01 5.754770000000000163e-01
7.399719999999999631e-01 7.066860000000000364e-01 2.781250000000000111e-01 4.431629999999999736e-01 2.368750000000000022e-01
1.529919999999999891e-01 3.334590000000000054e-01 4.530950000000000255e-01 1.678679999999999894e-01 3.607090000000000019e-01
4.844870000000000010e-01 7.739580000000000348e-01 9.198899999999999855e-01 5.844989999999999908e-01 6.750049999999999661e-01
6.834160000000000235e-01 1.720230000000000092e-01 1.823480000000000101e-01 7.219349999999999934e-01 5.694989999999999775e-01
7.892270000000000119e-01 5.412160000000000304e-01 2.120180000000000120e-01 3.781610000000000249e-01 7.457329999999999792e-01
5.337210000000000010e-01 2.446399999999999963e-01 6.620120000000000449e-01 4.280680000000000041e-01 5.392299999999999871e-01
8.339140000000000441e-01 5.993049999999999766e-01 5.218970000000000553e-01 5.261900000000000466e-01 6.785759999999999570e-01
4.875059999999999949e-01 5.174990000000000423e-01 6.099750000000000449e-01 8.546179999999999888e-01 5.653019999999999712e-01
7.490430000000000144e-01 1.600860000000000061e-01 5.715209999999999457e-01 5.590159999999999574e-01 3.837709999999999733e-01
7.677070000000000283e-01 8.476660000000000306e-01 7.166460000000000052e-01 6.707490000000000396e-01 2.757760000000000211e-01
7.488179999999999836e-01 3.800439999999999929e-01 3.983019999999999894e-01 2.556599999999999984e-01 8.738540000000000196e-01
3.248869999999999814e-01 3.708270000000000177e-01 4.818959999999999910e-01 2.311080000000000079e-01 2.294740000000000113e-01
6.705100000000000504e-01 2.546499999999999875e-01 9.078589999999999716e-01 3.788070000000000048e-01 6.100799999999999557e-01
3.450079999999999814e-01 5.453780000000000294e-01 1.647319999999999895e-01 6.516070000000000473e-01 5.639380000000000503e-01
4.529949999999999810e-01 4.786560000000000259e-01 7.706680000000000197e-01 6.130430000000000046e-01 4.193560000000000065e-01
3.123029999999999973e-01 8.782159999999999966e-01 1.783430000000000015e-01 4.053999999999999826e-01 5.638459999999999583e-01
5.583569999999999922e-01 3.039959999999999885e-01 2.632709999999999773e-01 7.879939999999999722e-01 8.161289999999999933e-01
6.798579999999999623e-01 3.684029999999999805e-01 7.448850000000000193e-01 2.846569999999999934e-01 2.337329999999999963e-01
2.487779999999999991e-01 2.167080000000000117e-01 2.157610000000000083e-01 2.931690000000000129e-01 2.939479999999999871e-01
3.780479999999999952e-01 8.576529999999999987e-01 5.684820000000000428e-01 4.830820000000000114e-01 1.522860000000000047e-01
6.038160000000000194e-01 3.363900000000000223e-01 7.091250000000000053e-01 2.597880000000000189e-01 2.608710000000000195e-01
3.072949999999999848e-01 7.034470000000000445e-01 8.308959999999999679e-01 8.625190000000000357e-01 3.489229999999999832e-01
3.434639999999999915e-01 6.033429999999999627e-01 3.845250000000000057e-01 7.125489999999999879e-01 8.062519999999999687e-01
6.740819999999999590e-01 2.949240000000000195e-01 7.849589999999999623e-01 8.098180000000000378e-01 6.085350000000000481e-01
6.495910000000000295e-01 6.764090000000000380e-01 3.998399999999999732e-01 1.041460000000000025e-01 3.828790000000000249e-01
7.128679999999999461e-01 1.767380000000000062e-01 4.304569999999999785e-01 6.894350000000000200e-01 3.400859999999999994e-01
8.191990000000000105e-01 2.780299999999999994e-01 8.534159999999999524e-01 3.605829999999999869e-01 3.107099999999999862e-01
1.288469999999999893e-01 5.248099999999999987e-01 4.873149999999999982e-01 2.951010000000000022e-01 7.672360000000000291e-01
5.466419999999999613e-01 4.115400000000000169e-01 7.558000000000000274e-01 7.356840000000000046e-01 6.408049999999999580e-01
5.811549999999999772e-01 4.725790000000000268e-01 6.362750000000000350e-01 8.739519999999999511e-01 5.185250000000000137e-01
7.789220000000000033e-01 3.378099999999999992e-01 5.701439999999999841e-01 4.052040000000000086e-01 2.559679999999999733e-01
3.640539999999999887e-01 6.539690000000000225e-01 2.519959999999999978e-01 3.046440000000000259e-01 1.596269999999999911e-01
9.062529999999999752e-01 3.875930000000000208e-01 2.686080000000000134e-01 4.864269999999999983e-01 3.775410000000000155e-01
7.058170000000000277e-01 6.745740000000000069e-01 5.596790000000000376e-01 5.307669999999999888e-01 6.085300000000000153e-01
5.689480000000000093e-01 3.110399999999999832e-01 6.425999999999999490e-01 1.731870000000000076e-01 7.492649999999999588e-01
6.937330000000000441e-01 5.702270000000000394e-01 7.997689999999999522e-01 7.113620000000000498e-01 8.610470000000000068e-01
6.194349999999999579e-01 8.443119999999999514e-01 3.524570000000000203e-01 7.504279999999999839e-01 4.426269999999999927e-01
1.449139999999999873e-01 5.736580000000000013e-01 4.725809999999999733e-01 6.706250000000000266e-01 1.933050000000000046e-01
5.162930000000000019e-01 3.443359999999999754e-01 2.483110000000000039e-01 3.659830000000000028e-01 8.202099999999999669e-02
5.272109999999999852e-01 8.428139999999999521e-01 1.689930000000000043e-01 2.703369999999999940e-01 5.494219999999999660e-01
8.915499999999999536e-01 2.822390000000000176e-01 5.961629999999999985e-01 7.160530000000000506e-01 7.081640000000000157e-01
3.829690000000000039e-01 5.601960000000000273e-01 2.110640000000000016e-01 3.532000000000000139e-01 2.322430000000000050e-01
3.002070000000000016e-01 5.805190000000000072e-01 7.773759999999999559e-01 3.565099999999999936e-01 8.648540000000000116e-01
3.926060000000000105e-01 5.279089999999999616e-01 5.735240000000000338e-01 2.135070000000000023e-01 4.196150000000000158e-01
5.810950000000000282e-01 4.673840000000000217e-01 3.173790000000000222e-01 1.931859999999999966e-01 8.715309999999999446e-01
6.078759999999999719e-01 5.659960000000000546e-01 7.023690000000000211e-01 7.210220000000000518e-01 2.084179999999999922e-01
2.057150000000000090e-01 4.583720000000000017e-01 8.615749999999999797e-01 4.954930000000000168e-01 7.436770000000000325e-01
7.332530000000000436e-01 7.755509999999999904e-01 6.880060000000000064e-01 3.097820000000000018e-01 5.114260000000000472e-01
8.407310000000000061e-01 1.688989999999999936e-01 6.795020000000000504e-01 3.893780000000000019e-01 2.677930000000000033e-01
1.945290000000000075e-01 4.568130000000000246e-01 6.491160000000000263e-01 6.900920000000000387e-01 3.739199999999999746e-01
4.759809999999999874e-01 8.182099999999999929e-01 6.516049999999999898e-01 5.293689999999999785e-01 1.024530000000000024e-01
9.253010000000000401e-01 5.285140000000000393e-01 7.384749999999999925e-01 5.450500000000000345e-01 6.569249999999999812e-01
3.227010000000000156e-01 6.432799999999999629e-01 6.073870000000000102e-01 3.531380000000000075e-01 1.836339999999999917e-01
4.653209999999999846e-01 6.558380000000000321e-01 6.639899999999999691e-01 6.865139999999999576e-01 2.368419999999999970e-01
6.079790000000000472e-01 3.049689999999999901e-01 6.096679999999999877e-01 6.899809999999999555e-01 5.158310000000000395e-01
5.635470000000000201e-01 5.362460000000000004e-01 6.891850000000000476e-01 1.284659999999999969e-01 1.261899999999999966e-01
4.585460000000000091e-01 7.790740000000000443e-01 8.890810000000000102e-01 7.844740000000000046e-01 6.505539999999999656e-01
7.650139999999999718e-01 5.959900000000000198e-01 8.024919999999999831e-01 4.780829999999999802e-01 1.455009999999999915e-01
4.907130000000000103e-01 4.132279999999999842e-01 1.173020000000000035e-01 5.023309999999999720e-01 6.759830000000000005e-01
2.480719999999999870e-01 3.471899999999999986e-01 2.170360000000000067e-01 7.278959999999999875e-01 7.519719999999999738e-01
5.897890000000000077e-01 5.874819999999999487e-01 8.126280000000000170e-01 8.365799999999999903e-01 4.067720000000000224e-01
6.142720000000000402e-01 7.197900000000000131e-02 7.446629999999999638e-01 5.567149999999999599e-01 7.075690000000000035e-01
9.255889999999999951e-01 3.671900000000000164e-01 3.706079999999999930e-01 8.023130000000000539e-01 4.769369999999999998e-01
8.760329999999999506e-01 4.922679999999999834e-01 5.496299999999999519e-01 6.384779999999999900e-01 8.995659999999999767e-01
7.822569999999999801e-01 3.965119999999999756e-01 1.759799999999999975e-01 6.958109999999999573e-01 5.036089999999999733e-01
7.509559999999999569e-01 3.168449999999999878e-01 2.208479999999999888e-01 7.942970000000000308e-01 7.449649999999999883e-01
6.498270000000000435e-01 6.495750000000000135e-01 3.995199999999999863e-01 7.244329999999999936e-01 5.434520000000000461e-01
4.696529999999999871e-01 4.629309999999999814e-01 4.787640000000000229e-01 5.885920000000000041e-01 4.735489999999999977e-01
7.139349999999999863e-01 1.125459999999999933e-01 5.526109999999999634e-01 7.403899999999999926e-01 7.271670000000000078e-01
7.021789999999999976e-01 5.144950000000000356e-01 1.243130000000000068e-01 3.346520000000000050e-01 4.905490000000000128e-01
7.885790000000000299e-01 6.503529999999999589e-01 4.875490000000000101e-01 2.360069999999999946e-01 5.681540000000000479e-01
5.876390000000000224e-01 4.483530000000000015e-01 4.751819999999999933e-01 3.891539999999999999e-01 5.124509999999999899e-01
9.067229999999999457e-01 2.951529999999999987e-01 6.297650000000000192e-01 4.582339999999999747e-01 5.459330000000000016e-01
4.893500000000000072e-01 5.077610000000000179e-01 9.465930000000000177e-01 3.834409999999999763e-01 5.002820000000000045e-01
2.432690000000000130e-01 6.207270000000000287e-01 5.505830000000000446e-01 6.455790000000000139e-01 2.438240000000000129e-01
3.147739999999999982e-01 4.068959999999999799e-01 6.982150000000000301e-01 9.019030000000000102e-01 2.850150000000000183e-01
5.225349999999999717e-01 2.529489999999999794e-01 3.187030000000000141e-01 4.409790000000000099e-01 5.272900000000000365e-01
2.906929999999999792e-01 6.701460000000000194e-01 1.478990000000000027e-01 7.340640000000000498e-01 4.136099999999999777e-01
7.781770000000000076e-01 8.173639999999999795e-01 4.420410000000000172e-01 3.896780000000000244e-01 3.238699999999999912e-01
2.871299999999999963e-01 7.995010000000000172e-01 2.208179999999999865e-01 2.928060000000000107e-01 1.981140000000000123e-01
4.949779999999999736e-01 8.839299999999999935e-02 6.217770000000000241e-01 2.066610000000000114e-01 3.441100000000000270e-01
2.851540000000000186e-01 5.784030000000000005e-01 2.215310000000000057e-01 2.673389999999999933e-01 1.708800000000000041e-01
4.825110000000000232e-01 5.631669999999999732e-01 1.558690000000000075e-01 6.912409999999999943e-01 6.899939999999999962e-01
3.810189999999999966e-01 7.853099999999999525e-01 7.072300000000000253e-01 4.095719999999999916e-01 6.836299999999999599e-01
5.204299999999999482e-01 8.679930000000000145e-01 3.571360000000000090e-01 3.892149999999999777e-01 5.356309999999999683e-01
3.510909999999999864e-01 7.864360000000000239e-01 6.323379999999999557e-01 6.973749999999999671e-01 7.809420000000000250e-01
2.846239999999999881e-01 6.739119999999999555e-01 4.453820000000000001e-01 5.339850000000000430e-01 6.900330000000000075e-01
3.887519999999999865e-01 7.622849999999999904e-01 7.314629999999999743e-01 6.902989999999999959e-01 8.550579999999999847e-01
8.841409999999999547e-01 7.657140000000000057e-01 3.551799999999999957e-01 5.130169999999999453e-01 2.751290000000000124e-01
5.832000000000000517e-01 8.358809999999999851e-01 6.549779999999999491e-01 2.069570000000000021e-01 3.219620000000000259e-01
2.179719999999999991e-01 4.526370000000000116e-01 4.759090000000000265e-01 6.025399999999999645e-01 8.869730000000000114e-01
5.938729999999999842e-01 2.306030000000000024e-01 7.364469999999999628e-01 4.606169999999999987e-01 5.926890000000000214e-01
1.055149999999999977e-01 3.882019999999999915e-01 5.143969999999999931e-01 4.717830000000000079e-01 2.622229999999999839e-01
8.252909999999999968e-01 6.737530000000000463e-01 7.707910000000000039e-01 6.787269999999999692e-01 3.716209999999999791e-01
4.099269999999999858e-01 6.474410000000000442e-01 5.365990000000000482e-01 6.186059999999999892e-01 9.190570000000000128e-01
5.859969999999999901e-01 8.463850000000000540e-01 1.877989999999999937e-01 3.392850000000000033e-01 3.550340000000000162e-01
6.035800000000000193e-02 4.369299999999999851e-01 4.782770000000000077e-01 3.989230000000000276e-01 7.012800000000000145e-01
4.135550000000000059e-01 6.197799999999999976e-01 6.435030000000000472e-01 3.542529999999999846e-01 9.376729999999999787e-01
4.760300000000000087e-01 6.332090000000000218e-01 3.391739999999999755e-01 4.895959999999999757e-01 6.339409999999999767e-01
4.297960000000000114e-01 5.860170000000000101e-01 1.808289999999999897e-01 1.920999999999999930e-01 6.215180000000000149e-01
9.260150000000000325e-01 5.277389999999999581e-01 7.129619999999999846e-01 7.573280000000000012e-01 4.075369999999999826e-01
5.973559999999999981e-01 7.697469999999999590e-01 1.396300000000000041e-01 7.684100000000000374e-01 6.612409999999999677e-01
2.052920000000000023e-01 3.444220000000000059e-01 6.952110000000000234e-01 4.145659999999999901e-01 6.159620000000000095e-01
4.703510000000000191e-01 1.858299999999999952e-01 2.485660000000000092e-01 6.437589999999999701e-01 6.639530000000000154e-01
8.299320000000000030e-01 6.640789999999999749e-01 1.688199999999999978e-01 3.623790000000000067e-01 5.003980000000000095e-01
7.277639999999999665e-01 5.269740000000000535e-01 8.537050000000000471e-01 2.268390000000000128e-01 4.820090000000000208e-01
4.968069999999999986e-01 8.276639999999999553e-01 5.415290000000000381e-01 4.728010000000000268e-01 3.693589999999999929e-01
7.816830000000000167e-01 7.544800000000000395e-01 5.417520000000000113e-01 2.281040000000000012e-01 7.516310000000000491e-01
6.553759999999999586e-01 9.067979999999999929e-01 5.608800000000000452e-01 7.100899999999999990e-01 4.845720000000000027e-01
3.908130000000000215e-01 3.865580000000000127e-01 8.777110000000000190e-01 6.827720000000000455e-01 3.471440000000000081e-01
4.855619999999999936e-01 8.434719999999999995e-01 2.336169999999999913e-01 3.967780000000000196e-01 6.409390000000000365e-01
3.888530000000000042e-01 4.577120000000000077e-01 7.625079999999999636e-01 4.712459999999999982e-01 2.331360000000000099e-01
3.246370000000000089e-01 1.716350000000000098e-01 6.708950000000000191e-01 7.291159999999999863e-01 2.530910000000000104e-01
6.518319999999999670e-01 3.334150000000000169e-01 7.020690000000000541e-01 6.701799999999999979e-01 7.183859999999999690e-01
5.342109999999999914e-01 4.864249999999999963e-01 3.444119999999999959e-01 5.251599999999999602e-01 3.615059999999999940e-01
2.159349999999999881e-01 2.276660000000000073e-01 3.876120000000000121e-01 5.936050000000000493e-01 7.246169999999999556e-01
6.441500000000000004e-01 2.299950000000000050e-01 5.311350000000000238e-01 7.887009999999999854e-01 6.987330000000000485e-01
7.335209999999999786e-01 2.856060000000000265e-01 1.799520000000000008e-01 4.551720000000000210e-01 7.104900000000000104e-02
5.734799999999999898e-01 4.751830000000000220e-01 4.077569999999999806e-01 1.777729999999999866e-01 8.322089999999999765e-01
1.154680000000000012e-01 6.651209999999999622e-01 6.923510000000000497e-01 3.369300000000000073e-01 7.741890000000000160e-01
6.984249999999999625e-01 4.207400000000000029e-01 3.845549999999999802e-01 2.203710000000000113e-01 7.671729999999999938e-01
4.576399999999999912e-01 5.624120000000000230e-01 4.668120000000000047e-01 7.130309999999999704e-01 9.134079999999999977e-01
5.262970000000000148e-01 4.744229999999999836e-01 6.236260000000000137e-01 2.785130000000000106e-01 9.621680000000000232e-01
3.619640000000000080e-01 5.247389999999999555e-01 2.876569999999999960e-01 6.567840000000000344e-01 5.610289999999999999e-01
4.201050000000000062e-01 7.117040000000000033e-01 6.125289999999999901e-01 7.668749999999999734e-01 8.615129999999999733e-01
4.546560000000000046e-01 4.016939999999999955e-01 2.642720000000000069e-01 6.156509999999999483e-01 2.397849999999999981e-01
5.859600000000000364e-01 2.236410000000000065e-01 7.259970000000000034e-01 8.237970000000000015e-01 5.640370000000000106e-01
8.144670000000000520e-01 7.444309999999999539e-01 6.504799999999999471e-01 6.190529999999999644e-01 4.210699999999999998e-01
7.450329999999999453e-01 7.757910000000000084e-01 7.116989999999999705e-01 5.174220000000000486e-01 3.196729999999999849e-01
6.757450000000000401e-01 2.521079999999999988e-01 1.779330000000000078e-01 5.184459999999999624e-01 5.194889999999999786e-01
4.526850000000000041e-01 2.687519999999999909e-01 9.066300000000000470e-01 7.285329999999999862e-01 4.476370000000000071e-01
6.166319999999999579e-01 7.356030000000000069e-01 2.834699999999999998e-01 2.825170000000000181e-01 2.676999999999999935e-01
5.319549999999999557e-01 5.696219999999999617e-01 6.453050000000000175e-01 6.404549999999999965e-01 1.348689999999999889e-01
5.730659999999999643e-01 5.202179999999999582e-01 3.000220000000000109e-01 4.633619999999999961e-01 7.232739999999999725e-01
6.833799999999999597e-02 5.624599999999999600e-01 2.640219999999999789e-01 4.152069999999999927e-01 3.827369999999999939e-01
5.759929999999999772e-01 7.104899999999999549e-01 2.114459999999999951e-01 7.676060000000000105e-01 1.564889999999999892e-01
6.486769999999999481e-01 3.125339999999999785e-01 7.517759999999999998e-01 9.659299999999999831e-02 4.367519999999999736e-01
2.504009999999999847e-01 4.846320000000000072e-01 2.072710000000000108e-01 5.966770000000000129e-01 3.464329999999999909e-01
7.676290000000000058e-01 5.472909999999999719e-01 3.185330000000000106e-01 5.796499999999999986e-01 1.804070000000000118e-01
8.261159999999999615e-01 5.248150000000000315e-01 5.590199999999999614e-01 4.443159999999999887e-01 6.231980000000000297e-01
6.634480000000000377e-01 5.707109999999999683e-01 9.404139999999999722e-01 5.309260000000000090e-01 2.705600000000000227e-01
4.651730000000000032e-01 1.661990000000000134e-01 3.097420000000000173e-01 8.330760000000000387e-01 5.020259999999999723e-01
5.548530000000000406e-01 4.171650000000000080e-01 2.938490000000000268e-01 7.137630000000000363e-01 2.154659999999999909e-01
3.411120000000000263e-01 7.387799999999999923e-02 6.664830000000000476e-01 5.731789999999999941e-01 4.266820000000000057e-01
9.730900000000000660e-02 4.659119999999999928e-01 5.907170000000000476e-01 1.791750000000000009e-01 3.941669999999999896e-01
3.435869999999999758e-01 6.623900000000000343e-01 7.927450000000000330e-01 6.723700000000000232e-01 5.281099999999999683e-01
5.204480000000000217e-01 1.627730000000000010e-01 7.279269999999999907e-01 2.636749999999999927e-01 5.928499999999999881e-01
6.015719999999999956e-01 6.146129999999999649e-01 8.001610000000000111e-01 3.041079999999999894e-01 1.368719999999999937e-01
4.083240000000000203e-01 7.078410000000000535e-01 6.868400000000000061e-01 7.139699999999999935e-01 6.982549999999999590e-01
5.776000000000000023e-01 7.314920000000000311e-01 1.857389999999999874e-01 7.231990000000000363e-01 7.973120000000000207e-01
3.637279999999999958e-01 1.780460000000000098e-01 4.185400000000000231e-01 3.952320000000000277e-01 6.699230000000000462e-01
7.402689999999999548e-01 7.006379999999999830e-01 6.199740000000000251e-01 9.100179999999999936e-01 6.755039999999999933e-01
4.374140000000000250e-01 6.203619999999999690e-01 4.214399999999999813e-01 1.421719999999999928e-01 4.918000000000000149e-01
5.964089999999999669e-01 8.449560000000000404e-01 1.782900000000000040e-01 5.274149999999999672e-01 2.601589999999999736e-01
4.864970000000000128e-01 5.562470000000000470e-01 8.362760000000000193e-01 2.895940000000000181e-01 2.099479999999999957e-01
1.579450000000000021e-01 5.796069999999999833e-01 4.473659999999999859e-01 8.724560000000000093e-01 3.615300000000000180e-01
2.272369999999999945e-01 1.655480000000000007e-01 3.642360000000000042e-01 7.117700000000000138e-01 7.235129999999999617e-01
2.731310000000000127e-01 5.109409999999999785e-01 3.770200000000000218e-01 5.746499999999999941e-01 1.447749999999999870e-01
4.815039999999999876e-01 6.301130000000000342e-01 3.128199999999999870e-01 5.721929999999999517e-01 8.510659999999999892e-01
2.282639999999999947e-01 4.395890000000000075e-01 1.771760000000000002e-01 7.991009999999999502e-01 4.900390000000000024e-01
6.246129999999999738e-01 8.636540000000000328e-01 4.243830000000000102e-01 6.037150000000000016e-01 6.344990000000000352e-01
6.523900000000000254e-01 7.152669999999999861e-01 4.940680000000000072e-01 7.945560000000000400e-01 1.053790000000000004e-01
7.104939999999999589e-01 2.770460000000000145e-01 3.173460000000000170e-01 6.402999999999999803e-01 5.160249999999999559e-01
8.384759999999999991e-01 2.606189999999999896e-01 2.250469999999999970e-01 3.588689999999999936e-01 5.111510000000000220e-01
2.298910000000000120e-01 7.805410000000000403e-01 5.477870000000000239e-01 6.558699999999999530e-01 2.069060000000000066e-01
1.750079999999999969e-01 3.612400000000000055e-01 3.552199999999999802e-01 1.824379999999999891e-01 2.283000000000000029e-01
3.731140000000000012e-01 9.267830000000000235e-01 4.424690000000000012e-01 5.832929999999999504e-01 4.133800000000000252e-01
6.746309999999999807e-01 5.269089999999999607e-01 7.598530000000000006e-01 8.478790000000000493e-01 3.041519999999999779e-01
3.637580000000000258e-01 6.744959999999999845e-01 2.550549999999999762e-01 7.076350000000000140e-01 2.237419999999999964e-01
8.230800000000000616e-02 3.464470000000000049e-01 7.350809999999999844e-01 5.026359999999999717e-01 8.034210000000000518e-01
9.843599999999999572e-02 4.184200000000000141e-01 3.923159999999999981e-01 6.507199999999999651e-01 6.439350000000000351e-01
6.224539999999999518e-01 5.823040000000000438e-01 7.822510000000000296e-01 2.963740000000000263e-01 1.499810000000000032e-01
7.257139999999999702e-01 7.517100000000000171e-02 4.056949999999999723e-01 5.088510000000000533e-01 2.628789999999999738e-01
5.722439999999999749e-01 7.066529999999999756e-01 7.093359999999999665e-01 8.028720000000000301e-01 8.644789999999999974e-01
6.297540000000000360e-01 2.801529999999999854e-01 5.351010000000000488e-01 4.458489999999999953e-01 3.826600000000000001e-01
5.484290000000000553e-01 4.393079999999999763e-01 4.436939999999999773e-01 1.663789999999999991e-01 3.239119999999999777e-01
6.117580000000000240e-01 8.126679999999999460e-01 5.145790000000000086e-01 5.253590000000000204e-01 7.033340000000000147e-01
7.465540000000000509e-01 3.247149999999999759e-01 4.803450000000000220e-01 1.567530000000000034e-01 5.398830000000000018e-01
7.312699999999999756e-01 4.553320000000000145e-01 7.626309999999999478e-01 5.429100000000000037e-01 6.802709999999999591e-01
2.316110000000000113e-01 6.906790000000000429e-01 2.449209999999999998e-01 3.797389999999999932e-01 2.752229999999999954e-01
9.224400000000000377e-01 4.562700000000000089e-01 5.262379999999999836e-01 4.835030000000000161e-01 2.296559999999999990e-01
6.414159999999999862e-01 2.823990000000000111e-01 2.768590000000000217e-01 1.707859999999999934e-01 3.987280000000000268e-01
4.186579999999999746e-01 3.875359999999999916e-01 3.238860000000000072e-01 5.600199999999999623e-01 2.590979999999999950e-01
6.671930000000000360e-01 5.056059999999999999e-01 7.261480000000000157e-01 3.683770000000000100e-01 3.135580000000000034e-01
5.063560000000000283e-01 3.206069999999999753e-01 4.493420000000000192e-01 8.861499999999999932e-02 3.604729999999999879e-01
6.535799999999999943e-02 4.715440000000000187e-01 2.470140000000000113e-01 5.616950000000000554e-01 4.096409999999999774e-01
6.890399999999999858e-01 6.945750000000000535e-01 7.156059999999999643e-01 1.980590000000000128e-01 7.706969999999999654e-01
7.665359999999999951e-01 1.729870000000000019e-01 3.971839999999999815e-01 4.737040000000000139e-01 5.437340000000000506e-01
5.440430000000000543e-01 7.258350000000000080e-01 1.061379999999999962e-01 8.563309999999999533e-01 3.567770000000000108e-01
7.583259999999999446e-01 1.828190000000000093e-01 6.462670000000000359e-01 8.161359999999999726e-01 8.030840000000000201e-01
4.308770000000000100e-01 7.506829999999999892e-01 7.309839999999999671e-01 6.538859999999999673e-01 8.557569999999999899e-01
4.637609999999999788e-01 4.237029999999999963e-01 1.725899999999999934e-01 7.249769999999999825e-01 6.947160000000000002e-01
4.985700000000000132e-01 4.624929999999999874e-01 1.116930000000000006e-01 2.270840000000000081e-01 6.052920000000000522e-01
9.027089999999999836e-01 8.224339999999999984e-01 6.560120000000000395e-01 5.877109999999999834e-01 6.526440000000000019e-01
6.445299999999999641e-02 2.599159999999999804e-01 4.035429999999999851e-01 3.444749999999999757e-01 5.845289999999999653e-01
3.705439999999999845e-01 7.405960000000000321e-01 1.921350000000000002e-01 2.136299999999999866e-01 4.740210000000000257e-01
5.663059999999999761e-01 8.991649999999999920e-01 2.592639999999999945e-01 4.540139999999999731e-01 6.127460000000000129e-01
7.392579999999999707e-01 7.133159999999999501e-01 6.939030000000000475e-01 4.236659999999999870e-01 5.565609999999999724e-01
1.225969999999999976e-01 4.885959999999999748e-01 8.248250000000000304e-01 8.309330000000000327e-01 4.902170000000000138e-01
3.598239999999999772e-01 5.632449999999999957e-01 4.633889999999999953e-01 1.833549999999999902e-01 6.487519999999999953e-01
5.769300000000000539e-01 4.706770000000000120e-01 6.700249999999999817e-01 1.174650000000000000e-01 2.279970000000000052e-01
7.290659999999999918e-01 4.171650000000000080e-01 2.848479999999999901e-01 4.453070000000000084e-01 2.693459999999999743e-01
8.934609999999999497e-01 3.915549999999999864e-01 8.634180000000000188e-01 4.718709999999999849e-01 7.322579999999999645e-01
8.314589999999999481e-01 3.310170000000000057e-01 3.957740000000000147e-01 7.743619999999999948e-01 7.059469999999999912e-01
6.325650000000000439e-01 5.243440000000000323e-01 6.547389999999999599e-01 1.974920000000000009e-01 2.500209999999999932e-01
6.817849999999999744e-01 7.534800000000000386e-01 7.461050000000000182e-01 7.940019999999999856e-01 7.952240000000000419e-01
8.137349999999999861e-01 4.407449999999999979e-01 5.929579999999999851e-01 8.485310000000000352e-01 2.630259999999999820e-01
4.571629999999999860e-01 5.361730000000000107e-01 4.666350000000000220e-01 7.421180000000000554e-01 7.744149999999999645e-01
5.963289999999999980e-01 5.032349999999999879e-01 8.660419999999999785e-01 5.733989999999999920e-01 1.161419999999999952e-01
5.880170000000000119e-01 7.975499999999999812e-01 4.265780000000000127e-01 4.960220000000000184e-01 6.425239999999999840e-01
6.150109999999999744e-01 4.975060000000000038e-01 5.824709999999999610e-01 5.908930000000000016e-01 1.308670000000000111e-01
5.048660000000000370e-01 2.871750000000000136e-01 5.486490000000000533e-01 1.494369999999999865e-01 5.898520000000000429e-01
2.219689999999999996e-01 6.280790000000000539e-01 1.183170000000000055e-01 5.605050000000000310e-01 4.136509999999999909e-01
2.294059999999999988e-01 6.257770000000000277e-01 4.340530000000000221e-01 1.343560000000000032e-01 1.154469999999999941e-01
5.651540000000000452e-01 5.365779999999999994e-01 2.721799999999999775e-01 5.304020000000000401e-01 4.720150000000000179e-01
3.198799999999999977e-01 2.176889999999999936e-01 7.048959999999999670e-01 1.813369999999999982e-01 7.235150000000000192e-01
6.259200000000000319e-01 8.319509999999999961e-01 6.026510000000000478e-01 7.632980000000000320e-01 7.501529999999999587e-01
7.287789999999999546e-01 5.829959999999999587e-01 4.184809999999999919e-01 4.167089999999999961e-01 6.318099999999999827e-01
3.170319999999999805e-01 3.587130000000000041e-01 8.973860000000000170e-01 3.648190000000000044e-01 5.123410000000000464e-01
3.409030000000000116e-01 5.631329999999999947e-01 5.770149999999999446e-01 8.933550000000000102e-01 6.091539999999999733e-01
4.927400000000000113e-01 4.874939999999999829e-01 3.139509999999999801e-01 5.751810000000000533e-01 7.139800000000000313e-02
6.349609999999999976e-01 7.832660000000000178e-01 3.523249999999999993e-01 5.309169999999999723e-01 1.151360000000000022e-01
9.712099999999999900e-02 3.168159999999999865e-01 7.309020000000000516e-01 2.656830000000000025e-01 3.405850000000000266e-01
2.061399999999999899e-01 5.917869999999999520e-01 1.624180000000000068e-01 7.668549999999999534e-01 5.342689999999999939e-01
7.665429999999999744e-01 2.892399999999999971e-01 2.594890000000000252e-01 2.351600000000000079e-01 3.327939999999999787e-01
2.763399999999999745e-01 4.514360000000000039e-01 2.804949999999999943e-01 2.848060000000000036e-01 7.342109999999999470e-01
5.793650000000000189e-01 3.819580000000000197e-01 5.684050000000000491e-01 1.769149999999999889e-01 4.162089999999999956e-01
1.554790000000000061e-01 1.385979999999999990e-01 4.137959999999999972e-01 6.667720000000000313e-01 4.391379999999999728e-01
3.980940000000000034e-01 7.675100000000000255e-01 5.339810000000000390e-01 6.171459999999999724e-01 3.773310000000000275e-01
7.543699999999999850e-01 6.991589999999999749e-01 7.604910000000000281e-01 5.682049999999999601e-01 8.202169999999999739e-01
3.850259999999999794e-01 1.238059999999999994e-01 8.079159999999999675e-01 6.488209999999999811e-01 7.271560000000000246e-01
6.999729999999999563e-01 4.423929999999999807e-01 2.986809999999999743e-01 9.323719999999999786e-01 3.726510000000000100e-01
3.844569999999999932e-01 5.610629999999999784e-01 7.830200000000000493e-01 2.186329999999999940e-01 5.596640000000000503e-01
4.125860000000000083e-01 3.406420000000000003e-01 1.772670000000000079e-01 3.266910000000000092e-01 6.932180000000000009e-01
5.171719999999999651e-01 1.052359999999999962e-01 6.990250000000000075e-01 5.170930000000000248e-01 7.873850000000000016e-01
8.715249999999999941e-01 7.187769999999999992e-01 4.931679999999999953e-01 6.735489999999999533e-01 3.379570000000000074e-01
7.183669999999999778e-01 5.902789999999999981e-01 8.182559999999999834e-01 4.213600000000000123e-01 7.969840000000000257e-01
6.244199999999999751e-01 6.280599999999999516e-01 8.089330000000000132e-01 7.402020000000000266e-01 5.796590000000000353e-01
4.493039999999999812e-01 4.522999999999999798e-01 8.121460000000000345e-01 7.306300000000000017e-01 6.942230000000000345e-01
8.031519999999999770e-01 5.813920000000000199e-01 4.632290000000000019e-01 4.913739999999999775e-01 5.165290000000000159e-01
3.034919999999999840e-01 7.953500000000000014e-01 4.527430000000000065e-01 2.588579999999999770e-01 6.206700000000000550e-01
7.204540000000000388e-01 6.635189999999999699e-01 7.612579999999999902e-01 4.687459999999999960e-01 2.125380000000000047e-01
6.114800000000000235e-01 1.387760000000000105e-01 4.105750000000000233e-01 5.381540000000000212e-01 7.618489999999999984e-01
4.262599999999999723e-01 1.549089999999999911e-01 5.474679999999999547e-01 3.013419999999999987e-01 6.560810000000000253e-01
7.476180000000000048e-01 2.105360000000000009e-01 4.706469999999999820e-01 1.565139999999999865e-01 5.285710000000000131e-01
6.959920000000000551e-01 5.357399999999999940e-01 1.900689999999999880e-01 4.835920000000000218e-01 7.261039999999999717e-01
6.361729999999999885e-01 1.642510000000000081e-01 5.625539999999999985e-01 8.414740000000000553e-01 6.456340000000000412e-01
1.682539999999999869e-01 8.423680000000000057e-01 6.718250000000000055e-01 3.561759999999999926e-01 2.538949999999999818e-01
7.304319999999999702e-01 3.735800000000000232e-01 7.665589999999999904e-01 5.548440000000000039e-01 2.574049999999999949e-01
7.489970000000000239e-01 3.997939999999999827e-01 3.330919999999999992e-01 2.799909999999999899e-01 8.167060000000000430e-01
1.225369999999999931e-01 4.825240000000000085e-01 7.736969999999999681e-01 5.223700000000000010e-01 4.744079999999999964e-01
1.388850000000000084e-01 2.356300000000000061e-01 2.295850000000000113e-01 6.337479999999999780e-01 4.044730000000000270e-01
7.012799999999999589e-02 6.355889999999999596e-01 3.449360000000000204e-01 3.343490000000000073e-01 4.020079999999999765e-01
5.508669999999999956e-01 4.184740000000000126e-01 3.008480000000000043e-01 3.463939999999999797e-01 8.433680000000000065e-01
4.816679999999999851e-01 3.998260000000000147e-01 8.783549999999999969e-01 5.176910000000000123e-01 8.395029999999999992e-01
5.282820000000000293e-01 8.346900000000000430e-01 6.278620000000000312e-01 4.778189999999999937e-01 7.060480000000000089e-01
5.991130000000000067e-01 2.996710000000000207e-01 5.772829999999999906e-01 3.889540000000000219e-01 1.508059999999999956e-01
6.138890000000000180e-01 6.245760000000000201e-01 2.571019999999999972e-01 1.142640000000000045e-01 4.356389999999999985e-01
7.322410000000000307e-01 7.809580000000000410e-01 5.633289999999999687e-01 8.660860000000000225e-01 3.065109999999999779e-01
6.661139999999999839e-01 3.733879999999999977e-01 5.316619999999999679e-01 6.462569999999999704e-01 6.427669999999999773e-01
7.234180000000000055e-01 4.889560000000000017e-01 8.849550000000000471e-01 4.341240000000000099e-01 3.145100000000000118e-01
7.504539999999999544e-01 8.857169999999999765e-01 2.447400000000000131e-01 3.376449999999999729e-01 8.000469999999999526e-01
5.462489999999999846e-01 8.142000000000000348e-01 2.672939999999999761e-01 4.064699999999999980e-01 5.496490000000000542e-01
4.369319999999999871e-01 5.211109999999999909e-01 3.052380000000000093e-01 1.292079999999999895e-01 6.057270000000000154e-01
4.389109999999999956e-01 7.787420000000000453e-01 3.229199999999999848e-01 3.203199999999999936e-01 6.117770000000000152e-01
7.447540000000000271e-01 7.606400000000000661e-02 4.014559999999999795e-01 2.770500000000000185e-01 3.741030000000000189e-01
7.558970000000000411e-01 3.585760000000000058e-01 5.796299999999999786e-01 8.434739999999999460e-01 2.629889999999999728e-01
5.809600000000000181e-02 4.277139999999999831e-01 5.809680000000000399e-01 3.265739999999999754e-01 7.338860000000000383e-01
4.245630000000000237e-01 6.317450000000000010e-01 7.362699999999999800e-01 4.826289999999999747e-01 5.435360000000000191e-01
5.922899999999999832e-01 6.118139999999999690e-01 7.521609999999999685e-01 5.737430000000000030e-01 8.994459999999999678e-01
1.566349999999999965e-01 5.707370000000000498e-01 3.772030000000000105e-01 6.548819999999999641e-01 6.035920000000000174e-01
7.685809999999999587e-01 5.391540000000000221e-01 5.587170000000000192e-01 3.582560000000000189e-01 2.131200000000000039e-01
6.421470000000000233e-01 5.584890000000000132e-01 5.321399999999999464e-01 6.769420000000000437e-01 3.564069999999999738e-01
7.726870000000000127e-01 5.532749999999999613e-01 8.998450000000000060e-01 6.969859999999999944e-01 2.498910000000000020e-01
7.194479999999999764e-01 7.566119999999999512e-01 3.859600000000000253e-01 8.270790000000000086e-01 7.237010000000000387e-01
1.678360000000000130e-01 8.258240000000000025e-01 6.247719999999999940e-01 5.390899999999999581e-01 4.857219999999999871e-01
2.472060000000000091e-01 7.900570000000000093e-01 4.841739999999999933e-01 5.169550000000000534e-01 4.614429999999999921e-01
4.671589999999999909e-01 5.467910000000000270e-01 9.176140000000000407e-01 3.394039999999999835e-01 3.602989999999999804e-01
5.408979999999999899e-01 8.769770000000000065e-01 3.564280000000000226e-01 4.877259999999999929e-01 2.050420000000000020e-01
1.380770000000000053e-01 6.586710000000000065e-01 2.893100000000000116e-01 4.333589999999999942e-01 4.564659999999999829e-01
7.024120000000000363e-01 4.355140000000000122e-01 6.877109999999999612e-01 3.566770000000000218e-01 6.652930000000000232e-01
5.771349999999999536e-01 9.025630000000000042e-01 3.847400000000000264e-01 3.180629999999999846e-01 6.867959999999999621e-01
4.782759999999999789e-01 3.790209999999999968e-01 2.006850000000000023e-01 9.092209999999999459e-01 2.724949999999999872e-01
4.151389999999999803e-01 2.438130000000000019e-01 7.581069999999999753e-01 4.966929999999999956e-01 9.265050000000000230e-01
7.766459999999999475e-01 9.475000000000000089e-02 4.552629999999999733e-01 6.014329999999999954e-01 2.812830000000000052e-01
5.186169999999999947e-01 4.001640000000000197e-01 5.624909999999999632e-01 7.824640000000000484e-01 8.729069999999999885e-01
9.468199999999999950e-01 2.078049999999999897e-01 5.719959999999999489e-01 5.395649999999999613e-01 4.663410000000000055e-01
4.538249999999999784e-01 4.421820000000000195e-01 7.569120000000000292e-01 4.271119999999999917e-01 4.733289999999999997e-01
2.462540000000000007e-01 7.943510000000000293e-01 6.589359999999999662e-01 7.361360000000000126e-01 2.315149999999999986e-01
3.591139999999999888e-01 6.368920000000000137e-01 2.372470000000000134e-01 4.122319999999999873e-01 3.895179999999999754e-01
3.644549999999999734e-01 3.933180000000000009e-01 4.936690000000000245e-01 9.242899999999999727e-02 4.574269999999999725e-01
2.463549999999999907e-01 4.891119999999999912e-01 5.092689999999999717e-01 2.906299999999999994e-01 6.243319999999999981e-01
1.478829999999999867e-01 4.616750000000000020e-01 3.724310000000000120e-01 4.561589999999999812e-01 6.617309999999999581e-01
7.100819999999999910e-01 3.513279999999999736e-01 7.663250000000000339e-01 6.229770000000000030e-01 3.826339999999999741e-01
6.269069999999999920e-01 4.288000000000000145e-01 8.453969999999999541e-01 5.889149999999999663e-01 8.967140000000000111e-01
1.828259999999999885e-01 7.633889999999999842e-01 2.791359999999999952e-01 4.367309999999999803e-01 1.301009999999999944e-01
6.123910000000000187e-01 4.552080000000000015e-01 6.765670000000000295e-01 6.624399999999999733e-02 3.708770000000000122e-01
3.381250000000000089e-01 8.597439999999999527e-01 7.185380000000000100e-01 4.694749999999999757e-01 4.659090000000000176e-01
5.297100000000000142e-01 8.421159999999999757e-01 4.506800000000000250e-01 5.816789999999999461e-01 2.789739999999999998e-01
4.969129999999999936e-01 6.137510000000000465e-01 3.063119999999999732e-01 1.858009999999999939e-01 7.505659999999999554e-01
7.627620000000000511e-01 7.416970000000000507e-01 6.956989999999999563e-01 6.130870000000000486e-01 1.574689999999999979e-01
5.812220000000000164e-01 5.901769999999999516e-01 1.008840000000000015e-01 5.583569999999999922e-01 2.987130000000000063e-01
3.279190000000000160e-01 3.276359999999999828e-01 5.767090000000000272e-01 7.462569999999999482e-01 3.358659999999999979e-01
6.441799999999999748e-01 7.339350000000000041e-01 2.493140000000000078e-01 2.153970000000000051e-01 1.807279999999999998e-01
6.780909999999999993e-01 6.827100000000000390e-01 3.106360000000000232e-01 8.513849999999999474e-01 2.305919999999999914e-01
5.994200000000000222e-02 4.528340000000000143e-01 7.868939999999999824e-01 3.215029999999999832e-01 4.965539999999999954e-01
4.949339999999999851e-01 3.562670000000000003e-01 7.878469999999999640e-01 3.511909999999999754e-01 4.588690000000000269e-01
2.053609999999999880e-01 5.098850000000000326e-01 6.449329999999999785e-01 3.811209999999999876e-01 5.003570000000000517e-01
8.548419999999999908e-01 3.370400000000000063e-01 6.385009999999999852e-01 2.817120000000000180e-01 7.368149999999999977e-01
6.498669999999999725e-01 3.063089999999999979e-01 1.299359999999999959e-01 8.338339999999999641e-01 2.519719999999999738e-01
5.867470000000000185e-01 4.603320000000000189e-01 7.978560000000000096e-01 5.715940000000000465e-01 7.802580000000000071e-01
3.865720000000000267e-01 1.221200000000000063e-01 4.763580000000000036e-01 1.457509999999999917e-01 6.379409999999999803e-01
8.210969999999999658e-01 1.739290000000000003e-01 2.167260000000000020e-01 5.148690000000000211e-01 4.043559999999999932e-01
6.254600000000000160e-01 1.059469999999999995e-01 6.551029999999999909e-01 3.237550000000000150e-01 3.475210000000000243e-01
4.496499999999999941e-01 2.698679999999999968e-01 6.646680000000000366e-01 7.917200000000000626e-02 6.381350000000000078e-01
2.795549999999999979e-01 4.725900000000000101e-01 8.124149999999999983e-01 2.634119999999999795e-01 1.719060000000000032e-01
4.625020000000000242e-01 2.683139999999999969e-01 5.613010000000000499e-01 7.790000000000000258e-01 6.509650000000000158e-01
2.254349999999999965e-01 8.893720000000000514e-01 6.669460000000000388e-01 3.681490000000000040e-01 4.852190000000000114e-01
2.089330000000000076e-01 5.345689999999999609e-01 4.987590000000000079e-01 6.463299999999999601e-01 8.677500000000000213e-01
2.726009999999999822e-01 6.068099999999999605e-01 6.516089999999999938e-01 5.991410000000000347e-01 7.618340000000000112e-01
3.787619999999999876e-01 8.536449999999999871e-01 2.178630000000000011e-01 6.303609999999999491e-01 4.803930000000000144e-01
3.170479999999999965e-01 6.201299999999999590e-01 5.225849999999999662e-01 9.379099999999999937e-02 3.440480000000000205e-01
6.176430000000000531e-01 7.192939999999999889e-01 1.760079999999999978e-01 1.680000000000000104e-01 5.729809999999999626e-01
4.447690000000000254e-01 2.353520000000000056e-01 5.615310000000000024e-01 6.569350000000000467e-01 9.883899999999999630e-02
1.841909999999999936e-01 7.055609999999999937e-01 3.620720000000000049e-01 3.445810000000000262e-01 3.749210000000000043e-01
4.851280000000000037e-01 5.486849999999999783e-01 7.551200000000000134e-01 2.992770000000000152e-01 9.432760000000000034e-01
6.811500000000000332e-01 8.349399999999999877e-02 2.810940000000000105e-01 3.452509999999999746e-01 6.416680000000000161e-01
5.168949999999999934e-01 4.548229999999999773e-01 2.083859999999999879e-01 3.458559999999999968e-01 7.962960000000000038e-01
2.221430000000000071e-01 5.513369999999999660e-01 3.237180000000000057e-01 7.268200000000000216e-01 6.590260000000000007e-01
7.734490000000000531e-01 3.504220000000000113e-01 5.464470000000000161e-01 1.386779999999999957e-01 7.574030000000000484e-01
6.796269999999999811e-01 4.940370000000000039e-01 2.782430000000000181e-01 4.259580000000000033e-01 7.242500000000000326e-02
6.009660000000000002e-01 4.329999999999999960e-01 4.246670000000000167e-01 3.830669999999999908e-01 2.101979999999999960e-01
7.967870000000000230e-01 6.008569999999999744e-01 6.049550000000000205e-01 4.858020000000000116e-01 8.699350000000000138e-01
4.788430000000000186e-01 9.105370000000000408e-01 3.898059999999999858e-01 4.741730000000000111e-01 4.259600000000000053e-01
1.173799999999999982e-01 8.032139999999999835e-01 6.240529999999999688e-01 4.535170000000000035e-01 2.548179999999999890e-01
3.384579999999999811e-01 4.582749999999999879e-01 2.229839999999999878e-01 6.918649999999999523e-01 1.685790000000000066e-01
2.461770000000000069e-01 4.905479999999999841e-01 6.472710000000000408e-01 6.899060000000000192e-01 2.473869999999999958e-01
3.387600000000000333e-02 3.575710000000000277e-01 6.968050000000000077e-01 2.099489999999999967e-01 6.188989999999999769e-01
4.932619999999999783e-01 2.608070000000000110e-01 3.852329999999999921e-01 6.077299999999999924e-01 1.173840000000000022e-01
5.217270000000000518e-01 6.709429999999999561e-01 5.365550000000000042e-01 8.751560000000000450e-01 7.499479999999999480e-01
5.224320000000000075e-01 5.112849999999999895e-01 1.624049999999999938e-01 5.437880000000000491e-01 4.442320000000000157e-01
2.563130000000000130e-01 8.446160000000000334e-01 4.581540000000000057e-01 1.888170000000000126e-01 4.422730000000000272e-01
4.422269999999999812e-01 5.159219999999999917e-01 9.334399999999999642e-02 8.330809999999999604e-01 5.946979999999999489e-01
3.964130000000000154e-01 5.109900000000000553e-01 2.152239999999999986e-01 2.717600000000000016e-01 4.747819999999999818e-01
1.771649999999999892e-01 6.201349999999999918e-01 6.154380000000000406e-01 6.581090000000000551e-01 8.455899999999999528e-01
5.305750000000000188e-01 3.682880000000000043e-01 8.200520000000000032e-01 6.179660000000000153e-01 1.495809999999999917e-01
3.162159999999999971e-01 6.432830000000000492e-01 6.590249999999999719e-01 2.394640000000000102e-01 6.675499999999999767e-01
9.375580000000000025e-01 5.309810000000000363e-01 2.044100000000000084e-01 5.264750000000000263e-01 4.655590000000000006e-01
4.726489999999999858e-01 8.095179999999999598e-01 5.722350000000000492e-01 5.567699999999999871e-01 6.291550000000000198e-01
2.053460000000000008e-01 2.558019999999999738e-01 2.706399999999999917e-01 6.543360000000000287e-01 4.238239999999999785e-01
3.906290000000000040e-01 2.954860000000000264e-01 2.390569999999999917e-01 8.271389999999999576e-01 7.256399999999999517e-01
3.712050000000000072e-01 8.403990000000000071e-01 5.809339999999999504e-01 7.510700000000000154e-01 2.341729999999999923e-01
7.428010000000000446e-01 2.529440000000000022e-01 2.302339999999999942e-01 5.378209999999999935e-01 1.647280000000000133e-01
5.766149999999999887e-01 1.688520000000000021e-01 8.946659999999999613e-01 6.484450000000000491e-01 4.104780000000000095e-01
8.896560000000000024e-01 4.503920000000000146e-01 7.381109999999999616e-01 4.357240000000000002e-01 2.071979999999999933e-01
3.738540000000000196e-01 3.562629999999999963e-01 7.068600000000000438e-01 1.981590000000000018e-01 4.549949999999999828e-01
9.379600000000000437e-02 4.345129999999999826e-01 8.552720000000000322e-01 5.634320000000000439e-01 6.082670000000000021e-01
8.158889999999999754e-01 6.427969999999999517e-01 4.942199999999999926e-01 3.627480000000000149e-01 7.044070000000000054e-01
1.457559999999999967e-01 7.232330000000000148e-01 3.751260000000000150e-01 7.344129999999999825e-01 2.782140000000000168e-01
4.131770000000000165e-01 2.672880000000000256e-01 3.146979999999999777e-01 1.375450000000000006e-01 7.158940000000000303e-01
1.764020000000000032e-01 7.921369999999999800e-01 4.468750000000000222e-01 6.202379999999999560e-01 3.392580000000000040e-01
6.390040000000000164e-01 7.366800000000000015e-01 3.770259999999999723e-01 6.803299999999999903e-01 2.995280000000000165e-01
2.423720000000000041e-01 5.503479999999999484e-01 7.011119999999999575e-01 5.932129999999999903e-01 1.362939999999999985e-01
6.871749999999999803e-01 3.581130000000000146e-01 8.049309999999999521e-01 4.678080000000000016e-01 4.471310000000000007e-01
7.335979999999999723e-01 5.783030000000000115e-01 5.394949999999999468e-01 2.974490000000000189e-01 2.306390000000000107e-01
3.492509999999999781e-01 8.694290000000000074e-01 4.894169999999999909e-01 6.343670000000000142e-01 8.111960000000000282e-01
2.512920000000000154e-01 4.588240000000000096e-01 4.573249999999999815e-01 2.596330000000000027e-01 6.438420000000000254e-01
5.728870000000000351e-01 5.078329999999999789e-01 1.422899999999999998e-01 4.636379999999999946e-01 3.701969999999999983e-01
3.201860000000000261e-01 3.721829999999999861e-01 2.813930000000000042e-01 3.801660000000000039e-01 4.523010000000000086e-01
8.220070000000000432e-01 4.682430000000000203e-01 7.569289999999999630e-01 7.023190000000000266e-01 8.681119999999999948e-01
6.653609999999999802e-01 7.234859999999999625e-01 6.370059999999999611e-01 1.630969999999999920e-01 1.788359999999999950e-01
7.023610000000000131e-01 5.876519999999999522e-01 6.729699999999999571e-01 6.097019999999999662e-01 2.619009999999999949e-01
5.294590000000000130e-01 6.154859999999999776e-01 4.681930000000000258e-01 9.274280000000000301e-01 2.752290000000000014e-01
8.237330000000000485e-01 4.735110000000000152e-01 2.958770000000000011e-01 8.088790000000000147e-01 8.287820000000000187e-01
3.465409999999999879e-01 3.132449999999999957e-01 7.030020000000000158e-01 3.498260000000000258e-01 5.215880000000000516e-01
4.534929999999999795e-01 8.605800000000000116e-01 7.687019999999999964e-01 5.790340000000000487e-01 8.308940000000000214e-01
8.406439999999999468e-01 7.008050000000000113e-01 4.265889999999999960e-01 6.762240000000000473e-01 3.000959999999999739e-01
7.216230000000000144e-01 3.165490000000000248e-01 2.471980000000000011e-01 6.614700000000000024e-01 3.183150000000000146e-01
5.921060000000000212e-01 5.203510000000000080e-01 5.366180000000000394e-01 9.378440000000000110e-01 3.454349999999999921e-01
7.270889999999999853e-01 1.852659999999999862e-01 7.634130000000000082e-01 6.844949999999999646e-01 3.049299999999999788e-01
6.302670000000000217e-01 8.933389999999999942e-01 3.432379999999999876e-01 7.935060000000000446e-01 4.469460000000000099e-01
6.300069999999999837e-01 5.319610000000000172e-01 6.746520000000000294e-01 8.824220000000000397e-01 8.638789999999999525e-01
3.539280000000000204e-01 4.624389999999999890e-01 2.178980000000000083e-01 2.170650000000000079e-01 2.106810000000000072e-01
6.875360000000000360e-01 4.219530000000000225e-01 7.570329999999999560e-01 4.490230000000000055e-01 7.347449999999999815e-01
2.102370000000000072e-01 4.604239999999999999e-01 3.476029999999999953e-01 1.582510000000000028e-01 7.237379999999999924e-01
3.201979999999999826e-01 5.716769999999999907e-01 1.796129999999999949e-01 7.598289999999999766e-01 4.441640000000000033e-01
6.737210000000000143e-01 2.355450000000000044e-01 8.093960000000000043e-01 5.236359999999999904e-01 7.514969999999999706e-01
4.024380000000000179e-01 7.814149999999999707e-01 2.348059999999999869e-01 3.898639999999999883e-01 4.437740000000000018e-01
5.109960000000000058e-01 3.051409999999999956e-01 5.094079999999999719e-01 6.243279999999999941e-01 8.815199999999999425e-02
7.145580000000000265e-01 5.846580000000000110e-01 3.477250000000000063e-01 2.197790000000000021e-01 8.294369999999999798e-01
3.410110000000000086e-01 3.782719999999999971e-01 6.100680000000000547e-01 4.133100000000000107e-01 4.996510000000000118e-01
5.559299999999999659e-02 3.534579999999999944e-01 5.618840000000000501e-01 5.830610000000000515e-01 5.120209999999999484e-01
5.341580000000000217e-01 5.854530000000000012e-01 7.142410000000000148e-01 2.404689999999999883e-01 5.583190000000000097e-01
6.591500000000000137e-01 3.387539999999999996e-01 4.430769999999999986e-01 7.971589999999999510e-01 8.560980000000000256e-01
4.452039999999999886e-01 5.507769999999999611e-01 9.051759999999999806e-01 2.856699999999999795e-01 2.569000000000000172e-01
8.795200000000000240e-02 2.132729999999999904e-01 4.841019999999999768e-01 3.012770000000000170e-01 5.652730000000000254e-01
6.164530000000000287e-01 7.251360000000000028e-01 3.524959999999999760e-01 4.060980000000000145e-01 2.839039999999999897e-01
6.296420000000000350e-01 3.889659999999999784e-01 3.493609999999999771e-01 7.089779999999999971e-01 7.888309999999999489e-01
7.313790000000000013e-01 2.799639999999999906e-01 3.510210000000000274e-01 6.121210000000000262e-01 9.133780000000000232e-01
1.412009999999999932e-01 1.632470000000000032e-01 6.917189999999999728e-01 7.238409999999999567e-01 5.888970000000000038e-01
6.639760000000000106e-01 4.481620000000000048e-01 2.535040000000000071e-01 6.478920000000000234e-01 1.152009999999999978e-01
1.834530000000000050e-01 2.879619999999999957e-01 7.720439999999999525e-01 7.385950000000000015e-01 5.642059999999999853e-01
6.170390000000000041e-01 5.726959999999999829e-01 3.005789999999999851e-01 8.251709999999999878e-01 6.469979999999999620e-01
5.885869999999999713e-01 3.839369999999999727e-01 8.271319999999999784e-01 6.098879999999999857e-01 3.920649999999999968e-01
6.919030000000000458e-01 8.107799999999999452e-01 7.755990000000000384e-01 4.947010000000000018e-01 4.357570000000000054e-01
3.030649999999999733e-01 6.053119999999999612e-01 4.760030000000000094e-01 1.829890000000000128e-01 4.963730000000000087e-01
6.833200000000000385e-01 5.518150000000000555e-01 3.609840000000000271e-01 6.374000000000000499e-02 2.778379999999999739e-01
6.006019999999999692e-01 3.246359999999999801e-01 1.540880000000000027e-01 7.631740000000000190e-01 6.619840000000000169e-01
7.825180000000000469e-01 7.815640000000000365e-01 7.463739999999999819e-01 3.129950000000000232e-01 5.033250000000000224e-01
7.492999999999999661e-01 4.796320000000000028e-01 1.706290000000000029e-01 7.596530000000000227e-01 4.818830000000000058e-01
4.691219999999999835e-01 5.416600000000000303e-01 6.855980000000000407e-01 8.374279999999999502e-01 6.468190000000000328e-01
5.956650000000000000e-01 3.435759999999999925e-01 4.762399999999999967e-01 1.664539999999999909e-01 5.997820000000000373e-01
3.807159999999999989e-01 7.016219999999999679e-01 1.531009999999999871e-01 1.720929999999999960e-01 3.625880000000000214e-01
5.463470000000000271e-01 4.533400000000000207e-01 2.785670000000000091e-01 8.739400000000000501e-01 3.159779999999999811e-01
2.642539999999999889e-01 3.189370000000000260e-01 3.791610000000000258e-01 5.530570000000000208e-01 2.222030000000000116e-01
5.641869999999999941e-01 2.865699999999999914e-01 3.895919999999999939e-01 8.658489999999999798e-01 3.233500000000000263e-01
6.652209999999999512e-01 3.689939999999999887e-01 6.772829999999999684e-01 1.023629999999999957e-01 4.144979999999999776e-01
8.359509999999999996e-01 8.351079999999999615e-01 6.584929999999999950e-01 2.928910000000000124e-01 6.127139999999999809e-01
2.206289999999999918e-01 1.196289999999999992e-01 5.965249999999999719e-01 7.883999999999999897e-01 6.418420000000000236e-01
1.858450000000000102e-01 4.933509999999999840e-01 7.511590000000000211e-01 7.316160000000000441e-01 2.624199999999999866e-01
4.860559999999999881e-01 1.359249999999999903e-01 4.916570000000000107e-01 2.827250000000000041e-01 7.641689999999999872e-01
7.185540000000000260e-01 7.355479999999999796e-01 3.560920000000000196e-01 8.438489999999999602e-01 5.706510000000000193e-01
6.460789999999999589e-01 6.429660000000000375e-01 3.330319999999999947e-01 2.754139999999999922e-01 8.892949999999999466e-01
3.856450000000000156e-01 5.276260000000000394e-01 8.042909999999999782e-01 7.161689999999999445e-01 6.483759999999999524e-01
2.552670000000000217e-01 2.692200000000000149e-01 7.826809999999999601e-01 5.185549999999999882e-01 3.524169999999999803e-01
2.547570000000000112e-01 7.065770000000000106e-01 4.455799999999999761e-01 8.700689999999999813e-01 2.506829999999999892e-01
1.899379999999999957e-01 2.876460000000000128e-01 4.588940000000000241e-01 6.280559999999999476e-01 7.342849999999999655e-01
1.327790000000000081e-01 6.160959999999999770e-01 7.260830000000000339e-01 2.702039999999999997e-01 3.257390000000000008e-01
2.458789999999999865e-01 4.868299999999999850e-01 1.462620000000000031e-01 2.276080000000000048e-01 4.133930000000000105e-01
7.219189999999999774e-01 2.976420000000000177e-01 4.724619999999999931e-01 6.687809999999999588e-01 1.947780000000000067e-01
6.297620000000000440e-01 4.139140000000000041e-01 6.474379999999999580e-01 4.964109999999999912e-01 1.720639999999999947e-01
4.074869999999999881e-01 6.366629999999999789e-01 3.983189999999999786e-01 5.486950000000000438e-01 9.117180000000000284e-01
3.293760000000000021e-01 8.197889999999999899e-01 1.924359999999999959e-01 2.657470000000000110e-01 4.047129999999999894e-01
4.588889999999999914e-01 5.451350000000000362e-01 9.142000000000000126e-02 4.943899999999999961e-01 2.179480000000000028e-01
1.408719999999999972e-01 6.331499999999999906e-01 3.536929999999999796e-01 5.143879999999999564e-01 3.229810000000000181e-01
5.330899999999999528e-01 6.472120000000000095e-01 6.838340000000000529e-01 1.962589999999999890e-01 5.310470000000000468e-01
7.192589999999999817e-01 5.827689999999999815e-01 6.036589999999999456e-01 6.895590000000000330e-01 4.184010000000000229e-01
7.345400000000000540e-02 5.381550000000000500e-01 7.718990000000000018e-01 2.987790000000000168e-01 5.795169999999999488e-01
8.612360000000000015e-01 8.012529999999999930e-01 6.636189999999999589e-01 4.518010000000000081e-01 4.202119999999999744e-01
4.957639999999999825e-01 3.090249999999999941e-01 7.780960000000000099e-01 4.523360000000000158e-01 4.102600000000000136e-01
6.162600000000000300e-01 4.853160000000000251e-01 7.066409999999999636e-01 5.157110000000000305e-01 5.579929999999999612e-01
1.888080000000000036e-01 2.917399999999999993e-01 2.802600000000000091e-01 3.250000000000000111e-01 2.695350000000000246e-01
9.295330000000000537e-01 6.576729999999999521e-01 5.091599999999999460e-01 4.440769999999999995e-01 5.985970000000000457e-01
3.687840000000000007e-01 1.573350000000000026e-01 3.244569999999999954e-01 1.428149999999999975e-01 2.838080000000000047e-01
2.261640000000000039e-01 1.356360000000000066e-01 6.317169999999999730e-01 2.624219999999999886e-01 5.272459999999999924e-01
6.829439999999999955e-01 2.434880000000000100e-01 2.999180000000000179e-01 7.278649999999999842e-01 2.187530000000000030e-01
4.122230000000000061e-01 2.276060000000000028e-01 3.786289999999999933e-01 6.104199999999999626e-01 3.308749999999999747e-01
7.900000000000000355e-01 5.217810000000000503e-01 5.782230000000000425e-01 1.861829999999999874e-01 1.777370000000000061e-01
6.238839999999999941e-01 6.124589999999999756e-01 5.908060000000000533e-01 6.780890000000000528e-01 6.428899999999999615e-01
6.950990000000000224e-01 5.342179999999999707e-01 6.100579999999999892e-01 2.468509999999999871e-01 8.224350000000000271e-01
3.036610000000000142e-01 6.350620000000000154e-01 4.922560000000000269e-01 3.383579999999999921e-01 7.758869999999999933e-01
5.416520000000000223e-01 5.509760000000000213e-01 2.559339999999999948e-01 4.796719999999999873e-01 8.527280000000000415e-01
4.770139999999999936e-01 1.689420000000000088e-01 4.033320000000000238e-01 7.932519999999999571e-01 1.816220000000000057e-01
8.264010000000000522e-01 3.171510000000000162e-01 3.559089999999999754e-01 7.624670000000000059e-01 7.757789999999999964e-01
5.222059999999999480e-01 7.244960000000000289e-01 6.036120000000000374e-01 9.086440000000000072e-01 5.779009999999999980e-01
7.744050000000000100e-01 4.279919999999999836e-01 2.569500000000000117e-01 5.511669999999999625e-01 4.677109999999999879e-01
7.362159999999999815e-01 5.876209999999999489e-01 1.451600000000000112e-01 7.012699999999999489e-01 2.389719999999999900e-01
4.063399999999999790e-01 3.555809999999999804e-01 2.457610000000000072e-01 4.989080000000000181e-01 1.534600000000000131e-01
1.340179999999999982e-01 4.465259999999999785e-01 7.568709999999999605e-01 7.275989999999999958e-01 7.573630000000000084e-01
8.462690000000000490e-01 2.425549999999999928e-01 6.220419999999999838e-01 6.522029999999999772e-01 5.700680000000000192e-01
7.004939999999999500e-01 2.021429999999999894e-01 4.149760000000000115e-01 5.008970000000000367e-01 5.779579999999999718e-01
7.438179999999999792e-01 3.561199999999999921e-01 3.101829999999999865e-01 2.497580000000000078e-01 6.815729999999999844e-01
5.066400000000000070e-02 5.060799999999999743e-01 6.809950000000000170e-01 4.808499999999999996e-01 6.527220000000000244e-01
2.350530000000000119e-01 5.385680000000000467e-01 7.045040000000000191e-01 6.030539999999999790e-01 5.295229999999999659e-01
1.996400000000000119e-01 3.489380000000000259e-01 5.964909999999999934e-01 2.200340000000000074e-01 1.045920000000000044e-01
8.713140000000000329e-01 1.710369999999999946e-01 6.245760000000000201e-01 2.473660000000000025e-01 4.812560000000000171e-01
4.626190000000000024e-01 2.298610000000000098e-01 2.717559999999999976e-01 4.077180000000000248e-01 5.094790000000000152e-01
7.299670000000000325e-01 5.547640000000000349e-01 9.123809999999999976e-01 3.917849999999999944e-01 7.228590000000000293e-01
9.595099999999999463e-02 6.516079999999999650e-01 5.721629999999999772e-01 3.510780000000000012e-01 5.752019999999999911e-01
4.785949999999999926e-01 7.393089999999999939e-01 5.633219999999999894e-01 7.499970000000000248e-01 2.064989999999999881e-01
5.142619999999999969e-01 2.001870000000000038e-01 5.507520000000000193e-01 4.932110000000000105e-01 3.995779999999999887e-01
8.147560000000000358e-01 6.019449999999999523e-01 8.940690000000000026e-01 6.183260000000000423e-01 2.119499999999999995e-01
4.522930000000000006e-01 6.838870000000000227e-01 8.935800000000000687e-02 8.342030000000000278e-01 4.447900000000000187e-01
6.366819999999999702e-01 7.194979999999999709e-01 5.964450000000000029e-01 4.429299999999999904e-01 3.229940000000000033e-01
5.520570000000000199e-01 4.234879999999999756e-01 5.672719999999999985e-01 1.328779999999999961e-01 2.801779999999999826e-01
