5
2000
0.840088 0.246949 0.524075 0.190950 0.707570 
0.341132 0.321661 0.044833 0.834782 0.703027 
0.452191 0.469348 0.804843 0.458871 0.320486 
0.623553 0.294029 0.722350 0.203978 0.788209 
0.211020 0.998604 0.554691 0.006218 0.655735 
0.847914 0.433073 0.334586 0.837467 0.147283 
0.299889 0.214615 0.587594 0.575189 0.530924 
0.201137 0.712239 0.515001 0.520051 0.518819 
0.522471 0.765181 0.623166 0.492319 0.225331 
0.512109 0.900168 0.034347 0.624559 0.347614 
0.232686 0.587776 0.593530 0.455309 0.634718 
0.624217 0.311101 0.761186 0.542423 0.149556 
0.516782 0.449401 0.899583 0.109030 0.495497 
0.131416 0.720604 0.401730 0.436330 0.764278 
0.445457 0.812418 0.113287 0.208717 0.760091 
0.615712 0.425284 0.235955 0.762362 0.467274 
0.113446 0.850000 0.496307 0.262859 0.435182 
0.596471 0.175916 0.948455 0.386688 0.721708 
0.529123 0.690410 0.769676 0.520765 0.288332 
0.401771 0.649045 0.233843 0.413326 0.610937 
0.819054 0.173123 0.423481 0.432550 0.531747 
0.097978 0.589244 0.867380 0.644332 0.403702 
0.453183 0.452902 0.014269 0.808523 0.730066 
0.582655 0.785258 0.359738 0.666863 0.494746 
0.155933 0.408055 0.684613 0.301693 0.881440 
0.528905 0.645421 0.659836 0.115210 0.602767 
0.844241 0.903107 0.230282 0.184718 0.178102 
0.068249 0.177802 0.503664 0.697773 0.365945 
0.091193 0.903002 0.689372 0.089994 0.921679 
0.787476 0.517346 0.491261 0.305402 0.322282 
0.328340 0.468547 0.343102 0.517696 0.822952 
0.053641 0.311097 0.539412 0.717553 0.684254 
0.567906 0.337397 0.658161 0.671808 0.073728 
0.488718 0.755353 0.616536 0.547947 0.340352 
0.433046 0.144914 0.890260 0.383439 0.826191 
0.978472 0.072702 0.669004 0.547386 0.224765 
0.402841 0.176321 0.564828 0.959277 0.299312 
0.475972 0.317602 0.389559 0.699441 0.564943 
0.678252 0.243268 0.594194 0.290016 0.307152 
0.276827 0.409360 0.461732 0.901122 0.520653 
0.826684 0.405139 0.483021 0.393158 0.833752 
0.933920 0.012168 0.478003 0.554451 0.361328 
0.246906 0.886400 0.460790 0.692070 0.315921 
0.063904 0.872698 0.392847 0.937019 0.123702 
0.803330 0.465365 0.857541 0.553260 0.141891 
0.484385 0.451684 0.372384 0.083456 0.857434 
0.935426 0.331715 0.262503 0.082587 0.782885 
0.066113 0.660389 0.149803 0.855057 0.397985 
0.982206 0.408081 0.658148 0.412345 0.015731 
0.823901 0.410168 0.766450 0.801770 0.005911 
0.686761 0.436418 0.829666 0.505125 0.355723 
0.549979 0.132756 0.461520 0.612356 0.889356 
0.373153 0.169934 0.599946 0.485918 0.765788 
0.895861 0.471673 0.387349 0.983848 0.093337 
0.502194 0.925966 0.324015 0.442093 0.332355 
0.530385 0.275327 0.642892 0.734906 0.413139 
0.468790 0.070489 0.364955 0.797915 0.867751 
0.367467 0.712721 0.537534 0.475439 0.678332 
0.517961 0.402638 0.508052 0.367738 0.648202 
0.370330 0.288985 0.807941 0.118711 0.799651 
0.295082 0.941409 0.364457 0.382160 0.503516 
0.574355 0.416743 0.601951 0.670090 0.438634 
0.818168 0.771344 0.560903 0.388955 0.318724 
0.730795 0.635841 0.607005 0.228146 0.332451 
0.020786 0.686903 0.772333 0.718548 0.408308 
0.136600 0.440962 0.659537 0.519671 0.822481 
0.132117 0.316563 0.291761 0.739497 0.963202 
0.094152 0.509260 0.758638 0.345073 0.918776 
0.420984 0.450492 0.756410 0.184101 0.516876 
0.126728 0.854362 0.031364 0.923530 0.661450 
0.461186 0.639218 0.795430 0.048106 0.316127 
0.335276 0.192807 0.951532 0.803868 0.441643 
0.362499 0.202772 0.494332 0.617427 0.836608 
0.156934 0.513506 0.257483 0.489677 0.871830 
0.488414 0.145787 0.314853 0.764625 0.454394 
0.121404 0.764193 0.203612 0.429160 0.887878 
0.196154 0.924600 0.782378 0.583630 0.145841 
0.626707 0.360141 0.582229 0.536074 0.673011 
0.763714 0.028922 0.749182 0.696723 0.094819 
0.473289 0.506441 0.373201 0.372618 0.541008 
0.245423 0.207800 0.871012 0.931357 0.109369 
0.383078 0.965057 0.578727 0.212388 0.478989 
0.867320 0.111093 0.112311 0.348359 0.860215 
0.526546 0.190678 0.950916 0.395556 0.264633 
0.282374 0.376319 0.692656 0.185683 0.720607 
0.276859 0.959740 0.464790 0.765498 0.317805 
0.578986 0.814113 0.661759 0.485181 0.415543 
0.704296 0.715318 0.665027 0.425483 0.010441 
0.073258 0.729322 0.273724 0.984428 0.708709 
0.614373 0.465543 0.264311 0.812151 0.066130 
0.096447 0.557446 0.507056 0.308228 0.851823 
0.492764 0.356211 0.215770 0.575135 0.578046 
0.611489 0.082104 0.919723 0.811630 0.201670 
0.217380 0.865667 0.962619 0.258616 0.519838 
0.336640 0.429940 0.564957 0.507341 0.522994 
0.141132 0.182566 0.541026 0.744244 0.852395 
0.880976 0.332599 0.538834 0.394609 0.302346 
0.029648 0.908694 0.718923 0.504856 0.462794 
0.461168 0.705519 0.060835 0.544069 0.813610 
0.406402 0.690221 0.554463 0.526467 0.520531 
0.240075 0.699703 0.231082 0.849453 0.410779 
0.653694 0.412578 0.528125 0.821725 0.069419 
0.801252 0.285502 0.819149 0.573600 0.354014 
0.450953 0.765031 0.520437 0.703736 0.328468 
0.052836 0.595103 0.316346 0.962868 0.376084 
0.410579 0.063276 0.299019 0.808858 0.657483 
0.654349 0.012657 0.843402 0.132216 0.754219 
0.391432 0.800465 0.493161 0.634542 0.385661 
0.384062 0.915113 0.486925 0.168509 0.184329 
0.093981 0.635947 0.526879 0.781583 0.584330 
0.374403 0.183121 0.112543 0.524255 0.701216 
0.739421 0.307766 0.516991 0.909368 0.198557 
0.092178 0.492301 0.809801 0.929084 0.331713 
0.689795 0.702457 0.502059 0.177998 0.733421 
0.145500 0.247672 0.390800 0.886479 0.469290 
0.425508 0.939523 0.198598 0.662993 0.322539 
0.469599 0.007520 0.812545 0.066481 0.935348 
0.892093 0.208225 0.834705 0.770160 0.311746 
0.437743 0.981614 0.417932 0.582280 0.207905 
0.265359 0.471300 0.338627 0.315962 0.602510 
0.763146 0.596499 0.264998 0.606900 0.692499 
0.463251 0.779089 0.150659 0.799394 0.446282 
0.941518 0.217774 0.427334 0.155427 0.693198 
0.046746 0.767391 0.706061 0.216977 0.546259 
0.177442 0.668909 0.988105 0.177655 0.851589 
0.334689 0.904783 0.274022 0.633217 0.717084 
0.767867 0.304376 0.478718 0.847024 0.383809 
0.474385 0.136247 0.270940 0.449476 0.911926 
0.328251 0.485776 0.401450 0.525235 0.344932 
0.183983 0.646612 0.686585 0.477278 0.294472 
0.006751 0.604208 0.912656 0.347471 0.586560 
0.060496 0.375284 0.782140 0.065621 0.862150 
0.622141 0.607088 0.328202 0.853044 0.319203 
0.922647 0.014127 0.405747 0.911886 0.391377 
0.837706 0.146490 0.419864 0.588373 0.626048 
0.660962 0.658907 0.228462 0.416522 0.469427 
0.686735 0.635065 0.624873 0.457790 0.401700 
0.542517 0.856192 0.347857 0.477311 0.371338 
0.491349 0.684589 0.587111 0.246808 0.232717 
0.838849 0.750105 0.624341 0.308344 0.050280 
0.185065 0.627671 0.736917 0.663657 0.342365 
0.133156 0.706939 0.586572 0.302775 0.821740 
0.820145 0.573853 0.756391 0.442160 0.300729 
0.720660 0.634396 0.305145 0.913977 0.006542 
0.737920 0.334926 0.902446 0.586125 0.179528 
0.677118 0.642881 0.207912 0.285202 0.667077 
0.006691 0.433780 0.525324 0.457952 0.861812 
0.293549 0.797153 0.201459 0.936738 0.242609 
0.434218 0.394734 0.923249 0.498254 0.089194 
0.657880 0.124259 0.675043 0.866803 0.175703 
0.693201 0.614080 0.604770 0.414131 0.389131 
0.996461 0.286591 0.302079 0.555337 0.469267 
0.948478 0.618560 0.473720 0.439030 0.076133 
0.383959 0.135882 0.300224 0.465017 0.777296 
0.462554 0.273603 0.687906 0.449518 0.654314 
0.195030 0.776808 0.061861 0.797487 0.423381 
0.108373 0.859695 0.152711 0.960232 0.718416 
0.755178 0.239227 0.422065 0.577602 0.513388 
0.675821 0.543237 0.079232 0.659776 0.526991 
0.343334 0.153092 0.064292 0.808318 0.825565 
0.194387 0.411077 0.685752 0.677177 0.446080 
0.705874 0.278246 0.867746 0.705466 0.186776 
0.358471 0.758500 0.765591 0.549192 0.389450 
0.370284 0.339941 0.411469 0.347011 0.897899 
0.887420 0.293656 0.156255 0.614435 0.278586 
0.516721 0.323472 0.340264 0.951686 0.747268 
0.709887 0.656068 0.520549 0.851226 0.179244 
0.667928 0.581626 0.626592 0.422169 0.140254 
0.279751 0.495602 0.337406 0.919672 0.259347 
0.164675 0.406580 0.626304 0.719129 0.491248 
0.385621 0.822012 0.425635 0.854887 0.212588 
0.414041 0.178463 0.618154 0.520622 0.972268 
0.467560 0.616667 0.396547 0.287157 0.304357 
0.298840 0.302423 0.328984 0.563084 0.595482 
0.975903 0.333435 0.672997 0.306413 0.528523 
0.330010 0.631738 0.247603 0.910243 0.228345 
0.576982 0.337691 0.737595 0.881688 0.059826 
0.043225 0.809736 0.519328 0.719913 0.502376 
0.408460 0.980702 0.247979 0.458141 0.350906 
0.399328 0.627989 0.237739 0.456126 0.626738 
0.375593 0.541912 0.979380 0.184531 0.258016 
0.420543 0.742060 0.393347 0.178401 0.968813 
0.740770 0.091838 0.884030 0.370183 0.267629 
0.175450 0.185682 0.868380 0.519018 0.485070 
0.319533 0.691415 0.818320 0.079926 0.758461 
0.570978 0.005961 0.939858 0.288949 0.888094 
0.169691 0.408102 0.953154 0.093958 0.905142 
0.317171 0.846569 0.955960 0.119192 0.127755 
0.396087 0.549305 0.999434 0.421624 0.151953 
0.467235 0.552592 0.041555 0.591252 0.642813 
0.431722 0.650170 0.449797 0.820024 0.076932 
0.320673 0.982737 0.470810 0.029585 0.725060 
0.496677 0.567819 0.138869 0.272174 0.970681 
0.508491 0.622691 0.608277 0.048838 0.948661 
0.379215 0.237412 0.617912 0.599746 0.975920 
0.416498 0.088015 0.969663 0.235452 0.691776 
0.614565 0.081923 0.429737 0.176562 0.877893 
0.946297 0.541060 0.587788 0.381446 0.243771 
0.192407 0.567976 0.524806 0.545910 0.837319 
0.601386 0.273662 0.379075 0.937671 0.545649 
0.003149 0.686875 0.571309 0.343185 0.352445 
0.650962 0.416617 0.117096 0.937279 0.603117 
0.194103 0.399148 0.594607 0.317968 0.796126 
0.306897 0.599309 0.166655 0.371520 0.990924 
0.689775 0.494542 0.087774 0.338013 0.645074 
0.931249 0.472955 0.661021 0.355708 0.631120 
0.653889 0.704484 0.996187 0.093797 0.121738 
0.976174 0.338028 0.705556 0.042913 0.433169 
0.508193 0.774288 0.298906 0.175239 0.570810 
0.705622 0.716482 0.173661 0.549446 0.355180 
0.092655 0.728555 0.209791 0.771789 0.852267 
0.617125 0.695632 0.592916 0.262695 0.615382 
0.601261 0.559866 0.434347 0.694230 0.267187 
0.618201 0.163666 0.674682 0.422199 0.907160 
0.546222 0.605143 0.633608 0.521851 0.256697 
0.672659 0.239546 0.449404 0.868123 0.365949 
0.087044 0.844225 0.839528 0.686217 0.329637 
0.767130 0.527621 0.793144 0.447780 0.038256 
0.355478 0.649779 0.671747 0.568137 0.423279 
0.748042 0.584904 0.605484 0.505712 0.126167 
0.254750 0.586321 0.596985 0.886314 0.471907 
0.255820 0.858194 0.380266 0.425875 0.620391 
0.674466 0.149256 0.636419 0.333861 0.429319 
0.846250 0.022489 0.753931 0.921906 0.087891 
0.872773 0.230943 0.450567 0.472347 0.018587 
0.402908 0.732194 0.444488 0.326516 0.409228 
0.881463 0.307887 0.390395 0.863690 0.264507 
0.727732 0.729088 0.209956 0.875457 0.105821 
0.838135 0.575230 0.399389 0.038051 0.885874 
0.329615 0.485412 0.462766 0.837193 0.196808 
0.792292 0.547273 0.488623 0.625087 0.405422 
0.266152 0.673059 0.369211 0.680708 0.214854 
0.485229 0.413323 0.349445 0.666689 0.834874 
0.322190 0.533338 0.671129 0.162690 0.941207 
0.461359 0.941158 0.131259 0.383048 0.741732 
0.510901 0.885744 0.325985 0.934926 0.216139 
0.765070 0.618896 0.483477 0.095809 0.676177 
0.302873 0.473887 0.608075 0.322277 0.756389 
0.611013 0.406558 0.124691 0.785373 0.591740 
0.432220 0.697782 0.228789 0.748044 0.647584 
0.807291 0.005631 0.437734 0.276257 0.851749 
0.472250 0.850732 0.293626 0.045756 0.616414 
0.502065 0.886832 0.094981 0.969362 0.307005 
0.884202 0.647426 0.436306 0.129441 0.624771 
0.533961 0.286602 0.703488 0.197293 0.513351 
0.644466 0.450354 0.006587 0.712833 0.770250 
0.015543 0.456115 0.497929 0.642383 0.592004 
0.847365 0.440015 0.178740 0.481098 0.696298 
0.530997 0.428526 0.067344 0.961532 0.700320 
0.892855 0.533880 0.422375 0.916202 0.051925 
0.398604 0.557209 0.691078 0.659425 0.521056 
0.464245 0.247861 0.193979 0.792757 0.737188 
0.213262 0.450744 0.386459 0.675578 0.922535 
0.389191 0.734392 0.592155 0.665601 0.381905 
0.211975 0.814931 0.757377 0.299552 0.064726 
0.584722 0.893155 0.446106 0.147646 0.717550 
0.488441 0.100543 0.776561 0.336094 0.958130 
0.418700 0.309742 0.856374 0.232508 0.752022 
0.862729 0.059293 0.224297 0.618143 0.752705 
0.532477 0.968496 0.292431 0.612845 0.394186 
0.265621 0.778269 0.501637 0.575424 0.288573 
0.543723 0.420577 0.783501 0.530744 0.298548 
0.538292 0.846227 0.348069 0.293217 0.482088 
0.030795 0.816386 0.870576 0.449976 0.114845 
0.702676 0.171629 0.624198 0.592047 0.417852 
0.445971 0.946720 0.649017 0.038602 0.643167 
0.601406 0.589960 0.381962 0.816049 0.144296 
0.424887 0.737025 0.261630 0.647986 0.381910 
0.802383 0.486785 0.066541 0.433435 0.883386 
0.856521 0.896487 0.168139 0.426512 0.312583 
0.133062 0.684602 0.688916 0.124113 0.805243 
0.199432 0.989767 0.425248 0.389336 0.372451 
0.592440 0.562898 0.781977 0.131926 0.522499 
0.618075 0.512332 0.569142 0.237599 0.392450 
0.503193 0.195942 0.815282 0.610337 0.986604 
0.412925 0.642058 0.173136 0.335426 0.459799 
0.164365 0.821692 0.675498 0.127488 0.738599 
0.941327 0.298224 0.685704 0.475293 0.304994 
0.907613 0.810675 0.496252 0.121835 0.483338 
0.687454 0.899881 0.319166 0.800970 0.139402 
0.644292 0.796306 0.432043 0.564169 0.359974 
0.558107 0.564444 0.575542 0.478296 0.144751 
0.365214 0.427994 0.089472 0.979246 0.538688 
0.374202 0.275621 0.433667 0.684331 0.793658 
0.133403 0.831573 0.174729 0.668247 0.797864 
0.633418 0.246141 0.287080 0.804364 0.390070 
0.814747 0.399272 0.585986 0.258642 0.316065 
0.755938 0.056774 0.413920 0.682352 0.526613 
0.463857 0.495116 0.710313 0.725257 0.203870 
0.494085 0.648771 0.888404 0.196895 0.442328 
0.388290 0.662988 0.065491 0.439413 0.704015 
0.775649 0.845140 0.077453 0.391829 0.641178 
0.332406 0.740903 0.494450 0.719134 0.215898 
0.041345 0.962803 0.530185 0.762598 0.677430 
0.733381 0.574268 0.324630 0.628203 0.729572 
0.839096 0.396502 0.358849 0.133991 0.746548 
0.366215 0.547874 0.329518 0.379490 0.761844 
0.097074 0.480065 0.652212 0.737492 0.669438 
0.220462 0.597423 0.903235 0.707452 0.082091 
0.349610 0.473197 0.594411 0.386428 0.524347 
0.318667 0.118475 0.598053 0.511325 0.761710 
0.388721 0.650496 0.427108 0.972916 0.179336 
0.482472 0.864321 0.675228 0.327977 0.015794 
0.536185 0.660225 0.107656 0.676718 0.499609 
0.870926 0.318261 0.551234 0.772955 0.098043 
0.882359 0.356564 0.615774 0.232522 0.218522 
0.211901 0.434620 0.707510 0.564084 0.359246 
0.546217 0.752060 0.293158 0.403206 0.351409 
0.610971 0.122911 0.444001 0.807301 0.183357 
0.872142 0.391987 0.182529 0.618973 0.632590 
0.620780 0.107514 0.639123 0.496718 0.534107 
0.101722 0.288484 0.915937 0.468883 0.614852 
0.430589 0.069328 0.707395 0.830030 0.358733 
0.798561 0.365221 0.456282 0.491231 0.504859 
0.620111 0.698733 0.252394 0.327667 0.365005 
0.035949 0.313234 0.502608 0.539482 0.535810 
0.657423 0.342257 0.565236 0.395809 0.512081 
0.482825 0.423541 0.019641 0.899254 0.811458 
0.468986 0.411022 0.233098 0.842045 0.783751 
0.615661 0.707859 0.628122 0.134957 0.271916 
0.422379 0.259231 0.923484 0.729038 0.508600 
0.825340 0.605738 0.365572 0.255097 0.149109 
0.206476 0.436475 0.400231 0.617813 0.475623 
0.401006 0.851435 0.725575 0.128552 0.267402 
0.242636 0.538688 0.447959 0.451194 0.819324 
0.805339 0.907178 0.242995 0.055023 0.237843 
0.369711 0.555384 0.339803 0.562768 0.737189 
0.594947 0.727579 0.239145 0.501579 0.507943 
0.302568 0.405793 0.438129 0.249403 0.907757 
0.072316 0.861474 0.463949 0.762970 0.228612 
0.242543 0.720730 0.590077 0.566141 0.045195 
0.892341 0.762540 0.001925 0.417034 0.207400 
0.252868 0.105507 0.873902 0.193528 0.914903 
0.654827 0.404946 0.146017 0.975997 0.113432 
0.638098 0.453809 0.922264 0.105114 0.311005 
0.516105 0.307812 0.990918 0.511512 0.235358 
0.744482 0.112606 0.855459 0.397396 0.473928 
0.585769 0.543186 0.699987 0.560829 0.440743 
0.241235 0.487692 0.219541 0.406032 0.903964 
0.707748 0.444460 0.961672 0.713093 0.029565 
0.919402 0.177357 0.353996 0.994801 0.226133 
0.471355 0.430803 0.399971 0.373207 0.866577 
0.654629 0.167950 0.724823 0.280156 0.811719 
0.903449 0.600132 0.025402 0.725007 0.206827 
0.100982 0.255366 0.328689 0.558862 0.873116 
0.758961 0.494290 0.342386 0.208393 0.864973 
0.279962 0.327147 0.885079 0.371743 0.905415 
0.687019 0.305351 0.796897 0.470835 0.278113 
0.571414 0.955590 0.374703 0.138884 0.923982 
0.171984 0.966795 0.151838 0.584629 0.574218 
0.183436 0.487796 0.794494 0.674149 0.325120 
0.143796 0.404932 0.404072 0.687702 0.816636 
0.414619 0.768142 0.542130 0.154714 0.167722 
0.796331 0.702118 0.337673 0.023223 0.439445 
0.096483 0.875331 0.684703 0.306659 0.492752 
0.702782 0.430278 0.659616 0.474896 0.153095 
0.999730 0.798833 0.444010 0.343401 0.114391 
0.535499 0.008380 0.779297 0.174896 0.624144 
0.563580 0.804643 0.068875 0.942408 0.221757 
0.636057 0.792657 0.080946 0.327957 0.655292 
0.979994 0.840160 0.089261 0.461093 0.272944 
0.687787 0.353310 0.590218 0.387976 0.560966 
0.921486 0.862703 0.154245 0.081736 0.627972 
0.164459 0.517137 0.395013 0.410075 0.861759 
0.621208 0.615384 0.211146 0.620802 0.776687 
0.361471 0.690303 0.396600 0.009659 0.749427 
0.931862 0.244905 0.105904 0.857309 0.302468 
0.153488 0.974810 0.595211 0.148961 0.535242 
0.885230 0.189212 0.770793 0.262220 0.470799 
0.104744 0.902386 0.497142 0.165931 0.505431 
0.951067 0.226401 0.324587 0.964749 0.026508 
0.560926 0.206726 0.439081 0.671770 0.694850 
0.355567 0.795859 0.752040 0.374739 0.224888 
0.700166 0.668111 0.138927 0.994160 0.091763 
0.266683 0.758478 0.151589 0.750274 0.489489 
0.621489 0.172157 0.420100 0.417654 0.382119 
0.744820 0.292908 0.685512 0.326224 0.420539 
0.419401 0.546910 0.489919 0.753209 0.178690 
0.119888 0.951829 0.890586 0.059552 0.534024 
0.141007 0.730806 0.338649 0.710671 0.214476 
0.608767 0.645775 0.750350 0.163205 0.539032 
0.888128 0.208075 0.320594 0.673296 0.478379 
0.904850 0.875203 0.116023 0.489648 0.148877 
0.193588 0.498350 0.761589 0.330917 0.719110 
0.178143 0.230076 0.807364 0.109394 0.991703 
0.775380 0.078369 0.524564 0.884379 0.417984 
0.825083 0.512261 0.450020 0.362532 0.233844 
0.220684 0.728884 0.074747 0.841497 0.524580 
0.468861 0.241280 0.381354 0.808397 0.372986 
0.292572 0.107747 0.960476 0.486737 0.933986 
0.374279 0.584267 0.592914 0.163416 0.730627 
0.647044 0.484319 0.659279 0.367070 0.577312 
0.069108 0.850718 0.139624 0.943261 0.889622 
0.163171 0.782120 0.218547 0.790849 0.364287 
0.599774 0.535296 0.560951 0.624372 0.032897 
0.659326 0.779086 0.210705 0.197217 0.441208 
0.851791 0.316217 0.551335 0.261213 0.512456 
0.664458 0.475845 0.643229 0.989300 0.126760 
0.560712 0.149189 0.692226 0.246801 0.458984 
0.899001 0.099194 0.622725 0.344064 0.287079 
0.474469 0.633250 0.403627 0.229220 0.761311 
0.062510 0.928125 0.151551 0.953318 0.559591 
0.930899 0.360730 0.646088 0.248760 0.524284 
0.166029 0.758528 0.378264 0.390195 0.736323 
0.289925 0.641557 0.862090 0.454202 0.258347 
0.612137 0.371323 0.389779 0.569217 0.830401 
0.247106 0.213338 0.542392 0.975531 0.643761 
0.240419 0.604731 0.593951 0.347909 0.619032 
0.506913 0.264611 0.761210 0.669096 0.695795 
0.580233 0.856952 0.383650 0.473930 0.257583 
0.139893 0.600853 0.641688 0.471472 0.666019 
0.240250 0.860444 0.150097 0.539221 0.608378 
0.032082 0.607278 0.938384 0.104389 0.718955 
0.768569 0.508499 0.629937 0.549838 0.168693 
0.492786 0.626080 0.265765 0.233915 0.591270 
0.286544 0.676656 0.836584 0.545318 0.495352 
0.565082 0.628647 0.131280 0.593227 0.753929 
0.309825 0.851488 0.482595 0.373397 0.231640 
0.326218 0.500039 0.831873 0.094096 0.888268 
0.705721 0.861538 0.113339 0.506457 0.541220 
0.890017 0.310167 0.753396 0.362159 0.005342 
0.329829 0.828673 0.412595 0.527408 0.368041 
0.211317 0.232377 0.674973 0.884371 0.786808 
0.337178 0.895873 0.214117 0.977723 0.345030 
0.955615 0.104210 0.370405 0.710942 0.304485 
0.523189 0.711324 0.290889 0.381587 0.406809 
0.676868 0.531611 0.489423 0.396658 0.436893 
0.091288 0.913564 0.163145 0.745018 0.585374 
0.745376 0.521734 0.536164 0.009918 0.849707 
0.590290 0.010278 0.764783 0.728235 0.576720 
0.598635 0.935486 0.389525 0.182576 0.562300 
0.534240 0.142336 0.718374 0.115019 0.828245 
0.536540 0.705457 0.046466 0.756578 0.354101 
0.213587 0.563102 0.908033 0.422747 0.297032 
0.004843 0.573417 0.830965 0.741634 0.500670 
0.642134 0.045999 0.975207 0.499911 0.569901 
0.350356 0.633547 0.876513 0.530492 0.435891 
0.867619 0.491855 0.236452 0.309092 0.667572 
0.208637 0.874728 0.292156 0.820630 0.527955 
0.248247 0.071926 0.917657 0.513074 0.676620 
0.612751 0.250116 0.919315 0.448013 0.685664 
0.624100 0.572641 0.271050 0.228628 0.446652 
0.535156 0.702220 0.450131 0.520570 0.222471 
0.201881 0.798075 0.584558 0.712339 0.297205 
0.329211 0.363218 0.663657 0.607217 0.402930 
0.285445 0.263085 0.406155 0.525506 0.631205 
0.928084 0.338089 0.340766 0.172375 0.675290 
0.563511 0.134813 0.761842 0.729721 0.118556 
0.830924 0.407582 0.704336 0.180203 0.740556 
0.356040 0.418366 0.771591 0.124300 0.502625 
0.234993 0.567082 0.604060 0.494840 0.453591 
0.252223 0.361314 0.786279 0.495545 0.398662 
0.753342 0.551395 0.271230 0.510752 0.395876 
0.578434 0.150991 0.828581 0.254908 0.607768 
0.323288 0.868341 0.511446 0.538183 0.627431 
0.508833 0.872832 0.129416 0.084887 0.591298 
0.755919 0.563932 0.018465 0.455288 0.376462 
0.376896 0.138581 0.602071 0.756435 0.359825 
0.070291 0.482168 0.727721 0.208967 0.813647 
0.790976 0.123290 0.735215 0.395276 0.595442 
0.740976 0.777132 0.163732 0.351544 0.145498 
0.872297 0.405571 0.813376 0.421772 0.470517 
0.395827 0.094797 0.430660 0.750126 0.591113 
0.564394 0.675059 0.256719 0.268261 0.704331 
0.703410 0.197700 0.881195 0.472023 0.278760 
0.913367 0.035704 0.702438 0.664815 0.278989 
0.049645 0.819681 0.476991 0.618968 0.595805 
0.368029 0.366643 0.423526 0.399100 0.599873 
0.801928 0.236897 0.722442 0.752766 0.462428 
0.380098 0.388233 0.466817 0.586275 0.608038 
0.483150 0.705970 0.275939 0.544385 0.343969 
0.685570 0.606929 0.418484 0.188021 0.371549 
0.630373 0.753113 0.734936 0.671865 0.002714 
0.343120 0.829233 0.360068 0.802794 0.099543 
0.309077 0.891484 0.425159 0.110571 0.820991 
0.541854 0.992417 0.330286 0.416785 0.242572 
0.563290 0.742139 0.409914 0.613942 0.228057 
0.960401 0.264710 0.732582 0.126283 0.129526 
0.511433 0.648474 0.023697 0.624099 0.233593 
0.610680 0.363259 0.748196 0.533967 0.370858 
0.391356 0.233058 0.501438 0.221881 0.959891 
0.817263 0.651373 0.580867 0.275409 0.403825 
0.623972 0.881149 0.346902 0.062595 0.993979 
0.736258 0.148389 0.945350 0.807778 0.061844 
0.266134 0.461987 0.988703 0.547650 0.391243 
0.037344 0.604622 0.241964 0.941335 0.690674 
0.525379 0.436181 0.848439 0.261963 0.591757 
0.345270 0.475403 0.554868 0.770506 0.504653 
0.246622 0.839965 0.688814 0.280625 0.809530 
0.293350 0.902833 0.366228 0.673153 0.488286 
0.399753 0.092172 0.659846 0.374729 0.908218 
0.636756 0.231064 0.537553 0.734803 0.103272 
0.508163 0.225703 0.443670 0.809741 0.349428 
0.092406 0.865592 0.483966 0.006295 0.795482 
0.273478 0.128660 0.649501 0.855509 0.538257 
0.550997 0.564559 0.854650 0.179804 0.239836 
0.223419 0.480560 0.514876 0.847131 0.617201 
0.412781 0.211692 0.581747 0.969674 0.385999 
0.727785 0.883635 0.146685 0.613776 0.268269 
0.609773 0.398484 0.332304 0.756993 0.062207 
0.288930 0.832566 0.348444 0.211029 0.796647 
0.062247 0.999199 0.378501 0.587943 0.389226 
0.045718 0.826144 0.412236 0.905205 0.189010 
0.063489 0.608585 0.126120 0.635374 0.656239 
0.636905 0.402487 0.340548 0.409739 0.820340 
0.344991 0.867125 0.000253 0.421342 0.757784 
0.470559 0.378922 0.280809 0.373406 0.901599 
0.718452 0.139503 0.540850 0.201668 0.786573 
0.555903 0.536744 0.350669 0.582474 0.695945 
0.760287 0.140451 0.259821 0.517136 0.755598 
0.219743 0.497168 0.647622 0.832250 0.248563 
0.138326 0.340995 0.770844 0.707526 0.736798 
0.644071 0.311237 0.677337 0.416702 0.617027 
0.636666 0.248112 0.992887 0.012535 0.680359 
0.662626 0.327477 0.924106 0.678540 0.056177 
0.658123 0.692375 0.626910 0.595669 0.459394 
0.539239 0.629910 0.442364 0.230437 0.401705 
0.092855 0.820425 0.789180 0.346685 0.704726 
0.561223 0.802214 0.187211 0.280195 0.790557 
0.382058 0.389302 0.576664 0.859329 0.534534 
0.937483 0.886630 0.224183 0.103733 0.257013 
0.249717 0.621229 0.751469 0.506413 0.456975 
0.615063 0.993762 0.248992 0.289455 0.508472 
0.567986 0.696347 0.241915 0.333343 0.752548 
0.774453 0.707805 0.379993 0.328953 0.299520 
0.600396 0.198118 0.891121 0.048544 0.696634 
0.611412 0.466192 0.424668 0.077193 0.998520 
0.793382 0.662123 0.442977 0.077896 0.580781 
0.829093 0.496669 0.033434 0.712524 0.286326 
0.575137 0.916096 0.362068 0.096584 0.746940 
0.457521 0.377886 0.714290 0.322465 0.432721 
0.520918 0.140323 0.498370 0.677457 0.453054 
0.924200 0.293307 0.042904 0.577454 0.804389 
0.179716 0.415174 0.387547 0.499221 0.973114 
0.821552 0.482214 0.533880 0.417690 0.184171 
0.952001 0.296601 0.120688 0.529113 0.689708 
0.685248 0.417460 0.423609 0.484785 0.254113 
0.302359 0.684765 0.257545 0.531419 0.686379 
0.245608 0.386195 0.291982 0.346370 0.927926 
0.484189 0.817140 0.599607 0.452529 0.390346 
0.377183 0.719678 0.689379 0.385012 0.560763 
0.184105 0.688440 0.978809 0.245879 0.340326 
0.803141 0.033064 0.620472 0.744744 0.772382 
0.636331 0.458934 0.333048 0.645346 0.628263 
0.084467 0.550437 0.564316 0.754868 0.504357 
0.812523 0.905492 0.357181 0.294507 0.407791 
0.522063 0.549339 0.564229 0.279532 0.887234 
0.145211 0.619367 0.285192 0.693259 0.569968 
0.427425 0.418422 0.575816 0.258706 0.414685 
0.381842 0.234343 0.427774 0.763651 0.306505 
0.457720 0.686735 0.483126 0.398556 0.371542 
0.358338 0.482865 0.359169 0.580681 0.595690 
0.644769 0.717289 0.272032 0.080002 0.826903 
0.327340 0.362926 0.732041 0.154674 0.563909 
0.692688 0.490775 0.303703 0.866074 0.488738 
0.481923 0.172546 0.928640 0.535110 0.759102 
0.077715 0.859853 0.424572 0.692383 0.564887 
0.568446 0.165274 0.258663 0.758276 0.591253 
0.255637 0.361610 0.849692 0.521090 0.484998 
0.651724 0.317153 0.673729 0.254174 0.699709 
0.363004 0.106592 0.608909 0.697117 0.755273 
0.511041 0.335042 0.375259 0.166723 0.979359 
0.687570 0.432279 0.349321 0.395545 0.699360 
0.739310 0.842391 0.474298 0.584045 0.059398 
0.345301 0.790733 0.386665 0.771703 0.477687 
0.645930 0.278594 0.447927 0.003571 0.864545 
0.475654 0.476180 0.217244 0.827971 0.227719 
0.498978 0.748903 0.522595 0.138023 0.335526 
0.894942 0.292291 0.775102 0.706167 0.035845 
0.317524 0.292902 0.928113 0.617307 0.678047 
0.036608 0.584977 0.258878 0.897470 0.827616 
0.591766 0.912399 0.053994 0.187009 0.581222 
0.001390 0.904231 0.087570 0.567767 0.929263 
0.767744 0.662012 0.028604 0.848231 0.438173 
0.442577 0.856072 0.187989 0.540097 0.501696 
0.400314 0.758809 0.750120 0.428072 0.075016 
0.960226 0.451082 0.333608 0.069472 0.465202 
0.221930 0.966319 0.215549 0.405369 0.489263 
0.466807 0.028656 0.726739 0.109181 0.838718 
0.415105 0.656391 0.756812 0.013504 0.507253 
0.312128 0.613884 0.356609 0.343156 0.794735 
0.160973 0.419256 0.702831 0.565340 0.515306 
0.990487 0.622256 0.601030 0.293414 0.400966 
0.251955 0.215855 0.112720 0.971924 0.890158 
0.611039 0.587289 0.153550 0.839397 0.063068 
0.177436 0.887523 0.283859 0.858024 0.304111 
0.505232 0.218910 0.528480 0.539356 0.563142 
0.743073 0.052048 0.597320 0.086412 0.776509 
0.310931 0.350713 0.824012 0.392945 0.394819 
0.022394 0.885937 0.723046 0.503040 0.570581 
0.614424 0.626330 0.236976 0.724591 0.142318 
0.210030 0.639266 0.879718 0.661765 0.149097 
0.511265 0.608572 0.394203 0.425467 0.789355 
0.708684 0.603201 0.788709 0.300581 0.552681 
0.482144 0.506630 0.453708 0.695366 0.462709 
0.524676 0.856195 0.524624 0.738566 0.040443 
0.874295 0.772272 0.269148 0.040177 0.471416 
0.365352 0.749549 0.825642 0.125046 0.554206 
0.265494 0.801748 0.291749 0.730261 0.325394 
0.510577 0.536054 0.523008 0.779415 0.305543 
0.112641 0.938019 0.705411 0.312196 0.381628 
0.197291 0.856614 0.695820 0.173680 0.748943 
0.990604 0.170479 0.821908 0.195570 0.299307 
0.461090 0.887808 0.427817 0.248451 0.503635 
0.163841 0.942940 0.331823 0.559013 0.517076 
0.899828 0.339667 0.678475 0.147438 0.625608 
0.586401 0.818668 0.500409 0.452258 0.066989 
0.105728 0.474429 0.296933 0.725238 0.933504 
0.913791 0.199228 0.884289 0.027748 0.453137 
0.275633 0.480307 0.735568 0.907689 0.206293 
0.589229 0.059152 0.657926 0.767371 0.461474 
0.179242 0.475125 0.716560 0.094253 0.845476 
0.137587 0.509687 0.979985 0.406948 0.684573 
0.324995 0.709543 0.982076 0.371935 0.394514 
0.687018 0.782699 0.660699 0.090915 0.096502 
0.484405 0.231620 0.508866 0.435536 0.340151 
0.211253 0.793217 0.750602 0.481959 0.111934 
0.028469 0.603186 0.661293 0.730835 0.372013 
0.871656 0.400841 0.590481 0.449079 0.545280 
0.412387 0.428855 0.374264 0.647600 0.368836 
0.314624 0.408954 0.516104 0.387932 0.800925 
0.387582 0.182235 0.656701 0.688475 0.416134 
0.880586 0.434729 0.294224 0.141276 0.975197 
0.362523 0.140136 0.694879 0.475733 0.862465 
0.355880 0.509579 0.984059 0.400516 0.445535 
0.660551 0.328780 0.270715 0.805280 0.313908 
0.560289 0.905946 0.169813 0.614794 0.173073 
0.314194 0.839773 0.562480 0.196745 0.432335 
0.758255 0.656614 0.233644 0.548957 0.308785 
0.019014 0.290958 0.935462 0.467410 0.444024 
0.606165 0.511944 0.535047 0.687124 0.003544 
0.376636 0.339033 0.302221 0.579407 0.847281 
0.139295 0.625843 0.308028 0.601875 0.584614 
0.368750 0.280824 0.109818 0.866130 0.673628 
0.269050 0.206467 0.732888 0.385956 0.877395 
0.598924 0.036785 0.428916 0.392180 0.794693 
0.244631 0.472752 0.921043 0.988911 0.300503 
0.306396 0.469568 0.227948 0.465944 0.517002 
0.072859 0.350268 0.949406 0.011298 0.845376 
0.399275 0.156708 0.466235 0.838649 0.630920 
0.420293 0.387236 0.400872 0.895374 0.514165 
0.661569 0.149302 0.766256 0.456533 0.539259 
0.566547 0.793363 0.201969 0.196659 0.747098 
0.403658 0.787957 0.020999 0.879352 0.601104 
0.427095 0.563326 0.157515 0.516678 0.784342 
0.746226 0.747867 0.580891 0.528452 0.085708 
0.404891 0.569384 0.333874 0.232324 0.604149 
0.245073 0.547613 0.333894 0.583375 0.977256 
0.563597 0.778348 0.083555 0.490554 0.580057 
0.592161 0.011907 0.958648 0.261729 0.321612 
0.873032 0.151139 0.433454 0.455310 0.423974 
0.037552 0.790672 0.737308 0.322046 0.425326 
0.117865 0.700055 0.654917 0.397283 0.820542 
0.252888 0.806954 0.361378 0.800885 0.593170 
0.142649 0.788872 0.348572 0.536614 0.462279 
0.490866 0.220942 0.326608 0.703780 0.741778 
0.562183 0.177562 0.607052 0.880309 0.385620 
0.816476 0.481350 0.620145 0.104550 0.294041 
0.663154 0.566074 0.264496 0.259161 0.769787 
0.872712 0.323362 0.092221 0.926546 0.526609 
0.142783 0.454988 0.908559 0.781414 0.372676 
0.747620 0.729205 0.282996 0.168358 0.409222 
0.768963 0.402176 0.253140 0.425916 0.610530 
0.223455 0.554200 0.835236 0.462998 0.760429 
0.865710 0.709217 0.529732 0.211246 0.343711 
0.713454 0.776514 0.109084 0.294250 0.654213 
0.900364 0.399953 0.037837 0.178644 0.958883 
0.163869 0.784749 0.300543 0.516882 0.622225 
0.257298 0.519668 0.913432 0.873938 0.432873 
0.351878 0.261675 0.311326 0.250816 0.840100 
0.890598 0.189087 0.459383 0.627532 0.285196 
0.770605 0.444143 0.172056 0.712262 0.237693 
0.087669 0.909271 0.459148 0.253063 0.482082 
0.134403 0.269166 0.593586 0.703024 0.951668 
0.681032 0.817440 0.449914 0.255285 0.232365 
0.528293 0.356750 0.879253 0.154475 0.564668 
0.611277 0.845593 0.285619 0.262640 0.864813 
0.507718 0.507998 0.795155 0.510796 0.351170 
0.931173 0.448332 0.312853 0.108951 0.801051 
0.008257 0.928201 0.100168 0.738137 0.704288 
0.350045 0.436417 0.553880 0.759996 0.316397 
0.555346 0.881424 0.652924 0.366978 0.060073 
0.996677 0.287187 0.690315 0.417950 0.112049 
0.744098 0.274177 0.507168 0.724080 0.409130 
0.161700 0.882322 0.473064 0.392785 0.668180 
0.410947 0.160454 0.205344 0.988316 0.659893 
0.986785 0.794895 0.454962 0.207255 0.472278 
0.748048 0.402394 0.367135 0.301431 0.877263 
0.766311 0.691574 0.622533 0.255209 0.578020 
0.563647 0.179754 0.054607 0.921145 0.512722 
0.376956 0.159745 0.821422 0.363059 0.875158 
0.477109 0.420090 0.599760 0.271743 0.885090 
0.305688 0.636514 0.659619 0.095345 0.617650 
0.810200 0.077097 0.460797 0.570554 0.790666 
0.457555 0.970587 0.364876 0.652753 0.075780 
0.515494 0.373532 0.232816 0.183874 0.879208 
0.545492 0.686487 0.544107 0.310217 0.453041 
0.323759 0.310583 0.556890 0.465963 0.825875 
0.844500 0.785309 0.505723 0.185033 0.312099 
0.199370 0.703186 0.087745 0.328125 0.827089 
0.558635 0.147971 0.342246 0.849129 0.758725 
0.326131 0.884013 0.448585 0.879775 0.129226 
0.718930 0.283333 0.553528 0.211006 0.572740 
0.096634 0.649981 0.707007 0.541070 0.397041 
0.008123 0.692534 0.874140 0.233657 0.963808 
0.539391 0.604312 0.532060 0.498784 0.677010 
0.913371 0.585274 0.030840 0.487402 0.598317 
0.056451 0.537513 0.680738 0.795653 0.057531 
0.346095 0.586530 0.744674 0.450665 0.580474 
0.288408 0.335084 0.852928 0.921364 0.429426 
0.666261 0.726510 0.164990 0.707046 0.161913 
0.177547 0.740067 0.251821 0.373327 0.967530 
0.690443 0.670872 0.461724 0.134125 0.377954 
0.819831 0.422900 0.828518 0.550129 0.324413 
0.330419 0.475660 0.799665 0.348956 0.494925 
0.175023 0.852375 0.110665 0.678448 0.325499 
0.349212 0.856333 0.294820 0.271493 0.944844 
0.813003 0.117864 0.924180 0.422073 0.415404 
0.219639 0.906622 0.699352 0.236704 0.421365 
0.368264 0.951836 0.494416 0.039493 0.211827 
0.364647 0.140319 0.620014 0.360854 0.543184 
0.681513 0.712129 0.389707 0.688257 0.338624 
0.856356 0.281647 0.220292 0.930099 0.340526 
0.685073 0.572713 0.395496 0.206746 0.419741 
0.352100 0.463198 0.204361 0.232792 0.932317 
0.550526 0.447412 0.375470 0.358745 0.596662 
0.192422 0.782559 0.406711 0.840390 0.338052 
0.151226 0.684940 0.845034 0.654801 0.451825 
0.609081 0.941956 0.498502 0.074587 0.576225 
0.473201 0.856859 0.375324 0.548061 0.128909 
0.498705 0.647173 0.139564 0.998152 0.471552 
0.285150 0.259476 0.759463 0.427782 0.993686 
0.628826 0.297561 0.433810 0.937729 0.406211 
0.171127 0.863280 0.271264 0.208884 0.618978 
0.823852 0.837371 0.465498 0.143644 0.359078 
0.438413 0.509393 0.279962 0.626507 0.494317 
0.711800 0.326449 0.631286 0.440989 0.331605 
0.136813 0.451118 0.797975 0.716683 0.319192 
0.101214 0.731891 0.265114 0.779482 0.651702 
0.220516 0.163310 0.408558 0.938589 0.684824 
0.841787 0.449217 0.444097 0.091753 0.476804 
0.123151 0.841703 0.182109 0.250433 0.901623 
0.322406 0.763120 0.508746 0.636035 0.032758 
0.502534 0.548499 0.286102 0.564672 0.612067 
0.634935 0.265903 0.811791 0.751648 0.081518 
0.527807 0.085129 0.656128 0.876548 0.296508 
0.385696 0.849151 0.221006 0.843116 0.090120 
0.960537 0.428277 0.222725 0.570695 0.570135 
0.076862 0.757930 0.222801 0.830618 0.993637 
0.371746 0.672005 0.247007 0.480924 0.891198 
0.230072 0.671436 0.425416 0.533260 0.276527 
0.117691 0.576915 0.618793 0.508715 0.419746 
0.209803 0.470698 0.690283 0.791625 0.452947 
0.687240 0.454313 0.898016 0.456862 0.377639 
0.404656 0.957295 0.569338 0.134743 0.361349 
0.533732 0.097487 0.941870 0.239427 0.822582 
0.858839 0.386125 0.492429 0.628006 0.257657 
0.647641 0.083777 0.456145 0.766702 0.713066 
0.224452 0.876453 0.675531 0.447634 0.393962 
0.493048 0.351264 0.680938 0.925408 0.229164 
0.687746 0.561035 0.507326 0.317784 0.470975 
0.921004 0.010805 0.774972 0.658194 0.501842 
0.125315 0.789280 0.561539 0.295586 0.333546 
0.722456 0.029113 0.845207 0.034339 0.593200 
0.965984 0.144601 0.715822 0.233125 0.661249 
0.293869 0.728788 0.631616 0.413141 0.297816 
0.617799 0.338523 0.589257 0.506575 0.908473 
0.323541 0.662369 0.021170 0.691819 0.988374 
0.135944 0.960729 0.639384 0.554177 0.041300 
0.724893 0.680099 0.193640 0.787647 0.282107 
0.443529 0.427434 0.462524 0.915542 0.508573 
0.361537 0.227266 0.475602 0.475570 0.936159 
0.322160 0.041749 0.369740 0.927582 0.727397 
0.585498 0.288358 0.371362 0.581861 0.282475 
0.465141 0.606541 0.952658 0.017866 0.620448 
0.732550 0.698030 0.378058 0.408450 0.585739 
0.719948 0.200730 0.536424 0.697813 0.301485 
0.696476 0.373907 0.054713 0.990491 0.470936 
0.119255 0.618671 0.559427 0.891103 0.393952 
0.671623 0.915438 0.242676 0.309762 0.418137 
0.364652 0.658902 0.673614 0.336427 0.771387 
0.452473 0.512343 0.635639 0.202004 0.748726 
0.921625 0.001589 0.820690 0.778340 0.171782 
0.343467 0.965170 0.283286 0.419154 0.604485 
0.972056 0.036237 0.804086 0.268282 0.594479 
0.446777 0.092098 0.978385 0.157112 0.641362 
0.504783 0.903573 0.130322 0.325305 0.758194 
0.162095 0.204907 0.771367 0.345802 0.546916 
0.950389 0.258608 0.164862 0.202808 0.934969 
0.353363 0.473198 0.336261 0.818722 0.255127 
0.717191 0.432549 0.501883 0.436991 0.403619 
0.427165 0.497551 0.124942 0.953486 0.463877 
0.828715 0.377127 0.365687 0.648529 0.285662 
0.785806 0.056143 0.398983 0.876799 0.475166 
0.621740 0.939998 0.648355 0.012052 0.452900 
0.022656 0.540964 0.173683 0.940340 0.399629 
0.933913 0.097028 0.304339 0.686537 0.330250 
0.637697 0.089971 0.428518 0.894658 0.117409 
0.849078 0.448959 0.795299 0.471065 0.210005 
0.375632 0.703025 0.419294 0.400769 0.666804 
0.699555 0.383001 0.520186 0.604990 0.408493 
0.303508 0.406144 0.641780 0.268869 0.916576 
0.216682 0.407883 0.501807 0.462131 0.439540 
0.242718 0.318669 0.352155 0.951274 0.575276 
0.426207 0.414535 0.635340 0.002821 0.941349 
0.539440 0.373527 0.744961 0.467259 0.008145 
0.856301 0.208647 0.475202 0.348003 0.353697 
0.322828 0.756199 0.797096 0.088169 0.308030 
0.146250 0.290641 0.364797 0.864852 0.782043 
0.597109 0.427082 0.160595 0.595274 0.622472 
0.416414 0.420401 0.485133 0.869557 0.488592 
0.240356 0.812460 0.016614 0.635860 0.578307 
0.736755 0.271072 0.881526 0.363574 0.416218 
0.477421 0.978266 0.752504 0.126205 0.337575 
0.622938 0.493157 0.249667 0.578406 0.632986 
0.649780 0.186522 0.816177 0.278718 0.662449 
0.654882 0.333834 0.038451 0.736832 0.898778 
0.114128 0.486435 0.109142 0.507086 0.979955 
0.221698 0.578967 0.928443 0.010328 0.662265 
0.641076 0.400190 0.684313 0.970469 0.096180 
0.491301 0.815728 0.281481 0.246993 0.537395 
0.448379 0.562543 0.667043 0.215612 0.322341 
0.688008 0.643393 0.066311 0.633171 0.480512 
0.830053 0.306166 0.371855 0.275759 0.915874 
0.786119 0.308705 0.362075 0.593584 0.297047 
0.374718 0.657302 0.845471 0.046187 0.509671 
0.381927 0.930369 0.415378 0.073072 0.457659 
0.422778 0.678093 0.111962 0.984758 0.382309 
0.664867 0.149569 0.769161 0.389256 0.388139 
0.106262 0.411790 0.846248 0.435363 0.328555 
0.265271 0.194787 0.753117 0.530227 0.814352 
0.778793 0.361025 0.611652 0.064880 0.779068 
0.040358 0.459318 0.697631 0.829084 0.700511 
0.870054 0.359586 0.149960 0.646412 0.206998 
0.380731 0.510583 0.675713 0.203984 0.574211 
0.459910 0.407987 0.743945 0.591235 0.632814 
0.035090 0.654652 0.653657 0.791859 0.386974 
0.174760 0.218627 0.922078 0.542633 0.830501 
0.377416 0.273663 0.203979 0.973994 0.259235 
0.017028 0.403343 0.977054 0.559475 0.671070 
0.231878 0.783061 0.549218 0.174033 0.811786 
0.901991 0.122177 0.622878 0.627046 0.446085 
0.802164 0.177098 0.414333 0.864493 0.199845 
0.697055 0.550534 0.242027 0.379671 0.612630 
0.659929 0.267896 0.727337 0.050520 0.645868 
0.855371 0.249109 0.522106 0.466377 0.808084 
0.673425 0.298287 0.813107 0.243562 0.929243 
0.734809 0.731459 0.185152 0.479037 0.614615 
0.135230 0.959204 0.183553 0.459060 0.881743 
0.874945 0.403637 0.529855 0.364110 0.175298 
0.482000 0.721590 0.088395 0.712815 0.218176 
0.263572 0.706429 0.204882 0.182024 0.854856 
0.464502 0.620793 0.780691 0.149034 0.233254 
0.533667 0.759802 0.400428 0.338651 0.520549 
0.413019 0.847781 0.082768 0.216705 0.580825 
0.931168 0.480424 0.041246 0.434179 0.791997 
0.979414 0.479765 0.607955 0.226787 0.101446 
0.906255 0.117009 0.241878 0.943902 0.044893 
0.601787 0.572393 0.702761 0.189176 0.463616 
0.496344 0.848260 0.025414 0.509920 0.942648 
0.463755 0.343114 0.570698 0.853608 0.458653 
0.902471 0.174085 0.540696 0.344671 0.830165 
0.335808 0.814580 0.043996 0.902309 0.288762 
0.447539 0.462967 0.671739 0.279026 0.450475 
0.865186 0.189553 0.507576 0.920870 0.048404 
0.503777 0.541196 0.518977 0.137749 0.492704 
0.865392 0.499269 0.059958 0.649352 0.401588 
0.554385 0.185934 0.350283 0.215563 0.975262 
0.897549 0.494233 0.141957 0.615097 0.543255 
0.015114 0.971414 0.412716 0.132364 0.657353 
0.617459 0.192469 0.820011 0.362045 0.429403 
0.678036 0.917229 0.409904 0.068809 0.242185 
0.309935 0.101527 0.948776 0.109703 0.735710 
0.372147 0.980785 0.467884 0.018678 0.864078 
0.839521 0.150829 0.015702 0.949594 0.506451 
0.405726 0.441216 0.820362 0.464239 0.638377 
0.412789 0.496890 0.899575 0.629179 0.476217 
0.161280 0.956200 0.427929 0.946758 0.217734 
0.146758 0.828313 0.332233 0.417623 0.642934 
0.413844 0.409553 0.482012 0.526062 0.939817 
0.725823 0.200138 0.529964 0.398311 0.534389 
0.890648 0.378890 0.747809 0.405347 0.097794 
0.517806 0.163277 0.325253 0.746068 0.975553 
0.663516 0.270002 0.976934 0.268082 0.288272 
0.409523 0.063883 0.949891 0.622586 0.268036 
0.666656 0.012809 0.773034 0.604061 0.585489 
0.749342 0.577524 0.380572 0.400630 0.280236 
0.886887 0.068768 0.556372 0.719516 0.435029 
0.310740 0.536469 0.752113 0.730626 0.351507 
0.182142 0.908055 0.074902 0.960389 0.396336 
0.567323 0.190009 0.419403 0.146927 0.706513 
0.536732 0.655018 0.730076 0.492443 0.185165 
0.469397 0.274680 0.885179 0.373172 0.205603 
0.323330 0.763887 0.289367 0.792195 0.089111 
0.614305 0.075535 0.904439 0.449116 0.332270 
0.588697 0.921263 0.314225 0.476972 0.326796 
0.747289 0.485586 0.134298 0.129686 0.646965 
0.217729 0.347131 0.222903 0.833035 0.626857 
0.199287 0.570373 0.333274 0.726473 0.643489 
0.265692 0.932587 0.372262 0.286742 0.648466 
0.530596 0.514916 0.539516 0.513334 0.345344 
0.532954 0.547288 0.345825 0.945018 0.173432 
0.534882 0.379629 0.622327 0.455665 0.455992 
0.465232 0.868829 0.221507 0.075140 0.944321 
0.924669 0.642046 0.360179 0.518558 0.225851 
0.116077 0.413968 0.779557 0.344074 0.902834 
0.950728 0.207930 0.582740 0.595874 0.183418 
0.918238 0.026517 0.365707 0.464651 0.573546 
0.399289 0.461046 0.146037 0.699496 0.600281 
0.625519 0.433285 0.492678 0.409719 0.303579 
0.226787 0.296010 0.762527 0.742815 0.780476 
0.482304 0.118055 0.568405 0.909338 0.412582 
0.423273 0.453971 0.757640 0.332940 0.257192 
0.537764 0.269890 0.615930 0.204266 0.553483 
0.217753 0.712263 0.685591 0.512406 0.538161 
0.580768 0.390702 0.455868 0.249658 0.727451 
0.608431 0.298116 0.466265 0.239969 0.976520 
0.357635 0.141770 0.931390 0.340180 0.738830 
0.453079 0.256725 0.733779 0.367692 0.534332 
0.802272 0.382952 0.597997 0.389929 0.336856 
0.359239 0.232071 0.783913 0.260112 0.874243 
0.831862 0.263886 0.637523 0.371424 0.773117 
0.721622 0.546729 0.154254 0.949582 0.203471 
0.447211 0.730170 0.744534 0.119335 0.322419 
0.557559 0.801614 0.527116 0.534342 0.274470 
0.250592 0.551269 0.580319 0.574163 0.391027 
0.415888 0.496331 0.651611 0.473819 0.261466 
0.864360 0.543704 0.266782 0.337642 0.484988 
0.367212 0.349362 0.821347 0.371154 0.447202 
0.939461 0.434863 0.444942 0.783285 0.440773 
0.279465 0.652400 0.781890 0.319612 0.704788 
0.395438 0.771173 0.376001 0.167948 0.539254 
0.277817 0.416339 0.942240 0.393506 0.474796 
0.312978 0.530710 0.689570 0.404186 0.490936 
0.273967 0.058754 0.650460 0.551022 0.833407 
0.740465 0.238995 0.812501 0.587565 0.166516 
0.633187 0.784689 0.697881 0.069684 0.443999 
0.545079 0.649973 0.562825 0.764637 0.187162 
0.837306 0.025743 0.559101 0.676921 0.501050 
0.638808 0.406833 0.275347 0.698276 0.294725 
0.716144 0.080637 0.639745 0.656487 0.652233 
0.603804 0.832579 0.274959 0.361047 0.394969 
0.635875 0.406634 0.495559 0.658743 0.574067 
0.667069 0.301475 0.834063 0.424114 0.437994 
0.903385 0.176219 0.507554 0.455893 0.498537 
0.384499 0.157805 0.284478 0.980317 0.726179 
0.205948 0.581778 0.507258 0.886989 0.825580 
0.211539 0.341533 0.545683 0.960280 0.336057 
0.150505 0.622882 0.483794 0.996883 0.030194 
0.855111 0.356155 0.009641 0.532044 0.580908 
0.559229 0.371966 0.978798 0.280591 0.319009 
0.058718 0.734188 0.464975 0.602225 0.915310 
0.259091 0.808096 0.092482 0.899712 0.241334 
0.533246 0.937520 0.587168 0.470009 0.014934 
0.339792 0.271955 0.626775 0.855169 0.295041 
0.666087 0.542561 0.630862 0.470657 0.600527 
0.175017 0.946764 0.340025 0.256924 0.758528 
0.408749 0.758456 0.923736 0.178173 0.528440 
0.738654 0.629725 0.288693 0.710240 0.447514 
0.265738 0.666706 0.224721 0.499815 0.558167 
0.969460 0.488081 0.383107 0.105786 0.319782 
0.722551 0.389332 0.401843 0.470173 0.680439 
0.334463 0.735995 0.447932 0.264793 0.627823 
0.201427 0.982851 0.104444 0.643934 0.615681 
0.119855 0.700666 0.603558 0.842117 0.242463 
0.473418 0.089871 0.617772 0.826038 0.451942 
0.615119 0.615193 0.113728 0.567486 0.869030 
0.780048 0.091937 0.715038 0.276586 0.791782 
0.842922 0.453152 0.125389 0.308551 0.909703 
0.392033 0.520322 0.278241 0.561367 0.993023 
0.331092 0.302718 0.677402 0.951639 0.311480 
0.008596 0.994516 0.756704 0.307876 0.722367 
0.610953 0.914428 0.673358 0.048657 0.256277 
0.789301 0.386081 0.071444 0.677325 0.592886 
0.564703 0.536043 0.951923 0.441019 0.032431 
0.196125 0.637124 0.651142 0.128215 0.947989 
0.151859 0.898006 0.104100 0.805167 0.314410 
0.750600 0.883430 0.434260 0.298616 0.163821 
0.935132 0.074064 0.688791 0.104046 0.456690 
0.142791 0.822315 0.078597 0.657921 0.971102 
0.619305 0.501497 0.821760 0.518609 0.251714 
0.997263 0.277957 0.350394 0.119374 0.501677 
0.044607 0.581628 0.699487 0.255074 0.517145 
0.354594 0.111833 0.703552 0.528922 0.452808 
0.422828 0.640836 0.330899 0.598410 0.547451 
0.510971 0.158369 0.617373 0.802377 0.205742 
0.643770 0.118052 0.708463 0.265430 0.874467 
0.454157 0.802926 0.648853 0.194652 0.385069 
0.605231 0.430811 0.725472 0.298708 0.639574 
0.930781 0.787825 0.509346 0.241765 0.109361 
0.580999 0.016784 0.422600 0.904476 0.656332 
0.442665 0.615088 0.849459 0.704775 0.012124 
0.677002 0.466714 0.664358 0.170316 0.290323 
0.720869 0.222428 0.982668 0.397133 0.412915 
0.354394 0.954017 0.220048 0.648229 0.370778 
0.308522 0.540648 0.300258 0.388480 0.637115 
0.571572 0.082734 0.922945 0.745236 0.141327 
0.290957 0.279431 0.717930 0.892506 0.600193 
0.585837 0.127005 0.917191 0.514786 0.163326 
0.684058 0.138850 0.773373 0.436462 0.441678 
0.452409 0.894134 0.132623 0.887361 0.137087 
0.337939 0.468809 0.420922 0.170969 0.846305 
0.895891 0.473473 0.408108 0.416004 0.039450 
0.085449 0.263898 0.620337 0.685402 0.628964 
0.738932 0.050594 0.339802 0.520046 0.866195 
0.592016 0.471674 0.367552 0.250763 0.607200 
0.850728 0.237347 0.442599 0.991352 0.117504 
0.275821 0.678381 0.505651 0.260613 0.922582 
0.441119 0.371482 0.830973 0.562548 0.467972 
0.841086 0.576990 0.021362 0.863397 0.453871 
0.884044 0.415332 0.574018 0.509455 0.202166 
0.590930 0.058149 0.841684 0.473915 0.469202 
0.533270 0.576406 0.410081 0.264219 0.620760 
0.670448 0.398058 0.943647 0.338489 0.356551 
0.233073 0.821330 0.213760 0.986737 0.329496 
0.560026 0.813111 0.197238 0.282276 0.915167 
0.807077 0.178717 0.870033 0.640756 0.017076 
0.532235 0.375858 0.663574 0.595327 0.511265 
0.471745 0.370440 0.732895 0.453336 0.817700 
0.698551 0.301275 0.546330 0.095177 0.566107 
0.343419 0.440046 0.696892 0.250236 0.606097 
0.385697 0.573301 0.617612 0.938084 0.170537 
0.515811 0.392981 0.255527 0.955967 0.421305 
0.835400 0.305739 0.652764 0.433139 0.480239 
0.282592 0.615031 0.528554 0.437441 0.547350 
0.150403 0.663112 0.613963 0.365148 0.410677 
0.189185 0.648324 0.697709 0.686622 0.393045 
0.224654 0.724894 0.580948 0.490239 0.236828 
0.535934 0.522385 0.460679 0.279068 0.870748 
0.224822 0.445098 0.525672 0.355955 0.918155 
0.964631 0.656445 0.756142 0.199414 0.117134 
0.523949 0.522884 0.931853 0.222615 0.367573 
0.523563 0.222663 0.782779 0.304004 0.532642 
0.119176 0.381774 0.779134 0.190891 0.949310 
0.450766 0.193498 0.567875 0.222463 0.895262 
0.737109 0.485774 0.704248 0.598683 0.152484 
0.385265 0.639967 0.443108 0.442452 0.731983 
0.466763 0.684307 0.345017 0.213374 0.381138 
0.169998 0.672923 0.351661 0.497590 0.931665 
0.519230 0.904749 0.190518 0.581240 0.636139 
0.136644 0.526776 0.199828 0.946729 0.582812 
0.686693 0.494057 0.644774 0.726548 0.307832 
0.810471 0.475655 0.428117 0.255507 0.447959 
0.308329 0.256346 0.740325 0.677306 0.657737 
0.303083 0.550440 0.744186 0.415855 0.157509 
0.028732 0.942178 0.495747 0.683620 0.284931 
0.639714 0.088242 0.833731 0.279191 0.372745 
0.843554 0.007382 0.210042 0.523369 0.923847 
0.205694 0.336301 0.900780 0.299419 0.652023 
0.292796 0.762510 0.467570 0.211612 0.661025 
0.563109 0.349653 0.874623 0.398802 0.530969 
0.993643 0.051486 0.775485 0.237794 0.233612 
0.203062 0.782255 0.822514 0.829904 0.148166 
0.361599 0.776150 0.338454 0.463685 0.889801 
0.861692 0.666286 0.405109 0.205490 0.681981 
0.560231 0.269765 0.746475 0.536317 0.445931 
0.520900 0.172185 0.740741 0.406714 0.618809 
0.440637 0.640400 0.630855 0.199227 0.527603 
0.533423 0.958491 0.088791 0.386355 0.961792 
0.598369 0.678963 0.458546 0.440192 0.813222 
0.608549 0.819137 0.263800 0.595634 0.444951 
0.059375 0.689555 0.320421 0.785320 0.618023 
0.812776 0.122907 0.474659 0.226039 0.850641 
0.979082 0.151704 0.272468 0.605029 0.665554 
0.078653 0.504267 0.601630 0.261894 0.970453 
0.083946 0.224280 0.368510 0.647136 0.834837 
0.728416 0.534679 0.357350 0.053243 0.571015 
0.617552 0.403012 0.887779 0.394350 0.536040 
0.819349 0.748444 0.323634 0.444365 0.268910 
0.849188 0.618852 0.131251 0.724520 0.065885 
0.940681 0.715728 0.331231 0.389526 0.187535 
0.689486 0.133246 0.655855 0.017304 0.791406 
0.266546 0.915944 0.306538 0.229532 0.901080 
0.812542 0.398204 0.188380 0.261818 0.402836 
0.105586 0.539431 0.517188 0.969469 0.546422 
0.025375 0.689218 0.638075 0.540803 0.636816 
0.551353 0.239094 0.576800 0.829852 0.649148 
0.303538 0.401582 0.967709 0.374591 0.150762 
0.087393 0.467024 0.882700 0.611874 0.097017 
0.554477 0.467492 0.098264 0.862948 0.432881 
0.306965 0.936537 0.096970 0.565891 0.826142 
0.476905 0.055732 0.818794 0.384693 0.580400 
0.984229 0.262744 0.605493 0.070164 0.564040 
0.963735 0.469794 0.215918 0.566234 0.405170 
0.881676 0.413680 0.019944 0.781128 0.369767 
0.123836 0.537870 0.235369 0.553586 0.868888 
0.671477 0.221698 0.209257 0.911673 0.369992 
0.053832 0.382878 0.935686 0.463102 0.726806 
0.867909 0.406315 0.643581 0.335441 0.131936 
0.935754 0.135479 0.607487 0.410926 0.314655 
0.869843 0.198505 0.343285 0.552771 0.315487 
0.008987 0.765291 0.339633 0.534926 0.927314 
0.797918 0.058583 0.466357 0.423935 0.646524 
0.545833 0.426279 0.827625 0.791368 0.078697 
0.542503 0.698908 0.122557 0.409336 0.908341 
0.729867 0.017922 0.365088 0.505078 0.808306 
0.163369 0.403146 0.615789 0.797276 0.121607 
0.324408 0.375645 0.995241 0.755394 0.258147 
0.698678 0.640478 0.048289 0.381418 0.695305 
0.001630 0.650843 0.497397 0.845199 0.342957 
0.544029 0.885762 0.630159 0.360641 0.182279 
0.658515 0.375967 0.574484 0.004413 0.655477 
0.046627 0.657364 0.536733 0.468666 0.773928 
0.468263 0.976911 0.457252 0.283854 0.421699 
0.030425 0.832369 0.493462 0.733068 0.430166 
0.864496 0.220329 0.903767 0.527116 0.005885 
0.366199 0.772892 0.159402 0.745509 0.134915 
0.123720 0.613781 0.962370 0.218767 0.670446 
0.462145 0.974461 0.163931 0.174460 0.467037 
0.814801 0.775247 0.616646 0.246453 0.307151 
0.584293 0.284135 0.573447 0.262916 0.837270 
0.870411 0.572551 0.148133 0.137413 0.389168 
0.320036 0.137098 0.829934 0.531161 0.465062 
0.245318 0.480593 0.832885 0.094068 0.686252 
0.274511 0.875517 0.645313 0.347517 0.412280 
0.738365 0.151574 0.589578 0.814732 0.406491 
0.253926 0.656400 0.055958 0.489687 0.927382 
0.619051 0.391200 0.418661 0.182823 0.881623 
0.780655 0.395506 0.012605 0.961827 0.064569 
0.466175 0.932813 0.657377 0.737576 0.172798 
0.689709 0.577007 0.614883 0.362424 0.336350 
0.240243 0.811639 0.777229 0.400867 0.127022 
0.744540 0.642456 0.860845 0.257544 0.009460 
0.886972 0.003284 0.340970 0.344319 0.830137 
0.484380 0.382347 0.872104 0.821771 0.043763 
0.218910 0.270778 0.720946 0.383367 0.737542 
0.969580 0.258863 0.438187 0.776627 0.275808 
0.495756 0.660574 0.745874 0.103735 0.517727 
0.608972 0.624959 0.333151 0.216876 0.931149 
0.651105 0.207879 0.431431 0.536859 0.553067 
0.589617 0.963465 0.352800 0.240811 0.643668 
0.955888 0.404904 0.377319 0.136391 0.731962 
0.373408 0.746182 0.485468 0.141381 0.410230 
0.369974 0.669465 0.504469 0.890726 0.393147 
0.614370 0.676221 0.012477 0.521258 0.724438 
0.397596 0.759415 0.774422 0.127231 0.318005 
0.431613 0.328413 0.747339 0.457567 0.644340 
0.480856 0.742042 0.536463 0.076331 0.436550 
0.371169 0.262453 0.550492 0.470761 0.902565 
0.651526 0.028806 0.544400 0.531478 0.379855 
0.566005 0.999756 0.600192 0.466321 0.051456 
0.762341 0.865837 0.453344 0.146003 0.405476 
0.837374 0.217890 0.706971 0.320265 0.603468 
0.122125 0.655302 0.539339 0.659105 0.714740 
0.585310 0.481740 0.025400 0.455041 0.483152 
0.707373 0.513615 0.667394 0.076215 0.338652 
0.582180 0.793415 0.613879 0.047020 0.725445 
0.973660 0.226432 0.657838 0.096795 0.368786 
0.630393 0.916389 0.231011 0.537794 0.179313 
0.469300 0.001948 0.443246 0.957587 0.575241 
0.919246 0.115072 0.522057 0.042451 0.548549 
0.281992 0.424292 0.621266 0.860147 0.865983 
0.235693 0.755470 0.223477 0.966756 0.719159 
0.488954 0.463284 0.705591 0.060832 0.616303 
0.211735 0.459736 0.643283 0.164690 0.888796 
0.238794 0.635521 0.110093 0.850732 0.711362 
0.043569 0.611528 0.309016 0.410360 0.625380 
0.610915 0.857372 0.213344 0.190457 0.801340 
0.539140 0.882429 0.615095 0.632877 0.026779 
0.326904 0.446909 0.356352 0.582975 0.608750 
0.305338 0.601447 0.372348 0.756016 0.311219 
0.605011 0.617401 0.332762 0.784632 0.005021 
0.700411 0.498710 0.143343 0.620889 0.798515 
0.389563 0.336749 0.081518 0.971562 0.312748 
0.185369 0.762179 0.280007 0.799983 0.308286 
0.836311 0.484986 0.131310 0.149819 0.822610 
0.542492 0.664269 0.847881 0.198430 0.347504 
0.195587 0.819022 0.068236 0.756372 0.524806 
0.232130 0.285994 0.781425 0.238354 0.770860 
0.966440 0.286773 0.538681 0.527931 0.242458 
0.148176 0.408616 0.598969 0.422246 0.748529 
0.096495 0.617584 0.207281 0.698588 0.868670 
0.602731 0.541785 0.707010 0.598958 0.176790 
0.302333 0.431983 0.776927 0.628804 0.368713 
0.494588 0.176280 0.411004 0.898754 0.340222 
0.370513 0.756804 0.654119 0.502084 0.152500 
0.088448 0.961119 0.302520 0.331726 0.884060 
0.224236 0.701106 0.699597 0.188281 0.886353 
0.869723 0.276271 0.571859 0.535028 0.526893 
0.830883 0.398016 0.367774 0.233163 0.479931 
0.389788 0.403651 0.242418 0.976143 0.327929 
0.687121 0.277344 0.440435 0.236488 0.815843 
0.360277 0.395171 0.536500 0.245357 0.674626 
0.607051 0.504339 0.056864 0.789914 0.592806 
0.265862 0.833421 0.139758 0.582297 0.686819 
0.404571 0.607278 0.029181 0.958436 0.583130 
0.404670 0.347051 0.922926 0.008274 0.624392 
0.803654 0.620496 0.572429 0.140839 0.342394 
0.410649 0.853427 0.125108 0.406948 0.447973 
0.327698 0.784040 0.475908 0.719505 0.009460 
0.422863 0.301109 0.790063 0.642667 0.432763 
0.977401 0.237791 0.964686 0.684440 0.078776 
0.914402 0.324404 0.806351 0.631067 0.330211 
0.942654 0.597308 0.884555 0.150727 0.238734 
0.243207 0.450164 0.272980 0.586528 0.745869 
0.622576 0.670678 0.550374 0.462678 0.339404 
0.168011 0.637315 0.939807 0.671851 0.046313 
0.581125 0.542288 0.515499 0.698827 0.345307 
0.202238 0.966950 0.100550 0.464443 0.279028 
0.364010 0.362171 0.996033 0.288959 0.666069 
0.752609 0.283678 0.278263 0.579156 0.435537 
0.386828 0.243823 0.786227 0.391585 0.608447 
0.803108 0.762618 0.491139 0.262781 0.433694 
0.673407 0.150506 0.489342 0.451299 0.471180 
0.414984 0.527713 0.841744 0.394411 0.235771 
0.491017 0.102868 0.287555 0.905369 0.565690 
0.719894 0.365388 0.533366 0.518275 0.318904 
0.364132 0.228843 0.969438 0.470795 0.453342 
0.733195 0.809018 0.271083 0.727971 0.263122 
0.739362 0.835372 0.131514 0.365056 0.266818 
0.437061 0.550871 0.259940 0.384841 0.622310 
0.690443 0.891989 0.174140 0.292738 0.524878 
0.486737 0.218501 0.715733 0.648846 0.605679 
0.846131 0.619560 0.047993 0.093241 0.726760 
0.661939 0.280456 0.412144 0.395322 0.561442 
0.500913 0.270644 0.878637 0.405635 0.145023 
0.534085 0.965394 0.131329 0.669077 0.058572 
0.727108 0.261131 0.528360 0.553972 0.075504 
0.224558 0.212429 0.735924 0.195652 0.936754 
0.311749 0.730367 0.479251 0.857466 0.478147 
0.427533 0.587842 0.129344 0.544945 0.576123 
0.264025 0.556318 0.314773 0.908394 0.320397 
0.361639 0.598768 0.480788 0.014317 0.790096 
0.408908 0.645755 0.432962 0.497064 0.481851 
0.782056 0.401989 0.733616 0.571802 0.089661 
0.314080 0.813560 0.367048 0.197419 0.858050 
0.790480 0.504210 0.325017 0.481545 0.596816 
0.496478 0.378358 0.514792 0.516434 0.819983 
0.733361 0.338456 0.112617 0.747021 0.432371 
0.509284 0.493466 0.814228 0.843960 0.182310 
0.475014 0.342630 0.766327 0.342441 0.501815 
0.499473 0.961196 0.067402 0.343920 0.422328 
0.927707 0.429590 0.189752 0.414387 0.896139 
0.587436 0.677846 0.375819 0.903359 0.300013 
0.903715 0.809727 0.066515 0.659789 0.316440 
0.646456 0.599338 0.369394 0.179931 0.575154 
0.611432 0.435541 0.692306 0.645018 0.069916 
0.345571 0.564145 0.658550 0.035639 0.884006 
0.678189 0.315767 0.660564 0.367239 0.204465 
0.599847 0.618389 0.034489 0.668563 0.451596 
0.090782 0.754202 0.973706 0.287634 0.495778 
0.282182 0.953694 0.052428 0.401578 0.640140 
0.527400 0.453338 0.405634 0.307909 0.780015 
0.322062 0.684500 0.622113 0.920430 0.283888 
0.134290 0.338654 0.987959 0.653430 0.620766 
0.725368 0.943171 0.317402 0.075316 0.437569 
0.046438 0.849703 0.025997 0.738089 0.533868 
0.507705 0.396932 0.462453 0.149145 0.565260 
0.951860 0.552380 0.414848 0.177584 0.412742 
0.758745 0.414058 0.276618 0.754096 0.509838 
0.428362 0.612087 0.401196 0.585553 0.261436 
0.713837 0.926913 0.068123 0.283515 0.404312 
0.779282 0.656935 0.703221 0.290355 0.515469 
0.890469 0.418448 0.078748 0.845159 0.211149 
0.033016 0.888916 0.512909 0.791113 0.413785 
0.321123 0.910228 0.662213 0.342062 0.977953 
0.804028 0.343218 0.745585 0.025099 0.698609 
0.495147 0.763511 0.133238 0.729368 0.466275 
0.179883 0.160031 0.972490 0.662578 0.577831 
0.503134 0.300173 0.614594 0.005237 0.918298 
0.657336 0.145660 0.535076 0.518485 0.197464 
0.871035 0.269280 0.738914 0.766443 0.333771 
0.719770 0.310085 0.455413 0.868303 0.563420 
0.765130 0.334017 0.381368 0.565066 0.107143 
0.037778 0.539908 0.209530 0.901458 0.234768 
0.378666 0.055127 0.291961 0.973925 0.653549 
0.364230 0.163043 0.824876 0.784381 0.780892 
0.604742 0.444526 0.810681 0.606887 0.082088 
0.765872 0.286086 0.782090 0.439567 0.514590 
0.551595 0.528642 0.237738 0.586151 0.521251 
0.939056 0.595035 0.093911 0.245641 0.687867 
0.408687 0.417664 0.376683 0.168693 0.979957 
0.386167 0.684548 0.527241 0.258320 0.618058 
0.427070 0.635815 0.300817 0.372174 0.891236 
0.450484 0.739649 0.014251 0.787272 0.444319 
0.856846 0.625332 0.526170 0.092801 0.830604 
0.958670 0.334831 0.054075 0.709693 0.527522 
0.557140 0.536937 0.194542 0.722324 0.215251 
0.049773 0.188373 0.624747 0.905402 0.638457 
0.899050 0.770526 0.307737 0.126445 0.580560 
0.677059 0.900599 0.051536 0.531729 0.546818 
0.784071 0.449196 0.446030 0.304072 0.227357 
0.394289 0.644204 0.118390 0.890520 0.374532 
0.535582 0.791740 0.729078 0.431072 0.115302 
0.529561 0.970175 0.371428 0.065426 0.299593 
0.152304 0.388952 0.299421 0.887674 0.662584 
0.976909 0.607591 0.262000 0.155450 0.328810 
0.948181 0.195690 0.638311 0.239862 0.712019 
0.927734 0.162550 0.536628 0.510210 0.413083 
0.338823 0.775766 0.162929 0.462947 0.646947 
0.758180 0.346753 0.619586 0.149784 0.574947 
0.945687 0.295219 0.824019 0.281250 0.071429 
0.695380 0.405351 0.722353 0.554063 0.167084 
0.764289 0.349117 0.055484 0.562371 0.757943 
0.251168 0.901091 0.496489 0.645244 0.318270 
0.089752 0.151674 0.759803 0.836492 0.574651 
0.950862 0.119989 0.545032 0.486623 0.310272 
0.561726 0.665671 0.698497 0.445906 0.028069 
0.095346 0.699436 0.645532 0.291195 0.810238 
0.476880 0.433587 0.408477 0.947197 0.365214 
0.562253 0.002255 0.628316 0.053794 0.920348 
0.034576 0.905201 0.661750 0.497019 0.141172 
0.820746 0.592347 0.175352 0.318767 0.284062 
0.136649 0.148588 0.916854 0.413219 0.746028 
0.063055 0.458071 0.482101 0.651682 0.759567 
0.023968 0.872274 0.743168 0.324802 0.731762 
0.754991 0.337568 0.359737 0.618849 0.717850 
0.507030 0.231117 0.632967 0.527886 0.619007 
0.465062 0.908604 0.376599 0.766782 0.253747 
0.587739 0.351763 0.345729 0.622065 0.247444 
0.698631 0.031504 0.802904 0.571162 0.694734 
0.994652 0.288566 0.330219 0.155201 0.936994 
0.716521 0.482666 0.506668 0.721702 0.067419 
0.801262 0.498414 0.181578 0.820343 0.062020 
0.301882 0.728763 0.303206 0.713187 0.193233 
0.588219 0.533690 0.413706 0.451736 0.208425 
0.163289 0.471157 0.744509 0.941066 0.578796 
0.210960 0.402633 0.695111 0.276806 0.768495 
0.133750 0.912423 0.116450 0.864126 0.633833 
0.246066 0.076788 0.837205 0.647690 0.294172 
0.328675 0.695250 0.576278 0.161972 0.553785 
0.595277 0.343796 0.960057 0.066674 0.569552 
0.369175 0.421575 0.312704 0.371259 0.640241 
0.915848 0.216292 0.771695 0.291469 0.039906 
0.025062 0.580549 0.970459 0.354632 0.913429 
0.831242 0.755208 0.430451 0.496873 0.293449 
0.462815 0.614541 0.670924 0.436553 0.521231 
0.734990 0.578753 0.403618 0.326028 0.371623 
0.671549 0.778803 0.258832 0.229774 0.339464 
0.638802 0.110280 0.635329 0.069981 0.837595 
0.867115 0.281790 0.278531 0.423085 0.645667 
0.453978 0.349932 0.856505 0.085254 0.805316 
0.419522 0.285780 0.428614 0.129784 0.800366 
0.977836 0.309057 0.307523 0.326577 0.775042 
0.286764 0.383820 0.414721 0.523548 0.863720 
0.501779 0.844416 0.147661 0.310902 0.823152 
0.726314 0.354724 0.340958 0.952206 0.136929 
0.064260 0.359022 0.484701 0.893698 0.732337 
0.714616 0.226526 0.131679 0.802973 0.244912 
0.243005 0.461720 0.527253 0.483167 0.752292 
0.614568 0.287677 0.772153 0.607453 0.014471 
0.423020 0.762789 0.153799 0.772856 0.330006 
0.407750 0.114332 0.477931 0.538529 0.842593 
0.280543 0.616515 0.949181 0.142098 0.700568 
0.721489 0.103745 0.729742 0.127291 0.275189 
0.003809 0.516328 0.536573 0.981871 0.202943 
0.171876 0.558185 0.019469 0.817706 0.770864 
0.813488 0.252649 0.260968 0.626649 0.211695 
0.197261 0.738686 0.685919 0.083654 0.988939 
0.786742 0.467342 0.488016 0.225744 0.494882 
0.539505 0.604881 0.268155 0.904201 0.247803 
0.609053 0.935521 0.121614 0.286792 0.820828 
0.908087 0.187096 0.825356 0.577886 0.174570 
0.290083 0.875781 0.472291 0.769474 0.166505 
0.770264 0.059267 0.686023 0.168002 0.558378 
0.526290 0.314463 0.484468 0.766124 0.392999 
0.135744 0.794433 0.453587 0.473762 0.665123 
0.106747 0.828209 0.246427 0.482152 0.650513 
0.219160 0.880294 0.086044 0.891328 0.130331 
0.746491 0.384158 0.410725 0.690822 0.299791 
0.917875 0.175261 0.580805 0.887653 0.066253 
0.221558 0.375846 0.416394 0.760701 0.551824 
0.426351 0.518661 0.566090 0.531975 0.502606 
0.713435 0.431053 0.896244 0.511843 0.067111 
0.216864 0.890257 0.546510 0.405035 0.132990 
0.782955 0.700571 0.320353 0.114632 0.497597 
0.515420 0.675376 0.715350 0.418693 0.416645 
0.358566 0.460152 0.960057 0.509291 0.423962 
0.854622 0.608973 0.524310 0.348770 0.384716 
0.154310 0.765350 0.575909 0.744493 0.272346 
0.406379 0.254254 0.219445 0.544401 0.769520 
0.701641 0.531454 0.053434 0.806863 0.468563 
0.400655 0.777345 0.425582 0.383494 0.493633 
0.472108 0.774610 0.509529 0.071231 0.921724 
0.359929 0.309320 0.873886 0.627346 0.071912 
0.436390 0.419361 0.621082 0.595517 0.442063 
0.215173 0.502518 0.366109 0.386178 0.970060 
0.376762 0.946957 0.351399 0.873927 0.254607 
0.260375 0.683113 0.491421 0.488346 0.675315 
0.478118 0.323900 0.232344 0.339539 0.925672 
0.581905 0.877269 0.708333 0.177412 0.053497 
0.636341 0.510179 0.742919 0.915734 0.098634 
0.381734 0.962457 0.120146 0.811631 0.281751 
0.125143 0.950789 0.572705 0.075993 0.984168 
0.024036 0.855518 0.020882 0.829224 0.757137 
0.984493 0.298353 0.028424 0.501956 0.412622 
0.728477 0.653003 0.572116 0.780466 0.078561 
0.565253 0.203743 0.730233 0.902337 0.324676 
0.983348 0.536156 0.403113 0.514613 0.254578 
0.502817 0.082611 0.506919 0.657805 0.573922 
0.820901 0.056623 0.907773 0.871185 0.361513 
0.870983 0.316303 0.172310 0.310439 0.712084 
0.429579 0.834981 0.220047 0.423900 0.788594 
0.842993 0.100542 0.595024 0.668828 0.177173 
0.329161 0.613116 0.191341 0.700015 0.705152 
0.629744 0.872205 0.315426 0.367214 0.043468 
0.899293 0.314899 0.182700 0.888489 0.276520 
0.777770 0.551212 0.600535 0.705758 0.258855 
0.015232 0.570460 0.239600 0.662145 0.366292 
0.075297 0.938407 0.362747 0.676915 0.782301 
0.426039 0.759791 0.420666 0.050304 0.959749 
0.275628 0.164211 0.237985 0.921189 0.867616 
0.827437 0.446107 0.220122 0.488410 0.475477 
0.406056 0.068723 0.542121 0.949069 0.502996 
0.630908 0.810104 0.110543 0.247545 0.710505 
0.439413 0.544023 0.049744 0.206245 0.955540 
0.518538 0.375883 0.519171 0.821346 0.134154 
0.324718 0.932463 0.456570 0.054646 0.854094 
0.984889 0.021081 0.346295 0.722699 0.247615 
0.185030 0.705360 0.790212 0.455819 0.126347 
0.363599 0.644313 0.206578 0.212362 0.960863 
0.436612 0.958549 0.450554 0.263989 0.516081 
0.551994 0.531881 0.339588 0.492229 0.869992 
0.055889 0.938321 0.369725 0.988118 0.081738 
0.815609 0.085560 0.577939 0.688844 0.230965 
0.628597 0.951691 0.692477 0.478380 0.036138 
0.528459 0.827490 0.190876 0.665598 0.126691 
0.128636 0.696497 0.400012 0.657354 0.812560 
0.371000 0.320792 0.806576 0.427703 0.193597 
0.397826 0.764309 0.172272 0.790201 0.522471 
0.324925 0.945759 0.255273 0.717772 0.553930 
0.458591 0.025072 0.718873 0.584443 0.994951 
0.684233 0.200111 0.774202 0.030978 0.804912 
0.431111 0.699198 0.346270 0.275898 0.706320 
0.214961 0.557129 0.551796 0.772397 0.488450 
0.884992 0.508795 0.036167 0.837562 0.284176 
0.350341 0.708094 0.509094 0.441651 0.562318 
0.589853 0.010524 0.182573 0.725544 0.987255 
0.473693 0.331436 0.440145 0.426758 0.821258 
0.375067 0.571131 0.714943 0.561820 0.068672 
0.795485 0.640338 0.451103 0.422325 0.292222 
0.414850 0.585827 0.282084 0.394404 0.578542 
0.401324 0.728428 0.263590 0.439551 0.796171 
0.785981 0.145625 0.815331 0.231908 0.388318 
0.944472 0.368757 0.023234 0.681160 0.437094 
0.067873 0.110549 0.681023 0.826669 0.799578 
0.134509 0.525054 0.901344 0.540007 0.249561 
0.420487 0.478411 0.697952 0.032569 0.925242 
0.537826 0.889413 0.195838 0.604020 0.576887 
0.944799 0.775474 0.469131 0.342105 0.087098 
0.349681 0.510694 0.498105 0.339430 0.888593 
0.050552 0.634776 0.369116 0.523702 0.459969 
0.685661 0.453219 0.264727 0.968684 0.310060 
0.334936 0.608811 0.855556 0.552507 0.243095 
0.420015 0.513152 0.920634 0.092409 0.117848 
0.891156 0.410427 0.141578 0.063686 0.840660 
0.719774 0.480563 0.727658 0.747668 0.009448 
0.184767 0.090231 0.869903 0.678603 0.661163 
0.924189 0.524080 0.240012 0.396943 0.480804 
0.538672 0.521789 0.697036 0.647174 0.067145 
0.503886 0.495212 0.757276 0.084774 0.487671 
0.770043 0.809092 0.405866 0.059963 0.436242 
0.327912 0.861459 0.852256 0.408580 0.078124 
0.201579 0.837299 0.679262 0.038176 0.872718 
0.321355 0.714279 0.552453 0.352636 0.100415 
0.443593 0.489446 0.401197 0.736997 0.603486 
0.686995 0.139032 0.932167 0.381753 0.086300 
0.747179 0.887949 0.214543 0.276487 0.270506 
0.795204 0.190117 0.798739 0.580821 0.044968 
0.334828 0.583446 0.998268 0.408226 0.374991 
0.338493 0.708784 0.805659 0.208836 0.731213 
0.854444 0.027037 0.254717 0.602262 0.263984 
0.038870 0.653615 0.298927 0.680704 0.919731 
0.675671 0.381228 0.935402 0.427870 0.187569 
0.393667 0.020713 0.553719 0.949803 0.590209 
0.687559 0.554727 0.387267 0.768198 0.009777 
0.202662 0.440116 0.637851 0.072503 0.737898 
0.346474 0.859927 0.325696 0.810759 0.298888 
0.747192 0.209870 0.784339 0.197216 0.319070 
0.339512 0.554069 0.082365 0.722407 0.598449 
0.574875 0.269672 0.173135 0.596603 0.722868 
0.910654 0.589092 0.717124 0.029601 0.634910 
0.610777 0.586928 0.010178 0.875974 0.711089 
0.957140 0.612489 0.093386 0.523240 0.352675 
0.590388 0.169970 0.531362 0.811293 0.116561 
0.942364 0.112120 0.441469 0.284709 0.311690 
0.895080 0.652948 0.161640 0.487774 0.261098 
0.613566 0.222976 0.439617 0.880212 0.007591 
0.373865 0.976117 0.334363 0.368698 0.527054 
0.176528 0.279028 0.993773 0.231847 0.692092 
0.849292 0.120368 0.551408 0.855815 0.265599 
0.109373 0.494007 0.593384 0.593406 0.964893 
0.784327 0.073206 0.537404 0.416421 0.386357 
0.669341 0.608161 0.428698 0.015915 0.694410 
0.757140 0.000792 0.480769 0.863069 0.188318 
0.266312 0.571539 0.955142 0.117546 0.505182 
0.703843 0.630111 0.309928 0.048799 0.877284 
0.828674 0.090702 0.231213 0.515507 0.539054 
0.936124 0.361094 0.700024 0.486385 0.151844 
0.303619 0.401393 0.470120 0.462922 0.768392 
0.418973 0.187029 0.703604 0.935809 0.174273 
0.076135 0.419483 0.531401 0.804929 0.338800 
0.326446 0.219640 0.633810 0.472777 0.683901 
0.304084 0.600057 0.369801 0.559432 0.761040 
0.430093 0.894176 0.510261 0.157423 0.140269 
0.985502 0.451880 0.649709 0.011176 0.665616 
0.669079 0.746379 0.468256 0.552256 0.120741 
0.410854 0.582348 0.422271 0.731029 0.640731 
0.861197 0.242221 0.222088 0.644562 0.190646 
0.552476 0.504268 0.006623 0.758850 0.684735 
0.113563 0.957110 0.789031 0.400079 0.163440 
0.865365 0.822525 0.034875 0.760997 0.304175 
0.209478 0.173056 0.564702 0.807668 0.648394 
0.369175 0.747374 0.048572 0.911525 0.296590 
0.486806 0.077858 0.670246 0.588912 0.557624 
0.871682 0.321337 0.635938 0.131015 0.716650 
0.635043 0.693577 0.446819 0.344133 0.256203 
0.417362 0.448440 0.535914 0.401201 0.473114 
0.770872 0.224052 0.952303 0.388042 0.063845 
0.011410 0.585145 0.752475 0.752299 0.573665 
0.413514 0.267712 0.634524 0.346063 0.522917 
0.458670 0.377460 0.708830 0.625740 0.060641 
0.474621 0.434817 0.203977 0.703648 0.681147 
0.341996 0.582322 0.702595 0.020834 0.964302 
0.597357 0.544623 0.297734 0.262519 0.908649 
0.791415 0.433750 0.557627 0.477256 0.631729 
0.434034 0.897883 0.638225 0.288160 0.604290 
0.607893 0.256627 0.563095 0.385241 0.596398 
0.117497 0.438074 0.484864 0.806158 0.690755 
0.010221 0.534695 0.909003 0.817249 0.482653 
0.586781 0.030715 0.757191 0.861416 0.301455 
0.280283 0.712419 0.350596 0.638860 0.486761 
0.251687 0.616644 0.705440 0.311792 0.851277 
0.400180 0.675449 0.669301 0.061673 0.616054 
0.231270 0.560229 0.375716 0.693685 0.861984 
0.005973 0.771461 0.771786 0.454945 0.399286 
0.171020 0.841909 0.135551 0.624428 0.412867 
0.565888 0.820934 0.308314 0.898624 0.209349 
0.641777 0.549329 0.251339 0.757268 0.242183 
0.524586 0.505003 0.223173 0.880298 0.493983 
0.222000 0.683962 0.769372 0.189745 0.309454 
0.439849 0.125832 0.915216 0.010545 0.534960 
0.848972 0.693707 0.087627 0.345664 0.586101 
0.973849 0.419488 0.685537 0.261418 0.241419 
0.131496 0.643129 0.111923 0.976664 0.852027 
0.264889 0.056389 0.872042 0.153836 0.980416 
0.782196 0.335867 0.563588 0.524391 0.537804 
0.460458 0.632721 0.686155 0.780117 0.082458 
0.792095 0.276650 0.614176 0.166137 0.539477 
0.525099 0.546867 0.573521 0.457411 0.290742 
0.703855 0.771813 0.302208 0.501030 0.388139 
0.746826 0.427885 0.436023 0.396226 0.368200 
0.955261 0.145189 0.808428 0.264245 0.389709 
0.673696 0.158978 0.547441 0.966513 0.322776 
0.910030 0.086769 0.671722 0.439397 0.372788 
0.330438 0.600472 0.025928 0.756275 0.725301 
0.620675 0.975759 0.701168 0.344076 0.023901 
0.407749 0.883369 0.253614 0.860456 0.329012 
0.399540 0.379616 0.473388 0.429286 0.185554 
0.997311 0.011792 0.892660 0.869849 0.112091 
0.477422 0.868871 0.614056 0.108065 0.602300 
0.064890 0.539003 0.737753 0.590699 0.724406 
0.657955 0.632361 0.342188 0.544153 0.575399 
0.485452 0.165891 0.571400 0.126458 0.759396 
0.284363 0.416139 0.635817 0.803618 0.312862 
0.433591 0.249839 0.499338 0.953676 0.221756 
0.066671 0.962494 0.651243 0.636239 0.271341 
0.469494 0.479192 0.498636 0.636135 0.376312 
0.010088 0.942760 0.427347 0.820389 0.567618 
0.725104 0.183013 0.459327 0.120778 0.707894 
0.774451 0.186480 0.723694 0.312364 0.674896 
0.001928 0.766253 0.175553 0.876583 0.384860 
0.131851 0.340359 0.709039 0.255565 0.801291 
0.540177 0.276872 0.731063 0.520849 0.430319 
0.175830 0.334243 0.965123 0.661051 0.253007 
0.560149 0.134537 0.514928 0.486709 0.714773 
0.263399 0.510870 0.797481 0.808976 0.268112 
0.555434 0.231004 0.292301 0.868592 0.603494 
0.555388 0.861713 0.061439 0.186602 0.518493 
0.557890 0.974940 0.434684 0.214906 0.013540 
0.267211 0.444703 0.226712 0.992748 0.466259 
0.440705 0.382125 0.438011 0.659474 0.881535 
0.235926 0.231761 0.331011 0.595568 0.510508 
0.565830 0.523290 0.172110 0.472420 0.575656 
0.299413 0.830445 0.961405 0.456788 0.079589 
0.676076 0.591124 0.281588 0.786754 0.514504 
0.757123 0.029230 0.931284 0.445067 0.070183 
0.998013 0.659395 0.107820 0.478124 0.402008 
0.868147 0.117329 0.563102 0.442384 0.752342 
0.408076 0.597367 0.302585 0.705846 0.847852 
0.101846 0.892758 0.563040 0.248267 0.270713 
0.489922 0.525979 0.795944 0.945155 0.040071 
0.748799 0.704580 0.012433 0.390122 0.858550 
0.808316 0.753041 0.259999 0.550042 0.015646 
0.328699 0.859827 0.165553 0.730228 0.412747 
0.249766 0.209344 0.980078 0.388818 0.611969 
0.998065 0.441491 0.217871 0.338788 0.578943 
0.447015 0.841927 0.207835 0.904682 0.159218 
0.775154 0.504246 0.938933 0.110280 0.394616 
0.772629 0.051928 0.212094 0.998185 0.320839 
0.139690 0.489882 0.941256 0.049256 0.630220 
0.054245 0.771895 0.293708 0.717297 0.646571 
0.249761 0.409027 0.859509 0.281040 0.729440 
0.350474 0.793975 0.312563 0.049477 0.705571 
0.730476 0.120555 0.448141 0.200856 0.829460 
0.607897 0.754624 0.366181 0.661206 0.559057 
0.527697 0.412637 0.996177 0.096350 0.672011 
0.986223 0.050110 0.756153 0.809957 0.040678 
0.117711 0.396532 0.260342 0.967611 0.454328 
0.268258 0.474477 0.631497 0.428348 0.660324 
0.854318 0.428798 0.748003 0.032997 0.678773 
0.630399 0.484660 0.114434 0.631218 0.455742 
0.509957 0.455702 0.648488 0.355796 0.228455 
0.318410 0.475181 0.302433 0.752397 0.731713 
0.172321 0.817795 0.731091 0.115825 0.922008 
0.571964 0.176013 0.973652 0.677030 0.343643 
0.921961 0.526554 0.351459 0.596394 0.013610 
0.387059 0.685794 0.337156 0.374803 0.764297 
0.705416 0.054434 0.564778 0.563885 0.739167 
0.456949 0.900518 0.058350 0.233907 0.760452 
0.175106 0.886402 0.970726 0.133524 0.407682 
0.222735 0.462839 0.714498 0.047649 0.979028 
0.584905 0.669657 0.251373 0.648017 0.290591 
0.943265 0.152933 0.629689 0.221812 0.377411 
0.159256 0.736364 0.554849 0.288198 0.687714 
0.117496 0.508016 0.656115 0.485979 0.701899 
0.669557 0.645280 0.275085 0.371809 0.495212 
0.881562 0.221740 0.345287 0.307840 0.469644 
0.451505 0.099063 0.920203 0.294297 0.508209 
0.551289 0.557277 0.750747 0.075761 0.543071 
0.575903 0.011807 0.457656 0.125577 0.962556 
0.447636 0.636494 0.239403 0.313980 0.576519 
0.837911 0.358398 0.216148 0.662179 0.041503 
0.403303 0.945734 0.575174 0.249499 0.362422 
0.702580 0.023503 0.794447 0.592851 0.686413 
0.456440 0.302129 0.444319 0.401212 0.956313 
0.316385 0.318315 0.714666 0.465534 0.663420 
0.543044 0.377069 0.582669 0.789403 0.691409 
0.343963 0.562704 0.680009 0.082725 0.652966 
0.608536 0.538579 0.458637 0.736691 0.453052 
0.092504 0.442141 0.104124 0.929143 0.846619 
0.569018 0.891161 0.025324 0.111555 0.998572 
0.906341 0.580725 0.001444 0.570701 0.409736 
0.604382 0.478144 0.043964 0.429586 0.962069 
0.712491 0.987897 0.138857 0.496172 0.194331 
0.206237 0.569558 0.311436 0.461533 0.605788 
0.600809 0.498547 0.190339 0.421351 0.914853 
0.629153 0.434263 0.889339 0.139283 0.560713 
0.514741 0.548256 0.010386 0.692311 0.294248 
0.137606 0.986508 0.659576 0.186284 0.710200 
0.358308 0.393892 0.779286 0.278941 0.629981 
0.219814 0.908472 0.144970 0.868197 0.283512 
0.233958 0.725017 0.369782 0.389493 0.919272 
0.731593 0.487767 0.357597 0.189905 0.509979 
0.569446 0.288767 0.775551 0.883472 0.037092 
0.513409 0.322457 0.872092 0.213486 0.595923 
0.909282 0.757499 0.015064 0.527532 0.612552 
0.111274 0.836382 0.638928 0.428964 0.908371 
0.648132 0.240001 0.514299 0.270705 0.543385 
0.531261 0.061945 0.929700 0.211792 0.530489 
0.452420 0.138674 0.814506 0.176868 0.634770 
0.644043 0.787746 0.169536 0.712985 0.242867 
0.563841 0.986075 0.011171 0.472842 0.379421 
0.017834 0.293707 0.792129 0.393952 0.988543 
0.642692 0.742995 0.174737 0.662043 0.198498 
0.778705 0.517324 0.620748 0.311402 0.351785 
0.421733 0.861946 0.235850 0.375439 0.545642 
0.880521 0.647743 0.216508 0.147046 0.428782 
0.919125 0.678947 0.171428 0.701191 0.261312 
0.481111 0.568898 0.592393 0.311320 0.189204 
0.539495 0.001319 0.581942 0.621076 0.601959 
0.467309 0.400965 0.652411 0.367052 0.915626 
0.547279 0.874043 0.085433 0.741483 0.293526 
0.715692 0.564181 0.170413 0.669218 0.587164 
0.928489 0.368373 0.779407 0.171633 0.051676 
0.323367 0.198233 0.803463 0.243908 0.823919 
0.545600 0.611978 0.093557 0.845442 0.623503 
0.087214 0.629563 0.546225 0.675386 0.453662 
0.416488 0.190197 0.708726 0.422073 0.956663 
0.485792 0.759016 0.354316 0.577441 0.223244 
0.336244 0.531821 0.526608 0.710274 0.700171 
0.805408 0.549830 0.201105 0.766107 0.165916 
0.455208 0.697075 0.086473 0.519769 0.520074 
0.883036 0.540136 0.436768 0.142167 0.228270 
0.282202 0.476120 0.815190 0.680533 0.497344 
0.798056 0.229193 0.560424 0.085076 0.647421 
0.351606 0.514777 0.738916 0.231886 0.470271 
0.331896 0.584868 0.340848 0.372990 0.938576 
0.860718 0.773289 0.091849 0.948043 0.045009 
0.735634 0.648080 0.520070 0.273621 0.548585 
0.338434 0.939446 0.245199 0.799120 0.263310 
0.325243 0.529263 0.897770 0.652356 0.576284 
0.728505 0.371581 0.433738 0.907671 0.154718 
0.443473 0.231207 0.766824 0.530294 0.425249 
0.732394 0.213225 0.574146 0.557149 0.452809 
0.537516 0.205331 0.912253 0.360351 0.572688 
0.542901 0.593531 0.138670 0.488194 0.324641 
0.902201 0.334098 0.136574 0.564833 0.373771 
0.466315 0.612207 0.556903 0.823131 0.089529 
0.775767 0.273086 0.793550 0.500777 0.344565 
0.436591 0.774131 0.068830 0.825975 0.431303 
0.513265 0.571876 0.184506 0.538378 0.280670 
0.482295 0.286784 0.556881 0.381481 0.894668 
0.185027 0.083533 0.756522 0.867281 0.813912 
0.617899 0.655235 0.786374 0.186203 0.288229 
0.810480 0.676929 0.406642 0.324659 0.124306 
0.588215 0.326735 0.976063 0.257540 0.390903 
0.686358 0.391701 0.910412 0.227382 0.183335 
0.912676 0.717625 0.012219 0.581992 0.313422 
0.847430 0.696976 0.378414 0.162983 0.659371 
0.416704 0.821616 0.321719 0.289734 0.718043 
0.200476 0.632413 0.132309 0.689044 0.365220 
0.687608 0.570759 0.975737 0.154902 0.135622 
0.364279 0.435761 0.619089 0.381024 0.705164 
0.258509 0.441280 0.966522 0.006688 0.674311 
0.850184 0.565967 0.718023 0.108162 0.177398 
0.521771 0.609013 0.093502 0.827260 0.381327 
0.321402 0.595251 0.306678 0.786220 0.335959 
0.138667 0.773901 0.402374 0.301728 0.782707 
0.102275 0.914480 0.162263 0.500442 0.689890 
0.945248 0.434614 0.294178 0.422364 0.275419 
0.736839 0.365685 0.129442 0.640858 0.753845 
0.537363 0.899198 0.182476 0.939766 0.026253 
0.329446 0.299616 0.697192 0.328956 0.527446 
0.308983 0.462600 0.511443 0.720592 0.500364 
0.784231 0.739070 0.235394 0.274314 0.142047 
0.029704 0.595401 0.333880 0.688520 0.634807 
0.170899 0.474825 0.662470 0.492470 0.308140 
0.440169 0.605512 0.329321 0.419199 0.915027 
0.784894 0.579815 0.435183 0.457539 0.468193 
0.332828 0.576698 0.277007 0.816654 0.481250 
0.364347 0.864909 0.117277 0.743818 0.264257 
0.637791 0.317294 0.268789 0.635967 0.465102 
0.307681 0.893250 0.147704 0.454483 0.860637 
0.429444 0.260146 0.762368 0.752917 0.627025 
0.892692 0.678580 0.330605 0.093454 0.539161 
0.573027 0.148607 0.632354 0.735280 0.594160 
0.062662 0.494750 0.743335 0.815329 0.607388 
0.940228 0.519282 0.253215 0.146840 0.793344 
0.215380 0.829466 0.313327 0.933932 0.086011 
0.233228 0.066822 0.407381 0.568977 0.945833 
0.185149 0.860937 0.560020 0.826415 0.110809 
0.836005 0.133504 0.351707 0.392636 0.906025 
0.331692 0.605438 0.491150 0.362974 0.594132 
0.364237 0.817335 0.518743 0.038836 0.626915 
0.050718 0.324486 0.936883 0.439996 0.525948 
0.445521 0.396528 0.443147 0.569052 0.637524 
0.720308 0.303263 0.155247 0.742038 0.390823 
0.535342 0.469412 0.577807 0.846364 0.078576 
0.438709 0.835634 0.444042 0.162765 0.468613 
0.898409 0.658312 0.322007 0.200542 0.393668 
0.511525 0.850465 0.321853 0.452069 0.417105 
0.517969 0.598325 0.369729 0.493895 0.910871 
0.978928 0.323968 0.440095 0.239148 0.677406 
0.465900 0.147267 0.412668 0.414872 0.960049 
0.741156 0.021073 0.603182 0.424721 0.458993 
0.206736 0.847213 0.902233 0.119977 0.540957 
0.327233 0.820146 0.394319 0.750686 0.205948 
0.574328 0.957585 0.302565 0.156972 0.141540 
0.322143 0.377476 0.478610 0.864382 0.345494 
0.876668 0.432422 0.352385 0.641798 0.292354 
0.772960 0.028299 0.962710 0.159423 0.772134 
0.525559 0.564139 0.233269 0.662505 0.548946 
0.720526 0.465568 0.376221 0.976931 0.113488 
0.282156 0.652868 0.825583 0.520520 0.145432 
0.241699 0.109143 0.685739 0.510220 0.769630 
0.727179 0.047209 0.167274 0.563596 0.615789 
0.145100 0.985637 0.049722 0.614330 0.452424 
0.006331 0.791697 0.071626 0.951644 0.704840 
0.823700 0.023225 0.921599 0.467538 0.293646 
0.616138 0.331567 0.862872 0.283321 0.218431 
0.094607 0.822733 0.351821 0.758534 0.172146 
0.804112 0.247801 0.942848 0.330703 0.310280 
0.743905 0.935183 0.179504 0.350848 0.291570 
0.085488 0.807242 0.582422 0.559694 0.226127 
0.779051 0.091445 0.314070 0.667880 0.288868 
0.194232 0.645355 0.304607 0.548528 0.576733 
0.240192 0.169955 0.409147 0.696092 0.622358 
0.617974 0.053055 0.578927 0.320126 0.913505 
0.228714 0.356984 0.778338 0.342312 0.654366 
0.711724 0.337991 0.299337 0.396654 0.930439 
0.397719 0.572042 0.657291 0.632900 0.458500 
0.436877 0.274376 0.544616 0.206607 0.921157 
0.142834 0.390937 0.839968 0.354604 0.765825 
0.744596 0.466061 0.786671 0.644857 0.149720 
0.939289 0.372162 0.603369 0.386128 0.697140 
0.700332 0.443274 0.425557 0.423456 0.724013 
0.668389 0.536872 0.213433 0.291373 0.716774 
0.157104 0.778744 0.457988 0.219590 0.860282 
0.214947 0.029337 0.270114 0.832106 0.909900 
0.437294 0.636245 0.700139 0.083404 0.351965 
0.191875 0.533727 0.921857 0.379980 0.759590 
0.481278 0.379966 0.832860 0.678979 0.170818 
0.570325 0.553173 0.883719 0.412583 0.460252 
0.927238 0.527417 0.063014 0.666127 0.805019 
0.932052 0.266649 0.874282 0.095816 0.662781 
0.661009 0.290628 0.467675 0.207774 0.599039 
0.711141 0.074805 0.554012 0.518434 0.847523 
0.263923 0.278284 0.950170 0.045032 0.793220 
0.347037 0.921941 0.286003 0.895986 0.178794 
0.412011 0.811644 0.198215 0.125516 0.462797 
0.471688 0.523959 0.924848 0.297414 0.412764 
0.144332 0.909364 0.025335 0.450050 0.996353 
0.305177 0.957168 0.806276 0.119436 0.323383 
0.490845 0.569052 0.516230 0.429432 0.323151 
0.129233 0.614389 0.628932 0.483015 0.570740 
0.978053 0.517466 0.129088 0.266767 0.795184 
0.290920 0.232494 0.977536 0.391536 0.621112 
0.847543 0.670959 0.714939 0.534371 0.117339 
0.670824 0.218625 0.759162 0.186165 0.410744 
0.276319 0.712937 0.684628 0.286183 0.629204 
0.491663 0.682029 0.274764 0.363754 0.886181 
0.456497 0.157023 0.406183 0.564144 0.988911 
0.364216 0.784860 0.339052 0.525258 0.440078 
0.461006 0.075537 0.843745 0.629454 0.208269 
0.450097 0.542943 0.361836 0.575481 0.375072 
0.484489 0.129336 0.403816 0.524160 0.494693 
0.634137 0.786330 0.118940 0.551542 0.299568 
0.730380 0.696458 0.156377 0.613249 0.418209 
0.874598 0.322289 0.872558 0.422142 0.579969 
0.586107 0.365500 0.308443 0.483734 0.884475 
0.200097 0.010925 0.664144 0.915364 0.629539 
0.669714 0.468104 0.594669 0.449731 0.058021 
0.536003 0.707406 0.380750 0.882029 0.059168 
0.833134 0.335601 0.538464 0.257274 0.311153 
0.449859 0.972902 0.572872 0.405330 0.049870 
0.005911 0.547446 0.965908 0.539493 0.672948 
0.458973 0.207513 0.631128 0.587161 0.727972 
0.864988 0.405098 0.337828 0.047532 0.914822 
0.856198 0.310292 0.546566 0.484656 0.597580 
0.288929 0.994208 0.291291 0.115966 0.687961 
0.366532 0.027932 0.721284 0.844051 0.412367 
0.423872 0.570028 0.343176 0.820980 0.200416 
0.301311 0.417392 0.678467 0.536361 0.179757 
0.253691 0.685227 0.992444 0.060872 0.300983 
0.785698 0.387303 0.376805 0.732709 0.043801 
0.620294 0.430184 0.424510 0.890002 0.353413 
0.868615 0.421473 0.851894 0.374162 0.412102 
0.732820 0.759421 0.499888 0.434063 0.352429 
0.838939 0.063432 0.564135 0.661605 0.414745 
0.640971 0.030383 0.456812 0.611016 0.355163 
0.585390 0.454656 0.797056 0.152029 0.122466 
0.228390 0.534620 0.819259 0.582598 0.170236 
0.878826 0.538987 0.561061 0.229109 0.465347 
0.797601 0.558384 0.252394 0.217020 0.735891 
0.589085 0.354352 0.024532 0.378695 0.999155 
0.338307 0.945378 0.082327 0.744948 0.607656 
0.077000 0.552841 0.649249 0.175021 0.839045 
0.434173 0.747773 0.879251 0.453579 0.377080 
0.475136 0.293541 0.776959 0.468826 0.304877 
0.403556 0.496183 0.104493 0.746509 0.886093 
0.558867 0.402977 0.442683 0.404033 0.630710 
0.414116 0.776306 0.142867 0.377683 0.862764 
0.766903 0.321395 0.896823 0.101105 0.509235 
0.326542 0.726010 0.281285 0.904905 0.144602 
0.582363 0.570679 0.278013 0.622528 0.296491 
0.537164 0.395405 0.602839 0.978237 0.244292 
0.743901 0.639367 0.423462 0.324486 0.669094 
0.638927 0.346631 0.818418 0.416435 0.311727 
0.783711 0.185243 0.896461 0.220728 0.392732 
0.468980 0.390687 0.650682 0.874627 0.195048 
0.791595 0.596860 0.595362 0.565135 0.356067 
0.188690 0.479678 0.343455 0.537776 0.743756 
0.153293 0.983687 0.270660 0.024039 0.874631 
0.256790 0.901932 0.094375 0.917941 0.204929 
0.602822 0.477424 0.279592 0.582326 0.223851 
0.110838 0.218536 0.556396 0.629730 0.712346 
0.328472 0.273864 0.933748 0.012686 0.931238 
0.549513 0.496028 0.248679 0.670272 0.451603 
0.877708 0.214383 0.450090 0.592049 0.402832 
0.465027 0.741947 0.451125 0.045246 0.974168 
0.216660 0.516052 0.007406 0.769460 0.944937 
0.756956 0.231488 0.326140 0.775616 0.343055 
0.221109 0.331389 0.597717 0.356709 0.575124 
0.705328 0.534908 0.015183 0.636054 0.884587 
0.535358 0.502869 0.299313 0.247851 0.949838 
0.442484 0.507393 0.119092 0.302531 0.831570 
0.208442 0.773279 0.586511 0.434292 0.461249 
0.783130 0.756964 0.210651 0.420113 0.515573 
0.055812 0.626066 0.324765 0.712805 0.875826 
0.091812 0.792111 0.519543 0.427272 0.338694 
0.440125 0.967204 0.167660 0.363065 0.856949 
0.695998 0.071815 0.857507 0.400611 0.569206 
0.675271 0.488558 0.375283 0.491210 0.342473 
0.390166 0.598481 0.567445 0.445794 0.542903 
0.679252 0.544465 0.614832 0.203767 0.650612 
0.885231 0.031808 0.607195 0.810237 0.066543 
0.996853 0.154591 0.541842 0.512871 0.188453 
0.271772 0.685344 0.296714 0.652503 0.614894 
0.081011 0.806465 0.474778 0.533467 0.940178 
0.091723 0.780571 0.059801 0.714615 0.301232 
0.121476 0.567307 0.868367 0.005164 0.878261 
0.472243 0.130248 0.502106 0.990891 0.089592 
0.679298 0.983636 0.131709 0.702896 0.063292 
0.744919 0.637560 0.017558 0.550105 0.714168 
0.592698 0.556443 0.122236 0.429828 0.815458 
0.140269 0.967115 0.438270 0.477835 0.461507 
0.543454 0.488633 0.123869 0.965098 0.461191 
0.935313 0.198445 0.699943 0.613216 0.049757 
0.337461 0.955109 0.366052 0.015969 0.690194 
0.398500 0.445385 0.869135 0.847700 0.240865 
0.491585 0.117178 0.212129 0.911278 0.879882 
0.613716 0.313025 0.853692 0.172653 0.362125 
0.381979 0.647652 0.669947 0.530417 0.236114 
0.657042 0.237538 0.592938 0.299676 0.558666 
0.760408 0.496020 0.167104 0.483215 0.642286 
0.610479 0.566960 0.879535 0.079054 0.581901 
0.001812 0.730123 0.695374 0.202586 0.773443 
0.880174 0.115184 0.168887 0.586885 0.578833 
0.535781 0.867673 0.115547 0.862042 0.178094 
0.788696 0.182460 0.701012 0.614014 0.274170 
0.750377 0.352281 0.367301 0.236195 0.865331 
0.371862 0.386334 0.566114 0.520145 0.303403 
0.087792 0.370392 0.762542 0.569546 0.798246 
0.520372 0.405471 0.434973 0.341350 0.927214 
0.557235 0.241819 0.570060 0.575797 0.377727 
0.048964 0.837438 0.621867 0.031859 0.974609 
0.573366 0.072004 0.573496 0.511528 0.779760 
0.436095 0.369214 0.747569 0.548055 0.241145 
0.279968 0.616620 0.698880 0.526439 0.507191 
0.854968 0.563178 0.822871 0.070463 0.338490 
0.164875 0.723729 0.522644 0.182293 0.583278 
0.523978 0.336943 0.730863 0.657457 0.389599 
0.359006 0.617519 0.852098 0.182079 0.338702 
0.482346 0.471061 0.635598 0.408070 0.110842 
0.749762 0.084698 0.094933 0.597729 0.683171 
0.885400 0.487938 0.463737 0.446191 0.196869 
0.551621 0.393839 0.528275 0.361545 0.592360 
0.212694 0.466313 0.260673 0.931752 0.667818 
0.816917 0.721589 0.212220 0.082910 0.564626 
0.621727 0.501944 0.737150 0.471391 0.007065 
0.140897 0.987108 0.326724 0.191820 0.853464 
0.317750 0.431264 0.371593 0.510822 0.779708 
0.234252 0.922552 0.504650 0.460986 0.634161 
0.691234 0.152662 0.717766 0.367358 0.124347 
0.243916 0.380828 0.937073 0.046801 0.792928 
0.655353 0.601813 0.636184 0.502463 0.073434 
0.631651 0.471011 0.786400 0.709506 0.127180 
0.135025 0.613437 0.892483 0.851558 0.081484 
0.879168 0.690091 0.103408 0.916253 0.038318 
0.235363 0.487756 0.402376 0.197342 0.967683 
0.733898 0.152368 0.857136 0.282380 0.646440 
0.380390 0.736802 0.913203 0.405498 0.419701 
0.477299 0.284020 0.636108 0.465680 0.619153 
0.493769 0.865686 0.625786 0.234862 0.521044 
0.626530 0.549825 0.787540 0.487328 0.435168 
0.500538 0.321359 0.712177 0.337820 0.666389 
0.435022 0.466153 0.972719 0.217698 0.928633 
0.708461 0.477839 0.363052 0.521907 0.635139 
0.939253 0.033296 0.285687 0.536419 0.722511 
0.083710 0.788789 0.818206 0.669375 0.054734 
0.880962 0.473951 0.637504 0.372989 0.042702 
0.493794 0.829156 0.358945 0.421560 0.260698 
0.314664 0.713775 0.199490 0.762250 0.018967 
0.252753 0.752527 0.716766 0.480826 0.424351 
0.559797 0.533828 0.437309 0.417377 0.643478 
0.619321 0.814798 0.198616 0.121331 0.544839 
0.024235 0.588671 0.799927 0.856400 0.344668 
0.720646 0.573535 0.312721 0.957088 0.206938 
0.745253 0.464713 0.177042 0.487469 0.507861 
0.099750 0.309339 0.767850 0.948062 0.534734 
0.235822 0.339216 0.273726 0.869971 0.233906 
0.536488 0.417668 0.365523 0.280545 0.875222 
0.860305 0.166366 0.107889 0.698559 0.683544 
0.984242 0.020083 0.925736 0.418284 0.285228 
0.668138 0.017897 0.824923 0.231497 0.898866 
0.133502 0.926394 0.441330 0.661517 0.270898 
0.690740 0.508050 0.492883 0.323220 0.677756 
0.217689 0.826013 0.191270 0.660975 0.469384 
0.358070 0.273742 0.767715 0.752139 0.083958 
0.118972 0.667044 0.254538 0.846035 0.515235 
0.215470 0.395841 0.684441 0.940853 0.209062 
0.374683 0.881514 0.360546 0.298523 0.465076 
0.675546 0.447271 0.813568 0.528885 0.435497 
0.854126 0.032727 0.919745 0.401937 0.294710 
0.785578 0.590041 0.198839 0.091145 0.639087 
0.867745 0.297342 0.224931 0.724333 0.462238 
0.142031 0.546932 0.574381 0.539475 0.432518 
0.852641 0.337506 0.465013 0.786605 0.386002 
0.187979 0.301909 0.681774 0.307615 0.719331 
0.330960 0.577861 0.342133 0.866460 0.341262 
0.363761 0.537988 0.268981 0.840344 0.302562 
0.110937 0.855219 0.397648 0.729048 0.484108 
0.561255 0.875163 0.605482 0.711808 0.139272 
0.548101 0.468845 0.040297 0.481596 0.573492 
0.683934 0.364820 0.341800 0.526036 0.333881 
0.444884 0.603166 0.241435 0.576124 0.590339 
0.382393 0.197302 0.763939 0.073696 0.869711 
0.414701 0.470613 0.860838 0.215784 0.328590 
0.607076 0.391773 0.765864 0.302232 0.216546 
0.058615 0.803733 0.594859 0.532431 0.752524 
0.963309 0.445628 0.584621 0.310250 0.606448 
0.365364 0.650997 0.142859 0.493546 0.781850 
0.643042 0.222305 0.951325 0.817864 0.173871 
0.015702 0.682178 0.943953 0.330894 0.496563 
0.342877 0.485026 0.446467 0.465231 0.571669 
0.865651 0.139533 0.595172 0.561207 0.239649 
0.786764 0.903116 0.273784 0.057383 0.546795 
0.777366 0.685567 0.044543 0.139752 0.685973 
0.313731 0.549182 0.789827 0.854784 0.062491 
0.537106 0.506527 0.608936 0.045807 0.948215 
0.170328 0.654781 0.551547 0.213576 0.431587 
0.980142 0.380188 0.534257 0.822066 0.106848 
0.678002 0.842740 0.360788 0.261916 0.387923 
0.650273 0.167912 0.306094 0.699003 0.810204 
0.151887 0.692758 0.384991 0.555178 0.704027 
0.251024 0.432751 0.521347 0.598421 0.653460 
0.412685 0.664584 0.109653 0.801394 0.536519 
0.250989 0.447786 0.802525 0.471354 0.438940 
0.294777 0.526429 0.796351 0.526036 0.574294 
