10
1000
0.616209 0.560206 0.482812 0.609575 0.356743 0.729808 0.557848 0.605449 0.580246 0.547883 
0.409673 0.420426 0.425386 0.277012 0.433695 0.427864 0.404221 0.312857 0.378413 0.398125 
0.365227 0.574468 0.315758 0.373415 0.719207 0.437175 0.486884 0.520195 0.463429 0.606377 
0.325005 0.472509 0.547914 0.275333 0.518313 0.420569 0.423038 0.459708 0.413149 0.520191 
0.631972 0.580190 0.411271 0.507184 0.318579 0.662996 0.467720 0.440625 0.474532 0.342945 
0.460929 0.510726 0.618310 0.361698 0.563610 0.445254 0.627258 0.519495 0.456148 0.531702 
0.365086 0.452507 0.366576 0.335400 0.415843 0.410427 0.408275 0.444626 0.216855 0.550338 
0.402821 0.451199 0.406686 0.337892 0.485480 0.280291 0.395090 0.418494 0.460811 0.350119 
0.651380 0.601964 0.779571 0.597069 0.630401 0.744027 0.595780 0.629626 0.709665 0.617278 
0.660675 0.725584 0.770660 0.583892 0.629865 0.731083 0.855989 0.585520 0.718012 0.687628 
0.455769 0.349050 0.703039 0.438540 0.291384 0.437170 0.559453 0.559393 0.380793 0.445183 
0.351758 0.533643 0.399846 0.407007 0.267187 0.492615 0.449880 0.446346 0.477995 0.477781 
0.735781 0.338006 0.502340 0.304859 0.485934 0.380373 0.542409 0.543291 0.271999 0.427771 
0.396970 0.579362 0.515839 0.570476 0.699418 0.391267 0.547923 0.589616 0.694094 0.433600 
0.338121 0.484059 0.407614 0.329998 0.479081 0.471709 0.208030 0.518514 0.308061 0.405870 
0.383786 0.168377 0.465976 0.312025 0.321274 0.348276 0.295159 0.400132 0.360944 0.320971 
0.456803 0.639806 0.463335 0.682259 0.581991 0.591621 0.533091 0.696149 0.455807 0.607301 
0.546905 0.435217 0.723982 0.544351 0.541097 0.705008 0.565951 0.595873 0.575002 0.747764 
0.512984 0.408161 0.535533 0.602756 0.293285 0.747352 0.549227 0.589142 0.470321 0.576026 
0.665445 0.308259 0.564025 0.549023 0.398244 0.581726 0.349748 0.360627 0.586917 0.375000 
0.620202 0.539689 0.519636 0.385124 0.616454 0.459219 0.395394 0.576977 0.579757 0.279513 
0.506814 0.488776 0.474144 0.561792 0.377950 0.503780 0.485865 0.504457 0.732885 0.481430 
0.523181 0.382793 0.542840 0.275975 0.320281 0.514516 0.429046 0.503907 0.432898 0.255064 
0.596093 0.653275 0.456796 0.506453 0.675755 0.564222 0.439819 0.629293 0.582889 0.389205 
0.511157 0.292119 0.585722 0.302830 0.374551 0.468110 0.479699 0.353535 0.380729 0.301125 
0.620291 0.420257 0.647339 0.568213 0.670906 0.511289 0.412493 0.706255 0.573824 0.380973 
0.530925 0.372599 0.500175 0.502371 0.458294 0.580342 0.412276 0.422642 0.522353 0.634947 
0.315873 0.487063 0.263647 0.520530 0.446232 0.304267 0.479763 0.459706 0.327605 0.561288 
0.380098 0.367917 0.499537 0.342639 0.453441 0.417404 0.480707 0.408789 0.311125 0.470673 
0.541660 0.412932 0.731285 0.521617 0.508248 0.618067 0.555387 0.557380 0.585852 0.642225 
0.291437 0.502714 0.358830 0.372205 0.260973 0.482659 0.375588 0.253578 0.453119 0.310386 
0.415795 0.390192 0.300560 0.315716 0.636960 0.208953 0.377760 0.319529 0.397757 0.235114 
0.619037 0.553458 0.465695 0.487683 0.706840 0.525731 0.623939 0.499622 0.579669 0.566844 
0.564552 0.852247 0.704115 0.830977 0.604269 0.631337 0.686161 0.622515 0.838598 0.627278 
0.585856 0.557971 0.418173 0.426374 0.626180 0.364476 0.521435 0.430967 0.679764 0.236458 
0.556351 0.734313 0.818865 0.622141 0.764766 0.694165 0.651177 0.669468 0.842630 0.766097 
0.304390 0.317348 0.237855 0.381126 0.166414 0.368028 0.266764 0.342855 0.334221 0.380087 
0.277073 0.363159 0.313565 0.398277 0.295031 0.346295 0.316063 0.380361 0.343005 0.345221 
0.516138 0.668790 0.453610 0.488161 0.749897 0.445899 0.702174 0.429300 0.688943 0.611442 
0.374276 0.448430 0.470612 0.331170 0.416775 0.293552 0.341942 0.488896 0.414400 0.356852 
0.648266 0.677966 0.741700 0.573559 0.630830 0.580406 0.760767 0.487455 0.751348 0.636357 
0.699643 0.512851 0.558085 0.787961 0.381792 0.750472 0.492534 0.654174 0.515700 0.665386 
0.591490 0.646179 0.509490 0.549548 0.534467 0.566587 0.654970 0.622474 0.583241 0.506829 
0.534728 0.419790 0.406796 0.430038 0.434097 0.485575 0.625353 0.257802 0.490026 0.416877 
0.432012 0.654572 0.428226 0.708239 0.327093 0.622364 0.631777 0.293356 0.531831 0.637340 
0.516593 0.652893 0.669019 0.554042 0.651181 0.457323 0.631499 0.575576 0.565418 0.614811 
0.638601 0.667909 0.335016 0.796557 0.516520 0.408763 0.582547 0.650884 0.462190 0.442031 
0.556728 0.456272 0.416284 0.594698 0.383320 0.462281 0.490598 0.527638 0.466295 0.519193 
0.369121 0.495053 0.766309 0.394611 0.611908 0.372136 0.374715 0.729554 0.415065 0.629905 
0.753657 0.677657 0.733809 0.701253 0.676555 0.641328 0.831775 0.610276 0.652398 0.686972 
0.591900 0.394591 0.638825 0.346435 0.483743 0.525058 0.384418 0.676338 0.392957 0.383275 
0.546087 0.553804 0.577242 0.650402 0.425609 0.672677 0.559006 0.600073 0.614822 0.645806 
0.502728 0.528333 0.384822 0.771358 0.545720 0.508882 0.629863 0.641425 0.450117 0.737805 
0.686990 0.711937 0.444973 0.653565 0.559244 0.651914 0.651118 0.553129 0.677872 0.346690 
0.278513 0.230660 0.253547 0.298974 0.279014 0.254613 0.248408 0.251613 0.308272 0.180438 
0.513991 0.427380 0.368493 0.615421 0.353819 0.363684 0.474233 0.617041 0.246226 0.410311 
0.386863 0.440192 0.351059 0.349256 0.473997 0.482562 0.422870 0.298527 0.300434 0.524146 
0.620538 0.480075 0.389884 0.445922 0.531416 0.645053 0.659509 0.467958 0.358328 0.526447 
0.604063 0.708911 0.564304 0.593834 0.626557 0.660712 0.596252 0.483997 0.640672 0.587975 
0.864990 0.334848 0.469293 0.849280 0.564533 0.487128 0.678509 0.539167 0.542381 0.513508 
0.673086 0.654376 0.689086 0.637909 0.622168 0.595372 0.677031 0.706614 0.564357 0.589557 
0.313797 0.240842 0.461039 0.232932 0.189109 0.387490 0.304940 0.149385 0.398312 0.399084 
0.534848 0.701584 0.705491 0.674212 0.587655 0.880405 0.666166 0.576953 0.656743 0.757969 
0.460022 0.626660 0.400679 0.635463 0.384517 0.588636 0.509375 0.277528 0.416818 0.697440 
0.568220 0.635242 0.868268 0.474384 0.611505 0.746443 0.610479 0.696389 0.691564 0.603783 
0.436153 0.557333 0.563077 0.440118 0.465471 0.586903 0.474815 0.464802 0.502673 0.609063 
0.518934 0.553610 0.434884 0.609127 0.492705 0.464722 0.475720 0.523518 0.655015 0.370600 
0.341029 0.802397 0.510519 0.600958 0.490170 0.579792 0.556401 0.579181 0.599206 0.591171 
0.565707 0.519790 0.699486 0.382823 0.596896 0.660871 0.452850 0.609711 0.727080 0.421057 
0.344646 0.440782 0.469163 0.343946 0.343653 0.387527 0.319512 0.387559 0.499895 0.290783 
0.441872 0.447161 0.335935 0.546630 0.429186 0.528706 0.318412 0.362669 0.524003 0.341836 
0.589762 0.669540 0.600112 0.623594 0.655697 0.655855 0.564429 0.605970 0.626573 0.589261 
0.651305 0.548432 0.398585 0.546690 0.483356 0.709228 0.535664 0.570340 0.623477 0.390112 
0.429951 0.491778 0.530864 0.493487 0.422944 0.404806 0.286795 0.565455 0.285540 0.507139 
0.626643 0.627958 0.460812 0.773613 0.436091 0.589763 0.538709 0.715023 0.324519 0.720674 
0.504168 0.290484 0.494685 0.531455 0.504447 0.250661 0.442525 0.583547 0.301219 0.473792 
0.488728 0.341166 0.640659 0.291342 0.488830 0.468412 0.420537 0.601524 0.388471 0.397899 
0.572985 0.500610 0.409267 0.760379 0.388904 0.664476 0.493179 0.769027 0.449892 0.700052 
0.339400 0.315769 0.299796 0.222151 0.464559 0.289174 0.323972 0.356283 0.254376 0.325584 
0.270741 0.509053 0.792432 0.320656 0.501999 0.534718 0.565845 0.358422 0.538993 0.594420 
0.736975 0.269481 0.467944 0.582875 0.465719 0.492505 0.493506 0.420540 0.639923 0.426175 
0.636857 0.514631 0.448964 0.496860 0.588041 0.477131 0.613361 0.517452 0.596307 0.471676 
0.739715 0.423063 0.489419 0.619317 0.541742 0.457513 0.380997 0.593731 0.579971 0.429898 
0.625269 0.484413 0.445853 0.491632 0.457237 0.533117 0.452367 0.402963 0.492209 0.446830 
0.329094 0.440645 0.443949 0.383652 0.452032 0.371795 0.532803 0.282596 0.461686 0.409876 
0.513491 0.309930 0.394259 0.262090 0.413539 0.433742 0.354503 0.349163 0.311155 0.336745 
0.581372 0.709157 0.557984 0.657080 0.745702 0.549273 0.634365 0.618321 0.617879 0.704633 
0.737662 0.732582 0.697508 0.812224 0.750077 0.571491 0.766459 0.715880 0.796933 0.543270 
0.290857 0.365028 0.383581 0.313070 0.295431 0.201113 0.512014 0.158908 0.363584 0.407170 
0.464184 0.314360 0.490100 0.392323 0.532627 0.378787 0.440833 0.440786 0.394779 0.389429 
0.209842 0.403850 0.487030 0.439594 0.341423 0.324510 0.575294 0.243972 0.418532 0.600116 
0.629788 0.330686 0.625939 0.332459 0.444497 0.506225 0.484429 0.423503 0.428338 0.382359 
0.644536 0.542816 0.648309 0.623011 0.547629 0.722182 0.526055 0.836004 0.507510 0.714002 
0.525713 0.389113 0.508024 0.376856 0.674824 0.390220 0.433997 0.466896 0.369508 0.335830 
0.573537 0.645929 0.502694 0.551813 0.692196 0.486946 0.618827 0.510451 0.804356 0.474235 
0.440771 0.632336 0.301451 0.461790 0.360617 0.576812 0.425850 0.377025 0.595322 0.291438 
0.611893 0.528320 0.722163 0.567825 0.634587 0.539411 0.492740 0.623085 0.675429 0.468479 
0.460304 0.448823 0.531181 0.454542 0.608008 0.381532 0.750505 0.389028 0.609858 0.441616 
0.247773 0.561358 0.496135 0.342120 0.406231 0.442157 0.391430 0.453958 0.445822 0.524101 
0.537102 0.509994 0.553808 0.637153 0.472895 0.587253 0.424674 0.558376 0.412969 0.688480 
0.429209 0.378101 0.421148 0.552692 0.296970 0.497448 0.405878 0.444084 0.327701 0.556476 
0.351567 0.668716 0.190283 0.725257 0.378675 0.494828 0.531412 0.405423 0.473103 0.471871 
0.286328 0.361932 0.310414 0.374438 0.324559 0.210061 0.388934 0.330915 0.377092 0.417200 
0.550350 0.727569 0.502975 0.608616 0.763976 0.673883 0.625962 0.644221 0.672661 0.684926 
0.617164 0.374185 0.714966 0.449098 0.588739 0.689490 0.599672 0.415680 0.637769 0.558024 
0.641681 0.593075 0.618187 0.557953 0.868646 0.411769 0.619092 0.626497 0.641520 0.633886 
0.695438 0.457585 0.685140 0.419757 0.577707 0.497716 0.583646 0.663142 0.642650 0.303326 
0.528423 0.623095 0.443135 0.658142 0.607111 0.459001 0.605435 0.663611 0.563651 0.638820 
0.793197 0.411269 0.510877 0.606532 0.552213 0.380689 0.705742 0.570535 0.400906 0.482158 
0.571065 0.574260 0.685555 0.418477 0.626306 0.685968 0.360867 0.644343 0.565693 0.532985 
0.323802 0.549830 0.619041 0.316166 0.589879 0.323724 0.392175 0.643121 0.453309 0.467621 
0.691991 0.420835 0.500527 0.615952 0.556281 0.541117 0.497442 0.565410 0.622246 0.445415 
0.751282 0.244468 0.440706 0.480737 0.497978 0.491178 0.494286 0.416040 0.565221 0.250192 
0.567304 0.329924 0.382413 0.542651 0.267612 0.472669 0.499178 0.450251 0.316050 0.440663 
0.549323 0.503165 0.391341 0.580799 0.495655 0.561413 0.301921 0.679458 0.414815 0.511470 
0.449827 0.532556 0.355861 0.594465 0.413432 0.679912 0.572563 0.562375 0.510496 0.601174 
0.680117 0.650564 0.552355 0.584464 0.351382 0.543411 0.710567 0.352370 0.627156 0.496005 
0.487441 0.418777 0.372477 0.426941 0.458465 0.268373 0.573698 0.214700 0.542727 0.302840 
0.656597 0.321155 0.475065 0.498592 0.536004 0.474925 0.386828 0.625688 0.441095 0.474894 
0.461203 0.317771 0.383923 0.286969 0.515796 0.314095 0.347982 0.328556 0.502648 0.272267 
0.777277 0.326211 0.651651 0.539546 0.606167 0.487955 0.602761 0.467693 0.528755 0.479645 
0.448677 0.308129 0.657026 0.299152 0.407010 0.229591 0.576357 0.416913 0.452260 0.436210 
0.485311 0.332543 0.589799 0.396839 0.394005 0.484583 0.457042 0.419074 0.347422 0.523065 
0.498621 0.346135 0.533918 0.458534 0.394053 0.428128 0.588658 0.390669 0.391195 0.354405 
0.350005 0.532472 0.576726 0.620967 0.378164 0.514781 0.602449 0.432218 0.493821 0.537507 
0.760613 0.260052 0.599880 0.601374 0.337549 0.529869 0.558900 0.738222 0.502997 0.382983 
0.446523 0.551240 0.560690 0.250724 0.540807 0.655136 0.364446 0.591130 0.295699 0.655204 
0.589294 0.470782 0.329339 0.694878 0.195014 0.679739 0.441955 0.453918 0.224753 0.570817 
0.431599 0.601646 0.263283 0.733617 0.434897 0.383407 0.609610 0.404020 0.479946 0.559464 
0.563390 0.534558 0.414351 0.539696 0.336439 0.677329 0.583784 0.408774 0.504843 0.574319 
0.467424 0.642133 0.497143 0.623536 0.688742 0.604452 0.489749 0.685008 0.604841 0.701119 
0.424851 0.716661 0.469271 0.716264 0.403938 0.574083 0.637942 0.485961 0.598526 0.635900 
0.759358 0.713148 0.743622 0.727899 0.787018 0.724920 0.692453 0.771091 0.619670 0.836262 
0.464243 0.536031 0.411267 0.533268 0.538270 0.488117 0.540592 0.351584 0.542589 0.559716 
0.686866 0.641949 0.451746 0.701504 0.670036 0.570444 0.510561 0.719893 0.455860 0.580520 
0.746718 0.695516 0.600220 0.604855 0.681126 0.646788 0.689320 0.712500 0.743581 0.511378 
0.490991 0.518237 0.701438 0.463342 0.602829 0.508482 0.607546 0.300450 0.634398 0.506183 
0.398884 0.656819 0.336119 0.313846 0.431725 0.585841 0.295596 0.387212 0.665513 0.301698 
0.329876 0.455255 0.543365 0.655888 0.397108 0.290948 0.526578 0.591410 0.520913 0.525748 
0.487193 0.482625 0.489345 0.308434 0.476069 0.553702 0.128182 0.661126 0.203257 0.375008 
0.669378 0.502214 0.524282 0.569477 0.429808 0.608026 0.480772 0.595326 0.472429 0.384131 
0.316586 0.439963 0.308175 0.305826 0.413947 0.266914 0.506358 0.381063 0.242707 0.366410 
0.538526 0.606110 0.730275 0.640995 0.562160 0.722588 0.552431 0.634280 0.647293 0.788721 
0.501870 0.517933 0.321310 0.436413 0.458784 0.518372 0.367974 0.400710 0.686278 0.319495 
0.446717 0.532087 0.379372 0.490962 0.619688 0.117016 0.514586 0.419881 0.383965 0.446118 
0.634040 0.743553 0.594502 0.658632 0.513307 0.676965 0.599167 0.532959 0.671348 0.540848 
0.408465 0.526780 0.536108 0.290880 0.668553 0.379660 0.439420 0.578549 0.381051 0.387109 
0.147896 0.558247 0.580753 0.352581 0.406979 0.511813 0.397894 0.368523 0.548906 0.487648 
0.640189 0.621817 0.510495 0.696744 0.592841 0.647830 0.642368 0.477872 0.715920 0.534700 
0.428855 0.593184 0.451438 0.549348 0.532476 0.297494 0.438074 0.640107 0.532345 0.420088 
0.479696 0.538301 0.436731 0.469845 0.465754 0.413894 0.494875 0.625070 0.458524 0.621705 
0.322606 0.636847 0.619547 0.657908 0.500886 0.537166 0.587076 0.646668 0.610155 0.583936 
0.527026 0.570929 0.479390 0.652337 0.408009 0.652340 0.618268 0.384501 0.570920 0.493079 
0.383592 0.322361 0.455362 0.327054 0.613559 0.241184 0.442354 0.357573 0.524651 0.374811 
0.659764 0.491161 0.548237 0.466781 0.499926 0.518479 0.513682 0.797176 0.331678 0.479573 
0.516556 0.449717 0.422943 0.678534 0.413853 0.353122 0.516192 0.580203 0.586495 0.530208 
0.273066 0.506396 0.206680 0.498948 0.305325 0.377569 0.415990 0.414829 0.395579 0.485544 
0.597232 0.576601 0.663315 0.714515 0.620839 0.426132 0.654562 0.600377 0.705922 0.520481 
0.461568 0.473517 0.653355 0.691109 0.546301 0.506281 0.448624 0.544816 0.527162 0.642875 
0.366309 0.727129 0.623539 0.432210 0.425550 0.637749 0.619900 0.566348 0.547668 0.546568 
0.464742 0.486723 0.288117 0.380053 0.552388 0.307003 0.414953 0.413680 0.468168 0.394634 
0.492847 0.432270 0.327648 0.365544 0.534531 0.263336 0.407892 0.407220 0.294037 0.460690 
0.288607 0.765219 0.334938 0.411112 0.880186 0.293178 0.630671 0.436045 0.558288 0.526523 
0.490316 0.562248 0.603905 0.678939 0.506728 0.566984 0.518618 0.423708 0.609149 0.531661 
0.247057 0.454233 0.429332 0.287095 0.423113 0.511226 0.347813 0.425763 0.322788 0.570972 
0.613553 0.299341 0.581184 0.655244 0.486459 0.405774 0.525131 0.353814 0.540085 0.537929 
0.346619 0.409476 0.504388 0.521271 0.335617 0.403136 0.673496 0.367497 0.495443 0.567863 
0.374112 0.386616 0.365661 0.370103 0.443206 0.294274 0.565075 0.270468 0.386454 0.407950 
0.601789 0.321019 0.599940 0.516050 0.456652 0.498145 0.542334 0.587963 0.502067 0.559672 
0.672662 0.464422 0.284742 0.259962 0.584683 0.458918 0.509305 0.363365 0.373080 0.324779 
0.489753 0.325083 0.392566 0.253031 0.529818 0.461746 0.416036 0.303267 0.626485 0.326979 
0.496412 0.463372 0.500451 0.408869 0.376534 0.555150 0.413080 0.492725 0.364079 0.431440 
0.551040 0.678517 0.541783 0.629512 0.619385 0.608454 0.489526 0.611266 0.667080 0.585504 
0.454964 0.205900 0.697418 0.259028 0.704399 0.312290 0.278708 0.445920 0.551912 0.561277 
0.505438 0.655352 0.307713 0.580941 0.492582 0.615869 0.489358 0.532922 0.492962 0.528455 
0.521714 0.528838 0.639672 0.472817 0.713395 0.564108 0.624232 0.518306 0.498578 0.611639 
0.356919 0.583651 0.363492 0.303273 0.420377 0.452148 0.412529 0.411765 0.443198 0.238073 
0.746306 0.804967 0.686895 0.674317 0.723041 0.691592 0.809053 0.675474 0.635278 0.720373 
0.611567 0.782309 0.652538 0.732212 0.677119 0.709936 0.612316 0.670312 0.795102 0.786379 
0.656009 0.493179 0.640294 0.631908 0.409885 0.729032 0.596617 0.782172 0.491131 0.481500 
0.274753 0.332106 0.446972 0.328600 0.405676 0.453527 0.263765 0.379104 0.301425 0.503757 
0.641009 0.569940 0.613109 0.662585 0.493546 0.657179 0.523322 0.669448 0.583626 0.550312 
0.272593 0.610067 0.483584 0.285662 0.619690 0.524983 0.585753 0.361954 0.444544 0.550357 
0.466119 0.334099 0.433149 0.540705 0.424938 0.545161 0.376394 0.371973 0.463006 0.474727 
0.485530 0.449088 0.371424 0.374884 0.620520 0.298360 0.416102 0.633979 0.254817 0.538332 
0.432626 0.341000 0.380995 0.611759 0.488440 0.354887 0.600427 0.379753 0.353363 0.564101 
0.553866 0.448904 0.519720 0.223558 0.726412 0.523284 0.355098 0.517719 0.721188 0.457653 
0.401009 0.643005 0.608946 0.401505 0.519506 0.460576 0.586463 0.452270 0.538299 0.545403 
0.657086 0.525492 0.581575 0.515961 0.660402 0.562088 0.629686 0.488692 0.474626 0.582259 
0.438338 0.661014 0.621301 0.372102 0.843111 0.426995 0.459937 0.634991 0.555928 0.636785 
0.571884 0.472918 0.703549 0.387899 0.457539 0.416753 0.526346 0.403742 0.574048 0.337559 
0.485129 0.627747 0.628031 0.236755 0.471363 0.629063 0.311090 0.514886 0.363398 0.555674 
0.482635 0.586416 0.457453 0.793982 0.286274 0.554053 0.586384 0.590538 0.422142 0.679745 
0.511334 0.608021 0.617498 0.553899 0.565510 0.615525 0.640152 0.392135 0.578421 0.688380 
0.630449 0.568486 0.575620 0.454222 0.637768 0.615129 0.396966 0.861046 0.419145 0.527007 
0.374933 0.440185 0.318372 0.507260 0.324977 0.525719 0.473179 0.581348 0.317612 0.600738 
0.364835 0.340173 0.333064 0.480587 0.279483 0.455840 0.207671 0.500254 0.395863 0.284411 
0.628091 0.413793 0.407513 0.671392 0.319286 0.482668 0.619757 0.414682 0.477991 0.363608 
0.552569 0.733926 0.634996 0.501578 0.588728 0.559690 0.712140 0.661747 0.594335 0.607401 
0.468255 0.256792 0.552118 0.664848 0.314867 0.428840 0.523961 0.553991 0.434278 0.430463 
0.573187 0.514371 0.625158 0.582308 0.473265 0.829530 0.347358 0.660073 0.560638 0.599043 
0.595539 0.367301 0.472702 0.555942 0.389984 0.645704 0.633307 0.261403 0.756245 0.350716 
0.457053 0.486492 0.421401 0.789232 0.200335 0.427106 0.659836 0.451548 0.630101 0.539032 
0.539928 0.366051 0.473080 0.277504 0.509414 0.344262 0.326145 0.458975 0.608149 0.154854 
0.611545 0.388402 0.608993 0.417199 0.540257 0.522957 0.599709 0.375952 0.529953 0.646364 
0.445217 0.617414 0.427743 0.607729 0.487668 0.466152 0.393299 0.608022 0.499768 0.531995 
0.380427 0.435034 0.423265 0.351542 0.409300 0.314569 0.469363 0.308336 0.420987 0.385906 
0.627778 0.524894 0.613920 0.687461 0.573361 0.675966 0.363011 0.636821 0.701787 0.463953 
0.161043 0.634557 0.332117 0.345604 0.608965 0.290874 0.519881 0.461531 0.518546 0.608425 
0.239070 0.317717 0.381757 0.097119 0.473817 0.264557 0.251898 0.365804 0.315706 0.353401 
0.662842 0.447529 0.730035 0.484519 0.552056 0.687812 0.586472 0.540724 0.563949 0.665442 
0.612702 0.791546 0.650199 0.592192 0.707006 0.817425 0.643108 0.528998 0.749902 0.646342 
0.455001 0.322934 0.516452 0.310955 0.432672 0.289119 0.467636 0.539905 0.289346 0.517283 
0.431245 0.616634 0.610611 0.531035 0.745611 0.498536 0.595034 0.629523 0.574425 0.696891 
0.605433 0.397526 0.518058 0.530896 0.756225 0.581083 0.345793 0.688869 0.355176 0.556672 
0.519754 0.289957 0.428892 0.348346 0.455087 0.355169 0.409291 0.148759 0.435107 0.436924 
0.721519 0.387989 0.574952 0.480681 0.508247 0.440218 0.426628 0.751645 0.563975 0.443865 
0.500594 0.449971 0.305176 0.607693 0.328092 0.495981 0.420988 0.501878 0.360503 0.506969 
0.376955 0.360246 0.441282 0.473274 0.272953 0.602371 0.414667 0.342525 0.460269 0.539022 
0.648820 0.490693 0.618062 0.490724 0.522463 0.571169 0.678307 0.608853 0.417979 0.558900 
0.496677 0.546836 0.454034 0.476208 0.625157 0.619638 0.456621 0.549263 0.704767 0.536984 
0.673918 0.540507 0.433464 0.562641 0.599883 0.472917 0.588617 0.521116 0.351373 0.588440 
0.463274 0.491872 0.384601 0.340105 0.491554 0.508471 0.307043 0.503685 0.434693 0.507206 
0.501090 0.411245 0.564089 0.527393 0.349748 0.582723 0.526268 0.565037 0.466639 0.596254 
0.748478 0.530697 0.706564 0.703150 0.434930 0.644163 0.646045 0.719083 0.520980 0.616192 
0.660875 0.360327 0.535381 0.614867 0.408820 0.252046 0.569601 0.476061 0.471751 0.307143 
0.378034 0.588119 0.540030 0.397632 0.791552 0.477656 0.322950 0.453501 0.607679 0.573833 
0.610944 0.383595 0.516779 0.535570 0.446961 0.407949 0.539005 0.449230 0.493318 0.451420 
0.592217 0.425901 0.480857 0.555610 0.346811 0.521962 0.631329 0.336995 0.489509 0.491382 
0.293898 0.495745 0.218648 0.410413 0.385619 0.282917 0.493932 0.351722 0.349928 0.344033 
0.687548 0.472684 0.407800 0.562729 0.281824 0.720433 0.486429 0.412286 0.454818 0.378143 
0.326647 0.355019 0.393696 0.371744 0.307674 0.252756 0.386381 0.439356 0.266305 0.326120 
0.825821 0.583298 0.685730 0.508082 0.694194 0.521282 0.762214 0.678841 0.772697 0.406520 
0.377466 0.346516 0.429450 0.417198 0.305790 0.525329 0.362075 0.515000 0.343781 0.479689 
0.641279 0.365578 0.616258 0.576226 0.490397 0.461786 0.510975 0.544184 0.473269 0.564369 
0.361329 0.600852 0.423336 0.655037 0.510944 0.445727 0.581201 0.632450 0.564116 0.620811 
0.660685 0.464290 0.577008 0.607091 0.606874 0.549241 0.567876 0.673974 0.619364 0.524813 
0.458949 0.275845 0.501615 0.672308 0.340780 0.560445 0.422073 0.398309 0.493147 0.507819 
0.573353 0.453538 0.509259 0.694548 0.431860 0.613718 0.382160 0.606052 0.653271 0.509681 
0.522358 0.450082 0.744722 0.515545 0.629270 0.512054 0.653031 0.576734 0.460306 0.562934 
0.669718 0.573884 0.392097 0.728407 0.507315 0.577770 0.491253 0.430605 0.679063 0.449093 
0.275218 0.607931 0.406702 0.609230 0.414860 0.567099 0.569692 0.551730 0.244037 0.639044 
0.409582 0.361542 0.508646 0.559708 0.274648 0.566066 0.348700 0.525632 0.438981 0.532245 
0.508241 0.482003 0.365306 0.577023 0.504375 0.501880 0.415993 0.612667 0.528316 0.423615 
0.434459 0.476138 0.429091 0.500172 0.557841 0.442289 0.387941 0.578008 0.262009 0.505299 
0.607276 0.469224 0.373221 0.317801 0.605893 0.409972 0.542131 0.461016 0.348364 0.500611 
0.497326 0.319065 0.900549 0.469112 0.408712 0.465977 0.456479 0.581625 0.522985 0.543754 
0.540417 0.613903 0.508861 0.356941 0.582117 0.440469 0.631426 0.359065 0.513449 0.371025 
0.537160 0.608976 0.620469 0.585245 0.767825 0.694206 0.580468 0.532587 0.876779 0.601356 
0.402094 0.619765 0.260122 0.450252 0.499725 0.476285 0.461157 0.365838 0.366837 0.467775 
0.443541 0.488047 0.378856 0.340335 0.315604 0.513585 0.338994 0.405527 0.448918 0.366162 
0.648566 0.575417 0.517366 0.549289 0.654112 0.666659 0.410385 0.533519 0.719516 0.429876 
0.305187 0.458665 0.291912 0.705418 0.448681 0.365329 0.511091 0.461317 0.487719 0.591645 
0.610419 0.323422 0.331179 0.344582 0.601755 0.332231 0.268957 0.579250 0.359161 0.255553 
0.647861 0.660581 0.613819 0.690600 0.519238 0.794031 0.732692 0.584130 0.560285 0.809507 
0.683490 0.609197 0.496258 0.541879 0.461286 0.750869 0.637437 0.428213 0.471035 0.531851 
0.666347 0.493025 0.470816 0.668568 0.501987 0.777188 0.458664 0.646681 0.515824 0.564658 
0.482274 0.450686 0.721062 0.154944 0.601006 0.444867 0.652753 0.556468 0.302920 0.460357 
0.511459 0.264594 0.396440 0.278060 0.399137 0.320712 0.380824 0.352157 0.427784 0.260271 
0.631191 0.563590 0.619069 0.632800 0.464147 0.686688 0.593586 0.593188 0.578852 0.634986 
0.614512 0.506596 0.450765 0.549336 0.551190 0.444064 0.499469 0.465134 0.517362 0.380606 
0.371871 0.383384 0.452027 0.306094 0.419219 0.342942 0.429930 0.321546 0.430397 0.521533 
0.555178 0.578670 0.539233 0.570248 0.755263 0.440175 0.719832 0.435755 0.624451 0.647675 
0.622803 0.383017 0.682476 0.738508 0.515961 0.580011 0.768930 0.457330 0.533070 0.716837 
0.404910 0.521568 0.162652 0.650503 0.494023 0.455099 0.291566 0.455459 0.459124 0.400441 
0.565506 0.659434 0.609715 0.695170 0.685260 0.546690 0.772345 0.520919 0.626594 0.685108 
0.348141 0.271692 0.263678 0.313282 0.262196 0.364681 0.307906 0.362632 0.254150 0.214968 
0.155093 0.731834 0.128452 0.656175 0.430228 0.271165 0.440322 0.461098 0.414481 0.423208 
0.415430 0.584426 0.449177 0.377156 0.565498 0.526728 0.540055 0.589432 0.391785 0.638594 
0.683418 0.652434 0.528614 0.603844 0.593674 0.707699 0.515712 0.606497 0.669338 0.380578 
0.515880 0.459575 0.407830 0.483398 0.446257 0.522919 0.547830 0.448211 0.448290 0.424476 
0.526887 0.697354 0.516008 0.522630 0.581121 0.759837 0.594323 0.436133 0.654072 0.605476 
0.249729 0.308721 0.417764 0.335691 0.421842 0.476413 0.264513 0.371747 0.493146 0.431597 
0.305527 0.545381 0.431050 0.453924 0.519865 0.551517 0.424101 0.296295 0.461764 0.525703 
0.469755 0.424015 0.336627 0.393456 0.454690 0.365582 0.466287 0.309093 0.492703 0.216332 
0.539975 0.583351 0.667616 0.682432 0.566432 0.640991 0.463277 0.603656 0.700074 0.563609 
0.290815 0.455413 0.655533 0.209237 0.745795 0.372811 0.357538 0.501524 0.386542 0.475931 
0.522977 0.524501 0.701051 0.414914 0.606176 0.671138 0.429579 0.607616 0.479709 0.719903 
0.273202 0.750069 0.450512 0.362046 0.520184 0.647859 0.512841 0.287938 0.660432 0.491597 
0.630556 0.539833 0.564056 0.544259 0.432549 0.686178 0.498418 0.501598 0.429876 0.584350 
0.249714 0.406502 0.590642 0.330655 0.362568 0.410938 0.566820 0.317658 0.344583 0.710395 
0.500328 0.675700 0.676135 0.645474 0.496576 0.487977 0.679529 0.526144 0.761614 0.424270 
0.563922 0.364198 0.375352 0.563716 0.405568 0.477897 0.432043 0.354274 0.637463 0.333861 
0.578336 0.506071 0.438526 0.595832 0.636566 0.456502 0.486640 0.444892 0.404218 0.497603 
0.572643 0.628609 0.831063 0.621077 0.675956 0.727419 0.481502 0.855761 0.663154 0.735829 
0.475133 0.543035 0.570628 0.677108 0.565413 0.417529 0.687662 0.500957 0.406649 0.814620 
0.377386 0.501816 0.355221 0.453695 0.217572 0.419923 0.530365 0.260377 0.470077 0.333255 
0.435868 0.546080 0.560081 0.504199 0.477781 0.400388 0.439264 0.658094 0.342324 0.598046 
0.400194 0.383511 0.474331 0.544572 0.347522 0.622648 0.206055 0.454402 0.575183 0.431278 
0.621347 0.386094 0.613409 0.525494 0.410002 0.574268 0.461840 0.448102 0.549547 0.485811 
0.586766 0.358439 0.441051 0.539150 0.360289 0.495784 0.362062 0.556099 0.435822 0.468744 
0.516625 0.342309 0.617311 0.379283 0.453072 0.289059 0.658730 0.323474 0.393359 0.452022 
0.385637 0.564737 0.306814 0.641078 0.539098 0.446032 0.538615 0.492462 0.453556 0.516237 
0.398939 0.589998 0.374880 0.407877 0.294978 0.489526 0.505816 0.284710 0.325778 0.519039 
0.614592 0.670222 0.592942 0.594704 0.630204 0.675757 0.708576 0.724695 0.524053 0.716149 
0.546567 0.320533 0.517696 0.430167 0.521897 0.572341 0.466285 0.422937 0.581034 0.310748 
0.394219 0.547558 0.579464 0.668058 0.474781 0.672475 0.445327 0.584993 0.428462 0.749454 
0.664975 0.513975 0.372482 0.701275 0.492271 0.469376 0.544718 0.638461 0.567380 0.486520 
0.462861 0.431338 0.532583 0.499801 0.805929 0.322945 0.734323 0.491911 0.518948 0.659646 
0.493351 0.520888 0.456792 0.428453 0.598396 0.315637 0.430106 0.586146 0.410843 0.460044 
0.485631 0.570536 0.352726 0.627043 0.412738 0.700329 0.271716 0.615829 0.465610 0.715859 
0.663634 0.540467 0.583993 0.460709 0.755698 0.490156 0.681619 0.421063 0.721580 0.511582 
0.579226 0.500931 0.618986 0.479501 0.554351 0.367193 0.541225 0.461473 0.568136 0.337946 
0.374184 0.548244 0.584029 0.502231 0.487867 0.450121 0.666673 0.409692 0.610027 0.642784 
0.658105 0.614880 0.642683 0.412716 0.693590 0.578835 0.724234 0.493230 0.671678 0.587020 
0.787061 0.537765 0.722654 0.705767 0.628589 0.617980 0.725849 0.678049 0.743852 0.521819 
0.662361 0.854985 0.623642 0.803534 0.714325 0.697622 0.717440 0.819966 0.720783 0.708685 
0.565665 0.593479 0.384622 0.661026 0.459525 0.611891 0.368865 0.717647 0.350369 0.404528 
0.633059 0.276390 0.577436 0.478039 0.481934 0.319035 0.536706 0.423560 0.398817 0.416481 
0.444451 0.490642 0.457088 0.625543 0.289581 0.592537 0.496758 0.585803 0.388250 0.465187 
0.743006 0.215844 0.562329 0.675497 0.509321 0.560809 0.416053 0.599778 0.435759 0.308879 
0.585304 0.511513 0.437683 0.767574 0.502505 0.535262 0.690058 0.466210 0.622046 0.626292 
0.464356 0.493256 0.514027 0.522199 0.618794 0.452890 0.465615 0.557832 0.437929 0.490714 
0.396893 0.437240 0.416591 0.402091 0.375374 0.369463 0.381460 0.437052 0.388613 0.476999 
0.613858 0.646124 0.531379 0.518403 0.606576 0.526020 0.551476 0.556966 0.722363 0.561374 
0.681553 0.371833 0.574003 0.594415 0.522135 0.461977 0.545938 0.669317 0.612049 0.314538 
0.336280 0.403242 0.379464 0.556686 0.466963 0.354080 0.427179 0.448310 0.616365 0.389475 
0.658021 0.642813 0.376203 0.678291 0.474530 0.643797 0.532436 0.512197 0.359559 0.603978 
0.349996 0.500498 0.355162 0.429438 0.577801 0.344201 0.330504 0.606623 0.244014 0.539529 
0.439509 0.633059 0.525693 0.453604 0.646808 0.582791 0.542532 0.500497 0.483574 0.489722 
0.462936 0.260092 0.383659 0.332548 0.268078 0.450498 0.405691 0.344261 0.420315 0.278832 
0.266550 0.542843 0.243054 0.402592 0.408849 0.239569 0.406068 0.327681 0.357288 0.397305 
0.672072 0.647466 0.633886 0.667603 0.514676 0.743643 0.449627 0.732560 0.592432 0.549054 
0.499027 0.573641 0.391449 0.420786 0.878608 0.159678 0.703957 0.628635 0.461947 0.424591 
0.538587 0.647741 0.338112 0.651275 0.613115 0.453915 0.370453 0.708629 0.515808 0.437005 
0.542233 0.431062 0.569134 0.333880 0.586151 0.620375 0.604775 0.620451 0.339180 0.612949 
0.467770 0.267919 0.460180 0.369441 0.347250 0.307148 0.445725 0.425509 0.310664 0.406944 
0.649517 0.346757 0.539437 0.718174 0.328597 0.470227 0.645652 0.259160 0.588559 0.532373 
0.382047 0.620130 0.333773 0.457809 0.347821 0.482175 0.491219 0.332350 0.331654 0.542842 
0.412029 0.385831 0.284340 0.388599 0.296977 0.340909 0.408432 0.305613 0.389525 0.249275 
0.573287 0.376484 0.517855 0.446452 0.533112 0.396719 0.413592 0.531299 0.479644 0.275106 
0.384906 0.421288 0.553576 0.597744 0.444771 0.321105 0.455527 0.594346 0.344784 0.553095 
0.506504 0.470527 0.642269 0.596753 0.403821 0.658521 0.486437 0.610321 0.393811 0.664756 
0.647267 0.501598 0.414540 0.364665 0.709119 0.360386 0.366323 0.776073 0.249684 0.407099 
0.724885 0.643960 0.618559 0.703091 0.741872 0.638737 0.698162 0.719399 0.645171 0.660963 
0.437743 0.325088 0.554634 0.462740 0.374934 0.440609 0.518578 0.608217 0.349479 0.600394 
0.638334 0.391706 0.698904 0.520433 0.494532 0.523995 0.621395 0.466098 0.479315 0.530835 
0.499493 0.517174 0.645604 0.692891 0.632981 0.531205 0.543326 0.478136 0.524710 0.556647 
0.411852 0.415102 0.484653 0.326718 0.553643 0.465491 0.310489 0.559212 0.240506 0.571304 
0.457164 0.497917 0.419758 0.377158 0.626848 0.259913 0.389615 0.477781 0.325138 0.371454 
0.383296 0.431407 0.735471 0.326588 0.556379 0.454124 0.339252 0.651064 0.475388 0.418435 
0.521015 0.456363 0.474373 0.378162 0.454870 0.413966 0.479526 0.345892 0.438727 0.250603 
0.577357 0.563056 0.467183 0.729983 0.360044 0.615995 0.477296 0.404856 0.571182 0.665083 
0.308565 0.539817 0.243373 0.475389 0.480381 0.249732 0.537417 0.309258 0.354134 0.524138 
0.354251 0.682705 0.556064 0.542246 0.742120 0.435884 0.693330 0.658360 0.544307 0.476076 
0.242203 0.624756 0.401317 0.375452 0.512943 0.323112 0.558055 0.306002 0.487335 0.593217 
0.575697 0.324178 0.437982 0.411196 0.420150 0.492324 0.463871 0.322069 0.591425 0.358158 
0.656653 0.507223 0.570448 0.348159 0.701614 0.389409 0.648242 0.595478 0.385018 0.626825 
0.799048 0.591534 0.393613 0.570673 0.538006 0.738958 0.572204 0.471607 0.665511 0.518266 
0.195716 0.522008 0.342014 0.252199 0.407401 0.453379 0.283580 0.353806 0.379076 0.478895 
0.610040 0.467079 0.693314 0.433503 0.664433 0.475002 0.534192 0.708876 0.607656 0.577401 
0.464531 0.506848 0.706752 0.186714 0.736224 0.221060 0.588902 0.576645 0.647768 0.424629 
0.396954 0.381885 0.312219 0.387594 0.335549 0.350192 0.413515 0.283666 0.486809 0.241597 
0.407158 0.459085 0.494070 0.521860 0.366610 0.441049 0.572797 0.585422 0.452365 0.466256 
0.329568 0.384705 0.318784 0.478496 0.399447 0.430162 0.211096 0.397296 0.332069 0.359482 
0.739304 0.657964 0.660146 0.678639 0.407152 0.810657 0.620242 0.725868 0.609025 0.512925 
0.307126 0.539521 0.238965 0.400107 0.191245 0.547593 0.338713 0.294888 0.475959 0.186685 
0.636100 0.413082 0.457099 0.533396 0.589752 0.259026 0.540721 0.517376 0.643332 0.343095 
0.612444 0.322298 0.488763 0.763123 0.352141 0.546605 0.581978 0.692629 0.274884 0.653166 
0.720703 0.854359 0.725667 0.763574 0.765971 0.691635 0.783197 0.851562 0.647887 0.793964 
0.604749 0.596472 0.370732 0.735742 0.455770 0.648273 0.478862 0.621690 0.412996 0.667135 
0.265930 0.504814 0.623661 0.438279 0.656088 0.338715 0.542942 0.590898 0.509883 0.784545 
0.562099 0.636205 0.315130 0.599216 0.345280 0.422244 0.619206 0.601242 0.401410 0.359012 
0.470209 0.704462 0.315133 0.701184 0.420480 0.440500 0.662880 0.465078 0.572084 0.446367 
0.422903 0.540210 0.428964 0.354998 0.550609 0.483124 0.480578 0.546717 0.448137 0.522406 
0.574869 0.488830 0.579164 0.646817 0.473734 0.691014 0.493983 0.266207 0.759116 0.469655 
0.375493 0.640555 0.466688 0.545337 0.316832 0.676591 0.441360 0.691791 0.547174 0.519886 
0.393817 0.606692 0.345704 0.420912 0.576243 0.312608 0.658695 0.391086 0.380681 0.452160 
0.542953 0.678936 0.596960 0.657298 0.549571 0.638570 0.804067 0.561905 0.529065 0.602063 
0.418006 0.359264 0.581614 0.395773 0.423769 0.347158 0.440969 0.466779 0.441801 0.414228 
0.389183 0.533958 0.727227 0.678226 0.346158 0.672466 0.510427 0.600712 0.442702 0.775277 
0.508427 0.550541 0.526926 0.553202 0.291112 0.699863 0.551310 0.450485 0.519210 0.522974 
0.471796 0.558007 0.495541 0.647054 0.490656 0.533193 0.602878 0.365769 0.762481 0.428222 
0.456252 0.541688 0.449684 0.488906 0.353561 0.406207 0.503175 0.478304 0.361021 0.504742 
0.301424 0.479700 0.407615 0.340048 0.352746 0.347176 0.357190 0.441447 0.262333 0.343845 
0.302900 0.716191 0.412020 0.546546 0.545352 0.321126 0.609846 0.751264 0.316207 0.672063 
0.532556 0.595259 0.466003 0.473765 0.636428 0.669699 0.397348 0.536296 0.555341 0.643956 
0.813775 0.532784 0.605822 0.581315 0.501366 0.766707 0.522056 0.555800 0.511382 0.555892 
0.537561 0.761852 0.313759 0.693811 0.643278 0.466576 0.637631 0.525121 0.487349 0.677245 
0.372944 0.362758 0.426322 0.405488 0.326425 0.359633 0.340225 0.443075 0.279463 0.456540 
0.529591 0.435550 0.574194 0.443556 0.441942 0.408461 0.526198 0.682149 0.274618 0.468319 
0.462361 0.388811 0.447161 0.474601 0.433703 0.290030 0.657274 0.292687 0.527719 0.369867 
0.311601 0.529728 0.457783 0.644727 0.208720 0.638914 0.350282 0.781041 0.206872 0.679104 
0.381612 0.617907 0.679149 0.295003 0.620469 0.554441 0.626316 0.430471 0.620778 0.600476 
0.486891 0.473270 0.451550 0.265632 0.450290 0.343826 0.321902 0.417541 0.446386 0.286833 
0.355426 0.406651 0.268675 0.357301 0.317481 0.416545 0.293541 0.341157 0.298750 0.329385 
0.513852 0.372735 0.476294 0.461660 0.486522 0.374924 0.373029 0.490519 0.271823 0.446128 
0.435081 0.355403 0.500910 0.177366 0.518291 0.211740 0.443866 0.364851 0.341489 0.288972 
0.533411 0.632026 0.529758 0.440878 0.619685 0.539268 0.578586 0.528988 0.668815 0.616941 
0.301933 0.378671 0.379741 0.284933 0.285728 0.320161 0.357843 0.337439 0.367915 0.291965 
0.582687 0.485764 0.593562 0.665110 0.670237 0.491745 0.598616 0.646505 0.557936 0.683994 
0.455251 0.510247 0.309703 0.466499 0.457938 0.388355 0.310028 0.317501 0.608766 0.372554 
0.571220 0.382661 0.507152 0.524957 0.550924 0.634266 0.381546 0.611880 0.432968 0.643201 
0.317147 0.334366 0.477494 0.412930 0.314841 0.366034 0.383403 0.390208 0.408605 0.379427 
0.411294 0.509365 0.459769 0.296377 0.359176 0.366834 0.523176 0.426297 0.411719 0.301297 
0.595955 0.452665 0.560374 0.481295 0.610653 0.500863 0.454162 0.646631 0.416059 0.553488 
0.413802 0.509653 0.436058 0.192355 0.461794 0.462916 0.408158 0.412378 0.361219 0.371823 
0.638400 0.461777 0.492472 0.488782 0.505460 0.700254 0.375891 0.634629 0.612772 0.444085 
0.674495 0.660133 0.587017 0.640260 0.662225 0.509941 0.742245 0.608639 0.629828 0.502714 
0.606735 0.674180 0.525039 0.542108 0.512969 0.521787 0.593285 0.563555 0.456949 0.652844 
0.370790 0.353705 0.560776 0.335802 0.623908 0.508713 0.347591 0.692914 0.341539 0.709965 
0.335311 0.422002 0.375155 0.414021 0.424246 0.238126 0.470105 0.432449 0.335097 0.334573 
0.556989 0.497163 0.585145 0.603058 0.486023 0.667996 0.611191 0.433759 0.423622 0.743185 
0.342961 0.521194 0.450732 0.433405 0.477778 0.509189 0.282416 0.715758 0.347351 0.434569 
0.355255 0.634867 0.396572 0.656186 0.544232 0.339949 0.446313 0.522995 0.467243 0.604416 
0.393187 0.395892 0.346549 0.554230 0.399781 0.440013 0.467291 0.382968 0.441203 0.313937 
0.380367 0.419598 0.431854 0.187385 0.508585 0.419843 0.358834 0.541884 0.300774 0.586858 
0.575654 0.362449 0.521513 0.558230 0.327280 0.442662 0.696107 0.400738 0.431525 0.487281 
0.210631 0.581551 0.441805 0.482503 0.360823 0.408407 0.601285 0.384506 0.449935 0.487431 
0.398135 0.551430 0.634162 0.468513 0.550451 0.424470 0.668415 0.476106 0.584170 0.637713 
0.452770 0.400597 0.369027 0.636008 0.357791 0.501121 0.604163 0.295424 0.395305 0.473977 
0.645571 0.485402 0.322872 0.429704 0.756708 0.510299 0.507184 0.621363 0.293137 0.632028 
0.151582 0.290259 0.238161 0.239896 0.196520 0.307371 0.184619 0.243759 0.283406 0.215902 
0.361230 0.570127 0.563379 0.506972 0.661147 0.475232 0.374615 0.541316 0.682173 0.508252 
0.277682 0.420780 0.324688 0.310498 0.145233 0.329172 0.393474 0.280896 0.284072 0.257449 
0.537177 0.607276 0.617516 0.387699 0.640564 0.559847 0.727508 0.386324 0.589350 0.520022 
0.301216 0.572706 0.233316 0.603948 0.401005 0.463465 0.232673 0.622498 0.396349 0.416155 
0.399440 0.349095 0.379073 0.259230 0.535908 0.281669 0.350031 0.366781 0.324028 0.375347 
0.596935 0.490783 0.475913 0.459625 0.591797 0.437662 0.631805 0.520197 0.557548 0.313732 
0.670853 0.346242 0.629340 0.519761 0.464471 0.531831 0.364623 0.796696 0.437062 0.400748 
0.553434 0.305168 0.248180 0.386474 0.468888 0.325946 0.256605 0.497276 0.299849 0.243777 
0.555796 0.712328 0.579683 0.733796 0.596095 0.514880 0.805973 0.549323 0.742526 0.599783 
0.462134 0.475499 0.355795 0.525105 0.306242 0.576497 0.458321 0.581720 0.260126 0.529831 
0.657406 0.553225 0.770106 0.583160 0.522858 0.817485 0.643054 0.581522 0.738054 0.539955 
0.601626 0.741980 0.676512 0.751393 0.429249 0.655971 0.758126 0.693449 0.596137 0.621948 
0.483034 0.442496 0.302444 0.553512 0.386131 0.427641 0.506575 0.407688 0.438325 0.498314 
0.493883 0.751126 0.232673 0.520920 0.389008 0.452362 0.479024 0.500979 0.455993 0.347682 
0.707339 0.256208 0.502641 0.484770 0.328079 0.531257 0.424215 0.577377 0.387439 0.207502 
0.519042 0.664393 0.334553 0.774457 0.251005 0.572915 0.549492 0.565765 0.590769 0.422363 
0.335145 0.619461 0.299624 0.514042 0.365815 0.550827 0.385026 0.397808 0.367687 0.546297 
0.604530 0.444603 0.533152 0.446082 0.521647 0.498137 0.604830 0.301255 0.638327 0.422807 
0.591071 0.705575 0.598783 0.718898 0.657408 0.716799 0.471596 0.723755 0.609925 0.756770 
0.588461 0.596752 0.458846 0.615083 0.524403 0.416931 0.434548 0.573862 0.339221 0.326730 
0.430084 0.654476 0.353350 0.620707 0.315034 0.787506 0.429639 0.534353 0.274051 0.599647 
0.612710 0.686088 0.493098 0.640282 0.648947 0.617048 0.534162 0.537929 0.808198 0.513308 
0.640577 0.598904 0.629063 0.612975 0.585493 0.669190 0.467569 0.759338 0.575684 0.483867 
0.252536 0.505540 0.348228 0.599224 0.503574 0.289325 0.697428 0.370537 0.498873 0.555104 
0.544324 0.423418 0.406989 0.522485 0.639354 0.431358 0.565812 0.305541 0.660257 0.304490 
0.338430 0.498656 0.434533 0.405173 0.532562 0.360899 0.285501 0.495261 0.538169 0.471517 
0.354103 0.382513 0.327677 0.325083 0.309941 0.210835 0.483448 0.326970 0.352263 0.243499 
0.763187 0.294463 0.581388 0.552294 0.534361 0.408940 0.564360 0.528176 0.597031 0.279098 
0.349511 0.665768 0.367951 0.587584 0.308392 0.580941 0.358002 0.482007 0.456452 0.427284 
0.682440 0.403583 0.531041 0.649037 0.556423 0.540631 0.563839 0.641013 0.583895 0.269963 
0.789165 0.584123 0.477038 0.609000 0.521987 0.593014 0.616144 0.464447 0.569596 0.527418 
0.483833 0.520869 0.688728 0.310742 0.681011 0.549979 0.536197 0.493883 0.679603 0.336191 
0.672151 0.777601 0.693177 0.666445 0.706011 0.848137 0.610006 0.791497 0.678647 0.731065 
0.505921 0.494420 0.296195 0.467529 0.400186 0.456748 0.328349 0.330847 0.534410 0.306643 
0.560389 0.530748 0.656799 0.312031 0.574267 0.304355 0.742960 0.738087 0.608432 0.409129 
0.624393 0.680855 0.506606 0.746400 0.581223 0.584461 0.505981 0.826205 0.491906 0.654941 
0.601554 0.430182 0.546479 0.682485 0.236936 0.586839 0.597363 0.634940 0.482109 0.464640 
0.490640 0.572030 0.423833 0.570237 0.479393 0.391636 0.479404 0.394707 0.597622 0.303939 
0.505623 0.522461 0.624880 0.567877 0.444003 0.739564 0.535990 0.555970 0.497194 0.767889 
0.608975 0.493614 0.627239 0.704266 0.581994 0.553822 0.653982 0.557447 0.711508 0.617784 
0.325052 0.565135 0.487354 0.649542 0.725565 0.329251 0.554208 0.550900 0.548024 0.577658 
0.306141 0.825853 0.177135 0.481947 0.492752 0.589608 0.384807 0.597249 0.336360 0.535149 
0.464294 0.280553 0.528916 0.661986 0.350903 0.271265 0.592995 0.418479 0.576797 0.501481 
0.576840 0.455491 0.514554 0.281856 0.541826 0.312467 0.493444 0.564842 0.307169 0.531119 
0.503445 0.422882 0.427488 0.509807 0.360193 0.412465 0.533068 0.383733 0.370277 0.455792 
0.379143 0.422963 0.672103 0.430203 0.527774 0.677365 0.470592 0.886347 0.309296 0.757968 
0.419612 0.332338 0.340824 0.410868 0.515856 0.422858 0.289867 0.423017 0.391153 0.369108 
0.577812 0.648619 0.328036 0.777299 0.660300 0.461586 0.537559 0.444375 0.511243 0.653403 
0.497838 0.518572 0.579833 0.527902 0.582418 0.559296 0.660411 0.404916 0.711286 0.582027 
0.698605 0.728489 0.740356 0.712853 0.678293 0.739535 0.585456 0.725099 0.748007 0.655131 
0.746185 0.359474 0.668118 0.543450 0.710119 0.274597 0.680818 0.562356 0.566620 0.527579 
0.327004 0.240133 0.398386 0.338439 0.280113 0.313080 0.370747 0.321415 0.296955 0.329603 
0.364530 0.229808 0.472222 0.314903 0.462153 0.245088 0.451555 0.372368 0.327819 0.352176 
0.404581 0.767685 0.394584 0.518052 0.408491 0.459524 0.724948 0.285138 0.641635 0.361645 
0.401674 0.453590 0.375143 0.332374 0.434357 0.452089 0.558789 0.335680 0.333024 0.396055 
0.370269 0.394556 0.535427 0.493537 0.418920 0.593948 0.293199 0.714427 0.430364 0.546232 
0.561410 0.416117 0.444482 0.469659 0.623776 0.506525 0.531306 0.324971 0.788191 0.360303 
0.829213 0.562979 0.616775 0.617030 0.534638 0.573995 0.565931 0.598221 0.594775 0.446956 
0.282105 0.596016 0.549359 0.575192 0.469666 0.599082 0.457399 0.439161 0.676449 0.529261 
0.698210 0.483738 0.317497 0.703564 0.423019 0.645887 0.463206 0.530587 0.394074 0.436960 
0.541946 0.611288 0.557134 0.530350 0.567103 0.483220 0.682616 0.580721 0.491882 0.605844 
0.525098 0.536417 0.661983 0.339540 0.667802 0.494647 0.371766 0.642785 0.492469 0.556795 
0.620913 0.757121 0.464900 0.683672 0.647018 0.481937 0.659335 0.658447 0.561017 0.573454 
0.736994 0.529463 0.693669 0.614894 0.581771 0.685460 0.630013 0.624690 0.591912 0.669703 
0.135259 0.235295 0.164380 0.202046 0.201919 0.121164 0.236568 0.148116 0.226183 0.144259 
0.599442 0.681622 0.345520 0.595059 0.492299 0.515102 0.775164 0.525038 0.482762 0.504936 
0.579142 0.661447 0.694747 0.618852 0.721599 0.667856 0.669058 0.642906 0.677592 0.751441 
0.683243 0.624734 0.432005 0.644004 0.724271 0.518422 0.592394 0.569734 0.493946 0.454500 
0.469420 0.628765 0.653676 0.361390 0.649770 0.631561 0.466297 0.691400 0.368566 0.719342 
0.659390 0.431446 0.545844 0.637202 0.485526 0.512599 0.567832 0.579446 0.634789 0.433357 
0.807803 0.505288 0.503139 0.382737 0.682758 0.547195 0.503105 0.560927 0.614984 0.332596 
0.336565 0.651959 0.283150 0.352459 0.588821 0.270548 0.285930 0.591365 0.244531 0.363304 
0.767761 0.342856 0.662789 0.359053 0.513625 0.636060 0.520743 0.637683 0.376813 0.492395 
0.595995 0.634767 0.593629 0.663122 0.523169 0.766522 0.402854 0.766184 0.616686 0.561917 
0.281928 0.514287 0.288690 0.380080 0.507523 0.403884 0.478237 0.268697 0.357753 0.537872 
0.395051 0.688140 0.411495 0.384996 0.454252 0.410628 0.615247 0.429517 0.457069 0.495157 
0.444325 0.340450 0.571018 0.397323 0.407636 0.383243 0.347767 0.469945 0.440863 0.328786 
0.645277 0.601362 0.605033 0.699478 0.590876 0.425100 0.694538 0.553985 0.650942 0.466301 
0.396347 0.378275 0.443862 0.367232 0.516612 0.227075 0.710513 0.442408 0.191008 0.529188 
0.641763 0.306250 0.277065 0.512106 0.387655 0.440645 0.429136 0.290842 0.413514 0.539036 
0.450209 0.606637 0.455469 0.445153 0.603683 0.313148 0.683703 0.417944 0.552175 0.450294 
0.328463 0.616439 0.418523 0.560741 0.360754 0.494097 0.646426 0.457172 0.456727 0.532338 
0.415808 0.510878 0.709216 0.350173 0.671527 0.347552 0.428268 0.475972 0.368394 0.509681 
0.476849 0.625834 0.441249 0.572618 0.372031 0.662305 0.587533 0.439518 0.474462 0.463029 
0.667522 0.365570 0.545138 0.598737 0.618864 0.332515 0.546806 0.408613 0.616821 0.432204 
0.294270 0.391354 0.492207 0.340293 0.330429 0.313967 0.348963 0.283642 0.346676 0.348130 
0.484933 0.806567 0.477214 0.472841 0.605458 0.600525 0.585290 0.669280 0.572015 0.599165 
0.436036 0.348728 0.237938 0.366967 0.488628 0.264625 0.454879 0.241653 0.467851 0.265277 
0.436946 0.592249 0.741067 0.490119 0.475794 0.445192 0.527260 0.417354 0.677198 0.518102 
0.337843 0.460685 0.343780 0.357939 0.340010 0.242324 0.383096 0.371964 0.418382 0.188777 
0.514335 0.636116 0.679298 0.814880 0.474487 0.588628 0.702743 0.507572 0.720358 0.595175 
0.448390 0.535661 0.388420 0.719601 0.534301 0.434612 0.566273 0.326579 0.572594 0.652519 
0.505040 0.544365 0.204694 0.544293 0.336758 0.498871 0.419077 0.526174 0.549363 0.512281 
0.174903 0.352548 0.331210 0.363780 0.195277 0.447189 0.263668 0.289219 0.438206 0.367078 
0.599643 0.504676 0.503926 0.561259 0.478879 0.401138 0.684914 0.522207 0.462015 0.590486 
0.470552 0.585261 0.537982 0.543895 0.509321 0.485455 0.511126 0.558902 0.367165 0.647180 
0.593944 0.403233 0.550417 0.359143 0.607306 0.273071 0.554920 0.442032 0.464015 0.406338 
0.361256 0.570862 0.657461 0.378872 0.703052 0.358336 0.645898 0.493423 0.438100 0.609177 
0.439993 0.374353 0.436623 0.369405 0.447200 0.472090 0.536064 0.173788 0.649593 0.424957 
0.327820 0.503872 0.392638 0.404854 0.507175 0.486781 0.391149 0.569560 0.407312 0.500645 
0.291443 0.504233 0.386470 0.324983 0.415441 0.297640 0.518449 0.390654 0.406996 0.412186 
0.624503 0.711721 0.714179 0.632633 0.773817 0.613823 0.632989 0.757173 0.779916 0.576759 
0.493237 0.510541 0.505450 0.573294 0.319166 0.626085 0.505362 0.438829 0.531924 0.490768 
0.577224 0.406088 0.293009 0.531080 0.439719 0.345145 0.470155 0.437659 0.361688 0.470870 
0.574167 0.626586 0.483558 0.500254 0.653627 0.425508 0.712070 0.477038 0.570877 0.376442 
0.419594 0.725136 0.561210 0.553080 0.449214 0.607151 0.391136 0.675282 0.537927 0.417640 
0.299385 0.434186 0.226831 0.398166 0.380764 0.345903 0.337208 0.317282 0.329587 0.383822 
0.290208 0.446808 0.117421 0.505369 0.310359 0.339430 0.251154 0.446824 0.270979 0.366206 
0.618042 0.597155 0.599216 0.650306 0.558239 0.762309 0.478533 0.680433 0.575699 0.779290 
0.536583 0.333585 0.598995 0.349852 0.576432 0.342860 0.455302 0.693766 0.414392 0.415007 
0.599900 0.715570 0.601514 0.606659 0.554062 0.592690 0.718784 0.304782 0.642544 0.460111 
0.507302 0.395087 0.551296 0.408965 0.502612 0.693238 0.531787 0.649541 0.456989 0.672779 
0.315734 0.379144 0.376324 0.317398 0.309325 0.523471 0.354208 0.344614 0.394262 0.354302 
0.498692 0.699396 0.409509 0.416702 0.438313 0.519009 0.509548 0.448886 0.467194 0.447470 
0.537754 0.285414 0.623183 0.603903 0.418822 0.504727 0.568965 0.429559 0.577790 0.523982 
0.671164 0.334456 0.359768 0.426148 0.650926 0.422522 0.484738 0.283429 0.744443 0.419763 
0.528489 0.504969 0.565053 0.404935 0.563381 0.544802 0.543338 0.505385 0.458407 0.651526 
0.383505 0.286990 0.604329 0.381160 0.386475 0.436933 0.239495 0.570694 0.255755 0.473588 
0.518177 0.328482 0.705530 0.568398 0.401543 0.542763 0.438458 0.612719 0.610565 0.498057 
0.292152 0.560104 0.617257 0.405431 0.571156 0.233853 0.647571 0.525465 0.557068 0.602506 
0.687551 0.499205 0.705128 0.784907 0.592441 0.512940 0.699112 0.594308 0.669786 0.456564 
0.663276 0.477428 0.470665 0.469642 0.432911 0.694021 0.541349 0.414398 0.535460 0.334598 
0.284026 0.542515 0.370271 0.423337 0.397601 0.347105 0.517441 0.515188 0.396876 0.591119 
0.586531 0.492563 0.301527 0.513519 0.460941 0.621675 0.432874 0.285687 0.647682 0.627892 
0.424290 0.493584 0.390809 0.349505 0.491193 0.325125 0.447664 0.401115 0.437181 0.343869 
0.393820 0.325236 0.524832 0.228885 0.552477 0.486666 0.321972 0.352139 0.471753 0.467503 
0.521406 0.495726 0.447417 0.756937 0.368820 0.615313 0.506860 0.517968 0.587987 0.651557 
0.584241 0.471032 0.613320 0.413380 0.563153 0.569232 0.507305 0.698319 0.345456 0.635167 
0.405884 0.461267 0.595241 0.620806 0.602671 0.562155 0.532998 0.433262 0.696783 0.520413 
0.275895 0.284258 0.424319 0.389588 0.345631 0.306028 0.293331 0.353956 0.416490 0.404452 
0.549688 0.698592 0.658426 0.586481 0.709568 0.693735 0.556894 0.653631 0.770047 0.638583 
0.744122 0.569197 0.632297 0.732023 0.483446 0.509676 0.769627 0.652660 0.545491 0.629288 
0.763775 0.688518 0.671407 0.772976 0.543043 0.771878 0.559938 0.756644 0.709824 0.543404 
0.534216 0.555261 0.588704 0.492324 0.829089 0.503300 0.495794 0.532744 0.494907 0.664963 
0.525039 0.410144 0.543838 0.570083 0.377098 0.618086 0.445297 0.575577 0.647928 0.408162 
0.463429 0.289089 0.348421 0.469422 0.356446 0.466722 0.426900 0.254478 0.434981 0.416783 
0.524888 0.622135 0.569189 0.525495 0.612698 0.390299 0.452145 0.877668 0.518627 0.444858 
0.691248 0.753294 0.393534 0.755717 0.504536 0.748640 0.468489 0.642969 0.745082 0.569468 
0.571622 0.626925 0.416661 0.594581 0.699316 0.495084 0.640438 0.511726 0.482805 0.739570 
0.503477 0.702798 0.582185 0.671050 0.644802 0.724963 0.501979 0.775690 0.675501 0.770659 
0.775148 0.540303 0.499990 0.447355 0.723054 0.431054 0.550270 0.616832 0.635312 0.277775 
0.490949 0.734935 0.508796 0.602781 0.409312 0.560591 0.612617 0.568514 0.656777 0.491320 
0.522687 0.689517 0.415091 0.533058 0.424573 0.701142 0.585046 0.483489 0.484541 0.487817 
0.607310 0.362208 0.506608 0.387686 0.472037 0.517682 0.302503 0.559486 0.443774 0.324541 
0.192089 0.464787 0.380897 0.332057 0.371628 0.342800 0.266021 0.340194 0.459424 0.441810 
0.591517 0.404957 0.574618 0.588598 0.611689 0.443444 0.695320 0.491509 0.375900 0.678644 
0.586734 0.546255 0.658106 0.447895 0.552412 0.765725 0.606674 0.456375 0.598962 0.441166 
0.624350 0.310608 0.329349 0.763739 0.406230 0.494094 0.475032 0.634783 0.258358 0.721797 
0.275479 0.581041 0.461912 0.523245 0.328123 0.482856 0.418816 0.368324 0.548909 0.376303 
0.364450 0.538832 0.340703 0.486842 0.585497 0.264744 0.710044 0.341832 0.530307 0.527034 
0.376473 0.404830 0.445966 0.435673 0.291519 0.516153 0.199069 0.444461 0.493480 0.227084 
0.690919 0.426191 0.680518 0.478203 0.438949 0.512767 0.486656 0.529575 0.539317 0.363029 
0.358011 0.581330 0.371506 0.550048 0.346358 0.509391 0.463510 0.452731 0.431289 0.421118 
0.433088 0.507995 0.257571 0.542003 0.316434 0.303132 0.427150 0.484091 0.449657 0.281741 
0.568313 0.416522 0.417318 0.539451 0.569652 0.461862 0.441511 0.690388 0.326480 0.576031 
0.389436 0.485753 0.329832 0.618839 0.281137 0.432594 0.692823 0.345770 0.228402 0.771146 
0.584097 0.755468 0.602722 0.571588 0.728731 0.857945 0.599246 0.612098 0.695775 0.729581 
0.678271 0.581153 0.604281 0.717769 0.675848 0.678161 0.596744 0.638371 0.775724 0.448347 
0.516436 0.382765 0.432156 0.421289 0.584269 0.409348 0.638182 0.446020 0.332704 0.385266 
0.435848 0.493021 0.532389 0.692485 0.229560 0.661099 0.309170 0.611665 0.313034 0.732310 
0.385291 0.326305 0.202153 0.487752 0.420534 0.339751 0.231147 0.494173 0.336569 0.472150 
0.328686 0.524930 0.525845 0.386702 0.331241 0.734241 0.381024 0.444523 0.469760 0.475271 
0.813413 0.556140 0.696911 0.423339 0.658578 0.619343 0.499190 0.690213 0.448798 0.498760 
0.439404 0.194852 0.283280 0.274417 0.314274 0.186837 0.326015 0.261510 0.391492 0.116319 
0.518664 0.478492 0.495606 0.612054 0.564196 0.428355 0.711678 0.449589 0.548814 0.419308 
0.580553 0.540666 0.353856 0.710929 0.544540 0.441525 0.661905 0.576657 0.428485 0.639800 
0.376328 0.322592 0.446187 0.464230 0.306173 0.523047 0.189284 0.468162 0.484869 0.346866 
0.674324 0.469152 0.753187 0.579979 0.638378 0.492822 0.573381 0.633158 0.572396 0.671815 
0.577448 0.410176 0.376033 0.421452 0.513978 0.515264 0.379392 0.578718 0.476065 0.380028 
0.445250 0.250765 0.490878 0.456557 0.311313 0.342422 0.428436 0.650107 0.185233 0.503280 
0.538912 0.320928 0.445673 0.565605 0.525658 0.309538 0.354291 0.633586 0.399142 0.526684 
0.496723 0.576264 0.234973 0.636720 0.564790 0.281775 0.661460 0.598845 0.239369 0.431493 
0.838229 0.731230 0.739813 0.781287 0.777685 0.714562 0.837532 0.780028 0.789929 0.737609 
0.556173 0.505694 0.485429 0.614430 0.458190 0.566814 0.485783 0.474739 0.717917 0.477684 
0.313756 0.360058 0.394092 0.580294 0.586373 0.244238 0.434567 0.481357 0.482199 0.516764 
0.659215 0.726957 0.679464 0.582697 0.577799 0.774013 0.614307 0.670153 0.581257 0.647506 
0.571180 0.350292 0.362563 0.616893 0.283689 0.412182 0.433749 0.417970 0.292812 0.387758 
0.607152 0.664097 0.561677 0.442162 0.675395 0.534172 0.599592 0.651081 0.493075 0.489767 
0.447413 0.509485 0.470885 0.480140 0.336221 0.536463 0.569899 0.433548 0.429861 0.457431 
0.644657 0.390201 0.437096 0.304199 0.440076 0.597608 0.383762 0.516795 0.536023 0.196836 
0.471926 0.620921 0.658058 0.332758 0.565712 0.519497 0.455496 0.719479 0.283702 0.625806 
0.721442 0.350898 0.649893 0.464612 0.455812 0.768236 0.341761 0.584144 0.289924 0.639221 
0.786957 0.577905 0.625127 0.514575 0.717425 0.612285 0.786520 0.302707 0.737753 0.325178 
0.561003 0.614538 0.583332 0.610745 0.676083 0.544960 0.707368 0.628373 0.482623 0.699141 
0.444655 0.374723 0.495150 0.451152 0.479071 0.386802 0.307555 0.598507 0.389125 0.490956 
0.591570 0.315119 0.523446 0.301962 0.376176 0.405943 0.518140 0.345096 0.423734 0.415204 
0.263540 0.543509 0.442963 0.273159 0.457586 0.426297 0.488896 0.287312 0.537749 0.347863 
0.534931 0.399590 0.489511 0.551615 0.449280 0.555652 0.464481 0.383722 0.650170 0.395749 
0.351229 0.336298 0.363354 0.365655 0.274769 0.318163 0.346689 0.184341 0.484384 0.236401 
0.360892 0.548706 0.480461 0.348274 0.487747 0.445188 0.431718 0.521335 0.490371 0.470824 
0.380296 0.418133 0.223400 0.429421 0.312975 0.347942 0.281441 0.355171 0.389195 0.392502 
0.594692 0.543698 0.570846 0.641678 0.544812 0.723544 0.556519 0.642280 0.645873 0.720467 
0.432827 0.664332 0.785198 0.463554 0.787926 0.627147 0.520267 0.666032 0.666194 0.662689 
0.613889 0.298372 0.548723 0.364475 0.526067 0.436620 0.311072 0.471865 0.469900 0.220565 
0.426218 0.725773 0.641878 0.420382 0.509695 0.768889 0.349967 0.422861 0.729426 0.426294 
0.337679 0.431756 0.313288 0.225637 0.526590 0.239859 0.190999 0.345144 0.326344 0.223973 
0.656947 0.662689 0.642532 0.501353 0.733315 0.614389 0.724614 0.499114 0.606973 0.606838 
0.714384 0.311443 0.550664 0.548212 0.486679 0.467271 0.595717 0.296121 0.660137 0.365417 
0.591291 0.523225 0.402608 0.437376 0.500699 0.529111 0.620107 0.282187 0.496890 0.483034 
0.493442 0.559538 0.632365 0.538778 0.531690 0.589755 0.415137 0.695220 0.576188 0.607155 
0.512110 0.605664 0.431238 0.450356 0.422089 0.417552 0.495070 0.589739 0.475889 0.470176 
0.379781 0.578313 0.629643 0.433930 0.548595 0.641901 0.512705 0.688217 0.632535 0.518926 
0.483171 0.579365 0.448645 0.604257 0.471903 0.270734 0.455082 0.587292 0.580904 0.514979 
0.227768 0.335213 0.387245 0.406814 0.351475 0.196662 0.376040 0.345293 0.378643 0.427962 
0.609944 0.528922 0.573847 0.567372 0.582542 0.407952 0.526611 0.774910 0.460714 0.660111 
0.579404 0.390313 0.415291 0.435535 0.484360 0.305424 0.504543 0.710967 0.421626 0.404746 
0.512084 0.757168 0.659546 0.391105 0.603315 0.490640 0.548559 0.723522 0.609375 0.483755 
0.221307 0.449507 0.582333 0.342744 0.461189 0.372064 0.494763 0.466528 0.508000 0.605462 
0.583217 0.543211 0.621986 0.495506 0.551958 0.654419 0.490677 0.614529 0.556289 0.339369 
0.458009 0.441948 0.778223 0.320931 0.589236 0.603414 0.591890 0.530022 0.625883 0.650671 
0.533436 0.409756 0.297134 0.541901 0.323784 0.544296 0.281117 0.338266 0.443193 0.268270 
0.534393 0.567449 0.630619 0.658277 0.586250 0.652312 0.563060 0.569290 0.619081 0.540353 
0.417723 0.554983 0.459333 0.497034 0.601371 0.549197 0.448423 0.546388 0.464845 0.635841 
0.458764 0.423110 0.466423 0.518679 0.427852 0.233632 0.714644 0.241350 0.412764 0.505845 
0.285601 0.624913 0.730061 0.358947 0.641904 0.285549 0.610738 0.672575 0.276987 0.633640 
0.927689 0.614748 0.767209 0.740910 0.783157 0.743243 0.652248 0.754825 0.742991 0.608259 
0.769061 0.346263 0.672314 0.766814 0.303049 0.762223 0.513275 0.548980 0.604519 0.511125 
0.414205 0.356643 0.512254 0.449287 0.445956 0.458839 0.351247 0.500932 0.461041 0.414429 
0.456657 0.666202 0.563652 0.558456 0.460679 0.510448 0.405607 0.545499 0.612546 0.496902 
0.316607 0.485050 0.553528 0.573317 0.393131 0.683230 0.430059 0.269874 0.663995 0.538381 
0.338777 0.448962 0.333298 0.530441 0.382622 0.590293 0.301681 0.456228 0.397916 0.525532 
0.512136 0.631523 0.399473 0.611480 0.481272 0.544416 0.441547 0.546094 0.375431 0.455635 
0.552257 0.540825 0.356539 0.409539 0.405127 0.418474 0.471671 0.414191 0.504559 0.234866 
0.437884 0.369060 0.553293 0.589986 0.455692 0.483159 0.550318 0.424448 0.553909 0.570741 
0.462076 0.422151 0.623393 0.501168 0.510655 0.581788 0.656332 0.357005 0.622523 0.576380 
0.505149 0.662423 0.579492 0.617169 0.596486 0.563133 0.779286 0.568303 0.564324 0.767339 
0.667307 0.470054 0.574826 0.832065 0.485043 0.610785 0.491485 0.701141 0.575720 0.637019 
0.466905 0.530564 0.718107 0.480835 0.542643 0.527347 0.639453 0.397914 0.681072 0.556891 
0.635020 0.629060 0.608997 0.637896 0.687238 0.659257 0.643106 0.569635 0.699663 0.613620 
0.428342 0.402455 0.250057 0.384961 0.309790 0.459604 0.372721 0.295811 0.372821 0.365572 
0.638433 0.633056 0.648166 0.701288 0.597367 0.681188 0.631350 0.677268 0.622956 0.741682 
0.497681 0.600625 0.356727 0.599512 0.704687 0.586668 0.431767 0.600122 0.543187 0.504262 
0.406322 0.584557 0.350391 0.308136 0.514588 0.491454 0.424823 0.343060 0.420596 0.619894 
0.581271 0.514325 0.622596 0.347441 0.498546 0.485413 0.593420 0.488767 0.367030 0.595439 
0.233202 0.219206 0.303582 0.184204 0.284873 0.308370 0.127060 0.325778 0.251184 0.320078 
0.556739 0.587991 0.451645 0.317653 0.523276 0.350824 0.512538 0.508980 0.446496 0.387712 
0.413384 0.472916 0.259774 0.513297 0.305790 0.396122 0.412157 0.428477 0.442447 0.371710 
0.486020 0.508085 0.238694 0.374502 0.389192 0.596723 0.377858 0.421968 0.204531 0.563600 
0.335020 0.432575 0.452683 0.452702 0.367660 0.505172 0.280117 0.531729 0.283502 0.604567 
0.550101 0.690284 0.745367 0.350367 0.625828 0.791118 0.508685 0.622147 0.654801 0.589070 
0.663880 0.714652 0.696542 0.740100 0.634140 0.796508 0.659527 0.839236 0.583073 0.782768 
0.621818 0.328938 0.553151 0.396444 0.525102 0.472969 0.389717 0.524440 0.480838 0.271560 
0.719710 0.582459 0.597614 0.741736 0.760348 0.672878 0.683213 0.600160 0.584755 0.824003 
0.478316 0.740326 0.644727 0.713174 0.611265 0.591327 0.554044 0.712903 0.650013 0.768239 
0.464812 0.433592 0.342930 0.698947 0.449664 0.431783 0.382761 0.583996 0.397065 0.458535 
0.289645 0.403647 0.377306 0.349131 0.280528 0.545563 0.466142 0.276700 0.474489 0.443187 
0.541181 0.531302 0.473732 0.682782 0.301460 0.556740 0.421395 0.745345 0.284501 0.617725 
0.390954 0.698698 0.375236 0.565257 0.382751 0.633744 0.567668 0.404815 0.520424 0.522376 
0.295443 0.412811 0.490720 0.601350 0.419379 0.453374 0.432426 0.473442 0.464861 0.482259 
0.303230 0.485129 0.409180 0.465383 0.335046 0.363083 0.601414 0.281266 0.485787 0.398716 
0.601430 0.502095 0.398192 0.666502 0.564011 0.680022 0.570759 0.453784 0.621164 0.681180 
0.739796 0.431310 0.417478 0.692424 0.121168 0.530942 0.688198 0.290320 0.459877 0.387896 
0.513710 0.756701 0.622031 0.577868 0.480574 0.705636 0.631362 0.589514 0.546573 0.645682 
0.524771 0.467707 0.355072 0.531258 0.625283 0.471151 0.327291 0.708698 0.497288 0.441929 
0.400355 0.543967 0.587872 0.521432 0.467038 0.369994 0.497453 0.450287 0.369706 0.557703 
0.764718 0.601561 0.758888 0.674411 0.594817 0.691308 0.618894 0.623917 0.684233 0.615078 
0.522690 0.477777 0.619273 0.544084 0.395517 0.443325 0.818464 0.359613 0.504821 0.522597 
0.620060 0.579099 0.332886 0.557748 0.681286 0.481914 0.449526 0.432536 0.557689 0.546556 
0.821695 0.695707 0.719433 0.630873 0.748842 0.681285 0.737727 0.806204 0.588757 0.669715 
0.342341 0.287001 0.338213 0.328696 0.487672 0.254227 0.371524 0.444593 0.235739 0.560882 
0.489438 0.402884 0.595681 0.394923 0.580300 0.406944 0.659563 0.210881 0.702285 0.550381 
0.391756 0.493717 0.361516 0.428274 0.542277 0.232462 0.522846 0.404253 0.415823 0.360392 
0.716036 0.570862 0.567994 0.664929 0.589913 0.833102 0.542652 0.767984 0.574587 0.777416 
0.439585 0.436695 0.347087 0.655569 0.230574 0.400832 0.358014 0.459150 0.525331 0.234170 
0.402626 0.535893 0.566236 0.578278 0.546765 0.492285 0.548433 0.447276 0.634585 0.538834 
0.602313 0.705999 0.689418 0.757070 0.522547 0.687617 0.654857 0.715233 0.556269 0.771850 
0.579869 0.778408 0.682744 0.725062 0.619690 0.699787 0.663104 0.779509 0.504436 0.932122 
0.461590 0.581168 0.359161 0.565999 0.466221 0.547660 0.638972 0.440337 0.495020 0.573802 
0.536443 0.683117 0.243727 0.548288 0.607468 0.495581 0.488325 0.310256 0.612248 0.512551 
0.607324 0.377464 0.481478 0.526505 0.433841 0.711679 0.477878 0.539268 0.484611 0.497804 
0.478424 0.430739 0.600866 0.269478 0.381248 0.476877 0.300735 0.452408 0.425529 0.325980 
0.306350 0.401730 0.528617 0.471089 0.324141 0.425920 0.497396 0.294993 0.645792 0.580143 
0.487745 0.362604 0.377087 0.331360 0.390585 0.264090 0.446169 0.338269 0.459845 0.333305 
0.456310 0.479849 0.455589 0.579756 0.572902 0.547514 0.501725 0.609718 0.419687 0.715606 
0.497899 0.424583 0.484479 0.432441 0.530209 0.314405 0.558535 0.351474 0.537262 0.525084 
0.675176 0.599017 0.457999 0.694637 0.626849 0.494216 0.574787 0.413005 0.768417 0.474059 
0.458606 0.479299 0.692412 0.527957 0.596531 0.613322 0.625078 0.709717 0.376245 0.803910 
0.607956 0.523229 0.616130 0.490690 0.454266 0.611927 0.546394 0.344633 0.628594 0.525115 
0.443584 0.398628 0.335741 0.376240 0.357355 0.367462 0.274756 0.420895 0.340741 0.389634 
0.710379 0.400545 0.390626 0.857291 0.381354 0.636362 0.469161 0.490621 0.683929 0.351927 
0.513931 0.559685 0.396354 0.727319 0.456364 0.470613 0.601624 0.327195 0.623826 0.614386 
0.427391 0.628563 0.432614 0.607007 0.470620 0.657909 0.469711 0.490011 0.419501 0.666238 
0.542232 0.536672 0.590203 0.528129 0.693757 0.462256 0.521751 0.472053 0.760325 0.550428 
0.363600 0.747179 0.388538 0.591497 0.582249 0.708064 0.453572 0.563021 0.552436 0.628224 
0.565291 0.665706 0.500341 0.669784 0.655532 0.324882 0.701138 0.549640 0.588217 0.457869 
0.345948 0.402501 0.536762 0.348946 0.436129 0.451622 0.613850 0.218165 0.615076 0.368776 
0.731210 0.604836 0.649210 0.599444 0.582726 0.621466 0.654707 0.547312 0.695394 0.428911 
0.324669 0.514233 0.497491 0.200212 0.713206 0.528831 0.343972 0.524933 0.350746 0.719390 
0.495748 0.423928 0.703008 0.462169 0.474803 0.643580 0.434116 0.488562 0.671771 0.579107 
0.241117 0.451248 0.278938 0.499750 0.235338 0.615290 0.274077 0.352965 0.452541 0.456575 
0.714755 0.453436 0.726425 0.491156 0.597282 0.603781 0.587692 0.654563 0.588578 0.618609 
0.425078 0.459813 0.652201 0.536170 0.489449 0.379854 0.684669 0.511691 0.596182 0.525785 
0.534420 0.402310 0.677757 0.495915 0.380321 0.647702 0.440203 0.457849 0.692081 0.393538 
0.573170 0.566541 0.299238 0.564500 0.426121 0.514791 0.477075 0.534390 0.382180 0.471744 
0.402549 0.368593 0.472789 0.548004 0.308524 0.575486 0.300439 0.476039 0.453109 0.513737 
0.617092 0.400452 0.696084 0.419008 0.686120 0.465888 0.514620 0.503638 0.640498 0.371831 
0.547648 0.762417 0.504113 0.599286 0.594407 0.631651 0.624334 0.628873 0.749898 0.468476 
0.415025 0.248870 0.591117 0.284562 0.488047 0.427840 0.384167 0.487385 0.397456 0.414790 
0.531578 0.512246 0.605300 0.546801 0.690851 0.563196 0.750218 0.529074 0.464343 0.609523 
0.604752 0.633259 0.793517 0.632510 0.604640 0.698333 0.576940 0.752402 0.576310 0.663000 
0.611840 0.659351 0.484536 0.478128 0.525134 0.602849 0.477996 0.678676 0.445624 0.555135 
0.493306 0.585416 0.539770 0.432476 0.445081 0.335084 0.495882 0.528775 0.533996 0.431288 
0.612565 0.481704 0.441806 0.500389 0.485059 0.513127 0.507451 0.582789 0.411254 0.303715 
0.537449 0.566651 0.571927 0.576259 0.502971 0.423927 0.666767 0.576023 0.450842 0.611563 
0.573323 0.550829 0.600643 0.603932 0.649719 0.646260 0.666814 0.477460 0.666094 0.677745 
0.504285 0.706249 0.672121 0.492455 0.644240 0.625095 0.636780 0.583337 0.515830 0.591034 
0.407156 0.447315 0.610153 0.549407 0.409457 0.629017 0.591463 0.445947 0.591266 0.533366 
0.593641 0.684722 0.568881 0.747351 0.628601 0.644408 0.585869 0.698733 0.585914 0.702197 
0.757070 0.766952 0.644266 0.668277 0.818917 0.673189 0.688278 0.772198 0.781849 0.675564 
0.528624 0.532068 0.317897 0.836386 0.483224 0.558192 0.395866 0.585450 0.431508 0.712043 
0.468454 0.441142 0.308519 0.396992 0.442961 0.401273 0.357619 0.329268 0.503027 0.284045 
0.470783 0.587501 0.412970 0.496627 0.656622 0.461115 0.558687 0.503043 0.539453 0.459751 
0.737520 0.638670 0.469198 0.502010 0.642404 0.514591 0.485892 0.648809 0.503869 0.597980 
0.483175 0.696958 0.564306 0.553029 0.824010 0.374222 0.750986 0.514268 0.544063 0.715866 
0.452486 0.566240 0.753185 0.353096 0.362090 0.552638 0.540303 0.426736 0.388844 0.445136 
0.518050 0.452846 0.517152 0.628750 0.517221 0.401752 0.637958 0.401472 0.550324 0.451913 
0.417654 0.329782 0.387907 0.434590 0.517263 0.296757 0.331640 0.404191 0.421578 0.396153 
0.367664 0.341184 0.318311 0.547420 0.350967 0.435662 0.363234 0.432289 0.541482 0.341602 
0.460826 0.466202 0.348704 0.510249 0.549922 0.268753 0.489317 0.517783 0.477534 0.463101 
0.487333 0.483381 0.538259 0.318060 0.651396 0.316241 0.653786 0.310157 0.622112 0.590522 
0.412504 0.435330 0.425566 0.345520 0.628234 0.330929 0.385120 0.374621 0.509851 0.511583 
0.677501 0.694779 0.792058 0.654740 0.710753 0.738750 0.630768 0.761303 0.790494 0.709156 
0.198583 0.661655 0.396857 0.560160 0.228599 0.532873 0.437470 0.523718 0.406900 0.439287 
0.342334 0.634502 0.735837 0.535689 0.625907 0.569085 0.599084 0.355400 0.850586 0.570643 
0.590327 0.539508 0.561714 0.508202 0.577362 0.570116 0.560873 0.401551 0.761652 0.492323 
0.494151 0.522820 0.366563 0.508282 0.397934 0.431869 0.423050 0.455522 0.457966 0.435230 
0.243935 0.347728 0.192938 0.335166 0.278913 0.326715 0.271760 0.295139 0.305072 0.292824 
0.610062 0.659846 0.698186 0.632392 0.611310 0.811862 0.531145 0.583634 0.812044 0.639587 
0.453499 0.464783 0.575113 0.561816 0.298833 0.538481 0.398719 0.412236 0.692854 0.399328 
0.482172 0.614038 0.336345 0.486894 0.553157 0.342866 0.502158 0.416781 0.536480 0.335670 
0.234564 0.504328 0.609558 0.442376 0.453703 0.482661 0.316334 0.476867 0.513084 0.492961 
0.678081 0.265514 0.781493 0.361569 0.360564 0.439200 0.526630 0.228967 0.708955 0.279009 
0.425262 0.659382 0.393805 0.611471 0.438392 0.491545 0.611153 0.614361 0.420426 0.522783 
0.412105 0.322800 0.648857 0.382180 0.305621 0.415310 0.198439 0.621393 0.437959 0.458603 
0.256942 0.360785 0.290171 0.287526 0.426866 0.269343 0.338622 0.362832 0.283634 0.365601 
0.516132 0.534076 0.415211 0.651224 0.181856 0.500062 0.517247 0.400770 0.389423 0.541789 
0.759661 0.714137 0.793300 0.722796 0.736155 0.842811 0.651142 0.728859 0.767166 0.770584 
0.380270 0.752626 0.358901 0.520795 0.439855 0.465224 0.496364 0.468090 0.559939 0.417334 
0.480955 0.394438 0.394409 0.457974 0.420479 0.419973 0.456558 0.385807 0.349215 0.519323 
0.568471 0.384895 0.415946 0.550499 0.425418 0.516361 0.233762 0.668371 0.367758 0.467469 
0.543816 0.762390 0.529435 0.785614 0.679665 0.643546 0.636241 0.623220 0.762410 0.565037 
0.493862 0.434053 0.573491 0.482651 0.555106 0.319809 0.508847 0.447725 0.381783 0.724624 
0.611223 0.532634 0.536379 0.449847 0.786342 0.448694 0.568979 0.393736 0.625300 0.434387 
0.366275 0.481076 0.308668 0.401620 0.389869 0.370209 0.438471 0.355065 0.274494 0.590158 
0.594758 0.775570 0.623986 0.503422 0.797611 0.657962 0.634118 0.649919 0.682058 0.562065 
0.670530 0.407761 0.609873 0.471612 0.520343 0.498287 0.532610 0.438881 0.528773 0.441461 
0.544567 0.480690 0.644660 0.473154 0.513534 0.618648 0.684254 0.477357 0.588855 0.672316 
0.610458 0.766900 0.521002 0.691871 0.558727 0.635375 0.588836 0.658624 0.465881 0.562969 
0.514569 0.383853 0.511142 0.351817 0.693026 0.298501 0.535854 0.452204 0.523100 0.575657 
0.439576 0.686750 0.274166 0.602250 0.408614 0.467504 0.433678 0.677820 0.219135 0.533298 
0.436737 0.679107 0.404726 0.499432 0.869105 0.564356 0.539148 0.595655 0.578798 0.655872 
0.498722 0.436991 0.411649 0.309257 0.592381 0.446820 0.379845 0.384879 0.612023 0.437898 
0.394746 0.329008 0.691704 0.395397 0.617056 0.383349 0.533266 0.528856 0.456968 0.583716 
0.506902 0.589745 0.754426 0.655061 0.629389 0.534848 0.710820 0.686156 0.432129 0.582175 
0.423162 0.484454 0.625673 0.380231 0.357048 0.483065 0.619237 0.400971 0.452472 0.667285 
0.734707 0.621744 0.722015 0.677997 0.678497 0.631018 0.680349 0.658636 0.714332 0.511968 
0.646781 0.501221 0.681018 0.575096 0.717446 0.476445 0.566632 0.638046 0.694643 0.588052 
0.437208 0.491406 0.536820 0.563817 0.542258 0.514552 0.415139 0.537857 0.654365 0.546883 
0.559539 0.515937 0.318720 0.680788 0.475559 0.331178 0.564352 0.514817 0.463469 0.465651 
0.510611 0.672032 0.592862 0.652145 0.518714 0.721480 0.763592 0.517343 0.564934 0.787895 
0.539657 0.321793 0.731023 0.365166 0.566597 0.545450 0.419155 0.657953 0.477476 0.597956 
0.477833 0.546307 0.685988 0.559397 0.455644 0.590607 0.578100 0.571165 0.391441 0.506353 
0.665106 0.636624 0.542595 0.739119 0.736691 0.681625 0.687020 0.617088 0.815164 0.656828 
0.480636 0.468785 0.701297 0.362103 0.529687 0.494654 0.843496 0.320320 0.472075 0.526556 
0.429367 0.449884 0.536654 0.333449 0.450949 0.499636 0.538727 0.383370 0.484061 0.469870 
0.628002 0.427815 0.627823 0.387602 0.607547 0.354828 0.619350 0.491851 0.507154 0.364294 
0.506026 0.510274 0.341508 0.383166 0.304580 0.393748 0.513989 0.400652 0.404048 0.379939 
0.371309 0.427371 0.460821 0.610912 0.370644 0.570289 0.439988 0.609613 0.549975 0.535796 
0.190026 0.569526 0.362387 0.280161 0.536420 0.313966 0.406582 0.437282 0.398040 0.410973 
0.736715 0.804385 0.636656 0.609378 0.734055 0.570461 0.680172 0.771858 0.775043 0.587332 
0.521269 0.355987 0.700294 0.341207 0.377394 0.709510 0.393590 0.504205 0.475597 0.448118 
0.388386 0.349286 0.431222 0.370077 0.402318 0.196137 0.524893 0.266898 0.441874 0.435148 
0.488452 0.425416 0.745356 0.474107 0.630381 0.472427 0.466308 0.606192 0.726522 0.543621 
0.495626 0.227786 0.281943 0.390273 0.380705 0.478850 0.327142 0.336137 0.396498 0.331213 
0.560352 0.277059 0.680656 0.309447 0.511985 0.357546 0.592990 0.401068 0.405020 0.453559 
0.802131 0.563051 0.497270 0.632995 0.688671 0.473694 0.731454 0.571980 0.559729 0.552095 
0.748725 0.727364 0.588317 0.731883 0.674993 0.559940 0.736433 0.685737 0.580899 0.670567 
0.611637 0.482364 0.509602 0.578386 0.365950 0.529843 0.475881 0.500389 0.496273 0.605995 
0.280863 0.487974 0.555533 0.415921 0.544897 0.264430 0.700980 0.313596 0.497393 0.471736 
0.676048 0.626669 0.679756 0.622329 0.638570 0.642962 0.712042 0.642582 0.680055 0.620090 
0.381365 0.574826 0.332738 0.481936 0.298404 0.342071 0.387204 0.506629 0.350212 0.383908 
0.522947 0.251247 0.636570 0.477128 0.448881 0.401625 0.615528 0.439355 0.207898 0.609224 
0.371746 0.498473 0.383573 0.458566 0.377354 0.717780 0.232212 0.569427 0.397776 0.429867 
0.503031 0.512854 0.238692 0.442945 0.470041 0.352583 0.396480 0.451594 0.343994 0.364465 
0.649253 0.774896 0.673388 0.796654 0.735725 0.720216 0.710145 0.730873 0.831110 0.686220 
0.663051 0.517528 0.590902 0.649846 0.472868 0.482371 0.725921 0.433713 0.487706 0.556364 
0.301920 0.554067 0.541013 0.336709 0.595836 0.655024 0.368213 0.614263 0.381041 0.694024 
0.197487 0.507085 0.272317 0.420895 0.350654 0.297004 0.493660 0.486667 0.309927 0.399356 
0.184047 0.338335 0.447101 0.418933 0.334044 0.194939 0.471162 0.267961 0.341782 0.446260 
0.490197 0.482956 0.528792 0.415861 0.414577 0.560193 0.495826 0.284746 0.556096 0.445845 
0.628853 0.750036 0.620641 0.743820 0.664563 0.495888 0.750874 0.552579 0.760299 0.578800 
0.449901 0.430913 0.388721 0.614069 0.347573 0.344372 0.583506 0.485838 0.417638 0.333526 
0.407334 0.624812 0.343645 0.560490 0.590354 0.498503 0.494269 0.436398 0.502635 0.436044 
0.585073 0.748633 0.602444 0.652721 0.605009 0.609317 0.577257 0.629536 0.667478 0.578482 
0.610113 0.439733 0.534525 0.636079 0.615590 0.389295 0.615045 0.537459 0.331665 0.551547 
0.479283 0.324316 0.284672 0.568870 0.310278 0.453429 0.374418 0.415080 0.398712 0.407943 
0.447377 0.497731 0.762448 0.439013 0.725133 0.639104 0.372711 0.703558 0.539836 0.667969 
0.541888 0.469994 0.624526 0.495828 0.463119 0.593641 0.445009 0.555488 0.628319 0.436450 
0.500869 0.193427 0.665332 0.446182 0.358454 0.491899 0.492679 0.568065 0.450890 0.411348 
0.442690 0.509392 0.545275 0.458007 0.746404 0.503121 0.478223 0.582694 0.559444 0.602779 
0.555667 0.503794 0.495686 0.665013 0.388122 0.542028 0.544675 0.604852 0.414547 0.520297 
0.577043 0.396831 0.593876 0.485903 0.403906 0.718312 0.499611 0.570173 0.355754 0.542690 
0.353845 0.391538 0.398385 0.429416 0.287918 0.380858 0.442318 0.304907 0.354243 0.522952 
0.566875 0.525384 0.738911 0.599871 0.614875 0.680176 0.651594 0.669158 0.644871 0.587199 
0.630629 0.395202 0.613934 0.446230 0.822956 0.568196 0.351591 0.541162 0.552239 0.472968 
0.586276 0.536833 0.466094 0.439454 0.470730 0.532908 0.665302 0.339092 0.382353 0.636361 
0.666021 0.405308 0.482515 0.699458 0.379164 0.549945 0.646717 0.521134 0.434969 0.647319 
0.608876 0.674594 0.474238 0.514593 0.600185 0.517693 0.576276 0.508449 0.548991 0.570295 
0.314279 0.498750 0.421369 0.564816 0.230936 0.521725 0.404639 0.485877 0.562727 0.480949 
0.601463 0.542593 0.708817 0.453276 0.640859 0.669047 0.627776 0.568841 0.650508 0.669109 
0.353830 0.386807 0.394283 0.567153 0.396488 0.432701 0.400278 0.605145 0.187741 0.663314 
0.273380 0.323476 0.456393 0.345897 0.534180 0.405357 0.351293 0.481876 0.181187 0.628230 
0.390098 0.317764 0.403629 0.410149 0.344536 0.446152 0.251970 0.393105 0.338271 0.433839 
0.293599 0.313489 0.263938 0.425390 0.388463 0.208232 0.329952 0.396612 0.305935 0.318111 
0.564568 0.457299 0.476152 0.389347 0.436953 0.448648 0.394128 0.437519 0.419103 0.459064 
0.337415 0.367471 0.266459 0.400969 0.383879 0.373345 0.482005 0.210580 0.437361 0.388508 
0.594296 0.518672 0.501069 0.566362 0.640871 0.373726 0.502343 0.637191 0.450718 0.408896 
0.432212 0.595949 0.381772 0.355725 0.447468 0.534736 0.364311 0.492294 0.428370 0.378607 
0.445340 0.599138 0.337109 0.415691 0.494248 0.337465 0.501582 0.473920 0.571755 0.337130 
0.374159 0.572798 0.558759 0.597406 0.389837 0.577541 0.390681 0.364028 0.663307 0.606574 
0.246875 0.398194 0.273747 0.308605 0.253538 0.302304 0.281934 0.321889 0.363567 0.303082 
0.496964 0.479592 0.326548 0.422216 0.536947 0.315310 0.567814 0.349778 0.483963 0.406250 
0.234065 0.307433 0.412614 0.519776 0.273164 0.350814 0.385722 0.406745 0.276658 0.516324 
0.715804 0.593390 0.743514 0.556754 0.602936 0.653682 0.716248 0.535949 0.607406 0.713473 
0.533867 0.566948 0.672909 0.501048 0.626145 0.606319 0.685287 0.506572 0.571649 0.672564 
0.459201 0.535188 0.431314 0.621138 0.409263 0.515844 0.538771 0.351308 0.524355 0.598406 
0.504779 0.569758 0.526060 0.652145 0.612615 0.500417 0.788949 0.430525 0.602510 0.580032 
0.343936 0.447072 0.261820 0.258207 0.348998 0.448519 0.336930 0.461007 0.309780 0.365097 
0.407528 0.426614 0.403229 0.364995 0.287601 0.539151 0.345729 0.327188 0.522802 0.333264 
0.545632 0.462515 0.655311 0.528437 0.649849 0.516527 0.347108 0.692930 0.571640 0.603428 
0.466633 0.433576 0.264775 0.309051 0.410307 0.381106 0.340077 0.425412 0.248596 0.197007 
0.376905 0.391654 0.390189 0.353079 0.317864 0.552184 0.438971 0.336058 0.553602 0.355317 
0.436497 0.668207 0.409296 0.772768 0.492268 0.465922 0.564760 0.620526 0.473118 0.606819 
0.632377 0.648753 0.621854 0.829944 0.509149 0.815300 0.656470 0.659774 0.657582 0.763170 
0.730288 0.607716 0.545867 0.561674 0.529150 0.701565 0.485846 0.666504 0.532418 0.566362 
0.210416 0.453438 0.272565 0.380367 0.450045 0.389611 0.285377 0.441265 0.306291 0.535255 
0.489491 0.621114 0.262067 0.678686 0.647650 0.356734 0.554788 0.526868 0.523171 0.592231 
0.567566 0.506613 0.678518 0.574269 0.415540 0.513448 0.439180 0.616226 0.657681 0.378708 
0.330184 0.677586 0.572647 0.334906 0.505512 0.257250 0.603001 0.497375 0.457234 0.568499 
0.475355 0.612766 0.506311 0.698682 0.575012 0.506342 0.643761 0.376062 0.744416 0.408297 
0.485880 0.338607 0.378137 0.576043 0.375331 0.483067 0.500684 0.405135 0.435769 0.422701 
0.612166 0.350405 0.621748 0.504169 0.465900 0.656870 0.623772 0.377111 0.586684 0.680387 
0.619217 0.552761 0.628482 0.581290 0.644376 0.708140 0.515236 0.574659 0.632334 0.627057 
0.397523 0.377509 0.506765 0.350300 0.333813 0.486605 0.439333 0.288883 0.497185 0.445299 
0.493902 0.262602 0.574205 0.304932 0.300223 0.477371 0.438638 0.282631 0.379730 0.394265 
0.516374 0.564015 0.461154 0.662245 0.510251 0.454489 0.524374 0.623607 0.610016 0.488109 
0.793870 0.533082 0.795245 0.678428 0.685886 0.712692 0.666613 0.716907 0.635503 0.580272 
0.451648 0.516783 0.501362 0.499359 0.513521 0.503622 0.528700 0.569566 0.329290 0.593071 
0.649454 0.337570 0.643526 0.391865 0.612119 0.394411 0.619033 0.600255 0.648886 0.380207 
0.605100 0.549771 0.647416 0.522309 0.496909 0.663373 0.707072 0.461990 0.597427 0.472765 
0.743397 0.659775 0.639051 0.589330 0.705231 0.733975 0.687090 0.675957 0.699608 0.628223 
0.428427 0.397624 0.480928 0.851373 0.319425 0.787112 0.445866 0.409673 0.541218 0.692373 
0.342279 0.545734 0.371938 0.558689 0.462624 0.298819 0.410455 0.606707 0.408938 0.489546 
0.652130 0.591880 0.662730 0.267392 0.675463 0.589340 0.603499 0.362243 0.700710 0.481581 
0.449459 0.638684 0.419682 0.482350 0.683879 0.370526 0.597070 0.536194 0.515759 0.466284 
0.580708 0.378785 0.581750 0.528036 0.464431 0.467860 0.431322 0.746894 0.384057 0.538288 
0.648097 0.740093 0.553484 0.677898 0.496716 0.710795 0.543820 0.725311 0.588554 0.490564 
0.339264 0.691615 0.412529 0.372638 0.589150 0.514282 0.318287 0.506913 0.585489 0.406805 
0.724463 0.717361 0.679897 0.765622 0.769338 0.687250 0.700821 0.669617 0.779669 0.654331 
0.475907 0.515640 0.473961 0.582143 0.482928 0.475990 0.505996 0.403273 0.553001 0.454511 
0.501135 0.411465 0.316543 0.702853 0.457884 0.434504 0.522777 0.460927 0.404724 0.524347 
0.433757 0.592405 0.552413 0.600453 0.462233 0.564348 0.489940 0.482184 0.781465 0.338824 
0.240836 0.474376 0.412803 0.581427 0.301968 0.537652 0.269959 0.513040 0.415772 0.501018 
0.534075 0.344293 0.632661 0.337676 0.377330 0.470670 0.394782 0.619641 0.321454 0.594871 
0.532436 0.413719 0.313019 0.364302 0.458664 0.551934 0.301224 0.389461 0.512724 0.407497 
0.744001 0.533878 0.309183 0.640931 0.607929 0.455164 0.583354 0.555897 0.539183 0.329396 
0.369810 0.284140 0.376703 0.216792 0.199542 0.330207 0.331393 0.363557 0.269464 0.276756 
0.446532 0.608289 0.546309 0.521378 0.603606 0.545341 0.492524 0.863332 0.469083 0.557993 
0.425409 0.454753 0.306992 0.328794 0.453713 0.344266 0.381202 0.371461 0.469020 0.290634 
0.293292 0.614239 0.426634 0.493351 0.198829 0.774489 0.415820 0.438651 0.706817 0.527088 
0.464131 0.535540 0.380462 0.564372 0.435760 0.392713 0.396051 0.567053 0.399885 0.400664 
0.634098 0.493524 0.545951 0.593882 0.486088 0.461035 0.691343 0.488739 0.480428 0.518325 
0.694017 0.661956 0.697310 0.616226 0.835920 0.549688 0.745287 0.771212 0.388114 0.757070 
0.594014 0.519686 0.470785 0.681840 0.318364 0.610590 0.472393 0.471449 0.612544 0.386169 
0.794980 0.314830 0.620390 0.355605 0.664071 0.535229 0.336440 0.713079 0.566830 0.370276 
0.802546 0.421327 0.469250 0.392530 0.376608 0.523957 0.460731 0.642785 0.202902 0.388792 
0.558815 0.582579 0.739640 0.456259 0.694716 0.601657 0.610031 0.590343 0.645638 0.629458 
0.664068 0.654398 0.442025 0.829476 0.452024 0.630065 0.424690 0.702822 0.504577 0.625672 
0.567494 0.303298 0.603307 0.258661 0.513378 0.459314 0.616653 0.465144 0.296737 0.433447 
0.549949 0.262598 0.589393 0.378557 0.357312 0.337125 0.448114 0.452050 0.362044 0.253902 
0.646956 0.388253 0.460588 0.437139 0.300392 0.503695 0.327337 0.628553 0.344625 0.286569 
0.428010 0.467958 0.597350 0.344901 0.648656 0.417289 0.547716 0.596677 0.305047 0.526680 
0.432060 0.506170 0.229353 0.508104 0.269754 0.424150 0.269129 0.368911 0.459087 0.233351 
0.602351 0.577225 0.525254 0.677063 0.631702 0.446614 0.636877 0.537849 0.446935 0.628381 
0.459638 0.323189 0.279140 0.364161 0.280258 0.404135 0.302149 0.235969 0.406349 0.232783 
0.524147 0.480950 0.260037 0.723341 0.214331 0.597191 0.473752 0.380630 0.628996 0.575568 
0.507832 0.553640 0.827783 0.357943 0.702669 0.493509 0.607448 0.513936 0.680026 0.527188 
0.741790 0.633427 0.495818 0.591871 0.633885 0.498793 0.704224 0.451940 0.697555 0.303402 
0.649811 0.597896 0.396184 0.606206 0.631724 0.591618 0.501165 0.646316 0.624722 0.440753 
0.592417 0.401329 0.626462 0.546761 0.349121 0.421042 0.426559 0.626873 0.457055 0.418942 
0.452721 0.628953 0.515519 0.372716 0.575645 0.357607 0.517861 0.508522 0.609996 0.433650 
0.414313 0.555559 0.504844 0.356565 0.630107 0.329965 0.507026 0.363359 0.643776 0.456636 
0.446733 0.428377 0.482408 0.557513 0.225345 0.557197 0.393482 0.637200 0.457676 0.509590 
0.420182 0.735695 0.525937 0.586283 0.414186 0.718951 0.565077 0.468094 0.574204 0.645320 
0.583550 0.593647 0.570964 0.520429 0.583103 0.390434 0.477819 0.553614 0.664519 0.322085 
0.532831 0.341000 0.595563 0.442013 0.360352 0.522782 0.710963 0.351382 0.416109 0.347368 
0.663202 0.403199 0.496696 0.446945 0.276383 0.837711 0.261428 0.615978 0.265728 0.467885 
0.433398 0.396134 0.384824 0.421171 0.531684 0.406335 0.306976 0.573816 0.240086 0.568862 
0.340644 0.746877 0.310219 0.447978 0.396395 0.414201 0.327078 0.649313 0.351687 0.428834 
0.736841 0.698811 0.656533 0.611468 0.675432 0.743327 0.755521 0.622757 0.696356 0.668952 
0.483190 0.390428 0.469909 0.394699 0.544863 0.290885 0.402382 0.650964 0.365601 0.278986 
0.557798 0.798602 0.521490 0.729763 0.653295 0.755277 0.678019 0.647314 0.768869 0.646355 
0.713465 0.473600 0.511915 0.634396 0.296515 0.502817 0.525901 0.571909 0.479105 0.441338 
0.322103 0.259041 0.348252 0.337647 0.403855 0.290255 0.249530 0.417386 0.350695 0.331003 
0.551156 0.546798 0.689156 0.667545 0.492053 0.372047 0.568338 0.613609 0.560995 0.622179 
0.905743 0.395194 0.426304 0.455050 0.476511 0.469621 0.801861 0.254678 0.551063 0.489787 
0.338684 0.309159 0.345770 0.306911 0.363493 0.295264 0.286936 0.305968 0.368762 0.252438 
0.511597 0.486577 0.411978 0.749457 0.444164 0.393493 0.758618 0.309024 0.545952 0.593987 
0.620553 0.392967 0.649709 0.344499 0.521303 0.546225 0.505406 0.340566 0.562262 0.492911 
0.524794 0.461189 0.316980 0.492883 0.348689 0.424272 0.568278 0.372202 0.477420 0.301405 
0.561913 0.298002 0.686558 0.260420 0.612592 0.489602 0.546424 0.359041 0.644589 0.243261 
0.549392 0.402561 0.560669 0.447185 0.447336 0.443254 0.470470 0.424568 0.381587 0.561736 
0.220273 0.421280 0.216914 0.319238 0.270284 0.262070 0.289736 0.300492 0.274952 0.273985 
0.340015 0.490368 0.523155 0.278044 0.429812 0.619888 0.203962 0.460509 0.554672 0.413932 
0.454718 0.613677 0.518947 0.528967 0.542119 0.574444 0.487853 0.671038 0.269926 0.732588 
0.561108 0.748808 0.512073 0.713591 0.669369 0.512957 0.577814 0.659946 0.619105 0.573257 
0.682780 0.482347 0.699703 0.294429 0.768938 0.516943 0.615988 0.543749 0.662782 0.441542 
0.560887 0.497805 0.664054 0.377106 0.540100 0.720251 0.226325 0.834598 0.521044 0.585113 
0.605452 0.705450 0.588862 0.663556 0.598314 0.664430 0.616975 0.526966 0.684782 0.520116 
0.290234 0.260247 0.155685 0.311466 0.311056 0.250733 0.286588 0.215471 0.247304 0.281583 
0.316268 0.296787 0.225650 0.298947 0.372851 0.331450 0.265617 0.284300 0.390106 0.345770 
0.296485 0.429931 0.530041 0.465708 0.495851 0.453757 0.400531 0.519056 0.413322 0.438877 
0.339668 0.548606 0.432353 0.697292 0.379729 0.473068 0.442387 0.597690 0.619019 0.516241 
0.297926 0.527014 0.420341 0.812418 0.356414 0.606562 0.625687 0.322025 0.625261 0.648403 
0.321268 0.496458 0.698953 0.362197 0.661216 0.251125 0.386274 0.645164 0.515490 0.494675 
0.409412 0.247347 0.276669 0.253023 0.355203 0.358009 0.219921 0.394669 0.285534 0.245643 
0.484192 0.518784 0.316487 0.617583 0.361385 0.492075 0.328549 0.633306 0.373665 0.438130 
0.542815 0.289750 0.288394 0.642393 0.134168 0.436945 0.294305 0.342021 0.304708 0.341542 
0.537270 0.709936 0.690137 0.631605 0.555271 0.637287 0.793057 0.700073 0.552322 0.652759 
0.482384 0.306104 0.475930 0.445628 0.513277 0.167640 0.410056 0.405121 0.586915 0.316395 
0.500299 0.280762 0.775833 0.220541 0.553654 0.422633 0.634608 0.489202 0.570696 0.608928 
0.425057 0.741746 0.305590 0.826621 0.515258 0.564173 0.504838 0.532281 0.695628 0.704826 
0.564842 0.546136 0.507832 0.730080 0.321351 0.394780 0.488371 0.512342 0.576341 0.423498 
0.734763 0.553668 0.550152 0.599723 0.619740 0.677729 0.502545 0.642651 0.685266 0.473309 
0.786250 0.449311 0.638213 0.465996 0.478327 0.469590 0.638169 0.431360 0.629127 0.354902 
0.411738 0.564936 0.381988 0.303647 0.444111 0.476209 0.486340 0.293282 0.733495 0.249949 
0.476307 0.350286 0.564870 0.393233 0.392627 0.335088 0.461243 0.505909 0.335988 0.442062 
0.619870 0.498450 0.490356 0.448172 0.435775 0.510009 0.632679 0.625371 0.450151 0.505371 
0.343952 0.560957 0.465404 0.424952 0.486100 0.586157 0.463447 0.423610 0.259481 0.739557 
0.330877 0.556411 0.745137 0.255546 0.535878 0.583799 0.424521 0.619326 0.386092 0.496972 
0.774918 0.372409 0.635146 0.287509 0.650915 0.344314 0.735563 0.255962 0.807672 0.275545 
0.403874 0.254510 0.553135 0.293798 0.528257 0.311325 0.486132 0.343158 0.425791 0.484068 
0.503417 0.509026 0.649611 0.601119 0.505499 0.525105 0.697933 0.464356 0.744350 0.520793 
0.486131 0.251669 0.479174 0.315387 0.541047 0.470928 0.391169 0.321241 0.525118 0.452726 
0.711000 0.549273 0.553354 0.734414 0.667135 0.500454 0.674571 0.644016 0.519147 0.656257 
0.744173 0.488051 0.721186 0.592315 0.530287 0.751938 0.500847 0.658544 0.442224 0.600378 
0.444826 0.481921 0.242622 0.459271 0.496451 0.381605 0.342167 0.525808 0.373166 0.321463 
0.527098 0.675066 0.345668 0.826062 0.356739 0.669666 0.614980 0.354202 0.472214 0.744658 
0.643622 0.357441 0.476257 0.489990 0.533163 0.579039 0.344940 0.448725 0.489676 0.221137 
0.698842 0.668606 0.549541 0.570658 0.856082 0.588599 0.626819 0.658182 0.539695 0.692491 
0.467218 0.417678 0.628570 0.574359 0.350843 0.719371 0.678879 0.390574 0.528799 0.556507 
0.500306 0.470086 0.577506 0.603953 0.574101 0.524590 0.583456 0.435029 0.615794 0.466232 
0.576066 0.464907 0.362654 0.436204 0.534781 0.437597 0.464314 0.561805 0.517416 0.232324 
0.505430 0.559266 0.625513 0.713224 0.508925 0.537948 0.425620 0.536728 0.685493 0.520759 
0.376525 0.625052 0.263906 0.631243 0.530051 0.337130 0.574468 0.508031 0.494060 0.384480 
0.487258 0.593624 0.509845 0.699163 0.432061 0.549593 0.390388 0.556270 0.466368 0.552768 
0.290466 0.431366 0.447737 0.546616 0.241397 0.592706 0.539678 0.370197 0.373577 0.495126 
0.370473 0.691886 0.636850 0.339948 0.647931 0.596475 0.428423 0.418927 0.665118 0.629823 
0.658317 0.397257 0.258722 0.446373 0.495413 0.318810 0.398915 0.460362 0.412117 0.352950 
0.278951 0.562656 0.589660 0.200261 0.404334 0.463502 0.575187 0.398940 0.286790 0.569713 
0.645607 0.628186 0.669259 0.704790 0.576292 0.715411 0.484496 0.703572 0.692758 0.640915 
0.328272 0.436215 0.222619 0.530675 0.292752 0.416595 0.197518 0.434552 0.407197 0.228210 
0.504099 0.602239 0.609368 0.286849 0.660023 0.308719 0.464632 0.537989 0.299123 0.519649 
0.359409 0.334684 0.204546 0.456803 0.317012 0.386810 0.146032 0.392489 0.348953 0.293474 
0.541894 0.593392 0.697361 0.558130 0.677992 0.495854 0.511639 0.659385 0.564181 0.574824 
0.403778 0.591899 0.614466 0.441878 0.427534 0.481751 0.615714 0.619148 0.296624 0.737199 
0.550417 0.397691 0.416826 0.587037 0.590816 0.478808 0.503332 0.383234 0.487598 0.478738 
0.608828 0.573962 0.513488 0.501253 0.467416 0.637552 0.365062 0.594033 0.628272 0.427690 
0.308855 0.317256 0.428975 0.373828 0.275464 0.509896 0.330808 0.262068 0.498554 0.332427 
0.368098 0.211661 0.241506 0.404021 0.271514 0.310782 0.254426 0.396889 0.275648 0.365105 
0.215759 0.622962 0.451129 0.467883 0.412925 0.564332 0.462769 0.402056 0.495964 0.538717 
0.201249 0.540219 0.629726 0.367541 0.672082 0.420770 0.499334 0.444524 0.861576 0.471189 
0.489503 0.766823 0.547346 0.769737 0.424942 0.458049 0.815008 0.543409 0.733337 0.540997 
0.415922 0.580899 0.542369 0.674720 0.215445 0.681490 0.696299 0.305641 0.527329 0.581793 
0.254866 0.434427 0.371319 0.312202 0.304485 0.408680 0.275815 0.356415 0.343355 0.475471 
0.454517 0.447871 0.606191 0.555842 0.537774 0.505004 0.587986 0.382030 0.508413 0.522772 
0.382866 0.436339 0.399629 0.556614 0.354099 0.551651 0.422450 0.604282 0.458373 0.527633 
0.508059 0.209401 0.465733 0.254605 0.282817 0.557361 0.197413 0.475481 0.282666 0.419869 
0.344608 0.430822 0.327139 0.379238 0.712905 0.254361 0.322479 0.474411 0.326098 0.420152 
0.411109 0.626801 0.454250 0.684684 0.457578 0.624580 0.387461 0.497074 0.709152 0.550833 
0.751561 0.659344 0.505105 0.767467 0.655773 0.650522 0.726483 0.520890 0.827223 0.519411 
0.265500 0.625867 0.466690 0.494750 0.431595 0.596787 0.458122 0.572781 0.652215 0.498298 
0.575108 0.398378 0.411195 0.373041 0.415660 0.440203 0.517360 0.361714 0.504140 0.187271 
0.635653 0.373234 0.494980 0.538013 0.491605 0.454534 0.392227 0.608102 0.482456 0.448223 
0.425445 0.830162 0.498370 0.685539 0.468246 0.706926 0.598727 0.584802 0.619762 0.676876 
0.444285 0.400262 0.475420 0.474362 0.489370 0.466863 0.431498 0.515876 0.486490 0.647001 
0.686883 0.272429 0.332506 0.592641 0.455112 0.636258 0.280579 0.637707 0.441834 0.340568 
