2
1000
0.484985 0.140645 
0.813851 0.386928 
0.094736 0.224001 
0.791331 0.899617 
0.865869 0.661066 
0.537494 0.661100 
0.099388 0.416599 
0.783495 0.202821 
0.807305 0.377603 
0.375526 0.469951 
0.460983 0.746415 
0.992637 0.244847 
0.149661 0.349523 
0.427749 0.174903 
0.597779 0.866182 
0.924425 0.804625 
0.329961 0.651509 
0.908035 0.339648 
0.459939 0.191235 
0.079271 0.303133 
0.753096 0.281861 
0.237121 0.290120 
0.049801 0.004882 
0.048705 0.581147 
0.334686 0.071986 
0.863781 0.561850 
0.020572 0.759649 
0.424046 0.941822 
0.200120 0.424788 
0.414707 0.973084 
0.626770 0.129953 
0.119348 0.882021 
0.134814 0.818621 
0.564003 0.203075 
0.079517 0.436168 
0.675174 0.652064 
0.243938 0.873292 
0.425468 0.843303 
0.395900 0.899401 
0.240797 0.067589 
0.975122 0.882444 
0.240993 0.367961 
0.328845 0.891209 
0.542975 0.779211 
0.198760 0.558822 
0.115214 0.394256 
0.258285 0.001397 
0.479898 0.649746 
0.282723 0.719434 
0.521727 0.673862 
0.600150 0.715941 
0.826447 0.091805 
0.966179 0.577257 
0.965837 0.823366 
0.304759 0.079725 
0.938320 0.336150 
0.677245 0.463622 
0.089457 0.501125 
0.415211 0.458269 
0.134382 0.552565 
0.960727 0.932712 
0.086488 0.603584 
0.433873 0.101058 
0.488745 0.335039 
0.998026 0.830047 
0.600158 0.855313 
0.251378 0.911383 
0.607729 0.096221 
0.191027 0.593891 
0.527637 0.990120 
0.949410 0.741146 
0.443999 0.294505 
0.749601 0.545922 
0.316254 0.286501 
0.223682 0.418474 
0.287292 0.522945 
0.134950 0.099640 
0.646971 0.641045 
0.036416 0.045813 
0.986907 0.946594 
0.402264 0.848663 
0.474069 0.674294 
0.855789 0.242422 
0.386126 0.621508 
0.685571 0.383882 
0.900459 0.009621 
0.699496 0.430922 
0.510311 0.788702 
0.706458 0.437561 
0.088227 0.837562 
0.901604 0.261949 
0.582221 0.386755 
0.187983 0.431796 
0.196641 0.947370 
0.450058 0.124468 
0.931809 0.910931 
0.017778 0.801582 
0.194405 0.365153 
0.122932 0.122893 
0.456963 0.169645 
0.223990 0.601565 
0.502868 0.703622 
0.771317 0.530288 
0.557709 0.408579 
0.983809 0.883543 
0.704173 0.032432 
0.088830 0.958779 
0.199987 0.176718 
0.105827 0.633521 
0.586926 0.470377 
0.625790 0.645326 
0.996947 0.681119 
0.572495 0.915830 
0.362555 0.457255 
0.078430 0.171629 
0.571304 0.910762 
0.175366 0.381533 
0.431069 0.975640 
0.586580 0.649765 
0.605067 0.366314 
0.638133 0.096846 
0.684357 0.987949 
0.453055 0.492899 
0.147247 0.773563 
0.265903 0.025482 
0.274469 0.001241 
0.862682 0.098013 
0.306927 0.528817 
0.829864 0.532362 
0.410041 0.565973 
0.315371 0.440473 
0.036446 0.548274 
0.844444 0.563884 
0.199383 0.038072 
0.872790 0.985699 
0.649476 0.750973 
0.604738 0.838385 
0.736074 0.190068 
0.464527 0.300052 
0.981608 0.892529 
0.741563 0.456896 
0.044949 0.454607 
0.583134 0.727010 
0.855002 0.022487 
0.936671 0.624706 
0.439282 0.006505 
0.333995 0.455008 
0.326404 0.869114 
0.201053 0.104003 
0.983330 0.830279 
0.504014 0.956341 
0.230932 0.266387 
0.167888 0.690035 
0.421952 0.745583 
0.009239 0.284159 
0.853679 0.782865 
0.606363 0.139813 
0.840854 0.239959 
0.998227 0.203369 
0.017603 0.861286 
0.631240 0.246052 
0.396220 0.266702 
0.461292 0.930735 
0.859645 0.055560 
0.794099 0.424628 
0.715079 0.328442 
0.126932 0.353447 
0.388475 0.100289 
0.564897 0.223184 
0.061774 0.235549 
0.872907 0.952787 
0.488686 0.348259 
0.187546 0.088603 
0.156925 0.430951 
0.001329 0.337992 
0.628767 0.688188 
0.371935 0.117953 
0.433781 0.555421 
0.959427 0.084353 
0.724823 0.095563 
0.131491 0.967013 
0.579579 0.984898 
0.173016 0.887436 
0.132291 0.416722 
0.846957 0.798354 
0.928528 0.778135 
0.121506 0.154222 
0.009271 0.823341 
0.886518 0.700327 
0.389901 0.073100 
0.596078 0.284704 
0.025166 0.970656 
0.815284 0.469910 
0.783361 0.941642 
0.172630 0.399125 
0.096711 0.425252 
0.210788 0.709987 
0.756369 0.285866 
0.547551 0.696298 
0.688364 0.329035 
0.092749 0.837508 
0.003967 0.666876 
0.185397 0.968524 
0.982455 0.126879 
0.461429 0.237534 
0.228087 0.457461 
0.544533 0.969553 
0.278371 0.587938 
0.465635 0.931178 
0.315475 0.187123 
0.982315 0.766055 
0.087636 0.892094 
0.415792 0.220295 
0.505977 0.961072 
0.736528 0.827117 
0.353575 0.529504 
0.366841 0.490469 
0.305174 0.063844 
0.024316 0.680387 
0.257922 0.889245 
0.545030 0.316877 
0.747845 0.022799 
0.184940 0.286982 
0.301082 0.281172 
0.650197 0.857850 
0.881502 0.401869 
0.219251 0.943706 
0.874470 0.216392 
0.893532 0.598796 
0.961853 0.859635 
0.891057 0.001330 
0.356360 0.347956 
0.093879 0.823795 
0.522659 0.330991 
0.969135 0.254917 
0.393018 0.449049 
0.174939 0.201716 
0.242680 0.720322 
0.459355 0.379370 
0.075040 0.199934 
0.293254 0.725688 
0.637936 0.784084 
0.106316 0.855959 
0.107914 0.711112 
0.664939 0.634322 
0.050817 0.084227 
0.596089 0.474877 
0.261880 0.424380 
0.554839 0.181012 
0.272629 0.078771 
0.906386 0.622491 
0.199390 0.142233 
0.509213 0.336932 
0.824082 0.350136 
0.732549 0.955182 
0.746590 0.945933 
0.292279 0.329202 
0.894104 0.210321 
0.861782 0.977796 
0.824822 0.781760 
0.038294 0.605906 
0.458341 0.343321 
0.194700 0.314846 
0.618590 0.641651 
0.229096 0.415740 
0.333873 0.404554 
0.346675 0.563936 
0.077040 0.817172 
0.209227 0.470143 
0.700247 0.053087 
0.235045 0.406599 
0.714321 0.586111 
0.770998 0.171433 
0.266487 0.843576 
0.982779 0.566276 
0.408029 0.736907 
0.197625 0.482367 
0.149664 0.401224 
0.366377 0.703662 
0.440550 0.326553 
0.368810 0.581360 
0.910280 0.083566 
0.489305 0.754372 
0.724493 0.548311 
0.462633 0.470694 
0.952573 0.894692 
0.091339 0.133909 
0.609622 0.917229 
0.869243 0.360850 
0.798170 0.850464 
0.755285 0.081919 
0.809237 0.851401 
0.489113 0.521228 
0.280371 0.189264 
0.965284 0.530014 
0.942068 0.340332 
0.967018 0.674990 
0.562073 0.757499 
0.291194 0.097682 
0.748163 0.367873 
0.838117 0.231012 
0.619230 0.395333 
0.359214 0.307806 
0.291940 0.637310 
0.275384 0.372043 
0.921688 0.816276 
0.158422 0.596681 
0.416792 0.029537 
0.421218 0.403923 
0.730369 0.316614 
0.325195 0.544871 
0.639789 0.932032 
0.666289 0.320814 
0.925752 0.121806 
0.199749 0.185145 
0.729269 0.829516 
0.681243 0.655021 
0.937415 0.138343 
0.129508 0.645400 
0.240478 0.720277 
0.702138 0.835292 
0.748907 0.882370 
0.997500 0.986492 
0.977228 0.264998 
0.820459 0.448891 
0.514913 0.138282 
0.105772 0.713484 
0.530703 0.531121 
0.550881 0.659965 
0.030839 0.304216 
0.951838 0.547546 
0.604480 0.487033 
0.567395 0.209402 
0.412279 0.174793 
0.739439 0.744539 
0.463091 0.165400 
0.880506 0.668552 
0.352093 0.628086 
0.245559 0.101865 
0.044979 0.963251 
0.355523 0.272505 
0.985726 0.098014 
0.313149 0.101359 
0.536096 0.159217 
0.959995 0.638527 
0.715841 0.137923 
0.077089 0.629126 
0.728595 0.499900 
0.816834 0.522900 
0.374790 0.097353 
0.213237 0.871031 
0.420181 0.977964 
0.637423 0.174374 
0.700958 0.997066 
0.684286 0.800908 
0.853652 0.322471 
0.764438 0.901130 
0.288194 0.674451 
0.505132 0.756775 
0.121769 0.570916 
0.386943 0.352842 
0.208717 0.899252 
0.722318 0.996592 
0.716072 0.021892 
0.940597 0.615556 
0.653614 0.298509 
0.035355 0.213455 
0.531236 0.486788 
0.452627 0.296521 
0.624898 0.657383 
0.634998 0.419612 
0.426804 0.288454 
0.040063 0.335661 
0.450338 0.834557 
0.398083 0.572750 
0.216123 0.378703 
0.868799 0.897217 
0.523432 0.323742 
0.139676 0.540426 
0.943277 0.659058 
0.794142 0.145209 
0.530771 0.666062 
0.503229 0.765763 
0.179719 0.545149 
0.318244 0.722566 
0.171396 0.655326 
0.057700 0.763169 
0.577475 0.614459 
0.214047 0.483545 
0.936627 0.893332 
0.232980 0.689146 
0.479167 0.356672 
0.590441 0.549729 
0.293262 0.854878 
0.932205 0.561138 
0.044044 0.244747 
0.467203 0.276592 
0.684821 0.780093 
0.026450 0.553020 
0.602143 0.219846 
0.943709 0.915590 
0.315930 0.843895 
0.346589 0.120918 
0.271200 0.063471 
0.756553 0.379677 
0.224431 0.013794 
0.837414 0.414588 
0.972860 0.856566 
0.299733 0.611882 
0.895320 0.640768 
0.390832 0.713990 
0.024153 0.942637 
0.892714 0.835883 
0.683732 0.476790 
0.415916 0.298557 
0.839468 0.931960 
0.444460 0.035943 
0.089667 0.039161 
0.176946 0.933853 
0.264920 0.506513 
0.964253 0.204185 
0.743584 0.412585 
0.312569 0.351221 
0.970400 0.515194 
0.873744 0.017555 
0.047758 0.672776 
0.339626 0.090957 
0.710675 0.310751 
0.784013 0.908921 
0.232062 0.271645 
0.534179 0.941451 
0.973610 0.459759 
0.176869 0.642478 
0.135263 0.361535 
0.316535 0.011711 
0.820962 0.909776 
0.597692 0.406369 
0.838491 0.521902 
0.614104 0.242550 
0.545805 0.342608 
0.218625 0.429136 
0.486855 0.578129 
0.614296 0.470677 
0.674205 0.358643 
0.721239 0.866017 
0.144522 0.976890 
0.586333 0.500600 
0.583608 0.693542 
0.353393 0.480397 
0.033807 0.190573 
0.965678 0.144752 
0.839078 0.380177 
0.637418 0.085310 
0.800929 0.208499 
0.245785 0.909746 
0.098111 0.954738 
0.283960 0.508031 
0.483038 0.420810 
0.546818 0.371136 
0.691151 0.177509 
0.398743 0.672851 
0.603357 0.629146 
0.057655 0.006202 
0.242605 0.467696 
0.573287 0.236342 
0.204126 0.738052 
0.437564 0.140774 
0.982271 0.035737 
0.638935 0.581453 
0.478732 0.045536 
0.329505 0.992710 
0.475473 0.283006 
0.485990 0.033143 
0.028081 0.959196 
0.208680 0.291370 
0.050775 0.375611 
0.901675 0.457795 
0.161636 0.613170 
0.552191 0.667371 
0.503434 0.223594 
0.942201 0.577391 
0.202230 0.877865 
0.281181 0.813572 
0.709177 0.142603 
0.723373 0.735332 
0.716721 0.930833 
0.517356 0.206004 
0.312999 0.567720 
0.676402 0.292657 
0.694137 0.367992 
0.839492 0.337272 
0.523432 0.324369 
0.662699 0.988852 
0.635288 0.280437 
0.310877 0.908778 
0.839948 0.009774 
0.278660 0.445929 
0.733029 0.022377 
0.084013 0.999497 
0.547412 0.347276 
0.673555 0.436421 
0.924854 0.013337 
0.155864 0.601676 
0.371547 0.586683 
0.387282 0.046337 
0.792684 0.636621 
0.685689 0.375395 
0.269105 0.851117 
0.729366 0.447689 
0.302782 0.855833 
0.980042 0.559583 
0.911914 0.543204 
0.630473 0.365852 
0.870610 0.341332 
0.758580 0.446367 
0.092501 0.660693 
0.259501 0.440500 
0.489742 0.085426 
0.749100 0.120875 
0.545007 0.935185 
0.649917 0.151236 
0.818006 0.228813 
0.661565 0.915239 
0.417955 0.572137 
0.908967 0.005550 
0.282785 0.763777 
0.792640 0.892450 
0.415103 0.643334 
0.521311 0.678348 
0.995134 0.210356 
0.451179 0.957084 
0.706031 0.264545 
0.206176 0.203269 
0.341344 0.966284 
0.327727 0.102147 
0.776544 0.369215 
0.398346 0.006811 
0.476147 0.596414 
0.935640 0.306642 
0.726283 0.639237 
0.660477 0.636339 
0.942244 0.295069 
0.217403 0.885911 
0.498279 0.569243 
0.266564 0.133910 
0.617910 0.215747 
0.055279 0.071339 
0.998675 0.728243 
0.575534 0.999654 
0.184131 0.691177 
0.617813 0.583166 
0.272672 0.801129 
0.581156 0.482519 
0.689266 0.492712 
0.004192 0.460920 
0.679720 0.049802 
0.017459 0.429930 
0.838900 0.385448 
0.228936 0.731193 
0.162549 0.956172 
0.388973 0.475530 
0.229660 0.902230 
0.786099 0.972088 
0.885932 0.854981 
0.667013 0.490333 
0.030972 0.550290 
0.718582 0.207752 
0.688540 0.290964 
0.226361 0.449720 
0.439644 0.091711 
0.384259 0.238753 
0.728878 0.248150 
0.661362 0.516270 
0.951178 0.447524 
0.532623 0.792644 
0.965040 0.428088 
0.882698 0.501285 
0.094475 0.841587 
0.549171 0.921427 
0.431248 0.982641 
0.246314 0.793027 
0.406854 0.997669 
0.822949 0.297020 
0.012684 0.177221 
0.549376 0.360099 
0.189224 0.293054 
0.354777 0.734129 
0.504551 0.990695 
0.613599 0.758852 
0.030373 0.485007 
0.520771 0.604221 
0.137427 0.731643 
0.728722 0.639011 
0.856627 0.325167 
0.087498 0.571450 
0.357003 0.152579 
0.403460 0.950903 
0.834435 0.345695 
0.103188 0.276431 
0.968108 0.988460 
0.040194 0.543276 
0.840391 0.450210 
0.675395 0.358476 
0.909647 0.441778 
0.954944 0.751597 
0.087362 0.288748 
0.993411 0.259466 
0.836782 0.796302 
0.446477 0.936573 
0.988948 0.252333 
0.960535 0.704522 
0.905786 0.542706 
0.262058 0.402040 
0.079405 0.559921 
0.595071 0.365753 
0.213212 0.452399 
0.463893 0.649280 
0.441867 0.454845 
0.574081 0.580544 
0.210581 0.236159 
0.130648 0.796346 
0.182696 0.564766 
0.026002 0.011593 
0.841791 0.976221 
0.345789 0.667757 
0.995658 0.028068 
0.736332 0.538625 
0.674215 0.529618 
0.295759 0.819885 
0.815304 0.809958 
0.968718 0.237286 
0.062212 0.602823 
0.654398 0.466782 
0.203871 0.459524 
0.228004 0.067631 
0.669501 0.309622 
0.811994 0.183616 
0.036450 0.607097 
0.482459 0.693486 
0.413775 0.316628 
0.570035 0.573035 
0.996688 0.342759 
0.756544 0.239999 
0.669526 0.725609 
0.308509 0.117701 
0.208262 0.251300 
0.601131 0.208927 
0.431206 0.279191 
0.366840 0.475458 
0.015697 0.812836 
0.333363 0.832825 
0.294202 0.657671 
0.482503 0.426370 
0.006870 0.465815 
0.944338 0.495448 
0.991774 0.741756 
0.685226 0.593331 
0.116381 0.010651 
0.015839 0.205607 
0.644408 0.559191 
0.316335 0.650700 
0.312457 0.470975 
0.674488 0.114564 
0.472800 0.352603 
0.198039 0.438953 
0.485722 0.525937 
0.415889 0.854144 
0.597706 0.639344 
0.455369 0.381134 
0.711231 0.657674 
0.522863 0.766744 
0.663517 0.724545 
0.424982 0.667972 
0.600860 0.647100 
0.816791 0.804596 
0.836594 0.640882 
0.304129 0.493981 
0.346060 0.223088 
0.433709 0.350246 
0.586968 0.176394 
0.649658 0.801441 
0.825347 0.613606 
0.880693 0.810659 
0.748663 0.786025 
0.724573 0.894040 
0.122229 0.294635 
0.925457 0.155631 
0.685510 0.361578 
0.039958 0.575620 
0.443314 0.776070 
0.404515 0.679798 
0.360546 0.703141 
0.698081 0.645694 
0.176836 0.075544 
0.669427 0.067600 
0.159629 0.885800 
0.636464 0.044822 
0.316467 0.854026 
0.619802 0.014911 
0.611528 0.943843 
0.176690 0.635227 
0.266320 0.038903 
0.837944 0.331804 
0.629452 0.204174 
0.545694 0.479612 
0.831998 0.382635 
0.950802 0.132168 
0.350623 0.923189 
0.038137 0.962902 
0.489596 0.647989 
0.751898 0.154936 
0.006571 0.439532 
0.219886 0.623006 
0.869449 0.835476 
0.840746 0.411727 
0.902455 0.555709 
0.805436 0.967394 
0.984273 0.670749 
0.277224 0.305595 
0.135493 0.228935 
0.714546 0.381673 
0.783652 0.840143 
0.279616 0.503471 
0.838332 0.840847 
0.108633 0.794142 
0.146062 0.868390 
0.027042 0.496093 
0.837392 0.046271 
0.673012 0.314498 
0.765875 0.052922 
0.457052 0.674085 
0.338391 0.345835 
0.441777 0.951368 
0.638828 0.775729 
0.685638 0.518784 
0.195117 0.337392 
0.555126 0.008019 
0.781920 0.728499 
0.879051 0.209371 
0.905068 0.473819 
0.469718 0.546789 
0.883968 0.858453 
0.013019 0.803981 
0.510624 0.050886 
0.242921 0.765624 
0.842828 0.413912 
0.613879 0.462375 
0.136443 0.193962 
0.911655 0.189630 
0.105063 0.793274 
0.561725 0.910176 
0.332001 0.937706 
0.016448 0.449018 
0.642276 0.739855 
0.744451 0.992344 
0.321177 0.017149 
0.218461 0.667304 
0.379873 0.527190 
0.486542 0.305801 
0.604860 0.878117 
0.509033 0.315954 
0.237859 0.695769 
0.781627 0.801541 
0.500668 0.724074 
0.511568 0.916549 
0.436271 0.408410 
0.142164 0.354197 
0.990158 0.590633 
0.763667 0.943652 
0.958464 0.902130 
0.091017 0.728705 
0.351619 0.657508 
0.742131 0.996003 
0.825725 0.956722 
0.627227 0.812192 
0.507585 0.976603 
0.765908 0.614589 
0.397956 0.445637 
0.823759 0.919395 
0.266743 0.155295 
0.044098 0.161591 
0.856008 0.928877 
0.630475 0.396422 
0.657210 0.735720 
0.245995 0.435196 
0.347083 0.416963 
0.905086 0.772262 
0.400193 0.044540 
0.589449 0.871517 
0.583671 0.756331 
0.658872 0.660730 
0.887121 0.850345 
0.747344 0.615455 
0.952170 0.114904 
0.193915 0.133425 
0.466590 0.978640 
0.000106 0.785938 
0.265565 0.356498 
0.666854 0.819741 
0.391524 0.346197 
0.534066 0.043330 
0.245389 0.256573 
0.219024 0.137156 
0.182762 0.677809 
0.935618 0.933700 
0.687602 0.534424 
0.064391 0.211941 
0.099097 0.525017 
0.955914 0.053580 
0.512401 0.928246 
0.037602 0.973237 
0.187699 0.661914 
0.781666 0.460889 
0.164706 0.205653 
0.409232 0.957999 
0.090842 0.776192 
0.457966 0.038500 
0.062563 0.490155 
0.034764 0.281166 
0.555059 0.884497 
0.743205 0.050866 
0.900713 0.275837 
0.000115 0.936893 
0.366423 0.471953 
0.110599 0.834216 
0.676310 0.742755 
0.476725 0.312406 
0.601966 0.244643 
0.722008 0.796752 
0.009630 0.845826 
0.792947 0.063020 
0.170218 0.855496 
0.317468 0.681417 
0.571173 0.706504 
0.215025 0.920564 
0.914663 0.747059 
0.826547 0.768832 
0.751885 0.930092 
0.057455 0.654231 
0.660246 0.753043 
0.390985 0.290697 
0.736295 0.905284 
0.110247 0.924525 
0.492483 0.163965 
0.762109 0.771436 
0.520370 0.854940 
0.974301 0.080705 
0.403905 0.427113 
0.490399 0.130170 
0.769559 0.974874 
0.701480 0.781500 
0.670765 0.548619 
0.641474 0.261251 
0.839560 0.484038 
0.229378 0.149809 
0.831930 0.241081 
0.849024 0.539873 
0.642381 0.493940 
0.651219 0.035181 
0.281994 0.474234 
0.446096 0.541913 
0.934541 0.834148 
0.531844 0.708919 
0.799249 0.986314 
0.983305 0.404908 
0.293690 0.051475 
0.137611 0.834267 
0.517152 0.768099 
0.445725 0.306629 
0.515652 0.562745 
0.054441 0.985338 
0.577584 0.446487 
0.105646 0.599785 
0.594108 0.179335 
0.075152 0.081088 
0.847550 0.776536 
0.242295 0.250036 
0.355301 0.546957 
0.710125 0.074516 
0.384101 0.577170 
0.489424 0.745783 
0.383148 0.566938 
0.530051 0.561486 
0.898575 0.350243 
0.539681 0.425078 
0.282301 0.637344 
0.845699 0.662202 
0.637122 0.110040 
0.439779 0.371548 
0.605021 0.580319 
0.429607 0.409943 
0.910258 0.707063 
0.600931 0.849137 
0.442596 0.714821 
0.993056 0.295342 
0.807639 0.982497 
0.820194 0.999467 
0.046211 0.667324 
0.708721 0.481972 
0.510970 0.867045 
0.418641 0.105208 
0.229717 0.853627 
0.914239 0.621870 
0.771919 0.638663 
0.002581 0.375014 
0.862549 0.859272 
0.791091 0.870798 
0.500978 0.931333 
0.915833 0.406461 
0.384246 0.024287 
0.198869 0.395506 
0.271797 0.095663 
0.812595 0.283906 
0.602787 0.033235 
0.575613 0.320659 
0.315854 0.557905 
0.714930 0.832402 
0.174773 0.414856 
0.477851 0.243563 
0.568479 0.424869 
0.774217 0.270725 
0.071684 0.785719 
0.583392 0.063319 
0.208052 0.729724 
0.463365 0.771336 
0.841895 0.734744 
0.834482 0.138812 
0.011100 0.564176 
0.113827 0.087532 
0.145177 0.997639 
0.311934 0.668681 
0.518776 0.075507 
0.045376 0.638987 
0.458053 0.500231 
0.375254 0.896181 
0.119903 0.218097 
0.562290 0.407468 
0.306375 0.240584 
0.492887 0.958850 
0.395926 0.334587 
0.399506 0.501530 
0.215708 0.404681 
0.466549 0.283846 
0.601426 0.167855 
0.141454 0.412230 
0.346129 0.386892 
0.497419 0.128473 
0.237536 0.262899 
0.537543 0.477006 
0.045340 0.027043 
0.518398 0.720088 
0.521439 0.825888 
0.701125 0.799556 
0.130078 0.221495 
0.668841 0.213145 
0.326755 0.778438 
0.202604 0.169343 
0.141389 0.331189 
0.294528 0.134948 
0.071997 0.055503 
0.843047 0.084150 
0.311931 0.623061 
0.785009 0.652084 
0.573757 0.138760 
0.144956 0.277163 
0.272820 0.277432 
0.795013 0.784488 
0.884257 0.710465 
0.785542 0.612713 
0.870460 0.829090 
0.523199 0.404758 
0.776104 0.975785 
0.017568 0.259829 
0.952221 0.977041 
0.133582 0.104507 
0.447822 0.551979 
0.106154 0.126771 
0.645046 0.289972 
0.566885 0.641593 
0.260238 0.826794 
0.928617 0.270123 
0.959287 0.730424 
0.235821 0.438412 
0.389962 0.097783 
0.444066 0.422723 
0.710989 0.586749 
0.484672 0.880377 
0.504146 0.182169 
0.709417 0.175625 
0.724057 0.225122 
0.633503 0.281479 
0.813581 0.861275 
0.447977 0.157205 
0.141995 0.515213 
0.183661 0.782428 
0.262912 0.759350 
0.389460 0.655776 
0.630432 0.674674 
0.242388 0.812907 
0.530829 0.640562 
