6 rbox s 10 D6
10
-0.3424738573991419 -0.2523813004174093 0.1750790220349235 -0.02832294083154293 0.02244419586877558 -0.1925012761919291 
-0.329575956434462 0.1301441871573085 0.1304582894061691 0.3162879440531843 -0.08476533352143351 0.01412759336543923 
0.1852361654854451 -0.2604927629578078 -0.2499205893812584 0.01662273718823853 0.09578965297994216 -0.2755336811290655 
-0.08827056873366669 -0.3279606769606911 -0.06247459461127798 0.1414129229542367 0.06736769520160756 0.3259002991036356 
0.2891663831781232 0.02249463335054966 -0.3408472613579386 0.128574369439235 -0.07016893511880239 0.1680621635065334 
0.2685644655355966 0.1716146760844417 -0.15548000480819 -0.2961949329637175 0.1545210490707812 -0.1124246680650686 
0.08293573323124692 0.1603273616507386 0.3070339661354873 -0.08420051739264085 -0.1581705515953175 0.3017271853470711 
0.1599186733104691 0.1819646819094711 0.1088233443574957 -0.3069046239877797 0.09454240368855529 0.2763035248902266 
-0.2288289162261467 -0.0640191251841457 0.2682990998281574 -0.02241900341887244 -0.2640009828059275 -0.2266171685994534 
-0.08728746839012602 -0.2068407855160104 -0.008362264630073878 0.2466366256906446 0.2538013576191843 -0.2725492718354076 
