10
1000
0.577021 0.989556 0.471646 0.953554 0.376400 0.150145 0.494026 0.095442 0.097840 0.398915 
0.559028 0.582718 0.737444 0.218705 0.776946 0.135503 0.393086 0.588115 0.447701 0.511519 
0.100180 0.729590 0.217252 0.346903 0.403663 0.357432 0.366715 0.385050 0.535559 0.142488 
0.800427 0.769247 0.733452 0.134770 0.074357 0.714964 0.403750 0.827921 0.870192 0.313432 
0.850196 0.245958 0.822987 0.935143 0.946240 0.457166 0.587882 0.536802 0.026482 0.075837 
0.589467 0.166579 0.689822 0.832583 0.227496 0.518348 0.867405 0.479421 0.626035 0.769251 
0.809039 0.526728 0.710559 0.357938 0.869729 0.535743 0.227095 0.788867 0.494884 0.509947 
0.686051 0.458464 0.409553 0.354609 0.920353 0.381269 0.987233 0.424919 0.617822 0.728909 
0.769363 0.683439 0.563912 0.674014 0.147234 0.557555 0.822950 0.318589 0.530828 0.625489 
0.589139 0.666606 0.640742 0.948016 0.305937 0.875023 0.518172 0.922421 0.125120 0.899346 
0.311110 0.825274 0.374504 0.291923 0.353628 0.425177 0.945929 0.230357 0.602222 0.544795 
0.370477 0.607400 0.572714 0.607818 0.604120 0.445131 0.315713 0.189904 0.720985 0.596881 
0.780308 0.630133 0.653721 0.095169 0.507690 0.749244 0.548771 0.197645 0.818236 0.093842 
0.203626 0.336789 0.409655 0.074031 0.246257 0.848134 0.586616 0.255910 0.075221 0.242913 
0.632200 0.386616 0.854379 0.546430 0.846512 0.320234 0.177344 0.625962 0.544503 0.460573 
0.849857 0.551414 0.612956 0.946661 0.523751 0.687552 0.694318 0.403598 0.269841 0.217986 
0.691451 0.219976 0.143341 0.137098 0.214155 0.298073 0.709733 0.476072 0.348766 0.707606 
0.728599 0.556852 0.017318 0.062829 0.971800 0.044540 0.579236 0.214703 0.518725 0.217909 
0.397627 0.918992 0.493897 0.931889 0.265535 0.841226 0.481959 0.276539 0.784139 0.016820 
0.699156 0.719888 0.150160 0.739805 0.908141 0.127378 0.847658 0.581352 0.777005 0.126571 
0.286274 0.401275 0.231207 0.892327 0.339863 0.083430 0.214078 0.009367 0.434461 0.992509 
0.100743 0.188759 0.471059 0.096257 0.795309 0.758051 0.570169 0.825456 0.440578 0.798882 
0.805862 0.118159 0.904392 0.119111 0.895159 0.944005 0.889020 0.765700 0.113596 0.204573 
0.250044 0.484295 0.552781 0.597046 0.545990 0.453708 0.462479 0.878788 0.794047 0.546509 
0.175249 0.411292 0.582131 0.869410 0.167769 0.694350 0.943664 0.166450 0.518849 0.302455 
0.355961 0.640953 0.497885 0.952807 0.825854 0.127710 0.420432 0.194937 0.302280 0.411658 
0.730440 0.508859 0.397227 0.192838 0.024936 0.094678 0.251857 0.956515 0.140126 0.098382 
0.511438 0.741123 0.061141 0.597447 0.292845 0.840119 0.875767 0.022065 0.848101 0.035389 
0.786415 0.281168 0.596821 0.770135 0.653204 0.407970 0.746691 0.642056 0.030187 0.359023 
0.092045 0.993246 0.477684 0.439978 0.707397 0.219536 0.748009 0.792637 0.855080 0.322165 
0.627921 0.466931 0.714789 0.465019 0.572313 0.872155 0.316746 0.547453 0.042125 0.993000 
0.343741 0.259516 0.686976 0.009303 0.363838 0.017704 0.559483 0.226662 0.511283 0.136445 
0.232945 0.101378 0.859739 0.641370 0.506884 0.197432 0.239410 0.757156 0.513103 0.721763 
0.672866 0.855226 0.778244 0.948134 0.284748 0.757840 0.012231 0.563126 0.460661 0.321058 
0.024829 0.301422 0.998460 0.109040 0.635398 0.141274 0.393075 0.408210 0.788565 0.411978 
0.109598 0.009103 0.002435 0.932310 0.340416 0.370951 0.581116 0.822795 0.711414 0.742077 
0.091322 0.846642 0.515108 0.423878 0.116150 0.139400 0.901236 0.077826 0.025853 0.507343 
0.906492 0.407646 0.311176 0.938199 0.311054 0.879950 0.319688 0.991871 0.380143 0.068871 
0.522690 0.852298 0.569666 0.369823 0.619655 0.541966 0.827381 0.796558 0.742606 0.974619 
0.418461 0.069250 0.880167 0.970673 0.106964 0.751737 0.438113 0.373408 0.874802 0.789040 
0.402513 0.034385 0.908537 0.779526 0.495294 0.414636 0.795036 0.164286 0.150040 0.725540 
0.159144 0.741210 0.521855 0.810226 0.470179 0.300741 0.552958 0.564601 0.255271 0.346146 
0.667601 0.363267 0.424564 0.641817 0.025403 0.946679 0.826256 0.886140 0.351232 0.148497 
0.789101 0.428456 0.059957 0.699013 0.308020 0.886912 0.336454 0.779686 0.182291 0.757289 
0.747884 0.679478 0.994592 0.107146 0.799051 0.648994 0.639685 0.183418 0.704435 0.446098 
0.561377 0.069020 0.024585 0.194722 0.701038 0.350746 0.986275 0.319856 0.815070 0.874922 
0.821142 0.926129 0.445082 0.497991 0.727186 0.810106 0.455147 0.661041 0.117468 0.291085 
0.272957 0.581319 0.231398 0.101209 0.016842 0.065978 0.896018 0.371611 0.671489 0.708559 
0.744442 0.828820 0.970631 0.399547 0.182604 0.028646 0.446634 0.576979 0.287147 0.086698 
0.131492 0.985710 0.823355 0.126012 0.888182 0.668366 0.225787 0.806310 0.654765 0.637467 
0.909857 0.964599 0.007219 0.330434 0.602043 0.543187 0.340279 0.076205 0.780868 0.053090 
0.282184 0.658697 0.725176 0.035856 0.628069 0.962612 0.616210 0.645766 0.385031 0.221589 
0.241041 0.181716 0.101905 0.710189 0.149092 0.785488 0.699118 0.069837 0.753015 0.917349 
0.886834 0.013406 0.316600 0.102573 0.952487 0.446399 0.629030 0.102221 0.026759 0.741644 
0.814935 0.613485 0.845720 0.012675 0.030813 0.871973 0.251337 0.221206 0.816344 0.285278 
0.670493 0.982293 0.392831 0.313595 0.585489 0.308301 0.616278 0.780300 0.497414 0.035910 
0.540115 0.718753 0.082432 0.438889 0.415043 0.630367 0.585392 0.681496 0.908559 0.146818 
0.563692 0.972407 0.245727 0.930737 0.904655 0.529379 0.280307 0.121536 0.659461 0.562723 
0.680520 0.504434 0.022105 0.519134 0.085345 0.386740 0.943479 0.059757 0.330770 0.258599 
0.268794 0.620528 0.210954 0.498311 0.118764 0.060820 0.206002 0.278273 0.934554 0.055588 
0.262022 0.805905 0.846082 0.102530 0.214523 0.485279 0.091989 0.063982 0.338409 0.642047 
0.883983 0.101602 0.629021 0.950131 0.852922 0.063418 0.866921 0.347761 0.811852 0.794648 
0.652770 0.104918 0.364290 0.625335 0.997985 0.135707 0.830670 0.062339 0.728974 0.867614 
0.986636 0.391960 0.671076 0.775358 0.443295 0.452809 0.367713 0.157570 0.275497 0.285167 
0.807849 0.514866 0.348570 0.416797 0.114054 0.897792 0.185797 0.693144 0.670010 0.865448 
0.579681 0.699866 0.653919 0.414872 0.759749 0.103154 0.716579 0.543971 0.517342 0.961657 
0.571715 0.813956 0.160633 0.766738 0.569381 0.588029 0.004166 0.024185 0.476528 0.006007 
0.964147 0.419781 0.259425 0.154730 0.541141 0.953858 0.494877 0.389742 0.397163 0.116321 
0.002177 0.582610 0.926211 0.823009 0.304047 0.111422 0.669633 0.520501 0.053304 0.886688 
0.570867 0.556761 0.481964 0.374165 0.586508 0.437609 0.900902 0.458407 0.447050 0.574348 
0.066619 0.670745 0.206842 0.386266 0.976830 0.588299 0.538780 0.281711 0.711418 0.809744 
0.367038 0.810258 0.004149 0.729413 0.237275 0.887152 0.365578 0.274551 0.380631 0.266305 
0.780445 0.934029 0.221644 0.167496 0.098925 0.637525 0.878206 0.003588 0.298129 0.652607 
0.359561 0.144352 0.123599 0.328759 0.445866 0.670412 0.610729 0.526997 0.236485 0.608519 
0.382712 0.237833 0.258353 0.134647 0.020084 0.544795 0.363175 0.882644 0.592949 0.687245 
0.532288 0.156210 0.423086 0.809123 0.937438 0.528409 0.972869 0.014658 0.363053 0.839390 
0.627985 0.538964 0.366396 0.015237 0.091434 0.730034 0.689212 0.577848 0.894447 0.976782 
0.772549 0.223584 0.783373 0.149518 0.947821 0.032088 0.302865 0.255845 0.985736 0.262039 
0.082113 0.077701 0.925560 0.894979 0.906622 0.599593 0.362577 0.831997 0.370802 0.065667 
0.656921 0.871624 0.379126 0.971847 0.831442 0.046145 0.551823 0.496240 0.299795 0.649016 
0.019929 0.946855 0.789014 0.962757 0.057607 0.201088 0.687263 0.836992 0.316916 0.405095 
0.434710 0.164293 0.266410 0.560912 0.254680 0.410022 0.237908 0.514368 0.976578 0.340216 
0.011216 0.513271 0.547662 0.548182 0.291332 0.415978 0.345615 0.753992 0.345595 0.411009 
0.833567 0.763369 0.950186 0.771957 0.282804 0.088696 0.715452 0.603007 0.733980 0.007963 
0.830891 0.782635 0.742719 0.879941 0.161446 0.429333 0.796134 0.621854 0.501917 0.716509 
0.374570 0.404113 0.925625 0.986303 0.798876 0.716931 0.454273 0.961116 0.477662 0.061041 
0.910771 0.321046 0.825922 0.268536 0.289196 0.515937 0.356060 0.293554 0.754154 0.061431 
0.470411 0.192027 0.404298 0.042007 0.018164 0.282121 0.612961 0.040538 0.319520 0.173392 
0.202650 0.946611 0.685281 0.518158 0.673730 0.380364 0.784628 0.244518 0.613538 0.727399 
0.402198 0.748385 0.102585 0.144468 0.068342 0.627583 0.789957 0.807093 0.810485 0.819371 
0.164990 0.986555 0.029413 0.336774 0.155580 0.831277 0.275078 0.230251 0.831021 0.964885 
0.818800 0.578744 0.953681 0.516442 0.842935 0.213327 0.387515 0.971238 0.598824 0.438886 
0.350898 0.546656 0.644171 0.585015 0.348281 0.557326 0.986018 0.997188 0.732385 0.187762 
0.721627 0.392794 0.688330 0.768518 0.487900 0.139938 0.940168 0.410100 0.547431 0.680155 
0.370298 0.597590 0.690915 0.202246 0.146936 0.550338 0.524549 0.100713 0.680225 0.540199 
0.129237 0.085687 0.141266 0.259119 0.007428 0.847870 0.156320 0.265562 0.303670 0.786784 
0.483816 0.503134 0.167345 0.559558 0.492170 0.908550 0.005833 0.041976 0.498133 0.122250 
0.661723 0.573872 0.067663 0.211297 0.276081 0.101634 0.156299 0.913994 0.494689 0.240106 
0.461240 0.066062 0.301735 0.268353 0.210224 0.234704 0.666255 0.745154 0.795283 0.327938 
0.647946 0.023764 0.405278 0.509815 0.465859 0.687186 0.536147 0.026535 0.977677 0.820332 
0.323461 0.403173 0.134118 0.113495 0.516519 0.127595 0.483562 0.223127 0.097143 0.677009 
0.494525 0.489427 0.795606 0.752707 0.750419 0.296790 0.157720 0.792755 0.836270 0.192469 
0.825997 0.537277 0.011570 0.450324 0.587596 0.723178 0.446809 0.511210 0.908527 0.611674 
0.404352 0.947291 0.125656 0.905345 0.132371 0.759657 0.547562 0.871194 0.163315 0.841170 
0.547247 0.586963 0.084903 0.972915 0.775225 0.205305 0.564601 0.247805 0.859096 0.820123 
0.811041 0.164619 0.754754 0.144839 0.309739 0.777485 0.189117 0.490250 0.625278 0.048161 
0.446663 0.057557 0.365028 0.031507 0.542843 0.557923 0.012191 0.900671 0.576121 0.864166 
0.043062 0.751378 0.417092 0.064545 0.810304 0.776298 0.247591 0.258363 0.309168 0.181221 
0.787874 0.802467 0.059271 0.163845 0.735142 0.536609 0.786764 0.139973 0.521949 0.403119 
0.224662 0.896362 0.155658 0.147665 0.799506 0.289839 0.324560 0.881450 0.534982 0.436147 
0.320194 0.492607 0.253340 0.879259 0.701881 0.511489 0.593243 0.632438 0.393717 0.201908 
0.471394 0.714056 0.145789 0.280744 0.469464 0.279539 0.220361 0.612579 0.615089 0.795455 
0.203870 0.444341 0.044695 0.193306 0.888245 0.741181 0.031173 0.917061 0.038899 0.772070 
0.178241 0.699455 0.746013 0.243857 0.500140 0.857463 0.378313 0.312954 0.822063 0.413637 
0.995585 0.802818 0.969447 0.503014 0.161462 0.687533 0.359302 0.797039 0.828419 0.240439 
0.057087 0.453046 0.351500 0.654028 0.252206 0.833969 0.519804 0.338850 0.046160 0.813842 
0.249849 0.210376 0.796783 0.534270 0.481454 0.795721 0.674613 0.221978 0.784551 0.953316 
0.377712 0.205738 0.844784 0.276789 0.997065 0.676640 0.288489 0.627252 0.221292 0.250847 
0.978005 0.325604 0.423623 0.832544 0.561816 0.440239 0.101121 0.533800 0.575890 0.976699 
0.382163 0.009370 0.475464 0.118981 0.717026 0.056800 0.638616 0.223434 0.262053 0.330303 
0.404039 0.681538 0.607962 0.021255 0.233310 0.241446 0.989898 0.218424 0.046783 0.274802 
0.603615 0.952182 0.322616 0.206813 0.898676 0.041091 0.621121 0.176911 0.350053 0.335151 
0.883109 0.416313 0.964878 0.702039 0.166483 0.077879 0.915124 0.488520 0.561226 0.528886 
0.988527 0.175746 0.755571 0.883404 0.373801 0.472173 0.803698 0.754148 0.960142 0.108357 
0.147948 0.554291 0.968421 0.248375 0.430698 0.745796 0.586454 0.524061 0.889505 0.915963 
0.593101 0.253027 0.617677 0.293828 0.365036 0.154702 0.079166 0.541300 0.623918 0.189755 
0.212673 0.393470 0.052571 0.556103 0.417967 0.770747 0.943417 0.001812 0.447183 0.797960 
0.319911 0.743676 0.965023 0.148225 0.222932 0.810568 0.224408 0.617944 0.787627 0.652996 
0.907837 0.022465 0.563048 0.142238 0.596805 0.507857 0.558848 0.562412 0.463470 0.546396 
0.269935 0.799844 0.977653 0.412093 0.049356 0.518357 0.025936 0.908857 0.167441 0.186324 
0.542201 0.764006 0.646305 0.441643 0.697726 0.675043 0.445177 0.086900 0.528935 0.802618 
0.604930 0.065581 0.211477 0.289069 0.387775 0.337632 0.583132 0.692981 0.928699 0.650546 
0.725897 0.152758 0.404739 0.456514 0.630206 0.874236 0.281692 0.402081 0.778668 0.066678 
0.663794 0.379090 0.367573 0.798819 0.759218 0.175138 0.537839 0.461018 0.334199 0.875140 
0.471360 0.150519 0.767354 0.919520 0.366715 0.374610 0.064150 0.164988 0.961151 0.057752 
0.641898 0.377252 0.468825 0.533559 0.523427 0.236150 0.968751 0.805660 0.731001 0.928137 
0.202929 0.621865 0.676860 0.980688 0.420337 0.610512 0.871683 0.380995 0.387183 0.379947 
0.766832 0.151419 0.899600 0.575206 0.479152 0.111433 0.853850 0.656958 0.491378 0.593494 
0.846101 0.418089 0.818141 0.491870 0.865308 0.238994 0.772802 0.480973 0.709367 0.332686 
0.446585 0.753895 0.721044 0.586173 0.814418 0.920886 0.323647 0.537814 0.043638 0.423957 
0.443307 0.659825 0.673747 0.673947 0.030137 0.511364 0.497286 0.892009 0.999196 0.486028 
0.675844 0.911243 0.268255 0.557514 0.136906 0.979156 0.679495 0.272225 0.278642 0.142250 
0.803774 0.024665 0.541594 0.565151 0.493064 0.922078 0.364811 0.377282 0.971105 0.365726 
0.761795 0.484316 0.904514 0.168320 0.960380 0.107936 0.087662 0.342540 0.073189 0.084614 
0.114320 0.379421 0.932497 0.480003 0.412354 0.434142 0.616467 0.952538 0.314469 0.274339 
0.822137 0.664792 0.152549 0.892046 0.614137 0.804656 0.852825 0.428059 0.388400 0.837661 
0.573536 0.416555 0.035991 0.897137 0.187377 0.244853 0.243914 0.459105 0.182644 0.698442 
0.713619 0.791663 0.482738 0.372410 0.096576 0.158055 0.423554 0.671017 0.775602 0.543162 
0.917742 0.482561 0.405128 0.991117 0.711803 0.271187 0.833391 0.808657 0.094415 0.827853 
0.722549 0.875254 0.396960 0.707913 0.900827 0.197978 0.417808 0.092814 0.921523 0.039927 
0.048843 0.897870 0.493043 0.581435 0.182582 0.655633 0.224113 0.671718 0.563210 0.867396 
0.317712 0.792256 0.452084 0.180014 0.490068 0.575851 0.322078 0.166949 0.913405 0.602479 
0.868942 0.313804 0.103966 0.357103 0.834161 0.744158 0.066036 0.860430 0.247093 0.892921 
0.329715 0.520039 0.293514 0.090509 0.183148 0.161510 0.495441 0.873635 0.178844 0.822887 
0.269590 0.994932 0.821734 0.877357 0.742706 0.665162 0.369926 0.352476 0.060563 0.890558 
0.604966 0.671107 0.290145 0.472848 0.148482 0.538791 0.455378 0.534937 0.691843 0.813466 
0.915256 0.708493 0.649446 0.245343 0.474398 0.200939 0.185651 0.229927 0.387335 0.935577 
0.247710 0.268934 0.972328 0.921677 0.630815 0.107456 0.017361 0.784616 0.044312 0.745379 
0.587652 0.673174 0.029685 0.907639 0.696140 0.030020 0.546225 0.410986 0.440449 0.620271 
0.894852 0.775831 0.384469 0.768767 0.664380 0.228278 0.675515 0.383800 0.521539 0.498266 
0.353384 0.322829 0.783518 0.588622 0.962572 0.941961 0.533779 0.230919 0.054073 0.810771 
0.628855 0.161173 0.835966 0.084433 0.057810 0.611640 0.829967 0.257482 0.495455 0.113513 
0.812050 0.126013 0.896133 0.310759 0.920795 0.794844 0.946278 0.100000 0.707187 0.691151 
0.172367 0.978416 0.240154 0.270221 0.601071 0.201470 0.097889 0.228486 0.169958 0.480054 
0.275477 0.947569 0.793819 0.723688 0.016479 0.969244 0.090592 0.581227 0.677370 0.563382 
0.757251 0.119833 0.035056 0.178696 0.351359 0.293783 0.612209 0.403323 0.647619 0.526460 
0.210584 0.286663 0.943995 0.717490 0.851997 0.511749 0.969631 0.590501 0.555809 0.475928 
0.919046 0.406663 0.789507 0.247446 0.830162 0.526556 0.829562 0.456594 0.972155 0.001080 
0.148262 0.846951 0.713030 0.903562 0.168913 0.917768 0.925800 0.916222 0.942935 0.903374 
0.010910 0.367950 0.133451 0.918790 0.100501 0.120017 0.131911 0.023776 0.599325 0.857735 
0.944217 0.458557 0.967032 0.900601 0.401892 0.592122 0.798547 0.178835 0.684627 0.523024 
0.471310 0.308503 0.011341 0.609721 0.574971 0.545838 0.902170 0.775864 0.942857 0.595337 
0.837302 0.539241 0.019603 0.464867 0.013772 0.459220 0.114051 0.856875 0.506241 0.388519 
0.847121 0.558331 0.861055 0.750613 0.549179 0.053263 0.185289 0.154293 0.207786 0.257141 
0.774348 0.464229 0.299104 0.044976 0.914516 0.269716 0.118163 0.971355 0.556426 0.854296 
0.154534 0.245504 0.180498 0.627332 0.571090 0.310092 0.716713 0.796556 0.723525 0.285491 
0.252685 0.880228 0.993642 0.148177 0.412190 0.679557 0.313476 0.592128 0.896737 0.451925 
0.508999 0.747580 0.569071 0.370455 0.233096 0.646458 0.027679 0.202911 0.319234 0.373668 
0.234089 0.337036 0.566976 0.157866 0.259775 0.046311 0.346526 0.061932 0.893087 0.107325 
0.807202 0.644782 0.856929 0.406774 0.652574 0.817914 0.677110 0.190461 0.070428 0.690899 
0.943044 0.746930 0.657672 0.490830 0.382577 0.970933 0.469555 0.808679 0.468022 0.047245 
0.053814 0.456602 0.106572 0.162591 0.669671 0.162967 0.990333 0.527587 0.160196 0.419280 
0.841570 0.266710 0.591116 0.879565 0.840730 0.143948 0.337033 0.519610 0.091173 0.336366 
0.295712 0.039205 0.920936 0.179069 0.618058 0.705354 0.883376 0.902356 0.898890 0.650300 
0.587501 0.127295 0.444890 0.274356 0.101476 0.511526 0.217709 0.032554 0.142375 0.895934 
0.969267 0.467534 0.835717 0.896503 0.529686 0.425707 0.851124 0.844906 0.340055 0.304153 
0.907730 0.222768 0.054051 0.431583 0.623019 0.083313 0.237075 0.511780 0.485232 0.299984 
0.834435 0.346619 0.624647 0.437859 0.088823 0.854994 0.877378 0.094541 0.946428 0.607186 
0.969156 0.611721 0.200779 0.495688 0.034454 0.060070 0.591985 0.484376 0.901797 0.502512 
0.724166 0.059647 0.485657 0.435817 0.780455 0.100026 0.138130 0.556379 0.068223 0.630630 
0.002548 0.819898 0.018774 0.529374 0.195884 0.223416 0.944851 0.103750 0.720330 0.591691 
0.551830 0.605433 0.515015 0.854472 0.106570 0.115351 0.707582 0.329242 0.578137 0.744542 
0.522548 0.457977 0.214139 0.033604 0.784796 0.061025 0.643508 0.437119 0.659774 0.825181 
0.820806 0.278683 0.829460 0.742337 0.461191 0.233727 0.257966 0.642338 0.768694 0.439005 
0.356789 0.550219 0.532644 0.155177 0.058462 0.577823 0.474109 0.345256 0.721904 0.042299 
0.920586 0.289539 0.275574 0.565874 0.651501 0.769790 0.856158 0.447528 0.595304 0.278789 
0.608066 0.756995 0.815502 0.145408 0.874806 0.869104 0.034086 0.876831 0.899386 0.988365 
0.447771 0.681060 0.581089 0.366517 0.058366 0.951793 0.788631 0.516701 0.194545 0.722753 
0.303157 0.158940 0.305403 0.906709 0.051361 0.227664 0.352448 0.594323 0.789905 0.929107 
0.506798 0.747511 0.417240 0.559560 0.531013 0.730593 0.075047 0.322581 0.621932 0.816692 
0.144153 0.779462 0.415725 0.092140 0.596892 0.965088 0.237312 0.495378 0.824784 0.142166 
0.375633 0.272160 0.193610 0.006378 0.193115 0.687675 0.757333 0.501477 0.321561 0.475461 
0.069699 0.423574 0.010086 0.518736 0.388140 0.476057 0.090355 0.592917 0.152070 0.846796 
0.108673 0.468415 0.652662 0.289318 0.570508 0.524665 0.047131 0.128136 0.583829 0.417046 
0.297631 0.290906 0.255171 0.662513 0.864002 0.279540 0.232234 0.155404 0.868362 0.567705 
0.411769 0.605427 0.411378 0.031081 0.380893 0.670304 0.803824 0.871697 0.613329 0.217962 
0.279542 0.254649 0.879629 0.922005 0.141682 0.257137 0.704537 0.147159 0.299630 0.885799 
0.630758 0.153774 0.480187 0.498080 0.232486 0.393664 0.316002 0.051465 0.969611 0.244106 
0.693305 0.384367 0.064207 0.128735 0.655920 0.052733 0.277793 0.867634 0.321988 0.654644 
0.603527 0.474861 0.986651 0.634984 0.182473 0.831823 0.447191 0.941066 0.488367 0.986992 
0.382686 0.797161 0.891654 0.021376 0.265756 0.552725 0.647230 0.988483 0.436201 0.223818 
0.714089 0.688235 0.164841 0.474345 0.320183 0.317586 0.673783 0.277439 0.908981 0.237759 
0.008959 0.573686 0.942054 0.096384 0.934162 0.457097 0.437461 0.402709 0.333356 0.716995 
0.534938 0.698903 0.460550 0.471257 0.410912 0.205495 0.746529 0.908641 0.536914 0.911009 
0.322919 0.306209 0.449145 0.778453 0.452978 0.194723 0.711252 0.007559 0.051220 0.858278 
0.076314 0.616661 0.214366 0.844584 0.926892 0.272220 0.197397 0.648472 0.864924 0.777645 
0.884902 0.549838 0.122903 0.627452 0.588822 0.330329 0.836039 0.304368 0.510537 0.591237 
0.919281 0.350613 0.758624 0.193065 0.849792 0.453273 0.151288 0.697087 0.947791 0.518169 
0.874007 0.432363 0.724823 0.101394 0.127143 0.892978 0.273927 0.896489 0.297610 0.935675 
0.886505 0.492544 0.193164 0.507401 0.893726 0.847318 0.877729 0.983140 0.635915 0.829632 
0.621666 0.344986 0.187368 0.100151 0.241749 0.072303 0.200355 0.364989 0.377223 0.983754 
0.952988 0.861163 0.559623 0.588144 0.934251 0.952732 0.571850 0.090991 0.290867 0.601599 
0.073363 0.019151 0.865673 0.373005 0.092713 0.219507 0.254064 0.048214 0.336380 0.536389 
0.089266 0.295805 0.587926 0.276143 0.138252 0.599414 0.350129 0.621963 0.326236 0.043388 
0.219569 0.291214 0.435899 0.153677 0.851871 0.403568 0.767177 0.940467 0.428423 0.497953 
0.101984 0.045438 0.679589 0.853903 0.539475 0.955445 0.160835 0.152277 0.317314 0.093909 
0.336884 0.008512 0.060309 0.613134 0.942235 0.138314 0.647044 0.866912 0.194786 0.774245 
0.733021 0.877291 0.636496 0.588034 0.091266 0.908229 0.608159 0.323325 0.130732 0.216566 
0.818959 0.240164 0.430841 0.151097 0.489497 0.974547 0.210500 0.869339 0.976713 0.616062 
0.147706 0.496123 0.336824 0.998683 0.871043 0.614016 0.774363 0.714438 0.562191 0.747127 
0.959234 0.838296 0.243350 0.987735 0.861424 0.960391 0.286417 0.806921 0.921913 0.589447 
0.841464 0.478564 0.231894 0.442365 0.834538 0.083846 0.199019 0.906832 0.117257 0.731449 
0.466927 0.635046 0.226495 0.709686 0.685961 0.951364 0.572303 0.704530 0.040399 0.992662 
0.673599 0.184309 0.675888 0.657926 0.762470 0.838883 0.111392 0.170209 0.699626 0.610879 
0.045820 0.095146 0.114204 0.423870 0.979987 0.644962 0.879841 0.482831 0.941456 0.055419 
0.424259 0.519302 0.912307 0.151195 0.141910 0.073909 0.184596 0.506292 0.254617 0.344908 
0.865706 0.919254 0.904174 0.448575 0.198671 0.070317 0.811749 0.062422 0.131045 0.467746 
0.413291 0.187144 0.323357 0.656711 0.345156 0.030242 0.280930 0.585799 0.522173 0.169974 
0.756709 0.004750 0.840103 0.617333 0.512763 0.004757 0.949383 0.279469 0.029877 0.136549 
0.978319 0.606587 0.913853 0.124591 0.994034 0.723493 0.753361 0.735394 0.763161 0.453873 
0.238171 0.939193 0.022011 0.943647 0.870902 0.257356 0.378673 0.351029 0.751767 0.942132 
0.406965 0.857551 0.857536 0.612602 0.005985 0.581821 0.667292 0.183830 0.637135 0.328826 
0.578647 0.318330 0.169458 0.088441 0.433661 0.542189 0.573418 0.438088 0.940837 0.649713 
0.727277 0.351071 0.456406 0.815349 0.576543 0.963528 0.022989 0.383984 0.620961 0.487740 
0.439896 0.324024 0.863180 0.462469 0.712619 0.983729 0.534308 0.115648 0.697307 0.640687 
0.018118 0.512100 0.873061 0.544098 0.650340 0.270438 0.246226 0.320911 0.543518 0.903380 
0.109084 0.377964 0.446613 0.226045 0.132727 0.744051 0.259577 0.702784 0.693440 0.645421 
0.594277 0.017528 0.596333 0.573156 0.024642 0.151347 0.696421 0.744883 0.250550 0.992052 
0.415374 0.185407 0.134349 0.005111 0.892446 0.340424 0.509760 0.535327 0.238789 0.330154 
0.901800 0.551451 0.229955 0.859727 0.424932 0.829353 0.932247 0.270011 0.079205 0.196805 
0.702902 0.669121 0.913122 0.846207 0.198181 0.824978 0.411193 0.920514 0.081609 0.601814 
0.684842 0.131489 0.941600 0.476381 0.534416 0.936038 0.992216 0.171813 0.662853 0.573221 
0.122924 0.980695 0.546890 0.576546 0.009743 0.753628 0.233412 0.949990 0.478277 0.393891 
0.122482 0.559333 0.707745 0.074169 0.563497 0.687985 0.966017 0.845620 0.331641 0.897760 
0.649213 0.330851 0.613515 0.353753 0.525117 0.639093 0.227987 0.771019 0.518869 0.623516 
0.430644 0.838085 0.702247 0.663187 0.188555 0.039001 0.487712 0.971393 0.208950 0.817383 
0.748272 0.200253 0.648917 0.349492 0.915967 0.655861 0.054550 0.816755 0.209236 0.625512 
0.988417 0.329943 0.357464 0.901796 0.492088 0.515832 0.593358 0.563681 0.789857 0.126818 
0.436597 0.890327 0.733567 0.057286 0.805863 0.139940 0.974057 0.968722 0.318477 0.635227 
0.252436 0.690867 0.394103 0.686470 0.500373 0.770577 0.088545 0.173604 0.760174 0.237438 
0.618117 0.687524 0.218099 0.592265 0.197196 0.274759 0.870589 0.991407 0.572534 0.576806 
0.386452 0.104741 0.375322 0.028665 0.769386 0.063824 0.695029 0.359488 0.919596 0.643595 
0.896283 0.828071 0.392662 0.468702 0.467961 0.018078 0.834673 0.356733 0.614224 0.270871 
0.536669 0.795935 0.280065 0.050220 0.044380 0.896090 0.588643 0.323696 0.358581 0.674556 
0.265306 0.999942 0.025547 0.361536 0.336939 0.930724 0.684037 0.610669 0.521880 0.232967 
0.483806 0.322219 0.539834 0.986930 0.335721 0.461090 0.545282 0.558628 0.861338 0.506533 
0.300740 0.539849 0.238806 0.616357 0.107175 0.282478 0.606630 0.624832 0.543417 0.203923 
0.336078 0.460276 0.863717 0.484277 0.240212 0.240863 0.180632 0.884739 0.804551 0.086805 
0.926165 0.047447 0.435393 0.646414 0.276160 0.418342 0.073776 0.953400 0.792884 0.000128 
0.154748 0.852294 0.501701 0.095671 0.943037 0.624221 0.276692 0.354983 0.207159 0.713418 
0.408472 0.196141 0.548126 0.358898 0.003899 0.527529 0.177275 0.456929 0.613550 0.937991 
0.821002 0.576394 0.460335 0.845292 0.822128 0.504116 0.681758 0.314781 0.526929 0.093272 
0.620730 0.602088 0.295763 0.882449 0.328382 0.118904 0.417872 0.178582 0.421948 0.677486 
0.498945 0.762250 0.138881 0.175132 0.442483 0.804608 0.038953 0.681932 0.235340 0.351792 
0.575750 0.631809 0.819306 0.076365 0.474838 0.595911 0.479374 0.831158 0.265336 0.510096 
0.184729 0.738858 0.987138 0.830328 0.319639 0.166933 0.639584 0.489885 0.505535 0.521638 
0.176631 0.632051 0.884174 0.304309 0.522685 0.760080 0.659908 0.072312 0.345151 0.945608 
0.831289 0.469845 0.679647 0.825069 0.932068 0.264271 0.597055 0.706000 0.743786 0.813291 
0.980735 0.220216 0.167073 0.002428 0.800428 0.797148 0.665667 0.867743 0.162077 0.030166 
0.993249 0.541978 0.022907 0.005119 0.030370 0.430865 0.542353 0.326602 0.195814 0.047895 
0.969071 0.184356 0.470515 0.952632 0.882043 0.504078 0.034541 0.534315 0.233599 0.103312 
0.368497 0.334256 0.847136 0.806959 0.553509 0.820488 0.946570 0.002861 0.080720 0.667661 
0.382111 0.145362 0.098266 0.558227 0.118412 0.152091 0.201323 0.638938 0.633905 0.044988 
0.112406 0.202689 0.598735 0.939940 0.576024 0.237322 0.677655 0.339870 0.190119 0.337206 
0.421119 0.753060 0.675490 0.952371 0.500967 0.754880 0.264862 0.528866 0.658372 0.254153 
0.545054 0.727589 0.587891 0.678897 0.226563 0.846067 0.841262 0.088541 0.112809 0.974635 
0.695295 0.823892 0.151624 0.343140 0.149686 0.776075 0.500278 0.176173 0.947269 0.746156 
0.637998 0.830298 0.814760 0.664220 0.540249 0.969875 0.691049 0.464528 0.328439 0.069166 
0.473033 0.265592 0.803666 0.209918 0.085430 0.825462 0.535074 0.986136 0.984522 0.859852 
0.536017 0.832327 0.911856 0.556596 0.713824 0.247725 0.517679 0.637849 0.325633 0.907958 
0.048563 0.197180 0.003653 0.401608 0.823046 0.931964 0.519703 0.640238 0.479235 0.501529 
0.201167 0.007470 0.551860 0.111901 0.719899 0.341687 0.732557 0.081586 0.213407 0.727492 
0.950559 0.052853 0.303923 0.027917 0.205825 0.294047 0.049784 0.723813 0.132119 0.527211 
0.832498 0.802189 0.382522 0.048548 0.951995 0.187826 0.798074 0.231713 0.399950 0.966313 
0.826501 0.005385 0.503727 0.142123 0.654387 0.275756 0.629538 0.644820 0.495584 0.284900 
0.313681 0.044629 0.081985 0.916942 0.052245 0.088390 0.567650 0.491318 0.577701 0.425040 
0.647716 0.158868 0.099359 0.933556 0.271211 0.242335 0.921163 0.983710 0.214546 0.876238 
0.930658 0.572247 0.747099 0.496625 0.771177 0.168361 0.637087 0.522788 0.501846 0.526197 
0.792372 0.390660 0.827061 0.417165 0.296228 0.701251 0.919484 0.770752 0.035118 0.230075 
0.874743 0.801556 0.753632 0.288462 0.186792 0.406113 0.538919 0.607230 0.718250 0.619576 
0.208588 0.734415 0.317815 0.519630 0.420381 0.341886 0.077985 0.698354 0.242011 0.478283 
0.502795 0.470804 0.807391 0.824331 0.530278 0.380574 0.313820 0.368552 0.255107 0.583288 
0.329168 0.328031 0.213642 0.684433 0.272405 0.303307 0.682772 0.348248 0.999799 0.628604 
0.940850 0.872937 0.448071 0.726071 0.075469 0.402495 0.730456 0.770072 0.602444 0.276071 
0.931739 0.733994 0.233660 0.117625 0.928916 0.295224 0.821533 0.506462 0.101975 0.896839 
0.171606 0.175650 0.149420 0.303908 0.782764 0.916149 0.712935 0.293052 0.322869 0.454567 
0.901653 0.074107 0.521572 0.062250 0.229473 0.753557 0.029325 0.861284 0.599457 0.071094 
0.883006 0.688516 0.893541 0.737479 0.811459 0.185945 0.171395 0.636777 0.313142 0.978555 
0.576662 0.956106 0.280775 0.987804 0.027248 0.960850 0.010816 0.789222 0.462365 0.968802 
0.654540 0.845654 0.903804 0.230838 0.687503 0.866046 0.627941 0.802988 0.815874 0.401949 
0.550328 0.364563 0.205248 0.596229 0.814202 0.301370 0.122000 0.455221 0.906576 0.830300 
0.855691 0.606852 0.356084 0.710065 0.063701 0.621073 0.371781 0.531635 0.193236 0.709438 
0.519531 0.757544 0.034190 0.637600 0.139425 0.318147 0.095801 0.121366 0.799870 0.417229 
0.363502 0.377882 0.061667 0.430593 0.970517 0.475356 0.302011 0.904131 0.725199 0.423989 
0.981597 0.697355 0.452203 0.171371 0.227959 0.305241 0.178945 0.528371 0.326693 0.728718 
0.565232 0.849898 0.233795 0.392704 0.174703 0.228754 0.662982 0.745774 0.223686 0.484505 
0.071611 0.565048 0.766113 0.056822 0.005626 0.556472 0.618032 0.269590 0.990870 0.553622 
0.718195 0.703288 0.158965 0.730109 0.936320 0.729775 0.335723 0.499353 0.633528 0.713048 
0.201833 0.205557 0.792202 0.540977 0.208407 0.696485 0.820743 0.224135 0.033273 0.214409 
0.566465 0.577857 0.040323 0.709615 0.500149 0.003393 0.031911 0.329792 0.812423 0.391546 
0.708574 0.996732 0.080958 0.663798 0.445199 0.467269 0.396976 0.976882 0.459992 0.086086 
0.846891 0.704462 0.891880 0.822252 0.592567 0.277449 0.083798 0.397332 0.965041 0.441683 
0.363836 0.987730 0.769754 0.258278 0.881278 0.637926 0.619261 0.920498 0.807874 0.936136 
0.633092 0.384475 0.874705 0.159880 0.101920 0.963701 0.921125 0.353085 0.294191 0.466191 
0.278978 0.786558 0.672742 0.782584 0.888886 0.501868 0.887611 0.075890 0.488834 0.831503 
0.075422 0.612493 0.174583 0.213244 0.999478 0.218360 0.972512 0.003388 0.950274 0.259124 
0.093307 0.212020 0.413520 0.033460 0.358566 0.425936 0.704390 0.685672 0.086806 0.944705 
0.660467 0.464401 0.188576 0.401745 0.132654 0.522472 0.183914 0.046069 0.287599 0.671170 
0.349679 0.058606 0.997001 0.593651 0.483979 0.229582 0.591987 0.518835 0.062678 0.432746 
0.160697 0.833793 0.562954 0.573262 0.821803 0.042101 0.590951 0.116027 0.058510 0.371049 
0.223550 0.211477 0.288725 0.600113 0.090998 0.402526 0.251222 0.294495 0.580583 0.855850 
0.263716 0.278252 0.582423 0.775886 0.311761 0.760519 0.049769 0.471859 0.536105 0.325073 
0.508801 0.426515 0.429437 0.541219 0.260165 0.598633 0.229675 0.149332 0.828684 0.698926 
0.846547 0.914968 0.865403 0.830001 0.826678 0.975711 0.777386 0.518845 0.221655 0.359836 
0.771607 0.393923 0.663848 0.291214 0.439092 0.821095 0.138843 0.532822 0.136210 0.275815 
0.622626 0.474758 0.254918 0.400140 0.148437 0.775782 0.573336 0.060866 0.973182 0.269956 
0.146263 0.234769 0.770469 0.280145 0.394587 0.816401 0.244705 0.756404 0.883135 0.853854 
0.716462 0.573181 0.460758 0.963054 0.047395 0.564834 0.172087 0.273751 0.929568 0.242890 
0.247268 0.832044 0.162212 0.298341 0.222707 0.031614 0.334940 0.343728 0.030078 0.525179 
0.683678 0.576570 0.413373 0.551976 0.066693 0.913243 0.883012 0.776007 0.354474 0.649376 
0.061283 0.990892 0.916139 0.548542 0.341812 0.833076 0.508546 0.125831 0.836398 0.349409 
0.508872 0.608468 0.529278 0.568187 0.520389 0.172362 0.883913 0.921362 0.335955 0.400728 
0.037078 0.165715 0.164746 0.878502 0.975954 0.858759 0.159983 0.841127 0.817133 0.558245 
0.420001 0.960758 0.452414 0.721772 0.819399 0.637233 0.976692 0.254554 0.285734 0.330685 
0.828580 0.947220 0.927267 0.576149 0.334226 0.334156 0.162635 0.402665 0.597591 0.717994 
0.322993 0.541351 0.479794 0.899191 0.699498 0.454597 0.412120 0.494801 0.123107 0.058454 
0.439766 0.147526 0.467373 0.133577 0.028231 0.480539 0.422509 0.101968 0.777275 0.668816 
0.793143 0.351355 0.218822 0.743275 0.215547 0.696655 0.681860 0.019497 0.693329 0.777736 
0.416515 0.363440 0.328851 0.999619 0.604416 0.424134 0.420387 0.450594 0.137863 0.056280 
0.892343 0.615211 0.845893 0.920523 0.238309 0.251408 0.414603 0.224431 0.007228 0.477210 
0.461722 0.165399 0.864854 0.592976 0.141449 0.327822 0.711084 0.183492 0.955747 0.233817 
0.762711 0.886713 0.981571 0.265269 0.382457 0.957138 0.612826 0.758830 0.661227 0.242154 
0.884539 0.453448 0.105140 0.083702 0.775310 0.626910 0.483053 0.665344 0.445009 0.259428 
0.214523 0.489842 0.778520 0.581884 0.731436 0.245346 0.537189 0.528614 0.407151 0.979936 
0.778881 0.645129 0.686666 0.800557 0.967392 0.962781 0.467983 0.385009 0.852333 0.156659 
0.967010 0.530030 0.219161 0.435722 0.173451 0.182911 0.186113 0.007491 0.905831 0.302983 
0.237411 0.169854 0.729170 0.167665 0.947309 0.420906 0.168403 0.343151 0.335883 0.191593 
0.106499 0.921462 0.012614 0.004158 0.876462 0.700777 0.955551 0.942907 0.438175 0.404783 
0.187599 0.969610 0.234198 0.166466 0.788030 0.413140 0.645413 0.453590 0.494249 0.835061 
0.878384 0.000782 0.141014 0.022400 0.472733 0.218359 0.952554 0.582029 0.156703 0.701287 
0.536852 0.866094 0.449749 0.928432 0.152732 0.959051 0.774093 0.173923 0.125173 0.785823 
0.333297 0.728908 0.757647 0.771370 0.422745 0.074766 0.594679 0.775653 0.397159 0.058108 
0.624108 0.390224 0.486529 0.100297 0.685619 0.193567 0.273869 0.913834 0.807544 0.398236 
0.151891 0.836517 0.334606 0.726523 0.676470 0.428491 0.641793 0.612797 0.274488 0.313670 
0.851185 0.862475 0.620194 0.596935 0.680583 0.553441 0.689539 0.078494 0.255777 0.843407 
0.138019 0.684891 0.963096 0.752355 0.831101 0.321484 0.184384 0.938478 0.991598 0.791073 
0.571416 0.785968 0.760943 0.172337 0.461328 0.538491 0.426583 0.586855 0.270094 0.464449 
0.990693 0.578114 0.366521 0.115843 0.965309 0.954117 0.843270 0.837137 0.759017 0.798818 
0.741421 0.058207 0.291336 0.490618 0.821501 0.961950 0.491903 0.412153 0.047327 0.427874 
0.282991 0.221780 0.448953 0.548009 0.389392 0.519513 0.448198 0.871576 0.581635 0.534311 
0.160321 0.515002 0.635866 0.993071 0.547492 0.692097 0.074767 0.610144 0.694322 0.473276 
0.350769 0.372170 0.053576 0.446691 0.536977 0.975317 0.146729 0.073974 0.280585 0.795068 
0.712726 0.792082 0.524099 0.525789 0.938139 0.305796 0.508752 0.594078 0.675676 0.092334 
0.856184 0.876960 0.073740 0.342818 0.740804 0.695312 0.106056 0.483500 0.181821 0.862892 
0.633286 0.635823 0.275722 0.056906 0.419475 0.120975 0.230698 0.333222 0.457843 0.968550 
0.422203 0.972120 0.413273 0.871146 0.353623 0.336222 0.887429 0.020264 0.584823 0.112375 
0.680365 0.898292 0.596342 0.724870 0.884665 0.560518 0.629228 0.437780 0.774377 0.951937 
0.207910 0.346234 0.156137 0.192883 0.778819 0.603659 0.690123 0.889122 0.477037 0.560965 
0.131140 0.063840 0.966730 0.825341 0.513961 0.141575 0.443697 0.215184 0.593558 0.936212 
0.921986 0.816653 0.492796 0.415506 0.407180 0.476261 0.510791 0.867847 0.902082 0.300452 
0.702112 0.391208 0.031732 0.325178 0.271715 0.707907 0.795077 0.859385 0.678694 0.812231 
0.170611 0.463401 0.381988 0.077815 0.840008 0.011025 0.302511 0.301614 0.220357 0.533360 
0.189597 0.558383 0.747235 0.774364 0.739811 0.007700 0.419581 0.902961 0.069680 0.109032 
0.506381 0.740837 0.239338 0.560785 0.120656 0.869791 0.579099 0.924246 0.801185 0.519921 
0.308669 0.792058 0.117386 0.901553 0.396361 0.634390 0.193725 0.942042 0.908106 0.529592 
0.859861 0.691237 0.621279 0.832211 0.964663 0.086444 0.865268 0.553553 0.561779 0.811250 
0.672163 0.045266 0.782087 0.539363 0.070276 0.127654 0.475898 0.425437 0.318365 0.761836 
0.183626 0.200498 0.770674 0.725618 0.458901 0.747838 0.920133 0.672235 0.256365 0.728651 
0.440551 0.343591 0.726574 0.534146 0.391618 0.917842 0.163454 0.170501 0.612981 0.376586 
0.289067 0.354717 0.722015 0.906251 0.354824 0.519889 0.766943 0.009438 0.628194 0.056721 
0.313722 0.717431 0.859480 0.284070 0.369486 0.956721 0.613062 0.728795 0.861952 0.819864 
0.457208 0.298462 0.247201 0.700500 0.297265 0.125253 0.127983 0.011662 0.996822 0.586071 
0.090449 0.171527 0.850090 0.462705 0.674883 0.751270 0.596381 0.376587 0.299359 0.326908 
0.343014 0.031174 0.943741 0.451219 0.630613 0.716541 0.902968 0.177879 0.618953 0.749960 
0.578910 0.746396 0.671536 0.512475 0.174502 0.851910 0.053532 0.717407 0.451265 0.404579 
0.751486 0.224490 0.006726 0.036596 0.061814 0.915097 0.035976 0.651702 0.162341 0.461949 
0.975777 0.878540 0.622561 0.379277 0.516098 0.056376 0.513521 0.747260 0.199148 0.084801 
0.242168 0.114142 0.377539 0.298477 0.502622 0.567753 0.232560 0.630959 0.519543 0.963667 
0.344917 0.014970 0.607950 0.808879 0.823891 0.135423 0.059918 0.046669 0.370302 0.672097 
0.930658 0.564913 0.496192 0.494438 0.016003 0.965459 0.472330 0.441983 0.405606 0.025465 
0.985128 0.049214 0.133921 0.802636 0.902160 0.607699 0.590403 0.903779 0.821918 0.969610 
0.243566 0.617198 0.247600 0.417348 0.367796 0.547736 0.806654 0.436128 0.996182 0.828178 
0.193001 0.763797 0.138252 0.601175 0.946132 0.633160 0.522515 0.916016 0.485386 0.876253 
0.180460 0.995368 0.157773 0.691535 0.635861 0.907670 0.207147 0.526821 0.284528 0.054050 
0.411681 0.122424 0.578978 0.889789 0.684695 0.672022 0.665525 0.481460 0.895859 0.700612 
0.192076 0.212989 0.710118 0.960501 0.141603 0.918836 0.874302 0.392669 0.585721 0.220969 
0.828855 0.571446 0.292467 0.491978 0.681973 0.921916 0.635795 0.808245 0.173282 0.357975 
0.489945 0.510840 0.682063 0.435872 0.700147 0.368586 0.830752 0.450682 0.611826 0.962534 
0.309488 0.570506 0.498016 0.160962 0.292014 0.880130 0.344603 0.741602 0.103988 0.720810 
0.658252 0.234691 0.454966 0.619487 0.718400 0.150326 0.530837 0.782611 0.341774 0.199054 
0.500790 0.783074 0.130561 0.342739 0.406228 0.477064 0.019699 0.087054 0.114196 0.285562 
0.444195 0.587708 0.614709 0.420212 0.494715 0.682961 0.526982 0.993218 0.019450 0.902482 
0.015782 0.254312 0.226259 0.732278 0.392800 0.792992 0.823359 0.197874 0.668152 0.636434 
0.551299 0.675084 0.138014 0.601133 0.245687 0.264197 0.357390 0.646509 0.883172 0.466995 
0.781398 0.960938 0.488043 0.546735 0.966929 0.181203 0.470601 0.392073 0.575114 0.946146 
0.884105 0.150154 0.645067 0.643216 0.524953 0.887811 0.433943 0.276055 0.651492 0.628876 
0.518282 0.773701 0.599679 0.804679 0.247916 0.718680 0.856275 0.413621 0.729215 0.914199 
0.942307 0.345774 0.428536 0.411626 0.195790 0.636400 0.975246 0.967726 0.563879 0.116823 
0.445945 0.992246 0.685458 0.487889 0.950517 0.331082 0.494487 0.838288 0.114708 0.901111 
0.976744 0.128172 0.191335 0.774775 0.649556 0.090096 0.246441 0.931434 0.608246 0.795458 
0.257144 0.822065 0.450123 0.224754 0.434831 0.196362 0.263875 0.949188 0.009533 0.226613 
0.676883 0.366700 0.127124 0.576213 0.413490 0.526679 0.892171 0.714508 0.732398 0.408748 
0.822613 0.664671 0.133455 0.984234 0.019485 0.491722 0.364314 0.023415 0.536041 0.244815 
0.610980 0.735103 0.869027 0.744973 0.761595 0.124346 0.890535 0.225028 0.037643 0.674174 
0.843543 0.430175 0.946131 0.627439 0.368392 0.568526 0.212139 0.423402 0.121295 0.605754 
0.907665 0.125863 0.375354 0.567651 0.513779 0.091153 0.012315 0.973594 0.200840 0.512224 
0.951604 0.612948 0.823020 0.489774 0.634672 0.939534 0.746781 0.152615 0.007139 0.986654 
0.695357 0.864971 0.571278 0.474309 0.707535 0.539531 0.889162 0.145112 0.889636 0.112653 
0.356402 0.043650 0.619405 0.336490 0.391536 0.543492 0.470167 0.097897 0.356565 0.785861 
0.961152 0.084886 0.683409 0.060904 0.608832 0.637571 0.654926 0.339834 0.592725 0.926299 
0.311271 0.529840 0.019491 0.578719 0.538367 0.332177 0.890908 0.485426 0.561295 0.683056 
0.129220 0.803820 0.807826 0.133440 0.722927 0.235815 0.341224 0.953709 0.990892 0.926728 
0.519169 0.675813 0.386705 0.342618 0.377610 0.487764 0.853370 0.596909 0.247957 0.407588 
0.338538 0.816502 0.948427 0.217505 0.605724 0.401072 0.816374 0.798453 0.603262 0.023269 
0.081981 0.861352 0.739336 0.023786 0.775763 0.245630 0.310601 0.267131 0.671632 0.116498 
0.975720 0.918299 0.856720 0.895481 0.355462 0.245716 0.754073 0.702163 0.250442 0.170879 
0.966686 0.093748 0.624601 0.667266 0.746665 0.199365 0.726739 0.299578 0.005982 0.547229 
0.270269 0.408306 0.403552 0.497637 0.779043 0.381126 0.587410 0.598328 0.091061 0.463007 
0.753054 0.571258 0.132109 0.349286 0.452423 0.870794 0.430423 0.118173 0.133853 0.675521 
0.487601 0.107223 0.091654 0.430084 0.414699 0.839206 0.541366 0.745311 0.450191 0.365658 
0.618973 0.073416 0.904157 0.158757 0.222839 0.249630 0.538714 0.158854 0.853416 0.358563 
0.373961 0.161939 0.710727 0.191280 0.837482 0.552510 0.041105 0.847992 0.194314 0.837132 
0.685175 0.739787 0.605206 0.694213 0.632451 0.610695 0.955547 0.873346 0.330314 0.584679 
0.705226 0.734404 0.124950 0.033917 0.038426 0.826685 0.094954 0.887126 0.921534 0.215065 
0.601466 0.833770 0.165696 0.846674 0.051254 0.420055 0.858747 0.966688 0.120835 0.876886 
0.817287 0.134772 0.106774 0.544483 0.120995 0.556768 0.592089 0.242382 0.708996 0.103616 
0.468700 0.433118 0.411845 0.879779 0.446346 0.734484 0.464574 0.094038 0.490216 0.052466 
0.797447 0.693131 0.454402 0.130922 0.408660 0.347382 0.449295 0.308248 0.727617 0.059069 
0.779895 0.689381 0.418609 0.560023 0.307395 0.386883 0.346050 0.056112 0.074999 0.510697 
0.286404 0.587384 0.155418 0.104554 0.246613 0.824788 0.207758 0.793836 0.000365 0.140366 
0.128595 0.290056 0.968604 0.322525 0.684654 0.982722 0.606372 0.298313 0.744140 0.758945 
0.580699 0.805461 0.379045 0.608853 0.999486 0.356863 0.796748 0.950775 0.681659 0.640924 
0.014028 0.760593 0.282415 0.541954 0.618746 0.262201 0.815927 0.279402 0.909446 0.055261 
0.764788 0.795051 0.423378 0.708517 0.039732 0.771762 0.000605 0.165718 0.222246 0.286631 
0.408256 0.561278 0.400877 0.534269 0.453929 0.177320 0.210695 0.149464 0.042177 0.873857 
0.921797 0.638529 0.759324 0.961874 0.220259 0.889259 0.783366 0.037139 0.196721 0.295267 
0.545621 0.251083 0.950779 0.748394 0.263644 0.060610 0.670268 0.188648 0.606936 0.768188 
0.941642 0.176379 0.405726 0.031661 0.118665 0.406294 0.591438 0.290740 0.462065 0.930530 
0.414196 0.385859 0.129477 0.125150 0.397549 0.612090 0.393269 0.665952 0.655955 0.638552 
0.144311 0.437211 0.201663 0.347899 0.136542 0.858474 0.368438 0.329554 0.815120 0.729327 
0.801473 0.359153 0.279984 0.697299 0.501557 0.670858 0.116288 0.449666 0.540918 0.212885 
0.958295 0.068154 0.468704 0.507907 0.386949 0.444238 0.307006 0.858204 0.838558 0.652390 
0.721450 0.408920 0.722761 0.438984 0.997253 0.835770 0.779748 0.226766 0.264343 0.811762 
0.291484 0.979028 0.524316 0.185352 0.218648 0.820822 0.558539 0.357689 0.677448 0.872608 
0.924603 0.800551 0.863724 0.613240 0.719885 0.105362 0.817506 0.823277 0.814023 0.287991 
0.258969 0.493622 0.304932 0.993647 0.219139 0.065315 0.753013 0.894222 0.192670 0.199679 
0.005461 0.775387 0.928091 0.429558 0.583791 0.781342 0.009252 0.493005 0.939556 0.110887 
0.685133 0.033544 0.766742 0.625543 0.503197 0.227958 0.297532 0.614224 0.257128 0.556313 
0.952989 0.890433 0.510951 0.552049 0.285744 0.502200 0.479207 0.037856 0.244908 0.170157 
0.824794 0.316921 0.482905 0.183399 0.392406 0.166022 0.332787 0.146911 0.127596 0.510923 
0.079234 0.693349 0.117870 0.048787 0.970742 0.263584 0.063757 0.570654 0.983155 0.880982 
0.672392 0.891120 0.056567 0.727873 0.369153 0.349816 0.363183 0.008711 0.403640 0.977775 
0.468613 0.970870 0.417660 0.603801 0.090298 0.634914 0.006037 0.466123 0.121975 0.029185 
0.515541 0.698981 0.777110 0.889516 0.093817 0.789337 0.383973 0.441925 0.429298 0.212545 
0.243606 0.279857 0.552122 0.519978 0.274466 0.949728 0.080961 0.703782 0.471759 0.854861 
0.640500 0.884698 0.122475 0.437030 0.166730 0.229799 0.237885 0.134366 0.290812 0.679402 
0.712711 0.532826 0.203329 0.343886 0.693869 0.858289 0.266746 0.194122 0.603065 0.719594 
0.219313 0.987141 0.886999 0.784763 0.505071 0.725189 0.257452 0.989003 0.171704 0.836046 
0.417326 0.995433 0.242852 0.616635 0.780151 0.996560 0.188011 0.904251 0.738298 0.573855 
0.782572 0.684289 0.841010 0.853278 0.044142 0.887713 0.800454 0.235065 0.731065 0.007941 
0.471559 0.488168 0.635561 0.876434 0.219275 0.356211 0.836670 0.906109 0.966036 0.161578 
0.643687 0.440222 0.813689 0.676993 0.214827 0.591954 0.972602 0.514293 0.714889 0.133389 
0.877225 0.525504 0.141318 0.137754 0.228752 0.634972 0.972030 0.912238 0.975683 0.297668 
0.910120 0.393431 0.400000 0.803790 0.290597 0.064097 0.278394 0.965896 0.820038 0.379003 
0.906296 0.115320 0.178300 0.691706 0.501407 0.153421 0.539816 0.686124 0.680834 0.770532 
0.327462 0.649858 0.165011 0.346709 0.135347 0.782490 0.317351 0.714008 0.338914 0.129400 
0.827562 0.826889 0.516486 0.577346 0.456291 0.879740 0.782318 0.410849 0.131012 0.923595 
0.853957 0.460302 0.296984 0.416228 0.550849 0.112166 0.174895 0.465294 0.194505 0.037531 
0.775192 0.646166 0.110403 0.536771 0.517721 0.330381 0.709892 0.156103 0.622786 0.171717 
0.045174 0.238563 0.525247 0.833027 0.689986 0.588569 0.075750 0.132111 0.383511 0.667170 
0.132868 0.107450 0.909302 0.642375 0.401628 0.163008 0.670405 0.503688 0.484668 0.822494 
0.650665 0.725206 0.533042 0.829137 0.301915 0.283141 0.750057 0.205261 0.824923 0.479910 
0.844490 0.337505 0.446666 0.112960 0.521031 0.961583 0.327127 0.017197 0.024271 0.929509 
0.259452 0.603423 0.734073 0.562585 0.365590 0.468230 0.546274 0.231213 0.995259 0.324853 
0.804628 0.380613 0.964074 0.185680 0.723302 0.529499 0.295088 0.552027 0.915580 0.159434 
0.614283 0.262566 0.952880 0.057521 0.755581 0.052407 0.800798 0.013500 0.894647 0.329872 
0.164812 0.989799 0.552644 0.280879 0.726816 0.592236 0.707837 0.611480 0.136608 0.974608 
0.235480 0.715763 0.827734 0.730589 0.008954 0.485960 0.534986 0.516328 0.924833 0.669133 
0.123941 0.079606 0.938745 0.483582 0.562267 0.024116 0.322436 0.180692 0.892126 0.954027 
0.337062 0.995195 0.247945 0.204979 0.088279 0.705921 0.413812 0.939263 0.190308 0.510047 
0.366584 0.173099 0.273572 0.921487 0.430941 0.830472 0.736539 0.008978 0.897158 0.530375 
0.019956 0.402764 0.259787 0.239591 0.803742 0.490969 0.716745 0.327020 0.223268 0.458624 
0.099977 0.310813 0.828333 0.785219 0.183835 0.710648 0.863270 0.979438 0.419019 0.452119 
0.772079 0.323741 0.118475 0.204558 0.008459 0.175851 0.527696 0.984773 0.086906 0.621544 
0.289265 0.682708 0.272592 0.446197 0.233121 0.066719 0.343827 0.697502 0.914018 0.908782 
0.904477 0.538838 0.244542 0.016267 0.398902 0.340868 0.966873 0.239088 0.346278 0.890203 
0.648184 0.024409 0.234132 0.060388 0.947045 0.979770 0.998218 0.058229 0.649322 0.160586 
0.964543 0.077634 0.798109 0.824294 0.915117 0.378889 0.979890 0.009533 0.217479 0.172284 
0.575289 0.882420 0.836847 0.888120 0.625612 0.657046 0.975602 0.945788 0.861823 0.663707 
0.928113 0.787802 0.594506 0.859360 0.260390 0.380531 0.577351 0.531150 0.038683 0.147224 
0.399360 0.049638 0.268212 0.835711 0.801319 0.767106 0.753778 0.748220 0.329765 0.358431 
0.147531 0.555044 0.619880 0.319050 0.279317 0.481102 0.882773 0.771066 0.311375 0.271481 
0.781175 0.209094 0.245474 0.689354 0.973437 0.559096 0.721063 0.908729 0.012818 0.438635 
0.130184 0.006737 0.227543 0.320770 0.173748 0.181895 0.106761 0.328569 0.256495 0.917139 
0.352250 0.259836 0.062964 0.236744 0.948891 0.003874 0.104232 0.824465 0.787473 0.062515 
0.689189 0.194450 0.121282 0.383258 0.419886 0.022158 0.410753 0.527859 0.723071 0.659759 
0.567279 0.256073 0.816501 0.931663 0.463563 0.099124 0.972489 0.628952 0.787876 0.833694 
0.895045 0.029080 0.749169 0.277886 0.433917 0.847991 0.192170 0.795779 0.649317 0.069651 
0.626983 0.699396 0.742227 0.601763 0.828331 0.767493 0.250745 0.264593 0.020721 0.261646 
0.476462 0.896064 0.143495 0.717382 0.039065 0.572353 0.530377 0.039342 0.221866 0.894170 
0.315968 0.468189 0.852874 0.246259 0.874924 0.840465 0.692928 0.034623 0.905166 0.129495 
0.420337 0.608305 0.778027 0.300294 0.047846 0.139586 0.020342 0.884837 0.459750 0.013619 
0.895756 0.963847 0.378433 0.324730 0.742043 0.517312 0.470646 0.153962 0.647252 0.368657 
0.015797 0.507949 0.102897 0.389559 0.326276 0.713622 0.852670 0.819796 0.315897 0.274355 
0.078670 0.210411 0.383800 0.526070 0.658645 0.848865 0.881255 0.255749 0.365990 0.201404 
0.004632 0.846398 0.418106 0.101776 0.552850 0.757790 0.178425 0.790253 0.780844 0.653303 
0.068890 0.827629 0.959137 0.219834 0.754913 0.829526 0.848743 0.826763 0.402521 0.168466 
0.413923 0.809906 0.089355 0.782948 0.003816 0.132651 0.460370 0.431565 0.317838 0.898802 
0.163141 0.908536 0.759577 0.205473 0.376670 0.695849 0.140598 0.023074 0.808814 0.732981 
0.214672 0.989663 0.263431 0.477847 0.170074 0.428648 0.290894 0.049479 0.586365 0.044924 
0.036773 0.043700 0.470069 0.441759 0.645216 0.143631 0.006736 0.209777 0.729990 0.949667 
0.046095 0.725132 0.291216 0.465217 0.894232 0.349408 0.506962 0.513248 0.161579 0.657555 
0.525183 0.746320 0.405026 0.278371 0.587632 0.335661 0.462571 0.428120 0.409201 0.442907 
0.931315 0.611912 0.399534 0.962769 0.263714 0.248739 0.553423 0.388216 0.742113 0.695267 
0.354678 0.066611 0.537258 0.698327 0.781891 0.240180 0.710298 0.970898 0.888737 0.994808 
0.730246 0.245005 0.798824 0.838507 0.784469 0.575358 0.045505 0.799081 0.150656 0.080367 
0.728965 0.719242 0.293248 0.626262 0.581875 0.574071 0.415040 0.580975 0.450411 0.056308 
0.367576 0.852782 0.712267 0.073834 0.930499 0.891120 0.057788 0.247768 0.243583 0.899237 
0.474872 0.166344 0.742600 0.880671 0.438852 0.782962 0.243984 0.632755 0.720892 0.028164 
0.346052 0.099353 0.821279 0.230102 0.328383 0.126370 0.904922 0.026059 0.974174 0.937430 
0.386008 0.642814 0.775821 0.223903 0.139505 0.665589 0.562172 0.422872 0.217133 0.354192 
0.909735 0.908322 0.163376 0.854896 0.242332 0.877531 0.660541 0.714875 0.901752 0.753310 
0.874783 0.473364 0.825828 0.693714 0.255466 0.613005 0.776514 0.870041 0.786681 0.743756 
0.312082 0.169245 0.499777 0.753975 0.055776 0.435177 0.012881 0.490334 0.046617 0.494328 
0.173621 0.049366 0.690248 0.990377 0.268549 0.500289 0.353159 0.542810 0.004912 0.552081 
0.828605 0.357799 0.531171 0.386957 0.578797 0.836198 0.980509 0.410277 0.519503 0.286740 
0.247007 0.443838 0.582089 0.172213 0.386988 0.105433 0.013962 0.662639 0.977654 0.426908 
0.050388 0.879232 0.250636 0.437238 0.657181 0.241782 0.633110 0.672102 0.019957 0.411076 
0.952918 0.692443 0.890182 0.289775 0.251401 0.288402 0.177597 0.871407 0.743832 0.590019 
0.448520 0.270417 0.899416 0.486905 0.404875 0.740084 0.594493 0.639541 0.758535 0.693846 
0.471095 0.697753 0.132017 0.805089 0.126058 0.651487 0.548844 0.412861 0.953677 0.443430 
0.726910 0.171276 0.640435 0.785680 0.928575 0.559661 0.221955 0.390486 0.894145 0.894134 
0.712946 0.481613 0.462798 0.253594 0.159281 0.035158 0.905248 0.508188 0.117097 0.041863 
0.585267 0.576837 0.898109 0.519178 0.828865 0.739689 0.960299 0.739590 0.283859 0.819218 
0.601424 0.126360 0.728101 0.192812 0.583129 0.654999 0.575814 0.697917 0.896807 0.633355 
0.795808 0.148991 0.099735 0.248778 0.217068 0.266499 0.051014 0.391854 0.885341 0.929775 
0.732535 0.710859 0.399920 0.458984 0.152460 0.401584 0.426225 0.571492 0.063051 0.702599 
0.581996 0.613905 0.897991 0.529731 0.186195 0.377998 0.014064 0.373374 0.296613 0.171866 
0.548125 0.338589 0.663339 0.731718 0.980182 0.925948 0.414462 0.857212 0.167061 0.802221 
0.932270 0.657401 0.936642 0.149043 0.967132 0.581838 0.954927 0.460620 0.643936 0.638474 
0.840156 0.506346 0.153194 0.724516 0.935168 0.375501 0.041770 0.028594 0.579237 0.243919 
0.549289 0.892577 0.538570 0.739089 0.868540 0.549442 0.467523 0.654709 0.690539 0.889794 
0.765455 0.010457 0.756845 0.292171 0.520982 0.140456 0.645470 0.418003 0.369730 0.056494 
0.499540 0.776379 0.605708 0.142277 0.256334 0.197264 0.419350 0.009029 0.758567 0.237027 
0.719744 0.729534 0.285773 0.982434 0.769426 0.736031 0.475653 0.300612 0.379427 0.021616 
0.300797 0.490158 0.083194 0.236999 0.240793 0.011513 0.506870 0.970311 0.012798 0.090705 
0.486275 0.816533 0.477279 0.620463 0.124161 0.766436 0.496908 0.527551 0.549113 0.948782 
0.178013 0.864409 0.125218 0.546296 0.597096 0.386855 0.873666 0.698295 0.248962 0.306034 
0.521488 0.648815 0.636472 0.187974 0.274150 0.630975 0.789365 0.860451 0.594005 0.436919 
0.291227 0.645787 0.734080 0.675402 0.482806 0.518950 0.987926 0.070940 0.291930 0.472996 
0.639522 0.438303 0.562169 0.368127 0.110305 0.894964 0.652062 0.201496 0.543867 0.777806 
0.583638 0.199172 0.483734 0.117843 0.584230 0.150714 0.042870 0.509227 0.572976 0.003773 
0.406653 0.620528 0.215063 0.555650 0.811558 0.852140 0.908802 0.231846 0.632978 0.459564 
0.892635 0.519675 0.184673 0.796125 0.471330 0.635637 0.159348 0.156583 0.691836 0.683595 
0.177200 0.193777 0.809157 0.505805 0.065660 0.542578 0.104539 0.985369 0.093420 0.102103 
0.052432 0.229981 0.282726 0.779305 0.785807 0.054577 0.273659 0.385308 0.864222 0.983119 
0.281263 0.194762 0.366491 0.614258 0.840005 0.964623 0.414965 0.317658 0.883724 0.756410 
0.980581 0.630854 0.758328 0.225974 0.945631 0.223883 0.799911 0.109424 0.091637 0.134998 
0.913934 0.496138 0.596792 0.289392 0.813030 0.595449 0.703688 0.881730 0.243208 0.596427 
0.147946 0.532221 0.031858 0.441366 0.037326 0.342186 0.121548 0.858243 0.491004 0.300099 
0.759135 0.777168 0.863508 0.971552 0.871684 0.392891 0.324621 0.900037 0.915033 0.957620 
0.717563 0.083022 0.353522 0.641970 0.587052 0.580116 0.004264 0.660820 0.395709 0.679774 
0.962435 0.638934 0.566551 0.030783 0.373003 0.059654 0.603890 0.577183 0.710057 0.927569 
0.652786 0.372807 0.771241 0.239908 0.133351 0.225477 0.584658 0.352507 0.589368 0.504289 
0.589771 0.284570 0.774076 0.888190 0.812066 0.391115 0.475631 0.929837 0.776713 0.219477 
0.750797 0.642285 0.891741 0.498306 0.024832 0.344287 0.430925 0.559390 0.662171 0.107433 
0.632538 0.071573 0.930619 0.918392 0.422589 0.449982 0.845905 0.129511 0.691865 0.180327 
0.749075 0.707971 0.874380 0.709596 0.186257 0.417324 0.969254 0.248951 0.116832 0.595460 
0.890151 0.769533 0.540009 0.935820 0.327378 0.234835 0.869840 0.393245 0.274195 0.400432 
0.058544 0.953308 0.240375 0.980632 0.482590 0.884274 0.997583 0.380838 0.749563 0.909200 
0.927962 0.259909 0.283549 0.607107 0.643729 0.161148 0.417044 0.261247 0.771729 0.446028 
0.398050 0.029115 0.338283 0.521813 0.113335 0.819372 0.180431 0.510611 0.838713 0.253484 
0.305339 0.837752 0.094105 0.630338 0.082829 0.113968 0.468399 0.387246 0.448309 0.727216 
0.322741 0.311808 0.565250 0.159759 0.077903 0.318620 0.050726 0.549217 0.695088 0.336219 
0.835556 0.187805 0.432747 0.179300 0.499116 0.636805 0.784626 0.209526 0.508087 0.416004 
0.777459 0.746066 0.136063 0.807989 0.864193 0.493353 0.778019 0.169304 0.499885 0.573308 
0.593084 0.959585 0.739848 0.627877 0.736989 0.579903 0.423434 0.650459 0.270224 0.650315 
0.837232 0.366577 0.055116 0.341416 0.171255 0.280203 0.364368 0.926805 0.811389 0.011551 
0.137057 0.524550 0.108946 0.057978 0.436998 0.629176 0.556821 0.486330 0.750055 0.173110 
0.467689 0.453246 0.709748 0.729694 0.962328 0.853677 0.744774 0.411948 0.608710 0.590662 
0.261815 0.323867 0.237222 0.983026 0.725679 0.480915 0.741441 0.396737 0.958363 0.198830 
0.732957 0.808804 0.571508 0.327027 0.340655 0.393909 0.424204 0.604141 0.804126 0.954055 
0.806033 0.002536 0.630061 0.438184 0.566679 0.178284 0.421305 0.870827 0.989539 0.177758 
0.578071 0.640946 0.379042 0.551494 0.959036 0.525457 0.349932 0.299692 0.929782 0.850932 
0.614518 0.197234 0.918180 0.855228 0.816155 0.117180 0.436929 0.459079 0.736729 0.201425 
0.344781 0.741747 0.536619 0.953810 0.682523 0.161946 0.831535 0.608577 0.361235 0.275947 
0.836181 0.701992 0.375010 0.792902 0.304496 0.659329 0.343274 0.405332 0.413534 0.265793 
0.189345 0.325531 0.192206 0.413882 0.109211 0.511182 0.438452 0.057505 0.481885 0.044418 
0.527076 0.559737 0.491587 0.108167 0.967538 0.411785 0.878035 0.135615 0.275664 0.082288 
0.018718 0.590202 0.529769 0.829147 0.470370 0.502493 0.399012 0.190701 0.106941 0.357436 
0.432809 0.221671 0.622505 0.442852 0.019747 0.879575 0.025236 0.147304 0.732504 0.196470 
0.078795 0.299183 0.372540 0.274905 0.333704 0.564091 0.679535 0.946325 0.891411 0.939862 
0.256937 0.332358 0.934231 0.612035 0.468857 0.080106 0.333324 0.178220 0.342064 0.072918 
0.526819 0.241866 0.041566 0.607070 0.020555 0.464767 0.343264 0.244492 0.180450 0.820817 
0.470484 0.426035 0.361968 0.599974 0.760415 0.290746 0.564747 0.706310 0.956023 0.875590 
0.035632 0.869675 0.622914 0.317175 0.762113 0.836747 0.203212 0.381354 0.409652 0.023301 
0.618315 0.014435 0.616461 0.858677 0.781775 0.299710 0.231105 0.187313 0.175027 0.685964 
0.989588 0.002861 0.080924 0.087644 0.027850 0.070265 0.950214 0.251166 0.341572 0.802574 
0.863030 0.940953 0.604959 0.549814 0.717505 0.101564 0.988738 0.712145 0.025908 0.437475 
0.646461 0.077768 0.044755 0.193297 0.734512 0.944409 0.675829 0.652519 0.892054 0.756773 
0.080845 0.759822 0.326713 0.071302 0.368832 0.961666 0.726020 0.212987 0.675166 0.512739 
0.608234 0.587347 0.535820 0.520943 0.484465 0.411144 0.091107 0.232973 0.572189 0.778461 
0.590737 0.522870 0.876133 0.167182 0.820133 0.977876 0.155649 0.993407 0.189701 0.308939 
0.330460 0.039201 0.849419 0.186761 0.896624 0.560448 0.456361 0.053311 0.005187 0.184517 
0.176944 0.903612 0.002906 0.847548 0.740143 0.591580 0.685288 0.632188 0.179303 0.549909 
0.317050 0.663167 0.848882 0.167458 0.461123 0.097018 0.578079 0.769737 0.964883 0.792676 
0.505607 0.743116 0.542302 0.465897 0.327563 0.352586 0.920813 0.107422 0.433999 0.220964 
0.734806 0.881846 0.183310 0.893343 0.418081 0.689374 0.300642 0.890942 0.068374 0.153445 
0.945480 0.684297 0.971499 0.982820 0.251679 0.961363 0.628604 0.941578 0.105951 0.719366 
0.380533 0.622822 0.765699 0.105605 0.904491 0.777010 0.202511 0.597432 0.039716 0.513437 
0.332832 0.900848 0.557341 0.238426 0.222393 0.759631 0.113167 0.997801 0.045512 0.924248 
0.834502 0.476285 0.920525 0.265670 0.107515 0.010809 0.665292 0.561490 0.958525 0.929701 
0.476449 0.685088 0.279340 0.864712 0.207459 0.765934 0.047591 0.857623 0.065693 0.100958 
0.799572 0.402686 0.945732 0.913424 0.914540 0.675169 0.564816 0.860676 0.385161 0.393797 
0.554140 0.438891 0.446020 0.256933 0.271257 0.018718 0.601284 0.787277 0.766283 0.918956 
0.900901 0.445220 0.805877 0.379380 0.241147 0.957950 0.260613 0.116088 0.089782 0.973855 
0.581251 0.080710 0.494832 0.633136 0.113032 0.727403 0.459323 0.842700 0.265832 0.831781 
0.736408 0.810684 0.168611 0.840661 0.994951 0.142818 0.346654 0.206655 0.245474 0.678608 
0.372054 0.112988 0.994432 0.419312 0.381856 0.846376 0.048928 0.332772 0.894197 0.772417 
0.015069 0.266475 0.639253 0.925744 0.978130 0.429034 0.782640 0.830147 0.288572 0.028501 
0.009957 0.338943 0.614925 0.037325 0.314262 0.794720 0.858453 0.027333 0.386596 0.512758 
0.921977 0.674198 0.241976 0.887431 0.057479 0.047005 0.015682 0.561743 0.206506 0.747273 
0.422020 0.886393 0.614928 0.093948 0.990159 0.599226 0.192158 0.598296 0.556309 0.880556 
0.508204 0.383694 0.745078 0.524962 0.034931 0.081284 0.144901 0.356672 0.587405 0.513067 
0.118397 0.898627 0.218516 0.604974 0.790733 0.845237 0.900197 0.615749 0.886015 0.246541 
0.611896 0.139041 0.859029 0.696171 0.537748 0.928693 0.550658 0.909107 0.362031 0.653106 
0.748263 0.054111 0.443799 0.931311 0.542054 0.293237 0.429663 0.352637 0.768378 0.123726 
0.467971 0.195650 0.295549 0.285888 0.927068 0.226721 0.501648 0.191232 0.041626 0.606372 
0.291496 0.174726 0.626709 0.096434 0.765197 0.665594 0.632993 0.708317 0.689694 0.679236 
0.920466 0.269999 0.870108 0.901719 0.195509 0.913546 0.970840 0.913626 0.307169 0.596338 
0.649118 0.730413 0.056605 0.354601 0.783689 0.468412 0.607097 0.476316 0.436322 0.263597 
0.276275 0.347753 0.690074 0.066665 0.433957 0.508866 0.506076 0.620395 0.983757 0.000713 
0.978595 0.240878 0.436648 0.748865 0.165851 0.449920 0.808035 0.640350 0.358878 0.669032 
0.420188 0.092354 0.193735 0.101763 0.331286 0.923008 0.991754 0.405018 0.140353 0.918738 
0.235805 0.167494 0.077888 0.063950 0.811100 0.152033 0.219795 0.090314 0.903633 0.355993 
0.174860 0.874254 0.592282 0.479204 0.975879 0.597164 0.531610 0.774400 0.333167 0.545108 
0.637084 0.462713 0.817784 0.499744 0.193959 0.869346 0.096347 0.302691 0.330661 0.422039 
0.216815 0.008806 0.995046 0.740078 0.499222 0.430046 0.774948 0.545790 0.095514 0.307578 
0.457904 0.984890 0.050909 0.634865 0.178054 0.557364 0.612518 0.597128 0.938426 0.130823 
0.738982 0.075660 0.609858 0.889104 0.165187 0.306258 0.281471 0.690684 0.323388 0.177603 
0.974183 0.098066 0.199110 0.442052 0.569779 0.271451 0.276805 0.256337 0.260486 0.981602 
0.788822 0.734333 0.930771 0.472051 0.755944 0.154956 0.338800 0.218639 0.665813 0.321107 
0.838678 0.652935 0.884704 0.218958 0.034882 0.269142 0.468626 0.192388 0.463215 0.256841 
0.723632 0.078802 0.426847 0.016940 0.708921 0.834656 0.063268 0.341782 0.338105 0.532672 
0.622834 0.967455 0.018246 0.654092 0.318761 0.409124 0.146296 0.802878 0.966973 0.914878 
0.349013 0.857397 0.273081 0.678050 0.994068 0.300657 0.139085 0.605484 0.375790 0.906563 
0.602326 0.291461 0.579421 0.336392 0.733206 0.001562 0.258447 0.721444 0.306630 0.523870 
0.677423 0.440029 0.567977 0.983183 0.353633 0.502493 0.407738 0.855334 0.606875 0.752333 
0.468279 0.361164 0.077252 0.377012 0.435239 0.062154 0.630053 0.296559 0.258865 0.744374 
0.688518 0.914899 0.704103 0.858383 0.842155 0.093186 0.176397 0.697900 0.600367 0.376553 
0.733019 0.857945 0.475084 0.731678 0.308140 0.907618 0.341050 0.029034 0.977152 0.995850 
0.258120 0.223028 0.433570 0.004762 0.027240 0.817385 0.791622 0.788061 0.946797 0.812573 
0.913695 0.470794 0.634679 0.048422 0.832028 0.889463 0.206425 0.377228 0.074516 0.396717 
0.616084 0.525203 0.089796 0.203935 0.529147 0.365972 0.891410 0.924381 0.075192 0.745030 
0.724270 0.798439 0.367586 0.025855 0.538914 0.529929 0.519516 0.505808 0.121235 0.592411 
0.657932 0.859956 0.273572 0.931286 0.116252 0.848335 0.966504 0.033559 0.034059 0.430235 
0.958582 0.881864 0.495293 0.384192 0.113040 0.859582 0.001027 0.260987 0.407910 0.737653 
0.738106 0.347207 0.514814 0.477660 0.023271 0.109405 0.769761 0.380385 0.133849 0.592163 
0.478619 0.154936 0.009099 0.926238 0.280405 0.766999 0.953267 0.559293 0.036157 0.685031 
0.315194 0.461515 0.676607 0.738882 0.386079 0.837541 0.545332 0.398757 0.916744 0.715449 
0.557802 0.971716 0.631622 0.667729 0.519071 0.034459 0.150237 0.038842 0.813293 0.009967 
0.513855 0.352952 0.060670 0.686060 0.609709 0.377309 0.427461 0.334153 0.108132 0.373509 
0.562128 0.678475 0.131952 0.709577 0.861087 0.285303 0.079327 0.253270 0.703652 0.279186 
0.280437 0.298276 0.132940 0.315379 0.583062 0.523408 0.921639 0.991197 0.050182 0.416799 
0.143935 0.109067 0.086917 0.819348 0.775323 0.851621 0.196026 0.605355 0.207596 0.072349 
0.970681 0.234863 0.342270 0.540289 0.633864 0.356995 0.020063 0.205631 0.041588 0.970401 
0.530832 0.686245 0.716989 0.430722 0.141716 0.820080 0.086100 0.082379 0.544969 0.300419 
0.146072 0.025974 0.540406 0.609256 0.757798 0.314596 0.416229 0.557845 0.706949 0.686053 
0.498512 0.488415 0.787043 0.833079 0.551223 0.401389 0.152220 0.368578 0.688617 0.592911 
0.063570 0.417488 0.723690 0.052723 0.120741 0.298839 0.589988 0.922447 0.563374 0.620869 
0.942337 0.856711 0.741498 0.349480 0.711002 0.812727 0.506767 0.228451 0.568055 0.303382 
0.936963 0.541873 0.263892 0.229545 0.956180 0.520464 0.441908 0.154679 0.683097 0.808455 
0.705378 0.282529 0.461089 0.525928 0.265678 0.249376 0.264757 0.767362 0.053781 0.897470 
0.783912 0.207163 0.786946 0.205992 0.108143 0.566116 0.707094 0.125454 0.511698 0.111290 
0.446662 0.053308 0.940009 0.737817 0.495821 0.265313 0.117353 0.355444 0.952580 0.006218 
0.504820 0.509750 0.374002 0.850362 0.037648 0.746631 0.620386 0.824248 0.129053 0.986523 
0.492539 0.107583 0.141688 0.349527 0.508126 0.067987 0.664438 0.203037 0.443953 0.515468 
0.478169 0.592151 0.282123 0.635689 0.026275 0.597376 0.093375 0.358708 0.804088 0.302847 
0.941295 0.350493 0.728534 0.474661 0.629662 0.736903 0.124808 0.654787 0.997746 0.120396 
0.500000 0.507392 0.737441 0.169227 0.195050 0.198656 0.806951 0.433640 0.187725 0.095455 
0.317440 0.217712 0.088763 0.846769 0.653358 0.994514 0.801833 0.400593 0.770937 0.136082 
0.132493 0.815503 0.156827 0.788439 0.297269 0.204628 0.184230 0.360839 0.626460 0.911393 
0.774516 0.298024 0.896048 0.886853 0.330233 0.229340 0.517227 0.027127 0.929704 0.534811 
0.562375 0.828227 0.018745 0.052749 0.544586 0.859294 0.151816 0.578991 0.105883 0.574564 
0.690573 0.454318 0.717652 0.577953 0.649511 0.325773 0.266051 0.515668 0.836363 0.747052 
0.703007 0.444846 0.521874 0.137760 0.326613 0.383475 0.060979 0.873487 0.697219 0.163334 
0.156002 0.917851 0.322259 0.203760 0.600574 0.846413 0.669082 0.255566 0.304323 0.750221 
0.958194 0.373440 0.407597 0.487044 0.746032 0.559416 0.103758 0.864054 0.151633 0.487967 
0.256456 0.252563 0.820969 0.033902 0.787012 0.306779 0.029584 0.210288 0.306799 0.370164 
0.340214 0.983605 0.447955 0.772085 0.430516 0.688518 0.927969 0.372209 0.719271 0.787875 
0.814472 0.838238 0.262409 0.304445 0.801551 0.670156 0.306414 0.900425 0.443806 0.043564 
0.188549 0.940373 0.848506 0.833123 0.299987 0.884657 0.424605 0.343999 0.595755 0.856186 
0.916092 0.762680 0.369429 0.991464 0.531499 0.901988 0.706581 0.505405 0.344922 0.097766 
0.146210 0.357582 0.883637 0.280028 0.429150 0.731664 0.080142 0.948774 0.046804 0.633391 
0.401992 0.276834 0.754360 0.536096 0.170675 0.531317 0.844718 0.179634 0.109159 0.633337 
0.502445 0.586541 0.989838 0.207233 0.969941 0.800359 0.630620 0.826807 0.138865 0.901264 
0.540662 0.907568 0.494887 0.557993 0.196532 0.119537 0.062713 0.012680 0.110798 0.188168 
0.537730 0.625555 0.697510 0.048162 0.466471 0.979699 0.802099 0.874991 0.976721 0.743624 
0.082115 0.107269 0.875324 0.571886 0.686821 0.394216 0.590383 0.566557 0.121702 0.447488 
0.926682 0.742472 0.734180 0.358925 0.444876 0.024202 0.759154 0.098613 0.383542 0.193345 
0.549902 0.208866 0.416322 0.116514 0.246684 0.019600 0.424185 0.280349 0.822755 0.050665 
0.532775 0.356390 0.850604 0.108322 0.575613 0.327382 0.306814 0.622877 0.695394 0.479459 
0.260714 0.826181 0.622643 0.759176 0.469677 0.853154 0.952881 0.069957 0.769127 0.709264 
0.595858 0.580640 0.820794 0.083768 0.880847 0.391788 0.779655 0.665680 0.079431 0.996171 
0.642920 0.562018 0.830215 0.430979 0.467898 0.963232 0.040050 0.115802 0.290794 0.369846 
0.998577 0.075517 0.214661 0.801345 0.201172 0.102584 0.130599 0.983382 0.694952 0.061923 
0.743548 0.814807 0.456311 0.216712 0.273324 0.753601 0.771092 0.749769 0.360684 0.013298 
0.496234 0.202278 0.688176 0.177614 0.166211 0.509236 0.731295 0.881689 0.546716 0.654047 
0.563508 0.881030 0.477099 0.606497 0.395795 0.134438 0.496503 0.733355 0.490622 0.878899 
0.660088 0.101336 0.152220 0.362246 0.274547 0.308206 0.015613 0.408793 0.585708 0.993629 
0.919185 0.748047 0.423435 0.669266 0.355529 0.369904 0.973500 0.606248 0.214041 0.389628 
0.483169 0.629466 0.431397 0.482297 0.968931 0.821278 0.213839 0.992859 0.978511 0.829948 
0.935740 0.976985 0.178718 0.705127 0.064883 0.483983 0.306586 0.792284 0.919600 0.721326 
0.329595 0.500131 0.705772 0.912904 0.170599 0.265206 0.319041 0.128636 0.984067 0.213505 
0.380076 0.943753 0.650267 0.031179 0.026700 0.751773 0.047028 0.407939 0.235684 0.145254 
0.291885 0.715959 0.120812 0.491093 0.793558 0.326019 0.407171 0.316282 0.746864 0.539456 
0.634736 0.005352 0.957384 0.752208 0.358055 0.827347 0.214229 0.541941 0.405016 0.096745 
0.990183 0.002949 0.568959 0.498841 0.023364 0.678498 0.517831 0.180221 0.981498 0.030057 
0.167968 0.035952 0.238454 0.704051 0.989726 0.331511 0.702870 0.139604 0.329452 0.101318 
0.847555 0.859230 0.070564 0.975870 0.452595 0.765588 0.232888 0.147931 0.268699 0.022994 
0.454562 0.828734 0.536535 0.546785 0.818970 0.437122 0.710818 0.714635 0.878717 0.594844 
0.537383 0.794150 0.286178 0.789411 0.629125 0.709405 0.969243 0.072584 0.912776 0.029524 
0.209428 0.859838 0.294745 0.785394 0.110983 0.290329 0.565430 0.173929 0.226251 0.596357 
0.976034 0.195362 0.446518 0.629262 0.003963 0.612585 0.707761 0.334404 0.326490 0.320553 
0.541553 0.889031 0.943546 0.178294 0.579914 0.615642 0.086998 0.181332 0.638904 0.067816 
0.785234 0.423846 0.579997 0.011686 0.403034 0.791889 0.273487 0.489324 0.068013 0.101353 
0.431598 0.866670 0.117733 0.741965 0.207687 0.594867 0.937373 0.427427 0.762984 0.480353 
0.297095 0.275500 0.325489 0.490533 0.393486 0.314050 0.233605 0.191781 0.271654 0.696818 
0.428227 0.207810 0.668151 0.612830 0.833330 0.769432 0.849216 0.775145 0.864781 0.377634 
0.901403 0.888549 0.849398 0.824729 0.221620 0.769454 0.218558 0.306443 0.391146 0.994660 
0.252871 0.010471 0.978926 0.808448 0.577604 0.796600 0.448599 0.603874 0.307760 0.521700 
0.214352 0.621994 0.860659 0.101251 0.728995 0.215473 0.446706 0.781716 0.293490 0.680759 
0.522249 0.444866 0.867784 0.844920 0.570643 0.802006 0.307338 0.431604 0.975167 0.626090 
0.698547 0.474466 0.347080 0.368573 0.606941 0.864554 0.566427 0.944711 0.764800 0.994655 
0.163126 0.666654 0.452696 0.467385 0.335693 0.991610 0.987985 0.062166 0.815874 0.398262 
0.596030 0.474456 0.181035 0.662860 0.684426 0.143356 0.376718 0.506614 0.666222 0.200822 
0.210580 0.222174 0.072620 0.529635 0.574910 0.509713 0.745936 0.942864 0.710542 0.073544 
0.049583 0.349545 0.798601 0.092994 0.955971 0.002683 0.099969 0.185669 0.539100 0.656118 
0.368225 0.762522 0.705881 0.736025 0.372196 0.502590 0.032672 0.125522 0.650685 0.068674 
0.200412 0.324307 0.621604 0.306122 0.992908 0.805288 0.481887 0.081976 0.776921 0.709678 
0.553570 0.858140 0.752673 0.178899 0.749811 0.079066 0.866871 0.508758 0.697887 0.392898 
0.441328 0.391533 0.501597 0.348387 0.342607 0.202409 0.882839 0.872628 0.255056 0.720580 
0.787243 0.197760 0.750950 0.219086 0.182336 0.528217 0.746167 0.826136 0.867187 0.811100 
0.154741 0.731869 0.529755 0.596578 0.693457 0.934739 0.151692 0.479474 0.515760 0.379621 
0.288883 0.249675 0.288409 0.295118 0.042834 0.913350 0.680400 0.481357 0.161559 0.321373 
0.319493 0.719705 0.088610 0.261688 0.195784 0.534172 0.828658 0.251007 0.675856 0.111168 
0.401053 0.495469 0.354526 0.518236 0.991910 0.026946 0.877835 0.768938 0.533801 0.585234 
0.032818 0.574917 0.637627 0.599545 0.556250 0.888298 0.621272 0.718525 0.246752 0.163534 
0.513451 0.576662 0.960638 0.441154 0.483286 0.585675 0.433081 0.788185 0.028055 0.525036 
0.281421 0.841726 0.893357 0.645883 0.359773 0.704755 0.820332 0.324353 0.398481 0.273124 
0.399610 0.251984 0.088942 0.846648 0.613705 0.536933 0.231999 0.213762 0.702893 0.525656 
0.693928 0.845046 0.682613 0.668749 0.670348 0.545654 0.812484 0.419398 0.829366 0.154907 
0.520084 0.050621 0.793058 0.930806 0.057972 0.332454 0.547402 0.180927 0.837868 0.045298 
0.316300 0.045706 0.178358 0.668359 0.101990 0.141577 0.489779 0.709680 0.597695 0.468189 
0.855480 0.048342 0.491496 0.570959 0.104418 0.948032 0.571023 0.191446 0.626040 0.861039 
0.484219 0.265946 0.759306 0.652099 0.823066 0.275002 0.952495 0.577115 0.573167 0.222312 
0.401263 0.020044 0.871265 0.352665 0.244221 0.621245 0.271561 0.123671 0.543583 0.004417 
0.239734 0.201507 0.723122 0.519306 0.967937 0.121794 0.984540 0.159046 0.094120 0.868189 
0.647749 0.715315 0.304559 0.716358 0.836941 0.460148 0.700352 0.808878 0.817051 0.171396 
0.660867 0.186454 0.731737 0.301768 0.813663 0.237151 0.791133 0.572847 0.835187 0.995550 
0.208617 0.225958 0.680137 0.067496 0.400566 0.320999 0.028642 0.382520 0.019419 0.368348 
0.824817 0.702283 0.272055 0.433859 0.866252 0.092025 0.664162 0.576768 0.747390 0.386650 
0.422738 0.952143 0.660615 0.951465 0.266892 0.661032 0.971577 0.295177 0.034146 0.884210 
0.917325 0.483016 0.058151 0.348791 0.131717 0.761338 0.809262 0.267967 0.719425 0.370107 
0.392292 0.258243 0.286936 0.526756 0.195488 0.570829 0.931098 0.956567 0.017892 0.719012 
0.426349 0.646669 0.570653 0.964990 0.581776 0.912439 0.364164 0.503809 0.523602 0.178598 
0.704808 0.716225 0.586499 0.295318 0.412376 0.798044 0.729002 0.333205 0.169653 0.352577 
0.767424 0.098312 0.325289 0.137028 0.029720 0.500753 0.155877 0.823757 0.887823 0.643306 
0.043425 0.849466 0.978555 0.574650 0.150895 0.090207 0.114720 0.106068 0.688339 0.920350 
0.320990 0.883189 0.752728 0.094506 0.355646 0.345710 0.345805 0.947863 0.733096 0.142549 
0.824554 0.278052 0.223494 0.256433 0.863976 0.838250 0.474049 0.349312 0.880674 0.487023 
0.398048 0.994742 0.624317 0.903238 0.721955 0.905665 0.511685 0.890657 0.264877 0.783670 
0.134140 0.496627 0.817399 0.030537 0.242120 0.310467 0.025150 0.699151 0.637875 0.765678 
0.751634 0.713409 0.259497 0.374344 0.600818 0.953637 0.779535 0.639417 0.683005 0.267044 
0.206465 0.058717 0.858957 0.485752 0.034971 0.765168 0.179905 0.660936 0.353233 0.779807 
0.210017 0.751281 0.775206 0.883508 0.125366 0.023772 0.541621 0.029623 0.866177 0.831134 
0.874190 0.514520 0.541936 0.322565 0.346147 0.688114 0.123809 0.866113 0.763813 0.408332 
0.838706 0.130195 0.190563 0.787111 0.978577 0.948047 0.818767 0.020129 0.312514 0.430965 
0.231119 0.418990 0.956632 0.114711 0.950793 0.978623 0.710758 0.702373 0.781198 0.602471 
0.729320 0.679664 0.105018 0.038750 0.266646 0.512274 0.790082 0.913881 0.599213 0.971658 
0.652653 0.131961 0.871739 0.324057 0.427578 0.310061 0.190429 0.537993 0.043634 0.357370 
0.319805 0.969743 0.478425 0.890291 0.125380 0.255769 0.716275 0.438188 0.632037 0.650353 
0.481351 0.058079 0.128738 0.705923 0.447661 0.840197 0.183327 0.171868 0.584886 0.171580 
0.741537 0.011387 0.387897 0.377247 0.383024 0.484787 0.822280 0.054753 0.241528 0.356100 
0.980873 0.534246 0.076431 0.583646 0.343584 0.619001 0.547248 0.596464 0.771778 0.277776 
0.576485 0.984731 0.381053 0.359969 0.000862 0.485960 0.528217 0.736141 0.326229 0.936769 
0.280281 0.679910 0.245152 0.265602 0.970876 0.514761 0.593139 0.885530 0.107101 0.049152 
0.092747 0.804528 0.703727 0.546048 0.433741 0.887386 0.288444 0.880867 0.725512 0.682479 
0.432223 0.379706 0.723941 0.281585 0.591498 0.300607 0.309021 0.707674 0.875318 0.473571 
0.309126 0.480159 0.027426 0.944521 0.556403 0.473019 0.028109 0.421022 0.122021 0.805827 
0.536410 0.437524 0.464301 0.513553 0.289713 0.214782 0.845287 0.741462 0.744134 0.657703 
0.007871 0.295013 0.280938 0.731870 0.543451 0.787708 0.002771 0.572469 0.494357 0.658050 
0.843838 0.392875 0.057593 0.962243 0.417045 0.273769 0.232190 0.414544 0.238261 0.456695 
0.672981 0.793199 0.296882 0.693621 0.689065 0.113935 0.904909 0.798038 0.620716 0.376368 
0.614415 0.469352 0.399927 0.579010 0.415979 0.364805 0.284649 0.089845 0.021133 0.178833 
0.651294 0.303585 0.348243 0.917591 0.955677 0.062546 0.211951 0.261009 0.778778 0.918820 
0.607509 0.401009 0.755893 0.296622 0.326499 0.471743 0.588545 0.672645 0.146795 0.175786 
0.433476 0.423538 0.395599 0.829299 0.036268 0.560949 0.870709 0.012402 0.444028 0.783552 
0.151369 0.055690 0.987048 0.312865 0.326358 0.095407 0.506855 0.717456 0.289938 0.993956 
0.417812 0.172627 0.343887 0.703002 0.362888 0.058157 0.438826 0.342431 0.244965 0.120380 
0.222266 0.625904 0.571372 0.051995 0.884096 0.994011 0.334656 0.561433 0.996171 0.648657 
0.979216 0.688917 0.621526 0.986283 0.460316 0.523753 0.723640 0.215059 0.499739 0.105599 
0.807718 0.312259 0.142702 0.388551 0.372826 0.083098 0.626152 0.738624 0.057283 0.760767 
0.219205 0.176190 0.226662 0.513655 0.992395 0.181357 0.072368 0.288212 0.986004 0.761403 
0.893441 0.066221 0.969103 0.714232 0.104924 0.455366 0.330575 0.977119 0.447292 0.643011 
0.090390 0.187173 0.816324 0.958911 0.413190 0.484752 0.223680 0.387027 0.768460 0.500760 
0.278720 0.440880 0.868960 0.615777 0.357984 0.632855 0.390851 0.035246 0.387281 0.029902 
0.563329 0.865444 0.520412 0.564197 0.454814 0.057423 0.113460 0.925236 0.447700 0.501470 
0.205660 0.532356 0.310482 0.273770 0.260067 0.952145 0.704419 0.168465 0.389881 0.725821 
0.869805 0.809743 0.342862 0.490030 0.939309 0.959155 0.519279 0.522226 0.044759 0.261441 
0.034033 0.999949 0.142527 0.456855 0.369690 0.374246 0.955935 0.393628 0.697758 0.223890 
0.927184 0.176935 0.745386 0.703443 0.774749 0.210426 0.636341 0.987418 0.531182 0.571322 
0.214472 0.630773 0.401666 0.808088 0.541055 0.516765 0.263142 0.629270 0.142639 0.330653 
0.278465 0.156091 0.429170 0.058376 0.125108 0.692949 0.396561 0.001717 0.853225 0.154338 
0.961966 0.764558 0.925616 0.825542 0.881170 0.828007 0.321913 0.389292 0.837015 0.717579 
0.350621 0.893574 0.299146 0.752363 0.957497 0.656763 0.210337 0.138108 0.182482 0.981933 
0.341968 0.451145 0.397897 0.462606 0.019879 0.112900 0.516923 0.926440 0.675500 0.122571 
0.053246 0.903822 0.529281 0.617978 0.363797 0.333422 0.816052 0.386527 0.354299 0.698576 
0.974406 0.849449 0.680950 0.718719 0.502913 0.460291 0.107751 0.964049 0.769763 0.410626 
0.395862 0.251128 0.702729 0.767541 0.067395 0.706635 0.413671 0.568311 0.606617 0.411320 
0.061018 0.535128 0.901829 0.037272 0.438154 0.060102 0.131871 0.355615 0.823738 0.564563 
0.606505 0.521197 0.764417 0.560581 0.684418 0.020067 0.261942 0.455974 0.550694 0.518531 
0.946518 0.128334 0.916735 0.573354 0.357720 0.201486 0.379827 0.745766 0.096085 0.892407 
0.682438 0.733297 0.529074 0.146248 0.990203 0.346128 0.369432 0.036614 0.372999 0.989091 
0.659192 0.039598 0.520468 0.498157 0.516762 0.218547 0.126953 0.703513 0.942201 0.570746 
0.526648 0.368947 0.887219 0.494188 0.812828 0.201724 0.367229 0.012683 0.162452 0.337570 
0.532856 0.716425 0.961277 0.178792 0.960938 0.486830 0.158377 0.848104 0.090432 0.891679 
0.453399 0.283199 0.722115 0.593162 0.272756 0.202245 0.133678 0.725325 0.529134 0.147389 
0.172525 0.623338 0.435657 0.088857 0.413155 0.889353 0.354909 0.956536 0.501023 0.700407 
0.739661 0.474657 0.556760 0.462406 0.661232 0.328808 0.270930 0.515576 0.279400 0.882554 
0.091421 0.504901 0.873198 0.835150 0.364752 0.394430 0.192595 0.938154 0.560928 0.509108 
0.571977 0.211327 0.771506 0.706699 0.484404 0.384645 0.726352 0.794519 0.479536 0.560369 
0.122818 0.198052 0.658733 0.329888 0.434594 0.228894 0.023705 0.409576 0.746257 0.334348 
0.382802 0.757135 0.163014 0.773424 0.935593 0.517524 0.034180 0.465811 0.884975 0.781325 
0.725405 0.880505 0.645730 0.787903 0.282967 0.821774 0.552601 0.559992 0.781150 0.786008 
0.444185 0.421242 0.805956 0.695008 0.006409 0.723821 0.265089 0.354231 0.566923 0.267930 
0.097886 0.165124 0.240025 0.099366 0.044009 0.664015 0.100247 0.850475 0.927732 0.385543 
0.816907 0.748407 0.482422 0.067940 0.861444 0.294436 0.582290 0.553283 0.026844 0.160675 
0.457454 0.436874 0.535739 0.171559 0.396723 0.719517 0.928611 0.169734 0.724078 0.580956 
0.130579 0.633058 0.800479 0.656491 0.646343 0.087726 0.405212 0.405601 0.930867 0.087883 
0.047684 0.429776 0.245037 0.342475 0.979422 0.152570 0.248122 0.188884 0.580000 0.057877 
0.739060 0.374500 0.226565 0.881559 0.365131 0.758677 0.091157 0.074057 0.675205 0.171226 
0.803115 0.952340 0.981969 0.957997 0.053526 0.604018 0.731790 0.194671 0.828375 0.492755 
0.726034 0.454196 0.669796 0.268769 0.205300 0.473604 0.857942 0.436014 0.095039 0.326372 
0.326160 0.767001 0.984776 0.130428 0.103184 0.210462 0.236092 0.991199 0.078232 0.848232 
0.233409 0.911140 0.524696 0.569071 0.383227 0.902766 0.794344 0.544694 0.679042 0.660627 
0.150481 0.141307 0.948770 0.985782 0.033257 0.947295 0.181756 0.768210 0.311321 0.363802 
0.423120 0.370642 0.379124 0.943461 0.743884 0.465641 0.027795 0.149470 0.134826 0.018193 
0.777601 0.138791 0.657881 0.000722 0.134426 0.289778 0.294219 0.931641 0.094315 0.146279 
0.513388 0.515727 0.829615 0.339283 0.330052 0.191738 0.544741 0.467056 0.805901 0.783557 
0.247140 0.683604 0.329376 0.814530 0.799042 0.498970 0.191824 0.984997 0.840057 0.830924 
0.332735 0.270772 0.866827 0.761919 0.572916 0.999422 0.293839 0.545136 0.102283 0.068840 
0.998136 0.663585 0.878551 0.803381 0.428335 0.021462 0.709024 0.567774 0.580301 0.117961 
0.575219 0.706328 0.258809 0.809537 0.894337 0.125979 0.321795 0.410176 0.824225 0.754913 
0.822561 0.780112 0.338026 0.203903 0.005625 0.540248 0.940198 0.899757 0.209147 0.127138 
0.815802 0.179798 0.872407 0.548659 0.317947 0.729969 0.585584 0.908191 0.965543 0.887079 
0.133332 0.912884 0.833862 0.720333 0.644449 0.248060 0.140910 0.275554 0.238419 0.110445 
0.243109 0.934638 0.466314 0.342948 0.932047 0.908312 0.995375 0.264736 0.418486 0.493799 
0.279023 0.536981 0.042021 0.243297 0.098135 0.355660 0.570233 0.901871 0.753346 0.488081 
0.169056 0.325691 0.894002 0.494491 0.911723 0.333774 0.745849 0.490931 0.083161 0.685381 
0.194409 0.437195 0.928272 0.469883 0.331427 0.292065 0.743300 0.647257 0.452587 0.627038 
0.619424 0.666912 0.785413 0.444590 0.220087 0.997893 0.594452 0.962513 0.950634 0.299844 
0.482783 0.135113 0.848644 0.163518 0.254860 0.436604 0.005187 0.182146 0.320995 0.955199 
0.031916 0.419075 0.395510 0.337061 0.989279 0.805377 0.967356 0.348779 0.933889 0.880667 
0.373533 0.968582 0.961965 0.738754 0.245528 0.594795 0.711685 0.294426 0.413476 0.283193 
0.620044 0.077329 0.668143 0.487225 0.783368 0.059616 0.973249 0.393752 0.788800 0.358589 
0.801562 0.860532 0.963111 0.999887 0.108265 0.606615 0.370756 0.300662 0.232743 0.718195 
0.704681 0.572692 0.227856 0.576043 0.562344 0.310458 0.873295 0.471448 0.627808 0.577168 
0.468927 0.248316 0.452809 0.362243 0.212656 0.107377 0.688725 0.403550 0.462395 0.464383 
0.890360 0.285866 0.547457 0.117845 0.621100 0.825234 0.699542 0.209998 0.439431 0.520499 
0.033840 0.752209 0.380430 0.893883 0.489845 0.822668 0.586547 0.101059 0.490741 0.877175 
0.677384 0.785831 0.455804 0.689906 0.247755 0.021885 0.828312 0.442910 0.984057 0.045066 
0.423800 0.806008 0.582127 0.814695 0.587092 0.257543 0.520592 0.590693 0.775178 0.413543 
0.412726 0.679780 0.059849 0.889783 0.585997 0.848975 0.726807 0.444646 0.168228 0.406314 
0.912420 0.050045 0.103144 0.548390 0.796904 0.558968 0.570322 0.403783 0.381042 0.171831 
0.963973 0.489620 0.037695 0.544521 0.766349 0.031240 0.051352 0.073610 0.162626 0.259161 
0.720708 0.938806 0.514174 0.721285 0.644154 0.289108 0.036049 0.875700 0.883180 0.600708 
0.104509 0.477868 0.525547 0.874986 0.884628 0.938471 0.874289 0.171167 0.803241 0.079140 
0.112822 0.193093 0.309575 0.035250 0.452756 0.475038 0.957454 0.932448 0.651120 0.376750 
0.030073 0.439645 0.107191 0.566004 0.826081 0.938839 0.061746 0.762633 0.570521 0.745588 
0.095815 0.355171 0.359753 0.370624 0.077543 0.266332 0.248399 0.841457 0.375068 0.776184 
0.317585 0.645194 0.769898 0.682739 0.788827 0.810241 0.715778 0.088071 0.203574 0.464391 
0.023949 0.504372 0.974702 0.816947 0.425075 0.239585 0.704097 0.751850 0.349782 0.793540 
0.030801 0.670264 0.127923 0.005237 0.026493 0.275268 0.435384 0.501399 0.012483 0.807327 
0.745482 0.309258 0.698120 0.310434 0.470409 0.169190 0.577033 0.185677 0.677079 0.667323 
0.690056 0.764348 0.392276 0.986480 0.768780 0.887549 0.028307 0.761278 0.792311 0.379313 
0.119464 0.830615 0.150230 0.920531 0.356549 0.524311 0.099810 0.510624 0.054651 0.512597 
0.211784 0.453542 0.674953 0.933248 0.090835 0.670372 0.935533 0.498938 0.654129 0.944338 
0.487606 0.190910 0.625223 0.117794 0.760559 0.719276 0.871946 0.793393 0.550609 0.082126 
0.290109 0.861131 0.023423 0.671203 0.902417 0.914894 0.622881 0.759218 0.170121 0.222117 
0.118007 0.339464 0.371340 0.118522 0.994920 0.615071 0.490524 0.228568 0.549778 0.118255 
0.516202 0.800428 0.788844 0.104074 0.170496 0.534287 0.764127 0.677553 0.627640 0.747443 
0.271632 0.321208 0.535160 0.441582 0.672370 0.514805 0.325100 0.957166 0.094859 0.302740 
0.148626 0.962429 0.551459 0.368693 0.630097 0.040478 0.320241 0.297064 0.759507 0.039117 
0.431641 0.590288 0.970087 0.254450 0.540234 0.720871 0.684782 0.125597 0.915841 0.546740 
0.067561 0.494082 0.043834 0.715470 0.896253 0.323364 0.783780 0.992684 0.038253 0.924472 
0.594666 0.543523 0.986363 0.804252 0.061196 0.513962 0.157063 0.756980 0.558116 0.262169 
0.282575 0.242216 0.917949 0.966070 0.743093 0.164421 0.426872 0.435792 0.348267 0.320289 
0.101028 0.978794 0.595839 0.266443 0.104751 0.552503 0.912651 0.918275 0.444161 0.012517 
0.376508 0.962662 0.461920 0.487615 0.340542 0.496194 0.535949 0.692431 0.696088 0.152629 
0.239410 0.765131 0.550109 0.683586 0.037350 0.745041 0.897655 0.886598 0.047894 0.960877 
0.464292 0.351743 0.745944 0.074746 0.253810 0.778828 0.762957 0.010262 0.479850 0.841822 
0.505315 0.826418 0.609959 0.579177 0.224386 0.253165 0.942860 0.644534 0.683839 0.274296 
0.094332 0.439721 0.391217 0.181678 0.457661 0.914083 0.985785 0.082579 0.898436 0.006496 
0.181342 0.810451 0.244594 0.898291 0.576088 0.305074 0.378091 0.573977 0.827618 0.771406 
0.022910 0.050050 0.188812 0.361019 0.652760 0.943312 0.240503 0.131037 0.331411 0.025022 
0.542431 0.638059 0.851435 0.076130 0.513028 0.457562 0.242409 0.171926 0.563784 0.523507 
0.588421 0.593938 0.315650 0.135395 0.582486 0.846979 0.178833 0.638099 0.530874 0.397670 
0.633469 0.710115 0.897358 0.894728 0.695096 0.485038 0.026597 0.023006 0.665006 0.748320 
0.008044 0.190182 0.397217 0.030683 0.693503 0.708007 0.479773 0.552123 0.524745 0.380979 
0.113369 0.398891 0.159030 0.817904 0.505032 0.069113 0.576209 0.350449 0.989795 0.491301 
0.287695 0.292300 0.692502 0.878230 0.409377 0.400906 0.032957 0.910251 0.592845 0.938451 
0.545065 0.902571 0.509758 0.502691 0.726213 0.455961 0.330750 0.912071 0.170148 0.683677 
0.559062 0.163340 0.262871 0.066348 0.112933 0.071312 0.537201 0.734103 0.063316 0.153275 
0.096744 0.981715 0.679063 0.004001 0.239398 0.569213 0.764659 0.615556 0.648598 0.982786 
0.692344 0.218720 0.027437 0.133950 0.297028 0.144237 0.195902 0.519237 0.810167 0.473718 
0.778017 0.127731 0.771155 0.797837 0.243583 0.900020 0.628650 0.726876 0.607613 0.157395 
0.334770 0.487424 0.130455 0.562396 0.190181 0.378371 0.287689 0.195887 0.278490 0.576266 
0.298402 0.241309 0.674741 0.367624 0.658397 0.686027 0.063280 0.540478 0.819470 0.840592 
0.832383 0.862079 0.954068 0.022808 0.336192 0.386275 0.129539 0.153621 0.909827 0.463085 
0.065755 0.141388 0.301590 0.818613 0.435620 0.457198 0.129811 0.739404 0.161412 0.845572 
0.524054 0.776477 0.247227 0.141038 0.427821 0.393234 0.085259 0.946688 0.990461 0.680473 
0.706497 0.086915 0.778510 0.411144 0.103050 0.959637 0.625911 0.678562 0.593542 0.654588 
0.666217 0.114739 0.426448 0.319235 0.379819 0.622791 0.242819 0.065979 0.912915 0.361696 
0.023379 0.934193 0.988907 0.561703 0.539958 0.068470 0.783544 0.030608 0.427619 0.996926 
0.341330 0.727885 0.555162 0.608427 0.834875 0.746396 0.682572 0.980757 0.578006 0.548596 
0.255337 0.449859 0.784173 0.603829 0.559418 0.141473 0.744655 0.413680 0.722952 0.661773 
0.416882 0.528975 0.482972 0.316391 0.591844 0.126095 0.277785 0.728802 0.973164 0.971834 
0.608837 0.716836 0.869644 0.110537 0.801261 0.792880 0.929910 0.997713 0.561343 0.492718 
0.108017 0.441217 0.539924 0.502452 0.707630 0.142496 0.932778 0.204782 0.775056 0.367151 
0.701109 0.533764 0.975255 0.109148 0.451711 0.904995 0.253829 0.096226 0.277955 0.584104 
0.035950 0.217135 0.395116 0.720829 0.968551 0.444915 0.694781 0.179918 0.873829 0.444146 
0.755781 0.410905 0.085673 0.902992 0.591159 0.603394 0.244604 0.057777 0.053134 0.030330 
0.750479 0.304741 0.777917 0.446595 0.928110 0.752208 0.360645 0.366354 0.319590 0.355135 
0.750971 0.572235 0.561951 0.707171 0.416070 0.882190 0.962552 0.605317 0.567360 0.623590 
0.677299 0.360821 0.318414 0.584051 0.149035 0.828832 0.177584 0.653279 0.654139 0.114084 
0.410693 0.514743 0.287934 0.306406 0.766352 0.069957 0.768790 0.053139 0.104829 0.858685 
0.911803 0.668523 0.857928 0.200605 0.569910 0.473885 0.588842 0.661267 0.911410 0.075417 
0.531365 0.653871 0.608475 0.632210 0.553177 0.241586 0.338897 0.838619 0.672581 0.066748 
0.829484 0.143407 0.246682 0.984069 0.242627 0.832186 0.551157 0.287408 0.458069 0.773833 
0.804790 0.102640 0.069865 0.227950 0.156485 0.040206 0.738012 0.763635 0.421837 0.807977 
0.672877 0.052121 0.005918 0.466830 0.004767 0.115999 0.587440 0.111581 0.339207 0.060036 
0.028705 0.446687 0.475548 0.535218 0.400555 0.129089 0.590539 0.184415 0.459534 0.382919 
0.726609 0.121249 0.830333 0.406691 0.261750 0.237583 0.055303 0.475516 0.004668 0.453897 
0.644297 0.698096 0.893391 0.216293 0.228386 0.487453 0.617897 0.998917 0.800858 0.025888 
0.096770 0.411930 0.311277 0.628562 0.237150 0.784254 0.951131 0.658109 0.842084 0.906215 
0.760833 0.327920 0.345410 0.299026 0.725943 0.930316 0.815529 0.600879 0.979463 0.832040 
0.095813 0.331747 0.667153 0.843895 0.337698 0.693991 0.903554 0.036921 0.532971 0.642041 
0.781747 0.823476 0.156697 0.603458 0.314500 0.799567 0.323100 0.337964 0.162902 0.901349 
0.965132 0.968850 0.463974 0.009855 0.628647 0.662082 0.606265 0.500932 0.170328 0.707465 
0.367352 0.080018 0.869190 0.483427 0.965204 0.182188 0.030345 0.014165 0.075899 0.632432 
0.286840 0.921873 0.925114 0.387855 0.676395 0.174096 0.028185 0.702966 0.748643 0.446392 
0.510718 0.645478 0.541104 0.327600 0.972607 0.607465 0.672256 0.614750 0.107046 0.119465 
0.850432 0.203910 0.113206 0.658683 0.490956 0.504470 0.627592 0.940114 0.491096 0.854197 
0.480802 0.837207 0.937504 0.627419 0.035232 0.136422 0.849179 0.145936 0.752766 0.732151 
0.265397 0.533730 0.406654 0.625764 0.213843 0.055611 0.648496 0.273421 0.392497 0.704694 
0.793473 0.908860 0.202183 0.082565 0.674226 0.711941 0.600071 0.401471 0.528777 0.155521 
0.841922 0.188665 0.894657 0.491894 0.260102 0.531179 0.527675 0.628228 0.619891 0.509881 
0.565205 0.405673 0.148940 0.234616 0.193215 0.360358 0.539566 0.493358 0.862356 0.620509 
0.902837 0.987130 0.692834 0.463777 0.692632 0.074066 0.835059 0.830549 0.041821 0.881285 
0.752793 0.199378 0.939812 0.415860 0.360879 0.297070 0.858307 0.572154 0.193228 0.589553 
0.623692 0.395218 0.431470 0.709057 0.122609 0.688716 0.246068 0.659021 0.174090 0.932406 
0.943515 0.650710 0.486078 0.505267 0.022955 0.809090 0.381195 0.743192 0.835805 0.373832 
0.997189 0.753140 0.025976 0.586942 0.732944 0.587044 0.448280 0.250222 0.489167 0.434237 
0.215660 0.594941 0.172374 0.090396 0.282827 0.471171 0.967159 0.035102 0.965927 0.342855 
0.366327 0.853029 0.861432 0.095294 0.603271 0.175860 0.674237 0.898319 0.040958 0.386614 
0.823019 0.474513 0.135986 0.509156 0.379024 0.256502 0.036726 0.249652 0.909159 0.236980 
0.920131 0.645258 0.845609 0.157106 0.473546 0.894923 0.974259 0.371354 0.344939 0.383131 
0.277042 0.238840 0.184747 0.039038 0.119002 0.072461 0.845449 0.454324 0.819176 0.886140 
0.361750 0.935284 0.322655 0.854233 0.099124 0.980159 0.535984 0.281092 0.310823 0.006938 
0.609083 0.852893 0.565309 0.144395 0.847029 0.024206 0.823823 0.995356 0.950319 0.019385 
0.805585 0.468623 0.145985 0.575669 0.272886 0.387000 0.301851 0.217831 0.089410 0.720015 
0.286266 0.269088 0.557965 0.718435 0.739135 0.644790 0.993421 0.425799 0.409393 0.676215 
0.137731 0.838670 0.528535 0.091561 0.872362 0.791036 0.933903 0.112359 0.418213 0.908541 
0.840470 0.780051 0.313280 0.303613 0.822763 0.185224 0.061967 0.478695 0.422323 0.975435 
0.140904 0.165468 0.027891 0.765983 0.870353 0.030677 0.586399 0.613377 0.020939 0.925067 
0.605101 0.924514 0.307796 0.135241 0.987716 0.545623 0.279101 0.856061 0.815448 0.231116 
0.367320 0.544155 0.608374 0.942622 0.649321 0.142209 0.113817 0.916338 0.887600 0.886821 
0.798948 0.918130 0.005535 0.021572 0.558559 0.709406 0.985647 0.775788 0.661532 0.360200 
0.889558 0.798292 0.900261 0.685840 0.916250 0.406639 0.385784 0.870645 0.929616 0.059501 
