5
25
0.303212 0.622887 0.321422 0.564074 0.842588
0.758135 0.532765 0.834033 0.036042 0.434365 
0.351826 0.668096 0.975292 0.737802 0.054785 
0.795135 0.908559 0.692205 0.030797 0.169443 
0.975976 0.486266 0.290259 0.8009810000000001 0.242939 
0.210246 0.549627 0.972464 0.287075 0.394756 
0.641458 0.720499 0.044733 0.969628 0.017976 
0.45714 0.362046 0.984472 0.214442 0.368499 
0.5430120000000001 0.521325 0.680235 0.050728 0.263452 
0.963383 0.539979 0.167399 0.6998220000000001 0.07531400000000001 
0.566501 0.719144 0.960788 0.507477 0.138059 
0.747578 0.127055 0.9541269999999999 0.07112400000000001 0.755221 
0.568485 0.366785 0.563752 0.005105 0.781201 
0.420898 0.320392 0.922169 0.242506 0.949444 
0.96823 0.705661 0.528142 0.044672 0.180938 
0.974888 0.437052 0.08908199999999999 0.5991379999999999 0.69273 
0.151831 0.9645089999999999 0.830493 0.1237 0.473419 
0.059886 0.963135 0.273766 0.737109 0.470693 
0.174272 0.345244 0.967117 0.133068 0.916911 
0.870081 0.100735 0.950937 0.217841 0.680979 
0.588477 0.649679 0.834795 0.273664 0.748973 
0.046843 0.12126 0.679235 0.915391 0.630753 
0.993174 0.859186 0.439515 0.223519 0.471247 
0.371084 0.108896 0.801656 0.04485 0.6936330000000001 
0.462316 0.566281 0.582856 0.587029 0.88293