4
1000
0.4794343077416129 0.1072705583701777 0.0370421372538637 0.08522706104833494 
0.2409612832724415 0.3324468791230856 -0.1963430452441158 -0.2070413995057169 
-0.2090363733960722 -0.1832802393318987 0.2213001548773909 -0.3517646797492645 
-0.2020910386251154 -0.07177687569856063 0.4042788747309709 -0.2014097407491392 
-0.4513799682473156 -0.1408350947115873 -0.0179679535195803 0.1615510848275203 
-0.1654673489568634 0.02660473758064164 0.3290170714242883 0.3371357457743655 
0.4057286234875464 -0.003302057465208866 -0.1834755143597694 -0.2273985842739907 
-0.04694873152862945 0.1731763769530479 -0.174782302482985 0.4327319098610766 
0.3469718570333761 -0.1772320152435714 -0.3131323246800229 -0.01214456421604351 
-0.2508500664575898 -0.2762607883939411 -0.2947914802505394 -0.1544415880709488 
0.3285947361707186 0.3248897797747468 -0.1892624469664125 -0.02553148109879857 
0.03617561704064443 -0.3644929899108976 -0.1190213470468644 -0.318857497927668 
-0.2476454802519162 0.1816976049375068 0.3208492074209645 -0.2295941692816052 
0.160236658754988 -0.3101592114515614 0.2012540552301893 -0.2960106112898438 
0.2784435513826316 0.293238420031986 0.1156423427170892 0.2703835540144327 
-0.1038379779328875 -0.2909970129930702 -0.2636084505488259 -0.2916316127705761 
-0.2664342466484282 0.2686754130992302 0.3259179489662399 0.02457244697790405 
-0.1698651273024294 -0.3816733517558107 0.09225863733894407 0.2587655984136529 
-0.4243541004146367 0.0891541244560257 -0.2489467090812512 0.0008219436591932739 
0.1606439815582236 -0.2827843364522235 -0.05548475436034582 -0.3756966492796667 
-0.08240299877465208 0.3866028466219659 -0.1823999138927033 -0.2459232729708026 
-0.4786551073470699 -0.09746082259525368 0.02227806040768922 -0.1043760714632089 
-0.1988223539257063 -0.1604298648349107 0.4208076419347214 0.08748061806956299 
0.2639754456014943 0.09681336817360341 0.03221294834057963 0.4121971152514073 
0.3274081883188408 -0.2062322210323945 -0.1993775462673331 0.2460096406123903 
0.1228395367767895 -0.4192421940893807 -0.2425556382527022 0.01769726677795595 
0.07260508146993658 0.1208234438538522 -0.3439215162253587 -0.3344371215001248 
-0.1532311543271053 0.3007720788180871 0.195136881030808 0.3130143249255495 
0.08753768791518846 0.2707321339822654 -0.07751647685701007 0.4037727834309148 
-0.3419792825331266 -0.05060178449510658 -0.1760809260747305 0.3154126459048592 
0.2322767033207651 0.07862974323929717 0.3021922647577212 0.313918351953432 
-0.02058465452671151 -0.07188578364904349 -0.3524433156642738 0.3466877779079498 
0.2834119614195859 0.3018060928735597 0.1660626961740981 0.2258626205641135 
0.07350529128443971 0.112286665406984 -0.352032371398647 -0.3287276781964286 
-0.0144039815788845 -0.3836979766196023 -0.2422580895545824 -0.2094741179670231 
-0.2416139500457575 -0.02015562557461533 -0.2157518978324884 -0.3803519008532251 
-0.3686992907357783 0.2169489799395443 -0.1519607040477258 -0.2095278443058218 
0.3642576329192641 0.1361228314767107 0.3030350087148204 -0.08340704469064017 
-0.2453534691946233 0.3348896739676364 0.175054910116112 0.2168095013329747 
-0.2943676765713394 -0.2220265809732397 -0.06644590354378523 -0.3311144971661233 
-0.1395279480455032 -0.3902334374438364 0.2430118303123206 0.1385462606613213 
0.1286485584135604 0.2534495158020541 0.4069711378901085 0.05989477675263027 
0.3902388189071787 -0.1425617722804398 0.1965991547333593 0.1968211819401531 
0.138535068298783 -0.2238479648331124 -0.2706905917553225 0.3277601669310633 
-0.1329737928555951 -0.1473262291181492 -0.1330966233959267 0.4392018231610916 
0.0779073424053678 0.2914326572494236 -0.03239211358895375 0.3974269785320482 
-0.1949616500592148 0.2556192976235882 -0.3239719557257303 0.2041834998031357 
0.3010279714262983 0.06273496496012315 0.3627192461263413 -0.1545355398604427 
0.09206338074818504 -0.249366597103729 -0.4234650656904075 -0.004239376598053808 
-0.3256783356617793 -0.01529837033056383 -0.3307025110690863 -0.1852982210341025 
-0.2644699716514164 -0.102608869457291 0.214570281435125 -0.3514066708647503 
0.2060577730788353 0.02206901632603213 0.3667776656574195 -0.2693089241876079 
0.2351231688812069 0.2529618551668644 0.2472553940098137 -0.2638032702959719 
-0.4826398518115141 -0.1011844865220561 0.05268511167634732 0.06359836584597342 
-0.1461562498602523 -0.2671564566816305 0.1817268758664701 0.3524785395849173 
-0.117355303238717 -0.2110603078442561 0.3345990280364217 -0.2823557502363262 
-0.238293940795375 0.2668643537831196 -0.25310151682302 -0.2407052900166817 
0.04017885703027436 -0.3743616639050728 -0.3279439753061237 -0.0263011997137502 
0.3280389150732496 0.05674006657759188 -0.3439439167440687 0.1444770472327179 
-0.3942386868320259 0.2828685497907797 -0.1092095063808264 -0.05132762472857293 
-0.2282055593052905 -0.2790909444464748 0.3436328715309471 0.04412388280205927 
-0.00525029454465178 -0.3056942871761124 -0.3867738744540768 -0.0832430611814878 
0.0795390011192373 0.1651666320686639 -0.4128168519063404 0.2144196300113104 
0.2900575721446263 0.288896993785759 -0.1297285636685724 -0.2560773937535393 
-0.1430329672468102 -0.1820393585438391 -0.4180173457579726 0.1471894726771587 
0.041488187396856 0.3975655878039427 0.2998483558835595 0.01764361568826247 
0.4385824157956804 -0.08745954545701165 0.05541375582539206 -0.2166231938842231 
-0.120675770151859 -0.2941032474978206 -0.02770922768496872 0.384932249896776 
0.3628258013498595 0.2927128244541027 0.010563007648951 -0.1804579262441588 
0.3003160922508297 0.03364907563931163 0.2821972818939841 0.2811452979074313 
-0.03966721496110166 0.3458659423952263 -0.3287984310771642 0.1438570598527821 
-0.06690661389322224 -0.4673412104752858 0.05132724042480556 -0.1564647321258439 
-0.3724733305761531 0.2575428568888604 -0.1648235140675667 -0.1332985524506941 
-0.2873453248788903 0.06009807289951201 -0.229035670492047 0.3337117731610144 
-0.1377820112602238 -0.3338469511506026 0.1823468224694439 0.2937889836529475 
0.2953835394191183 0.1670778924473905 -0.2981441187801882 -0.2143446452150308 
0.1489681514527778 -0.3390623933625244 -0.3232303713205406 0.09147300320862191 
0.2346454158420918 -0.303848750339372 -0.30919223577748 0.08377127835014318 
-0.3143359295929467 -0.3431383088902542 0.01080506574797571 0.1825712871539678 
0.03920574819899091 -0.3201582296613834 0.2888264996335947 0.2500817274365548 
0.3020087176858605 -0.04221437581802353 0.257735567536603 0.3009668721680545 
0.2439298142679586 0.3247052053977325 0.03523375199881312 -0.2895226381803361 
-0.4208771912079699 -0.2543240814851709 0.01798697016776426 -0.08864603996681454 
0.1486104421923624 0.383966627718566 -0.234255877047157 -0.1600273393476564 
0.4912888743909261 -0.05289109378389708 0.05856960903158978 -0.04906500785617596 
0.2876145014220651 0.1167872245703511 0.2475572881476781 0.3038980615829241 
-0.2314215063073395 -0.2933561878982204 -0.272145142247435 0.1905866075866545 
-0.007615616205762458 -0.147609687884157 -0.3954354644116289 -0.2679256910378466 
0.1292918842476016 -0.2382321598641705 -0.376062195327215 -0.187366677720006 
-0.06994901362726867 -0.4547766460080622 0.05735351960623739 0.187071942115879 
-0.3438098596705829 0.3034807128074986 -0.1655610598962502 -0.1108321830208938 
0.09517042265903801 -0.09033665228501613 0.1913811171783365 0.4428940594458318 
-0.06650672378506808 0.2848873843593182 -0.2530149140912348 0.3168587811181628 
0.01292833129594055 0.0329868272292749 0.4602684856654707 0.1920876065301004 
-0.2525357949113744 -0.1355733998406601 -0.02989695949174297 0.4085972312158685 
-0.2886853576316389 -0.2930290366792324 0.259407237907629 -0.1162008299155758 
-0.4544416358688003 -0.1357324513012429 0.1250943761654414 -0.09700978458085283 
-0.0616854156071325 -0.1386070281643796 0.09801265029206958 -0.4662365511492409 
-0.0805213055669631 -0.2086369092523205 -0.2226358725067357 -0.3878404668424831 
0.01320579854792609 -0.198138944915189 -0.4068008566882423 0.2123196373167574 
-0.211578350905285 0.4049916194274556 -0.1660527481573235 -0.1168027159407155 
0.2410747582029461 -0.1859949788670059 0.3575452342107043 0.1716107056301142 
-0.1865519382482321 0.2748993962814547 -0.2316830556446717 0.2931751319383476 
0.05438040633494903 -0.3890622639442316 -0.006640240344677578 0.3092397668308522 
-0.3062039359728002 -0.2402065170989272 0.2954561521111085 0.1060454662758645 
0.2510563604438945 0.398773769640946 0.1099705533015633 -0.125923238258723 
-0.2766361149978199 -0.247490072427701 0.2589529223453678 -0.2125194295527781 
-0.0401485937270986 0.2691462529204365 0.03315972316039594 -0.4181492768384882 
0.005337477495732592 0.2736139948978165 0.4054088432572277 -0.103684921463426 
-0.3388203183032114 -0.3627984997343779 -0.009485614146794673 0.05905983084680498 
0.1526518759345126 0.3408857568672789 -0.162546689790211 -0.2899532361898062 
0.3045319166595793 -0.1271226322170046 0.2038279170230792 0.3155223103932525 
0.03713486211338524 -0.2101389010953147 -0.1305647372962388 -0.4329151113521421 
-0.436092421367202 -0.161992704349405 -0.1345323681572445 -0.1244299227744702 
-0.03317133910856059 -0.2501656199425983 0.3827395163067599 0.1995677516978827 
0.2367216775316636 0.0378794938886411 0.3940620291774675 -0.1929847364168271 
0.03363555264506588 0.4558213276491265 0.05124904082175829 -0.1961354192217673 
-0.2088202718769766 0.2587743284047238 0.3473077437721728 -0.1371396081655208 
0.2747761494291908 0.2590337831047946 -0.2441498446193858 0.218610201700687 
0.1906379387424341 -0.3994759462994277 0.225649345037452 0.05620069149380314 
-0.2693325009426426 0.2866418150803941 0.1555628927233266 0.2666395698146646 
-0.3115253761887351 -0.3312621419033784 -0.1168444541997115 0.1719439061287857 
0.1273392270486831 0.07882223698630235 0.3581085314017831 0.3151667113582546 
0.339531013649264 -0.3459353741776854 0.1059965667965631 -0.0617424933914217 
0.1879422434423486 0.2899065149810516 0.1257906780424188 -0.3388342235061664 
0.4519780051818909 -0.1540055632849983 0.1230296148051291 -0.08283648465483391 
-0.1476736973078937 0.01186928742348971 -0.3887552159163021 0.2773463200356993 
0.446263935912271 0.01007659419859642 0.1046949328708886 0.1994641140270737 
0.1042696929689525 -0.08255780796742529 0.4766310426078548 -0.07165813766993517 
0.3727800507009856 0.05521866007116733 0.3285898334015594 -0.003828154183278318 
0.1606835000349523 -0.307313790492744 -0.1533543914806386 0.3259163659638809 
0.2545782264831386 -0.06802990924322329 0.1700275185780513 -0.3894258606914146 
0.03040325720322182 -0.3561765249499548 0.2396076837428637 0.2545625324304203 
0.3252454849810165 0.3292977630342827 0.08945415122973471 -0.1666622710389143 
0.2567934655314297 0.163444490734641 0.3504370301910497 -0.1858410675274161 
0.1846383659307287 0.2958954823726396 -0.3494861711406121 -0.07882863387987944 
0.333556842133217 0.2292730810568881 0.2712131926476339 -0.112325827407036 
0.3041212502549167 0.005808658486735774 -0.3694591966958608 -0.1448324086895611 
0.06334393152947479 -0.0879260296235418 -0.3311257962162953 0.3586255243748744 
0.1544613130957745 -0.06786957106498484 0.4585970300895153 -0.1059442687136038 
-0.04798755593047019 0.3896070349581823 -0.2411613817199602 -0.194280057529931 
0.1986690847641026 0.317583125787516 0.2646838144637473 0.199032739354472 
-0.1466175395514345 0.09691936969999311 0.3330678160025485 -0.3289008404004649 
0.2282254446271667 -0.4262042882995401 -0.09725828214415469 0.08248562065101202 
0.1050184779896196 0.1654426140485496 0.4101341302492272 -0.208302318619444 
0.2328097920167712 0.1492768093460435 0.3062462856232879 0.2823636794534882 
0.2488289183112336 -0.03757643408939453 -0.04810062586500882 -0.4293698997421469 
0.3411007279229542 0.2941597081065387 0.1397020948617746 0.1661435651126416 
0.2366586407613386 -0.2902136567437443 -0.3037221355518889 -0.1323691261896814 
0.06516816740874884 0.4278305327615585 -0.09831491728370861 0.23032221393744 
-0.04668963239358038 0.3900942369925267 0.1789502772653606 0.2522367196877197 
0.2150991831657536 -0.05313296180650959 0.4430617777278343 -0.06786376712020017 
-0.4020045797360327 0.1101081865161016 -0.2031583704494562 0.1870699913126438 
0.1544155400560707 -0.290057910883039 0.3101760859774673 0.2140398210872405 
0.2650803221885418 0.2776208514743794 -0.1397347530890528 -0.2883284314704341 
-0.3307876288144884 0.2801343624082809 0.1957076497366692 0.1542815590274591 
-0.2680214979662871 -0.314807640927908 -0.2782095362115989 0.04074407689762952 
-0.02382941791275554 -0.2643211555052016 -0.3954537210971051 -0.1522591214502016 
0.1608922970072103 -0.3068866336360048 -0.05025648784180727 -0.3569433404465062 
-0.3653021457954961 0.05665136567419092 0.1463913426094392 -0.303174108151506 
-0.1054950271822112 -0.3568920124502622 0.32790572915238 -0.0630612676535483 
0.2934125630334469 -0.08317315743319437 0.1394590328031058 -0.3708671890399027 
0.005686757561267215 0.3288690171091858 -0.2067559749880598 -0.3147456070873972 
-0.1367527137972086 0.3379686544520034 0.3141873454052918 0.1355071801203798 
-0.1429722046987128 0.2365282157242229 -0.2615655115295129 -0.3243406157548098 
-0.004719891102900916 0.06523954385015349 0.2544428826107548 0.4254178463991964 
-0.3354493541377519 -0.2072735300405726 0.1613469811068282 -0.2616840962702888 
-0.09798130090257345 -0.3567500049723441 0.2640668724987672 -0.2083213514606501 
-0.2580044656933704 -0.05366884149891964 0.3523070638584496 -0.237556485682628 
0.1526919809567863 -0.2772506610392381 -0.287733758880775 0.2588947931209472 
-0.23747747827558 -0.2595956693305564 -0.2443688528683153 0.2578728359570188 
0.0712404983648392 0.216211207976904 0.3833988070393378 -0.2262362917365601 
-0.3402040121753168 0.02307194256560174 -0.3094998341693306 0.1947787673624189 
-0.1299112683004299 -0.2354573149938538 -0.1933498949243237 -0.374564725137341 
0.007260973452038053 -0.1624189264273858 -0.4162555247951639 0.2242737360463925 
-0.3445465689277411 -0.2097926237851021 0.2520597033071068 -0.1540799234625239 
-0.2614015755550158 0.2953595190903069 0.2693688173085997 -0.1478932420425767 
0.3770502379338305 -0.321298347453098 -0.04569359775234983 -0.05012569323606913 
-0.05256511165602711 -0.265033387974179 -0.1248127651833069 -0.4017660836143519 
0.2005908011767427 0.2010244292700688 -0.2370277041121832 0.3364080510380555 
0.3190854380465045 -0.2987545525835599 0.2395394357791771 -0.03938348948304085 
-0.02297742251994216 -0.1301493511728376 0.2044325167531617 -0.4367385150608975 
-0.2763263636582046 -0.2216793033951664 0.03662561639302059 0.350942433195957 
0.2807099760471348 -0.0988254452108311 -0.3661309932377877 0.1654797163316673 
0.2826351046554388 0.03834292006997297 0.2142606169974408 0.3503421272139461 
-0.2764777889316336 0.04087682562658603 0.2645050876301571 -0.3192587915342843 
0.2404072987592455 0.04751944224299814 -0.3615759541784066 -0.2433291241758208 
-0.319994958397854 0.003611396529085323 -0.008298195609805523 -0.3840850483482621 
0.2616078860269566 -0.1033701607824267 -0.4131639844124608 -0.01309373181113324 
-0.2281889386994778 -0.190667770780172 0.1432977828549198 0.3755547295265897 
0.1083100345834824 -0.120891453553278 -0.1346616046288119 0.4533436280627466 
0.1821642369302041 0.273250961668717 -0.1855312141295422 0.3282198521027877 
-0.2120142200840281 0.2296154434463581 -0.1208397509303653 0.371112480534111 
-0.1126353268003497 -0.0986038665477988 0.3953269070227898 0.2670340750582157 
0.08178337527135543 -0.2167912659178624 0.3446295481001863 -0.278466337511766 
-0.4832303693309168 0.03509055845489058 -0.03837040695251794 0.1174085803249819 
-0.2915984053163617 -0.1541090633758122 -0.2410710412500891 0.2882802797157354 
-0.3161310250877791 -0.1407697261960455 0.3165997882985697 0.173232887215278 
-0.01544082394954961 0.410128838873261 -0.2032468825957473 -0.2006156055628284 
-0.2987356473284675 0.05072736730566829 -0.3098433913051172 -0.2493608230777669 
0.1988825104302689 -0.3285105154651933 -0.3091831696403696 -0.0832607703836654 
0.2588026312428938 -0.1501613168261538 -0.2041116528236361 -0.344690020413115 
-0.352884757173106 -0.3070697218788637 0.1751374203864562 -0.0225259415007018 
0.1278447831137203 0.3402619269836901 0.2701728176435611 -0.2118588706721787 
-0.1605923211643198 0.3500636125896879 0.1772043139877966 0.2650739606748034 
0.1981236322112905 -0.2824184532442339 -0.3026384933075004 -0.1984862362863125 
-0.3358198086102741 0.1715291794699576 -0.2337649041758218 0.2305575119378913 
0.3552714016429061 -0.1762261232100484 0.07602564156806645 -0.2948672353741692 
-0.06147799129934147 0.2301524953956104 0.3692170151014115 0.238598158435005 
-0.3315930435161564 -0.3206374085533724 0.0243854958351337 -0.1914237532824619 
-0.2918495362429783 0.3349281891081326 -0.1551706772016977 0.1690237180761094 
-0.204842182759026 0.02008626407780494 0.4081314702725668 -0.20264482507843 
0.1745414002122393 -0.1424243469739101 0.2630968816354444 -0.3605976093580089 
0.3040051956604805 -0.2684983091647326 -0.2119012469828929 0.2014630499972829 
-0.2752107420201932 -0.3087965951073141 -0.2779717650836076 0.04044017981077504 
0.01572709280081445 -0.3092812325443207 -0.2530839953479884 -0.300077105168988 
-0.2491742385905237 0.120337038974313 0.2592528226183303 0.3259128255195796 
0.191486305501597 -0.2694298750825974 -0.3660468281968506 -0.0821599463567891 
-0.3301387479379654 0.2524163053761677 0.2741240037582347 0.04637290646221313 
-0.3426507102367473 0.2990764993724421 -0.2026628328913456 -0.04551389306390813 
-0.3881650427208231 0.02508792293033834 0.2236985366274561 -0.220584361284561 
0.2154427695335561 -0.2520983301028209 -0.3673561913169631 -0.07127603886422854 
-0.4129101213903543 -0.1787743393493547 -0.0548081885175635 0.2110474584424742 
-0.07568081614713096 0.2943435488917524 0.2939870187896225 0.2668443780114225 
-0.01844444585907037 0.1665573141592129 0.2613547261854753 -0.3919338855183822 
-0.3032949256055406 -0.07963913544272158 0.1546536481910768 -0.357424181203589 
-0.1499702097134449 0.1242238869272016 -0.1254581231528569 0.443100012920521 
0.04811351699918461 -0.2995873692428982 -0.397393972247477 -0.003244764006831418 
0.3119731568682803 0.2518923771305799 -0.2895827779799504 0.07324475704485474 
0.2144277960449375 0.3370164054279197 -0.2798179346012357 0.1101934037556391 
0.08865600992507344 0.4005842941880706 -0.2466091547404621 -0.1444169655968624 
-0.1973101897239524 -0.0904262438005202 -0.2862574180521749 0.3477764714199757 
0.296321978852515 0.04238847715783465 -0.3841681047762547 0.1131873187498935 
-0.04192495533636149 -0.2127667101259237 0.3158524461468169 0.3212629101612998 
-0.2512989683230734 0.3380633966851941 -0.2693531137912415 -0.003296730560808128 
0.04158081599409261 -0.4119127897389662 0.1962874091530901 0.2001752791897516 
0.3177873844266759 -0.2945731596778738 0.1949149281423613 0.1557112798865391 
0.2286959364882656 0.1512318780249736 -0.3265283184145926 0.2611634449461356 
0.3187091195075838 0.2232624595843522 0.2584360145296006 -0.1782952542192369 
0.0408595366377918 0.01034843742900574 -0.2899132085053132 0.4051835875781221 
0.2492283974274313 0.2108648173643629 0.3101275682784754 0.2173525387643951 
0.1137616716514006 -0.4604192066938224 -0.1022968802681127 -0.1208626677594103 
0.3826750760973474 -0.08031573225796823 -0.2790741077648174 0.1386607791014707 
-0.3793134051998549 -0.246913396075315 -0.1741423465319863 -0.1217766751828071 
0.2287881361529027 0.335228831203249 -0.1395349562086124 0.2565299504573396 
-0.05283560985234351 0.4698500466031954 -0.149488256060403 -0.06405148974477845 
-0.1919682843087536 0.3715998241757134 -0.2410729210846742 -0.1301752480767173 
-0.2234465925327319 -0.1634742193866231 -0.305562290949793 0.2828064465866355 
0.2257959218688545 -0.4421720767000832 -0.05790244546064279 -0.01213931891858489 
-0.2302154885443405 -0.3272805025695657 0.1833751160721512 -0.2371958437191265 
0.1330022513461657 -0.02619566348633444 -0.3422935691467015 0.3383183425003355 
-0.1944057339178436 0.3528544848922426 -0.119192272382134 0.2710965239830233 
-0.2835414403398205 -0.1424052420902509 0.3589531188475945 0.1431001645869834 
-0.2973829009546872 -0.3473313256426837 0.2016543430825052 -0.01612099137875927 
0.2775392529250766 0.2268088489573684 0.2037266735741402 0.282887171138671 
0.2747454903514154 -0.3668261971395335 -0.01582265438214453 0.1992563681090561 
-0.2058501524099204 -0.3058749122552186 -0.3005203490113997 0.1541225896348145 
-0.1009441794548228 0.4031190484238221 0.1282197350639807 -0.2467083398918394 
0.04543833008627166 0.4865911368626818 -0.0922408654475956 -0.05153684533547336 
0.2245291979057043 0.01851731860961483 -0.3390538672990504 -0.2903208970585635 
0.06025305269204982 -0.3934444718139593 0.230148593516644 0.196475551004786 
-0.2224426386041296 -0.2784442860178523 -0.05014180695183537 -0.3470934331133995 
0.2425934144304372 0.1663311104245874 0.1572246013172541 -0.3725088209969481 
-0.2564295740280538 -0.2322338177707488 0.2874478656846278 -0.2183690728119845 
0.3461822461452056 -0.2546401121925371 -0.07390001952244514 0.24465292320145 
-0.06785388077428614 -0.2480972448059038 0.2295877461127191 0.3621230106172073 
-0.347609514484873 0.08169315390553628 -0.02869619833477113 -0.3488128183506001 
0.1691623810454081 -0.2286662353487881 0.3175082254886832 -0.2613127788637371 
0.3553804292521255 0.3351230167730765 0.01633650486147554 -0.1055008660741618 
0.2430789749411475 0.1240299866358829 0.3783888560441347 0.1798639707620033 
0.3705082381539667 -0.07000001182785777 -0.0296439915784102 -0.3270242767248977 
-0.3035991990015883 -0.1123937727522557 -0.2804916762023321 -0.2579139115932183 
0.2587224420980577 -0.3470231939925696 -0.1923091617280959 0.1601711181875487 
-0.09732889561947017 0.4062584717423096 -0.2141090317802936 -0.1721582490768378 
-0.2270463702550923 0.2718715853972132 -0.2953688039483304 0.1931141021824304 
-0.1531129942424566 0.3588322743350284 0.1304990726064102 -0.2841932475245098 
-0.3251166226815068 -0.01156417780532837 0.3017824929207829 -0.2304187023971255 
0.4038303193851235 -0.2707493340727453 -0.07062363799519691 0.09288795939623991 
-0.3061861483465322 0.3387519411662061 0.1493164794210372 0.1385703932669229 
0.3024823410274509 0.1985946288966859 -0.1970878237935535 -0.2832331132693735 
-0.0006859734855027132 0.2974427681248842 -0.3783794102025362 0.1354856120234338 
0.1025205281274592 0.109363730540752 0.3183976098866225 -0.3551789376823502 
0.3222333195839315 0.2692038596026298 -0.05357429554984665 0.2661292253423236 
0.2229849449584557 0.3031261187571288 0.1152870258271413 -0.3083847793342688 
0.09723806884729667 0.2455254327766778 -0.3354043384955101 -0.2603189381221864 
-0.1214337111280789 -0.3583080491991292 -0.2576953495686192 0.2011524359571213 
-0.3857139872404548 -0.05777265891342192 0.1527824247379715 0.2730285161303298 
-0.06636332437488555 -0.2940642428691558 0.2507397764687661 -0.310244572458725 
-0.117718751575147 -0.2160328956971414 -0.4100887302388587 0.1459428546910657 
-0.02262793219119086 -0.4173129818484362 -0.1901375609763261 0.1979534282893113 
0.3088246430989509 -0.1239864593094172 -0.06611766902637153 0.3672644164158012 
-0.3337364096676118 0.232982401135141 0.08043215650481297 -0.27905174757285 
0.05704081129653617 -0.2576495961987448 0.2814924991142759 0.3180015791905066 
-0.4340200191817927 0.06029278539438196 0.077224653467261 -0.2280959356842746 
0.3136818963592667 0.08429744751399167 0.3731938143332311 0.07227714149365515 
-0.05894358742916999 -0.3778836805746182 -0.3147880319243909 -0.06810339502204193 
0.116669294307636 0.3306695945992642 -0.3490397991810119 0.07222958923457523 
-0.3318299480661426 -0.01157511635487986 -0.3558546462153815 0.1145529266964305 
-0.07439911453398285 -0.1085244135976896 -0.4688481217768831 -0.1134401256880738 
0.4326434444538487 0.2091290200282095 -0.127218932297281 -0.05385207719568583 
0.052840184876381 -0.2520278472330682 -0.4144942300404638 -0.1090156518324694 
-0.09349938218180522 -0.1576169839393764 -0.437315395826988 0.1586505483071517 
-0.21098166823258 0.2899029780718348 0.04624600077338176 0.3454045546708195 
-0.04100321010520015 0.06901778292681932 -0.4397926459521973 0.2239145170981563 
0.2119775929601034 0.05633968925319533 0.1539041843434379 -0.4221431528987237 
0.4190037537638994 0.1790494908698651 -0.2054359275046071 -0.01316107295494539 
-0.000926777105892605 0.3335630343633077 -0.1549058640423728 -0.3387314813769525 
-0.3690198872651824 0.2903034420209155 -0.01041319996927773 0.1715803007923722 
0.1467448739069681 -0.4772034687213675 -0.01289035156786054 0.02401312680139515 
0.2760359523973558 -0.2252007107728944 0.2073754374013264 0.2829915560826443 
-0.1096136972535656 -0.4796719652777139 0.02079567434377531 0.08641286379704652 
0.1657899220777967 0.3283048056530726 0.3219700686114707 -0.1051899769030357 
0.3203797863942223 -0.2859220706543365 0.2555589776747408 0.01717471724863078 
0.2025675067941352 0.4443612146079339 -0.02709933162473159 -0.1038033832245487 
0.09384821954009587 -0.3304641309312549 -0.2933188923301567 -0.2143595047092951 
0.09516052015593279 -0.1949875030895715 0.4336544216530809 0.1219351943586368 
0.3665505190093009 -0.2817488218565652 0.04861987628329286 0.1841043889391205 
0.2526572254243044 0.250693678082634 -0.2435769489101974 0.2529570638861308 
-0.3412561341267058 -0.2410272019783298 -0.2299042036892388 0.1503136585723673 
-0.02376703672714945 -0.2312813356204617 -0.3144492057711108 0.3115537975193743 
0.2797544773092159 -0.150331928119416 -0.0510532310549327 -0.3827940848709626 
-0.2392523684275852 0.3635267308887571 -0.2383443478601965 0.0616327183744302 
0.1455085862563151 0.3239706227101191 -0.09366955445250352 -0.3392584582809626 
-0.04080572241396874 0.2657992369881749 -0.3425744604652015 -0.2456183984797441 
0.05330304337116629 -0.3816200107164767 0.3134137718709984 -0.05741742409514292 
0.44612711260671 0.0123917130570152 -0.1769705889105113 -0.1396368701503273 
-0.4264322113463876 0.1240872875110643 0.1349085626884927 -0.1858967291742954 
0.2520611201548799 -0.2055422740369928 -0.2043877267627473 -0.320067527935474 
0.2613796421908264 -0.287922270051405 -0.3035172518911627 0.08160102242666932 
-0.2978498569227584 -0.1322403179663854 0.3078596672015038 -0.2214054794846347 
0.3490256745508983 0.2798213443913411 -0.03216297036451701 0.2210127531719473 
-0.07448204922880797 -0.09003390184690024 0.2676239444725901 -0.405861731635088 
0.0778138210913492 -0.2999596445914456 0.3603415780095435 -0.1553163482101264 
0.4477600942393586 0.1960756592133697 -0.05430033281875787 -0.09009277288759239 
-0.4425091792874264 0.09855441971140524 0.01277112285967321 0.2104983397146391 
-0.1390489815032119 0.3260967078931075 -0.07899039567623593 0.343637651073203 
-0.2657525115731119 -0.2418987021444385 0.2064710607585372 -0.2796968386712008 
0.1480660182253638 -0.4137293474234159 0.2279706682493177 0.07024141047445005 
0.2984596473022835 0.2869178020646243 0.1990453438432516 0.1974359766732581 
-0.346946873364368 0.1762263839472144 0.2165656023401623 0.2273135907653144 
0.176070045259504 0.09260692921770922 0.3119296997010451 0.3363378632678727 
0.1686748768650437 -0.2271026707633997 -0.2600422311818734 0.319923742239688 
-0.2363680164612161 0.1645970650299455 0.3273880944369348 -0.2446528205410085 
0.1739161965218374 -0.1472025405095276 0.2924626754427693 0.3354849506725688 
0.23808408074213 -0.3649107558537346 -0.207709203706544 -0.130433881545496 
0.1344775152332157 -0.2531037863777848 -0.2593683657776491 -0.3171471615067059 
0.2487307253426217 -0.2900476349967809 0.2761168432537127 0.1666279825686913 
-0.1556069982159048 0.4239024675768109 -0.1868863498534037 0.105672382044683 
0.02688464171520553 0.305032816867408 0.2335333052329638 -0.3188955816889701 
0.4094878443430758 -0.2694688402496161 0.05475833935644523 -0.08190099963194701 
-0.00537367538168212 -0.3033008412203642 0.3788514732364517 -0.1202134957252379 
-0.3642302188714719 -0.1147519109888174 0.2809004146625836 -0.158944341288524 
-0.2849508450733708 -0.2836080713168044 -0.1819847793750768 -0.2350553506128692 
-0.05079060602968372 -0.04310165676486231 0.3685349684922405 -0.3312771325064329 
0.2762499737493755 0.3494626468310165 -0.07167742461493741 -0.2154626586531867 
-0.06146024733500324 -0.3151782139268509 -0.296695764233312 -0.2426045237612261 
-0.3306224967367302 0.05566770699080123 -0.1262439300472885 -0.3487869567173813 
0.2227118643494755 -0.439413733877509 -0.03293889408444013 0.07893050876752575 
0.1702051691674358 0.09161850008607909 0.2584355825483229 -0.3818995947936718 
-0.04373523880041869 0.01953630047980574 -0.3677239962930136 -0.3353872752519522 
-0.4243535745575509 -0.1711867239826104 0.0801317323655832 -0.1849271606887998 
-0.2829408929457946 -0.3549568485299145 -0.1342428782359439 0.1610246453921802 
0.2982552533960188 0.3035505558416477 -0.09271508864625878 -0.2455703080733087 
0.2187738827480388 0.0589882045126885 -0.3077455960372624 -0.3224143732456522 
-0.4320706809110636 -0.1908021544491945 -0.09592591643365331 0.1330702187228959 
0.008079158751200887 -0.4279112631721213 0.2118635472190288 0.1481233114809509 
-0.2514465900807771 0.2583125811994872 -0.3348609217300848 0.08897969335127023 
-0.08754091367213768 -0.08838092475754024 0.2756604029719923 -0.3981667273966625 
-0.2950732936748164 -0.2436553953736211 -0.2445571910394552 0.2091783449024095 
0.3554435506070477 -0.1535306743319492 0.1518722336018644 -0.277530248859134 
-0.2773683029717415 -0.1951946880339389 -0.2984758831976012 0.2141915157500909 
-0.1822432440066602 0.3225219825393503 0.3148146800595733 0.1168703897991465 
0.462811563435548 0.1742197871272749 0.07384380156469195 -0.000124475479960041 
0.3794503810738816 -0.2299260812623253 -0.1094976908254463 0.2028833683724015 
-0.3237027311615897 -0.216340787032383 -0.3053980285374472 0.07173039711431473 
0.4413434324623 0.1202292757818916 -0.0904775376514242 -0.1804846559901761 
0.4382366513090701 -0.2400025252318866 -0.006373516615203637 0.0175158105061087 
-0.2266952234753726 -0.2093309452743672 -0.3920721164468174 0.03269994661928474 
0.2373450578804425 -0.27441225215406 -0.2298015369461826 0.2560400222321471 
0.2240284745581571 -0.1980052173359515 -0.03710806891769145 0.3990340433046881 
-0.2694904949013313 -0.3202061253406884 0.1072871421844168 0.2516592529076562 
-0.2818877499259202 -0.2726648698855465 -0.2653924582117161 -0.1604992470273379 
0.400572979012395 -0.01653265584038323 0.05051898423021823 -0.2944754523017932 
-0.2722026622973307 0.07144541329840559 -0.03842394613852657 -0.4114910253213416 
0.3353556109975266 -0.2478506477133496 0.07371293253801098 0.2658440786950037 
0.02139376002956487 -0.1000905417198392 -0.4208031440429698 -0.2498977880125755 
0.3214906205900475 -0.1459826022030254 0.2226086392978376 0.275278503404506 
-0.08814734853132775 0.3126569971708835 -0.3774350364072816 0.04492705598207809 
-0.3212236480007208 -0.3318551714787811 -0.171566626286361 0.08516105842821581 
-0.1429177450730043 0.2889643172676724 0.2641299897455112 0.2762417238693531 
0.3587440722382665 0.0860925178176745 -0.3356515327261619 -0.03505449455201348 
0.1148494229119766 -0.3563942576201908 0.2861453869071703 0.1670735189785766 
-0.3415483378471456 -0.006259309181215438 0.1890189389105959 -0.3123738060329939 
0.2552840526834388 -0.0695478702758623 0.3274144015822998 0.2698016972187455 
-0.4048798577710228 -0.1694863408152436 -0.1576013836813989 0.1803010951438842 
-0.2931595202200648 -0.4017877285758217 -0.02090144481105031 -0.04676800696024926 
0.2670913788442251 0.06968927812616732 -0.2839806039734962 0.305222241044444 
0.0110650633399024 -0.4788803246972703 -0.1429355443045332 0.01098313095104271 
0.2306394168145215 -0.1668700969353135 0.1688050828448844 0.3747861712576763 
0.3078370336105041 0.1642140802898627 -0.3145162029486525 0.1713174090838465 
0.200958534097146 -0.2963603264956493 -0.1463396343274029 -0.3168137242573944 
-0.2478607464066354 0.05637340018731048 0.4191047720705282 0.09868272477884657 
-0.2737183587817271 -0.2423105575969315 0.0304685011796826 -0.3397580376956011 
-0.1253956311094963 -0.3245959910854363 -0.1216911384004424 0.3377937908024937 
-0.1077043399224811 0.4701935316603697 0.006373913311836353 -0.1314427296418661 
-0.1705432954668993 0.3869359392095733 -0.04774266595087832 -0.2625189539198993 
0.125909481591431 0.3106786161576147 -0.134993037078031 -0.3455466391794542 
-0.3077277935526448 -0.1541998152684804 0.3526840029790127 0.08449861590042237 
0.007612875073213231 -0.1528166991813861 0.3297884492172584 -0.3432618233175679 
-0.488038182671462 0.06329549310565333 0.006691955175903262 -0.08813416218001145 
-0.2423142221880302 0.05695522249766859 -0.3660374143000956 0.2325006057801812 
0.1926788613164642 0.4344498473391499 -0.1148066313028275 0.1046308938969589 
0.3306101887799841 0.07635012966997266 0.02803489830928838 0.3661715516681076 
0.2408545950723517 -0.3199719528910867 -0.2290118546163724 0.1927708065054643 
-0.1394990500251101 -0.3877458490923456 0.1233785972247299 0.2548938863539211 
-0.3825931153244612 -0.2415835919800506 -0.2091453634272157 -0.03896271485969484 
-0.3798170512594647 0.2925049647240225 -0.1335924340678883 0.04830025615025695 
-0.2996027530917165 0.261205597115179 0.2432279105145855 0.1812457169763624 
0.1355051277388765 -0.4334228636078582 0.2082020407884007 0.02085406123468021 
0.3308046410488393 0.3220040623422663 -0.1893094261099311 0.03230502254379331 
0.2862138155825248 -0.3311163500327825 0.2279697061057825 -0.08045761373980445 
0.3561982884241049 -0.222451274031782 -0.1585651344933013 0.2202165028522986 
-0.2492275414933133 -0.2216801245789183 -0.3085020573317375 -0.2087343660012874 
0.3360087676298724 -0.3048892061399874 -0.07649648888966397 0.1956756684995253 
-0.2060579503057696 0.1014346336422877 -0.3990171988708062 -0.1950292573408805 
-0.1215189970878846 -0.06346038246810796 -0.4073869917450552 0.2554246506519496 
-0.3475773289757214 0.0312913516121431 0.005077035818453626 -0.3580294337113733 
0.03123322807432262 0.005878900274854919 0.01348117352499324 -0.4988067581298439 
0.3167729817906902 0.2644978196969234 -0.08604250462379584 -0.2688725883779768 
0.192825076067368 0.2975322357569842 -0.3525421495592357 0.002662988775335407 
-0.02818700177692706 -0.3764400568110031 0.3053257552273523 -0.1194761890662876 
-0.04778619139141639 0.3544139586786185 0.1879196159157072 -0.2946072703789684 
-0.008147789086084725 -0.2120748864678676 -0.3644824153612138 -0.2685338432211205 
-0.2560062057570224 -0.12848959265798 0.324484941060117 -0.2503213339244018 
-0.2705937325862054 0.3099506556837907 -0.2368648375865408 0.1568587633553032 
0.09026575922794855 -0.3463328365912299 0.271571904523261 -0.2194410164105226 
-0.1319414032155298 -0.265654635402018 -0.2721078563312497 0.2966081511519025 
-0.1803044901015717 -0.100929714020496 -0.4475379573171115 0.08374521142955237 
0.03807145971828551 -0.07492727194767458 -0.2111092735004674 0.4453867336545882 
0.2466542424275796 0.256456881282745 0.1453939782163994 -0.3197688912849623 
-0.3076091512071289 0.2652493621618206 0.1776798228058883 -0.2311909741621525 
-0.3889317805677108 0.2679151940405439 -0.02128967255956699 0.1627890312918969 
0.3159324523209929 -0.01007919357914065 -0.2918082730755643 -0.2548195973466222 
-0.3626029917489216 0.1082732634153002 -0.2838894624892106 -0.1618726162503084 
0.3493258790748563 -0.1087800178418394 0.04088785444930584 0.338329013366339 
-0.1777440250008264 -0.370117668316756 0.2840158573850432 -0.02747664335599051 
-0.3679120202154772 -0.03982157110020759 -0.3276086332782218 0.07568071919354978 
-0.2811421087667582 -0.313010572687416 0.2430483260957644 0.117944933109156 
-0.2456854574600229 -0.02415529574607364 0.3850516930094443 0.2019662630011252 
-0.2990362028561646 -0.2583261752657693 -0.08687432399116202 -0.293764852194752 
0.1454175867023613 0.4119995980095922 0.1700817347199846 -0.1737304240259501 
-0.3533971482714102 -0.2695133959887382 -0.07870040527150787 0.215126082068988 
0.05432537401664481 -0.07530501913226982 -0.2867467209631572 -0.3989413814689038 
-0.3384037733641614 0.09234289008892638 -0.2079521460146857 0.289329538400089 
0.1371500409126871 0.2262142017686263 0.2293209923271427 -0.3569718247620196 
-0.2544377735166588 -0.2838371708392181 -0.3223894235459953 0.02762135846686098 
0.2185428292248307 -0.1948658528887166 0.34512259687876 0.2125011159877061 
0.1818018675972402 -0.149741157423679 0.08911716726968023 -0.4319534664861486 
-0.01178396888323317 0.4587177225487752 0.02086396991409351 -0.1974940096723131 
0.0104418927872912 -0.2969101290493957 -0.07244604850290515 -0.3955842668752191 
0.3354356542298642 0.2044866811798917 -0.1355822309490392 -0.2780028376515206 
0.1761516782704368 -0.1600206478658165 -0.03503307379588988 -0.4383339619964721 
-0.4424362304531561 -0.1442503626256266 0.01061244166693964 0.1825633888451978 
0.3083574667536649 0.2826079072375846 -0.2469775941255935 -0.1185348533722839 
0.2218461029662062 -0.1784480579595933 -0.1613186824284549 -0.3780434894409696 
0.2405009144662392 -0.31312880470878 0.05291923511213195 0.3021741490559712 
-0.2886880421675734 -0.06333498662602305 -0.3216655268123654 -0.2432677180372649 
0.1700867810995278 -0.1776677540461051 -0.1570615003083117 -0.4060004201824381 
0.3597923466209305 -0.1074064764707679 -0.02809506905892577 0.3289741376152734 
-0.165402751766318 0.2771330059263164 0.2577750326601663 -0.2817645458027397 
-0.1871886606033537 -0.3122745285228329 -0.1138186419227543 -0.3232496572747212 
-0.2318817731170763 0.3211700397907629 0.1197125355720478 0.2806235158781098 
0.2146901062603754 -0.3044557093734846 0.2724354059827081 -0.1923377988613627 
0.17432791086786 -0.2462425036257948 0.2750425666496557 0.2886624246959026 
0.3162453462349494 0.3842300443073809 -0.04393235067539394 0.02064225279419074 
-0.2478076777627741 -0.1597970760432865 0.3421553207261773 0.2144434327010364 
0.02089261816067091 0.3154265418556609 -0.3810557101005475 0.06975773074820341 
0.2191195880739441 0.1773557200415618 -0.2214783228011711 -0.3485382435544547 
0.160648722448947 -0.2796963610320598 0.3119121710694638 -0.2206189727554692 
0.2472771928258473 0.313873045399206 0.1732677912129776 -0.2455931061902444 
-0.1591225489986916 -0.1925754332954208 0.02250561459414436 -0.4325369512573229 
-0.01768533372949031 -0.3968899662541618 0.2863279317684282 -0.1009053970155274 
-0.2851351549923911 -0.3140892939247672 0.2251051271105747 0.139188866572863 
-0.3165350958319804 -0.3661606566169285 -0.1034797221931526 -0.07087914888968955 
-0.02945047095936368 0.3246198399358325 0.2623192106128986 0.2737576684290906 
0.4241068769761427 0.2061882229126102 -0.163646554208097 -0.02897548842554797 
0.254643323481242 -0.2542843663036866 0.2590415016025792 0.2310708534355666 
-0.3560449653052457 0.08398345843167676 -0.2141371739708675 0.2651867872168817 
0.2095984774194029 0.1929735202879229 -0.3012687126988407 -0.2794044764851453 
-0.1465424303223898 -0.3841424938339062 -0.02693545442366853 -0.2832566713093716 
0.1712080803575851 0.3418427324907533 -0.2550465147929202 -0.1969330209881286 
0.07438428039931534 0.1056235093895904 0.3830503944609767 -0.2942499760356717 
0.190481574268154 -0.1909555754612624 0.4186691983956243 0.0443716168214461 
0.04628924890337025 -0.3547484777653193 0.01214967336731001 0.3490891123999977 
-0.4562569735052129 -0.09956412725386815 0.1537428154033502 0.09099288655653461 
-0.009550580649598283 -0.1456342996536753 0.4364082348067439 0.1955691431859865 
-0.1098486114770251 -0.364869189959364 -0.2342877834754228 0.2234121556431982 
-0.004077741545658923 -0.1530028310369697 0.3251255788183928 -0.3476591199962462 
-0.3579447439668375 -0.08074999972864064 -0.1844646706954382 -0.285180264176123 
-0.2094987472547822 -0.2817605658177418 0.1892472346193859 0.3015074503849913 
-0.2225929141401746 -0.1870396438131591 0.2907196948435788 0.2845182335930123 
0.2421104327738499 0.1402098930978548 0.2868200935542671 0.2990952325816457 
0.01114753587317135 0.2031217917772551 0.4431468798244778 0.1106260053106125 
0.350289381501994 -0.2347886826736313 -0.1526005931051531 -0.2210988075030866 
-0.1048362486707951 -0.2407683655654489 0.4149814615260679 0.09396989782513418 
0.02736643925894551 -0.02778104123664821 -0.4313553206452709 0.2498236960360438 
0.306384827460886 0.08300141567365134 0.232662501627587 0.308394654354329 
0.2275617476483498 -0.3189497307969849 0.02846443777634337 -0.3093161748338362 
0.1498633062042616 -0.4456391633359095 -0.05603105633478413 0.1606463391453615 
0.002118027632819658 -0.3004762985906517 0.2737973902184108 -0.2911090810225532 
0.04021409583390482 0.3343263668151084 0.09555555393884312 -0.3570403941571764 
-0.08680713169704624 -0.05595247936967535 0.4113681626510689 -0.2647830747914253 
0.1778954127887141 0.09114011749729052 -0.451582350743622 0.07823095032132368 
0.07194816532276731 -0.2285071063810011 -0.2314204025571259 0.3728975209362049 
-0.3672644403253835 0.3053041930421268 0.00408069797755225 -0.1479511016768535 
-0.03850530747576628 -0.2107982871753739 0.4102232343979138 -0.1892044433416919 
0.2147530849396487 -0.3646965602390988 -0.2100730799630799 -0.1635445888236565 
0.3683901893607915 0.1663606037449416 0.264102058016957 -0.1298573095961353 
-0.2768103555994194 0.1967763047695028 0.359706962881477 0.07256730509510774 
0.2934227851449101 0.3666576804110342 -0.06581311191470052 0.1585365852209104 
0.2494648222731869 -0.4329739010313719 -0.002521127668857815 -0.01716238296858485 
-0.05802607097591155 -0.3360079751883485 0.3650606969107596 0.02150123875396948 
-0.06704085290684171 0.1189459949485031 -0.3589939705645825 0.3201260742668576 
0.275877104687329 0.08899725028974118 0.4062348842778428 -0.03073322869418968 
-0.1205168464040739 0.008606865379013206 -0.2926921398771677 -0.3869533858945918 
0.3716371263158113 0.2589035785431542 -0.1832545906749104 -0.1061722108550331 
0.1825764815788885 0.3237689021388783 0.1600326230771024 0.2936478944809946 
0.2333923287298139 0.2857137016881204 -0.3349052263581755 0.04164361794711752 
0.1087030896141637 -0.2538689847228032 -0.2749410042886946 0.3132756311379362 
0.1074312763371855 0.2137064427786754 0.3660154455074119 0.2425299380065455 
-0.3035136242490532 0.2959838449693029 -0.2647104528044759 -0.01419223690760383 
0.1760575810017984 0.2933155339923257 0.1409796183233057 -0.3362952168973074 
0.2230900849724729 0.04600049809674484 0.4439745986673786 -0.03164370237450614 
0.1821919912118095 0.08672416076864055 0.08886851384876755 0.4487620589171531 
-0.2344605055850045 -0.1624064535693004 0.4092264607162898 0.03444007853483701 
0.0461129520362665 0.1501341568963273 -0.3204977945818727 -0.35016352502179 
-0.3556104557154889 0.2463855876825849 -0.04945792680997135 -0.2457422622256682 
-0.05870281745990568 0.3524097741649466 0.320067445479588 -0.1411317137976127 
-0.246337101566028 0.2497273335453254 0.3445055721332095 -0.09094065120483871 
-0.1807924705412626 -0.1581737487366895 -0.2449837255100009 -0.3637005939525117 
-0.0416448323647581 -0.4441219221985679 -0.1495552167251936 -0.1692768835672512 
0.09596262271349734 -0.3588128498532109 0.1925967099210691 0.2737718414113176 
-0.1745924439113343 -0.3518983115589262 0.1117949150062104 0.2884214864218659 
-0.393263368312653 0.2653737647112296 0.1362073883016859 -0.07980122504328711 
-0.2146451849075564 -0.04892015058132024 0.3511257182634106 0.2797230656150936 
-0.2631950933296076 0.4014614253213178 -0.1082475346612576 -0.08854116593966271 
-0.1678639860400467 0.2882757893709331 -0.2672452134604543 -0.2594200210773808 
0.1776315408951592 -0.1105640265973489 -0.4535327571385266 -0.0230362736595664 
0.4163587820179756 -0.2389020326808026 -0.07404920462487394 0.1186924543175014 
-0.1164291724497516 -0.3501144015280335 0.169351500120854 0.2918633636689423 
0.2998896801870969 -0.2726289870461495 0.2141379861317194 -0.1997111364819767 
0.3222438411956889 0.3584320879825828 0.1308779584277229 0.02358612120898498 
-0.2766394490990886 -0.2855411084050902 0.2265051774403691 0.2015745400730266 
0.1527653817547584 -0.2143207456490747 -0.3465111745818795 -0.2462912138336116 
0.3173015771768342 -0.2113540744062435 -0.1346555484500087 0.2941378038005332 
0.146327549190807 0.4513504713423561 -0.1423681469279959 -0.06784033539962467 
-0.02697527292093763 0.3895666913551741 -0.0753457722851306 -0.3030398360549 
0.3688982215203617 -0.1712504589284341 0.2709439470753819 -0.1057201968364016 
-0.405774646798004 -0.05858514841631081 0.2692573135124035 0.09703203347903828 
0.1808857908719486 -0.2687986571531429 0.2811893876745853 -0.2568270640576817 
0.2020712071398171 0.2897131542095392 -0.2143783117099105 -0.2815589724931978 
-0.0483294777205685 0.3208129215845487 0.3787169458268808 0.03628781987392982 
0.09428365936977302 0.4726203029914224 -0.1303569464257117 -0.02734423695598227 
0.2543885014370356 0.1698256181832783 -0.2475772690019431 -0.3084659553643258 
-0.03072418289540267 0.3585763960809354 0.04709621132907578 0.343890883329967 
-0.02192168632373281 -0.1789153168177781 -0.247984242997553 -0.3949842582960093 
-0.404405100155819 -0.2210420723591605 0.1417027691422128 -0.1323527197777153 
0.07317242320742361 0.2409745100154346 -0.06918844753669268 0.426368433086031 
0.1417829081278672 0.3520275660534956 0.1719214804912534 0.2764366188603674 
-0.4405359781863903 -0.0484003337515484 0.1063308100419356 -0.2056191101330923 
-0.3939827129186466 0.2487867409378241 0.1684987051708641 -0.06701466862218688 
0.2745759655238124 0.2018545726523073 -0.2073226371838782 -0.3014632560813053 
0.3825032762357151 0.1733986539506801 -0.09169120907145616 -0.2553759437692811 
-0.4387728078497571 -0.06631045254938309 -0.030655110247843 0.2283453769841394 
-0.2526439058583648 0.1773967707344093 -0.3361939557465918 -0.2041447199539872 
-0.2004117213336807 0.3153108634118262 0.289874175616088 0.1624412622379336 
-0.1209347798560097 -0.2832822120346842 0.0239546681513553 -0.3931312010508364 
-0.2640252239764808 -0.314495504727635 -0.07980902248202665 -0.2738864336558907 
0.3725100953805711 0.03471417398847262 0.2082747895404768 0.2581719717663519 
0.06080250145746357 0.3316251555212729 -0.2142933194083657 -0.3006762133906687 
0.117393858136343 -0.4347034855799959 -0.212935380163255 -0.0437045257518782 
-0.3921192285208105 0.3033351000375292 0.06401809000831955 -0.01148964147192108 
0.1668462239508502 -0.2956400113710405 -0.09313773500624251 -0.3550840513847118 
0.3962685751030688 -0.1221325449669481 0.2480357224936567 -0.1285812514044315 
-0.2767649098283299 -0.2005210921644147 -0.1865486178295016 -0.3136751336507396 
0.3297060399417263 -0.3207636488255365 0.1169963029776269 -0.1572147382010986 
-0.2594293574393239 -0.1020117282980287 -0.3063498855563752 0.2800709970844259 
0.3156338055693608 -0.1473421643005043 -0.2159086103654762 -0.2864420698345395 
-0.007209347403219218 0.4002634681160317 -0.2265435805366268 0.1959979273344263 
0.1623515479692167 -0.4367959986224021 0.1748565094360758 -0.04771196461359696 
-0.1517089796494046 0.06057166694501457 -0.06265898937846946 -0.468390125544196 
-0.2988639470107661 -0.1090049203998894 0.3482092352320811 -0.1659777003240162 
-0.3074015717060748 -0.3094301797081939 -0.03486994382827826 0.2419531454968143 
0.1676621342421027 -0.1986925411121531 -0.3712619967713305 0.2111284267955007 
0.2271234224846033 0.1178612909834893 0.4290682726595954 0.02059331064925744 
-0.2202731141238046 -0.4283075585729443 -0.04158375381980705 -0.1276839139505794 
-0.29570299926079 0.2013194823397987 -0.2750173424886218 -0.215396526409097 
0.3875386777247808 0.03418261079993705 0.161106135469632 -0.2696110819314907 
-0.08232837227567662 0.3702950355272609 0.2983955005216294 0.130628293454169 
-0.2515633675267889 0.1596175560131211 0.2661548637820158 0.3006654227146123 
0.2075790184822305 0.2509292116949849 -0.2733307860574505 0.2631268956175015 
-0.08922442944783836 -0.3320846978653047 -0.2204390230481313 -0.2883841045394188 
-0.3136197221344732 0.2674786195569814 0.2702054365899362 -0.08418360888812851 
0.05246100324086471 0.4341704313422509 0.03976542537712045 0.2390869938570947 
-0.294737922359494 -0.05988894185682626 0.2758960877798334 0.2888325129106156 
-0.1503969128149787 0.297592466850895 0.2325837342717761 0.2910743871272746 
-0.1295345751781241 -0.1036861927640876 0.2008227044009205 0.426778875602591 
0.1213715388834617 -0.3111336509141502 -0.1741623198285393 -0.3288347414277171 
-0.2444831799094091 0.1583732847823955 -0.4051684273697518 0.0313755138816859 
0.1103424436750502 -0.264335408757982 0.1261746779306847 0.3899118970352879 
0.04697678119779152 0.1426076531865136 0.459175838156559 -0.1288944876018808 
0.1014632053732861 0.1392693766725474 -0.3981708738171204 0.2485341302926608 
0.3488588148266674 0.3331153821422651 -0.09507714447214204 0.09106045298025453 
0.3574920890272733 0.0972735728018751 0.03995770769656491 0.3333776235935914 
-0.04843351637405993 -0.2740839603433746 0.295892330351676 0.2915131318023079 
0.1600238162720436 -0.1393757672017223 -0.4501648828656449 0.04814926767068012 
0.1509153771171471 0.1073443584909779 0.4447350699517323 0.1338374207939522 
0.285544429588231 -0.2470485629559729 0.3276209699838728 0.009792154989931886 
-0.3390556069376713 0.2818774060355846 -0.1400619726271937 -0.1896551269925407 
0.2121891992988117 0.3443516547944773 0.158651075010716 -0.2474419486246794 
-0.3881393828373511 0.1877020547407293 0.2175317971642402 0.1295981302305107 
0.01905191134237085 0.2029305909335436 0.02034440880711639 0.4561165475707434 
0.1822592023852862 0.4290958835397397 -0.1742055415191981 0.04807010691825371 
-0.3511912057086629 0.3511727126606664 0.05030805007145414 0.02848794505493115 
0.2384810721481096 -0.2875315325261761 -0.2754030142588245 0.1860257395292124 
-0.1323905547876968 0.01673825385178017 -0.2101996058340494 0.4335996973802097 
0.2972528263088068 0.3127153024400703 0.02927513326976104 0.250983791196323 
-0.1084421793123147 -0.2271870139011083 0.2782647141532443 0.3304468237370524 
0.428533968217155 -0.04007288338387825 0.1679862676429759 -0.191137165367552 
-0.3668058779382546 -0.2512640317981665 0.2068476534566289 -0.0976416022705615 
-0.3488780423771157 0.1425094877788585 -0.1786946528685361 0.2757596389544927 
-0.2816347635870716 -0.07947888242213839 0.01103337872092831 -0.4052693323484801 
0.2209231185546226 0.2242643937207401 0.1260672718516649 0.3674309463899951 
0.3568718412665932 0.06177878377854949 0.2059944404564794 -0.2763913191235512 
0.3543210090700505 0.1806747511940172 0.3016388973783621 0.02876164809129002 
0.3203743841637193 -0.03276266196541881 0.1369496326621966 -0.357115751635722 
0.2315098490548727 -0.1764035751099049 0.08078778337281774 0.3984448550762587 
-0.2003438561674652 -0.2173261960517939 -0.315386188444062 -0.2513229315926701 
0.3882485612703199 -0.1928338633902366 0.248195959852903 0.02183852820632454 
0.1053969300040496 0.1858713835770405 -0.3971695132849116 -0.2158696218320322 
0.238574373776956 -0.110419826692442 -0.2968917302128992 -0.304540687891348 
-0.2938584059616935 -0.2252176925188549 -0.2019567987352051 0.2685845856834733 
0.3444279595194746 0.226404707898505 0.233209432077719 0.1603859399468407 
-0.3529101087875453 -0.2272876373469885 0.2629869492819074 -0.06806356978723827 
0.3626083221563584 -0.1980119189329669 0.08604184698226282 -0.2681478794085747 
0.07777178075512718 -0.3878194198145296 -0.3058474871625282 -0.002227628619227778 
0.2418688406915482 -0.2132121761459843 0.3709941621423314 0.09166986147000369 
0.3041119066413011 -0.06430192710773089 -0.3888767342767205 0.04643378024130199 
0.1446384737466138 -0.4442444655046824 0.09296115162181802 0.1519367995906673 
0.3457229464982559 0.03402616107314184 0.3499931729049278 0.0825992950764716 
-0.1658008137683296 0.2369072664786662 0.3689109777803895 -0.1740394429906132 
0.0741219040156489 -0.129447790019517 0.3025289192973341 -0.3690873419570834 
-0.227521421098 0.4253109618886497 -0.03223059755397867 0.1276940766841262 
0.3103460580602331 -0.2806932022831085 0.1047498787115165 0.2528321841626397 
-0.3670150042862178 -0.3347593837982602 -0.03681481632781502 0.04336831662107634 
0.3737817959891161 0.2292760920725233 -0.1133544426345702 -0.2118263744818112 
0.1062211459025212 0.3575596923036745 -0.2894206602824382 -0.1646323662119158 
0.05722900420105341 0.2606038032373971 -0.3126930052826178 -0.2846639830812544 
-0.2773074318049351 0.2003205855196114 0.3366258194974713 -0.1401973927378369 
0.2051615005080003 -0.3993122518750976 0.2201142736808725 -0.002861945786757911 
-0.1168884487406 0.1714861380158927 0.3388267609196912 0.3035226863087515 
-0.2927326571993714 -0.2872724383644355 -0.2846475513616144 -0.02753014836472912 
0.2913015258487015 -0.1873859249459632 0.3605203429374801 0.007417445557998695 
-0.2552850193111382 -0.1477447490922696 -0.3543907661585128 -0.1934120805238298 
-0.1120964406291825 -0.3784642734760236 0.2500115567338789 0.1780264115237857 
-0.4276828629435274 0.05908131662307107 -0.179902047339031 0.176725833238204 
0.3123842789582005 0.2148580628257074 -0.3247773379926005 0.02778049360593932 
-0.2496834122067848 -0.3960862217141057 0.1076439900289085 -0.1385159559317171 
0.3204350038208024 -0.04444512620426624 0.2712121528004715 -0.2679365731966858 
-0.3112916583302587 -0.111079248787235 -0.32765759913262 0.1827550318691891 
0.09638037462393843 -0.04283884119545036 0.2626468538562327 0.4121799209469126 
0.4424608999963967 0.1820870937801742 -0.1136844581211834 -0.09026896606675879 
0.005226165387858208 -0.4108353460950507 -0.01499660955941578 -0.2845384109325508 
0.3091528879596097 -0.3110098391370567 0.224387804576486 0.08571747186845792 
-0.3215032796084982 0.01799293781845022 0.328260708195857 -0.1963588624034976 
0.06149199027609838 -0.2733980140633778 0.3021394504740741 0.283167818625828 
-0.1855662051422789 0.2452496312788159 0.2458059567969244 -0.3082162122112448 
-0.41835655723375 -0.2575131634294817 0.08617749074682945 0.03518809129016817 
-0.3333303988673539 -0.07761551442801229 0.3546733068217274 -0.08410423615458741 
-0.2645353294177813 -0.2470178889111766 -0.2512908633167163 0.2363390024122785 
0.1121235751116276 0.1593049321055662 -0.2944450685230704 0.3540513298004578 
0.217267507089173 -0.2099672788138409 0.3489317770524102 -0.1922373198778377 
0.4232656450659995 -0.03765066801668296 0.09657167326523024 -0.2451581791976651 
0.4141963725415273 -0.2460821764219584 -0.02605796433967668 0.1311712998919529 
-0.3003160410734012 -0.3373368807443624 0.01469503476615139 -0.2140050474098324 
-0.3295536508489489 0.1836701649404663 -0.09891190411671752 -0.3128515573668705 
0.2560228139911467 -0.2636416327837969 0.05058768162564941 0.3352406518411665 
-0.1172730451808187 -0.05471893269373479 -0.376614302977281 -0.3023483720343355 
-0.03909268896278974 0.3623431356979855 -0.258693282376492 -0.2241807291795761 
-0.3260222096400292 0.004630553061179518 -0.1084707074461244 0.3632109337918089 
0.3489244284814456 0.3374464827870192 0.1100846391437324 0.04757085965337013 
0.1973120618836943 0.2290064924606535 0.2575006130288845 -0.3038378036647555 
-0.4148223860139813 0.05943462165383617 -0.2058666641823279 -0.1789101181850079 
-0.05822499981128598 0.4508296091090225 -0.1124495819520673 0.1752643844778142 
-0.2716411158427985 0.003516421890812568 -0.2137215088700487 0.3612780862536155 
-0.3686236432230232 -0.02862263440346509 -0.2237221994815621 0.2514870412484966 
-0.2654277654012038 -0.07598440216543756 -0.4073912508843345 -0.08835632792608415 
-0.2041837274096496 0.3776180671492177 0.2556557658463411 0.01880771685004917 
0.05958783447360416 -0.3179106687429593 0.30602892360358 0.2274387711015538 
-0.3023593358936674 -0.2695784966645126 -0.2795323561215192 -0.08813584977291565 
0.2440106951735737 0.1662207294217707 -0.3710119636707689 -0.1586807252458971 
0.1388466366552743 -0.1447066328067622 -0.4375450676612545 -0.1354101756758162 
-0.3886405398568412 0.2452582774512599 0.1746622626741589 -0.09110434742078448 
-0.1689772978476757 0.2702164549465772 0.05190754233774887 -0.3817529925706636 
-0.237517048116616 0.2456494482499797 0.1678833486368196 -0.3241252561571495 
0.3077592697739218 0.3791529916939694 0.0306820989133428 0.1028875578678346 
0.1232260564230074 -0.09694655882310856 0.3315879280259873 -0.3398031043681385 
-0.1365783911098132 -0.3318248181559568 0.3460561147249102 0.0385201064266554 
-0.008554944418628793 -0.3981380731433276 0.09519043491857794 0.2869698045783292 
0.1874158863528364 0.3002792423079882 0.3528684628740903 -0.01383871707919624 
-0.1377457408797363 0.3064377603063805 0.03645577742946517 0.3685009989401862 
0.1715299110831255 0.01469199356168398 -0.3048329738389156 -0.3569852839957433 
-0.2395577485711875 0.007555640843108892 -0.3768259464382031 -0.2248492905968488 
0.1591216994651525 -0.3076608024610298 0.09719790353514458 0.3472429739198903 
0.079697229103197 -0.3100272517538677 -0.3672035799402704 -0.112663151572579 
0.08974050315765134 -0.2321039546560142 -0.2409786228782057 0.3605602579899426 
0.1906451804380477 0.2468415326515299 0.1488457459861703 -0.3613427968505923 
-0.1961700384125002 0.2088202521013251 0.1248166863785788 0.3902975956152545 
-0.04578578593272202 0.361692140137637 -0.3024122310502764 -0.1600915365669689 
0.02209184222063316 0.2864715377557807 -0.3519366281487767 0.2087740844319683 
0.3577758172969656 -0.1851599796461916 -0.2456564988501864 -0.1654240945798965 
-0.3266623958866272 0.2634187789874448 -0.2063975726802079 -0.1769244697097904 
0.4496414463780528 -0.2182808987206054 0.01326639274139923 0.0001475683179185393 
-0.4068082287857827 0.08766760469210078 0.2765608504322898 0.01831808090091585 
0.2957170534960089 0.264599070550392 -0.3032730436880556 -0.02375325467572816 
-0.1945263759853171 0.32530596857177 -0.02459261053893793 -0.3251626044988596 
0.1682482725886504 -0.3063479664777801 0.2246991502369868 0.2781253927433454 
0.2861815699154678 -0.3617062992441713 0.09100414700363609 -0.1702554179929228 
-0.3414415463521686 -0.2067802629048043 -0.2006879030395405 0.2244637139300069 
-0.2159522164647849 0.2517507556112558 -0.2742269607547522 -0.254530491785012 
-0.2977495802365269 0.3350705101659711 0.1878779382947355 -0.1173661833247012 
-0.1237274738912395 0.3878733166282122 -0.02602582636556999 0.2890820970145203 
0.3805123865548863 0.07135436552989545 -0.08626862686710936 0.3044283203261389 
0.3113635686515007 0.2120322838950659 0.3194512349582551 0.07775568909404704 
-0.1826721764998949 -0.2450698238428108 0.09649980242923299 -0.3837439843249192 
0.04599029848657116 -0.3214666424850501 -0.353247018357842 -0.1405725230470006 
-0.2247881144612941 -0.1758675781742139 0.3544328075196637 -0.2071672838500374 
-0.2123435424252273 -0.2815026455200507 -0.3259492675054602 -0.1393684166810124 
0.1596817947772736 -0.02331287757039379 -0.4141993665299393 0.2289041697354888 
-0.1681460337733406 -0.05719963900091839 0.3479947071205966 -0.3120173015082808 
0.2149280991438643 -0.4176969450241025 -0.1671601416665716 -0.03731837823310111 
0.03839257786066338 0.3651357968900493 -0.3219654150846811 -0.1074250030673986 
-0.1420821504835958 0.1026926666161701 -0.2321157257520405 0.4066806715296665 
0.09727319834440201 0.1721873758329514 0.3592744452723527 -0.2860267565488513 
0.004614034293800948 -0.06823858058922934 0.3571561861090467 -0.3431641961667081 
-0.3711472453436172 -0.002221523587735392 0.2569477997602275 -0.2149944541265474 
0.2740910594020009 0.3060229383858961 -0.2793677462274503 -0.05637122231552098 
0.2198895927398968 -0.001108254874007761 0.3153833750196777 0.3196571061888252 
-0.2054689304347599 0.2435692061655445 0.2767438811753457 0.2680846595124168 
-0.2163757506525103 -0.1950113051514025 -0.3847554474369447 0.1308257278225723 
0.2291439263175295 0.2797631578360741 -0.3445217317114386 0.02303069534178305 
-0.288782825885996 0.06793319802452638 0.3778415739585319 0.1386553463375946 
0.3290708736534828 0.111776260070531 -0.2327885618954644 0.273912236397391 
-0.194713634654883 -0.3928121086406838 0.2112481526267104 0.1147147148213619 
0.1831015067229624 -0.08211609515231426 0.452476960604169 0.07067803955352908 
0.03663541609907797 0.4291921915190182 -0.2531300101910912 0.01941924218418187 
0.141582222932477 -0.3473284639446544 -0.3302617572378221 0.01563918122956288 
-0.2221811258088832 0.1082950752581113 0.2317895267351193 0.3676701501414639 
-0.4208087928644009 0.02482817149584064 0.1874878389684181 0.1927481050156689 
-0.2544594207456519 0.09177762645064874 -0.1038191310313208 -0.4074909305846866 
-0.4041497010580349 0.2357429323866511 -0.1201530280637821 0.1290408416415047 
0.2972778359805323 -0.1828102424009857 0.1415790066772907 0.3288794435295346 
0.2306666058388955 -0.2001313919788679 0.1075445621474871 0.3810177293091093 
0.2797945194743433 -0.06234050222095778 -0.3378142805989405 0.2317546126366862 
0.1909341772952891 -0.1230171640122458 -0.4091871355320472 -0.1760022880931761 
-0.3702177628161408 -0.0001850784867710196 -0.07931745158162175 -0.3265693122691758 
0.03225478678608622 -0.3980137483001378 -0.3003701998793115 0.01795627795288347 
-0.3768769643818531 0.318941936171402 0.07787535204795289 0.01323724340503437 
0.1318272575338421 -0.1500490555111527 -0.2674178176553732 -0.3722829111196949 
-0.1242745088393462 -0.3542616517059267 -0.3177637067148458 -0.08989302129848252 
0.1951763738293538 0.1868717846667954 0.1350828515281705 0.3984190537829352 
0.3362988981792625 0.2734964114946847 0.1789788220060596 -0.1734051477213617 
-0.3202166368083494 -0.1833584565633941 0.3362232333057628 0.02819431331417986 
-0.2574110212760553 0.298294481420895 -0.2683185621196056 -0.1508811376598311 
0.07356327425813984 0.2896339700099982 -0.08060157577040868 0.3926881639163526 
-0.06402974726229795 0.2307707101191447 0.4027026130129832 -0.1745728394944285 
-0.08627970256679839 0.2886206835260979 0.3974748113701305 0.03560461054683928 
0.3593364044653248 -0.1280036568433616 0.2051103822111804 -0.2498442382162192 
-0.2990057542211857 0.3977246923375567 0.04020598462443725 0.02817990149016495 
-0.3522248176667011 -0.04232424564569834 0.2301180644102698 -0.2668183136185608 
-0.05440825406933317 0.05426620754104281 -0.3561457021062602 -0.3424254071757502 
-0.1688627535432073 0.04737207010450488 -0.1649431553547605 -0.4382179970533334 
0.2665380808210118 -0.3330184880931081 -0.1308449872824247 -0.2256894489414479 
-0.3532471576841184 -0.1116924793099568 0.01136380285268529 0.3355772632917966 
0.4822295870134944 -0.124831536886261 0.02136554067331087 -0.03761949599803098 
-0.1826568461955177 0.3064735160961714 0.3439835974334812 0.06622495878652974 
0.2577686534190378 0.2599947714820098 0.2446449234193294 0.236868954406659 
0.4300480816104553 0.05015936288532352 -0.242662298100885 0.06047887977222207 
0.2465810282766813 0.276406664602984 0.1965218154749052 -0.2723533151983198 
0.3054722805865127 0.08703539028061076 -0.302263786587457 0.2403084059074691 
-0.334445256873801 0.2507027040516587 -0.2661036373946468 -0.06695803537397159 
0.1223365098185271 0.3008826648541265 0.2519201465757725 0.2846746214627187 
0.1014001917366327 0.3011950039012664 -0.07270858289268108 -0.3790950180554056 
0.2507484710672606 0.3573103405134864 -0.2170816405927089 -0.1110409210027793 
-0.158276701217128 -0.365063282370909 0.02519898911580445 0.3017321604733966 
-0.2592181693151301 0.001474932689359113 0.4173238615634714 -0.09297612510869097 
-0.2743544534924346 0.3167414587380825 0.157274479972743 0.2228659240768818 
-0.2946627842894284 -0.2004682884020489 0.1254785052430556 0.3274774093306639 
0.1852032502873102 0.0465998205048833 0.3108051412070207 0.3419479156409825 
-0.0160722161208413 0.3342152409603484 0.08866595980765771 0.3608049391986867 
0.2808509692771838 0.1529746956731531 -0.2752605017437504 0.268240809198659 
-0.2694314464732958 -0.302365753483333 -0.06021401504589709 0.2869772101819522 
-0.1755399398942629 0.2871796365440317 0.1516576698807939 -0.3372143784340825 
0.2829093575020584 0.180926367321053 -0.1351230680423614 -0.3449198479771776 
-0.2353856818551058 0.3442919164630297 -0.1937861886271434 0.1962232660343473 
-0.3138204390151979 0.1003955041670971 -0.3126934793198404 0.208950383560776 
0.3966816237428759 0.07020545514559555 0.1162722786389888 -0.2723887675228414 
-0.05338048546981684 -0.4857691254610765 0.05896519236518182 0.08776096289993984 
-0.3224016629805821 0.1134941997746713 -0.3282169315207245 -0.1595301858206848 
-0.2124160859890162 -0.2836027541072663 -0.3257849370438261 -0.1353257516928343 
0.2209237313228719 0.2562158828385651 -0.3518709566445053 -0.1083187711789372 
-0.3294039390952663 0.2498740353452905 0.2568958294139233 0.1142827379726046 
0.2237276129635789 0.03797426178719369 0.2736568423095561 -0.3515904482441176 
-0.2296374096874516 0.007229383592789198 0.3225359361095623 -0.3052621267088895 
0.2116722184337518 -0.2162024892356023 -0.2680096611785819 -0.294316457417191 
-0.3085992771090562 0.1664654223473006 0.1725109509115912 0.3119226204462917 
0.3053254672007706 -0.1224015085984092 0.001553582004243246 -0.376552541027704 
-0.1391964782013824 0.3619282096358553 0.3000728860681205 0.09792126721435554 
-0.1884156856334897 0.2918110256322737 0.01247049302224106 -0.3594305795706381 
0.02962374822334035 0.304456513520846 -0.3009109860128652 -0.2566734178147326 
0.4841327874404079 0.0143244047552299 0.1180820069343439 -0.03830006777992274 
0.1529855687426275 -0.3118513683289633 -0.2045709932226994 0.2957952815034857 
0.1975270024983527 0.2309293965419565 -0.1877379024325689 -0.3498702289235294 
-0.01970695578769594 0.1285537890958545 -0.3888555201947154 0.2861414748280605 
0.06370393339048336 -0.2550251713970115 -0.414397048744487 -0.09580739437206846 
-0.2388471428167477 -0.05159887726509257 0.378265192330437 0.2172672145181495 
-0.3150362882754289 0.1271571433584231 0.2083714131472013 -0.3019346819191273 
0.3907951504102726 0.2147098839334106 -0.2070553940717795 -0.09114208656210308 
0.4045159551745234 -0.2335094773189455 -0.1183830371275556 0.1335126306082376 
-0.2638376528259829 -0.3175008486099182 0.1798541694253456 0.217337023591419 
0.2895629425545387 0.1341468068769462 0.3658164267443503 0.1197341990739135 
0.3705109572096509 0.07010603794569324 0.09804689806346138 0.3133585483296706 
-0.1458437644830311 -0.02662116289505756 -0.2222692782030795 -0.4226313736752337 
0.3680553998173951 -0.2943193186851621 -0.1666070542273243 0.0123875258083602 
0.1507557568601003 -0.03366146888453957 -0.2391817690887023 -0.4110130029836918 
0.1029501994910584 -0.2730599575871434 0.3565102225376485 0.194267797674795 
-0.3248713368610454 -0.3237388980033429 -0.1213043986143692 0.1579144809145269 
0.01438116922272722 0.2965263502811499 0.3720151121825976 0.1531994186297632 
0.06154827789791251 -0.3432603905543948 0.3390671157775613 -0.1158343850613089 
-0.1957715947104262 -0.01834238707136201 -0.1053204102629181 -0.4474870397264166 
-0.1545724763337997 0.2363014525459427 0.2936678107929793 -0.2898761631952055 
-0.1027857420654446 0.1525816999817828 -0.3805756663580892 0.2670507034905946 
0.2010410427797958 -0.190912302598937 -0.04324946722300762 -0.4138411234028226 
0.1632858045350079 -0.2850039723511833 0.2165484077728432 0.3085729555104393 
0.3907121223897661 -0.0336415838206823 0.2182921481879349 0.2203651952900393 
0.1091912312213205 0.1965643925772999 0.4355638229159827 -0.09860968898593966 
0.04631493996363976 -0.2851379778421251 -0.3119628366417473 0.2631167962762975 
0.02464057686160464 -0.397624000469365 0.08780835502449776 -0.2890980612362483 
0.3074220334823883 -0.2978873853228682 -0.2583287619201853 0.004588001726519232 
-0.04182777276858415 0.2853644157871945 -0.2822305284309933 -0.2952346802955492 
0.1563512947203144 -0.1904824963029813 -0.4329758356392662 0.04245723723872442 
0.2668822176197449 -0.1632975060209357 0.2345699353909143 0.311584261246315 
0.2632145686834327 -0.1176293122458755 0.3039869808575267 0.2728980600929265 
0.1199366189776702 -0.2871538362295986 0.1846575196241972 0.3450499706029103 
0.1582963379661432 0.1311461660399567 0.1220628978811744 -0.4391396150205293 
-0.3238408707122549 -0.116576164484534 0.2819268721141339 -0.2281541739928162 
-0.195721095328857 -0.3170883665130653 0.33048132720874 0.04393532783191937 
-0.2077819359896474 -0.1038798491816001 -0.3448820222847244 -0.2776545240315759 
0.1275806370816968 0.3113779941155984 0.09211895479044721 0.3581634040360492 
-0.003433785602734497 -0.3671367191628217 0.3391141596952804 -0.01415716260264465 
0.4172194329808959 -0.2712211205644169 -0.021204733602063 -0.04378821503266845 
0.1987171811666071 -0.03490099815469263 0.3594783244232165 -0.2829641965105846 
-0.2396704856026918 -0.1896516269616664 -0.2501363629358636 0.3066302637688928 
0.3818695660890418 -0.2905984545574789 0.1404560249737877 -0.0005270221386135534 
-0.3038141383832093 0.3263603987045564 0.2136296547971547 -0.0744864421698308 
-0.1366417171596051 0.4329171491270312 -0.1874859804197214 -0.0935990933153427 
-0.1908915877494213 0.2518484038211099 0.225049841741564 0.3154129863391188 
0.4224047720601074 0.009260882015307181 -0.2022005626069059 0.1749382093386062 
-0.2320294439551663 0.2638680254672929 -0.2588778287736434 0.2439636695151402 
0.1116093952010513 0.1197783322058679 0.3207999128440447 0.3468197081425587 
0.3481391751432725 0.001351523820239293 -0.004553953013343491 0.3588544964548687 
0.09241649366039875 -0.2016800892252712 0.04618772794328343 -0.4457028461845867 
0.1973641461614713 -0.4331444396497516 -0.1184967819253477 0.09691130421056478 
0.2031605787321639 0.3387484524240696 0.08918099008252456 -0.2932951009434197 
0.343933409224223 -0.3583152596233235 0.04943324416004589 0.02960302539077206 
0.3104921306430961 -0.3307590653906888 0.2014200147624791 -0.06019181940821688 
-0.3283099329577514 -0.1812920206933165 0.06502902274895439 0.3242175463396867 
-0.4575768503786029 -0.1916075317276181 -0.05246037543282421 0.03402776502056358 
-0.135252980787952 -0.08975753324477465 0.36684986055055 0.2984483141648301 
-0.2497948428533746 0.1329609079541441 -0.1617014240468351 0.3791788270738402 
-0.3715279740834277 0.2854877183015511 -0.04147599675259245 -0.1695389892202293 
-0.2530246400967448 0.04664999529000252 -0.2926724168548348 -0.3132812887098516 
0.08694385579893812 -0.36548016524991 0.2733163470229208 -0.1848328682831014 
-0.302710962960691 -0.3149248672973576 0.2066914577624045 0.1283239734001601 
0.2903299764958056 -0.3746270484475067 0.08635294444077918 -0.1338142305805412 
0.3148142320099896 -0.2863023660293551 0.1993533388736038 0.1708250590806271 
-0.0492405329454496 0.2804252395184294 0.2223755923795681 0.3456676884959249 
0.1271602264086481 0.07703276802294066 0.4312276317558432 -0.2047900365756892 
0.2323401054618966 -0.1800824562072372 -0.2864219472378711 -0.2855710988541897 
0.3337135499292491 -0.1872691666555561 0.166667622403895 0.2752951678761996 
0.1699143515721585 0.3159561247197565 -0.2581105605311576 -0.2338370777361415 
-0.2619662665839854 -0.2596825297974665 -0.1708666037407297 0.2911069607827073 
-0.02513997574198242 0.3766227137545818 -0.1166173852565971 -0.3064697351448285 
0.2809648531782379 -0.2859932036102202 -0.08363020588219236 -0.2868320544001254 
-0.1986725667775497 -0.3426047779427753 -0.2839004110893711 0.1120345211266949 
-0.2970808304803431 0.3562989543944248 0.03798909858326169 -0.1826221882668711 
-0.2785366155302927 -0.285887605190215 0.1148200961289359 -0.2783917680759896 
-0.2652173492227323 -0.04312617722398915 -0.2328656497826948 -0.3515301973665928 
0.101156135647757 -0.4879527790752203 0.03673262386175391 -0.01789513782603628 
0.1989218351539766 -0.3242618310838681 0.1479358551459864 -0.2887894581928796 
0.2819800530260623 0.3793842614387226 0.1291214733381937 0.09941064827767809 
0.4043102153143552 0.2225170486668447 -0.08913793401857457 0.1705105321203269 
0.3990185292206906 0.004607813706642326 -0.2784975018541506 -0.1149004910885899 
-0.2483485045146578 -0.3512417503804955 -0.1067071803516655 -0.2314429319646116 
0.1375512485988787 0.3045597628809629 0.3718415324250368 0.007541856971689414 
0.1102810213971002 -0.1886358135063477 -0.2989302637910297 -0.3359989934095581 
-0.4769448158675445 0.006955628355516818 -0.06870220697611513 0.1332488972106903 
-0.1351471035872425 0.09717691074426307 -0.1512378152713282 -0.4465635807386629 
0.3886691304032912 -0.01742028477994307 0.2853146887877912 -0.1312568821497029 
0.01302014919478237 -0.304316486770605 0.2601469036994478 0.2992416082200668 
-0.03793435436857574 0.3077012010863967 -0.2255906066498746 0.3209202919728975 
0.2538925761881366 -0.3633892265635416 -0.1184948060797384 -0.1986096943913552 
-0.320757891461543 0.2563884490893958 -0.2454416103564487 0.1453882875073248 
-0.1265466407295278 0.3348946992218768 -0.1449806955078417 -0.3175091905492232 
-0.297979081222627 -0.08979401486088193 0.362854455799601 0.1465678885542745 
-0.365013144365795 0.1764854672470514 0.1914572359660582 0.2212745152226582 
-0.3657227190483836 0.3113049521837155 -0.006451908630157002 -0.1389046161680018 
0.3172688980926647 0.2614663750530896 0.2232383097533411 -0.1764665352924875 
0.2818296725449297 -0.1333696425669215 -0.2279930795084297 -0.3174960311737017 
0.2760612210271133 -0.1433856549848679 0.06960914467961382 0.3852081556334864 
-0.1958121038255182 -0.4099561169191685 -0.1213730116019438 -0.1698887702311606 
-0.3038779545668725 -0.004511301593687031 -0.2634438794389392 0.2970440359144519 
0.383922726758382 0.06246098873604468 0.1816226990525818 0.25634968295939 
-0.2244650592634558 0.2774304356685839 0.3449656221255081 0.06038634022818562 
-0.1626366785019242 -0.3611331134258703 0.185724042157852 -0.2421544246090657 
0.3346790214448857 0.2713892691850903 0.1218667851424713 -0.2224551726863528 
0.05075443908145387 -0.2381125029699859 -0.08018649974225554 -0.4292977382912478 
0.1677908525017472 -0.2271161438401607 -0.1133186827942927 0.3967661315607455 
-0.2743615083795942 0.03895759217005427 0.3608670575135672 -0.207323504536956 
0.2828480910190459 -0.1931619709126042 -0.1423272900788001 0.3353033744221266 
0.109056424136495 -0.1997842316643207 0.3110472872406409 -0.3185004587643417 
0.1406548866826041 -0.02542986112289256 0.3522695176347623 0.324770244882357 
0.02388731088056774 0.02658722405428367 -0.2632737355887114 -0.4235675342199255 
-0.3239572531809302 0.1321233174337328 0.3535648413558306 -0.05086285539367758 
0.08540486358427087 -0.1899852720718159 0.2379959383912645 0.3872590076179141 
0.3765836178963724 0.02285061511751591 -0.2594336306090075 -0.200890068021939 
-0.1560378500161395 -0.2235118855358288 -0.3998921732055715 -0.1256219574576217 
-0.06405945683213847 -0.3244652686101292 0.2588392217858143 -0.271331776099745 
-0.1151716976336718 -0.2290202449323039 0.3989696437759835 0.158456400377487 
-0.2424733518927548 0.4371891949778591 -0.005448949669205158 -0.00652612932803675 
-0.03892008205065481 0.3326055348114129 0.1343829815272148 -0.3461213655668204 
0.2360554869518008 0.3228814621259791 0.2216602383732955 0.2022179695764743 
-0.1031707025171397 -0.01563497957691824 0.4781113047122952 -0.1025716035852808 
-0.3686263011425372 0.08810845107115427 0.01212949363385833 0.3258902059590003 
-0.1083553855919302 0.09208557040996652 -0.4508711548371129 0.1627714958810153 
0.0821288098470504 -0.04333810892281776 0.3587343604730385 0.3356878394045592 
-0.1822118745425924 -0.2594837074332216 -0.3812789636524152 0.06397960791162377 
0.1975705748882014 0.4139087527348617 0.1306434091669012 -0.1502588166766472 
0.2092473849505696 0.04985004104368719 0.3296365944151455 0.3083345924830292 
0.3245442443462405 0.130925966278368 -0.1719214887453392 0.3130054736316756 
0.1680876266668627 -0.3171832605580764 0.2814988685491086 -0.2046942011607082 
0.3385542882214124 0.3349570180226538 -0.1519441157539185 0.009888159182786552 
0.349101567921697 0.2701616650646769 -0.2240470700526671 0.07031131064707416 
-0.2591545432791554 0.07841582763610717 0.01691433618902612 0.4200045070058193 
-0.3140414695049583 0.202285469021057 -0.2855709552599083 -0.1700228630685908 
-0.2876882345072989 -0.1913753898288459 -0.07083970436539161 0.3543905701050108 
0.02748088555016276 -0.09366294541447601 -0.4902601540482006 0.01081826872925711 
0.3042345767123069 -0.2656049991971394 0.2812272277058657 -0.0883547006731626 
0.2392579794680591 -0.153073062054491 0.3426634485561931 0.2278289225662558 
0.3735555331992083 0.1975671458655418 0.2229756790419138 0.1473272990541684 
-0.07259700803176948 -0.3773100245458523 -0.2901875692642662 -0.1347516027605618 
0.2085342614067274 -0.4453233874714354 0.03829277882472213 -0.0820622049447703 
0.1498229781231144 0.1997539743985035 0.3296667872642761 -0.2810182099316223 
-0.3397705832737704 -0.006368507585124097 -0.2284892454338854 -0.2868938088805574 
-0.144397740176234 0.2689629953515074 -0.2818642353254281 0.2781380100021454 
0.3900587305084143 -0.2435910638342926 0.008361303210879042 0.196080771578596 
-0.3414650225582846 -0.1780356419121797 0.3046835987339407 0.09419582390277918 
-0.163431021505927 -0.3471750570086117 -0.316214082784456 0.05261591821285353 
0.3695605972957793 -0.1998997623299657 0.2689608354193708 0.03354279292671067 
0.05983532295049569 -0.3911019195791436 -0.2810232106968617 -0.120353552828931 
-0.245757477362349 0.3328828437595361 -0.2178268067087464 -0.1770416813355804 
-0.2771068558346911 -0.2222018447082196 -0.301551598134304 -0.1813967042708416 
-0.09177160248525719 -0.06886946762238448 -0.3642578939377587 0.3227245824394631 
-0.3286067445620507 0.09767128093689245 -0.2316605521574184 -0.2807335335911937 
0.2108735536317893 -0.007181956957328599 -0.2695704457069341 -0.364434546488569 
-0.2047363477665887 -0.3804073532196188 -0.1763687626150488 0.1796311028003756 
-0.2611273010409615 -0.2344707287443088 0.2471450651504454 -0.256428014820842 
-0.0279852618994331 0.3435177785623287 -0.06329274297473197 0.3566600476851277 
-0.283300316274483 -0.2445218063620122 0.2729745408754172 -0.1882416453553563 
-0.06475182057285686 -0.3317353704013365 0.2782195376003553 0.2415631069816604 
0.1464970863499275 0.02915600411770919 0.3036204261022778 0.368107549458499 
0.2629618231103744 0.02066714747001338 -0.2092915228349787 0.369622790248838 
0.4695279555477053 0.1067977314368307 -0.1043024454342218 -0.08519825934595053 
0.372810918997563 0.3274090548051626 -0.0004884225656676129 0.06176642252211037 
-0.2733253015072293 0.292466018333588 -0.1794012162133873 -0.2399418915013322 
-0.07015954435108107 0.2041271852014513 0.4244694944072263 0.1524315548561216 
0.07405225479526091 -0.3324181939986244 0.345316797141637 0.1215348405613479 
-0.08415150449018496 0.4511836201156738 -0.168650407950854 -0.1044457042169004 
-0.3992900430252818 0.154696066834497 -0.2134899994829482 -0.1451158453359804 
-0.08615968259402547 0.3282373358604007 0.1757989931893272 -0.3223840480485694 
0.05657475275382395 -0.02004852676755178 -0.4701160676508945 0.1593368659844736 
-0.2160067439782362 -0.28436220673226 0.1185439466182909 0.3292818772092384 
0.365579278507319 0.3177339068659424 0.1240775320843725 0.001312092079170772 
0.3984373319961376 0.1692743079933668 0.2260975448965348 0.1071158313085689 
-0.331596530240156 -0.2119272501407985 0.3013706355878596 -0.06562257070412794 
0.3091963087890604 0.172255719186945 0.2475873218060902 0.2518454445081266 
-0.09727602243320273 0.4404442004115461 0.05271836683509834 -0.2092057732990387 
-0.192456939750908 0.1696907954568598 0.3111804073542985 -0.2955200743735464 
0.1117506505436112 0.227772427989734 -0.3945896512237202 0.1730043938687225 
-0.04447372080759197 -0.381032418060209 -0.2629630921662798 -0.1835396325131636 
