5
2000
0.257914 0.325583 0.182991 0.208633 0.280057 
0.337492 0.621054 0.359492 0.546587 0.606293 
0.751519 0.774183 0.659938 0.776143 0.807572 
0.603089 0.558189 0.763172 0.640339 0.650689 
0.547854 0.658018 0.493611 0.786538 0.703618 
0.541183 0.631203 0.478980 0.419093 0.699688 
0.790743 0.556909 0.625795 0.712901 0.641893 
0.583431 0.565708 0.548674 0.746333 0.367391 
0.513082 0.465515 0.709820 0.349690 0.508535 
0.553120 0.468934 0.388991 0.707492 0.369563 
0.399962 0.436310 0.448016 0.423912 0.527973 
0.510159 0.481471 0.454215 0.449174 0.357511 
0.583683 0.617643 0.784545 0.580810 0.665518 
0.646965 0.375811 0.472137 0.457396 0.491853 
0.521454 0.408211 0.541666 0.213879 0.352471 
0.779533 0.774984 0.649134 0.817655 0.604852 
0.859140 0.716704 0.909953 0.806080 0.716543 
0.424088 0.571773 0.515121 0.416070 0.605660 
0.646260 0.457144 0.828664 0.512004 0.652724 
0.619266 0.544792 0.653658 0.424651 0.503089 
0.804714 0.598654 0.573811 0.751831 0.649605 
0.580788 0.620927 0.419700 0.517411 0.551618 
0.673307 0.513773 0.639855 0.439989 0.592127 
0.600757 0.469602 0.450970 0.688500 0.375172 
0.727601 0.523467 0.593590 0.464716 0.398951 
0.316527 0.217112 0.331177 0.220963 0.332585 
0.462886 0.338458 0.357296 0.407932 0.416035 
0.447831 0.429303 0.613009 0.365618 0.475912 
0.246115 0.525384 0.446330 0.392366 0.425528 
0.305304 0.710558 0.322760 0.410493 0.606714 
0.486641 0.433369 0.462169 0.604318 0.519400 
0.290345 0.280525 0.367920 0.192515 0.493055 
0.374576 0.290304 0.305990 0.230899 0.325177 
0.318905 0.239223 0.412676 0.330599 0.414012 
0.541809 0.248145 0.367075 0.486515 0.389078 
0.416232 0.708138 0.463713 0.573905 0.618631 
0.566784 0.810367 0.481323 0.656175 0.642942 
0.216898 0.283982 0.193479 0.336606 0.342224 
0.443252 0.247004 0.606433 0.476178 0.493122 
0.361477 0.538047 0.430935 0.698789 0.448494 
0.310649 0.267299 0.640519 0.166064 0.409793 
0.623574 0.191665 0.341022 0.623312 0.245080 
0.308334 0.731735 0.506184 0.666388 0.620449 
0.425301 0.346199 0.438383 0.465222 0.455996 
0.334525 0.432845 0.184890 0.427103 0.214905 
0.697643 0.720310 0.642118 0.685972 0.690199 
0.671312 0.702870 0.683209 0.608944 0.776947 
0.088843 0.198648 0.081435 0.193597 0.091644 
0.514345 0.377607 0.502365 0.498163 0.375378 
0.594218 0.463989 0.615223 0.591977 0.438533 
0.449075 0.504928 0.615673 0.415939 0.785940 
0.366402 0.194110 0.361394 0.267812 0.303950 
0.446087 0.435767 0.354440 0.575728 0.486464 
0.629598 0.624604 0.330962 0.775731 0.407026 
0.487443 0.522292 0.372199 0.484029 0.647275 
0.408560 0.549691 0.398559 0.392934 0.633317 
0.485333 0.318558 0.368004 0.399267 0.555696 
0.464474 0.717011 0.562468 0.615001 0.575896 
0.676619 0.405105 0.455678 0.432436 0.295773 
0.582473 0.680593 0.494414 0.678794 0.377069 
0.593588 0.753339 0.344098 0.640619 0.512880 
0.790916 0.744682 0.857688 0.697526 0.665161 
0.509213 0.247905 0.571922 0.276511 0.328532 
0.564936 0.654780 0.695149 0.558399 0.647455 
0.698131 0.764066 0.752408 0.609999 0.759278 
0.260006 0.454865 0.395480 0.390822 0.616418 
0.835862 0.885019 0.781874 0.859459 0.771057 
0.422644 0.294394 0.433122 0.444430 0.264714 
0.518372 0.537580 0.729223 0.415526 0.471678 
0.334120 0.540896 0.568819 0.314251 0.409895 
0.562548 0.719840 0.589809 0.581513 0.630694 
0.255142 0.198359 0.386267 0.320361 0.261780 
0.480363 0.313845 0.222497 0.561322 0.329854 
0.320911 0.397733 0.428270 0.434900 0.411117 
0.271617 0.439323 0.594504 0.415911 0.581995 
0.150048 0.290175 0.171823 0.187287 0.286933 
0.315043 0.386675 0.388273 0.494595 0.351275 
0.608671 0.670138 0.663707 0.564585 0.556151 
0.447179 0.386963 0.411493 0.465068 0.443929 
0.478439 0.338431 0.423012 0.477617 0.222669 
0.427931 0.439977 0.430094 0.712593 0.239650 
0.789174 0.692777 0.611288 0.824542 0.643024 
0.392692 0.573550 0.642629 0.635226 0.772421 
0.605219 0.564013 0.432453 0.595525 0.552481 
0.580157 0.308581 0.568517 0.343965 0.616573 
0.425126 0.451629 0.548757 0.287123 0.418317 
0.487705 0.689901 0.543281 0.489812 0.748803 
0.493370 0.389097 0.536590 0.574264 0.395519 
0.281712 0.407810 0.431656 0.322462 0.389197 
0.597138 0.431441 0.462026 0.496560 0.326983 
0.418066 0.464090 0.555630 0.491770 0.589286 
0.400206 0.337981 0.424217 0.472836 0.452168 
0.327054 0.437933 0.633385 0.472399 0.392929 
0.524983 0.562243 0.647135 0.304091 0.731431 
0.311927 0.635954 0.395943 0.564776 0.644767 
0.529415 0.718321 0.538481 0.523648 0.508874 
0.691080 0.566272 0.697089 0.664325 0.449557 
0.608207 0.586180 0.548847 0.668266 0.529576 
0.501057 0.259283 0.481156 0.398402 0.395275 
0.290289 0.670056 0.590756 0.442486 0.614347 
0.879739 0.739160 0.847768 0.696910 0.762440 
0.160107 0.144747 0.202921 0.164425 0.170150 
0.484543 0.428942 0.791888 0.307123 0.716941 
0.618138 0.678476 0.763308 0.555922 0.668520 
0.897767 0.673598 0.762821 0.784238 0.615445 
0.717802 0.068780 0.505497 0.540328 0.526937 
0.548370 0.456057 0.582176 0.400007 0.465905 
0.760417 0.561926 0.687924 0.679018 0.460733 
0.638864 0.412070 0.510346 0.467961 0.416902 
0.417179 0.538335 0.505497 0.643774 0.536402 
0.639355 0.820277 0.613194 0.713343 0.690219 
0.458430 0.492323 0.447078 0.539581 0.304948 
0.419173 0.469380 0.505763 0.358922 0.275756 
0.768981 0.882685 0.845697 0.825343 0.834588 
0.205860 0.652588 0.270435 0.387967 0.674348 
0.111032 0.298595 0.264487 0.391134 0.317173 
0.548398 0.540309 0.671202 0.503459 0.641676 
0.430625 0.281999 0.486626 0.403249 0.434860 
0.288980 0.439735 0.523536 0.307224 0.361728 
0.563303 0.637562 0.256009 0.407531 0.392327 
0.651735 0.481515 0.567675 0.548543 0.531010 
0.654564 0.629325 0.756831 0.615844 0.630170 
0.390788 0.291052 0.625957 0.154863 0.365298 
0.329074 0.305658 0.183156 0.292527 0.326261 
0.239093 0.306441 0.544875 0.321734 0.542645 
0.580025 0.444769 0.580806 0.439797 0.500061 
0.518376 0.626356 0.608982 0.655289 0.628138 
0.559515 0.756095 0.565895 0.596709 0.834627 
0.655270 0.683083 0.605442 0.545378 0.530529 
0.433145 0.502084 0.589807 0.265149 0.385230 
0.674231 0.549433 0.601819 0.590253 0.716168 
0.784781 0.606794 0.764075 0.830723 0.739817 
0.465604 0.523203 0.619745 0.281917 0.565406 
0.743976 0.811426 0.651159 0.764675 0.727293 
0.318181 0.314365 0.196495 0.319758 0.177485 
0.533076 0.585287 0.530821 0.630478 0.696391 
0.505233 0.726515 0.552559 0.530415 0.684604 
0.455029 0.592824 0.522212 0.460680 0.545258 
0.633684 0.542444 0.645657 0.686338 0.334359 
0.475134 0.252143 0.368422 0.460893 0.541841 
0.296382 0.561634 0.274319 0.497780 0.426966 
0.527368 0.657304 0.557219 0.477611 0.699867 
0.216699 0.267063 0.222713 0.191990 0.181741 
0.359910 0.319935 0.591512 0.503207 0.471372 
0.455548 0.273933 0.376888 0.419122 0.355845 
0.361614 0.651904 0.346981 0.656119 0.392223 
0.564431 0.564746 0.686847 0.578250 0.748088 
0.227634 0.157850 0.445901 0.397025 0.303304 
0.403767 0.283955 0.345394 0.400532 0.278972 
0.610793 0.391792 0.460235 0.396667 0.459528 
0.662656 0.680658 0.575242 0.520205 0.524739 
0.857868 0.786054 0.830992 0.776923 0.857995 
0.566699 0.634932 0.468387 0.622357 0.591374 
0.411561 0.425734 0.272638 0.357988 0.361738 
0.601351 0.666804 0.535879 0.715013 0.510941 
0.380891 0.448229 0.317592 0.350224 0.531258 
0.537860 0.644038 0.507244 0.702003 0.469389 
0.293817 0.339024 0.396948 0.338984 0.597764 
0.519916 0.504590 0.578105 0.374572 0.281545 
0.664498 0.378772 0.725336 0.374820 0.624164 
0.503900 0.242519 0.389580 0.359646 0.347893 
0.640290 0.826349 0.692694 0.715841 0.626406 
0.468564 0.419567 0.196784 0.450931 0.333287 
0.161499 0.410771 0.320996 0.252774 0.423965 
0.384091 0.442574 0.349106 0.340663 0.447430 
0.253596 0.364614 0.261288 0.233218 0.349366 
0.599953 0.297858 0.351793 0.825944 0.370900 
0.780247 0.527874 0.737581 0.794313 0.659533 
0.724997 0.441424 0.656445 0.562459 0.265564 
0.439546 0.473693 0.376598 0.258434 0.399733 
0.272322 0.349704 0.334009 0.449108 0.274807 
0.320492 0.555323 0.426863 0.418113 0.645519 
0.483411 0.537868 0.647239 0.537545 0.533806 
0.759713 0.616858 0.575771 0.634529 0.468695 
0.557177 0.477297 0.584214 0.478355 0.587880 
0.510770 0.382816 0.523144 0.388326 0.284897 
0.290011 0.389438 0.416414 0.303417 0.281615 
0.796598 0.687752 0.676906 0.691656 0.640572 
0.154692 0.416650 0.366631 0.240750 0.406276 
0.254992 0.451340 0.382386 0.285709 0.584899 
0.382489 0.490352 0.344125 0.566176 0.257667 
0.465767 0.423613 0.467108 0.512425 0.380601 
0.348266 0.275843 0.436363 0.260099 0.415023 
0.505237 0.579506 0.631060 0.659474 0.604648 
0.417675 0.479916 0.320844 0.548934 0.446817 
0.296686 0.336779 0.285837 0.271473 0.361416 
0.508294 0.210835 0.343717 0.325491 0.400664 
0.373937 0.384914 0.432917 0.478950 0.382974 
0.425504 0.363072 0.343750 0.378348 0.378129 
0.669847 0.734889 0.759498 0.724150 0.759040 
0.529788 0.352123 0.356760 0.256654 0.347467 
0.822229 0.370732 0.597954 0.632971 0.469954 
0.739276 0.631123 0.698742 0.742350 0.646861 
0.447178 0.275550 0.388105 0.233259 0.301458 
0.723562 0.727038 0.724092 0.802275 0.678668 
0.545298 0.384765 0.481379 0.814599 0.443180 
0.485038 0.338113 0.346033 0.173091 0.510275 
0.369497 0.263031 0.306215 0.292954 0.400928 
0.522934 0.450623 0.615538 0.519387 0.451213 
0.287867 0.415704 0.393831 0.445364 0.570463 
0.467289 0.559131 0.339452 0.384398 0.490804 
0.645614 0.606636 0.685001 0.609410 0.687490 
0.443669 0.583306 0.586204 0.714256 0.516825 
0.402670 0.466378 0.408568 0.475996 0.350459 
0.732536 0.793427 0.689000 0.789730 0.666370 
0.533340 0.432962 0.438963 0.582025 0.351969 
0.773075 0.490474 0.755521 0.687065 0.771928 
0.631984 0.713591 0.831860 0.687052 0.706121 
0.439359 0.437897 0.641362 0.462209 0.223319 
0.356805 0.317403 0.427255 0.266234 0.376976 
0.493753 0.435533 0.528256 0.419711 0.384183 
0.506980 0.552881 0.525631 0.591118 0.768104 
0.396586 0.360573 0.387899 0.413197 0.267274 
0.619660 0.300921 0.526541 0.503672 0.309768 
0.545313 0.374490 0.407602 0.538100 0.339777 
0.670560 0.628932 0.487891 0.710202 0.585383 
0.719016 0.739015 0.759094 0.765624 0.810142 
0.834874 0.636215 0.691231 0.679340 0.628647 
0.768715 0.658005 0.771814 0.754546 0.740262 
0.517672 0.461052 0.473976 0.362168 0.418994 
0.251633 0.283429 0.400570 0.162638 0.337582 
0.401637 0.351180 0.399920 0.319164 0.564162 
0.575454 0.803427 0.780271 0.592282 0.748747 
0.384256 0.533186 0.239607 0.568598 0.300273 
0.256946 0.376410 0.478353 0.315227 0.612328 
0.630642 0.664938 0.609964 0.619863 0.689740 
0.224467 0.205975 0.210070 0.173022 0.209415 
0.689674 0.601730 0.735109 0.686737 0.336742 
0.510018 0.336175 0.552850 0.495324 0.642913 
0.528772 0.500565 0.536779 0.378290 0.480836 
0.270141 0.346987 0.192074 0.320918 0.250061 
0.552669 0.593351 0.260079 0.837351 0.470349 
0.471145 0.634791 0.570024 0.512081 0.452404 
0.303766 0.234065 0.273434 0.342000 0.155414 
0.365738 0.304859 0.357292 0.426483 0.386972 
0.530734 0.596345 0.537022 0.371391 0.620041 
0.464522 0.263652 0.358782 0.449954 0.347619 
0.406267 0.467939 0.296359 0.483989 0.287099 
0.446154 0.689715 0.471446 0.558058 0.555788 
0.503812 0.591953 0.445436 0.539218 0.426560 
0.487374 0.443781 0.460313 0.387106 0.547092 
0.380758 0.306081 0.400658 0.340928 0.373784 
0.547067 0.427700 0.713742 0.477263 0.666591 
0.564491 0.668753 0.721645 0.494656 0.423935 
0.168212 0.252863 0.206063 0.228264 0.213986 
0.602202 0.652465 0.488333 0.637738 0.579030 
0.641120 0.752755 0.557759 0.693546 0.646665 
0.731291 0.182753 0.492403 0.464729 0.360461 
0.496104 0.602528 0.650652 0.707696 0.650770 
0.400893 0.366269 0.509063 0.555676 0.666917 
0.301072 0.398729 0.378255 0.420985 0.304512 
0.827787 0.889994 0.873435 0.865764 0.861680 
0.349734 0.304353 0.240843 0.255721 0.316665 
0.371065 0.417160 0.546167 0.471849 0.604801 
0.454587 0.412278 0.633277 0.516410 0.374120 
0.613889 0.445301 0.605790 0.680784 0.708189 
0.411837 0.583220 0.535601 0.456850 0.545730 
0.581820 0.498871 0.628071 0.450370 0.499838 
0.633062 0.366124 0.600970 0.427068 0.604856 
0.463652 0.493857 0.504817 0.506131 0.486931 
0.423373 0.465886 0.530724 0.611859 0.348198 
0.570765 0.728042 0.694694 0.543783 0.760268 
0.694398 0.607231 0.659917 0.571706 0.777999 
0.770633 0.794219 0.797597 0.707769 0.836170 
0.188969 0.234337 0.372795 0.194383 0.306086 
0.811454 0.783005 0.778861 0.733129 0.806763 
0.473238 0.495725 0.512584 0.427563 0.538617 
0.437952 0.456367 0.549809 0.494773 0.491617 
0.309729 0.327399 0.166551 0.326562 0.219249 
0.574333 0.473029 0.462066 0.535365 0.440886 
0.469024 0.379389 0.355565 0.550948 0.300694 
0.615878 0.516936 0.859951 0.493819 0.514271 
0.314477 0.555271 0.519259 0.636746 0.550623 
0.509274 0.352500 0.519090 0.434609 0.352302 
0.452532 0.521802 0.436743 0.387991 0.511431 
0.361149 0.670463 0.391793 0.464919 0.715098 
0.698942 0.383195 0.566904 0.430571 0.657514 
0.236468 0.297963 0.364327 0.320449 0.393554 
0.556913 0.471793 0.522435 0.388220 0.204598 
0.324487 0.439773 0.312861 0.378988 0.467302 
0.651288 0.435063 0.709032 0.553545 0.647289 
0.738734 0.423273 0.658796 0.703691 0.320911 
0.282860 0.234556 0.216829 0.240233 0.223056 
0.508558 0.427650 0.293450 0.680890 0.262183 
0.511736 0.668472 0.691147 0.596015 0.681949 
0.651407 0.632623 0.650521 0.668846 0.501017 
0.583618 0.617760 0.460062 0.561597 0.484683 
0.568113 0.556791 0.784224 0.726350 0.496023 
0.675936 0.487087 0.469308 0.451503 0.477093 
0.425852 0.339952 0.388740 0.419603 0.278224 
0.390150 0.406799 0.406186 0.268205 0.519796 
0.274299 0.342474 0.447564 0.216770 0.315185 
0.663664 0.537016 0.788396 0.773321 0.590231 
0.495858 0.568576 0.322163 0.719022 0.546674 
0.491676 0.632674 0.602092 0.460279 0.453117 
0.546110 0.359511 0.383871 0.472862 0.439105 
0.592345 0.813125 0.587523 0.589441 0.653538 
0.439696 0.533197 0.530964 0.337961 0.505662 
0.475319 0.459926 0.330077 0.544812 0.245895 
0.511119 0.307689 0.271447 0.616941 0.179933 
0.703085 0.508905 0.559787 0.499929 0.640325 
0.348635 0.282729 0.288738 0.357619 0.337735 
0.369581 0.370128 0.369249 0.251669 0.434529 
0.772452 0.782900 0.778661 0.730149 0.778105 
0.779461 0.671384 0.589513 0.669264 0.667670 
0.328656 0.340119 0.250252 0.363166 0.268855 
0.454345 0.449660 0.422773 0.453389 0.392596 
0.460557 0.455051 0.237955 0.469445 0.506859 
0.507801 0.642985 0.582742 0.722548 0.725137 
0.509310 0.594630 0.427946 0.363755 0.344858 
0.701962 0.351960 0.633331 0.709295 0.543247 
0.577005 0.676795 0.530140 0.557667 0.668084 
0.255225 0.488333 0.323053 0.553527 0.595533 
0.452829 0.602126 0.590899 0.531936 0.568511 
0.631511 0.776424 0.629126 0.552073 0.561773 
0.315518 0.353255 0.375757 0.338327 0.412475 
0.505447 0.392920 0.397536 0.330437 0.284375 
0.491771 0.477183 0.447317 0.458173 0.535936 
0.385881 0.383233 0.481803 0.413653 0.461767 
0.521063 0.629785 0.608334 0.542150 0.543198 
0.646893 0.467429 0.511893 0.671311 0.375701 
0.620215 0.462435 0.490460 0.589748 0.358830 
0.541372 0.214506 0.343654 0.329919 0.344731 
0.593596 0.589284 0.481449 0.542638 0.631806 
0.411096 0.377696 0.305166 0.460738 0.340323 
0.644671 0.536619 0.742408 0.623760 0.561654 
0.351199 0.518120 0.286039 0.407297 0.339083 
0.548854 0.446466 0.653113 0.668148 0.426985 
0.436320 0.503393 0.465543 0.649868 0.370332 
0.449885 0.353187 0.374041 0.531649 0.287022 
0.405179 0.330238 0.396982 0.254105 0.410795 
0.342668 0.222289 0.443521 0.314103 0.488326 
0.448941 0.574708 0.349011 0.489229 0.337861 
0.681318 0.787235 0.716478 0.633601 0.493614 
0.622641 0.680067 0.554595 0.691310 0.763017 
0.729807 0.787927 0.686052 0.687147 0.751727 
0.342116 0.640667 0.146224 0.752659 0.318228 
0.222228 0.278883 0.196888 0.290475 0.223703 
0.670654 0.761618 0.570337 0.822175 0.728918 
0.548304 0.813066 0.558600 0.533132 0.753546 
0.417768 0.600390 0.404816 0.387697 0.526981 
0.524729 0.620070 0.546682 0.365926 0.509616 
0.642272 0.681319 0.706381 0.665509 0.755102 
0.515963 0.732474 0.556194 0.645205 0.590778 
0.484514 0.535297 0.484930 0.462184 0.624566 
0.715458 0.568016 0.550119 0.609749 0.627078 
0.587100 0.398582 0.581543 0.540033 0.451219 
0.610552 0.537576 0.540963 0.549473 0.505772 
0.623959 0.812483 0.740047 0.696753 0.641882 
0.250948 0.526537 0.635210 0.178785 0.476057 
0.479908 0.305966 0.352243 0.585638 0.384732 
0.332069 0.426279 0.493960 0.578730 0.414862 
0.544260 0.457326 0.654883 0.313496 0.608290 
0.374054 0.533457 0.420842 0.597554 0.329213 
0.599143 0.525192 0.599937 0.243469 0.725117 
0.514009 0.613228 0.557595 0.586074 0.787845 
0.308811 0.629328 0.401541 0.463094 0.634011 
0.674694 0.543287 0.656736 0.632980 0.607356 
0.315574 0.472475 0.351365 0.387400 0.480587 
0.525223 0.631253 0.482997 0.490966 0.458429 
0.207681 0.209359 0.216061 0.147767 0.222339 
0.525265 0.556931 0.464795 0.575854 0.474801 
0.741416 0.746767 0.737819 0.763051 0.723470 
0.360863 0.380771 0.488030 0.328286 0.372669 
0.479544 0.387084 0.442364 0.284338 0.430920 
0.488868 0.565508 0.499934 0.458224 0.317196 
0.565521 0.637245 0.346972 0.381050 0.775511 
0.566883 0.611644 0.631907 0.688685 0.598363 
0.656516 0.484157 0.447286 0.695646 0.512106 
0.613233 0.688930 0.768930 0.669420 0.848399 
0.433833 0.419320 0.431273 0.374272 0.396324 
0.362757 0.659842 0.547890 0.639394 0.554993 
0.895385 0.841132 0.867066 0.845793 0.874198 
0.627116 0.436492 0.313735 0.653333 0.625441 
0.331033 0.353197 0.361661 0.467564 0.378267 
0.472973 0.300122 0.423605 0.275231 0.408539 
0.575631 0.567618 0.473202 0.447085 0.596891 
0.271148 0.594463 0.268408 0.292213 0.455899 
0.296765 0.385147 0.567154 0.263857 0.419217 
0.680910 0.345291 0.406688 0.668011 0.342233 
0.596147 0.507317 0.702254 0.525272 0.604140 
0.684402 0.459664 0.672144 0.466923 0.461108 
0.097950 0.222881 0.152293 0.187581 0.218680 
0.520916 0.499095 0.639278 0.228357 0.608931 
0.610861 0.488713 0.598307 0.659729 0.391027 
0.719174 0.748099 0.602157 0.644888 0.619669 
0.441902 0.247366 0.311669 0.526149 0.268718 
0.651950 0.440522 0.535153 0.554022 0.418792 
0.670127 0.444350 0.625596 0.564235 0.480101 
0.692516 0.756635 0.682064 0.695496 0.637206 
0.589299 0.519921 0.558681 0.545922 0.267739 
0.736719 0.566174 0.635257 0.712931 0.429549 
0.363715 0.571555 0.564919 0.321026 0.484557 
0.301270 0.252455 0.351893 0.190976 0.276672 
0.423177 0.386505 0.361100 0.479902 0.362486 
0.556116 0.360712 0.708376 0.391801 0.465926 
0.749614 0.684402 0.605217 0.698148 0.453381 
0.440829 0.588103 0.373411 0.338089 0.542660 
0.716732 0.527308 0.620862 0.528465 0.457123 
0.594726 0.536832 0.564770 0.503886 0.516051 
0.412371 0.471356 0.659687 0.332974 0.635713 
0.472407 0.590789 0.416889 0.551595 0.512800 
0.625563 0.493496 0.548042 0.571080 0.405195 
0.392910 0.638724 0.418318 0.518963 0.536721 
0.328035 0.419912 0.285054 0.279540 0.208130 
0.826087 0.786266 0.734194 0.734632 0.689345 
0.637055 0.547978 0.636132 0.535572 0.458567 
0.722867 0.717131 0.790486 0.625968 0.663830 
0.506403 0.572020 0.625961 0.625860 0.687572 
0.380042 0.371191 0.319920 0.378888 0.273505 
0.718198 0.616045 0.587821 0.745746 0.637894 
0.626908 0.773918 0.627370 0.684775 0.788037 
0.508792 0.562312 0.454236 0.568961 0.635321 
0.454800 0.586047 0.563460 0.274534 0.627517 
0.527210 0.570290 0.665760 0.580539 0.535265 
0.532348 0.414412 0.515119 0.373933 0.461619 
0.196487 0.399864 0.225429 0.325179 0.355622 
0.406111 0.609121 0.449946 0.441606 0.513796 
0.689175 0.390060 0.669016 0.488950 0.431194 
0.579155 0.560114 0.217727 0.620848 0.324868 
0.445136 0.460451 0.480419 0.549138 0.463208 
0.360994 0.424746 0.310343 0.392159 0.214495 
0.590776 0.577298 0.352233 0.399789 0.375612 
0.561078 0.583140 0.461816 0.461196 0.525096 
0.552229 0.374255 0.417149 0.466671 0.350928 
0.536296 0.466183 0.483603 0.639010 0.327785 
0.458088 0.313176 0.268377 0.597652 0.279952 
0.593056 0.667532 0.595097 0.646148 0.688050 
0.447515 0.499300 0.275429 0.472091 0.436995 
0.168005 0.253475 0.195184 0.178973 0.205552 
0.220267 0.612371 0.370677 0.663161 0.316076 
0.325474 0.560608 0.504713 0.423090 0.558088 
0.512234 0.490209 0.763497 0.440155 0.575421 
0.403058 0.383976 0.357871 0.438212 0.555369 
0.533555 0.669802 0.631258 0.658579 0.620907 
0.466207 0.702413 0.511534 0.612621 0.496495 
0.684814 0.128734 0.723042 0.632272 0.358616 
0.487705 0.405565 0.625813 0.377278 0.502974 
0.269507 0.424437 0.672515 0.269808 0.488942 
0.266423 0.561895 0.465596 0.219299 0.409161 
0.321113 0.667106 0.567521 0.280110 0.673404 
0.494463 0.311675 0.806275 0.296690 0.458044 
0.415262 0.450036 0.518751 0.443619 0.358670 
0.593480 0.687565 0.401428 0.635258 0.652448 
0.596377 0.718962 0.714708 0.635416 0.784018 
0.589980 0.817604 0.630358 0.719814 0.637229 
0.538856 0.309387 0.364639 0.529463 0.324683 
0.544606 0.671839 0.190464 0.854490 0.441980 
0.298114 0.346464 0.410754 0.510814 0.423594 
0.680080 0.488178 0.427876 0.656207 0.409100 
0.597625 0.555832 0.499516 0.448701 0.505860 
0.266360 0.300115 0.253864 0.316890 0.305294 
0.333130 0.482769 0.432370 0.445652 0.497795 
0.704682 0.670323 0.564475 0.728444 0.740728 
0.349835 0.514358 0.432398 0.292832 0.326669 
0.568515 0.634951 0.467966 0.582358 0.481272 
0.262168 0.307914 0.296101 0.291409 0.249919 
0.491896 0.356683 0.351746 0.512777 0.397018 
0.479074 0.690670 0.609635 0.692292 0.575820 
0.787869 0.661264 0.782845 0.843101 0.643512 
0.339668 0.462121 0.521312 0.483763 0.504783 
0.536934 0.504185 0.710035 0.485195 0.737028 
0.288942 0.299607 0.350861 0.492455 0.270479 
0.533562 0.462435 0.496830 0.650578 0.402762 
0.420502 0.349550 0.295231 0.273828 0.383140 
0.403994 0.316021 0.402376 0.299535 0.213572 
0.480367 0.569588 0.442542 0.502440 0.459016 
0.453466 0.285781 0.549781 0.347597 0.460302 
0.273817 0.374790 0.302453 0.185294 0.295446 
0.667865 0.626868 0.576996 0.745097 0.556872 
0.638681 0.466042 0.380144 0.197073 0.555992 
0.368774 0.510192 0.541593 0.425587 0.539130 
0.690134 0.763717 0.761233 0.757627 0.565411 
0.675689 0.457662 0.373867 0.647352 0.363972 
0.600965 0.448431 0.457585 0.649075 0.342114 
0.432589 0.296046 0.502174 0.218177 0.365627 
0.449918 0.667472 0.651256 0.554868 0.617131 
0.563886 0.632123 0.498841 0.554870 0.530598 
0.305808 0.460394 0.197851 0.430939 0.389372 
0.660552 0.529229 0.708690 0.633299 0.508618 
0.752767 0.597777 0.312833 0.697994 0.419321 
0.463618 0.288384 0.451009 0.269943 0.533989 
0.285025 0.304437 0.201463 0.435063 0.326569 
0.755626 0.621253 0.534674 0.794654 0.353053 
0.386817 0.347007 0.592910 0.416433 0.593928 
0.552032 0.086164 0.428434 0.402660 0.312728 
0.608732 0.642372 0.556206 0.531150 0.679876 
0.223788 0.334622 0.423994 0.287983 0.454124 
0.710989 0.367228 0.558488 0.692900 0.551046 
0.379650 0.391878 0.473004 0.227626 0.296891 
0.591882 0.513412 0.524897 0.380951 0.464794 
0.463159 0.389746 0.431466 0.325646 0.375116 
0.534113 0.243601 0.471549 0.441622 0.384993 
0.656910 0.346428 0.611398 0.516804 0.165915 
0.429269 0.441574 0.665271 0.698113 0.408061 
0.790246 0.501513 0.557136 0.549306 0.480600 
0.489975 0.628303 0.577917 0.329948 0.490422 
0.432976 0.575154 0.617237 0.470553 0.469540 
0.238490 0.405935 0.395858 0.363739 0.541023 
0.455766 0.287471 0.515875 0.329981 0.442734 
0.463316 0.565263 0.535367 0.595202 0.478233 
0.769241 0.761181 0.666276 0.835654 0.634349 
0.322887 0.688146 0.319908 0.678202 0.666844 
0.614628 0.458924 0.441323 0.682535 0.441864 
0.744982 0.620716 0.500007 0.725868 0.613312 
0.282754 0.124235 0.312483 0.224889 0.245245 
0.781602 0.398049 0.600479 0.626961 0.473679 
0.233841 0.222064 0.203974 0.218264 0.196935 
0.356198 0.604563 0.596606 0.604849 0.515582 
0.631624 0.405527 0.439905 0.579702 0.406565 
0.263103 0.384904 0.206625 0.366746 0.300228 
0.431978 0.368364 0.439443 0.479267 0.181610 
0.734407 0.507745 0.549076 0.518194 0.546027 
0.478013 0.561791 0.564404 0.508887 0.509320 
0.602087 0.565556 0.628963 0.600933 0.553573 
0.687600 0.787950 0.744342 0.669502 0.717398 
0.712651 0.423037 0.620461 0.644652 0.465910 
0.200331 0.360784 0.414210 0.188682 0.414739 
0.659015 0.428234 0.331952 0.580885 0.463468 
0.772150 0.751089 0.866547 0.538413 0.733688 
0.227211 0.299751 0.191764 0.215800 0.210623 
0.523627 0.592902 0.524034 0.632560 0.562518 
0.365690 0.598620 0.357620 0.480937 0.694431 
0.384101 0.580417 0.319334 0.444706 0.326390 
0.319935 0.167866 0.487950 0.304191 0.266593 
0.716465 0.385668 0.649427 0.566106 0.502203 
0.582597 0.500371 0.702877 0.533666 0.643839 
0.430110 0.372498 0.339162 0.373376 0.590933 
0.532351 0.531242 0.486306 0.569103 0.393006 
0.747871 0.240461 0.605135 0.214457 0.511798 
0.297573 0.297105 0.451274 0.353171 0.364551 
0.361258 0.423749 0.331004 0.434168 0.348232 
0.546020 0.668398 0.510990 0.683000 0.488572 
0.256043 0.576808 0.389346 0.466629 0.542821 
0.215933 0.366894 0.194980 0.212737 0.260220 
0.572356 0.454306 0.518357 0.518155 0.587926 
0.286631 0.271404 0.277695 0.251271 0.143567 
0.487986 0.693807 0.581789 0.619224 0.722233 
0.297628 0.249672 0.394371 0.184088 0.494816 
0.597299 0.550251 0.792643 0.566997 0.734722 
0.635225 0.231622 0.389972 0.373499 0.301378 
0.412313 0.718822 0.457745 0.410866 0.516575 
0.454571 0.388509 0.348385 0.436817 0.316177 
0.654323 0.604422 0.640760 0.466918 0.616270 
0.478752 0.406200 0.454076 0.302813 0.446475 
0.728105 0.359413 0.705883 0.501459 0.452063 
0.590051 0.458983 0.476280 0.637617 0.511095 
0.423084 0.259431 0.374472 0.235478 0.490007 
0.540506 0.688905 0.588506 0.709786 0.426879 
0.211476 0.222095 0.232487 0.255800 0.121002 
0.629189 0.545705 0.512592 0.381296 0.558867 
0.524335 0.432348 0.603039 0.553261 0.597714 
0.454495 0.306614 0.378333 0.326972 0.265755 
0.393916 0.448109 0.270492 0.465246 0.345864 
0.371737 0.629396 0.550651 0.491082 0.694800 
0.469457 0.766752 0.561263 0.712137 0.628378 
0.444257 0.464788 0.459994 0.393559 0.483246 
0.230770 0.436261 0.327902 0.450849 0.366004 
0.428287 0.287432 0.606136 0.375437 0.480151 
0.782180 0.624171 0.812363 0.796288 0.640510 
0.339932 0.428631 0.617290 0.608758 0.487301 
0.426313 0.358952 0.471164 0.474469 0.376448 
0.567061 0.701710 0.804562 0.601035 0.746209 
0.603694 0.789961 0.533835 0.695508 0.640901 
0.523741 0.416025 0.492171 0.443214 0.449677 
0.453379 0.515957 0.482433 0.638160 0.551335 
0.586191 0.591022 0.513306 0.565891 0.399227 
0.570254 0.279990 0.405393 0.485078 0.496071 
0.536332 0.202199 0.518135 0.290507 0.438757 
0.559066 0.596996 0.533815 0.704887 0.360584 
0.541623 0.465455 0.427312 0.400008 0.571900 
0.508258 0.333526 0.475521 0.503923 0.405183 
0.547578 0.535202 0.587607 0.565308 0.684211 
0.414767 0.585040 0.729765 0.318725 0.596642 
0.494400 0.460375 0.595718 0.368176 0.572480 
0.358898 0.253600 0.374527 0.307493 0.400418 
0.525650 0.455733 0.297437 0.655145 0.392587 
0.387733 0.641684 0.320805 0.525294 0.531915 
0.497261 0.365906 0.500727 0.616743 0.528253 
0.152479 0.174377 0.212785 0.229046 0.242579 
0.339757 0.467907 0.383099 0.429689 0.390784 
0.745526 0.666057 0.701743 0.729762 0.706350 
0.284040 0.417824 0.588768 0.139481 0.596566 
0.625134 0.652253 0.694638 0.742823 0.672641 
0.605247 0.480081 0.674798 0.482721 0.633683 
0.517798 0.581864 0.589141 0.447708 0.474095 
0.545861 0.395579 0.548087 0.690513 0.523767 
0.399461 0.467479 0.523796 0.443554 0.471471 
0.574197 0.624670 0.686753 0.559224 0.385530 
0.223035 0.254954 0.191438 0.200362 0.163717 
0.648383 0.516471 0.472240 0.687486 0.721740 
0.503537 0.413695 0.583008 0.381503 0.580593 
0.595712 0.440948 0.563204 0.594715 0.404662 
0.218466 0.296854 0.375906 0.242117 0.444345 
0.690307 0.637631 0.655496 0.564204 0.740348 
0.442648 0.632593 0.399955 0.533059 0.212459 
0.077872 0.123615 0.135688 0.136772 0.169547 
0.575800 0.642544 0.414831 0.652231 0.599015 
0.434348 0.505297 0.602931 0.655894 0.502355 
0.506848 0.464560 0.593904 0.406398 0.558694 
0.521988 0.564689 0.286315 0.475730 0.452197 
0.122117 0.227734 0.216726 0.273256 0.265088 
0.538067 0.676488 0.436891 0.479758 0.603452 
0.655264 0.383702 0.519168 0.568470 0.392375 
0.598790 0.546837 0.692031 0.353845 0.764377 
0.370953 0.499273 0.188363 0.420109 0.619982 
0.223947 0.681432 0.394306 0.500847 0.615993 
0.507556 0.218632 0.311145 0.438521 0.445264 
0.153169 0.189146 0.156491 0.204085 0.181828 
0.700616 0.546465 0.754308 0.527886 0.743721 
0.532726 0.497903 0.377320 0.400831 0.740848 
0.522987 0.541342 0.359150 0.528487 0.374255 
0.496572 0.471914 0.418873 0.505575 0.416880 
0.573293 0.566874 0.386134 0.420297 0.451359 
0.579190 0.623117 0.553432 0.671422 0.451362 
0.654051 0.494230 0.831479 0.538783 0.609265 
0.623942 0.552330 0.533203 0.439892 0.514873 
0.309920 0.214781 0.292701 0.245680 0.188152 
0.498219 0.576334 0.432507 0.391906 0.483358 
0.314361 0.226519 0.257042 0.230705 0.173837 
0.628526 0.700609 0.685842 0.622647 0.659802 
0.437186 0.464424 0.621203 0.561131 0.384011 
0.553432 0.597184 0.454559 0.698984 0.487642 
0.589138 0.630210 0.689140 0.610101 0.543617 
0.596517 0.662389 0.577095 0.641898 0.536923 
0.667607 0.601049 0.496327 0.617206 0.553690 
0.729312 0.730734 0.504200 0.440633 0.564387 
0.408795 0.320747 0.522856 0.605699 0.547885 
0.699967 0.524223 0.669260 0.537950 0.529202 
0.319459 0.607055 0.488363 0.306341 0.431997 
0.215964 0.153647 0.319617 0.216464 0.286600 
0.763992 0.809230 0.715476 0.837884 0.757055 
0.605789 0.699718 0.560135 0.575303 0.664126 
0.561531 0.750237 0.490080 0.257336 0.732165 
0.650139 0.417954 0.606901 0.505405 0.671112 
0.635806 0.456525 0.536891 0.337933 0.476970 
0.660205 0.607228 0.465611 0.536655 0.598039 
0.287560 0.230741 0.309222 0.197896 0.259239 
0.469609 0.494851 0.744493 0.539179 0.626647 
0.621487 0.747131 0.678927 0.626940 0.604608 
0.581949 0.524454 0.376051 0.484285 0.393060 
0.725954 0.734588 0.450398 0.695265 0.639327 
0.286685 0.439728 0.328352 0.256011 0.397930 
0.557862 0.333514 0.505161 0.265067 0.405595 
0.583532 0.540234 0.811626 0.487351 0.765286 
0.705185 0.828495 0.630006 0.755749 0.808249 
0.437242 0.583391 0.591045 0.532230 0.544951 
0.442794 0.702437 0.517816 0.675362 0.623928 
0.373058 0.489862 0.428510 0.417308 0.396090 
0.573099 0.523529 0.419700 0.447907 0.612892 
0.682726 0.554378 0.651229 0.658495 0.517133 
0.251526 0.396018 0.424106 0.222195 0.401294 
0.457911 0.658546 0.503354 0.516501 0.573034 
0.425539 0.402756 0.400172 0.428974 0.651387 
0.549166 0.341184 0.312592 0.506694 0.393386 
0.249391 0.308667 0.384439 0.126555 0.306423 
0.222868 0.402351 0.254890 0.357261 0.545243 
0.267126 0.516420 0.524698 0.410200 0.551022 
0.651894 0.526578 0.663302 0.601495 0.644372 
0.544358 0.205820 0.483495 0.431953 0.409958 
0.588299 0.406059 0.715847 0.565156 0.609436 
0.292601 0.714308 0.389029 0.404002 0.501219 
0.691659 0.710985 0.609964 0.633613 0.630982 
0.643252 0.680326 0.586573 0.575366 0.426438 
0.503668 0.421446 0.538780 0.517374 0.306184 
0.429222 0.557888 0.534131 0.581456 0.384766 
0.479803 0.622130 0.708769 0.648514 0.364967 
0.596852 0.627351 0.392636 0.462271 0.499795 
0.574060 0.503798 0.579848 0.601200 0.521853 
0.498442 0.455646 0.475265 0.385483 0.264709 
0.573228 0.510590 0.609569 0.478727 0.522565 
0.483063 0.591651 0.432463 0.645578 0.609118 
0.412802 0.478694 0.316606 0.406963 0.619869 
0.256708 0.479324 0.356406 0.490905 0.348113 
0.548934 0.501475 0.336865 0.201422 0.161164 
0.526794 0.556300 0.534092 0.586884 0.578125 
0.494059 0.524822 0.446575 0.523685 0.359275 
0.258589 0.563181 0.259032 0.367423 0.404979 
0.564176 0.721445 0.762647 0.626737 0.728859 
0.378055 0.437690 0.404232 0.348779 0.338136 
0.446543 0.537157 0.454335 0.568649 0.755717 
0.533605 0.595880 0.388039 0.488056 0.496769 
0.657424 0.488090 0.545483 0.680044 0.408141 
0.382360 0.445114 0.277846 0.496978 0.601486 
0.618175 0.592665 0.523319 0.687668 0.618284 
0.286550 0.232936 0.405897 0.261394 0.361769 
0.617289 0.681693 0.645640 0.443818 0.537740 
0.588079 0.725025 0.611181 0.574414 0.666455 
0.411064 0.406690 0.204460 0.426838 0.386649 
0.530382 0.570582 0.477830 0.413897 0.585332 
0.252495 0.618531 0.198541 0.282736 0.716004 
0.569733 0.321076 0.417742 0.316079 0.441322 
0.467202 0.473168 0.390855 0.448069 0.507571 
0.397682 0.261485 0.489127 0.208756 0.340553 
0.244461 0.577440 0.310255 0.476983 0.429663 
0.687104 0.657970 0.760778 0.535256 0.719581 
0.435668 0.336299 0.338947 0.345083 0.501232 
0.473769 0.459568 0.684917 0.465090 0.505858 
0.569550 0.671666 0.534271 0.585348 0.544314 
0.331703 0.631048 0.532125 0.679836 0.582468 
0.674766 0.472248 0.753054 0.201998 0.637270 
0.700834 0.494772 0.707988 0.695461 0.469017 
0.397389 0.284840 0.407305 0.307756 0.489190 
0.596858 0.621942 0.667254 0.647546 0.486163 
0.491717 0.350662 0.413314 0.440610 0.540044 
0.610334 0.474961 0.574039 0.260413 0.586349 
0.692206 0.851489 0.816093 0.787178 0.731566 
0.727763 0.601875 0.673835 0.631050 0.618765 
0.669105 0.637800 0.511609 0.566951 0.610478 
0.522024 0.471565 0.537897 0.654222 0.626596 
0.255569 0.429607 0.524711 0.473284 0.633357 
0.508356 0.683485 0.583729 0.616920 0.678077 
0.674703 0.592126 0.679812 0.466507 0.716938 
0.673847 0.699390 0.329411 0.656818 0.632371 
0.694700 0.592476 0.447470 0.571800 0.349193 
0.246778 0.491825 0.687386 0.186653 0.778915 
0.450963 0.826020 0.390328 0.568616 0.385924 
0.527642 0.499902 0.647607 0.521873 0.552996 
0.684212 0.425496 0.486457 0.572011 0.395556 
0.731537 0.628277 0.620243 0.573405 0.498710 
0.400864 0.480870 0.462357 0.496644 0.482323 
0.490289 0.568818 0.564220 0.521144 0.525489 
0.424273 0.516659 0.229706 0.422649 0.334768 
0.448100 0.667563 0.623542 0.589437 0.586592 
0.403265 0.378137 0.330927 0.343518 0.209014 
0.562473 0.566609 0.327657 0.630682 0.535327 
0.682738 0.562775 0.541392 0.767324 0.400997 
0.367964 0.379466 0.403932 0.367223 0.421917 
0.486184 0.332927 0.345705 0.781579 0.343962 
0.201499 0.269811 0.276265 0.238536 0.331000 
0.360856 0.449458 0.529779 0.284597 0.671388 
0.524981 0.560586 0.674993 0.488170 0.511709 
0.389165 0.239411 0.324522 0.240080 0.455612 
0.655092 0.504403 0.712456 0.469764 0.543851 
0.462856 0.874583 0.273732 0.345807 0.597827 
0.349880 0.399989 0.313406 0.412528 0.431748 
0.697615 0.675363 0.816708 0.775157 0.811650 
0.803470 0.436381 0.789406 0.690440 0.502726 
0.527115 0.279720 0.354450 0.373700 0.407165 
0.491662 0.745434 0.655984 0.647328 0.891856 
0.667098 0.688636 0.573746 0.658434 0.550374 
0.456519 0.346411 0.256323 0.258387 0.180719 
0.416392 0.334693 0.650837 0.287105 0.544366 
0.472798 0.587290 0.505568 0.281615 0.619742 
0.603673 0.615315 0.427255 0.614006 0.242265 
0.561523 0.660577 0.734399 0.451195 0.813654 
0.527705 0.268404 0.225153 0.545285 0.239211 
0.514107 0.279452 0.611178 0.481206 0.330137 
0.668109 0.363755 0.380956 0.548502 0.428526 
0.698336 0.597132 0.578371 0.609080 0.522437 
0.840096 0.562073 0.648591 0.685124 0.674877 
0.335724 0.288753 0.252034 0.469344 0.420108 
0.312958 0.416395 0.452337 0.487261 0.458328 
0.475785 0.459976 0.549180 0.366948 0.658673 
0.531127 0.531493 0.650698 0.455126 0.663836 
0.450588 0.484681 0.303711 0.445589 0.445703 
0.489395 0.402479 0.544133 0.247018 0.492625 
0.816640 0.503867 0.365058 0.685258 0.323831 
0.314592 0.391990 0.308046 0.374026 0.392871 
0.353502 0.423444 0.423701 0.609341 0.374816 
0.536573 0.490729 0.650225 0.477838 0.733776 
0.807829 0.630785 0.856922 0.796126 0.790377 
0.513361 0.367072 0.267050 0.369491 0.266378 
0.288744 0.267296 0.343421 0.382017 0.238595 
0.379414 0.400283 0.421898 0.448730 0.520730 
0.663109 0.474911 0.356422 0.574192 0.344799 
0.285146 0.476863 0.534095 0.296240 0.515681 
0.304451 0.517541 0.533844 0.542509 0.712371 
0.413445 0.564308 0.555993 0.409110 0.420982 
0.646830 0.764575 0.836032 0.598592 0.726318 
0.425218 0.424059 0.392885 0.604830 0.504104 
0.271197 0.631984 0.463239 0.623411 0.592032 
0.695747 0.533364 0.821475 0.564631 0.552006 
0.516283 0.520465 0.416692 0.354831 0.526263 
0.184308 0.200794 0.224682 0.119614 0.154215 
0.472219 0.699841 0.429002 0.578045 0.628711 
0.606466 0.478293 0.543401 0.379931 0.723146 
0.491151 0.489872 0.491737 0.576676 0.523477 
0.707006 0.600748 0.628623 0.719765 0.531259 
0.275919 0.853868 0.369060 0.677536 0.640654 
0.361805 0.333268 0.292875 0.314021 0.338395 
0.502350 0.527699 0.360830 0.512327 0.316875 
0.330473 0.344747 0.195295 0.367663 0.284992 
0.508226 0.228244 0.542795 0.376335 0.507409 
0.627258 0.540866 0.535544 0.688602 0.600043 
0.521750 0.429615 0.575019 0.519079 0.636798 
0.430598 0.447102 0.637136 0.427112 0.499456 
0.635479 0.710622 0.470634 0.741279 0.495243 
0.677079 0.706290 0.637544 0.748460 0.616639 
0.549441 0.403602 0.238455 0.362627 0.355631 
0.357077 0.629936 0.469484 0.568079 0.609289 
0.244128 0.291334 0.351205 0.339310 0.249930 
0.566407 0.456960 0.548954 0.697628 0.470354 
0.466081 0.291480 0.353405 0.391008 0.327199 
0.555866 0.368840 0.184615 0.503333 0.449882 
0.389995 0.294461 0.443426 0.403778 0.337512 
0.556473 0.695964 0.553078 0.672711 0.561662 
0.751371 0.757610 0.570652 0.632943 0.686242 
0.261435 0.286133 0.487080 0.294055 0.444604 
0.546530 0.570433 0.570207 0.663798 0.640084 
0.397457 0.449358 0.378511 0.545633 0.371330 
0.683776 0.746736 0.720765 0.695973 0.718598 
0.396529 0.494328 0.387977 0.395787 0.463892 
0.233531 0.444409 0.392499 0.294673 0.523001 
0.281923 0.412015 0.428534 0.402807 0.511226 
0.617257 0.639714 0.429811 0.570788 0.588966 
0.304096 0.383334 0.218645 0.438391 0.247003 
0.460466 0.694740 0.310930 0.441297 0.588509 
0.417607 0.609750 0.423365 0.407040 0.422290 
0.457514 0.469512 0.762314 0.310624 0.708872 
0.610418 0.509519 0.488795 0.582344 0.487818 
0.243757 0.544612 0.262667 0.422330 0.590253 
0.537106 0.644368 0.511866 0.477814 0.637975 
0.770908 0.674659 0.579192 0.603420 0.543393 
0.808830 0.709756 0.679869 0.648436 0.624571 
0.482602 0.388918 0.222271 0.610434 0.320992 
0.170093 0.450227 0.311308 0.191694 0.482916 
0.463108 0.459936 0.582327 0.423312 0.637692 
0.134611 0.471414 0.272075 0.392332 0.327048 
0.687946 0.609734 0.735484 0.754056 0.518568 
0.389308 0.260068 0.332007 0.500884 0.364919 
0.555953 0.501017 0.502592 0.852334 0.485054 
0.797068 0.611262 0.552297 0.567646 0.478285 
0.436262 0.459682 0.333379 0.403495 0.253738 
0.571930 0.559115 0.508428 0.681269 0.589897 
0.410337 0.481927 0.529604 0.439926 0.530123 
0.515530 0.583185 0.620182 0.680625 0.690965 
0.438694 0.344954 0.322773 0.478896 0.230474 
0.652833 0.567730 0.666143 0.559441 0.743563 
0.506315 0.542092 0.544602 0.312189 0.497724 
0.321006 0.238892 0.330523 0.260054 0.336794 
0.499105 0.571626 0.656971 0.350177 0.375746 
0.391029 0.421688 0.540893 0.501591 0.494289 
0.303796 0.473372 0.536683 0.502414 0.727878 
0.410536 0.310319 0.347656 0.301837 0.199667 
0.388137 0.521898 0.273164 0.401720 0.329449 
0.523893 0.380418 0.229309 0.462290 0.288738 
0.276136 0.325093 0.273682 0.275588 0.305877 
0.447808 0.344297 0.443415 0.556496 0.265822 
0.653538 0.635140 0.558873 0.562237 0.544999 
0.711307 0.912688 0.674869 0.716521 0.719341 
0.563707 0.340681 0.621192 0.390319 0.494272 
0.414022 0.480448 0.292854 0.586492 0.458345 
0.587221 0.749476 0.471262 0.685248 0.634025 
0.744467 0.601785 0.741730 0.650003 0.694463 
0.646263 0.489797 0.516043 0.849039 0.433036 
0.185936 0.621719 0.578342 0.367095 0.467210 
0.332532 0.453850 0.248868 0.301615 0.335025 
0.583933 0.771719 0.528651 0.726081 0.789063 
0.504036 0.483188 0.406956 0.397026 0.442263 
0.300728 0.461160 0.552248 0.438007 0.452817 
0.714376 0.630403 0.681088 0.594703 0.586125 
0.459630 0.590069 0.314925 0.483924 0.274255 
0.676811 0.526024 0.570832 0.589828 0.490598 
0.319918 0.359255 0.469059 0.491233 0.537359 
0.370735 0.399911 0.587988 0.542801 0.744651 
0.566571 0.502670 0.609148 0.633163 0.574378 
0.176469 0.294510 0.139664 0.175108 0.298123 
0.624082 0.699397 0.765602 0.737990 0.736849 
0.349281 0.476809 0.339911 0.470275 0.672981 
0.745316 0.679436 0.703593 0.689512 0.669891 
0.447937 0.448116 0.427931 0.421321 0.530941 
0.689562 0.756944 0.708729 0.605208 0.789584 
0.214841 0.280711 0.404829 0.314497 0.347469 
0.215259 0.140289 0.197963 0.249298 0.147596 
0.375801 0.362924 0.551219 0.348187 0.564558 
0.777022 0.782599 0.602703 0.879876 0.602575 
0.446388 0.482735 0.261313 0.500651 0.579014 
0.562919 0.794624 0.494558 0.566451 0.710249 
0.355526 0.405299 0.475869 0.327907 0.675733 
0.526372 0.719282 0.492056 0.650866 0.736430 
0.168604 0.325146 0.301227 0.331670 0.344327 
0.496447 0.447039 0.633197 0.486518 0.326152 
0.429500 0.425045 0.510824 0.261743 0.549695 
0.581556 0.598403 0.527023 0.619260 0.277035 
0.332857 0.334240 0.326771 0.511321 0.326431 
0.524346 0.269848 0.459089 0.224234 0.582900 
0.338044 0.276275 0.429218 0.388719 0.339893 
0.756215 0.619847 0.706504 0.626091 0.536350 
0.325172 0.253933 0.367265 0.333903 0.198367 
0.370981 0.497114 0.422395 0.377458 0.389604 
0.394625 0.481235 0.251078 0.288449 0.488047 
0.322572 0.490561 0.360107 0.373701 0.312142 
0.536334 0.695163 0.544897 0.705676 0.534898 
0.729195 0.573715 0.748022 0.692612 0.657602 
0.691199 0.371449 0.644813 0.512450 0.533105 
0.705360 0.709700 0.627473 0.738838 0.602269 
0.585845 0.413878 0.654357 0.283506 0.369549 
0.578942 0.713929 0.495334 0.668805 0.384591 
0.486692 0.605740 0.407530 0.603154 0.468550 
0.538966 0.527738 0.485268 0.500878 0.507935 
0.452770 0.676977 0.348378 0.542573 0.531941 
0.670578 0.686220 0.513325 0.614381 0.572180 
0.474994 0.606639 0.604636 0.576833 0.568529 
0.403543 0.809528 0.432611 0.612968 0.616849 
0.495426 0.472788 0.429991 0.476862 0.310508 
0.211843 0.303448 0.281652 0.447154 0.257537 
0.448933 0.454748 0.494694 0.356139 0.378104 
0.555603 0.567149 0.389915 0.736365 0.615656 
0.586033 0.618424 0.436778 0.387826 0.441697 
0.157021 0.132529 0.233204 0.203397 0.201777 
0.223190 0.346554 0.248650 0.246478 0.381970 
0.391366 0.731391 0.534347 0.395873 0.630956 
0.424457 0.516944 0.606491 0.473107 0.455172 
0.208022 0.421989 0.093844 0.446027 0.300112 
0.367594 0.678753 0.486572 0.672234 0.649883 
0.812610 0.535254 0.556826 0.538176 0.619707 
0.645561 0.307941 0.659903 0.589361 0.466062 
0.298785 0.616598 0.384679 0.682554 0.415616 
0.490885 0.774381 0.576626 0.692414 0.657858 
0.516765 0.459340 0.567217 0.605878 0.569618 
0.475083 0.589197 0.573276 0.492153 0.700291 
0.624222 0.754987 0.711871 0.668832 0.813295 
0.278091 0.295132 0.331017 0.252291 0.302633 
0.421760 0.830763 0.459676 0.253767 0.386125 
0.588829 0.232140 0.635676 0.449584 0.519845 
0.607925 0.513910 0.575226 0.531766 0.621145 
0.561282 0.492797 0.542907 0.390551 0.379107 
0.554487 0.620654 0.500670 0.577538 0.524347 
0.544920 0.459471 0.427819 0.576159 0.606586 
0.438076 0.559056 0.383558 0.558203 0.588152 
0.515397 0.489170 0.433813 0.474272 0.503084 
0.405184 0.378897 0.340244 0.410693 0.418950 
0.406630 0.319856 0.302858 0.437607 0.265787 
0.527974 0.682512 0.549825 0.412329 0.632474 
0.657351 0.508105 0.599448 0.489283 0.685589 
0.339850 0.538836 0.411845 0.276135 0.522743 
0.268458 0.373696 0.402261 0.360079 0.474267 
0.651994 0.371734 0.605101 0.528577 0.136593 
0.260988 0.322279 0.316299 0.247621 0.236696 
0.519666 0.485840 0.488734 0.266515 0.516504 
0.700916 0.300212 0.415298 0.637539 0.300161 
0.459987 0.538133 0.206437 0.563294 0.470822 
0.244666 0.266225 0.244316 0.224858 0.125210 
0.405583 0.436019 0.367610 0.405874 0.455436 
0.522213 0.583794 0.473074 0.580488 0.490341 
0.249403 0.373424 0.330381 0.293453 0.336112 
0.476224 0.429445 0.273144 0.527418 0.337635 
0.679293 0.566908 0.403020 0.680880 0.400920 
0.218368 0.259211 0.135004 0.174474 0.276030 
0.480515 0.467784 0.356799 0.638503 0.568546 
0.559421 0.358714 0.328296 0.523310 0.088213 
0.301553 0.298230 0.200171 0.318503 0.166086 
0.440739 0.437729 0.355827 0.440965 0.325660 
0.783106 0.664037 0.748956 0.645684 0.738021 
0.496011 0.443005 0.342159 0.631581 0.274585 
0.728282 0.670161 0.814956 0.681413 0.714845 
0.702107 0.680521 0.657156 0.718268 0.770105 
0.744751 0.699363 0.676708 0.670026 0.589491 
0.723221 0.808226 0.861478 0.792445 0.892582 
0.360516 0.557377 0.414347 0.361892 0.380440 
0.608356 0.527502 0.662513 0.592063 0.448863 
0.348073 0.463558 0.325904 0.430740 0.612501 
0.515795 0.477317 0.616646 0.557674 0.499753 
0.556231 0.400603 0.510784 0.689057 0.507412 
0.670614 0.592487 0.457920 0.616623 0.746251 
0.671705 0.392432 0.730745 0.354291 0.558531 
0.579354 0.442720 0.498207 0.304789 0.567193 
0.497879 0.486083 0.400486 0.556969 0.271058 
0.778548 0.386389 0.562674 0.547406 0.482335 
0.781209 0.502136 0.654664 0.810541 0.543699 
0.551218 0.512987 0.478463 0.416264 0.566540 
0.415757 0.357344 0.443512 0.445306 0.467720 
0.688503 0.428265 0.559099 0.601837 0.369493 
0.771492 0.540836 0.704865 0.703009 0.662755 
0.609734 0.396967 0.577719 0.633439 0.347214 
0.627843 0.313609 0.619419 0.477586 0.449205 
0.552049 0.697230 0.597022 0.517200 0.519518 
0.601117 0.649224 0.544738 0.529864 0.527953 
0.519154 0.570248 0.308628 0.553098 0.384697 
0.764901 0.818551 0.758359 0.867286 0.850380 
0.539357 0.692490 0.753778 0.401049 0.703827 
0.282184 0.325151 0.309394 0.360846 0.307335 
0.512461 0.349472 0.519700 0.223056 0.520080 
0.171043 0.122438 0.149892 0.116354 0.115369 
0.739400 0.630687 0.653162 0.456426 0.551526 
0.585118 0.366507 0.547733 0.489283 0.438745 
0.382884 0.283364 0.342200 0.475013 0.323679 
0.508054 0.627537 0.418982 0.518181 0.426947 
0.599359 0.482685 0.392847 0.427140 0.486412 
0.361259 0.755291 0.472223 0.575824 0.665708 
0.644604 0.349231 0.468913 0.467566 0.436776 
0.591637 0.944565 0.734115 0.729364 0.796933 
0.814393 0.884988 0.755262 0.902901 0.853153 
0.296078 0.580152 0.567576 0.631599 0.736250 
0.361669 0.771031 0.306271 0.535239 0.525604 
0.261244 0.190691 0.206128 0.207522 0.148467 
0.512310 0.488927 0.471659 0.576714 0.445172 
0.540822 0.586464 0.630402 0.616777 0.397623 
0.378704 0.427931 0.428696 0.566063 0.196159 
0.642096 0.634183 0.764101 0.688034 0.590636 
0.269172 0.351937 0.231833 0.308806 0.323591 
0.655942 0.559651 0.779778 0.448374 0.523730 
0.556808 0.705812 0.662066 0.665091 0.586866 
0.297809 0.305761 0.422759 0.245148 0.302379 
0.559408 0.497644 0.853279 0.448955 0.611150 
0.294501 0.617202 0.367509 0.405344 0.455325 
0.791440 0.731034 0.755596 0.790088 0.816741 
0.544191 0.612402 0.511375 0.589714 0.583088 
0.428467 0.506803 0.457540 0.496757 0.485407 
0.356132 0.314323 0.423309 0.259101 0.391938 
0.703698 0.421844 0.466600 0.482979 0.347995 
0.551613 0.391977 0.465792 0.407089 0.559965 
0.604606 0.782379 0.552956 0.710970 0.640224 
0.679709 0.576301 0.614828 0.593686 0.538062 
0.313524 0.530486 0.441039 0.373444 0.271459 
0.487570 0.343582 0.581431 0.600459 0.537199 
0.548536 0.686268 0.263101 0.471968 0.477519 
0.628070 0.543505 0.652273 0.463400 0.592783 
0.580304 0.469886 0.653084 0.374293 0.616152 
0.712498 0.733837 0.684739 0.682663 0.678680 
0.411168 0.462495 0.346337 0.424642 0.347641 
0.391855 0.405490 0.533526 0.552348 0.351018 
0.654306 0.350268 0.480657 0.414531 0.335393 
0.505798 0.292923 0.357752 0.478049 0.213095 
0.438466 0.451913 0.501357 0.675326 0.520471 
0.382871 0.790390 0.534550 0.473481 0.628811 
0.278281 0.398356 0.568121 0.256044 0.519043 
0.393175 0.713891 0.445879 0.854481 0.573946 
0.602252 0.576149 0.637053 0.653093 0.737489 
0.303887 0.315350 0.295651 0.286909 0.317274 
0.464472 0.392317 0.287596 0.724925 0.295247 
0.494596 0.202961 0.439955 0.471004 0.478105 
0.300715 0.627222 0.339993 0.365131 0.583393 
0.573134 0.487575 0.369337 0.472936 0.376824 
0.567026 0.375166 0.586396 0.478678 0.485898 
0.622960 0.476691 0.752953 0.627746 0.482176 
0.445596 0.516677 0.373588 0.511201 0.408922 
0.497553 0.447577 0.503862 0.207018 0.407558 
0.416641 0.673634 0.448956 0.637751 0.664036 
0.397921 0.300469 0.221344 0.419502 0.237270 
0.380603 0.495655 0.446516 0.489386 0.455119 
0.569566 0.495772 0.414341 0.434803 0.565939 
0.612523 0.399863 0.509854 0.581654 0.491843 
0.756859 0.836646 0.685765 0.787846 0.699186 
0.394394 0.244235 0.302016 0.338274 0.263502 
0.533788 0.336006 0.579611 0.467984 0.374808 
0.602229 0.542256 0.590005 0.477193 0.669484 
0.405500 0.354720 0.346165 0.426961 0.358630 
0.502181 0.677873 0.550104 0.464330 0.669739 
0.658690 0.653380 0.603212 0.589459 0.512344 
0.405345 0.381334 0.561523 0.279083 0.465403 
0.627078 0.716248 0.576403 0.756475 0.507160 
0.367903 0.324456 0.277633 0.388628 0.335706 
0.408514 0.456325 0.382078 0.494507 0.619196 
0.533766 0.650342 0.580673 0.399072 0.699998 
0.563878 0.462532 0.473692 0.347751 0.421961 
0.623251 0.667945 0.525427 0.665873 0.356327 
0.725219 0.552953 0.631295 0.443485 0.533652 
0.492970 0.608615 0.664629 0.413197 0.533002 
0.475518 0.354044 0.412048 0.350544 0.504314 
0.485672 0.417984 0.374686 0.639454 0.577166 
0.573115 0.492613 0.571938 0.366827 0.568470 
0.426341 0.302323 0.418255 0.168743 0.431721 
0.549882 0.683373 0.431749 0.674247 0.482565 
0.382576 0.406189 0.586801 0.445205 0.515835 
0.317112 0.494409 0.343372 0.454267 0.306719 
0.638359 0.704472 0.620483 0.654581 0.769164 
0.654831 0.471534 0.633468 0.635917 0.589852 
0.535264 0.696784 0.592874 0.508270 0.615296 
0.734205 0.457791 0.510272 0.540740 0.601471 
0.331383 0.323052 0.359156 0.284043 0.351250 
0.374044 0.386825 0.323414 0.366647 0.401547 
0.742116 0.586877 0.612529 0.733651 0.546135 
0.473447 0.520111 0.630260 0.702297 0.609440 
0.374146 0.373425 0.481821 0.263425 0.448547 
0.551648 0.693173 0.630249 0.604877 0.463378 
0.438002 0.765717 0.558022 0.552667 0.787840 
0.443138 0.376258 0.471130 0.399256 0.439803 
0.531267 0.759083 0.573505 0.539175 0.743092 
0.623285 0.637953 0.458934 0.765076 0.419708 
0.465055 0.366430 0.388834 0.346750 0.340976 
0.375703 0.313976 0.879851 0.445447 0.501617 
0.468745 0.418743 0.470416 0.470015 0.587652 
0.291045 0.389346 0.419108 0.630913 0.310180 
0.495886 0.592503 0.532206 0.701327 0.553654 
0.705157 0.284786 0.480235 0.415627 0.574393 
0.700537 0.428939 0.680499 0.516236 0.509941 
0.635811 0.460522 0.652424 0.497277 0.800658 
0.427422 0.775514 0.387403 0.409296 0.744237 
0.632755 0.352361 0.540481 0.454160 0.415100 
0.504371 0.286362 0.254038 0.462289 0.261030 
0.514584 0.320629 0.487593 0.413136 0.342042 
0.459984 0.530477 0.527099 0.373537 0.568001 
0.634489 0.415028 0.614954 0.552509 0.529617 
0.414656 0.334179 0.581256 0.537511 0.668416 
0.513077 0.604977 0.456668 0.352696 0.576025 
0.475753 0.639838 0.454024 0.450331 0.625265 
0.585546 0.437940 0.478587 0.629376 0.458582 
0.618696 0.502429 0.622779 0.620324 0.707580 
0.581993 0.533330 0.573154 0.196867 0.831209 
0.385171 0.407430 0.451095 0.430586 0.399570 
0.705010 0.774430 0.667014 0.713510 0.837960 
0.681669 0.704378 0.854338 0.675444 0.770762 
0.524787 0.368895 0.544874 0.320042 0.498200 
0.619708 0.765993 0.577396 0.609416 0.664237 
0.654381 0.366383 0.589985 0.648900 0.213157 
0.749373 0.560066 0.515829 0.660230 0.565831 
0.332559 0.409391 0.234069 0.369954 0.327789 
0.685277 0.699163 0.778568 0.702442 0.807734 
0.454454 0.541806 0.603535 0.461331 0.448428 
0.688051 0.758375 0.610266 0.800206 0.541722 
0.563182 0.489569 0.591973 0.429936 0.632443 
0.541161 0.762563 0.508303 0.475111 0.691784 
0.428999 0.639841 0.267924 0.546387 0.457133 
0.312197 0.469371 0.775959 0.424262 0.530092 
0.474116 0.491848 0.606714 0.214054 0.555622 
0.298597 0.369678 0.457136 0.530236 0.399784 
0.222875 0.199001 0.274792 0.222333 0.305162 
0.370231 0.518466 0.463166 0.320754 0.538596 
0.240457 0.510072 0.438838 0.598623 0.564811 
0.648886 0.696900 0.680757 0.615485 0.783804 
0.654856 0.671340 0.615943 0.655677 0.766211 
0.744969 0.744704 0.581542 0.835084 0.629752 
0.238584 0.235093 0.321575 0.234420 0.241035 
0.367245 0.294328 0.511399 0.249440 0.392615 
0.331329 0.585626 0.454275 0.323476 0.647304 
0.514304 0.610216 0.511007 0.620655 0.423096 
0.613654 0.451394 0.697388 0.345854 0.330181 
0.556074 0.779781 0.529231 0.678771 0.609065 
0.404782 0.278757 0.674850 0.372627 0.577433 
0.336756 0.654760 0.373284 0.733282 0.567574 
0.448329 0.473382 0.482425 0.443673 0.423026 
0.678463 0.481150 0.585496 0.539004 0.507864 
0.297170 0.784065 0.391181 0.512966 0.430822 
0.368743 0.653387 0.385921 0.480002 0.276079 
0.747816 0.712906 0.769929 0.752316 0.592374 
0.570828 0.611414 0.306075 0.739513 0.502337 
0.394831 0.423861 0.455759 0.441655 0.221192 
0.296617 0.347992 0.455327 0.175757 0.416601 
0.483239 0.303568 0.422720 0.322613 0.438400 
0.525933 0.524603 0.254809 0.345456 0.525265 
0.522686 0.404117 0.504940 0.388828 0.366721 
0.600034 0.620988 0.557450 0.775463 0.463524 
0.446865 0.601849 0.663072 0.740401 0.531000 
0.588537 0.707515 0.647107 0.535169 0.718561 
0.585581 0.612779 0.633972 0.697151 0.587543 
0.357101 0.193021 0.392402 0.353477 0.441333 
0.454285 0.527336 0.381845 0.283742 0.485733 
0.330060 0.374276 0.557836 0.290713 0.577813 
0.702060 0.575388 0.639399 0.637794 0.709478 
0.769800 0.714537 0.787179 0.774700 0.824826 
0.863005 0.467343 0.698297 0.407633 0.558549 
0.759924 0.718250 0.778825 0.711727 0.754994 
0.331158 0.608174 0.530587 0.494215 0.582195 
0.479750 0.400512 0.452864 0.527239 0.238564 
0.375808 0.313734 0.330415 0.220834 0.243197 
0.364444 0.415466 0.329443 0.411489 0.329097 
0.654998 0.460018 0.374095 0.443890 0.569141 
0.494534 0.583930 0.409570 0.644904 0.571982 
0.419381 0.478847 0.574312 0.511520 0.673734 
0.730266 0.261521 0.637101 0.536909 0.336581 
0.425574 0.427074 0.501590 0.499356 0.474901 
0.257144 0.286369 0.428765 0.285988 0.301178 
0.779477 0.643891 0.653933 0.767975 0.545904 
0.499800 0.208584 0.557617 0.377269 0.471752 
0.736479 0.459874 0.524041 0.491467 0.568584 
0.540757 0.681157 0.463077 0.473128 0.503673 
0.295745 0.518777 0.400427 0.336835 0.462918 
0.743287 0.554925 0.446866 0.641193 0.236656 
0.236140 0.445567 0.452535 0.350119 0.557288 
0.512471 0.691101 0.529994 0.657935 0.415053 
0.356432 0.675242 0.602179 0.561070 0.662373 
0.834937 0.887530 0.766999 0.860543 0.907503 
0.432754 0.517504 0.352161 0.454725 0.475293 
0.342736 0.491602 0.501561 0.593016 0.433161 
0.377819 0.481036 0.385873 0.797691 0.301759 
0.448879 0.630092 0.484709 0.648694 0.736040 
0.706550 0.386948 0.595888 0.584118 0.404224 
0.192979 0.303549 0.437657 0.286989 0.469312 
0.235985 0.406891 0.394636 0.285571 0.501518 
0.920661 0.690095 0.777789 0.777085 0.655846 
0.625165 0.686605 0.691256 0.491243 0.681411 
0.431591 0.312068 0.346978 0.182862 0.461543 
0.517364 0.362119 0.357358 0.463919 0.465779 
0.445092 0.387302 0.432872 0.276280 0.339275 
0.285744 0.347576 0.485507 0.582649 0.288723 
0.501886 0.564803 0.568186 0.453521 0.467010 
0.718519 0.762528 0.768379 0.793268 0.773891 
0.465781 0.401999 0.316624 0.404257 0.239878 
0.423292 0.557855 0.507791 0.455959 0.615435 
0.506427 0.448186 0.603313 0.557290 0.416462 
0.853186 0.914118 0.811095 0.860413 0.810924 
0.434112 0.271485 0.371336 0.319215 0.348672 
0.106509 0.505983 0.202199 0.285930 0.481817 
0.310466 0.534092 0.299573 0.241541 0.439813 
0.600366 0.558651 0.540778 0.551928 0.700500 
0.882506 0.733184 0.737848 0.732838 0.775626 
0.712837 0.698147 0.598165 0.640416 0.620239 
0.597517 0.521813 0.475659 0.635099 0.627858 
0.419089 0.433273 0.367338 0.335354 0.553328 
0.637851 0.312527 0.742669 0.414114 0.419851 
0.512774 0.479944 0.649054 0.447101 0.452685 
0.405817 0.473428 0.621566 0.398944 0.668045 
0.692230 0.602950 0.573297 0.721902 0.564510 
0.756800 0.642174 0.593458 0.623909 0.537545 
0.106095 0.158936 0.130591 0.182885 0.109528 
0.652192 0.609659 0.560603 0.518636 0.761921 
0.218189 0.259115 0.263407 0.304351 0.310320 
0.223045 0.385985 0.241445 0.333198 0.419768 
0.319788 0.321435 0.363199 0.204649 0.457620 
0.308164 0.463149 0.389994 0.385728 0.460313 
0.604278 0.592658 0.547850 0.647243 0.571832 
0.528680 0.567502 0.623871 0.356514 0.559092 
0.385040 0.520149 0.356535 0.524824 0.396885 
0.276484 0.496553 0.427684 0.308984 0.354953 
0.453002 0.313851 0.353242 0.646137 0.408521 
0.227100 0.929562 0.355252 0.598062 0.659989 
0.335332 0.415443 0.395844 0.251683 0.338124 
0.452515 0.401820 0.395867 0.496297 0.327405 
0.748796 0.677678 0.704290 0.522222 0.677286 
0.244980 0.293393 0.210677 0.401836 0.263059 
0.642503 0.604592 0.636507 0.575710 0.522331 
0.499883 0.339332 0.567433 0.378719 0.505725 
0.565662 0.604701 0.295888 0.928324 0.428192 
0.354862 0.467602 0.570144 0.304189 0.551592 
0.325155 0.130661 0.251339 0.249521 0.348769 
0.527266 0.452743 0.481090 0.625753 0.539885 
0.387095 0.296332 0.345087 0.216028 0.284071 
0.542153 0.299328 0.527780 0.412275 0.285425 
0.572384 0.497917 0.546761 0.325485 0.625124 
0.393209 0.343755 0.370657 0.459251 0.237514 
0.623544 0.691318 0.726869 0.618678 0.701109 
0.506527 0.547723 0.435048 0.553370 0.386143 
0.454377 0.132343 0.406081 0.345423 0.331691 
0.623009 0.373443 0.561628 0.327337 0.596103 
0.277240 0.317874 0.479313 0.177318 0.345101 
0.496695 0.517050 0.394509 0.687634 0.566752 
0.369962 0.690987 0.521945 0.685733 0.678321 
0.653142 0.661184 0.715006 0.775458 0.613502 
0.456907 0.532416 0.482949 0.672874 0.497574 
0.594075 0.382969 0.580900 0.757852 0.332877 
0.481966 0.213570 0.401587 0.442473 0.228843 
0.476206 0.687749 0.333579 0.743311 0.607746 
0.255587 0.584717 0.372088 0.266751 0.552760 
0.613813 0.463038 0.542062 0.560200 0.445399 
0.339202 0.510063 0.314430 0.489166 0.534266 
0.548075 0.552362 0.325476 0.577101 0.465908 
0.666609 0.828232 0.750038 0.602786 0.842914 
0.324245 0.147268 0.211178 0.300646 0.082649 
0.527401 0.322952 0.464545 0.513583 0.290179 
0.487432 0.595424 0.411770 0.446897 0.519614 
0.377134 0.335393 0.620827 0.573010 0.604070 
0.680473 0.638972 0.395524 0.687205 0.566475 
0.577848 0.582613 0.551916 0.615182 0.523242 
0.339068 0.522290 0.605279 0.666650 0.569987 
0.416246 0.520680 0.380270 0.465591 0.457200 
0.526754 0.331518 0.665045 0.298830 0.677890 
0.642746 0.434492 0.652492 0.505729 0.510961 
0.844728 0.381610 0.735981 0.396659 0.397382 
0.669121 0.485236 0.563885 0.528835 0.696188 
0.677816 0.341137 0.771457 0.387637 0.453814 
0.283039 0.448088 0.494599 0.516657 0.385574 
0.492951 0.655664 0.716016 0.586940 0.657158 
0.546641 0.664687 0.648839 0.481979 0.667024 
0.704646 0.658736 0.750000 0.503590 0.523528 
0.693119 0.634563 0.688964 0.490918 0.756680 
0.696181 0.515776 0.428388 0.615997 0.286186 
0.418152 0.542487 0.422381 0.370042 0.668901 
0.315934 0.602869 0.318471 0.550059 0.308453 
0.365526 0.358763 0.275110 0.257323 0.329966 
0.752652 0.548249 0.781906 0.592426 0.544945 
0.330677 0.349362 0.510011 0.453856 0.296659 
0.805677 0.263759 0.634587 0.529599 0.430475 
0.357649 0.680735 0.571748 0.558920 0.529116 
0.624278 0.567469 0.532400 0.493975 0.653719 
0.360644 0.497846 0.354726 0.244400 0.403226 
0.353422 0.371428 0.445046 0.362153 0.464244 
0.313513 0.482515 0.584613 0.465457 0.640533 
0.299455 0.211319 0.228559 0.167679 0.239127 
0.583299 0.630640 0.561242 0.484907 0.543541 
0.756115 0.685648 0.773530 0.766863 0.817436 
0.572772 0.414272 0.460577 0.309622 0.469153 
0.564380 0.589590 0.767291 0.591476 0.599326 
0.373318 0.656169 0.337785 0.375942 0.334768 
0.606601 0.651017 0.436896 0.653451 0.451956 
0.658058 0.754246 0.815628 0.763015 0.786250 
0.389443 0.818410 0.498545 0.483805 0.698348 
0.705627 0.730852 0.624279 0.766288 0.688358 
0.255479 0.127509 0.194828 0.169528 0.194576 
0.492329 0.506592 0.544317 0.531807 0.545412 
0.515125 0.755097 0.623744 0.647949 0.616461 
0.432545 0.726681 0.390861 0.605914 0.403491 
0.564698 0.403784 0.525304 0.358525 0.525297 
0.572195 0.721247 0.508790 0.593303 0.646564 
0.611357 0.723450 0.577526 0.771323 0.673091 
0.546778 0.301834 0.540588 0.512256 0.519984 
0.385541 0.618179 0.415899 0.342693 0.538767 
0.326022 0.609594 0.550426 0.586382 0.607209 
0.365287 0.302695 0.440245 0.307279 0.450959 
0.158340 0.308634 0.219217 0.305989 0.275080 
0.668838 0.647283 0.700681 0.708595 0.669316 
0.562001 0.312148 0.395143 0.299506 0.202615 
0.116676 0.162441 0.161255 0.125455 0.136175 
0.387125 0.379151 0.315931 0.265873 0.340167 
0.705354 0.652103 0.665664 0.644735 0.675362 
0.637124 0.762457 0.798994 0.563212 0.774384 
0.551768 0.573352 0.412438 0.558693 0.591549 
0.274141 0.521128 0.364897 0.433090 0.399772 
0.814594 0.935804 0.833710 0.898386 0.849055 
0.420364 0.375454 0.421043 0.521639 0.251301 
0.580670 0.333573 0.493361 0.394057 0.384090 
0.530037 0.428383 0.274058 0.415249 0.460329 
0.670282 0.721681 0.727868 0.644666 0.690363 
0.239370 0.103959 0.214635 0.215486 0.119947 
0.612434 0.787611 0.577993 0.729630 0.647521 
0.510111 0.749240 0.639696 0.455023 0.597857 
0.184916 0.134149 0.350984 0.159976 0.263197 
0.345956 0.605217 0.706357 0.123562 0.736654 
0.688225 0.360013 0.533846 0.702439 0.318168 
0.409543 0.324090 0.241238 0.354060 0.260554 
0.500688 0.755423 0.551973 0.546053 0.658445 
0.702932 0.436785 0.407806 0.619409 0.270031 
0.696269 0.340307 0.655304 0.643609 0.527891 
0.306489 0.563461 0.420031 0.235145 0.527030 
0.537133 0.612066 0.632998 0.226557 0.357658 
0.414712 0.514403 0.347726 0.433191 0.323037 
0.688199 0.714112 0.672966 0.788128 0.439657 
0.410539 0.388534 0.489961 0.343753 0.429260 
0.529114 0.662679 0.679632 0.462862 0.724902 
0.317541 0.272036 0.227957 0.192580 0.337641 
0.327316 0.523252 0.498584 0.553681 0.296843 
0.310502 0.235854 0.318778 0.398488 0.333267 
0.473035 0.516131 0.527000 0.734536 0.340215 
0.150606 0.425823 0.270532 0.239644 0.393742 
0.756664 0.630335 0.784352 0.538991 0.814901 
0.346019 0.475577 0.529789 0.330746 0.490629 
0.758485 0.403907 0.446137 0.592005 0.522555 
0.474587 0.783713 0.507250 0.619311 0.621550 
0.362850 0.351074 0.390140 0.311270 0.630639 
0.711639 0.551930 0.679189 0.526955 0.738016 
0.446059 0.377250 0.311771 0.491840 0.365925 
0.488305 0.419214 0.376194 0.480122 0.330080 
0.581950 0.584667 0.636220 0.680100 0.482291 
0.313975 0.417431 0.183639 0.460265 0.190761 
0.385580 0.416858 0.508263 0.480555 0.418187 
0.416336 0.346295 0.609497 0.422039 0.567540 
0.201042 0.138315 0.239027 0.242819 0.237882 
0.270782 0.464406 0.286985 0.439874 0.213352 
0.553633 0.397625 0.626640 0.573952 0.393549 
0.730573 0.714777 0.655727 0.965434 0.634755 
0.475525 0.325878 0.503680 0.258681 0.353487 
0.460719 0.361772 0.476048 0.832144 0.417213 
0.817173 0.704790 0.748368 0.654842 0.558290 
0.351296 0.383740 0.287410 0.376794 0.439959 
0.465268 0.421595 0.413884 0.497187 0.302535 
0.297418 0.595945 0.326683 0.499489 0.351424 
0.439856 0.619684 0.719421 0.521947 0.513771 
0.677540 0.575562 0.306054 0.504298 0.570689 
0.454293 0.489589 0.299771 0.573416 0.455257 
0.372395 0.358938 0.371872 0.216977 0.520909 
0.231557 0.621732 0.204565 0.363525 0.547536 
0.684463 0.677095 0.588993 0.637930 0.688540 
0.351223 0.653143 0.541495 0.442864 0.547892 
0.679054 0.581859 0.653781 0.534464 0.607664 
0.636915 0.362333 0.619895 0.640873 0.417029 
0.504994 0.217529 0.657854 0.588656 0.367259 
0.863538 0.819573 0.734977 0.871229 0.741749 
0.396505 0.453714 0.458652 0.324183 0.578629 
0.591146 0.463944 0.453451 0.394818 0.459830 
0.355080 0.212201 0.230918 0.257811 0.257906 
0.674511 0.718524 0.603800 0.746848 0.626603 
0.499589 0.546748 0.456471 0.615518 0.583356 
0.476504 0.281901 0.366760 0.380646 0.343046 
0.417451 0.552773 0.301501 0.371479 0.477287 
0.399491 0.422691 0.447443 0.250282 0.507368 
0.417305 0.521060 0.366405 0.616242 0.355568 
0.399512 0.380066 0.486997 0.402917 0.349918 
0.638021 0.643339 0.637643 0.527081 0.517506 
0.802920 0.594318 0.672739 0.657157 0.691265 
0.504620 0.498335 0.668325 0.599161 0.578510 
0.800536 0.750227 0.708066 0.720706 0.609451 
0.364884 0.509581 0.471555 0.575630 0.382969 
0.214528 0.491116 0.293903 0.262429 0.387030 
0.430498 0.572626 0.514756 0.615371 0.309971 
0.579705 0.378442 0.495570 0.374749 0.442828 
0.473066 0.388543 0.443002 0.324618 0.469900 
0.718604 0.587757 0.773875 0.685352 0.612839 
0.391478 0.388635 0.155459 0.608933 0.386779 
0.445864 0.388149 0.558595 0.498715 0.423143 
0.273951 0.349935 0.350337 0.409215 0.252536 
0.636491 0.217562 0.653548 0.637057 0.531176 
0.510016 0.629369 0.479456 0.406518 0.438767 
0.404517 0.664758 0.544118 0.481383 0.684966 
0.624176 0.408080 0.759541 0.571171 0.643795 
0.737531 0.453600 0.300267 0.512380 0.301544 
0.555602 0.632658 0.545326 0.673240 0.449471 
0.559891 0.332573 0.208965 0.582302 0.221920 
0.792561 0.828942 0.737022 0.747442 0.753553 
0.484377 0.420185 0.424908 0.398508 0.451425 
0.618380 0.564404 0.321468 0.496391 0.498288 
0.649325 0.421712 0.473467 0.541547 0.585369 
0.759330 0.649845 0.683831 0.430316 0.550304 
0.784375 0.716120 0.714810 0.779233 0.648019 
0.515484 0.361824 0.295580 0.479325 0.305161 
0.522277 0.786694 0.613889 0.577420 0.606607 
0.437413 0.395817 0.445169 0.643774 0.731584 
0.201917 0.502933 0.454369 0.253096 0.510434 
0.715245 0.623127 0.673762 0.678419 0.566905 
0.574888 0.362955 0.512223 0.381922 0.570457 
0.601284 0.355730 0.613352 0.557779 0.478971 
0.374477 0.279498 0.306670 0.329243 0.230238 
0.312330 0.268317 0.302544 0.353918 0.304685 
0.629811 0.672288 0.722463 0.699239 0.699715 
0.540148 0.584046 0.594022 0.443021 0.660018 
0.393479 0.545022 0.341268 0.542827 0.243946 
0.505843 0.332844 0.648563 0.582527 0.707159 
0.788416 0.446095 0.568573 0.237700 0.618751 
0.722319 0.795917 0.658601 0.760337 0.760112 
0.268107 0.421657 0.494116 0.282899 0.631812 
0.572474 0.472428 0.485652 0.540628 0.308086 
0.604549 0.700859 0.756052 0.617746 0.685707 
0.563902 0.593780 0.518898 0.571132 0.446292 
0.383683 0.416118 0.468759 0.425286 0.397156 
0.240277 0.473357 0.321056 0.407340 0.394393 
0.650935 0.723992 0.687698 0.661455 0.788072 
0.384790 0.491365 0.535019 0.509442 0.435881 
0.320365 0.311977 0.276213 0.354215 0.302602 
0.645981 0.724740 0.553793 0.785063 0.628463 
0.257370 0.330774 0.366009 0.382964 0.321542 
0.720403 0.805859 0.640586 0.709621 0.755270 
0.450571 0.497511 0.351470 0.614504 0.509317 
0.432469 0.416848 0.446887 0.359806 0.460627 
0.582670 0.632226 0.511165 0.495307 0.677121 
0.875185 0.688626 0.708767 0.910431 0.819090 
0.683171 0.703012 0.549817 0.747989 0.769977 
0.410844 0.634512 0.643878 0.420490 0.566561 
0.767658 0.472284 0.649506 0.715943 0.619386 
0.459049 0.550603 0.388162 0.636799 0.493622 
0.279664 0.342036 0.306087 0.245305 0.349665 
0.699270 0.674329 0.642420 0.630563 0.735101 
0.406094 0.697417 0.502676 0.530317 0.660302 
0.417177 0.339327 0.444849 0.325761 0.540059 
0.225562 0.314023 0.269995 0.251619 0.333000 
0.476350 0.665472 0.347690 0.476480 0.496957 
0.823330 0.404547 0.743747 0.603932 0.490861 
0.200982 0.305277 0.191799 0.278060 0.256944 
0.656228 0.414383 0.626347 0.361246 0.432811 
0.407239 0.317783 0.325581 0.276497 0.378776 
0.357709 0.677792 0.405690 0.472330 0.558526 
0.524210 0.703277 0.664863 0.696561 0.657693 
0.286143 0.419327 0.347637 0.376036 0.425995 
0.590353 0.810613 0.595695 0.784609 0.692884 
0.583147 0.526916 0.462072 0.699494 0.602303 
0.641957 0.333105 0.677168 0.470446 0.538352 
0.711176 0.637345 0.712236 0.714223 0.590133 
0.306515 0.249160 0.201570 0.197293 0.363068 
0.399187 0.412628 0.537962 0.407188 0.397103 
0.751348 0.460144 0.854043 0.526281 0.550330 
0.541430 0.437225 0.561457 0.395993 0.698481 
0.594079 0.709069 0.703068 0.638947 0.735852 
0.656477 0.559699 0.566648 0.683188 0.622307 
0.617432 0.731382 0.705840 0.698069 0.713810 
0.397201 0.545542 0.430824 0.441900 0.418557 
0.422650 0.226498 0.198193 0.326147 0.163239 
0.654752 0.556360 0.646720 0.377504 0.621860 
0.366010 0.365060 0.446800 0.249393 0.488774 
0.599463 0.502193 0.724443 0.558587 0.546636 
0.511993 0.515179 0.554467 0.579781 0.465335 
0.375140 0.324256 0.444738 0.275221 0.293013 
0.578272 0.391582 0.552320 0.634765 0.527075 
0.314434 0.498291 0.318216 0.595942 0.552750 
0.657924 0.721532 0.676533 0.638835 0.611171 
0.455401 0.410074 0.714935 0.533386 0.358985 
0.495633 0.361585 0.524172 0.628468 0.404695 
0.499744 0.573581 0.424726 0.309880 0.433935 
0.415596 0.577974 0.602120 0.298230 0.588931 
0.501701 0.584600 0.498639 0.446804 0.590938 
0.318853 0.669568 0.589628 0.311840 0.678604 
0.436538 0.384661 0.234402 0.446827 0.251941 
0.679902 0.526953 0.465797 0.617149 0.497416 
0.627090 0.437518 0.678090 0.510095 0.614117 
0.346156 0.379372 0.293389 0.277044 0.477066 
0.615275 0.616060 0.688252 0.631087 0.574344 
0.442376 0.323781 0.357001 0.417218 0.366187 
0.590915 0.243601 0.409558 0.324295 0.328581 
0.363242 0.719142 0.284339 0.600555 0.567187 
0.681682 0.778897 0.729394 0.637157 0.779474 
0.379447 0.641899 0.439760 0.474765 0.554416 
0.485457 0.488504 0.612973 0.406983 0.302759 
0.535386 0.596354 0.525052 0.635242 0.619232 
0.483620 0.583030 0.320337 0.485515 0.528107 
0.551028 0.482783 0.635754 0.706643 0.555501 
0.629864 0.356725 0.343225 0.433185 0.442709 
0.315340 0.301195 0.169180 0.355602 0.277489 
0.832704 0.749336 0.833984 0.752898 0.810402 
0.383119 0.448314 0.295299 0.515526 0.557407 
0.496347 0.748658 0.517414 0.486295 0.585565 
0.640441 0.418602 0.689963 0.362830 0.635728 
0.813265 0.591336 0.622177 0.678909 0.434328 
0.366697 0.457833 0.476930 0.561067 0.227464 
0.619293 0.512974 0.679032 0.699659 0.678934 
0.394055 0.356140 0.412449 0.299294 0.354113 
0.459426 0.711308 0.460858 0.294168 0.642604 
0.466718 0.633462 0.314774 0.538514 0.605608 
0.472728 0.378518 0.604299 0.565779 0.621828 
0.377258 0.260719 0.218651 0.437190 0.434243 
0.591002 0.657415 0.550486 0.591446 0.523474 
0.628318 0.564528 0.691943 0.655617 0.644355 
0.408409 0.683875 0.250808 0.713820 0.509158 
0.618547 0.494794 0.694760 0.600421 0.653959 
0.456499 0.547279 0.585560 0.349308 0.537663 
0.512542 0.580204 0.452728 0.609347 0.282235 
0.274280 0.511178 0.347650 0.360616 0.514735 
0.296717 0.619393 0.322784 0.589737 0.399183 
0.365696 0.504465 0.511840 0.676744 0.511965 
0.701876 0.498245 0.715283 0.605290 0.438604 
0.482346 0.294650 0.159577 0.430352 0.201087 
0.628227 0.315200 0.542095 0.444739 0.445952 
0.607273 0.578238 0.675801 0.513496 0.723801 
0.779716 0.356667 0.687011 0.271011 0.498627 
0.529495 0.800078 0.674258 0.672853 0.783556 
0.582670 0.318975 0.352210 0.527052 0.483757 
0.362957 0.339460 0.281991 0.388831 0.402209 
0.799156 0.395846 0.581438 0.586871 0.518516 
0.560189 0.774159 0.488502 0.645408 0.598646 
0.262897 0.564064 0.572730 0.573033 0.326820 
0.452174 0.414566 0.285069 0.438441 0.390617 
0.680841 0.592877 0.715579 0.588826 0.592701 
0.271093 0.585741 0.337336 0.448823 0.347361 
0.658648 0.711015 0.569650 0.741738 0.653901 
0.676379 0.723826 0.531493 0.623053 0.511052 
0.390915 0.372103 0.469772 0.484898 0.651121 
0.652685 0.725481 0.591377 0.787968 0.595052 
0.520814 0.168598 0.394730 0.555675 0.225497 
0.296759 0.566318 0.621559 0.665469 0.598836 
0.566293 0.468303 0.238962 0.801886 0.296498 
0.432518 0.439433 0.421493 0.486672 0.249826 
0.628705 0.472270 0.340141 0.765741 0.397860 
0.737443 0.841590 0.759848 0.847616 0.729835 
0.623960 0.447612 0.632841 0.559342 0.501711 
0.406103 0.331739 0.436824 0.505187 0.560780 
0.416253 0.443200 0.377988 0.359707 0.468916 
0.448408 0.464883 0.468468 0.416808 0.502636 
0.541823 0.664738 0.393754 0.501701 0.466903 
0.428750 0.608779 0.556872 0.484512 0.758842 
0.700957 0.500485 0.668508 0.896136 0.656297 
0.510614 0.329885 0.678659 0.275689 0.475863 
0.209900 0.149731 0.180204 0.196530 0.186509 
0.539451 0.301592 0.611679 0.398329 0.488744 
0.267368 0.301073 0.344644 0.430514 0.285569 
0.651076 0.712868 0.419649 0.586825 0.679847 
0.733577 0.780188 0.656855 0.713964 0.626324 
0.464439 0.382114 0.301693 0.469360 0.257812 
0.605552 0.477732 0.500566 0.477200 0.574836 
0.635627 0.742564 0.580610 0.643270 0.651977 
0.769703 0.676729 0.526396 0.696485 0.548226 
0.609182 0.407999 0.674215 0.534464 0.527311 
0.351430 0.260458 0.329312 0.251844 0.327121 
0.300746 0.327420 0.328678 0.320230 0.336642 
0.303611 0.408645 0.253876 0.243877 0.140616 
0.395964 0.398463 0.543546 0.409956 0.495614 
0.637082 0.501492 0.394962 0.626914 0.379835 
0.626991 0.389815 0.271258 0.367386 0.502439 
0.707887 0.705366 0.703134 0.813921 0.655274 
0.355763 0.448265 0.233579 0.451835 0.394104 
0.529393 0.427771 0.420182 0.294839 0.490042 
0.224264 0.372080 0.261116 0.209137 0.348871 
0.280442 0.684892 0.447792 0.600738 0.543741 
0.400099 0.376247 0.516212 0.381846 0.433262 
0.692249 0.580204 0.628975 0.682312 0.645387 
0.470801 0.742573 0.405267 0.443335 0.678277 
0.705982 0.627462 0.804054 0.623577 0.835163 
0.704724 0.769114 0.742302 0.830421 0.725286 
0.307329 0.506406 0.386991 0.502469 0.388717 
0.396351 0.727001 0.383079 0.504749 0.632395 
0.388631 0.261014 0.254246 0.359393 0.402084 
0.476582 0.491218 0.542503 0.610027 0.568029 
0.635796 0.152564 0.549180 0.485251 0.395143 
0.338813 0.240497 0.606637 0.341019 0.354926 
0.586718 0.736197 0.598688 0.615191 0.638561 
0.591322 0.377607 0.617580 0.571441 0.436310 
0.507047 0.419310 0.297674 0.505560 0.191950 
0.511754 0.430684 0.418779 0.454522 0.319953 
0.296931 0.353336 0.294744 0.462319 0.293497 
0.697875 0.690152 0.702480 0.534371 0.696442 
0.260326 0.141680 0.149461 0.176900 0.182021 
0.186648 0.383382 0.437882 0.299589 0.574718 
0.418020 0.549746 0.494462 0.303507 0.324251 
0.539126 0.434759 0.265277 0.540723 0.238979 
0.433753 0.627527 0.632580 0.430529 0.515643 
0.585998 0.801561 0.448560 0.685750 0.690368 
0.587382 0.698735 0.608532 0.610623 0.558450 
0.403447 0.399396 0.409704 0.450405 0.580325 
0.509126 0.318773 0.482150 0.413001 0.258761 
0.517384 0.446434 0.657638 0.297333 0.618302 
0.720060 0.756479 0.745294 0.662588 0.819869 
0.447159 0.421329 0.363344 0.572571 0.515706 
0.310112 0.247146 0.231335 0.186961 0.273643 
0.623985 0.527181 0.664911 0.537456 0.609094 
0.316336 0.552838 0.461505 0.330468 0.630972 
0.468905 0.518440 0.404063 0.629264 0.588622 
0.675437 0.678147 0.558703 0.621510 0.611295 
0.298398 0.343067 0.183285 0.352126 0.272724 
0.432270 0.501024 0.400200 0.232875 0.540514 
0.516086 0.284653 0.330918 0.548712 0.360224 
0.213682 0.303003 0.188640 0.207943 0.275116 
0.395776 0.305459 0.279313 0.254435 0.232078 
0.768051 0.641772 0.560257 0.718495 0.570998 
0.612024 0.772024 0.664800 0.662004 0.638829 
0.534410 0.729087 0.404924 0.579204 0.546338 
0.370131 0.333395 0.235786 0.241699 0.328891 
0.387340 0.485769 0.367030 0.313115 0.465695 
0.409756 0.260924 0.436421 0.466572 0.329148 
0.347391 0.326488 0.417022 0.393849 0.443365 
0.516043 0.555028 0.658171 0.376661 0.495311 
0.537778 0.420484 0.506119 0.298928 0.385419 
0.598829 0.608021 0.585420 0.440265 0.582150 
0.290522 0.263315 0.403293 0.250572 0.396659 
0.224930 0.244738 0.229331 0.284013 0.216043 
0.441311 0.444135 0.681685 0.392999 0.449039 
0.455405 0.549435 0.559769 0.563315 0.466185 
0.308951 0.292344 0.371031 0.321009 0.305704 
0.194980 0.357288 0.293813 0.371820 0.351533 
0.600867 0.438340 0.604185 0.449411 0.550064 
0.483966 0.600899 0.475445 0.385209 0.452074 
0.639581 0.561716 0.550732 0.571095 0.555539 
0.337554 0.308256 0.505752 0.377035 0.321707 
0.626042 0.670399 0.661151 0.533912 0.660419 
0.393933 0.464367 0.441655 0.452496 0.520035 
0.547002 0.398101 0.555095 0.517075 0.369014 
0.644598 0.663355 0.650640 0.732953 0.699954 
0.211058 0.177846 0.286756 0.240698 0.248565 
0.833515 0.568080 0.590070 0.533168 0.419354 
0.474447 0.681178 0.317282 0.764805 0.278020 
0.646603 0.387025 0.642539 0.460098 0.653937 
0.355192 0.446025 0.231530 0.315094 0.297302 
0.541194 0.547366 0.554688 0.664592 0.473947 
0.657106 0.358826 0.590746 0.190023 0.437893 
0.204312 0.313266 0.313479 0.377683 0.316265 
0.437020 0.763209 0.460447 0.583892 0.498945 
0.399868 0.526857 0.410682 0.437304 0.582645 
0.603807 0.673291 0.502127 0.665644 0.465254 
0.506085 0.538788 0.581686 0.603599 0.658327 
0.484025 0.478808 0.760164 0.423629 0.733305 
0.498061 0.551421 0.713943 0.534119 0.654379 
0.466476 0.487180 0.454042 0.442742 0.501097 
0.421658 0.417928 0.347696 0.501495 0.432885 
0.487894 0.318464 0.571427 0.425520 0.440617 
0.435277 0.507575 0.389119 0.644618 0.355732 
0.605333 0.568857 0.517369 0.532007 0.521073 
0.422111 0.600651 0.806149 0.622673 0.719641 
0.321111 0.309509 0.455915 0.502606 0.474786 
0.684820 0.561212 0.586103 0.645010 0.490287 
0.718361 0.412036 0.474072 0.656362 0.178695 
0.355738 0.172110 0.340108 0.289560 0.197175 
0.463974 0.647456 0.684608 0.471691 0.699428 
0.424403 0.262877 0.329746 0.384423 0.319549 
0.257670 0.640062 0.524412 0.433072 0.674864 
0.326422 0.797360 0.640561 0.550881 0.476000 
0.716026 0.755348 0.768559 0.724063 0.706589 
0.655845 0.495510 0.689376 0.563235 0.494991 
0.501782 0.834284 0.371559 0.496102 0.702264 
0.416939 0.318169 0.299379 0.338671 0.386589 
0.736028 0.567194 0.616094 0.523631 0.603123 
0.396958 0.344940 0.430716 0.384262 0.338673 
0.436201 0.657403 0.562292 0.527320 0.694947 
0.268090 0.258736 0.159445 0.237386 0.193316 
0.545502 0.704686 0.143898 0.704900 0.315542 
0.327918 0.332200 0.365544 0.301440 0.350330 
0.409330 0.517926 0.444242 0.701978 0.321722 
0.468027 0.627240 0.409660 0.721222 0.298496 
0.640178 0.207661 0.557020 0.373119 0.394628 
0.308015 0.366034 0.281359 0.439185 0.209478 
0.252393 0.235310 0.185919 0.272070 0.196384 
0.794391 0.556071 0.775801 0.698625 0.641699 
0.594989 0.491240 0.655492 0.347561 0.431184 
0.320804 0.610274 0.496275 0.433820 0.631088 
0.626194 0.429202 0.615432 0.413065 0.336113 
0.776218 0.700420 0.742002 0.680378 0.670330 
0.314370 0.246863 0.338364 0.211234 0.431331 
0.506903 0.454029 0.620779 0.354263 0.363133 
0.477395 0.407916 0.230207 0.286047 0.308601 
0.352355 0.794092 0.387193 0.449424 0.458141 
0.292931 0.111328 0.144027 0.263508 0.120870 
0.553714 0.413651 0.546575 0.528899 0.441434 
0.461302 0.442763 0.320838 0.372657 0.473234 
0.348255 0.201922 0.341490 0.401892 0.196425 
0.684391 0.729094 0.711512 0.741960 0.719719 
0.507639 0.546022 0.662433 0.624219 0.454002 
0.682383 0.624985 0.779265 0.671618 0.744776 
0.637001 0.850268 0.782094 0.679514 0.850866 
0.486782 0.664457 0.710078 0.594017 0.601188 
0.461567 0.539927 0.669792 0.706948 0.611919 
0.564049 0.281625 0.534346 0.473922 0.496254 
0.706579 0.441364 0.611863 0.624828 0.422617 
0.632950 0.694177 0.610851 0.792346 0.742215 
0.641802 0.595271 0.495700 0.321467 0.607651 
0.274174 0.411654 0.289636 0.402327 0.396654 
0.384115 0.709982 0.219750 0.518721 0.385867 
0.493267 0.243039 0.367731 0.462902 0.400670 
0.430261 0.401987 0.502876 0.464076 0.398742 
0.536432 0.501203 0.336529 0.694982 0.277739 
0.347507 0.672787 0.474663 0.383522 0.676304 
0.775030 0.426354 0.665135 0.595473 0.464329 
0.323572 0.467999 0.331100 0.321217 0.257708 
0.514788 0.795487 0.428005 0.629222 0.561201 
0.712521 0.756917 0.583981 0.653890 0.534105 
0.349035 0.482981 0.430547 0.395758 0.559420 
0.483123 0.620582 0.462258 0.637369 0.580709 
0.344907 0.274614 0.523604 0.645364 0.738597 
0.631414 0.663667 0.761038 0.395708 0.660460 
0.585157 0.458992 0.472208 0.369460 0.470882 
0.333487 0.646384 0.162616 0.505050 0.357691 
0.556593 0.548706 0.418852 0.501823 0.555707 
0.700309 0.514088 0.682250 0.523741 0.559882 
0.429769 0.529583 0.442657 0.489299 0.560860 
0.597271 0.614540 0.300414 0.726227 0.502657 
0.484099 0.416361 0.534850 0.657069 0.502164 
0.592580 0.634029 0.693393 0.551478 0.753270 
0.450026 0.356697 0.722124 0.280383 0.470982 
0.441422 0.347463 0.367400 0.225222 0.294527 
0.512949 0.502545 0.598983 0.388135 0.519000 
0.468327 0.705231 0.409437 0.659408 0.395845 
0.401070 0.323168 0.704721 0.202013 0.617441 
0.456219 0.394016 0.332024 0.647958 0.338102 
0.336731 0.471302 0.370585 0.443065 0.500675 
0.578900 0.653919 0.521993 0.551341 0.566814 
0.326998 0.499299 0.716446 0.340656 0.548145 
0.475915 0.554802 0.405828 0.707843 0.512121 
0.510518 0.559199 0.416652 0.500320 0.620934 
0.343092 0.294240 0.319101 0.351731 0.351703 
0.550608 0.627181 0.472426 0.379109 0.547287 
0.275444 0.528702 0.238167 0.550028 0.303978 
0.843466 0.759371 0.717254 0.690537 0.720001 
0.264833 0.824890 0.204521 0.475747 0.491134 
0.374384 0.572905 0.638078 0.492049 0.751251 
0.294911 0.273792 0.231774 0.282075 0.205989 
0.500409 0.720388 0.637894 0.315517 0.627801 
0.366155 0.451004 0.290442 0.390828 0.470384 
0.634917 0.384377 0.522196 0.318806 0.434879 
0.505428 0.733538 0.803693 0.605907 0.718600 
0.492180 0.436781 0.355877 0.393927 0.365705 
0.270861 0.802849 0.387176 0.467685 0.495057 
0.450351 0.389997 0.483005 0.578622 0.462825 
0.671169 0.361874 0.378709 0.662917 0.242051 
0.837173 0.654965 0.763668 0.646554 0.693975 
0.425760 0.454701 0.202842 0.596105 0.328398 
0.394435 0.456947 0.438907 0.405530 0.653007 
0.292010 0.262747 0.491007 0.285968 0.407330 
0.669719 0.607751 0.570475 0.637063 0.620462 
0.470385 0.327286 0.412273 0.523909 0.431327 
0.502747 0.644778 0.541111 0.523366 0.486158 
0.541636 0.311953 0.517499 0.381466 0.687040 
0.779057 0.558858 0.795070 0.566399 0.523881 
0.511211 0.551173 0.652616 0.591310 0.575325 
0.605575 0.543648 0.739847 0.588618 0.596412 
0.409889 0.364354 0.360538 0.641782 0.528196 
0.388037 0.416395 0.454689 0.328191 0.489405 
0.686598 0.696774 0.674723 0.678885 0.776693 
0.488539 0.608705 0.548605 0.499383 0.588157 
0.731264 0.805577 0.753904 0.631249 0.881859 
0.561418 0.835241 0.623324 0.730337 0.772532 
0.603921 0.670151 0.613679 0.574636 0.616248 
0.403272 0.348127 0.222153 0.325791 0.170454 
0.317340 0.334913 0.491771 0.341399 0.354559 
0.606876 0.437901 0.460273 0.659323 0.418996 
0.320949 0.536737 0.600657 0.258123 0.689542 
0.329543 0.540311 0.443914 0.385139 0.614712 
0.329724 0.684156 0.464116 0.599032 0.819725 
0.540275 0.615070 0.549641 0.549579 0.503004 
0.512635 0.477245 0.309466 0.551283 0.364138 
0.429241 0.515385 0.249062 0.639104 0.352055 
0.473513 0.548277 0.308257 0.553135 0.588358 
0.322017 0.421196 0.482113 0.389738 0.606884 
0.522224 0.420377 0.690050 0.430812 0.601114 
0.654567 0.380543 0.541465 0.614031 0.326034 
0.286293 0.264256 0.277721 0.252476 0.231844 
0.610045 0.495472 0.376034 0.602588 0.109428 
0.426384 0.529212 0.493963 0.486682 0.619408 
0.502832 0.365444 0.455634 0.324649 0.512142 
0.312015 0.524106 0.481738 0.370755 0.383010 
0.685526 0.662758 0.737497 0.525153 0.516478 
0.402389 0.379071 0.375650 0.381035 0.250707 
0.345195 0.362651 0.472068 0.525779 0.466384 
0.499392 0.451984 0.272962 0.601523 0.152881 
0.717685 0.591557 0.743739 0.734922 0.667651 
0.676551 0.572167 0.508541 0.430712 0.731915 
0.329038 0.366646 0.439503 0.268074 0.411611 
0.582039 0.658329 0.533523 0.483969 0.560246 
0.239935 0.379945 0.352006 0.151845 0.457613 
0.608612 0.443687 0.737671 0.402301 0.656639 
0.666471 0.499407 0.585803 0.775614 0.209928 
0.647983 0.782760 0.519798 0.683429 0.619614 
0.242447 0.301493 0.189001 0.258590 0.264609 
0.400192 0.431549 0.421997 0.494213 0.344811 
0.591799 0.766523 0.687554 0.523032 0.728290 
0.529348 0.314133 0.287654 0.400773 0.538359 
0.505660 0.324620 0.737218 0.405733 0.373266 
0.377353 0.309006 0.299283 0.336521 0.306336 
0.588084 0.270929 0.498931 0.352209 0.387425 
0.467351 0.734494 0.603049 0.665750 0.651265 
0.663140 0.685154 0.412767 0.470781 0.656190 
0.387599 0.230529 0.360960 0.246724 0.199714 
0.489837 0.426654 0.393354 0.456591 0.595483 
0.256921 0.316975 0.248972 0.319404 0.312231 
0.430299 0.588401 0.400184 0.394591 0.691018 
0.453981 0.586188 0.470514 0.433938 0.805510 
0.419955 0.406283 0.626642 0.572755 0.575860 
0.441857 0.724006 0.849569 0.435046 0.724576 
0.300993 0.169979 0.217418 0.323167 0.228384 
0.212474 0.222008 0.227468 0.325759 0.215428 
0.298641 0.335186 0.371194 0.370497 0.390547 
0.866422 0.811970 0.841013 0.769951 0.777336 
0.578262 0.612553 0.760383 0.672812 0.676703 
0.414017 0.632343 0.552561 0.419423 0.847455 
0.723564 0.758772 0.672029 0.771976 0.678964 
0.553417 0.535241 0.686345 0.659851 0.741639 
0.500315 0.514831 0.319811 0.534296 0.533679 
0.444427 0.351846 0.700424 0.399772 0.543612 
0.619266 0.503751 0.451120 0.405237 0.472069 
0.396631 0.507867 0.692752 0.394299 0.741615 
0.337995 0.359630 0.286851 0.311517 0.358965 
0.651049 0.602279 0.342483 0.577176 0.465090 
0.684833 0.621043 0.631383 0.771425 0.574638 
0.424885 0.213708 0.488740 0.469084 0.277766 
0.571476 0.494337 0.564999 0.340124 0.460073 
0.612661 0.560687 0.596718 0.680143 0.595527 
0.327061 0.407765 0.360887 0.323208 0.330119 
0.406588 0.599493 0.773312 0.543079 0.730417 
0.545663 0.554697 0.729850 0.619007 0.496956 
0.547649 0.593078 0.403644 0.464838 0.369945 
0.594573 0.350798 0.625871 0.351429 0.520502 
0.353939 0.510434 0.357670 0.479073 0.495697 
0.507547 0.635255 0.540160 0.576088 0.554381 
0.322350 0.492478 0.398937 0.373161 0.632384 
0.425599 0.376616 0.628840 0.267090 0.531280 
0.389220 0.393580 0.374916 0.503830 0.445401 
0.536944 0.320132 0.550468 0.519043 0.532413 
0.403752 0.514044 0.434115 0.462796 0.574284 
0.614477 0.410609 0.431319 0.633851 0.496219 
0.243874 0.392016 0.405805 0.442579 0.603935 
0.467744 0.377830 0.380638 0.361712 0.425353 
0.406452 0.264298 0.336026 0.440288 0.335654 
0.674805 0.571652 0.478897 0.308892 0.630718 
0.273426 0.424336 0.306663 0.188046 0.208512 
0.410632 0.570356 0.585967 0.529575 0.434553 
0.476733 0.218289 0.425294 0.360425 0.311999 
0.489971 0.339115 0.513527 0.297379 0.329520 
0.360175 0.263174 0.397236 0.317164 0.388511 
0.507165 0.434612 0.421048 0.600803 0.354441 
0.736511 0.626589 0.673223 0.731271 0.645378 
0.238134 0.274799 0.323446 0.183989 0.408717 
0.599655 0.599737 0.616404 0.613279 0.550773 
0.529519 0.812860 0.653229 0.665326 0.664192 
0.458866 0.503179 0.308646 0.347896 0.584239 
0.527781 0.404904 0.566544 0.449002 0.631806 
0.395434 0.600234 0.388764 0.458429 0.674521 
0.394148 0.385277 0.281167 0.488906 0.446728 
0.519958 0.463334 0.490182 0.598281 0.354232 
0.325347 0.520648 0.578914 0.348999 0.740418 
0.617738 0.606637 0.678762 0.481434 0.774570 
0.312641 0.330031 0.561327 0.380180 0.629101 
0.479529 0.554829 0.669284 0.680020 0.815720 
0.487612 0.574084 0.432238 0.617702 0.376142 
0.777585 0.601450 0.731955 0.772340 0.693979 
0.597455 0.644806 0.482134 0.459705 0.686779 
0.685421 0.592038 0.543237 0.747397 0.577866 
0.140432 0.562422 0.469580 0.398425 0.511084 
0.307947 0.387527 0.366482 0.516048 0.406753 
0.511449 0.691024 0.623455 0.555028 0.747282 
0.492349 0.640146 0.470704 0.694808 0.508677 
0.264470 0.338405 0.417496 0.231346 0.431465 
0.403256 0.716609 0.338091 0.454469 0.530761 
0.550167 0.686370 0.757755 0.591533 0.696571 
0.714224 0.428966 0.558432 0.645840 0.398626 
0.208227 0.370714 0.289930 0.242854 0.490343 
0.240179 0.427535 0.270777 0.352140 0.455172 
0.376870 0.365629 0.528333 0.425521 0.328374 
0.443662 0.637541 0.468056 0.363351 0.557038 
0.657738 0.573428 0.757523 0.516897 0.666949 
0.710593 0.802748 0.788657 0.634897 0.668164 
0.845340 0.846057 0.863245 0.852752 0.838950 
0.351475 0.239423 0.208674 0.309348 0.315533 
0.502694 0.295934 0.410329 0.288344 0.263009 
0.691723 0.488619 0.596382 0.605719 0.545012 
0.383858 0.293301 0.387339 0.269807 0.250017 
0.528622 0.278605 0.461936 0.495974 0.319213 
0.543510 0.892224 0.616129 0.584259 0.643532 
0.315388 0.339165 0.287088 0.404795 0.325343 
0.574809 0.533517 0.520706 0.667257 0.320105 
0.690298 0.634238 0.703885 0.739560 0.712455 
0.403615 0.358765 0.560041 0.421654 0.370690 
0.470031 0.401382 0.460298 0.470849 0.679455 
0.265650 0.394668 0.429372 0.259519 0.386193 
0.329787 0.484558 0.479819 0.414954 0.423566 
0.355316 0.283162 0.477093 0.411624 0.405453 
0.280333 0.409183 0.679355 0.277130 0.438040 
0.646258 0.479066 0.550461 0.571738 0.699216 
0.467001 0.397215 0.528491 0.470330 0.509033 
0.313838 0.538412 0.506783 0.511800 0.627969 
0.422300 0.692181 0.662762 0.579511 0.619608 
0.449637 0.419751 0.489937 0.399064 0.366532 
0.438646 0.481061 0.524976 0.648571 0.441460 
0.576537 0.505087 0.485230 0.363029 0.310297 
0.549879 0.686905 0.278389 0.638213 0.470283 
0.531181 0.383162 0.366582 0.281118 0.416131 
0.236569 0.401801 0.415478 0.277213 0.271564 
0.591555 0.613529 0.726205 0.661231 0.674713 
0.667127 0.445041 0.506485 0.540620 0.504224 
0.357080 0.313352 0.370004 0.468101 0.272323 
0.496846 0.815219 0.196431 0.612757 0.557300 
0.354935 0.624029 0.172974 0.554681 0.381658 
0.583882 0.529530 0.667667 0.304426 0.546749 
0.352601 0.519601 0.460345 0.361304 0.553051 
0.511038 0.413838 0.250246 0.586707 0.175363 
0.390232 0.789358 0.426400 0.599414 0.418390 
0.508362 0.476998 0.614137 0.560510 0.454612 
0.847895 0.661475 0.817932 0.713511 0.726118 
0.484027 0.427807 0.285028 0.213214 0.433638 
0.299421 0.449016 0.324368 0.439014 0.355248 
0.674275 0.601064 0.726327 0.638894 0.497475 
0.487914 0.556824 0.334872 0.583814 0.242155 
0.324554 0.758412 0.445622 0.547879 0.675810 
0.746743 0.465212 0.657299 0.794933 0.537553 
0.532044 0.275176 0.498271 0.241924 0.408145 
0.502929 0.520558 0.597388 0.683455 0.540863 
0.427496 0.349705 0.425888 0.524301 0.310134 
0.402981 0.429179 0.303540 0.211694 0.495978 
0.433299 0.447248 0.555067 0.661857 0.305045 
0.720845 0.625179 0.641232 0.842957 0.664462 
0.197463 0.455422 0.506276 0.485367 0.539477 
0.474183 0.444820 0.904457 0.321037 0.674995 
0.428899 0.286354 0.425550 0.285557 0.211179 
0.356291 0.628486 0.613408 0.514973 0.633471 
0.805438 0.848178 0.820730 0.777983 0.778712 
0.295293 0.292820 0.284868 0.250870 0.358978 
0.618934 0.603032 0.296117 0.737682 0.448793 
0.567598 0.580777 0.365545 0.584719 0.438189 
0.591801 0.600760 0.634487 0.653217 0.577696 
0.531558 0.616530 0.386440 0.494573 0.338261 
0.370690 0.558529 0.420291 0.512061 0.413987 
0.313076 0.669829 0.414571 0.389510 0.610466 
0.531012 0.494903 0.690599 0.425992 0.765361 
0.355933 0.582588 0.568021 0.567824 0.496776 
0.888704 0.585544 0.703493 0.717229 0.595626 
0.386947 0.581942 0.359711 0.310135 0.459732 
0.668213 0.452098 0.600880 0.349288 0.442095 
0.603305 0.616012 0.692582 0.735641 0.729553 
0.355125 0.524029 0.500107 0.494032 0.404727 
0.702172 0.749638 0.625726 0.791978 0.719174 
0.389344 0.759382 0.418462 0.598773 0.440325 
0.327661 0.489608 0.485531 0.538848 0.458335 
0.411536 0.441754 0.408199 0.421816 0.412606 
0.532668 0.704194 0.776682 0.653362 0.572850 
0.341880 0.603710 0.764140 0.368799 0.723437 
0.598241 0.329738 0.408743 0.498407 0.360150 
0.381900 0.435223 0.382837 0.307413 0.511993 
0.322089 0.444845 0.434378 0.560505 0.556762 
0.561840 0.624382 0.623939 0.452079 0.542065 
0.723585 0.517316 0.698570 0.740593 0.688670 
0.616137 0.412909 0.493010 0.456881 0.484177 
0.292889 0.243430 0.219000 0.239706 0.265208 
0.663397 0.642778 0.673356 0.577060 0.730301 
0.502382 0.555914 0.689991 0.648338 0.757668 
0.306353 0.550808 0.674677 0.618825 0.491342 
0.456721 0.456402 0.595612 0.438976 0.306357 
0.506131 0.351564 0.383730 0.470123 0.500011 
0.328611 0.383708 0.225562 0.388622 0.279972 
0.500435 0.379058 0.541985 0.362632 0.466686 
0.671071 0.724515 0.741330 0.741377 0.845486 
0.631902 0.403632 0.699943 0.258750 0.296547 
0.186460 0.225806 0.257101 0.155299 0.272523 
0.554703 0.667200 0.345560 0.383879 0.638095 
0.350757 0.399815 0.434547 0.339020 0.283208 
0.439620 0.450147 0.439205 0.301378 0.418947 
0.447220 0.512208 0.517145 0.521486 0.573012 
0.464687 0.330290 0.526463 0.391828 0.572887 
0.800005 0.714666 0.789035 0.743411 0.755823 
0.600137 0.581203 0.613645 0.538434 0.601480 
0.493572 0.360118 0.601580 0.416407 0.770047 
0.442436 0.686873 0.698758 0.562294 0.716666 
0.432076 0.321025 0.367512 0.331135 0.423362 
0.132877 0.190213 0.177570 0.099745 0.211566 
0.474767 0.614790 0.708176 0.620337 0.641920 
0.583110 0.318411 0.736988 0.368597 0.556818 
0.246360 0.314473 0.250021 0.246501 0.259836 
0.617005 0.653674 0.545819 0.843317 0.470125 
0.440666 0.438858 0.497568 0.366748 0.586591 
0.362742 0.645905 0.431697 0.276062 0.661912 
0.551523 0.333302 0.460755 0.508188 0.247957 
0.355763 0.382020 0.282191 0.354377 0.182997 
0.401268 0.271589 0.384086 0.261625 0.371822 
0.381171 0.369722 0.503796 0.197275 0.502447 
0.580031 0.534956 0.579489 0.601422 0.614652 
0.767754 0.690205 0.588736 0.735327 0.636209 
0.536846 0.530114 0.659507 0.597873 0.643891 
0.426535 0.513939 0.399092 0.442082 0.502752 
0.530056 0.393706 0.592585 0.457282 0.598986 
0.326607 0.555269 0.560634 0.316409 0.468049 
0.689801 0.691117 0.756725 0.462896 0.381154 
0.618639 0.414774 0.277720 0.567725 0.404260 
0.617768 0.354481 0.577502 0.459251 0.429450 
0.397707 0.515030 0.522125 0.651511 0.482449 
0.375075 0.607544 0.484098 0.388435 0.618147 
0.763135 0.362523 0.547113 0.629749 0.579567 
0.522086 0.593986 0.432716 0.694748 0.299625 
0.645940 0.767533 0.557919 0.654260 0.610388 
0.563237 0.557486 0.595124 0.414656 0.528204 
0.425713 0.552207 0.532820 0.519897 0.645601 
