5
1000
0.325359 0.377904 0.446085 0.385096 0.344124 
0.530814 0.400042 0.288092 0.454688 0.198732 
0.446793 0.487977 0.529091 0.529350 0.763335 
0.752487 0.632020 0.695009 0.564625 0.666237 
0.496190 0.431944 0.554744 0.506467 0.488576 
0.379405 0.682403 0.409031 0.466383 0.439116 
0.538478 0.369602 0.630716 0.527178 0.491251 
0.556367 0.446040 0.742495 0.389070 0.613259 
0.522100 0.419372 0.504187 0.394365 0.400874 
0.391995 0.503795 0.545810 0.723921 0.487575 
0.361787 0.267495 0.418005 0.233339 0.190830 
0.551035 0.492083 0.337539 0.374252 0.495349 
0.268256 0.166102 0.225938 0.169936 0.166628 
0.712407 0.412175 0.679711 0.665538 0.445001 
0.242273 0.503012 0.439926 0.461736 0.522412 
0.771259 0.750667 0.738470 0.670998 0.773743 
0.453030 0.585078 0.456143 0.481254 0.728195 
0.354852 0.583272 0.473663 0.618228 0.495568 
0.336971 0.601787 0.546674 0.470953 0.600261 
0.348895 0.634367 0.299832 0.346629 0.494578 
0.715443 0.432244 0.524949 0.481933 0.473849 
0.737035 0.665102 0.562428 0.647426 0.366151 
0.553561 0.800163 0.557328 0.579983 0.566326 
0.257185 0.550426 0.382207 0.693253 0.274952 
0.664914 0.575530 0.748645 0.573803 0.689784 
0.615753 0.359165 0.629618 0.377024 0.583623 
0.615112 0.792332 0.628193 0.668720 0.509218 
0.527298 0.345014 0.323985 0.431600 0.530908 
0.662838 0.655137 0.636768 0.716783 0.735159 
0.607062 0.645132 0.560375 0.494160 0.694879 
0.678440 0.750431 0.617805 0.620934 0.814188 
0.641063 0.536160 0.557455 0.522449 0.596296 
0.689238 0.419526 0.693267 0.479692 0.629683 
0.505793 0.418095 0.391336 0.510843 0.559161 
0.275386 0.616384 0.403130 0.494877 0.494268 
0.517299 0.574412 0.289486 0.429927 0.362078 
0.654796 0.607580 0.630451 0.724312 0.423283 
0.231982 0.276956 0.403298 0.314028 0.405522 
0.534410 0.654629 0.342691 0.662810 0.446052 
0.529974 0.342314 0.561411 0.494365 0.464881 
0.482767 0.268626 0.566365 0.357279 0.510192 
0.351608 0.323859 0.532077 0.258293 0.481350 
0.417375 0.241278 0.403056 0.534583 0.349812 
0.204006 0.225171 0.120748 0.246651 0.151988 
0.435722 0.511305 0.517077 0.255955 0.607192 
0.518572 0.445111 0.417818 0.641344 0.569655 
0.354480 0.755712 0.434252 0.812176 0.508614 
0.502736 0.413435 0.489898 0.493408 0.277652 
0.628063 0.431715 0.497323 0.401716 0.572789 
0.371033 0.513498 0.434345 0.524332 0.594526 
0.808063 0.629473 0.620609 0.741655 0.603732 
0.707476 0.839473 0.796494 0.800212 0.814839 
0.488893 0.436889 0.555170 0.603129 0.271370 
0.629525 0.428523 0.527721 0.367844 0.539154 
0.701163 0.615602 0.671285 0.638705 0.753348 
0.378270 0.675311 0.636778 0.611885 0.485612 
0.554875 0.209294 0.327589 0.446354 0.305603 
0.395649 0.387704 0.361666 0.494795 0.352580 
0.336935 0.507000 0.393208 0.510826 0.451765 
0.313708 0.516893 0.177842 0.582835 0.557520 
0.558325 0.430125 0.667158 0.288008 0.537511 
0.796869 0.649137 0.541460 0.643803 0.601132 
0.280796 0.612278 0.431980 0.607876 0.454072 
0.342109 0.443629 0.397195 0.423824 0.457559 
0.452600 0.689783 0.414108 0.431270 0.490462 
0.700181 0.464571 0.525816 0.721205 0.528070 
0.668253 0.673500 0.687873 0.612911 0.536957 
0.374998 0.465081 0.500206 0.234931 0.509579 
0.592373 0.618248 0.514866 0.711947 0.552505 
0.229302 0.296275 0.348355 0.168522 0.356325 
0.523233 0.633389 0.617558 0.574138 0.751054 
0.225218 0.443401 0.423538 0.386031 0.471933 
0.373125 0.345158 0.296133 0.449327 0.081505 
0.633128 0.656386 0.534396 0.647603 0.559012 
0.652638 0.449045 0.637056 0.514988 0.571859 
0.508975 0.663366 0.510059 0.732733 0.602716 
0.533501 0.559306 0.570333 0.572018 0.503461 
0.307239 0.224275 0.335974 0.271670 0.358789 
0.460768 0.556215 0.561267 0.717829 0.598665 
0.332385 0.605227 0.462154 0.380566 0.575236 
0.265057 0.709531 0.248730 0.500090 0.469225 
0.637725 0.667780 0.394032 0.477844 0.530977 
0.438263 0.484068 0.658297 0.264050 0.561134 
0.407851 0.536475 0.521496 0.467614 0.473393 
0.570297 0.512559 0.772966 0.558459 0.635103 
0.485126 0.586350 0.632036 0.303080 0.627443 
0.452204 0.429182 0.365869 0.680197 0.363394 
0.547593 0.532131 0.566880 0.549071 0.353346 
0.858014 0.848392 0.877370 0.853958 0.835608 
0.773373 0.693515 0.770668 0.734943 0.864884 
0.394786 0.419737 0.465876 0.592963 0.380882 
0.733697 0.735890 0.665006 0.597525 0.672701 
0.641562 0.876616 0.641658 0.640006 0.754034 
0.480066 0.578430 0.504784 0.653958 0.617439 
0.698136 0.505254 0.600639 0.689886 0.611346 
0.797897 0.659910 0.621811 0.728972 0.529643 
0.480841 0.365267 0.639933 0.527371 0.392134 
0.595214 0.694491 0.782430 0.757526 0.715638 
0.664551 0.648921 0.437860 0.584803 0.533982 
0.514398 0.643032 0.527030 0.492151 0.582324 
0.547081 0.310332 0.729257 0.472288 0.594704 
0.442320 0.291938 0.651412 0.385849 0.397604 
0.291951 0.450703 0.603507 0.455327 0.696451 
0.520279 0.708704 0.580929 0.657743 0.687588 
0.430055 0.620442 0.512112 0.530896 0.549564 
0.437771 0.606800 0.517491 0.448255 0.515752 
0.143053 0.151434 0.146476 0.063833 0.161130 
0.628555 0.527802 0.750941 0.516578 0.446958 
0.558065 0.380215 0.536849 0.474386 0.439460 
0.534728 0.746192 0.607287 0.528020 0.672386 
0.626131 0.450014 0.578002 0.646502 0.504830 
0.760886 0.669034 0.635074 0.709236 0.662866 
0.363444 0.611904 0.453454 0.720727 0.446776 
0.377149 0.330227 0.266555 0.461394 0.551001 
0.474350 0.582118 0.560524 0.616670 0.344550 
0.423589 0.469202 0.368719 0.589254 0.307950 
0.697159 0.441485 0.645618 0.490887 0.565930 
0.747469 0.753379 0.745813 0.717257 0.749052 
0.396036 0.339514 0.286207 0.352246 0.211728 
0.629076 0.672695 0.750624 0.612509 0.685305 
0.593358 0.561924 0.718693 0.560872 0.834733 
0.389064 0.332042 0.320588 0.430884 0.250813 
0.468716 0.487666 0.663382 0.530313 0.294093 
0.553640 0.443330 0.221853 0.405310 0.348360 
0.472674 0.257635 0.603460 0.365719 0.713191 
0.719173 0.595940 0.696520 0.729267 0.723237 
0.590408 0.412329 0.465601 0.483281 0.555717 
0.494860 0.696672 0.513056 0.487466 0.773567 
0.494961 0.607723 0.659888 0.526518 0.497289 
0.745097 0.758457 0.598799 0.674427 0.545539 
0.525451 0.591881 0.617914 0.579160 0.616280 
0.761372 0.794516 0.779858 0.785291 0.782838 
0.212122 0.325169 0.258832 0.289388 0.265907 
0.602288 0.769019 0.343902 0.759054 0.455550 
0.502756 0.511728 0.480210 0.363821 0.624700 
0.315627 0.537675 0.590337 0.425779 0.312289 
0.220300 0.121249 0.296423 0.134409 0.174088 
0.595526 0.722088 0.625446 0.727862 0.602293 
0.219626 0.342984 0.336783 0.340831 0.260039 
0.725094 0.685057 0.740480 0.653372 0.718667 
0.580449 0.323740 0.713559 0.250495 0.457816 
0.812490 0.768832 0.912614 0.751063 0.906922 
0.329669 0.715736 0.637381 0.270831 0.678106 
0.482315 0.395630 0.442657 0.289205 0.652426 
0.424397 0.671734 0.680210 0.370622 0.714421 
0.519475 0.610928 0.492700 0.693211 0.545662 
0.610133 0.555180 0.384864 0.637405 0.554151 
0.525108 0.615300 0.630304 0.728277 0.571282 
0.416825 0.228514 0.517655 0.497667 0.522375 
0.559644 0.427332 0.366691 0.388858 0.474763 
0.534540 0.615352 0.499573 0.345091 0.484302 
0.775649 0.648105 0.725959 0.769550 0.721802 
0.363277 0.244984 0.262058 0.283445 0.184647 
0.396046 0.583052 0.396655 0.353224 0.494900 
0.199938 0.205154 0.223988 0.160028 0.191599 
0.509671 0.576897 0.278624 0.680568 0.384143 
0.556311 0.470502 0.620587 0.538425 0.673873 
0.389342 0.630708 0.356891 0.571332 0.520229 
0.750141 0.553735 0.572909 0.817200 0.483156 
0.215642 0.293266 0.249925 0.293060 0.222558 
0.311186 0.513375 0.389846 0.473352 0.332496 
0.226464 0.639962 0.444831 0.384017 0.617824 
0.425609 0.722355 0.485851 0.475316 0.482593 
0.372389 0.439659 0.366873 0.176184 0.352612 
0.581274 0.708388 0.471558 0.612324 0.646426 
0.490316 0.736897 0.614204 0.605809 0.746846 
0.370294 0.523673 0.381124 0.485675 0.518247 
0.540621 0.523156 0.634442 0.494038 0.650069 
0.608192 0.322099 0.749585 0.417400 0.440862 
0.354679 0.764854 0.193141 0.534131 0.434030 
0.735564 0.486150 0.725788 0.657014 0.616293 
0.634239 0.468353 0.633563 0.356647 0.617982 
0.541685 0.705816 0.646803 0.750557 0.652373 
0.403557 0.346519 0.383257 0.371283 0.181929 
0.359111 0.717106 0.613550 0.497817 0.575214 
0.258974 0.359257 0.353661 0.452637 0.329979 
0.380821 0.492449 0.698603 0.274972 0.708023 
0.221967 0.486998 0.450375 0.355473 0.428382 
0.708580 0.667302 0.622559 0.573457 0.764352 
0.453578 0.785833 0.368641 0.702144 0.698595 
0.389977 0.373300 0.492091 0.540823 0.335822 
0.846090 0.649359 0.772251 0.733183 0.547942 
0.326877 0.211139 0.286428 0.385146 0.277650 
0.402461 0.206848 0.327721 0.220529 0.365316 
0.519894 0.307225 0.620952 0.638946 0.303111 
0.405544 0.483275 0.347092 0.530067 0.471157 
0.512319 0.566781 0.488824 0.660914 0.385303 
0.604305 0.630844 0.587401 0.414016 0.600024 
0.368978 0.657680 0.450552 0.481472 0.578377 
0.398250 0.645926 0.398528 0.442047 0.695762 
0.803465 0.584471 0.725202 0.650749 0.719761 
0.440780 0.561864 0.497620 0.475220 0.614991 
0.556211 0.454975 0.651563 0.386551 0.710229 
0.494185 0.726488 0.444820 0.501696 0.671229 
0.841948 0.740738 0.728193 0.793305 0.649815 
0.420154 0.636271 0.269185 0.625407 0.710467 
0.332068 0.373936 0.392029 0.479171 0.424782 
0.557631 0.826604 0.599961 0.859584 0.602773 
0.596327 0.328681 0.598719 0.396599 0.610400 
0.292333 0.370373 0.252744 0.384830 0.246782 
0.657556 0.703922 0.496349 0.597431 0.668859 
0.360556 0.520877 0.460820 0.630788 0.528730 
0.568149 0.490033 0.628842 0.436986 0.670695 
0.180766 0.319984 0.225455 0.170770 0.243130 
0.693496 0.675046 0.619693 0.868620 0.664672 
0.424052 0.409583 0.305320 0.428733 0.317185 
0.314258 0.292052 0.589889 0.447716 0.628318 
0.568255 0.701682 0.499242 0.861741 0.653281 
0.384330 0.267508 0.367619 0.344257 0.470187 
0.285453 0.491935 0.236490 0.474800 0.452633 
0.723849 0.577289 0.659097 0.711636 0.552500 
0.655485 0.460240 0.811951 0.427937 0.589481 
0.695060 0.815988 0.751695 0.883411 0.734421 
0.336963 0.417724 0.411984 0.243533 0.326532 
0.402741 0.374956 0.424255 0.340510 0.446113 
0.272437 0.365127 0.233259 0.515408 0.327687 
0.613018 0.728020 0.637317 0.558916 0.739934 
0.497630 0.548866 0.472132 0.634172 0.440900 
0.637620 0.551128 0.492582 0.526538 0.654119 
0.318312 0.544017 0.292852 0.541751 0.240830 
0.671851 0.663285 0.613942 0.685148 0.684119 
0.436289 0.478545 0.552650 0.326257 0.603542 
0.541941 0.727900 0.551686 0.609533 0.678028 
0.846870 0.740554 0.732469 0.713291 0.756002 
0.620515 0.471092 0.524028 0.535413 0.511600 
0.215685 0.319501 0.110589 0.242007 0.303519 
0.417464 0.428661 0.555089 0.545672 0.529769 
0.557290 0.564278 0.635416 0.589120 0.741678 
0.491753 0.355769 0.440257 0.211725 0.438662 
0.562859 0.673064 0.647480 0.710196 0.695190 
0.563842 0.401965 0.734529 0.541129 0.454353 
0.579687 0.553043 0.728087 0.521838 0.642991 
0.621871 0.488602 0.624261 0.464659 0.539171 
0.543104 0.584222 0.475680 0.610481 0.459062 
0.401848 0.343748 0.304418 0.305301 0.556639 
0.638597 0.669898 0.675214 0.668653 0.690338 
0.357723 0.416685 0.358041 0.444251 0.446805 
0.444998 0.234448 0.591472 0.487419 0.417899 
0.508154 0.553681 0.539085 0.421150 0.612106 
0.345939 0.344363 0.705385 0.562352 0.325236 
0.721642 0.633915 0.825218 0.787723 0.683383 
0.436931 0.503680 0.490838 0.618618 0.563412 
0.645032 0.600659 0.675361 0.430888 0.597553 
0.372763 0.260764 0.289936 0.269565 0.221856 
0.619828 0.429840 0.633543 0.912308 0.522824 
0.590654 0.603919 0.821244 0.424051 0.739743 
0.443121 0.261212 0.282873 0.520355 0.221801 
0.598734 0.624473 0.654056 0.561686 0.586535 
0.417388 0.707920 0.327644 0.721388 0.617725 
0.646375 0.591666 0.491037 0.500781 0.642236 
0.358467 0.384785 0.162118 0.564291 0.422453 
0.342448 0.594289 0.449306 0.365095 0.522334 
0.722568 0.686641 0.773735 0.642480 0.660095 
0.501462 0.579630 0.423744 0.446347 0.613630 
0.630502 0.406272 0.601607 0.583289 0.246211 
0.580466 0.630599 0.601191 0.519428 0.393747 
0.407682 0.648805 0.578595 0.562261 0.652776 
0.287716 0.467153 0.399326 0.340592 0.449874 
0.496705 0.301923 0.789869 0.372726 0.642346 
0.345325 0.426343 0.396493 0.308943 0.464976 
0.571914 0.766644 0.494000 0.263282 0.393668 
0.733111 0.744316 0.637519 0.799685 0.780401 
0.515791 0.523656 0.528425 0.489994 0.683358 
0.516004 0.336536 0.740099 0.550419 0.556161 
0.308081 0.235714 0.375295 0.297487 0.435027 
0.374172 0.429046 0.483446 0.405159 0.407595 
0.509208 0.430809 0.500701 0.594395 0.329795 
0.435670 0.224851 0.423855 0.399685 0.230101 
0.648763 0.572902 0.548207 0.475867 0.361809 
0.387509 0.690368 0.294268 0.629191 0.518937 
0.529609 0.590116 0.690254 0.521641 0.663896 
0.699174 0.694824 0.757469 0.696326 0.634666 
0.511148 0.397117 0.328070 0.311831 0.526251 
0.343225 0.461277 0.604834 0.415126 0.513964 
0.637582 0.571532 0.562552 0.622756 0.684272 
0.879897 0.467138 0.540158 0.700803 0.354471 
0.368803 0.399625 0.253401 0.522544 0.494157 
0.381207 0.513435 0.365002 0.322532 0.476020 
0.615498 0.524035 0.554943 0.656478 0.635808 
0.750804 0.538114 0.474587 0.716635 0.558949 
0.234826 0.464835 0.155237 0.393830 0.415738 
0.647789 0.548520 0.647159 0.505641 0.656693 
0.256422 0.628210 0.316163 0.572883 0.597977 
0.712496 0.609680 0.489244 0.589837 0.458437 
0.784537 0.675354 0.800884 0.694517 0.668788 
0.655685 0.787749 0.793888 0.694122 0.771383 
0.669901 0.459019 0.296701 0.769760 0.516223 
0.320231 0.153377 0.359202 0.313777 0.261342 
0.667947 0.664408 0.505317 0.646722 0.451427 
0.640916 0.720927 0.618753 0.794002 0.545570 
0.443721 0.571617 0.339467 0.678741 0.335933 
0.660207 0.541789 0.647873 0.456775 0.569337 
0.359262 0.658799 0.385047 0.570485 0.635784 
0.613840 0.448351 0.502019 0.605632 0.378052 
0.447489 0.679001 0.755953 0.396651 0.667695 
0.375266 0.417984 0.463082 0.415475 0.537053 
0.518144 0.401426 0.357646 0.273337 0.537294 
0.553764 0.674491 0.622583 0.682809 0.706462 
0.638224 0.573274 0.561072 0.621315 0.457439 
0.245857 0.239085 0.188916 0.235740 0.140622 
0.683800 0.656176 0.796443 0.674320 0.711016 
0.357564 0.722370 0.404369 0.543583 0.711152 
0.580885 0.444294 0.533647 0.314704 0.622914 
0.232265 0.344459 0.227241 0.263141 0.325870 
0.599403 0.443442 0.595626 0.564437 0.662488 
0.525245 0.404503 0.461788 0.240282 0.286333 
0.582842 0.635173 0.750761 0.528560 0.678261 
0.446211 0.415918 0.437135 0.385092 0.365059 
0.234936 0.334001 0.404660 0.494972 0.293859 
0.441562 0.741226 0.616778 0.622796 0.855450 
0.676529 0.780568 0.449028 0.629612 0.419499 
0.419767 0.266911 0.314490 0.336009 0.244314 
0.556547 0.607321 0.564258 0.621494 0.469795 
0.488358 0.448243 0.518352 0.457737 0.361313 
0.384929 0.500106 0.541520 0.299904 0.680598 
0.553984 0.437210 0.155776 0.629960 0.442124 
0.466755 0.683102 0.449187 0.538799 0.558233 
0.446054 0.540513 0.451877 0.615481 0.395948 
0.578180 0.522916 0.733058 0.631117 0.652098 
0.503768 0.612483 0.412788 0.560698 0.470061 
0.557477 0.517800 0.336071 0.645858 0.557893 
0.480416 0.419910 0.460197 0.476639 0.407887 
0.338482 0.279174 0.397129 0.324242 0.305556 
0.751631 0.726665 0.784045 0.865606 0.781321 
0.434303 0.461671 0.298547 0.429320 0.345604 
0.396995 0.760735 0.490312 0.271923 0.577057 
0.455391 0.402864 0.518007 0.267298 0.333596 
0.530842 0.301634 0.502849 0.489143 0.643177 
0.623707 0.715849 0.743429 0.611054 0.543704 
0.261829 0.503299 0.652971 0.503064 0.427161 
0.406850 0.468045 0.332586 0.342255 0.321433 
0.495658 0.344040 0.328777 0.493030 0.343864 
0.730710 0.531061 0.668541 0.586383 0.615227 
0.304431 0.498270 0.149989 0.445739 0.369688 
0.488085 0.636397 0.367480 0.591141 0.402315 
0.206422 0.201407 0.388071 0.345958 0.328724 
0.544091 0.395463 0.405584 0.489490 0.450512 
0.255201 0.351148 0.370458 0.323700 0.524115 
0.489128 0.554231 0.370304 0.477451 0.591419 
0.468317 0.540067 0.585925 0.554846 0.356421 
0.637684 0.619391 0.762386 0.524533 0.814406 
0.440097 0.737061 0.319690 0.593294 0.400109 
0.544263 0.558375 0.606256 0.272674 0.663350 
0.610170 0.709879 0.745717 0.626917 0.527070 
0.603715 0.744860 0.614572 0.734440 0.655725 
0.388898 0.398717 0.605596 0.274284 0.553676 
0.206738 0.370005 0.337142 0.222636 0.375988 
0.759386 0.441079 0.484069 0.552556 0.540993 
0.790632 0.502512 0.626995 0.573703 0.607496 
0.432055 0.373375 0.704216 0.251769 0.476278 
0.385668 0.400232 0.520212 0.258071 0.561790 
0.360982 0.446843 0.586131 0.448185 0.454830 
0.655984 0.654931 0.462474 0.513632 0.749488 
0.497108 0.593835 0.548399 0.804353 0.618953 
0.664101 0.666827 0.652226 0.658099 0.579837 
0.464719 0.276832 0.311632 0.360436 0.171498 
0.611724 0.475122 0.721923 0.722663 0.521104 
0.577134 0.633182 0.281359 0.677785 0.556946 
0.622985 0.686448 0.467559 0.626124 0.605799 
0.196655 0.252381 0.253615 0.183072 0.378793 
0.485248 0.573113 0.586757 0.652392 0.472861 
0.288125 0.255291 0.395700 0.354224 0.179597 
0.538436 0.634382 0.701641 0.469186 0.836213 
0.619152 0.596877 0.651315 0.423362 0.493151 
0.426489 0.603321 0.527697 0.527632 0.442419 
0.224067 0.309620 0.332980 0.261489 0.290262 
0.836202 0.791286 0.742399 0.696571 0.755322 
0.315100 0.430676 0.304292 0.301979 0.278926 
0.282218 0.438190 0.554802 0.515080 0.691853 
0.637680 0.653249 0.685951 0.626614 0.633940 
0.721074 0.658592 0.514342 0.724820 0.585459 
0.478290 0.547950 0.442129 0.659227 0.561181 
0.748703 0.745168 0.621667 0.763927 0.674546 
0.633694 0.625541 0.654908 0.532551 0.607343 
0.306413 0.550082 0.369149 0.711397 0.602906 
0.180577 0.472888 0.534629 0.428623 0.594464 
0.475994 0.445374 0.495845 0.279838 0.396111 
0.512217 0.611211 0.433324 0.544900 0.466197 
0.472437 0.317525 0.386888 0.328042 0.321410 
0.397387 0.418361 0.503791 0.291828 0.400817 
0.648190 0.703349 0.583243 0.676361 0.601260 
0.267360 0.374754 0.270821 0.223340 0.341107 
0.321566 0.331041 0.497234 0.431180 0.471443 
0.462470 0.435333 0.450597 0.421123 0.460827 
0.333880 0.246362 0.376960 0.321188 0.239452 
0.474377 0.637457 0.601597 0.546019 0.557076 
0.313299 0.476785 0.474060 0.623933 0.365570 
0.558087 0.685104 0.770265 0.621567 0.795915 
0.324163 0.353537 0.449972 0.416774 0.242950 
0.627448 0.389238 0.342221 0.662464 0.311582 
0.419145 0.221091 0.744029 0.477763 0.574549 
0.659779 0.515492 0.754510 0.624746 0.717940 
0.209668 0.496627 0.391129 0.255520 0.482466 
0.599504 0.551611 0.586822 0.695045 0.579997 
0.642656 0.467447 0.661725 0.494856 0.534826 
0.336087 0.358044 0.306666 0.365240 0.286315 
0.547610 0.606796 0.422119 0.572131 0.531368 
0.574980 0.523491 0.693304 0.519088 0.465856 
0.551214 0.506789 0.767256 0.539862 0.595786 
0.787537 0.496356 0.613846 0.563377 0.578602 
0.357554 0.538420 0.515655 0.541429 0.329140 
0.524428 0.452232 0.419989 0.353676 0.449610 
0.727745 0.738667 0.731964 0.795115 0.809308 
0.542577 0.383996 0.701394 0.313461 0.336757 
0.673135 0.816300 0.743573 0.626898 0.790003 
0.591115 0.741032 0.644680 0.600067 0.796718 
0.648102 0.430608 0.482586 0.454440 0.502599 
0.355920 0.324043 0.189374 0.371069 0.458986 
0.610115 0.639590 0.557558 0.514448 0.494029 
0.400874 0.306161 0.260775 0.501245 0.124257 
0.370205 0.591536 0.339002 0.516146 0.524608 
0.700319 0.712657 0.757595 0.682956 0.892193 
0.803159 0.748576 0.843172 0.744995 0.796645 
0.428377 0.297127 0.516440 0.223169 0.320410 
0.747188 0.851195 0.709725 0.780939 0.780359 
0.604395 0.683321 0.476669 0.879994 0.617364 
0.702910 0.310374 0.277703 0.709544 0.288022 
0.468279 0.566205 0.441265 0.469348 0.395678 
0.432791 0.671201 0.292315 0.601682 0.569034 
0.665682 0.589419 0.513513 0.601829 0.612172 
0.641021 0.573874 0.631722 0.661961 0.633537 
0.631604 0.458449 0.699369 0.460521 0.670369 
0.668166 0.470570 0.589922 0.675190 0.524808 
0.455361 0.531944 0.359261 0.597588 0.243110 
0.326234 0.545227 0.409439 0.382460 0.433567 
0.516605 0.486389 0.680632 0.656830 0.522480 
0.506092 0.767436 0.817948 0.593031 0.696994 
0.631819 0.533059 0.527461 0.613538 0.368533 
0.300613 0.579702 0.333284 0.582904 0.360354 
0.134731 0.271602 0.173434 0.181272 0.146619 
0.340408 0.515735 0.350456 0.456221 0.454906 
0.624236 0.457232 0.529949 0.547978 0.378429 
0.529538 0.810174 0.520680 0.551570 0.630273 
0.382759 0.581702 0.525282 0.517468 0.580878 
0.429938 0.156009 0.490939 0.385129 0.282754 
0.581641 0.681972 0.702861 0.412654 0.789330 
0.849714 0.623405 0.662486 0.634769 0.775963 
0.415338 0.559327 0.651572 0.502008 0.689435 
0.348742 0.370244 0.650183 0.372866 0.655518 
0.735628 0.544414 0.589196 0.753168 0.466692 
0.644286 0.690518 0.710169 0.656105 0.738320 
0.567070 0.614981 0.708965 0.614706 0.662934 
0.701678 0.323159 0.458840 0.467568 0.551189 
0.380346 0.564670 0.279996 0.436191 0.352238 
0.471758 0.654965 0.489883 0.612058 0.519876 
0.504156 0.597594 0.573212 0.419205 0.619696 
0.254749 0.371291 0.364676 0.288823 0.446348 
0.832806 0.754034 0.780019 0.829000 0.790017 
0.732044 0.651603 0.640381 0.390393 0.439064 
0.563565 0.286893 0.259166 0.504992 0.083200 
0.551982 0.313031 0.634861 0.557721 0.314478 
0.443465 0.644811 0.381384 0.443996 0.392661 
0.779327 0.749834 0.711457 0.747282 0.637078 
0.747417 0.825829 0.595448 0.695148 0.780301 
0.175834 0.207230 0.265853 0.248381 0.276886 
0.534090 0.742962 0.583430 0.599383 0.737193 
0.622270 0.549432 0.371145 0.582997 0.520548 
0.417738 0.708146 0.527566 0.547236 0.850811 
0.736544 0.458197 0.491678 0.500573 0.389638 
0.361847 0.366798 0.259586 0.597643 0.362980 
0.391576 0.315618 0.410438 0.403680 0.333685 
0.327077 0.391419 0.201100 0.323412 0.534876 
0.503236 0.689945 0.531659 0.553614 0.703666 
0.351397 0.465388 0.457006 0.296174 0.559807 
0.236853 0.394071 0.263841 0.301421 0.340547 
0.711483 0.492859 0.678480 0.603301 0.651460 
0.477478 0.442152 0.358743 0.501215 0.303692 
0.785095 0.814253 0.845252 0.796421 0.798230 
0.455456 0.283613 0.611944 0.372416 0.373453 
0.649658 0.639265 0.587668 0.700155 0.582639 
0.660014 0.709333 0.547372 0.672733 0.528561 
0.749223 0.345045 0.390996 0.441394 0.545098 
0.527922 0.711858 0.674456 0.493455 0.712344 
0.551039 0.186127 0.593856 0.365513 0.459415 
0.264670 0.285759 0.439700 0.308884 0.508652 
0.536721 0.448534 0.542115 0.314378 0.403402 
0.554134 0.444494 0.551393 0.460138 0.693617 
0.517505 0.550105 0.645148 0.664422 0.452000 
0.465279 0.601234 0.539024 0.779469 0.689663 
0.512854 0.691541 0.614969 0.559019 0.649435 
0.141427 0.097472 0.184927 0.073172 0.155172 
0.439771 0.284545 0.389917 0.248257 0.420771 
0.752595 0.653019 0.710661 0.742702 0.680436 
0.457926 0.595100 0.583696 0.458598 0.471057 
0.258059 0.343500 0.355962 0.412143 0.518524 
0.500346 0.726358 0.621245 0.603814 0.646472 
0.633885 0.406277 0.470896 0.552338 0.466391 
0.467691 0.706126 0.654673 0.551165 0.598172 
0.538555 0.380881 0.429060 0.143112 0.364033 
0.764366 0.842749 0.757343 0.741229 0.866979 
0.521459 0.784629 0.711614 0.616512 0.759764 
0.597121 0.317976 0.470694 0.634490 0.521424 
0.452091 0.181040 0.412421 0.419191 0.222781 
0.341857 0.569866 0.633673 0.326068 0.524189 
0.662285 0.668510 0.671482 0.742688 0.685552 
0.566761 0.783716 0.487400 0.735581 0.561840 
0.498269 0.750356 0.631977 0.566618 0.728373 
0.426484 0.357821 0.361255 0.479652 0.461893 
0.616017 0.598690 0.654750 0.633514 0.596586 
0.703256 0.594034 0.447808 0.713541 0.368972 
0.697661 0.652544 0.668449 0.596675 0.675444 
0.596086 0.715401 0.506296 0.583579 0.591248 
0.336295 0.602214 0.443875 0.400494 0.543793 
0.579295 0.485793 0.483601 0.421057 0.321787 
0.293539 0.306856 0.308235 0.243101 0.273892 
0.749109 0.702265 0.762559 0.744928 0.652792 
0.605201 0.218182 0.400835 0.488283 0.315427 
0.330965 0.334195 0.506791 0.444577 0.417000 
0.748014 0.783772 0.744252 0.831464 0.795209 
0.792113 0.789614 0.439536 0.689473 0.533847 
0.513513 0.326320 0.326515 0.475695 0.306017 
0.419962 0.537311 0.529521 0.555511 0.658847 
0.611464 0.627469 0.630896 0.711176 0.611165 
0.609926 0.586406 0.615373 0.277851 0.450653 
0.598074 0.672911 0.726616 0.698067 0.612791 
0.379942 0.649526 0.119716 0.684171 0.437858 
0.317600 0.515882 0.234480 0.691188 0.522199 
0.346927 0.201473 0.396445 0.417535 0.337819 
0.554427 0.679744 0.664242 0.533735 0.576906 
0.242893 0.238788 0.280936 0.243068 0.357629 
0.453125 0.630470 0.399772 0.436736 0.643761 
0.544433 0.418989 0.653059 0.476208 0.675318 
0.582935 0.428081 0.401814 0.558814 0.477387 
0.877520 0.885985 0.748158 0.871471 0.758382 
0.224738 0.337626 0.266581 0.407798 0.381241 
0.247091 0.251930 0.228473 0.264639 0.283803 
0.534899 0.383395 0.708440 0.360903 0.592890 
0.296808 0.263140 0.233097 0.251183 0.232480 
0.402931 0.363778 0.493367 0.344167 0.320244 
0.723508 0.589178 0.627667 0.570270 0.573638 
0.519948 0.610485 0.572557 0.363947 0.806029 
0.584519 0.397740 0.736162 0.552818 0.507610 
0.495387 0.502094 0.358133 0.508257 0.536610 
0.314053 0.540480 0.303623 0.461091 0.336444 
0.445898 0.390537 0.265949 0.576205 0.234360 
0.665877 0.570157 0.592313 0.576099 0.653528 
0.496399 0.521258 0.412184 0.523844 0.456803 
0.423698 0.457359 0.735189 0.157553 0.676782 
0.514407 0.621891 0.576548 0.468362 0.683862 
0.328814 0.477049 0.374058 0.189316 0.409066 
0.328953 0.344655 0.464598 0.233238 0.340589 
0.581339 0.327657 0.742488 0.251359 0.525466 
0.618949 0.669230 0.631294 0.550042 0.571575 
0.608806 0.519131 0.556929 0.750770 0.436253 
0.226411 0.431662 0.326656 0.300613 0.423339 
0.724169 0.459720 0.562815 0.595436 0.350408 
0.443084 0.212014 0.402644 0.224494 0.338555 
0.495949 0.648942 0.254434 0.540784 0.543487 
0.811573 0.617866 0.756288 0.638144 0.595766 
0.260089 0.290311 0.285187 0.332185 0.427864 
0.421626 0.611599 0.480581 0.460285 0.751434 
0.374284 0.734839 0.421772 0.387601 0.549362 
0.310003 0.521614 0.643115 0.227055 0.602535 
0.119681 0.276241 0.155426 0.242079 0.242034 
0.244403 0.400690 0.257176 0.346607 0.468924 
0.695987 0.514891 0.806351 0.560002 0.495492 
0.804463 0.828972 0.797776 0.786362 0.804109 
0.713789 0.422098 0.532162 0.673295 0.262497 
0.279972 0.349798 0.293594 0.173388 0.462910 
0.723615 0.763776 0.718628 0.754970 0.702765 
0.439524 0.358305 0.495010 0.334421 0.478746 
0.698456 0.734809 0.448397 0.660781 0.427420 
0.251270 0.299850 0.426538 0.225341 0.255612 
0.707198 0.792782 0.683672 0.702850 0.763190 
0.467350 0.474554 0.359241 0.301826 0.330873 
0.645540 0.667449 0.590661 0.636522 0.450232 
0.785561 0.495079 0.774663 0.671939 0.667924 
0.468285 0.546877 0.318200 0.448727 0.483851 
0.376317 0.443980 0.372133 0.505614 0.398011 
0.294076 0.205375 0.256167 0.214542 0.220207 
0.511284 0.503290 0.331945 0.596772 0.242954 
0.643772 0.689126 0.616427 0.694928 0.592193 
0.397089 0.350004 0.362376 0.255513 0.477480 
0.560176 0.307406 0.601816 0.497555 0.293139 
0.483857 0.389765 0.471648 0.374174 0.523355 
0.149746 0.615855 0.468878 0.353199 0.783447 
0.430026 0.378507 0.395842 0.435062 0.188616 
0.526616 0.301045 0.469083 0.328509 0.528217 
0.682199 0.462127 0.665328 0.575098 0.638861 
0.401093 0.445547 0.753771 0.493505 0.464043 
0.609561 0.742398 0.389235 0.469055 0.420759 
0.423161 0.573147 0.375431 0.524882 0.408600 
0.641249 0.455443 0.699204 0.448459 0.602991 
0.266940 0.182993 0.219690 0.213879 0.232061 
0.440206 0.527022 0.213066 0.573974 0.351502 
0.620263 0.377077 0.232004 0.285460 0.402681 
0.910805 0.835682 0.857041 0.806112 0.893102 
0.454420 0.499772 0.625283 0.370417 0.684573 
0.536277 0.625236 0.578583 0.396729 0.658994 
0.672145 0.515105 0.597927 0.537533 0.647561 
0.394266 0.721470 0.619323 0.676244 0.763169 
0.641773 0.743262 0.760122 0.599043 0.725847 
0.395087 0.282545 0.356086 0.350175 0.321366 
0.457417 0.435530 0.610763 0.429134 0.536237 
0.376223 0.379651 0.369672 0.388644 0.471468 
0.594665 0.645270 0.472218 0.649899 0.528840 
0.754051 0.532210 0.633000 0.612534 0.459263 
0.373467 0.211835 0.212953 0.319282 0.180166 
0.423159 0.474758 0.371646 0.354247 0.617014 
0.432768 0.339257 0.313489 0.276022 0.387817 
0.507332 0.427592 0.486443 0.363378 0.617734 
0.531834 0.728774 0.709811 0.673843 0.775766 
0.565657 0.604096 0.600967 0.634229 0.642646 
0.537328 0.604669 0.516140 0.611736 0.564193 
0.801427 0.477519 0.665200 0.584392 0.533834 
0.606668 0.504814 0.313323 0.631738 0.243368 
0.688705 0.735014 0.718703 0.523459 0.660800 
0.519770 0.723114 0.185596 0.735573 0.612766 
0.578420 0.543339 0.502608 0.354044 0.558913 
0.652548 0.768963 0.642807 0.743416 0.642117 
0.759562 0.419091 0.388013 0.497822 0.348950 
0.583419 0.569153 0.477214 0.540236 0.668197 
0.674458 0.407205 0.576751 0.696708 0.532084 
0.605372 0.539488 0.593612 0.394978 0.593043 
0.355509 0.388520 0.359652 0.181106 0.517210 
0.529051 0.516011 0.505182 0.529038 0.331414 
0.611362 0.482890 0.816546 0.580104 0.579280 
0.448689 0.487614 0.455238 0.528469 0.518343 
0.522434 0.635391 0.498590 0.619504 0.740477 
0.514389 0.258068 0.314663 0.598033 0.533632 
0.764337 0.662399 0.827256 0.703727 0.718299 
0.598010 0.640473 0.645525 0.657798 0.588808 
0.469233 0.219991 0.488813 0.328812 0.308352 
0.446640 0.485828 0.606265 0.578503 0.508247 
0.352537 0.506899 0.411969 0.579263 0.439882 
0.675779 0.575081 0.791568 0.777227 0.541409 
0.798857 0.639952 0.833110 0.785659 0.766209 
0.478159 0.372173 0.450127 0.527637 0.375681 
0.484323 0.469642 0.501297 0.465977 0.354054 
0.744042 0.676661 0.730168 0.641081 0.851325 
0.765544 0.574906 0.573668 0.637032 0.406186 
0.316425 0.662013 0.449710 0.458279 0.761186 
0.552246 0.391611 0.442527 0.514947 0.412298 
0.614491 0.447110 0.544487 0.504452 0.245692 
0.758577 0.497047 0.600539 0.637337 0.413950 
0.361330 0.353999 0.399815 0.164777 0.472445 
0.337999 0.440438 0.422096 0.236050 0.507091 
0.434331 0.540286 0.422293 0.777876 0.394030 
0.627656 0.388760 0.710369 0.569268 0.309764 
0.523647 0.577592 0.607238 0.473598 0.851512 
0.488039 0.794996 0.588500 0.650637 0.656991 
0.658563 0.518968 0.571168 0.597016 0.620296 
0.421015 0.599864 0.570477 0.237683 0.616983 
0.334362 0.261812 0.383291 0.342892 0.326882 
0.712131 0.712485 0.801591 0.648180 0.687483 
0.451944 0.662313 0.519716 0.437949 0.620158 
0.498592 0.453156 0.301840 0.568539 0.578382 
0.292300 0.373412 0.472991 0.476924 0.699591 
0.334685 0.381190 0.312004 0.426480 0.293836 
0.630802 0.494412 0.504519 0.528679 0.396683 
0.658319 0.550270 0.587859 0.516080 0.537771 
0.534289 0.531678 0.627035 0.557874 0.270376 
0.615027 0.669397 0.530494 0.627538 0.653418 
0.581430 0.573661 0.514595 0.430559 0.566006 
0.195156 0.314769 0.240948 0.252345 0.260797 
0.646869 0.414303 0.478193 0.582240 0.306966 
0.580647 0.588999 0.707310 0.657962 0.751763 
0.514792 0.400969 0.500221 0.631207 0.303633 
0.469289 0.451476 0.599439 0.291004 0.546420 
0.479674 0.320081 0.599473 0.557615 0.393474 
0.641976 0.670601 0.715151 0.494822 0.542456 
0.764300 0.694170 0.669940 0.658959 0.833412 
0.651476 0.401819 0.473604 0.656177 0.598808 
0.219647 0.303395 0.443801 0.279684 0.311075 
0.640273 0.616672 0.662723 0.651242 0.653194 
0.374233 0.477563 0.431402 0.420270 0.785397 
0.649568 0.370678 0.690855 0.509897 0.347961 
0.437690 0.335602 0.440264 0.359359 0.488290 
0.719446 0.746649 0.696458 0.719379 0.746796 
0.226708 0.277094 0.271970 0.271354 0.142776 
0.339211 0.203006 0.341160 0.329177 0.220936 
0.558491 0.584522 0.629298 0.599036 0.582838 
0.292416 0.379611 0.382793 0.307904 0.353772 
0.531313 0.615613 0.624107 0.612003 0.561818 
0.425066 0.604241 0.458691 0.539730 0.603218 
0.477891 0.627185 0.604614 0.475241 0.624046 
0.629948 0.504243 0.855389 0.509458 0.628190 
0.569946 0.767508 0.522851 0.516307 0.528344 
0.491586 0.575778 0.574343 0.647033 0.559440 
0.468467 0.570387 0.514220 0.675869 0.601104 
0.670680 0.755354 0.453609 0.675016 0.761367 
0.583208 0.489816 0.589008 0.502041 0.716195 
0.429909 0.340589 0.446980 0.160585 0.466670 
0.615702 0.625450 0.471032 0.433132 0.578081 
0.826858 0.584392 0.683956 0.609329 0.694189 
0.602591 0.458292 0.542674 0.605097 0.432855 
0.430181 0.526126 0.448288 0.482901 0.475357 
0.239166 0.358771 0.276135 0.304994 0.194159 
0.610930 0.634910 0.719212 0.493804 0.741666 
0.464535 0.417243 0.370831 0.538765 0.528134 
0.569676 0.347906 0.588768 0.571572 0.392114 
0.658831 0.566341 0.603655 0.535408 0.623545 
0.560283 0.526767 0.496172 0.600565 0.652210 
0.593453 0.705934 0.716652 0.544039 0.690912 
0.239271 0.443711 0.139715 0.294651 0.350542 
0.580643 0.439285 0.454432 0.295883 0.468122 
0.673615 0.808797 0.410972 0.654111 0.560680 
0.479120 0.682648 0.339243 0.381500 0.512681 
0.643549 0.567590 0.606284 0.545341 0.521511 
0.733099 0.512163 0.683303 0.729167 0.646537 
0.578622 0.316690 0.529897 0.389787 0.512045 
0.351462 0.346130 0.290500 0.251414 0.280964 
0.821500 0.323454 0.668236 0.662385 0.283920 
0.705923 0.679137 0.553042 0.788237 0.477878 
0.488908 0.387141 0.391728 0.434165 0.559462 
0.787537 0.574554 0.615650 0.854291 0.584411 
0.473313 0.223094 0.586876 0.275389 0.452512 
0.733692 0.402794 0.682824 0.438875 0.586566 
0.414288 0.458904 0.398678 0.355334 0.327881 
0.647937 0.731825 0.669971 0.738151 0.782464 
0.656377 0.432287 0.270392 0.617983 0.354161 
0.436622 0.501937 0.490788 0.564960 0.586508 
0.563264 0.348411 0.458533 0.397986 0.430955 
0.699621 0.750572 0.819347 0.786767 0.826389 
0.775343 0.748564 0.569562 0.802679 0.759859 
0.473163 0.406696 0.299758 0.482959 0.245775 
0.518304 0.610659 0.385450 0.550978 0.581807 
0.435288 0.141735 0.485913 0.365934 0.351631 
0.375550 0.530888 0.368537 0.749485 0.414407 
0.776880 0.598909 0.617201 0.694430 0.499785 
0.803323 0.617184 0.666425 0.725820 0.592228 
0.574490 0.533407 0.526806 0.458937 0.719441 
0.627704 0.605359 0.613475 0.630315 0.651804 
0.644731 0.528510 0.457252 0.561158 0.611638 
0.322442 0.417956 0.549162 0.578737 0.371916 
0.498269 0.548835 0.457366 0.660548 0.603644 
0.493247 0.299424 0.574862 0.392716 0.244038 
0.561645 0.310558 0.352026 0.381627 0.144906 
0.307375 0.499924 0.204939 0.490568 0.356716 
0.672354 0.394517 0.709088 0.617537 0.709027 
0.455068 0.420700 0.436153 0.502074 0.325194 
0.727332 0.368822 0.431983 0.791356 0.321065 
0.648533 0.509432 0.802584 0.605302 0.514415 
0.582068 0.439213 0.756263 0.489431 0.586142 
0.463373 0.707504 0.536052 0.334036 0.644958 
0.491704 0.501007 0.449987 0.329032 0.677527 
0.326406 0.468287 0.337453 0.244672 0.550132 
0.577526 0.756672 0.407938 0.443122 0.546763 
0.579879 0.758194 0.550967 0.559625 0.658295 
0.745096 0.867113 0.800149 0.906713 0.736303 
0.545403 0.492957 0.547385 0.589973 0.679446 
0.529000 0.671272 0.455061 0.670023 0.546974 
0.589642 0.322935 0.584411 0.479634 0.229451 
0.710210 0.754963 0.885431 0.600653 0.817023 
0.383848 0.268221 0.394072 0.285246 0.244666 
0.640397 0.613245 0.697658 0.727105 0.755391 
0.583655 0.352081 0.607431 0.601540 0.473929 
0.484233 0.246752 0.375306 0.582256 0.300582 
0.361976 0.479497 0.408316 0.258455 0.539133 
0.668965 0.602707 0.701113 0.625960 0.603017 
0.788079 0.612156 0.651728 0.675410 0.699016 
0.470378 0.475433 0.692784 0.668922 0.334773 
0.716059 0.769467 0.612801 0.829864 0.753042 
0.377448 0.306339 0.375506 0.202034 0.362634 
0.736328 0.759918 0.632612 0.585462 0.560858 
0.546781 0.804874 0.494074 0.703866 0.645850 
0.502690 0.490149 0.409990 0.437067 0.706400 
0.433298 0.541919 0.332903 0.539145 0.318556 
0.446728 0.503164 0.443205 0.316708 0.482902 
0.286187 0.403621 0.565012 0.339762 0.701987 
0.482863 0.553427 0.424320 0.469088 0.328926 
0.865545 0.821942 0.828398 0.831886 0.902726 
0.400735 0.528170 0.429103 0.620684 0.615542 
0.626138 0.633924 0.369509 0.682722 0.286653 
0.194491 0.414047 0.295130 0.289323 0.311486 
0.557440 0.271604 0.526859 0.355277 0.472458 
0.536732 0.629333 0.539866 0.540714 0.475282 
0.488636 0.463618 0.403472 0.360726 0.349903 
0.367180 0.329923 0.393721 0.443066 0.433229 
0.662478 0.523673 0.732698 0.607220 0.825009 
0.698320 0.750275 0.601713 0.590995 0.566086 
0.186510 0.528217 0.503160 0.357049 0.673384 
0.304806 0.312056 0.282631 0.450522 0.294588 
0.470678 0.537355 0.383820 0.708657 0.586795 
0.351778 0.400881 0.198521 0.531496 0.602120 
0.716933 0.841257 0.680858 0.787180 0.793792 
0.566038 0.717711 0.342095 0.612572 0.414114 
0.463389 0.456356 0.497265 0.530307 0.474109 
0.492778 0.551982 0.755841 0.609381 0.685734 
0.526759 0.516751 0.437858 0.550752 0.585096 
0.524926 0.493840 0.427307 0.465618 0.500311 
0.705810 0.732274 0.757046 0.720828 0.779161 
0.803567 0.721763 0.784748 0.764975 0.727710 
0.653271 0.582152 0.786483 0.540047 0.591471 
0.494295 0.410645 0.479531 0.408336 0.482538 
0.624485 0.499907 0.563956 0.446159 0.583744 
0.492995 0.551491 0.655507 0.611083 0.701009 
0.283477 0.277357 0.546939 0.340941 0.356334 
0.664618 0.714169 0.712674 0.509843 0.565761 
0.324859 0.354744 0.691953 0.459464 0.453053 
0.346008 0.250069 0.457251 0.221523 0.206263 
0.355883 0.411738 0.274134 0.499977 0.410292 
0.704852 0.646414 0.779276 0.762145 0.635023 
0.353375 0.446041 0.253594 0.380385 0.393636 
0.654816 0.556916 0.625780 0.667393 0.543884 
0.430062 0.525011 0.523186 0.338567 0.397952 
0.746828 0.741625 0.730894 0.693142 0.696848 
0.264859 0.456636 0.521140 0.181718 0.690907 
0.416011 0.306268 0.450276 0.409611 0.254414 
0.716854 0.627180 0.683857 0.665378 0.628462 
0.281444 0.193763 0.397594 0.222036 0.367486 
0.450006 0.721231 0.543829 0.432585 0.752994 
0.398236 0.510904 0.458038 0.343721 0.469770 
0.493524 0.626746 0.695591 0.453662 0.463156 
0.454545 0.437276 0.859945 0.464024 0.551030 
0.328150 0.564371 0.366603 0.580853 0.465743 
0.776694 0.668651 0.719478 0.754674 0.629328 
0.474968 0.375818 0.445486 0.412769 0.481108 
0.441627 0.417380 0.660510 0.388760 0.622116 
0.625659 0.380007 0.307781 0.518494 0.625287 
0.447260 0.462052 0.593993 0.250861 0.631207 
0.439982 0.526408 0.337653 0.789443 0.711878 
0.319252 0.320867 0.262104 0.384285 0.247705 
0.134001 0.174896 0.182724 0.197472 0.267752 
0.462306 0.263096 0.400740 0.452549 0.373118 
0.417998 0.232509 0.635500 0.272184 0.504460 
0.611259 0.354799 0.557072 0.377114 0.584420 
0.447986 0.557069 0.800489 0.289092 0.283955 
0.417569 0.306080 0.479931 0.398725 0.455121 
0.584461 0.359639 0.776270 0.549707 0.661149 
0.770664 0.753955 0.645448 0.828701 0.828295 
0.764606 0.674467 0.475488 0.526130 0.520455 
0.739330 0.489521 0.393350 0.472694 0.612229 
0.411566 0.586711 0.555389 0.587363 0.594272 
0.277335 0.627057 0.504442 0.409183 0.435585 
0.324563 0.379814 0.424575 0.518250 0.572558 
0.111206 0.411180 0.089250 0.261878 0.338563 
0.542803 0.616252 0.620323 0.611095 0.525574 
0.512734 0.531870 0.362548 0.614359 0.294641 
0.700127 0.431665 0.547605 0.552667 0.625080 
0.652212 0.768115 0.750735 0.751667 0.861195 
0.415115 0.614225 0.467221 0.520015 0.382750 
0.535676 0.805298 0.463449 0.543276 0.585215 
0.568457 0.620151 0.601627 0.434997 0.574802 
0.582939 0.520817 0.570918 0.708946 0.407473 
0.751432 0.752540 0.775883 0.727100 0.740528 
0.361852 0.492660 0.334312 0.441865 0.557967 
0.419920 0.256082 0.227533 0.320234 0.363387 
0.266237 0.462426 0.294135 0.310402 0.492897 
0.673144 0.602013 0.758420 0.538545 0.656975 
0.643993 0.687049 0.408668 0.665745 0.444122 
0.716906 0.806328 0.737598 0.755593 0.667833 
0.167093 0.347802 0.224762 0.210554 0.247097 
0.689394 0.722610 0.740619 0.719333 0.754823 
0.389269 0.495144 0.430393 0.275597 0.569397 
0.475013 0.628192 0.565291 0.335230 0.604150 
0.658828 0.510487 0.502589 0.463425 0.606392 
0.613509 0.377599 0.651597 0.365138 0.474818 
0.413200 0.473244 0.479730 0.613815 0.647164 
0.465281 0.573833 0.393491 0.491825 0.439976 
0.695947 0.516535 0.642011 0.649212 0.783374 
0.439440 0.393269 0.374858 0.404028 0.417046 
0.571738 0.511696 0.358307 0.521773 0.580666 
0.429199 0.620017 0.516248 0.513008 0.385145 
0.648824 0.675323 0.512860 0.582701 0.642610 
0.761196 0.740459 0.679877 0.622664 0.708596 
0.387534 0.628050 0.706576 0.548387 0.692858 
0.690107 0.567844 0.619502 0.574126 0.605720 
0.348030 0.534076 0.385398 0.525873 0.532171 
0.883444 0.846111 0.859743 0.812601 0.872229 
0.190181 0.440251 0.413617 0.254795 0.514382 
0.806939 0.552756 0.717099 0.575896 0.528827 
0.779000 0.609332 0.706506 0.626885 0.775024 
0.407755 0.402971 0.508658 0.550365 0.617388 
0.401987 0.338709 0.293137 0.391758 0.369756 
0.505550 0.420362 0.624231 0.361966 0.422702 
0.312344 0.449596 0.323878 0.230427 0.482139 
0.735237 0.655226 0.652419 0.677693 0.767306 
0.849417 0.559779 0.529774 0.319973 0.561402 
0.425555 0.379349 0.372959 0.608738 0.336950 
0.594502 0.632701 0.714683 0.556707 0.481937 
0.193487 0.394797 0.217590 0.401515 0.177589 
0.404304 0.612007 0.488991 0.447569 0.638642 
0.485498 0.574072 0.665530 0.438245 0.593031 
0.697777 0.685836 0.623334 0.767088 0.673056 
0.713468 0.692955 0.625636 0.749525 0.698995 
0.255890 0.366415 0.451747 0.215420 0.475574 
0.566053 0.578445 0.339405 0.606991 0.426232 
0.278976 0.299040 0.259131 0.281514 0.227238 
0.375081 0.240026 0.531894 0.572917 0.263537 
0.667512 0.772524 0.573024 0.733255 0.726740 
0.608672 0.660058 0.680899 0.465404 0.563254 
0.360568 0.338186 0.503332 0.407319 0.442816 
0.458035 0.268086 0.269806 0.353767 0.378110 
0.551649 0.732810 0.410564 0.523726 0.429352 
0.677393 0.383575 0.499086 0.816355 0.191205 
0.416482 0.547926 0.429740 0.461642 0.313789 
0.503603 0.615538 0.490747 0.635044 0.543976 
0.434494 0.658883 0.435617 0.709741 0.473635 
0.654922 0.541461 0.474681 0.601802 0.584825 
0.376472 0.564352 0.455009 0.605589 0.528532 
0.534147 0.494374 0.527090 0.279386 0.581340 
0.559095 0.495445 0.508932 0.500800 0.402610 
0.380705 0.173276 0.397483 0.309970 0.200041 
0.398832 0.549415 0.645704 0.452255 0.519615 
0.486520 0.244662 0.323832 0.257454 0.414487 
0.557737 0.427388 0.563424 0.580482 0.366146 
0.781241 0.632012 0.880674 0.705096 0.749767 
0.754222 0.232544 0.694693 0.561047 0.361950 
0.276042 0.532096 0.312402 0.339604 0.344227 
0.448208 0.369187 0.340507 0.332889 0.377014 
0.278650 0.258226 0.565582 0.328296 0.475113 
0.200107 0.142019 0.146175 0.131184 0.159730 
0.563489 0.691162 0.674608 0.617363 0.569521 
0.582117 0.339878 0.644615 0.402349 0.563498 
0.706834 0.272254 0.672808 0.474250 0.548365 
0.298036 0.115906 0.290892 0.171177 0.188511 
0.497905 0.561519 0.593493 0.538668 0.356749 
0.375798 0.258205 0.356810 0.370461 0.364772 
0.394664 0.418644 0.467953 0.378344 0.372141 
0.705001 0.688891 0.752073 0.654658 0.683190 
0.325039 0.329729 0.489693 0.267086 0.330879 
0.487154 0.422841 0.468083 0.544042 0.415988 
0.290218 0.348507 0.149292 0.283372 0.258720 
0.088226 0.462476 0.389192 0.379431 0.346672 
0.522818 0.475480 0.680703 0.352180 0.580716 
0.471556 0.552242 0.370469 0.648577 0.515328 
0.508674 0.738601 0.329832 0.651367 0.577820 
0.779894 0.655119 0.870709 0.672246 0.658609 
0.481103 0.666238 0.494641 0.633666 0.683316 
0.393852 0.179957 0.563760 0.316099 0.306399 
0.520873 0.413761 0.645638 0.473502 0.709182 
0.424142 0.218267 0.444729 0.476810 0.215265 
0.575314 0.536415 0.611620 0.410472 0.618392 
0.608830 0.398086 0.468924 0.571222 0.323942 
0.619525 0.399530 0.567530 0.640833 0.420793 
0.494746 0.444488 0.372998 0.648087 0.699420 
0.460052 0.242675 0.357638 0.271301 0.472072 
0.527667 0.441459 0.585088 0.555378 0.696844 
0.635459 0.296924 0.543370 0.662374 0.329775 
0.618181 0.244098 0.326139 0.278828 0.515288 
0.596298 0.548495 0.504494 0.483713 0.594847 
0.478481 0.649470 0.419148 0.440814 0.693953 
0.548480 0.700578 0.464823 0.583225 0.469770 
0.778167 0.853360 0.807996 0.784941 0.755594 
0.573370 0.571241 0.505059 0.379875 0.613551 
0.569888 0.427361 0.645332 0.605398 0.520144 
0.469107 0.740421 0.462569 0.593151 0.681414 
0.405683 0.300783 0.316604 0.297258 0.349668 
0.438711 0.490050 0.342982 0.618550 0.435255 
0.619278 0.791062 0.655732 0.632086 0.551122 
0.692323 0.596531 0.693688 0.583538 0.445094 
0.494431 0.485511 0.715201 0.622330 0.623773 
0.502431 0.564568 0.518247 0.311134 0.409276 
0.628466 0.317417 0.520966 0.666324 0.280954 
0.476275 0.425138 0.324580 0.571324 0.123913 
0.640348 0.535014 0.808323 0.576332 0.603397 
0.311103 0.462965 0.688501 0.426875 0.559773 
0.508840 0.686290 0.716295 0.350660 0.597559 
0.345674 0.239291 0.563560 0.306466 0.500427 
0.332157 0.586098 0.440458 0.480880 0.592571 
0.572970 0.518707 0.636314 0.573419 0.385273 
0.390010 0.531324 0.355970 0.328055 0.397181 
0.489302 0.662606 0.726389 0.517989 0.714458 
0.636821 0.367489 0.604189 0.378840 0.551103 
0.330319 0.454817 0.196352 0.455214 0.485503 
0.367542 0.313829 0.368803 0.439590 0.251158 
0.579556 0.428222 0.848122 0.532602 0.687347 
0.205356 0.280542 0.275748 0.366740 0.214403 
0.560077 0.337849 0.587393 0.660750 0.516242 
0.259833 0.282980 0.308759 0.329729 0.274243 
0.521882 0.692796 0.657363 0.428093 0.637499 
0.697434 0.676472 0.476777 0.728738 0.663411 
0.268451 0.565889 0.552449 0.393395 0.602796 
0.818843 0.762348 0.806330 0.870003 0.784420 
0.435483 0.291829 0.432041 0.366596 0.459797 
0.386128 0.537188 0.487121 0.524083 0.462039 
0.367995 0.433507 0.419852 0.693642 0.543150 
0.454241 0.343017 0.496763 0.534296 0.456983 
0.568026 0.760442 0.455266 0.727651 0.469653 
0.571199 0.426270 0.631703 0.673828 0.638615 
0.516226 0.445273 0.480849 0.272465 0.412094 
0.428381 0.341456 0.551524 0.249036 0.599697 
0.468749 0.566306 0.441445 0.376122 0.278931 
0.642635 0.336562 0.283801 0.386232 0.315119 
0.481434 0.623583 0.708245 0.543521 0.436581 
0.420068 0.588695 0.302915 0.529587 0.412323 
0.451338 0.508493 0.587007 0.499162 0.555264 
0.753226 0.592482 0.673269 0.610797 0.523379 
0.496904 0.419753 0.273127 0.447994 0.315284 
0.567795 0.659513 0.526668 0.709016 0.645628 
0.338863 0.542710 0.329580 0.422927 0.460817 
0.558912 0.564915 0.539221 0.724481 0.507254 
0.523232 0.623340 0.660253 0.609692 0.562331 
0.724767 0.697068 0.686247 0.703973 0.657635 
0.467135 0.220997 0.562913 0.257775 0.255710 
0.298738 0.343580 0.584772 0.544881 0.351388 
0.674846 0.511506 0.666856 0.326733 0.759387 
0.739425 0.626662 0.751656 0.603488 0.723675 
0.605361 0.698631 0.448685 0.385298 0.509651 
0.604836 0.679541 0.616600 0.625433 0.572446 
0.554128 0.485627 0.422258 0.590323 0.509051 
0.399386 0.291771 0.480009 0.378109 0.373957 
0.400749 0.467435 0.510431 0.342750 0.707496 
0.662946 0.768750 0.677536 0.699714 0.845162 
0.365071 0.405234 0.368136 0.474601 0.355305 
0.328102 0.249060 0.368852 0.353028 0.309284 
0.650287 0.723961 0.750898 0.614845 0.732449 
0.345522 0.397220 0.407493 0.290769 0.446878 
0.481690 0.468090 0.264006 0.459918 0.419673 
