2 
2 
6 
4.000000 
5 
1.000000 
1.000000 
0 
6 
2 
312 
312 
312 
1 
0.758135 	0.532765 	
0
1.744190
0.351826 	0.668096 	
1
2.068681
0.795135 	0.908559 	
2
1.966526
0.975976 	0.486266 	
3
1.973824
0.210246 	0.549627 	
4
1.530224
0.641458 	0.720499 	
5
1.873090
0.457140 	0.362046 	
6
1.491016
0.543012 	0.521325 	
7
1.101342
0.963383 	0.539979 	
8
1.743130
0.566501 	0.719144 	
9
2.037798
0.747578 	0.127055 	
10
2.060791
0.568485 	0.366785 	
11
1.385824
0.420898 	0.320392 	
12
2.090455
0.968230 	0.705661 	
13
1.749095
0.974888 	0.437052 	
14
1.988198
0.151831 	0.964509 	
15
1.882476
0.059886 	0.963135 	
16
1.771045
0.174272 	0.345244 	
17
1.943312
0.870081 	0.100735 	
18
2.182657
0.588477 	0.649679 	
19
2.101123
0.046843 	0.121260 	
20
1.714049
0.993174 	0.859186 	
21
2.189803
0.371084 	0.108896 	
22
1.275352
0.462316 	0.566281 	
23
1.998300
0.372176 	0.947738 	
24
2.059430
0.141740 	0.607123 	
25
1.221036
0.758912 	0.026937 	
26
1.995184
0.192254 	0.725567 	
27
1.694639
0.073109 	0.730880 	
28
2.078418
0.719645 	0.054256 	
29
1.699542
0.512850 	0.250527 	
30
0.842110
0.066463 	0.962140 	
31
2.246788
0.895844 	0.663321 	
32
2.141156
0.500471 	0.031021 	
33
1.389086
0.009674 	0.385805 	
34
1.277134
0.914901 	0.015552 	
35
1.827825
0.595835 	0.926862 	
36
2.090974
0.289165 	0.257750 	
37
1.919186
0.102099 	0.998471 	
38
1.792719
0.291826 	0.111844 	
39
1.385130
0.756136 	0.889693 	
40
1.727205
0.210314 	0.532045 	
41
1.329710
0.344501 	0.063309 	
42
1.392250
0.002832 	0.822223 	
43
1.686881
0.965728 	0.066751 	
44
1.505278
0.536287 	0.078468 	
45
1.651289
0.512198 	0.566876 	
46
1.158054
0.800019 	0.388657 	
47
1.059851
0.208086 	0.555713 	
48
1.950037
0.277507 	0.067085 	
49
1.511471
0.622679 	0.498022 	
50
1.201291
0.337556 	0.977442 	
51
1.590630
0.720764 	0.942592 	
52
1.872450
0.522118 	0.076275 	
53
1.628243
0.445304 	0.037968 	
54
1.130253
0.951733 	0.294832 	
55
1.827865
0.825284 	0.699139 	
56
1.416186
0.931287 	0.891896 	
57
2.531397
0.525363 	0.514471 	
58
1.808659
0.849798 	0.287329 	
59
1.548494
0.138087 	0.935029 	
60
1.536420
0.992999 	0.019510 	
61
1.907374
0.410363 	0.861241 	
62
1.517195
0.185603 	0.060496 	
63
1.636588
0.447996 	0.167533 	
64
1.087501
0.808118 	0.053343 	
65
1.801504
0.915936 	0.289208 	
66
1.757842
0.359199 	0.461393 	
67
2.100900
0.136880 	0.662012 	
68
1.783982
0.582432 	0.142153 	
69
1.650700
0.682135 	0.574793 	
70
2.258263
0.351216 	0.673320 	
71
2.026275
0.983279 	0.490723 	
72
1.810729
0.493068 	0.516371 	
73
1.488292
0.876501 	0.937496 	
74
1.860601
0.571079 	0.037639 	
75
1.611136
0.175221 	0.299022 	
76
1.939436
0.441764 	0.309113 	
77
1.491932
0.088223 	0.905543 	
78
2.375390
0.947404 	0.463573 	
79
2.021038
0.723860 	0.289947 	
80
2.040794
0.768924 	0.022277 	
81
1.438165
0.475107 	0.135599 	
82
1.674865
0.537511 	0.631613 	
83
1.466499
0.865750 	0.030772 	
84
1.585295
0.997379 	0.044916 	
85
1.854990
0.270612 	0.814350 	
86
2.033588
0.892049 	0.109225 	
87
2.282697
0.499051 	0.000276 	
88
1.557764
0.330174 	0.973395 	
89
1.711013
0.146927 	0.719606 	
90
1.953230
0.413131 	0.839793 	
91
1.816966
0.011602 	0.599305 	
92
1.598774
0.927724 	0.677197 	
93
1.871310
0.607425 	0.902078 	
94
1.986170
0.005256 	0.890267 	
95
1.398257
0.967138 	0.482305 	
96
2.106858
0.401155 	0.779359 	
97
1.857207
0.174759 	0.961377 	
98
2.043833
0.139360 	0.205369 	
99
1.023823
0.199399 	0.759606 	
100
2.050325
0.372448 	0.026763 	
101
1.548112
0.895221 	0.212822 	
102
1.769374
0.196770 	0.012467 	
103
1.292683
0.006164 	0.873596 	
104
2.000959
0.883667 	0.318173 	
105
1.893698
0.485075 	0.557153 	
106
1.948169
0.937541 	0.156473 	
107
2.003039
0.478051 	0.738228 	
108
1.930792
0.543852 	0.861809 	
109
2.093895
0.990244 	0.413921 	
110
2.090455
0.047832 	0.957875 	
111
2.231247
0.358590 	0.998773 	
112
1.930829
0.035266 	0.479257 	
113
1.813385
0.390607 	0.065882 	
114
1.750360
0.873271 	0.703520 	
115
1.595494
0.307060 	0.621833 	
116
1.881294
0.734775 	0.122585 	
117
1.545010
0.897703 	0.857524 	
118
1.811920
0.322395 	0.955403 	
119
1.773608
0.934754 	0.491142 	
120
1.510068
0.956703 	0.576214 	
121
1.519027
0.852451 	0.733275 	
122
1.848411
0.816146 	0.959162 	
123
1.897115
0.064463 	0.838995 	
124
1.746052
0.617983 	0.790315 	
125
1.756010
0.532465 	0.910594 	
126
2.013242
0.765924 	0.809861 	
127
1.518265
0.747591 	0.485275 	
128
1.379734
0.904209 	0.120026 	
129
2.059768
0.729237 	0.896970 	
130
1.496806
0.380389 	0.906203 	
131
1.905170
0.022053 	0.332609 	
132
1.631241
0.436198 	0.384192 	
133
1.670708
0.891179 	0.083705 	
134
2.249935
0.845973 	0.656589 	
135
1.755196
0.391225 	0.873820 	
136
1.823182
0.500333 	0.937282 	
137
2.009090
0.307976 	0.958414 	
138
2.008851
0.842467 	0.036442 	
139
2.252561
0.667095 	0.953463 	
140
1.988620
0.482618 	0.235409 	
141
2.015023
0.583374 	0.915975 	
142
1.454273
0.136571 	0.058671 	
143
1.241539
0.805337 	0.287983 	
144
2.070222
0.478641 	0.019492 	
145
1.677812
0.987212 	0.101098 	
146
2.389988
0.764747 	0.937633 	
147
2.084969
0.559048 	0.981047 	
148
1.931916
0.513804 	0.904151 	
149
2.146174
0.125951 	0.998157 	
150
2.009302
0.099572 	0.199257 	
151
1.765077
0.992139 	0.214497 	
152
2.133123
0.807492 	0.599122 	
153
1.455482
0.290856 	0.920301 	
154
1.523872
0.811689 	0.218271 	
155
1.910850
0.022908 	0.911298 	
156
1.819341
0.305761 	0.946942 	
157
2.148446
0.151902 	0.856680 	
158
1.614747
0.410111 	0.029688 	
159
1.461947
0.694489 	0.594861 	
160
1.837563
0.233296 	0.678352 	
161
2.068133
0.710448 	0.522003 	
162
1.840816
0.868666 	0.045745 	
163
1.617713
0.388871 	0.370827 	
164
1.686454
0.774360 	0.627544 	
165
2.140075
0.108925 	0.866633 	
166
1.300921
0.671337 	0.407799 	
167
1.528292
0.899635 	0.450382 	
168
1.217767
0.629779 	0.253470 	
169
1.963355
0.637297 	0.818751 	
170
1.607130
0.998924 	0.569406 	
171
1.531736
0.437915 	0.313321 	
172
1.456211
0.080079 	0.263453 	
173
1.735867
0.033502 	0.936541 	
174
1.874865
0.637163 	0.625763 	
175
1.911657
0.116521 	0.857210 	
176
1.810127
0.199551 	0.781164 	
177
1.559599
0.238565 	0.527037 	
178
1.659927
0.870438 	0.458598 	
179
1.555757
0.108573 	0.951301 	
180
2.053375
0.002926 	0.531470 	
181
1.755479
0.906364 	0.911451 	
182
1.876183
0.745366 	0.757301 	
183
1.902074
0.929844 	0.831702 	
184
1.742777
0.893971 	0.051240 	
185
1.579979
0.112724 	0.979089 	
186
1.666695
0.327718 	0.895451 	
187
1.685991
0.210428 	0.731930 	
188
1.553287
0.163401 	0.930912 	
189
2.509541
0.860653 	0.832616 	
190
2.121854
0.200582 	0.934401 	
191
1.443966
0.234969 	0.744379 	
192
1.563019
0.520994 	0.444990 	
193
1.553607
0.936252 	0.367105 	
194
1.588648
0.029414 	0.648903 	
195
1.304260
0.541590 	0.419923 	
196
1.726610
0.039946 	0.788967 	
197
1.853012
0.847776 	0.477747 	
198
1.358420
0.647695 	0.487029 	
199
1.911858
0.952214 	0.182718 	
200
1.900680
0.073643 	0.899773 	
201
1.666583
0.712782 	0.574710 	
202
1.537215
0.982797 	0.635682 	
203
1.683389
0.678188 	0.420078 	
204
0.951677
0.586895 	0.193024 	
205
1.187419
0.257283 	0.143832 	
206
1.432456
0.423357 	0.086019 	
207
1.758566
0.476918 	0.047749 	
208
1.793238
0.991198 	0.103235 	
209
2.025665
0.253650 	0.052508 	
210
1.857278
0.002707 	0.800734 	
211
1.752182
0.893618 	0.983986 	
212
2.078073
0.985731 	0.137349 	
213
1.797027
0.496896 	0.039727 	
214
1.621109
0.627556 	0.321803 	
215
1.189305
0.501071 	0.925736 	
216
1.334385
0.002626 	0.480277 	
217
1.681916
0.653465 	0.615000 	
218
1.946985
0.580111 	0.416116 	
219
1.139297
0.970688 	0.061750 	
220
1.837994
0.365337 	0.992950 	
221
1.420341
0.282300 	0.783085 	
222
2.032933
0.607431 	0.681805 	
223
1.020489
0.254945 	0.963544 	
224
2.071754
0.206841 	0.151983 	
225
1.765632
0.559402 	0.449389 	
226
1.864259
0.873324 	0.381708 	
227
1.410038
0.131657 	0.336212 	
228
1.547477
0.086366 	0.598658 	
229
1.489156
0.961816 	0.666838 	
230
1.824568
0.008421 	0.620435 	
231
1.710537
0.572742 	0.028764 	
232
1.743513
0.148276 	0.213644 	
233
1.526812
0.053531 	0.364734 	
234
1.910647
0.114305 	0.471925 	
235
1.650802
0.961151 	0.494801 	
236
2.126204
0.988269 	0.743299 	
237
1.815141
0.001692 	0.485426 	
238
2.030255
0.698723 	0.382418 	
239
1.928625
0.493059 	0.389190 	
240
1.470428
0.338019 	0.906989 	
241
1.550821
0.477020 	0.525219 	
242
1.667953
0.698200 	0.059968 	
243
2.061476
0.144029 	0.574212 	
244
1.671506
0.021571 	0.897240 	
245
2.463306
0.051516 	0.810570 	
246
1.275428
0.805043 	0.311168 	
247
2.071506
0.134029 	0.697029 	
248
1.054187
0.950581 	0.000858 	
249
2.242770
0.441434 	0.344836 	
250
2.174445
0.875405 	0.599433 	
251
2.068265
0.180679 	0.605168 	
252
1.255026
0.441590 	0.123342 	
253
1.428387
0.256450 	0.402665 	
254
1.261687
0.867648 	0.022690 	
255
1.508926
0.614619 	0.807769 	
256
1.798797
0.793928 	0.242603 	
257
2.216563
0.602618 	0.802527 	
258
1.730591
0.753292 	0.071063 	
259
1.587907
0.384368 	0.694089 	
260
1.682051
0.119250 	0.711706 	
261
1.613468
0.609450 	0.038553 	
262
1.774602
0.859506 	0.078488 	
263
1.731372
0.406268 	0.996360 	
264
2.353820
0.129345 	0.359252 	
265
1.655746
0.769080 	0.266913 	
266
1.236705
0.120544 	0.713926 	
267
1.700805
0.803658 	0.978154 	
268
1.857472
0.812204 	0.072049 	
269
1.675426
0.832691 	0.209157 	
270
1.713011
0.638316 	0.159843 	
271
1.380066
0.530670 	0.047510 	
272
1.520103
0.088232 	0.323046 	
273
2.032482
0.408059 	0.302503 	
274
1.564811
0.302738 	0.704745 	
275
1.266710
0.248377 	0.342103 	
276
1.554098
0.020354 	0.749412 	
277
1.747705
0.021896 	0.268549 	
278
1.998777
0.012086 	0.758040 	
279
1.574528
0.587992 	0.558631 	
280
1.382208
0.586680 	0.475878 	
281
1.590821
0.714489 	0.084705 	
282
1.018329
0.665003 	0.020859 	
283
1.934904
0.277322 	0.057697 	
284
1.819481
0.774216 	0.286096 	
285
2.068887
0.423153 	0.057398 	
286
2.013888
0.868322 	0.020588 	
287
1.691324
0.658852 	0.088455 	
288
1.903510
0.796732 	0.877263 	
289
1.781573
0.391674 	0.678367 	
290
1.611074
0.400003 	0.998566 	
291
1.779005
0.668529 	0.141908 	
292
2.311270
0.774592 	0.108071 	
293
2.136309
0.224992 	0.810697 	
294
1.666803
0.206057 	0.998578 	
295
1.482837
0.526735 	0.625401 	
296
1.930538
0.058991 	0.281715 	
297
1.351503
0.238640 	0.309669 	
298
1.815037
0.512406 	0.902625 	
299
1.840438
0.085013 	0.707991 	
300
2.067083
0.763710 	0.411953 	
301
1.681784
0.985802 	0.551560 	
302
1.794382
0.634219 	0.245137 	
303
1.585436
0.140191 	0.925746 	
304
2.166012
0.627361 	0.015547 	
305
2.007918
0.647863 	0.303465 	
306
1.909335
0.416364 	0.246019 	
307
1.294928
0.890643 	0.067867 	
308
1.882224
0.174811 	0.343995 	
309
1.525115
0.694107 	0.949776 	
310
1.821143
0.000282 	0.699451 	
311
1.940199
-0.464893 	0.209560 	
0.000000 
0.139192 	0.168976 	
0.000000 
-1.509442 	-0.838721 	
0.000000 
-1.415144 	0.270503 	
0.000000 
-0.194212 	-1.547212 	
0.000000 
0.128199 	0.665406 	
0.000000 
-1.564358 	1.566657 	
0.000000 
0.009191 	0.613706 	
0.000000 
-0.282337 	-0.937783 	
0.000000 
1.170986 	0.209779 	
0.000000 
0.141305 	1.050982 	
0.000000 
-0.953258 	0.570734 	
0.000000 
547115672 	328592486 	
659464409 	1175767298 	
659464409 	1175767298 	
547115672 	328592486 	
659464409 	1175767298 	
547115672 	328592486 	
3 
312 
2 
312 
-5 
2 
272 
1 
328592486 
305 
1 
1175767298 
37449579 
509666093 
282391604 
46200882 
3 
312 
2 
312 
-5 
2 
152 
1 
1314369944 
305 
1 
1175767298 
37449579 
509666093 
282391604 
46200882 
3 
312 
1 
312 
-5 
2 
305 
1 
1175767298 
37449579 
509666093 
282391604 
46200882 
3 
312 
2 
312 
-5 
2 
272 
1 
328592486 
305 
1 
1175767298 
37449579 
509666093 
282391604 
46200882 
3 
312 
1 
312 
-5 
2 
305 
1 
1175767298 
37449579 
509666093 
282391604 
46200882 
3 
312 
2 
312 
-5 
2 
119 
1 
467195132 
272 
1 
328592486 
37449579 
509666093 
282391604 
46200882 
1 1 
-1 1 
-1 1 
1 1 
-1 1 
1 1 
0.000282	0.699451	
0 	0 
0 	0 
0 	0 
0 	0 
0 	0 
0 	0 
0 	0 
0 	0 
0 	0 
0 	0 
0 	0 
0 	0 
0 	0 
0 	0 
0 	0 
0 	0 
0 	0 
0 	0 
0 	0 
0 	0 
0 	0 
0 	0 
0 	0 
0 	0 
0 	0 
0 	0 
0 	0 
0 	0 
0 	0 
0 	0 
0 	0 
0 	0 
0 	0 
0 	0 
0 	0 
0 	0 
0 	0 
0 	0 
0 	0 
0 	0 
0 	0 
0 	0 
0 	0 
0 	0 
0 	0 
0 	0 
0 	0 
0 	0 
0 	0 
0 	0 
0 	0 
0 	0 
0 	0 
0 	0 
0 	0 
0 	0 
0 	0 
0 	0 
0 	0 
0 	0 
0 	0 
0 	0 
0 	0 
0 	0 
0 	0 
0 	0 
0 	0 
0 	0 
0 	0 
0 	0 
0 	0 
0 	0 
0 	0 
0 	0 
0 	0 
0 	0 
0 	0 
0 	0 
0 	0 
0 	0 
0 	0 
0 	0 
0 	0 
0 	0 
0 	0 
0 	0 
0 	0 
0 	0 
0 	0 
0 	0 
0 	0 
0 	0 
0 	0 
0 	0 
0 	0 
0 	0 
0 	0 
0 	0 
0 	0 
0 	0 
0 	0 
0 	0 
0 	0 
0 	0 
0 	0 
0 	0 
0 	0 
0 	0 
0 	0 
0 	0 
0 	0 
0 	0 
0 	0 
0 	0 
0 	0 
0 	0 
0 	0 
0 	0 
0 	0 
0 	0 
0 	0 
0 	0 
0 	0 
0 	0 
0 	0 
0 	0 
0 	0 
0 	0 
0 	0 
0 	0 
0 	0 
0 	0 
0 	0 
0 	0 
0 	0 
0 	0 
0 	0 
0 	0 
0 	0 
0 	0 
0 	0 
0 	0 
0 	0 
0 	0 
0 	0 
0 	0 
0 	0 
0 	0 
0 	0 
0 	0 
0 	0 
0 	0 
0 	0 
0 	0 
0 	0 
0 	0 
0 	0 
0 	0 
0 	0 
0 	0 
0 	0 
0 	0 
0 	0 
0 	0 
0 	0 
0 	0 
0 	0 
0 	0 
0 	0 
0 	0 
0 	0 
0 	0 
0 	0 
0 	0 
0 	0 
0 	0 
0 	0 
0 	0 
0 	0 
0 	0 
0 	0 
0 	0 
0 	0 
0 	0 
0 	0 
0 	0 
0 	0 
0 	0 
0 	0 
0 	0 
0 	0 
0 	0 
0 	0 
0 	0 
0 	0 
0 	0 
0 	0 
0 	0 
0 	0 
0 	0 
0 	0 
0 	0 
0 	0 
0 	0 
0 	0 
0 	0 
0 	0 
0 	0 
0 	0 
0 	0 
0 	0 
0 	0 
0 	0 
0 	0 
0 	0 
0 	0 
0 	0 
0 	0 
0 	0 
0 	0 
0 	0 
0 	0 
0 	0 
0 	0 
0 	0 
0 	0 
0 	0 
0 	0 
0 	0 
0 	0 
0 	0 
0 	0 
0 	0 
0 	0 
0 	0 
0 	0 
0 	0 
0 	0 
0 	0 
0 	0 
0 	0 
0 	0 
0 	0 
0 	0 
0 	0 
0 	0 
0 	0 
0 	0 
0 	0 
0 	0 
0 	0 
0 	0 
0 	0 
0 	0 
0 	0 
0 	0 
0 	0 
0 	0 
0 	0 
0 	0 
0 	0 
0 	0 
0 	0 
0 	0 
0 	0 
0 	0 
0 	0 
0 	0 
0 	0 
0 	0 
0 	0 
0 	0 
0 	0 
0 	0 
0 	0 
0 	0 
0 	0 
0 	0 
0 	0 
0 	0 
0 	0 
0 	0 
0 	0 
0 	0 
0 	0 
0 	0 
0 	0 
0 	0 
0 	0 
0 	0 
0 	0 
0 	0 
0 	0 
0 	0 
0 	0 
0 	0 
0 	0 
0 	0 
0 	0 
0 	0 
0 	0 
0 	0 
0 	0 
0 	0 
0 	0 
0 	0 
0 	0 
0 	0 
0 	0 
0 	0 
0 	0 
0 	0 
