2
540
0.771615 0.636090
0.747710 0.664025
0.829140 0.559041
0.814310 0.580430
0.741438 0.671022
0.624695 0.780869
0.789891 0.613247
0.828341 0.560224
0.653620 0.756823
0.749413 0.662103
0.741918 0.670491
0.759711 0.650261
0.800492 0.599343
0.789283 0.614029
0.822192 0.569210
0.820722 0.571327
0.733642 0.679536
0.784699 0.619877
0.760374 0.649486
0.768543 0.639798
0.754305 0.656524
0.697984 0.716113
0.707107 0.707107
0.817323 0.576180
0.769437 0.638722
0.673630 0.739069
0.769108 0.639118
0.875242 0.483686
0.683424 0.730021
0.757652 0.652659
0.768742 0.639559
0.776788 0.629762
0.751317 0.659941
0.760654 0.649158
0.733986 0.679165
0.777591 0.628770
0.781197 0.624285
0.740282 0.672297
0.770675 0.637228
0.786290 0.617857
0.816881 0.576806
0.728200 0.685365
0.739058 0.673642
0.779867 0.625946
0.747717 0.664017
0.816205 0.577763
0.832050 0.554700
0.799180 0.601092
0.774337 0.632773
0.817094 0.576505
0.726079 0.687611
0.798757 0.601653
0.514496 0.857493
0.764998 0.644033
0.801262 0.598313
0.821370 0.570396
0.832050 0.554700
0.787332 0.616529
0.780335 0.625362
0.724007 0.689793
0.588172 0.808736
0.768884 0.639388
0.779041 0.626973
0.735931 0.677057
0.758302 0.651903
0.810224 0.586120
0.948683 0.316228
0.652940 0.757410
0.784843 0.619694
0.685365 0.728200
0.581238 0.813733
0.726920 0.686722
0.723356 0.690476
0.787648 0.616126
0.768358 0.640020
0.766438 0.642318
0.817436 0.576020
0.735590 0.677427
0.642612 0.766192
0.809422 0.587228
0.779180 0.626800
0.782198 0.623030
0.835043 0.550184
0.781411 0.624016
0.741760 0.670665
0.722051 0.691840
0.756061 0.654501
0.823080 0.567925
0.769708 0.638396
0.769254 0.638943
0.753037 0.657979
0.848633 0.528981
0.760056 0.649858
0.758967 0.651129
0.743898 0.668293
0.762408 0.647097
0.743294 0.668965
0.738485 0.674269
0.818687 0.574240
0.710748 0.703446
0.714142 0.700001
0.801460 0.598048
0.852601 0.522562
0.773453 0.633854
0.749094 0.662464
0.777941 0.628337
0.393919 0.919145
0.828849 0.559473
0.707107 0.707107
0.813824 0.581111
0.770032 0.638005
0.767458 0.641099
0.765520 0.643412
0.742305 0.670062
0.773957 0.633238
0.755173 0.655525
0.753360 0.657609
0.841544 0.540189
0.774055 0.633118
0.821968 0.569534
0.805337 0.592817
0.817187 0.576373
0.791144 0.611630
0.760141 0.649758
0.764500 0.644623
0.733430 0.679765
0.707107 0.707107
0.793120 0.609065
0.821959 0.569546
0.771172 0.636627
0.768659 0.639659
0.727461 0.686149
0.748997 0.662574
0.586120 0.810224
0.707107 0.707107
0.769680 0.638430
0.578017 0.816024
0.799098 0.601200
0.779867 0.625946
0.723990 0.689810
0.826188 0.563394
0.718909 0.695104
0.776993 0.629509
0.807381 0.590031
0.800000 0.600000
0.707107 0.707107
0.674269 0.738485
0.894427 0.447214
0.780492 0.625166
0.794951 0.606673
0.785738 0.618560
0.802441 0.596731
0.631426 0.775436
0.819982 0.572390
0.715288 0.698830
0.745448 0.666564
0.754024 0.656847
0.712879 0.701287
0.744960 0.667109
0.784030 0.620723
0.727061 0.686573
0.715187 0.698933
0.779715 0.626135
0.669334 0.742961
0.781818 0.623506
0.727013 0.686624
0.772834 0.634608
0.777432 0.628967
0.773326 0.634009
0.791486 0.611188
0.775712 0.631087
0.828283 0.560309
0.804712 0.593666
0.779415 0.626509
0.862286 0.506422
0.763301 0.646043
0.788361 0.615213
0.776458 0.630169
0.777245 0.629198
0.831299 0.555825
0.775462 0.631394
0.615271 0.788316
0.730448 0.682969
0.780573 0.625064
0.769108 0.639118
0.759068 0.651011
0.807496 0.589873
0.780133 0.625614
0.737154 0.675725
0.758396 0.651794
0.834094 0.551622
0.791782 0.610803
0.836335 0.548219
0.795002 0.606607
0.790006 0.613099
0.806132 0.591735
0.772635 0.634850
0.656179 0.754606
0.779012 0.627009
0.774865 0.632127
0.797678 0.603083
0.470588 0.882353
0.633238 0.773957
0.707107 0.707107
0.832050 0.554700
0.700529 0.713623
0.798124 0.602493
0.737901 0.674909
0.832050 0.554700
0.760222 0.649663
0.743294 0.668965
0.756429 0.654076
0.818100 0.575076
0.792668 0.609653
0.577465 0.816416
0.644136 0.764911
0.777304 0.629125
0.745998 0.665948
0.675158 0.737673
0.794120 0.607762
0.790446 0.612532
0.761385 0.648300
0.707107 0.707107
0.776191 0.630498
0.762434 0.647066
0.828342 0.560223
0.657919 0.753089
0.688749 0.724999
0.768221 0.640184
0.774209 0.632930
0.768221 0.640184
0.774279 0.632844
0.794694 0.607011
0.816024 0.578017
0.780146 0.625597
0.803276 0.595607
0.707107 0.707107
0.724288 0.689497
0.724766 0.688995
0.664364 0.747409
0.664364 0.747409
0.735583 0.677434
0.734120 0.679020
0.750872 0.660447
0.818497 0.574511
0.723062 0.690783
0.771223 0.636565
0.743294 0.668965
0.711966 0.702213
0.782823 0.622244
0.796072 0.605201
0.715376 0.698740
0.815733 0.578429
0.788813 0.614633
0.718602 0.695421
0.723356 0.690476
0.730487 0.682926
0.764417 0.644722
0.738446 0.674313
0.807979 0.589212
0.750714 0.660628
0.754872 0.655872
0.736328 0.676625
0.785269 0.619155
0.848564 0.529094
0.732030 0.681273
0.773207 0.634154
0.814228 0.580545
0.768221 0.640184
0.772388 0.635151
0.746660 0.665206
0.780671 0.624942
0.634739 0.772726
0.731237 0.682124
0.811443 0.584432
0.774970 0.631998
0.767005 0.641641
0.752309 0.658810
0.778805 0.627266
0.725705 0.688006
0.765438 0.643510
0.748747 0.662856
0.586120 0.810224
0.753773 0.657135
0.770637 0.637274
0.727138 0.686491
0.728200 0.685365
0.840759 0.541409
0.796057 0.605222
0.820606 0.571494
0.766758 0.641937
0.759444 0.650573
0.689826 0.723975
0.811071 0.584947
0.832050 0.554700
0.754234 0.656605
0.810439 0.585823
0.771304 0.636467
0.760746 0.649049
0.818602 0.574361
0.801895 0.597465
0.745893 0.666065
0.796289 0.604916
0.752478 0.658617
0.707107 0.707107
0.827851 0.560948
0.747873 0.663842
0.846173 0.532909
0.767795 0.640696
0.751505 0.659728
0.735895 0.677095
0.752577 0.658505
0.754788 0.655969
0.800000 0.600000
0.752577 0.658505
0.713309 0.700850
0.754840 0.655909
0.750433 0.660946
0.738485 0.674269
0.778452 0.627704
0.816749 0.576993
0.780032 0.625740
0.813733 0.581238
0.749268 0.662267
0.778211 0.628002
0.842200 0.539165
0.750073 0.661355
0.792339 0.610082
0.759333 0.650702
0.794429 0.607358
0.805056 0.593199
0.768452 0.639907
0.787056 0.616882
0.782288 0.622916
0.764641 0.644456
0.948683 0.316228
0.703756 0.710442
0.805133 0.593094
0.775510 0.631335
0.760757 0.649037
0.658505 0.752577
0.768564 0.639772
0.774449 0.632636
0.857493 0.514496
0.788024 0.615644
0.815412 0.578881
0.724574 0.689197
0.751270 0.659995
0.447214 0.894427
0.731836 0.681481
0.786399 0.617719
0.792187 0.610278
0.699880 0.714261
0.811239 0.584715
0.771550 0.636169
0.711414 0.702773
0.771322 0.636446
0.633238 0.773957
0.768221 0.640184
0.780287 0.625421
0.836244 0.548357
0.774143 0.633010
0.679437 0.733734
0.765665 0.643240
0.795333 0.606173
0.707107 0.707107
0.770242 0.637752
0.819232 0.573462
0.719910 0.694067
0.768221 0.640184
0.786939 0.617031
0.790994 0.611824
0.807934 0.589273
0.624695 0.780869
0.787924 0.615773
0.769874 0.638196
0.816239 0.577714
0.650791 0.759257
0.650791 0.759257
0.762276 0.647252
0.735339 0.677700
0.771773 0.635898
0.767034 0.641607
0.707107 0.707107
0.756707 0.653754
0.804532 0.593910
0.902861 0.429934
0.716770 0.697310
0.766879 0.641792
0.681966 0.731384
0.832050 0.554700
0.474100 0.880471
0.742393 0.669965
0.977802 0.209529
0.818351 0.574719
0.796356 0.604828
0.827984 0.560751
0.676405 0.736530
0.788340 0.615239
0.765220 0.643769
0.774369 0.632734
0.841952 0.539552
0.717279 0.696786
0.707107 0.707107
0.707107 0.707107
0.667811 0.744331
0.566529 0.824042
0.800000 0.600000
0.797613 0.603170
0.825659 0.564169
0.746880 0.664959
0.568191 0.822897
0.806255 0.591568
0.638189 0.769879
0.849707 0.527254
0.763109 0.646270
0.703145 0.711046
0.752577 0.658505
0.767572 0.640962
0.554700 0.832050
0.745241 0.666795
0.735958 0.677027
0.747015 0.664807
0.738180 0.674604
0.747409 0.664364
0.773102 0.634281
0.741654 0.670783
0.793206 0.608954
0.786053 0.618159
0.788496 0.615040
0.806601 0.591097
0.750393 0.660992
0.786809 0.617197
0.792624 0.609711
0.770354 0.637616
0.758075 0.652167
0.730271 0.683157
0.763632 0.645652
0.788389 0.615177
0.784277 0.620411
0.719844 0.694136
0.738485 0.674269
0.729951 0.683500
0.715590 0.698520
0.744784 0.667306
0.743741 0.668468
0.700877 0.713282
0.447214 0.894427
0.771887 0.635760
0.755131 0.655574
0.761628 0.648015
0.729868 0.683588
0.957826 0.287348
0.825307 0.564684
0.894427 0.447214
0.712926 0.701239
0.799655 0.600460
0.752053 0.659103
0.781329 0.624120
0.566529 0.824042
0.779796 0.626034
0.754368 0.656452
0.766021 0.642815
0.733108 0.680112
0.817720 0.575616
0.755843 0.654753
0.744784 0.667306
0.778472 0.627680
0.794064 0.607834
0.770903 0.636952
0.830229 0.557423
0.829846 0.557992
0.751277 0.659987
0.747346 0.664435
0.791663 0.610958
0.803557 0.595228
0.709024 0.705184
0.818839 0.574023
0.735631 0.677382
0.769182 0.639030
0.752577 0.658505
0.748347 0.663308
0.745304 0.666725
0.746440 0.665453
0.722935 0.690916
0.792308 0.610122
0.766879 0.641792
0.762392 0.647116
0.764963 0.644075
0.757410 0.652940
0.816968 0.576683
0.767082 0.641549
0.721387 0.692532
0.554700 0.832050
0.758185 0.652039
0.794768 0.606914
0.768780 0.639513
0.686916 0.726737
0.853282 0.521450
0.780869 0.624695
0.758185 0.652039
0.793640 0.608387
0.745027 0.667035
0.707107 0.707107
0.645942 0.763386
0.743294 0.668965
0.727689 0.685908
0.447214 0.894427
0.799892 0.600144
0.797420 0.603424
0.640184 0.768221
0.773439 0.633871
0.795432 0.606043
0.791782 0.610803
0.735016 0.678049
0.683941 0.729537
0.316228 0.948683
0.806221 0.591615
0.789122 0.614236
0.791505 0.611162
0.771930 0.635707
0.743830 0.668369
0.765731 0.643161
0.741554 0.670893
0.830951 0.556345
0.797171 0.603753
0.681650 0.731679
0.871380 0.490609
0.797020 0.603953
