0.998485 0.003416 
0.110189 0.953446 
0.693651 0.463535 
0.476348 0.617209 
0.310824 0.735546 
0.474389 0.497902 
0.506149 0.648129 
0.776778 0.207796 
0.313073 0.704043 
0.062166 0.907270 
0.610898 0.427382 
0.805671 0.186710 
0.521486 0.547560 
0.235745 0.889709 
0.194334 0.838663 
0.858074 0.038890 
0.995037 0.040010 
0.951376 0.143456 
0.817839 0.225400 
0.384556 0.726348 
0.629695 0.451575 
0.842325 0.198697 
0.704715 0.349290 
0.419750 0.542877 
0.460342 0.477295 
0.620905 0.457697 
0.363392 0.712918 
0.623365 0.257263 
0.395098 0.654146 
0.421801 0.528747 
0.998721 0.079293 
0.829027 0.194087 
0.359602 0.566675 
0.660119 0.310155 
0.831928 0.251684 
0.388338 0.612192 
0.692929 0.369483 
0.843604 0.027199 
0.627697 0.172902 
0.687696 0.490576 
0.428010 0.693502 
0.969851 0.015846 
0.254502 0.757374 
0.009963 0.940184 
0.412187 0.616849 
0.573472 0.549615 
0.298352 0.642118 
0.215567 0.924017 
0.493098 0.475670 
0.213384 0.635903 
0.571671 0.528971 
0.436752 0.636443 
0.407703 0.440742 
0.305395 0.682284 
0.049481 0.896653 
0.498442 0.495877 
0.074780 0.888918 
0.304460 0.687635 
0.877671 0.129885 
0.166690 0.930784 
0.030036 0.919700 
0.192339 0.845509 
0.310078 0.725206 
0.834748 0.200710 
0.610072 0.346048 
0.677963 0.310343 
0.354772 0.541534 
0.014629 0.866622 
0.458412 0.465461 
0.747368 0.295741 
0.762982 0.428280 
0.580856 0.438039 
0.400295 0.680350 
0.002091 0.988690 
0.985777 0.115119 
0.505451 0.505258 
0.351927 0.638159 
0.717339 0.384121 
0.860254 0.194903 
0.280441 0.587608 
0.072552 0.937767 
0.055392 0.849662 
0.217498 0.737404 
0.133582 0.803731 
0.745033 0.305013 
0.202470 0.790569 
0.545255 0.342853 
0.321068 0.816402 
0.237079 0.832417 
0.412892 0.668483 
0.193902 0.931859 
0.985093 0.116902 
0.197215 0.835384 
0.391946 0.548869 
0.424250 0.652678 
0.500449 0.476235 
0.783545 0.197667 
0.425488 0.673513 
0.376495 0.556023 
0.215453 0.747109 
0.234348 0.704258 
0.163742 0.944245 
0.409340 0.603927 
0.525268 0.408995 
0.699201 0.329850 
0.313433 0.696345 
0.787739 0.204442 
0.182647 0.690035 
0.727475 0.233019 
0.960996 0.030854 
0.476716 0.451725 
0.255485 0.698820 
0.297320 0.696586 
0.623907 0.309852 
0.099114 0.955033 
0.394364 0.550415 
0.187562 0.667855 
0.142016 0.860034 
0.549853 0.482153 
0.585321 0.389109 
0.038422 0.920020 
0.331305 0.578849 
0.520178 0.659987 
0.861996 0.289651 
0.675458 0.232000 
0.054146 0.761105 
0.707861 0.220963 
0.158310 0.800411 
0.200637 0.863429 
0.368929 0.725670 
0.878421 0.220647 
0.186934 0.705019 
0.709035 0.283954 
0.610389 0.393788 
0.807916 0.229288 
0.508853 0.589941 
0.481783 0.515869 
0.702466 0.252008 
0.561263 0.543240 
0.286198 0.643055 
0.783591 0.200470 
0.693391 0.276085 
0.052162 0.929010 
0.608832 0.556878 
0.231428 0.692911 
0.590316 0.378706 
0.817588 0.269088 
0.311978 0.768647 
0.073625 0.978848 
0.463613 0.461350 
0.211869 0.739809 
0.703049 0.198575 
0.681241 0.401933 
0.829194 0.122819 
0.662389 0.356473 
0.645732 0.296723 
0.043580 0.921117 
0.226083 0.678836 
0.730848 0.359481 
0.753671 0.225688 
0.248355 0.699146 
0.031925 0.949012 
0.691944 0.366319 
0.141390 0.784210 
0.116501 0.863479 
0.772550 0.203370 
0.246031 0.753745 
0.730905 0.365270 
0.877247 0.229356 
0.733512 0.281982 
0.118947 0.909764 
0.444072 0.509190 
0.471593 0.508057 
0.139438 0.879586 
0.630807 0.477472 
0.740462 0.088524 
0.900370 0.247197 
0.154335 0.716907 
0.204105 0.892382 
0.433583 0.402024 
0.717310 0.282496 
0.199705 0.626466 
0.625350 0.317027 
0.651898 0.451326 
0.274381 0.606468 
0.787500 0.152782 
0.335644 0.662442 
0.750792 0.227100 
0.116567 0.987505 
0.450603 0.571018 
0.673426 0.319563 
0.445923 0.463698 
0.199542 0.779827 
0.498607 0.808810 
0.411491 0.607686 
0.528656 0.431399 
0.491303 0.469129 
0.149510 0.817892 
0.102001 0.924243 
0.285509 0.859011 
0.185205 0.915930 
0.919034 0.105837 
0.632020 0.308575 
0.620577 0.298649 
0.715515 0.355649 
0.918253 0.179186 
0.932523 0.048371 
0.182520 0.812054 
0.733656 0.262936 
0.397619 0.445211 
0.119252 0.896447 
0.805381 0.221856 
0.090707 0.743981 
0.169613 0.740653 
0.905344 0.112106 
0.742647 0.209701 
0.590749 0.260734 
0.430853 0.706197 
0.236571 0.677314 
0.626016 0.218629 
0.978164 0.109642 
0.528485 0.629898 
0.961949 0.100268 
0.466133 0.588088 
0.789893 0.128551 
0.088437 0.970221 
0.432573 0.530321 
0.420999 0.559769 
0.376248 0.660672 
0.753931 0.349120 
0.422890 0.537200 
0.522597 0.449443 
0.525787 0.576413 
0.322254 0.589562 
0.586984 0.404295 
0.528996 0.502150 
0.575905 0.362830 
0.344580 0.731493 
0.910024 0.134739 
0.551472 0.495528 
0.252560 0.718978 
0.592740 0.372970 
0.775747 0.101528 
0.354639 0.659916 
0.513890 0.476796 
0.641680 0.431212 
0.738356 0.247111 
0.379131 0.667480 
0.663580 0.322875 
0.446316 0.595961 
0.362560 0.680629 
0.383731 0.712372 
0.599480 0.307136 
0.504722 0.680099 
0.235341 0.725479 
0.632804 0.287507 
0.678680 0.156211 
0.641720 0.485303 
0.746731 0.305091 
0.816731 0.248368 
0.590725 0.339244 
0.812549 0.239357 
0.453296 0.565723 
0.291372 0.748062 
0.086760 0.902157 
0.456291 0.417071 
0.097285 0.811325 
0.083029 0.871564 
0.340306 0.618253 
0.444734 0.502423 
0.389516 0.539744 
0.430281 0.590185 
0.055935 0.917023 
0.186895 0.730904 
0.636620 0.495172 
0.732057 0.224912 
0.568422 0.377313 
0.527213 0.517958 
0.581584 0.571277 
0.381121 0.540257 
0.417883 0.403266 
0.232426 0.891769 
0.718156 0.178475 
0.129525 0.872498 
0.709714 0.328052 
0.785430 0.170170 
0.479187 0.419962 
0.716494 0.352500 
0.056204 0.867117 
0.779288 0.292529 
0.710277 0.234593 
0.502054 0.591379 
0.871449 0.213920 
0.792860 0.213184 
0.457755 0.550370 
0.936657 0.083722 
0.918707 0.009233 
0.677175 0.298431 
0.092767 0.889137 
0.488478 0.567751 
0.844664 0.124560 
0.872490 0.077467 
0.761653 0.254300 
0.565681 0.558026 
0.511331 0.374952 
0.472337 0.543818 
0.292265 0.685968 
0.657992 0.336084 
0.482774 0.531596 
0.912033 0.078188 
0.042116 0.969795 
0.617795 0.538223 
0.749950 0.318371 
0.620760 0.430877 
0.164571 0.876345 
0.668215 0.493266 
0.714921 0.303511 
0.497207 0.498648 
0.212234 0.559095 
0.091953 0.948225 
0.829341 0.067878 
0.520837 0.549573 
0.386495 0.544185 
0.258404 0.726378 
0.189530 0.796155 
0.424429 0.494615 
0.114263 0.795483 
0.692355 0.288008 
0.239736 0.824567 
0.486071 0.370645 
0.552664 0.273636 
0.543222 0.352934 
0.469199 0.485762 
0.348545 0.543497 
0.538110 0.544333 
0.326496 0.594464 
0.597291 0.424626 
0.569171 0.471754 
0.387808 0.694277 
0.559411 0.564589 
0.548289 0.553875 
0.230368 0.656434 
0.345571 0.641182 
0.404369 0.595897 
0.393098 0.489798 
0.301231 0.631845 
0.160642 0.775918 
0.723800 0.304010 
0.221476 0.583084 
0.759218 0.180807 
0.517232 0.450348 
0.440418 0.520102 
0.961525 0.062894 
0.479316 0.598591 
0.917372 0.191937 
0.479350 0.411988 
0.880806 0.188755 
0.290689 0.647365 
0.911628 0.202486 
0.743760 0.202293 
0.919598 0.105527 
0.138626 0.817541 
0.693279 0.277997 
0.743476 0.155346 
0.707363 0.229595 
0.544171 0.409614 
0.966431 0.069055 
0.372646 0.699280 
0.802748 0.246029 
0.663969 0.237382 
0.751529 0.241860 
0.186472 0.748704 
0.605417 0.344448 
0.536532 0.463163 
0.669568 0.363201 
0.277521 0.848395 
0.117557 0.754579 
0.710702 0.421302 
0.305074 0.667851 
0.393577 0.635224 
0.629977 0.250981 
0.497493 0.627599 
0.153953 0.977849 
0.450996 0.523852 
0.859725 0.079656 
0.790482 0.269946 
0.413455 0.660329 
0.508554 0.557573 
0.755949 0.260913 
0.256789 0.550698 
0.578667 0.583689 
0.231467 0.790290 
0.452764 0.497062 
0.751286 0.243510 
0.487928 0.544140 
0.535034 0.576845 
0.180692 0.837056 
0.462148 0.743744 
0.560322 0.443336 
0.974485 0.060874 
0.680370 0.207263 
0.244994 0.768699 
0.565549 0.554592 
0.250406 0.713088 
0.413234 0.641580 
0.903254 0.097697 
0.002784 0.906170 
0.810722 0.230857 
0.789535 0.139380 
0.537028 0.467043 
0.810177 0.222897 
0.396142 0.736901 
0.481468 0.314923 
0.904355 0.111842 
0.294792 0.778667 
0.466615 0.463240 
0.363482 0.562758 
0.405022 0.769226 
0.367328 0.704157 
0.394052 0.551940 
0.400037 0.724420 
0.536462 0.552265 
0.695636 0.363092 
0.612927 0.368433 
0.736418 0.353790 
0.909160 0.126724 
0.846986 0.133316 
0.855452 0.185274 
0.783785 0.294594 
0.850231 0.047632 
0.632158 0.415751 
0.869835 0.089233 
0.110275 0.787101 
0.516386 0.474019 
0.689321 0.196246 
0.202155 0.819737 
0.630442 0.346944 
0.657494 0.311839 
0.347962 0.547701 
0.298423 0.645263 
0.661354 0.228101 
0.895378 0.139371 
0.307468 0.905310 
0.050963 0.766393 
0.249259 0.671138 
0.377655 0.569760 
0.701114 0.288688 
0.164702 0.770683 
0.254564 0.808391 
0.632742 0.208088 
0.428572 0.575406 
0.452111 0.624840 
0.525639 0.462169 
0.759609 0.340709 
0.918191 0.075105 
0.769641 0.230513 
0.400043 0.599721 
0.732669 0.269602 
0.721040 0.136920 
0.449812 0.491385 
0.445039 0.657908 
0.243609 0.731174 
0.363194 0.514120 
0.286791 0.828411 
0.227251 0.771544 
0.691440 0.352192 
0.639420 0.359241 
0.675981 0.329897 
0.484856 0.391415 
0.028961 0.725174 
0.979040 0.022979 
0.762253 0.234480 
0.896273 0.072766 
0.159422 0.852970 
0.958238 0.160530 
0.691844 0.359579 
0.671799 0.366773 
0.439865 0.422857 
0.179332 0.728711 
0.251323 0.737734 
0.306256 0.649829 
0.295977 0.726516 
0.714709 0.283990 
0.274241 0.764532 
0.491993 0.428569 
0.165677 0.750488 
0.205362 0.922786 
0.698899 0.236999 
0.631838 0.344289 
0.449491 0.444250 
0.450945 0.457492 
0.660840 0.282377 
0.732639 0.341129 
0.267482 0.576771 
0.703513 0.214717 
0.742692 0.341991 
0.839121 0.363929 
0.222263 0.652473 
0.990557 0.030130 
0.750959 0.319338 
0.911029 0.250021 
0.179840 0.752667 
0.524482 0.445982 
0.425520 0.678670 
0.285831 0.691966 
0.659996 0.366391 
0.834362 0.132588 
0.857379 0.153089 
0.404263 0.815414 
0.717679 0.317303 
0.611096 0.305718 
0.417379 0.652080 
0.465354 0.435587 
0.869345 0.198312 
0.828126 0.230228 
0.681791 0.260215 
0.573284 0.550167 
0.177576 0.870385 
0.727574 0.238479 
0.281747 0.716586 
0.625814 0.339585 
0.644605 0.255581 
0.469705 0.606219 
0.455606 0.440984 
0.378777 0.574667 
0.723174 0.379423 
0.715359 0.335388 
0.405680 0.614150 
0.670914 0.386436 
0.225536 0.823221 
0.849746 0.265970 
0.531941 0.440030 
0.530773 0.387193 
0.129498 0.919301 
0.127373 0.775538 
0.225361 0.841943 
0.768020 0.112085 
0.331660 0.858533 
0.438674 0.466882 
0.008369 0.966546 
0.173627 0.658866 
0.597758 0.455014 
0.790850 0.180350 
0.550993 0.549860 
0.320298 0.554616 
0.887595 0.030089 
0.322939 0.748963 
0.892426 0.162809 
0.621941 0.332259 
0.096395 0.862608 
0.913791 0.108486 
0.212003 0.899323 
0.626257 0.373275 
0.151342 0.659536 
0.557848 0.376592 
0.153720 0.844930 
0.161764 0.934384 
0.719471 0.173928 
0.165311 0.892885 
0.261946 0.703917 
0.562967 0.416317 
0.308621 0.723925 
0.190486 0.817370 
0.489064 0.358312 
0.911184 0.192915 
0.223617 0.749902 
0.491625 0.478078 
0.921791 0.090112 
0.357739 0.743758 
0.782603 0.224102 
0.158532 0.958584 
0.342605 0.451478 
0.433752 0.548761 
0.508797 0.328547 
0.419897 0.595346 
0.820636 0.207963 
0.932510 0.085619 
0.838233 0.237131 
0.030104 0.894764 
0.431449 0.608210 
0.112120 0.709023 
0.267429 0.556909 
0.466084 0.589963 
0.647904 0.340107 
0.328195 0.778229 
0.019425 0.927619 
0.643305 0.412315 
0.241805 0.817000 
0.451571 0.575920 
0.636987 0.367957 
0.466121 0.558790 
0.892698 0.051633 
0.662021 0.258615 
0.595763 0.334129 
0.055086 0.759845 
0.264252 0.784397 
0.711527 0.207264 
0.556722 0.448427 
0.361474 0.605383 
0.847846 0.261854 
0.030677 0.900528 
0.492774 0.599695 
0.492952 0.592046 
0.917187 0.086904 
0.030279 0.981542 
0.202066 0.830404 
0.606456 0.472898 
0.119547 0.768851 
0.524006 0.442019 
0.750455 0.267195 
0.350265 0.704921 
0.174540 0.871101 
0.538046 0.520029 
0.521504 0.480228 
0.665257 0.311736 
0.588950 0.457993 
0.489093 0.441888 
0.697305 0.300186 
0.464160 0.542288 
0.545235 0.412706 
0.155157 0.861149 
0.189119 0.742439 
0.108279 0.802783 
0.310771 0.755336 
0.829698 0.331371 
0.125006 0.943331 
0.370328 0.611277 
0.788513 0.234594 
0.503663 0.506504 
0.127093 0.870258 
0.504516 0.510194 
0.512681 0.397102 
0.896488 0.040158 
0.383977 0.640191 
0.385484 0.656324 
0.116094 0.980111 
0.177624 0.785768 
0.645569 0.499612 
0.066907 0.965164 
0.274554 0.764374 
0.269850 0.675845 
0.250263 0.736737 
0.531858 0.491568 
0.463865 0.453770 
0.792290 0.280457 
0.114465 0.831549 
0.492090 0.346142 
0.647984 0.274966 
0.801450 0.002706 
0.451236 0.584214 
0.645938 0.413687 
0.551052 0.284708 
0.568337 0.410208 
0.577226 0.490337 
0.220802 0.896531 
0.455020 0.501411 
0.590343 0.440429 
0.494957 0.489212 
0.244863 0.685902 
0.426210 0.712684 
0.700512 0.362402 
0.115315 0.867048 
0.739681 0.300130 
0.023976 0.951028 
0.480290 0.601388 
0.629880 0.419014 
0.195907 0.784218 
0.447952 0.590888 
0.944269 0.221630 
0.884236 0.125343 
0.704351 0.348204 
0.342552 0.697162 
0.626081 0.301013 
0.341284 0.508523 
0.913904 0.243551 
0.236253 0.640266 
0.699440 0.268376 
0.239097 0.777602 
0.502937 0.474701 
0.461449 0.528038 
0.831083 0.091619 
0.478372 0.585148 
0.247529 0.742891 
0.297329 0.732262 
0.324730 0.751887 
0.765290 0.393365 
0.432907 0.584915 
0.674986 0.309134 
0.816841 0.214576 
0.446261 0.449925 
0.511463 0.640417 
0.374292 0.680996 
0.479377 0.504685 
0.880712 0.135923 
0.355248 0.605529 
0.344019 0.723462 
0.367923 0.596308 
0.558503 0.314738 
0.582598 0.397664 
0.231445 0.747591 
0.787540 0.258356 
0.379288 0.582094 
0.272265 0.571695 
0.325639 0.679114 
0.268462 0.729784 
0.127327 0.911791 
0.720718 0.235719 
0.480208 0.542830 
0.442745 0.483671 
0.629410 0.403301 
0.550565 0.437123 
0.567169 0.554936 
0.645095 0.390837 
0.519131 0.547062 
0.825558 0.279711 
0.274397 0.616592 
0.818176 0.176279 
0.343029 0.798587 
0.611745 0.331815 
0.908555 0.005642 
0.545444 0.447809 
0.113717 0.829083 
0.609960 0.308963 
0.768248 0.282388 
0.318316 0.884423 
0.950590 0.011774 
0.994305 0.099371 
0.646278 0.464711 
0.514957 0.338491 
0.710547 0.277706 
0.235877 0.824902 
0.885892 0.180607 
0.293697 0.770236 
0.152767 0.842661 
0.700706 0.452174 
0.315648 0.714654 
0.861472 0.233062 
0.493178 0.518167 
0.671787 0.383225 
0.881509 0.121695 
0.097545 0.868453 
0.014405 0.873340 
0.699379 0.345582 
0.934215 0.019403 
0.681219 0.428774 
0.232460 0.842561 
0.646609 0.355115 
0.264483 0.732331 
0.533696 0.408095 
0.184725 0.707368 
0.675980 0.334353 
0.525344 0.613954 
0.173832 0.839009 
0.445978 0.680913 
0.033193 0.993155 
0.392525 0.338689 
0.727455 0.324861 
0.745842 0.346563 
0.693966 0.196516 
0.181097 0.711414 
0.573585 0.417634 
0.321384 0.665873 
0.690853 0.215769 
0.395310 0.733970 
0.554913 0.410201 
0.834555 0.041455 
0.839733 0.316658 
0.284967 0.595045 
0.244218 0.795024 
0.028358 0.844276 
0.469959 0.391030 
0.816141 0.249712 
0.315015 0.728395 
0.969873 0.051023 
0.285892 0.724886 
0.124009 0.706897 
0.481931 0.517476 
0.771139 0.245002 
0.890349 0.030336 
0.171749 0.799837 
0.284618 0.711507 
0.377028 0.506195 
0.625205 0.276466 
0.221804 0.636640 
0.605888 0.412041 
0.533104 0.323761 
0.144337 0.934097 
0.248676 0.844558 
0.489708 0.682856 
0.627955 0.467286 
0.147998 0.844272 
0.823468 0.218222 
0.137247 0.907445 
0.350286 0.727777 
0.574802 0.380850 
0.372516 0.706228 
0.328380 0.603955 
0.394404 0.656965 
0.798042 0.121636 
0.116620 0.994510 
0.445766 0.579703 
0.708917 0.281594 
0.349042 0.675571 
0.458419 0.566313 
0.697642 0.329686 
0.473014 0.553156 
0.660974 0.335009 
0.869639 0.056320 
0.530806 0.505900 
0.692806 0.267433 
0.681945 0.309054 
0.839987 0.188679 
0.321747 0.696084 
0.128286 0.824650 
0.603553 0.438494 
0.143270 0.789587 
0.996284 0.013656 
0.294434 0.740001 
0.362556 0.608762 
0.193201 0.736182 
0.569104 0.467594 
0.389633 0.764760 
0.771667 0.029680 
0.394316 0.541298 
0.200492 0.848810 
0.690635 0.445646 
0.209343 0.662051 
0.780785 0.205651 
0.362849 0.735961 
0.260869 0.801375 
0.925706 0.037596 
0.692794 0.250371 
0.422414 0.566150 
0.046869 0.945706 
0.465151 0.586392 
0.901798 0.015640 
0.230608 0.794052 
0.623070 0.247117 
0.494576 0.409315 
0.550702 0.490628 
0.513183 0.518917 
0.576112 0.535732 
0.758277 0.240862 
0.558022 0.536219 
0.571081 0.335453 
0.904761 0.012156 
0.325690 0.674980 
0.040413 0.938734 
0.245421 0.561831 
0.654315 0.521790 
0.247754 0.777897 
0.898404 0.108763 
0.324877 0.726103 
0.369769 0.681944 
0.053737 0.930589 
0.292565 0.701800 
0.021063 0.961648 
0.533515 0.643582 
0.905034 0.158171 
0.266732 0.755929 
0.576250 0.502526 
0.744393 0.126451 
0.092550 0.881110 
0.272302 0.809095 
0.541339 0.388634 
0.583128 0.377768 
0.442807 0.644059 
0.084146 0.817238 
0.430479 0.537849 
0.669154 0.455823 
0.407557 0.633459 
0.289167 0.700026 
0.454993 0.432338 
0.680336 0.451416 
0.808750 0.310352 
0.819966 0.264799 
0.673692 0.439802 
0.223090 0.668786 
0.523146 0.560111 
0.458688 0.491114 
0.983999 0.153158 
0.645422 0.419556 
0.464088 0.577584 
0.749922 0.413941 
0.418458 0.655011 
0.637365 0.453128 
0.570934 0.506173 
0.352633 0.579879 
0.575715 0.436664 
0.443852 0.574338 
0.584568 0.577405 
0.253124 0.828266 
0.176549 0.738195 
0.101917 0.835207 
0.361687 0.773429 
0.570878 0.430908 
0.977550 0.116027 
0.414253 0.454441 
0.692184 0.312303 
0.676430 0.253422 
0.465216 0.627191 
0.249812 0.707246 
0.867014 0.204786 
0.903181 0.092647 
0.744210 0.210119 
0.687233 0.262790 
0.365273 0.397126 
0.185012 0.887501 
0.800913 0.259828 
0.396487 0.630281 
0.742969 0.194277 
0.401396 0.558476 
0.870834 0.211889 
0.049275 0.990287 
0.374422 0.598930 
0.736577 0.387644 
0.946615 0.165555 
0.614630 0.361423 
0.611183 0.379638 
0.363761 0.480231 
0.672128 0.251279 
0.283772 0.713789 
0.515034 0.471410 
0.745601 0.347942 
0.983636 0.115977 
0.533340 0.427387 
0.643340 0.223146 
0.319126 0.631233 
0.079962 0.721933 
0.514148 0.540568 
0.154231 0.838247 
0.670542 0.456000 
0.230868 0.875864 
0.443390 0.446585 
0.575836 0.334932 
0.587309 0.310716 
0.702566 0.213785 
0.365800 0.544279 
0.280804 0.580755 
0.199500 0.842532 
0.706873 0.375289 
0.450420 0.635392 
0.446097 0.342080 
0.894903 0.068525 
0.448020 0.317401 
0.830368 0.189969 
0.451036 0.580087 
0.543900 0.430375 
0.217461 0.722411 
0.458953 0.503014 
0.115442 0.759035 
0.225427 0.716433 
0.680048 0.335253 
0.757676 0.179567 
0.596541 0.439857 
0.172629 0.795830 
0.417146 0.525699 
0.698148 0.264911 
0.617813 0.470977 
0.026158 0.892290 
0.251562 0.802885 
0.877899 0.095053 
0.153022 0.962531 
0.385385 0.614109 
0.299944 0.727130 
0.440945 0.742350 
0.637831 0.346020 
0.431452 0.571459 
0.915494 0.196112 
0.611411 0.351658 
0.163547 0.792814 
0.458435 0.518157 
0.242964 0.721493 
0.338040 0.638606 
0.989671 0.051761 
0.615621 0.454422 
0.769169 0.085803 
0.913884 0.015771 
0.298704 0.743194 
0.278202 0.778301 
0.559366 0.598288 
0.567504 0.376986 
0.174819 0.791079 
0.709833 0.308311 
0.323254 0.762789 
0.429833 0.547243 
0.592631 0.425385 
0.375234 0.501514 
0.677532 0.379845 
0.531596 0.336571 
0.148413 0.776559 
0.336550 0.684201 
0.267944 0.633227 
0.491445 0.432390 
0.670414 0.419365 
0.701898 0.294778 
0.224375 0.623297 
0.076820 0.802366 
0.178148 0.743431 
0.822914 0.221808 
