0.8003550402067748 0.627588341377389 
0.592374321179 0.759792111264 
0.4206910670446066 0.3310684862185807 
0.48943181455600804 0.055324735242612916 
0.947720983445564 0.5804630945001086 
0.6598175699171647 0.7931635577146912 
0.0311154335293109 0.3075842407340109 
0.223462861456 0.722119755447 
0.138871981379 0.831774242061 
0.15228845013060263 0.1763065106995048 
0.410122017522 0.378145693097 
0.8229431902172931 0.6244823135505747 
0.0074094805063 0.0268848201628 
0.3165069048439666 0.7517619013525201 
0.051764665380999136 0.35693002977251287 
0.21963163949936934 0.2648710797170297 
0.740261620556 0.842105643656 
0.534733728498 0.753437644272 
0.664308410433593 0.10174176374657357 
0.8382665679319261 0.7382241332014958 
0.882330072706 0.41176193198 
0.4317409051722504 0.13455906434677326 
0.4290333609861161 0.8036758663133905 
0.5658373007533801 0.89306833127095 
0.636233830217 0.373699286794 
0.22574431803978706 0.2779644799516257 
0.7375592255788982 0.7468660706709543 
0.248579498328 0.43907962218 
0.05014814084880246 0.13088126323759278 
0.13748329202576162 0.10918109769467073 
0.441705505192 0.710544503483 
0.693745646917 0.858488314889 
0.6230164643036373 0.9194852127686433 
0.0302539210984 0.319464211323 
0.786471876356 0.973768639685 
0.11250517639804611 0.11183197239429024 
0.49421970425794537 0.41713841950523056 
0.45538465213863455 0.208386568356863 
0.8773129647031608 0.9390750331474624 
0.955569357744 0.488378885415 
0.45213106301275874 0.16983911248709557 
0.06150006677296072 0.15477364626017687 
0.00566009730697 0.555557237639 
0.66851383022 0.749739141002 
0.09469977649542773 0.3250085362106636 
0.8682209330763686 0.7826023930523425 
0.4830492556370673 0.42109974984775206 
0.1227262957476796 0.5946696764470648 
0.9060017694522696 0.34307043391635805 
0.18025768118560095 0.31843628787550915 
0.1558844487006389 0.3932237199686859 
0.45943208596583185 0.4506756060414818 
0.538656023173 0.216033619293 
0.229907285593 0.525304696855 
0.3718755383157807 0.45838214012051626 
0.806133610298 0.120745355899 
0.056765742457481005 0.4787506911352559 
0.14875394573902534 0.9844896588889377 
0.8641559794265399 0.525675486849422 
0.2217950814974608 0.20236663843505426 
0.57710475118286 0.5989472486528322 
0.16915266181963753 0.34051230783148834 
0.9735465860742996 0.23776237396364414 
0.5462359258536789 0.8694287130307266 
0.01555280677537818 0.3471445272362994 
0.43208044804988294 0.7393512019644106 
0.5603402762581975 0.18012873981058208 
0.677193276117958 0.821611880320942 
0.8245138842348984 0.9577229359858467 
0.7810947471441771 0.9430150969639914 
0.110332359534 0.104824511984 
0.26530995624196013 0.09062242122905713 
0.8320687738887562 0.7540639518640182 
0.3026252005260359 0.29679735070174973 
0.10972610070027669 0.24681421206250584 
0.5024714756201379 0.5417944443872108 
0.0158357123779 0.642895147781 
0.0117614277672 0.579266839314 
0.453012319995 0.510535933757 
0.7076394650895309 0.485336712262971 
0.7327530459567495 0.7204239657523808 
0.102290733658 0.94006874708 
0.15768706253517448 0.22464773789380368 
0.8322469805025959 0.7274310260311402 
0.821731602966 0.801604750042 
0.7752537580052771 0.40859707931008316 
0.5629779341447347 0.4736272696747339 
0.6847106041747403 0.8415614535715551 
0.602519658544 0.650602934721 
0.965946422511 0.569931081315 
0.000340365471186 0.000793592953233 
0.5480241545303267 0.9588034659195336 
0.4009336611172106 0.2036420742171815 
0.8119925635765753 0.7175288089042827 
0.3945030718673437 0.10599778451902234 
0.5372934210249987 0.5276917922663589 
0.511836170618 0.750776312755 
0.5236976591425516 0.6243341563988521 
0.7802358057107037 0.9388031761906963 
0.6244160776959649 0.011932130526257578 
0.20220172429272 0.9146228125170267 
0.295995899261 0.686148804305 
0.3066692171878004 0.9376687571921111 
0.11878638676563152 0.7687982105376372 
0.4726158098636872 0.05839603470000093 
0.093238364847 0.693104373641 
0.414129715136 0.688675462088 
0.06977975658992236 0.31812233126980066 
0.82709541081264 0.6382883354426758 
0.4162377882532347 0.9583194663704051 
0.46011141977386294 0.1670902771549803 
0.638787686288 0.884951143441 
0.327288260773 0.0935309257502 
0.649163695529 0.88747626308 
0.6625876153246111 0.9862128537550174 
0.978179811829 0.464934650979 
0.350869196637827 0.6592491479271338 
0.2866965686082982 0.28987262061858876 
0.87247034171 0.0021405765274 
0.10029997760184267 0.7944667374781114 
0.4116680678614071 0.6767575610225216 
0.355985997039 0.763445933933 
0.5229850200362371 0.3976016211695749 
0.664708341444 0.470053540589 
0.16317263369898954 0.3251844403695702 
0.8996921957409874 0.7758954282876149 
0.5676438043586077 0.5883999383264026 
0.936202300061852 0.8587331366474837 
0.5383538629861893 0.05623727429848793 
0.0231952977992 0.406069907178 
0.1572168487211748 0.7736011148322127 
0.04208405597458492 0.3378666639279661 
0.654949120579 0.632965097028 
0.0984490908224 0.656823393351 
0.7210229783655541 0.8715615008610981 
0.597178440596 0.575103583453 
0.5032078645999254 0.15214359954520962 
0.4776993683520362 0.2062384137695924 
0.2412447847167462 0.8141850272795712 
0.358257951987 0.955706665403 
0.762867913583 0.0783922827346 
0.3370617142395388 0.4976626197415438 
0.5709586553498636 0.6227712502406331 
0.44883608712170586 0.787318087931927 
0.5919128222392006 0.14564892183793152 
0.2674563078850898 0.7314025171692136 
0.8115173760194803 0.5198366774843552 
0.3089580473093409 0.185229809379791 
0.9486855729179198 0.7610696025427142 
0.13110193945280205 0.414198137132485 
0.3668649357972405 0.7679820216741351 
0.21838666843 0.301719968319 
0.8666655604159134 0.2980098739344065 
0.7415748223281186 0.3153602164305743 
0.242663956304 0.072704054856 
0.06876947152667323 0.006415825559187512 
0.04786081621739627 0.10416475977631764 
0.9002673071996583 0.306932491127075 
0.854643683099 0.686195987455 
0.30702316772945804 0.2740435250984471 
0.3196192446131838 0.05363820253396326 
0.845386183057 0.438059333091 
0.758884172614 0.387922261231 
0.2664688643014802 0.8317142894510053 
0.16110696182957115 0.5692935763681891 
0.7119629215766174 0.7090881386822685 
0.31036977061360693 0.43411897099098584 
0.9406051979415013 0.10306262961069396 
0.00399007635587 0.854922401802 
0.1372226396204842 0.590804845822591 
0.2250681799809479 0.4407157040568 
0.112845369059723 0.2651977944375702 
0.5361891934242111 0.8354058235357176 
0.3931758915782648 0.761808147099251 
0.188353514504 0.641454382552 
0.3924077818376709 0.17637701932180416 
0.2926361442110765 0.3715911227757503 
0.487149576874 0.595531155311 
0.1027352982186184 0.3215484161385078 
0.5436379960733508 0.8321706399389472 
0.177996730619 0.876683563667 
0.4148355929131199 0.8326922104947848 
0.3504693557911982 0.8298243067122155 
0.894227972491 0.990435549688 
0.9401076896546626 0.8676823166731483 
0.873605615239 0.619814945966 
0.7462349617172066 0.8117662630902545 
0.4591580418724379 0.5430560707885532 
0.6744075890337669 0.5946143042269847 
0.38549759766205743 0.5451129816720375 
0.341114794896 0.40350447298 
0.20770681955160245 0.6022193676666053 
0.03986385273752302 0.685514857004893 
0.19183627564138991 0.07770912136330624 
0.5363933476123983 0.04337252029240868 
0.5847475875084166 0.8315062962908125 
0.827067434642 0.639005632912 
0.532745145869 0.145890804955 
0.7916462226752128 0.22120200156077968 
0.05341443845116077 0.26990941368532306 
0.0898336891125342 0.6102781625860048 
0.12969525330513929 0.17493811079674274 
0.0722925307555 0.362225475757 
0.679830639757144 0.7907652495410443 
0.526751994705 0.922652117883 
0.12188987543212892 0.8027212732590804 
0.9852257752201514 0.08539423830056142 
0.784803086829 0.588235175913 
0.8104437779670838 0.820772749398215 
0.694778766942 0.970829077204 
0.6423659480934558 0.6750721643449549 
0.31861244079906204 0.06415166168692674 
0.21540042836603096 0.8624680233541662 
0.4862824613930693 0.525700307757237 
0.19439140269553243 0.453669788007106 
0.09806275346660198 0.933739950350804 
0.7555854782917859 0.05796105410799496 
0.2669639930250711 0.7630938596474355 
0.863802501276 0.937122157755 
0.751043020400795 0.7501177448872598 
0.19298218591451968 0.39213647717819355 
0.23830262486780573 0.1645534803894736 
0.124313491872 0.720169511203 
0.49041699311284004 0.6887785346512793 
0.88469294559148 0.48297548440523236 
0.06102818546604087 0.2715053659075148 
0.697491154438006 0.0026977748012506075 
0.062567834112 0.526007359521 
0.8843921463758554 0.5910937092109313 
0.21671588046436335 0.4319304579431817 
0.773079234544305 0.7241588847755537 
0.7270187877956766 0.11927947876201367 
0.198764436817 0.204138543226 
0.20517442295816174 0.4750235139011974 
0.35284811643 0.325546911091 
0.7520707575835042 0.15928039632966767 
0.130411716744 0.444476968217 
0.95636882344 0.528103223945 
0.45468934669317923 0.1251422454362588 
0.342628620956 0.891188038616 
0.30052877046151083 0.21341148114340916 
0.664747855298114 0.7771279262549652 
0.793232041494 0.43315394092 
0.00305948966303 0.00332931656147 
0.735822798124 0.2318917007 
0.34857603493921785 0.34293413439534126 
0.708131251423 0.183526008472 
0.655959571564388 0.9248308294959271 
0.736910459986226 0.670537276559863 
0.28773866899778405 0.8043501236827735 
0.778998003241 0.758576914786 
0.21041309458295282 0.8022765050728509 
0.47015528124 0.0167448758406 
0.7745712334760391 0.30930485235526683 
0.831438744406 0.14892693853 
0.193455183139 0.0425466305439 
0.260089491141 0.111256673622 
0.09547879650562405 0.5758563510926357 
0.7861344423811127 0.39006191663086653 
0.9340930954554769 0.16600672918325587 
0.274483941052 0.191688990695 
0.27175977670491747 0.20303462123766436 
0.4248097459828966 0.27944386908514846 
0.019773632914655948 0.7673210875820363 
0.613123677467076 0.8536273129540916 
0.4092230438232624 0.1449806884351636 
0.2763841164137943 0.14471396741746884 
0.532383755828 0.655829875546 
0.8102903161440284 0.8838790039040189 
0.1970716925389136 0.21903944635024547 
0.968590080345 0.475158274552 
0.8811184546369157 0.4257453393527299 
0.0896940046426 0.537178595797 
0.24293169130426884 0.8450094927735964 
0.49922138805047306 0.5953021966641073 
0.9965209077846793 0.05036267943144651 
0.148889216802 0.985386619552 
0.28292794060106763 0.7222541966966842 
0.145515212624 0.226347706669 
0.9615775503688603 0.6051646193565222 
0.9950289338134832 0.8188519835567247 
0.1481533384717855 0.2555486217035898 
0.6907494666377437 0.2942068732834131 
0.580452564497 0.198262175927 
0.38256143783357827 0.04691799742812147 
0.5177882456782799 0.9310427887027182 
0.7565563031889616 0.9480279177135166 
0.5616325251313026 0.2826129570201589 
0.7170191895418646 0.8574968947057399 
0.7664943470582047 0.5781329301536634 
0.445759785205 0.144839775915 
0.4452439311269959 0.9490739057443148 
0.910765408577 0.594835193167 
0.3312814432593304 0.4512499301865335 
0.6520504232640402 0.9655621508674134 
0.6939693625103407 0.5569259364754011 
0.7956689643390463 0.7352653649685891 
0.06699081574354665 0.911816809081716 
0.212396207286 0.804464425369 
0.7932130579431815 0.5108742712098129 
0.2320691010579251 0.9567071797877394 
0.29741431134068996 0.045330410254193126 
0.8223973026443543 0.02492023298520335 
0.7257683567483069 0.5400610536863941 
0.4027336422915509 0.7147228907472116 
0.2991892958385449 0.8182649079348838 
0.7063564653355319 0.24700443664174132 
0.8223563337015661 0.06874848455865201 
0.06961861709717965 0.3627315067848055 
0.003993660441869051 0.9745408528827753 
0.9639597398485897 0.47710342443542536 
0.472067395838 0.187580914237 
0.5874108553361377 0.2883117737580884 
0.8301527892082565 0.5881036205857857 
0.801522893098 0.370632641888 
0.23587976946652228 0.7392486379192638 
0.6357373801187435 0.5918430334538752 
0.11884038239681027 0.1774587981609147 
0.835693713875 0.529071381458 
0.5326801501473617 0.6635589164022471 
0.462385411419 0.386764329453 
0.2564281212568011 0.8822136429820098 
0.3377273662363612 0.6061504816495922 
0.3041308162218125 0.6175531719682714 
0.24770775686907304 0.3629540551646559 
0.46034470775183717 0.4383473259325467 
0.780136045256251 0.6143710384041058 
0.6371667712309057 0.668312696713232 
0.723807026732 0.653992301406 
0.283893566098 0.348127480486 
0.5390526872046025 0.3322533048597028 
0.235381287476 0.293874823233 
0.4874870239869989 0.3979302076133105 
0.630666404445655 0.48380642270005214 
0.231335242158 0.0984215320177 
0.15549627872645175 0.48258070708018275 
0.6140612327106886 0.03722316691523653 
0.5385886024143012 0.5339267905072573 
0.943801605696369 0.5194423928378764 
0.7805227315018997 0.7952034427419408 
0.1491579429 0.383598346423 
0.5076161768535203 0.883720375061011 
0.7041737955044939 0.6672374705629601 
0.051597996314258765 0.8629781446164186 
0.785260174107 0.115607385532 
0.22623707527163398 0.13117868959191967 
0.4640412216947625 0.5001512197073303 
0.36725424023835557 0.4571367832166969 
0.454316040193 0.588378647948 
0.118496729679439 0.13558056355855688 
0.890223110001 0.358948494331 
0.7172424342663314 0.3225316450876542 
0.085354241869 0.162779604838 
0.538015207952 0.361341412278 
0.7586288912490339 0.5600679098159783 
0.592347456022 0.360037377918 
0.179176703701 0.956111826713 
0.609521057117 0.395735310302 
0.25218320051065063 0.4481793339979218 
0.7430872718709184 0.5886541755920928 
0.8389882398406294 0.4578406341804926 
0.6963063143118982 0.010526205578745174 
0.63220419002 0.00977721089892 
0.94480140374124 0.8996395383571871 
0.3075376831125611 0.009866380560087984 
0.13338145990313202 0.5661306861849421 
0.462742536066 0.354881394339 
0.1163286769434633 0.4612411049042895 
0.788156005657 0.428444259475 
0.7710903760380917 0.5014640814058878 
0.734932682319 0.613372255707 
0.6647021487207146 0.49284178533902157 
0.708842249259 0.0415777477683 
0.591419983109521 0.14898714128780852 
0.6298349761245281 0.7605527151486151 
0.609702633674 0.638492667378 
0.8489318277631837 0.44176585535069796 
0.541175828509 0.15231306409 
0.687494387281 0.604758098577 
0.673719485421 0.571781573936 
0.9296801105410017 0.7488255924355991 
0.319941879014 0.00894594007693 
0.826022105847431 0.23293381366344723 
0.52950998465 0.329798224107 
0.727888521582 0.133545725895 
0.31034693435114125 0.16518693095772397 
0.333598182279015 0.2649412742151542 
0.31498533839752074 0.06391148830232618 
0.24160230987 0.150422176695 
0.6822970456672653 0.34240155950941487 
0.4612661371954977 0.10545573542191575 
0.586401192552481 0.4336370211553017 
0.47786988952563125 0.07308687918678566 
0.6210778246757814 0.9933027406426295 
0.6667180248573326 0.007182668407715587 
0.683021637673 0.480316146903 
0.294724223081 0.48211060886 
0.3426379718144014 0.5360955530997685 
0.3048057322848513 0.1406055040156621 
0.1597729037519045 0.5605495136676313 
0.726055048411 0.917646048969 
0.6242778099304087 0.5401725776724831 
0.963468709984 0.0242382604738 
0.488842820445 0.0793570215595 
0.08165575914274018 0.3960712117557287 
0.73150306891 0.300858199637 
0.14626684070908605 0.3985090755628371 
0.739653927678065 0.6143869772850491 
0.131492505459 0.731451008116 
0.465356479889 0.736842051239 
0.9642709127573096 0.22039998542599648 
0.8098561679978323 0.4299802604890669 
0.19318497655177636 0.602758579753831 
0.035913406489708366 0.5945419634922056 
0.821068953135 0.0247857617744 
0.7622715913957089 0.836638222501303 
0.8305740194909154 0.3623262672676125 
0.251986373731 0.0615502387251 
0.8949050464201325 0.2547512183207404 
0.321308565824417 0.031244780599213318 
0.582129839902 0.987105697127 
0.1160552452214173 0.0815162524330868 
0.0239060959828 0.719369707301 
0.316929897031 0.95897290778 
0.9763351162149994 0.8970444320949194 
0.691152187826 0.640605280579 
0.44371505584167376 0.10351794628560135 
0.977828146217 0.451558198313 
0.3266334079415579 0.22657178146455975 
0.6570158522946131 0.5250274935231357 
0.947849739447 0.339355863847 
0.048743337950081456 0.7675572945489085 
0.2569666902574236 0.5766294107024215 
0.455251198113 0.710764331911 
0.8920978634020362 0.1631164704580748 
0.027902529408610544 0.8408297382496581 
0.5154248951381714 0.5254565369144909 
0.6100208628574352 0.903707555282988 
0.24086025993400956 0.24095120808590892 
0.1994512521579081 0.20463375902978947 
0.8837664640183196 0.6239839674124756 
0.661683633419 0.133416371786 
0.980870285621 0.107805721876 
0.18188832952305387 0.1243630514642349 
0.9085495578834027 0.8696218595150415 
0.6156222200842966 0.5351886836743175 
0.309826312532 0.983086886963 
0.8332052614286384 0.5835870521087493 
0.0657922884719 0.199128137689 
0.10569977325934493 0.019421206584990754 
0.5200407127066395 0.7896942126132489 
0.1280746881114038 0.46365052431151577 
0.911083299177 0.29574009931 
0.40592704408408303 0.2635512054048152 
0.5346268167143254 0.6280613130317042 
0.681560284669 0.682055180919 
0.295956084805 0.0802878034552 
0.406078013010764 0.2407170367904357 
0.48132980002365555 0.532421365829442 
0.9591801975814616 0.2914228138741107 
0.232367922388 0.506541300988 
0.950158498772 0.228894299889 
0.9822425391915813 0.8089025126203954 
0.9012206107455047 0.29421858225570524 
0.955820888692 0.191588203393 
0.974334895987 0.382997653586 
0.5435814573817538 0.8841744655493843 
0.835164288939 0.565303974547 
0.13147108365930074 0.19873895381807213 
0.5176369856471601 0.27608220946621964 
0.8115423980549453 0.3983695822376566 
0.7832203294088755 0.6224339509047458 
0.13727632921101637 0.4269523703775353 
0.5529716874337776 0.3832458093055292 
0.38474297168387683 0.12535124963311517 
0.880846575121 0.740487850768 
0.7268367084639273 0.9394531030797624 
0.503686431617 0.0266823872525 
0.06912200001191651 0.20763849537963927 
0.515984473055 0.979338854404 
0.78723619383 0.708864102635 
0.36785108848674697 0.0455903929042466 
0.23878062057468202 0.4825155258373273 
0.659125408308 0.624008940858 
0.6174036234188105 0.4259386979010286 
0.05657075587405691 0.8031485096521737 
0.255748046123 0.246192384996 
0.836756392581 0.604812723526 
0.28116056625976293 0.2149368827473425 
0.652296844183573 0.31878971834503655 
0.876106478780059 0.7029546150908017 
0.9448011041752042 0.8572934827786245 
0.0538929314703 0.0604744759106 
0.638385484672 0.558560562579 
0.27278138893104836 0.21981387713664352 
0.3826867887340888 0.6083579337822885 
0.543913831492 0.30449447525 
0.8413077155031904 0.10660577797104498 
0.6897826271822008 0.6891445411554417 
0.3351034263320911 0.1949493212241513 
0.80097005172 0.835499353735 
0.22872368058304274 0.269106758982734 
0.27160825523241183 0.5553437030312196 
0.2680236161731771 0.3200396211873074 
0.184461116604 0.165349822338 
0.514159945833 0.450983584107 
0.21445060432534485 0.36568611519447786 
0.435244423566 0.518745842433 
0.9344533017777888 0.8728794118451063 
0.7808137743576413 0.5414265770830928 
0.9542819064373445 0.7945561251784519 
0.593910720143 0.201426504594 
0.41457585567071187 0.892529727857437 
0.4381249507629567 0.4179082392826316 
0.10491159090450786 0.660177156478354 
0.8775223614889789 0.3505080446604243 
0.0064872514825466965 0.8118593707137154 
0.3026428791 0.134245936235 
0.33150893952808635 0.5593442621010357 
0.149911815688 0.27062693738 
0.953071560267 0.944528596084 
0.25636949237279716 0.6568012577596652 
0.21970924242766898 0.24423552601087306 
0.11558079863962217 0.22395230172296038 
0.227072167975 0.917316176213 
0.5600930913589123 0.2672235612118392 
0.44714535376203995 0.6956150384215568 
0.144404916997 0.995110054683 
0.15793608035601986 0.8440392986865812 
0.7671691902393942 0.12325412690548676 
0.30266639080856383 0.6512334448993918 
0.244222174071 0.18465968004 
0.02563126334168389 0.4990472668942162 
0.8769658055405485 0.8155316519735962 
0.977276562256 0.992858673481 
0.563299154090484 0.7626581834643181 
0.982355512592 0.299211670716 
0.6353536430319927 0.8779849443213722 
0.051859027565968885 0.5724943421829338 
0.3947490099417307 0.20468280709879638 
0.09620536276965058 0.971889095150301 
0.046257326704 0.0102275732937 
0.7310947362738727 0.5257922786295206 
0.20363744176770504 0.40468347738326915 
0.17635931641406316 0.8155922697515743 
0.9097603582094751 0.23409530293278774 
0.8161518078021879 0.4604462607202248 
0.9537316176232256 0.6546425280195447 
0.5055121922549104 0.37441083453083807 
0.620377970883579 0.9197293451325936 
0.3172331996371725 0.23470949845175743 
0.8230730514995221 0.5213865929367703 
0.589649766785 0.0807891149779 
0.810749053353 0.180600716183 
0.4392906925899056 0.8225158268291164 
0.6274476373987812 0.25470094557232115 
0.9479517124757112 0.1682169037057456 
0.20789288766336733 0.8643594125571475 
0.44692258069014207 0.5745603493341258 
0.4964114038771561 0.3183450411156348 
0.516694126784359 0.499563833401041 
0.8677961937580068 0.2148059381123097 
0.991304750763 0.465418062089 
0.6710179470600939 0.7087834420167982 
0.6557141490425957 0.6632118354733845 
0.8478984391303188 0.16697754137857673 
0.486818912779 0.866608782377 
0.2066496603598994 0.765159586588537 
0.696649579463 0.000772195547694 
0.7684521581533152 0.5445417649405007 
0.4272231840592898 0.14087807518335888 
0.3002238990596301 0.18494073276486503 
0.12015337788239633 0.7766159316384549 
0.3009320294595816 0.6895333607455716 
0.2437306482863778 0.527393958983162 
0.11571353231388831 0.8446754447250753 
0.6343796747990801 0.18103771942313476 
0.5302874491458012 0.5734725975517794 
0.9055092582471644 0.9107083386281762 
0.547806847676363 0.29947254236277154 
0.012274177475 0.204157029536 
0.6366912738620355 0.4534583145305299 
0.227334994953 0.414101409569 
0.2524949111541913 0.9530438585664082 
0.3567822947734268 0.14855595726612747 
0.6344480451381755 0.2803671658553891 
0.7012901020851718 0.5331748760882395 
0.14199808229959 0.9303961801588535 
0.022462210959159373 0.5120721456313603 
0.06290842138119164 0.06656863284379037 
0.18200106478660816 0.10990886274896917 
0.9767238883556888 0.7442343375358911 
0.41632324820434663 0.4205882586341396 
0.1475374606472151 0.13007868504767414 
0.29269149086181273 0.052096958747528885 
0.8978372740234226 0.05136899938148959 
0.8278363986515309 0.9620386805559584 
0.43225574658012755 0.2893835836916543 
0.63689508883 0.859953542388 
0.7877025614298505 0.8395738715770653 
0.653606276316 0.751390977188 
0.09992620922620629 0.29813858767205537 
0.21119209333793962 0.3862540499488426 
0.727171990286 0.263043989871 
0.7634421120397662 0.8867392476464716 
0.31455406932111174 0.7438909182452536 
0.30787983235054023 0.8898573869440816 
0.08482937021237835 0.9433140881002113 
0.801003745036 0.357103730435 
0.04347567691389356 0.11306855627111886 
0.7654910934544188 0.9728148676620036 
0.887464889085908 0.5764001201850188 
0.18406645784625827 0.4588123318931875 
0.46940007801168804 0.4148323830786793 
0.17554178379126337 0.015204098417003792 
0.46194786812 0.0612587308047 
0.576794418070546 0.2807951407630281 
0.20228654322875853 0.4717061799932064 
0.03212664659280742 0.18474507696935613 
0.513851280323293 0.5172741293923099 
0.971155985981243 0.3879051517391078 
0.4144731871450835 0.5844794949371213 
0.193915917735 0.479021105269 
0.27927332398929194 0.722618927811965 
0.373337472714 0.0840223787671 
0.34089704409232585 0.009856211480839427 
0.635833176362413 0.9180179930436834 
0.20705858436301136 0.38316747165938814 
0.17125467203111144 0.9212506397922202 
0.961974132721 0.192204837734 
0.825272871110119 0.8471364989833644 
0.640786886095 0.0597303401735 
0.220282278959 0.101782925358 
0.2731915914301666 0.5321383621983808 
0.173541733628 0.00107385583094 
0.36485640271110276 0.5301206056906058 
0.42796158825247665 0.7344382841542466 
0.899733703219 0.491158334242 
0.371979235974 0.531235270991 
0.4866072553753048 0.2861073068840718 
0.7719788606041902 0.799311382358691 
0.018558531373 0.0197724208576 
0.3634228555908964 0.649884983342676 
0.35997524778194046 0.9599770395976825 
0.03870468995820124 0.2775852015912626 
0.277307876531914 0.3188317991484666 
0.872561017278966 0.01011845608183154 
0.5017365637917951 0.17685261081166204 
0.5174589202084791 0.7870526980215492 
0.539565500193 0.644156271649 
0.2283701885766906 0.4402164207149096 
0.8205262241214618 0.3413461916141808 
0.2975852801128496 0.159726084028674 
0.31342108492234555 0.7960125865859404 
0.357805081171 0.60908624491 
0.547331305384 0.0818678066084 
0.2894327082610795 0.3722725609833595 
0.16097401679158205 0.2757148013207458 
0.950332690399 0.472003373918 
0.8084267967956292 0.747215979793635 
0.466541261695 0.115289397145 
0.9316807621055958 0.6469794681769534 
0.203577996983 0.669641431743 
0.329779713318 0.291092331556 
0.6986724049331386 0.4049953546415118 
0.6839101044728874 0.4699073929132721 
0.929502474154 0.942266960185 
0.956339041324 0.993540832539 
0.253460387089 0.19616940679 
0.9252873861172171 0.842121815780353 
0.16286280039624734 0.8027638580432175 
0.5110778723612326 0.7319028931071248 
0.47383519405911523 0.1846874545309768 
0.252539584720851 0.30097253562102994 
0.5839547110608702 0.38375826982715777 
0.6480763324930112 0.3930862818654732 
0.15362724441197806 0.6114674712106315 
0.9326997881585402 0.4063204882820895 
0.14557229239 0.527197682174 
0.39074874261427134 0.3159106923226766 
0.5668682856385223 0.5115639332546893 
0.39309318025596074 0.7872084353602369 
0.5659045985772306 0.9164611935257876 
0.07527142933534367 0.5308190089168288 
0.6585225139128759 0.19302470572327846 
0.39607977283439216 0.5006322410749704 
0.838292369847498 0.4117275923732806 
0.523449985672042 0.32231356631201874 
0.743680137354 0.79982243664 
0.737388116193549 0.025676569363088597 
0.8320792494792708 0.08650806283694162 
0.6757811593852028 0.7696141535707375 
0.8060460463265751 0.010965084430281602 
0.16535731117440255 0.13549667430097412 
0.796751305338 0.752420475823 
0.198782528146 0.314115758253 
0.03209511218702771 0.604784940842124 
0.6464408505286284 0.46907482200918593 
0.8662873734049079 0.7515960697128803 
0.7756058244240986 0.7018378877791984 
0.8529285620885638 0.9899869744842176 
0.645053817988 0.475932763895 
0.246963037021 0.643156560291 
0.235256191978 0.13236967634 
0.6746395436878475 0.057611099742078786 
0.50241191263 0.690681435406 
0.7226280662192931 0.5348485792415562 
0.6487918212916227 0.6673941924755783 
0.20604011566900843 0.4038111223940936 
0.871842773974466 0.44733758970259696 
0.719072342457 0.173420809164 
0.4655896655 0.439021871775 
0.0979515897731 0.383198738117 
0.10257082378070964 0.7955257483046965 
0.9610054234757516 0.9912036357412707 
0.6926672579778181 0.5761025926192451 
0.201023586187 0.97973034177 
0.39723948899174766 0.0828362593936531 
0.36982429572218023 0.7151187364437936 
0.9670143296087461 0.6925903858452671 
0.579766225466458 0.48086755171907103 
0.5331880441347767 0.020464973112827745 
0.5311138915767977 0.06866817566760305 
0.5929239727605463 0.3332454706675353 
0.603239893563 0.520442784028 
0.40551240478533795 0.44013247727587806 
0.907511088589 0.842783079907 
0.265454659853 0.290137702805 
0.45021410723729605 0.311770033178816 
0.98248710291782 0.885395015430856 
0.638278399492 0.598868251846 
0.456355422624 0.738197476821 
0.03568230589454219 0.8270947996418192 
0.02621810591023066 0.6469325898028592 
0.9697107643946449 0.27047810893752466 
0.4435804592425855 0.9528599890083261 
0.9574565067111674 0.4158540348136198 
0.782726146036 0.128139361867 
0.5690030447431955 0.43414398926587666 
0.7207690619529902 0.3545871934243615 
0.397294823023 0.462183846939 
0.7253104162107527 0.6922734356771454 
0.6346856622392227 0.6043785616281563 
0.612307119624 0.65158363713 
0.9152819493193578 0.322406968233028 
0.13383347894732767 0.8082606683135857 
0.8689585600936861 0.9672314903557263 
0.197416176955 0.368580564524 
0.787919869556 0.997871252409 
0.22780918325105365 0.7844535140644622 
0.5175072898565026 0.290523577029747 
0.23398778864217679 0.4685452997142276 
0.578882970572 0.874525147087 
0.25343797626598885 0.7617170825285267 
0.5167428360615657 0.1994991249663429 
0.7769478026848785 0.8331752218342506 
0.002734650113029563 0.43015589312202873 
0.835489966343 0.383617315848 
0.1710503238998523 0.013518958280133275 
0.30986110778005016 0.31804709841122647 
0.378460571426 0.765629405841 
0.7439526341282288 0.29806806727267654 
0.1642100429201925 0.2576279235201399 
0.5146696855812519 0.23447464672941398 
0.31261784579 0.470058366436 
0.8918375813815447 0.7402804541672314 
0.114304672167 0.698071357434 
0.21914656266376098 0.7200260372940972 
0.254410853132 0.760810611606 
0.7220847578634791 0.645174629165247 
0.11931161670632812 0.16921204711384125 
0.11759588421825884 0.9181356241318411 
0.665721020195 0.426073048779 
0.6961975373057075 0.9573317080109071 
0.6962154886358803 0.8278680164871784 
0.55334880294 0.432889134762 
0.531296529245 0.610437302005 
0.24990966319942162 0.18962404591605578 
0.0484378757176 0.62228578539 
0.866219719686 0.160225512734 
0.3324051524249292 0.6767432812363223 
0.6573090261755115 0.898635252026817 
0.5352582194992037 0.0011909248906199488 
0.343662554988 0.130057544839 
0.959784959025 0.570653786387 
0.9596686183873487 0.5464896105421738 
0.0934595981864 0.421735256819 
0.0221974760465 0.0192095596918 
0.806917894102 0.983922717518 
0.15874191997924347 0.21742952900693346 
0.497716373826 0.838342282545 
0.5124719431741144 0.11232620184255215 
0.6709814257529434 0.8887965737117325 
0.53785962929 0.804342469723 
0.0790132664782 0.443357289585 
0.8345921704533203 0.9332882771376874 
0.758051207234 0.271576302906 
0.7320906321807384 0.14377418722693147 
0.713248551424 0.96228537399 
0.6155367003218088 0.6521095587519044 
0.713706672671297 0.2862973134512111 
0.5601452161514636 0.5444738184789758 
0.24426805132147925 0.5276588550400471 
0.4699075532055545 0.38194372592005993 
0.72135658499627 0.7997228230594973 
0.830693587136 0.937238028512 
0.904118756023 0.584898160399 
0.98225105247 0.492217281267 
0.19806676778193683 0.3879034543613393 
0.49957989866250196 0.8675147232579148 
0.2644676275430931 0.6870412904215386 
0.7145465076009728 0.23290988701513557 
0.89432710395 0.929599524469 
0.08496524392337784 0.3509704264523334 
0.300968384189 0.120165321062 
0.6351925942203569 0.2893069644868926 
0.514400391239 0.134705239445 
0.31401019938648167 0.680728014350863 
0.39245065033119997 0.3926549051421535 
0.08794903912194885 0.6891491987072876 
0.5700035538485941 0.6932906498889686 
0.5567630858617756 0.7154383559413988 
0.668156540539 0.706810828422 
9.026013682622569e-05 0.3653684190018458 
0.520564185395 0.0474237242174 
0.9276804696161793 0.06775859363889719 
0.585634461116 0.334164483431 
0.0802454413342449 0.28383129233874244 
0.23115891889924794 0.8392931549307745 
0.128535089012 0.868389438182 
0.806045443568 0.503742968852 
0.9297501625174761 0.48488166645086184 
0.25408308351581255 0.6365133571565651 
0.0590181704056 0.47504491123 
0.6553897042597251 0.8879741567002833 
0.5193193706036512 0.06428356559769452 
0.14689774238 0.623362331791 
0.43843536139650785 0.6723277380070823 
0.7440770943479053 0.7955268681063227 
0.2524066353835495 0.04169266839687576 
0.8156157185487443 0.40796123411573104 
0.536425686028 0.343268880317 
0.823205623744 0.880909035151 
0.7136755980631052 0.8186870862583583 
0.578295703079 0.260813585487 
0.5497733271077175 0.2754916767280152 
0.6639561850478706 0.28332543343133865 
0.349744419287 0.39047748528 
0.9010859933157809 0.977808343911156 
0.668076438898 0.0383706174462 
0.6314069981967274 0.14428469084792944 
0.782067509021995 0.28823904581099347 
0.18159869341 0.592973340497 
0.416601634679 0.218017451591 
0.831425682598 0.432600789684 
0.020420466269619186 0.5822480363378602 
0.740906619373 0.178099085036 
0.5381987554401483 0.1950467532234882 
0.8794757038328287 0.21545590306337153 
0.5862528894283897 0.5258818540912297 
0.57335437576 0.0627827146051 
0.41753883663602903 0.7837643190017205 
0.839253795671896 0.7737014268967894 
0.202221469948 0.047170921116 
0.5378568139384514 0.5282602012325701 
0.5256724485801627 0.9988517126587511 
0.7514663958733839 0.9158021109166196 
0.8158339720040494 0.12290311746563953 
0.731533400771444 0.014481646955732452 
0.262455646222 0.705638930767 
0.0993763097185223 0.9366891758804856 
0.05091168450991662 0.7449054847228533 
0.5569034954255251 0.6742940915204868 
0.9781141581881448 0.8818386384881759 
0.6148782044429468 0.5566689402383054 
0.8890824949414258 0.6950709296336597 
0.853574224562 0.033010984824 
0.646043641116 0.289278599834 
0.5531509161534962 0.3335785895311936 
0.54095118904 0.336232752354 
0.41569721418892774 0.17137592429914755 
0.874148765186 0.463877060826 
0.1263983110331896 0.8380483179656943 
0.544583326365 0.171345370105 
0.2721007311851832 0.5372080053647175 
0.251010457831 0.000968318835489 
0.211304620082 0.28885165248 
0.8961937127688353 0.2579835249722798 
0.8111717286280937 0.0058931228317768425 
0.38396112205818905 0.4696735077078937 
0.863057289383 0.372444677325 
0.826475658403 0.996354935043 
0.825233923946 0.809447642193 
0.024895486207509754 0.6609343690190186 
0.6248571976380487 0.19013288291500452 
0.27814730746488026 0.5355433083506249 
0.910552929692 0.777485382145 
0.000509511899003 0.687430346981 
0.2952058046885328 0.9482802305981461 
0.13163159338433394 0.27227258543605803 
0.20075396312436994 0.2618409696917811 
0.483747501161 0.0576772721046 
0.9158776071120569 0.42872789914436704 
0.178470573538 0.0613346577652 
0.954131524396 0.987209088726 
0.15366812827378334 0.24077065072344578 
0.621980472473 0.452124622129 
0.40281686690951163 0.06832858220339505 
0.340537317014 0.123244520847 
0.6749133730830282 0.33023522886683343 
0.3314281469381406 0.4274550898350479 
0.8669218593743623 0.24282080157246722 
0.508469002268 0.258080462468 
0.5315500637654653 0.2465503738661806 
0.6685035457306092 0.2227576745657239 
0.837143032317 0.629931967579 
0.647459930441721 0.9987760999455118 
0.1521611290064802 0.08474756733598282 
0.793918121693 0.264182834154 
0.4326881211210019 0.6763556090783909 
0.25225709060271084 0.16372074087464217 
0.717785991861 0.680347066109 
0.518766807953 0.750132899691 
0.39732532869058257 0.8075757549054537 
0.0770538952493 0.753568716695 
0.688458610847 0.974814656511 
0.30205895808994576 0.3261102037086302 
0.0666684490975 0.988823839922 
0.7907572168065764 0.10460544665024962 
0.6401248658399489 0.13275124752994882 
0.668945530411 0.597350727479 
0.5010962434246642 0.11473944061049945 
0.5943315745901205 0.34218552254319334 
0.4853335685637134 0.19807028195041493 
0.75600180906 0.578239367295 
0.823990847836 0.0527279125765 
0.137194916344 0.589166248326 
0.3231124398529069 0.9711521674872416 
0.998929028226 0.767057731652 
0.704999903051 0.676462811258 
0.7174661648584304 0.5450941787834132 
0.420070999394 0.0183111039445 
0.34317948976016277 0.60416049610042 
0.9888865777322011 0.9725899534836806 
0.9304854976579726 0.2976132444949624 
0.4577885633257358 0.6043274060650511 
0.0461777014726 0.0189419574777 
0.38913142602269035 0.31418736260825775 
0.330400434914 0.957826937511 
0.4785504458053299 0.49410821330687604 
0.840292079116 0.760545491923 
0.312341720531 0.864865853484 
0.4489317471480192 0.1861621019792888 
0.2650288215682796 0.8631195410845953 
0.0193173331845 0.158621393842 
0.20445019147957333 0.010333441670023244 
0.21776704470806496 0.3055013031681394 
0.2418441190050371 0.5013014386764039 
0.467711654264 0.882231095752 
0.049250805885525745 0.29977405425965065 
0.221830269831 0.443085382286 
0.6977925568714705 0.3223443630649297 
0.37465209209798067 0.024593424776948175 
0.969852667994 0.828862527689 
0.0690009728669 0.859878493123 
0.3844396785054884 0.525253627841578 
0.6281860070322061 0.4128534021550838 
0.5562909911928835 0.8316469677620344 
0.859361689928 0.16587297359 
0.8741292471917858 0.13436393499255972 
0.769554346673 0.582513638764 
0.0896972973326 0.368846165616 
0.45980058526777307 0.4563786041184817 
0.00155962990428 0.00221715362002 
0.5806129260370385 0.3111639571852358 
0.805885023038 0.133128223036 
0.1893501645357445 0.012070350755458481 
0.6113286784820449 0.4510669180851419 
0.9697042146860567 0.9721543821877437 
0.235172805008 0.603612806809 
0.44660965853 0.430812170785 
0.6808064332977058 0.9623637290545127 
0.9522810860468975 0.9225259980938336 
0.18304153392056208 0.5637184924358222 
0.42236236733562327 0.4116716043631502 
0.6565642690762112 0.5104958030258848 
0.24110594509 0.569768129087 
0.3070855804053816 0.11491600764850797 
0.32753637820793097 0.8542391805066312 
0.895598160782 0.306232378944 
0.9779336901746593 0.507720730788206 
0.7911848343062635 0.8973368004781559 
0.2730459568168432 0.29409282969528594 
0.5229696270987929 0.90568915641952 
0.8240142542124873 0.39524083754494416 
0.975505822089 0.771744623967 
0.17623561039651747 0.779876799042699 
0.3930700887857362 0.26617733225508916 
0.594927644124 0.954864013446 
0.6338217913952778 0.6403967193212404 
