0.069777 0.061768 
0.373555 0.372329 
0.306132 0.206549 
0.817918 0.713801 
0.532898 0.192477 
0.784744 0.754305 
0.483755 0.294211 
0.844508 0.896111 
0.312686 0.204777 
0.716405 0.723305 
0.743393 0.794235 
0.250846 0.283752 
0.659184 0.482716 
0.396716 0.226948 
0.752378 0.711606 
0.782648 0.747024 
0.112521 0.118388 
0.543708 0.671891 
0.126730 0.199404 
0.340402 0.452736 
0.580302 0.380506 
0.745097 0.545226 
0.229252 0.417232 
0.666686 0.767162 
0.303172 0.252239 
0.605311 0.371437 
0.793680 0.659791 
0.271777 0.794931 
0.631344 0.558889 
0.576998 0.654361 
0.113202 0.208581 
0.642246 0.558821 
0.672424 0.859306 
0.577816 0.372576 
0.888113 0.777484 
0.332623 0.593795 
0.390674 0.447692 
0.750499 0.748187 
0.639124 0.429868 
0.342023 0.440932 
0.702083 0.628144 
0.422313 0.222539 
0.528891 0.366157 
0.185886 0.186444 
0.278441 0.267900 
0.676216 0.694517 
0.870814 0.882503 
0.294976 0.154412 
0.719775 0.650426 
0.489452 0.633390 
0.533676 0.462251 
0.313363 0.388086 
0.070605 0.124956 
0.334529 0.199802 
0.698376 0.192699 
0.541721 0.773838 
0.532404 0.599566 
0.332467 0.240181 
0.279078 0.360916 
0.463759 0.216762 
0.735370 0.698962 
0.552273 0.383227 
0.631918 0.362600 
0.813381 0.867105 
0.605841 0.705643 
0.856639 0.927159 
0.413210 0.425144 
0.372598 0.543975 
0.937165 0.839987 
0.598319 0.748347 
0.457707 0.257436 
0.631559 0.634490 
0.187915 0.112888 
0.275697 0.129125 
0.438235 0.653189 
0.591959 0.473317 
0.640163 0.254764 
0.514750 0.531192 
0.835357 0.880883 
0.768742 0.794780 
0.653279 0.528434 
0.547918 0.585411 
0.157142 0.183899 
0.544463 0.316430 
0.368614 0.521901 
0.669129 0.658892 
0.690623 0.718936 
0.277928 0.178942 
0.402918 0.318131 
0.286421 0.204468 
0.676757 0.557681 
0.154765 0.232561 
0.481027 0.468180 
0.376109 0.281244 
0.305684 0.501479 
0.748955 0.850022 
0.838466 0.870438 
0.369672 0.403424 
0.689670 0.797472 
0.450794 0.425689 
0.198246 0.076916 
0.674517 0.556241 
0.216752 0.197165 
0.690988 0.749910 
0.610854 0.759467 
0.620674 0.484870 
0.252060 0.502730 
0.956751 0.868291 
0.572011 0.475775 
0.386621 0.258366 
0.398467 0.354539 
0.677387 0.290549 
0.320655 0.451173 
0.707635 0.779198 
0.304756 0.377210 
0.232164 0.341604 
0.683803 0.858422 
0.694190 0.549214 
0.499293 0.413350 
0.908695 0.804929 
0.712232 0.341483 
0.682723 0.440907 
0.227911 0.421615 
0.329487 0.393354 
0.247829 0.387161 
0.853886 0.781126 
0.217960 0.222490 
0.446737 0.596673 
0.634746 0.748478 
0.087760 0.109695 
0.349852 0.198365 
0.423659 0.814373 
0.231217 0.430955 
0.400328 0.509529 
0.297004 0.349668 
0.725279 0.720625 
0.601452 0.571980 
0.463828 0.248110 
0.413466 0.348709 
0.899564 0.860547 
0.579958 0.309480 
0.404899 0.614048 
0.299959 0.431252 
0.888781 0.915075 
0.390361 0.309722 
0.184740 0.374785 
0.544775 0.614289 
0.763985 0.687269 
0.683136 0.202855 
0.236434 0.436480 
0.334858 0.342763 
0.659999 0.337152 
0.346250 0.684989 
0.900280 0.890824 
0.103790 0.080189 
0.420122 0.735822 
0.520670 0.687002 
0.624719 0.573237 
0.780383 0.764337 
0.440860 0.547902 
0.484233 0.566556 
0.856333 0.846451 
0.194743 0.759710 
0.339277 0.261153 
0.390223 0.291167 
0.614547 0.697543 
0.627479 0.522075 
0.508876 0.526629 
0.448215 0.862639 
0.235134 0.369427 
0.448304 0.723142 
0.145230 0.258799 
0.899684 0.809621 
0.487344 0.535428 
0.691347 0.823997 
0.465073 0.371412 
0.544239 0.272303 
0.673803 0.287505 
0.268570 0.348600 
0.227566 0.348558 
0.097949 0.211612 
0.209630 0.571258 
0.605098 0.842318 
0.193194 0.092205 
0.448853 0.352987 
0.806698 0.672122 
0.175643 0.186042 
0.524762 0.593926 
0.360202 0.287436 
0.526526 0.524483 
0.335813 0.435670 
0.299181 0.375404 
0.705411 0.657642 
0.943954 0.953846 
0.150401 0.224478 
0.594505 0.397629 
0.434763 0.711073 
0.331791 0.069731 
0.762922 0.728040 
0.199518 0.312732 
0.286140 0.618230 
0.425384 0.462660 
0.848926 0.792789 
0.582310 0.572035 
0.377325 0.360117 
0.423203 0.577576 
0.469552 0.254575 
0.107667 0.138819 
0.234367 0.504314 
0.148962 0.144108 
0.782050 0.148558 
0.742002 0.781448 
0.473746 0.438678 
0.433467 0.594602 
0.677447 0.790584 
0.208613 0.164005 
0.258003 0.665912 
0.440731 0.354977 
0.517958 0.447875 
0.809270 0.630438 
0.931053 0.882712 
0.442931 0.306499 
0.673433 0.816912 
0.622092 0.521804 
0.070742 0.172742 
0.212632 0.196350 
0.282693 0.619707 
0.371717 0.420369 
0.370870 0.284997 
0.775724 0.763797 
0.774009 0.813371 
0.973832 0.964454 
0.557357 0.479337 
0.477384 0.446847 
0.148698 0.187958 
0.786369 0.793361 
0.059313 0.112924 
0.134106 0.135139 
0.876437 0.860839 
0.844054 0.622584 
0.318969 0.228262 
0.285945 0.306347 
0.757825 0.761974 
0.291503 0.317275 
0.922259 0.925697 
0.340484 0.328002 
0.414789 0.320252 
0.203236 0.343384 
0.648641 0.626182 
0.690121 0.729652 
0.540870 0.185140 
0.609042 0.494429 
0.262332 0.141030 
0.712211 0.835972 
0.784791 0.745581 
0.334810 0.322023 
0.428417 0.555698 
0.213666 0.105298 
0.554228 0.621857 
0.366652 0.499362 
0.367402 0.451590 
0.401736 0.407264 
0.638503 0.417360 
0.383365 0.370208 
0.724584 0.736071 
0.095687 0.160373 
0.466527 0.252306 
0.517117 0.730586 
0.547917 0.759075 
0.731130 0.502062 
0.584718 0.536513 
0.523429 0.565986 
0.160226 0.219531 
0.113802 0.146763 
0.136591 0.182173 
0.612221 0.527398 
0.294108 0.546601 
0.489297 0.628368 
0.625382 0.551757 
0.171898 0.146860 
0.608009 0.751424 
0.351798 0.713905 
0.789637 0.846713 
0.493444 0.326212 
0.247546 0.560090 
0.546822 0.512657 
0.382874 0.628648 
0.402127 0.196208 
0.958464 0.944336 
0.466829 0.258777 
0.436494 0.355752 
0.316477 0.245036 
0.335769 0.412279 
0.390648 0.371142 
0.434401 0.456758 
0.099230 0.141547 
0.606292 0.761760 
0.353369 0.423078 
0.159879 0.291045 
0.298451 0.327402 
0.286443 0.171521 
0.269891 0.232647 
0.705767 0.247980 
0.336520 0.450968 
0.467908 0.267608 
0.452583 0.511338 
0.508541 0.392140 
0.461094 0.467388 
0.741151 0.644813 
0.468070 0.370048 
0.667120 0.496296 
0.589345 0.492165 
0.362758 0.410430 
0.277576 0.264514 
0.269455 0.328669 
0.659614 0.663926 
0.647064 0.421164 
0.530573 0.636655 
0.588763 0.474960 
0.468126 0.794943 
0.559545 0.604233 
0.218743 0.154982 
0.612857 0.718493 
0.570704 0.471964 
0.637242 0.303731 
0.311568 0.447312 
0.323733 0.344979 
0.531146 0.584084 
0.971174 0.977371 
0.609689 0.616965 
0.257382 0.499088 
0.554949 0.593687 
0.721194 0.676113 
0.721638 0.362452 
0.669040 0.364684 
0.654487 0.763470 
0.913241 0.789895 
0.625961 0.179978 
0.080739 0.322561 
0.642887 0.359170 
0.041656 0.044385 
0.262005 0.202703 
0.866629 0.874284 
0.295995 0.178268 
0.525015 0.386799 
0.384620 0.626042 
0.705212 0.846936 
0.681750 0.729007 
0.559380 0.516928 
0.855158 0.868382 
0.208678 0.133031 
0.517675 0.336629 
0.251828 0.818493 
0.244513 0.331081 
0.417872 0.779881 
0.111693 0.247416 
0.230005 0.136999 
0.492521 0.452899 
0.800619 0.842442 
0.114119 0.294906 
0.506606 0.411060 
0.285743 0.176479 
0.688430 0.278457 
0.720301 0.260668 
0.389674 0.343817 
0.570448 0.759853 
0.270521 0.277114 
0.665064 0.681100 
0.221282 0.264423 
0.542774 0.434473 
0.666722 0.213550 
0.304699 0.542668 
0.649443 0.469177 
0.925822 0.862648 
0.739259 0.773645 
0.384233 0.576383 
0.738063 0.696697 
0.179682 0.268892 
0.771925 0.492458 
0.814907 0.805963 
0.086881 0.073908 
0.349104 0.579640 
0.271558 0.355285 
0.341157 0.517675 
0.110453 0.138510 
0.072752 0.107574 
0.376900 0.380602 
0.375655 0.422972 
0.712711 0.235704 
0.250294 0.163569 
0.820246 0.665610 
0.824546 0.830644 
0.691372 0.657251 
0.737933 0.722508 
0.136200 0.151669 
0.755455 0.733962 
0.090399 0.248726 
0.416075 0.463784 
0.341924 0.328839 
0.792929 0.732766 
0.249152 0.476058 
0.313827 0.513696 
0.458316 0.375572 
0.191361 0.208244 
0.262252 0.527057 
0.323781 0.410957 
0.647051 0.477897 
0.336445 0.162418 
0.315210 0.195864 
0.792537 0.805562 
0.670148 0.764454 
0.746846 0.557781 
0.664836 0.625695 
0.257674 0.331102 
0.396981 0.674657 
0.523488 0.492324 
0.547536 0.536568 
0.454814 0.539718 
0.543870 0.669598 
0.456300 0.629227 
0.480528 0.335685 
0.631072 0.605850 
0.528206 0.411577 
0.747273 0.427170 
0.583526 0.541044 
0.821492 0.245200 
0.651903 0.721168 
0.200079 0.175609 
0.574667 0.587807 
0.357142 0.498917 
0.807929 0.772739 
0.311050 0.541642 
0.863048 0.790987 
0.719156 0.764618 
0.588226 0.217206 
0.274070 0.473386 
0.326734 0.347675 
0.707066 0.682810 
0.457674 0.323363 
0.416274 0.369426 
0.661539 0.441414 
0.788815 0.561808 
0.640399 0.317107 
0.275547 0.364551 
0.867816 0.892343 
0.770741 0.599405 
0.370006 0.210797 
0.674588 0.525086 
0.808810 0.267336 
0.325776 0.535111 
0.541431 0.663344 
0.356488 0.416846 
0.606645 0.733110 
0.560055 0.476947 
0.908687 0.678546 
0.222580 0.303516 
0.505522 0.831756 
0.439724 0.606824 
0.732806 0.766992 
0.591559 0.727381 
0.458694 0.352909 
0.154239 0.417445 
0.392298 0.410287 
0.683605 0.676299 
0.530895 0.578148 
0.672602 0.497686 
0.768130 0.770630 
0.299730 0.544230 
0.556803 0.479376 
0.802920 0.830620 
0.432258 0.557008 
0.509257 0.361001 
0.378633 0.316315 
0.332748 0.361987 
0.138241 0.301509 
0.876056 0.840743 
0.828812 0.847327 
0.492474 0.635350 
0.640517 0.624774 
0.572982 0.715955 
0.580032 0.566036 
0.705529 0.374263 
0.763119 0.717507 
0.703430 0.345642 
0.729411 0.833983 
0.744985 0.733346 
0.337294 0.251775 
0.474192 0.818666 
0.324895 0.099226 
0.169091 0.377198 
0.405390 0.227564 
0.389041 0.689870 
0.721920 0.431537 
0.238597 0.184744 
0.277808 0.156764 
0.382198 0.239045 
0.186846 0.076268 
0.718457 0.555524 
0.347248 0.328990 
0.545752 0.362006 
0.589227 0.410433 
0.846286 0.665734 
0.817349 0.824080 
0.261324 0.186865 
0.551238 0.599470 
0.456045 0.497745 
0.486712 0.224279 
0.524239 0.274721 
0.534495 0.741818 
0.515058 0.575330 
0.589834 0.629368 
0.111360 0.319778 
0.744657 0.722604 
0.508021 0.219656 
0.368815 0.267839 
0.568987 0.314607 
0.283004 0.345712 
0.807828 0.743040 
0.723140 0.667345 
0.053189 0.052097 
0.557447 0.564069 
0.696525 0.729103 
0.196415 0.124513 
0.458958 0.218115 
0.478696 0.626969 
0.675220 0.519461 
0.364361 0.639299 
0.178077 0.149205 
0.483126 0.885321 
0.640104 0.640913 
0.805858 0.532416 
0.845918 0.928801 
0.952593 0.876212 
0.402445 0.718600 
0.690344 0.650865 
0.584021 0.526054 
0.911251 0.881498 
0.518057 0.392396 
0.787807 0.640317 
0.078118 0.071528 
0.763205 0.809211 
0.506992 0.309323 
0.397821 0.336048 
0.493722 0.528084 
0.117033 0.084445 
0.679549 0.683196 
0.641626 0.409857 
0.314514 0.262708 
0.299032 0.161391 
0.782954 0.518489 
0.951678 0.957492 
0.617316 0.522030 
0.751526 0.842812 
0.125792 0.288628 
0.137431 0.233404 
0.373277 0.715484 
0.455449 0.411294 
0.752460 0.751968 
0.933575 0.868608 
0.615508 0.609635 
0.751817 0.686079 
0.638979 0.657732 
0.547066 0.456241 
0.529664 0.206316 
0.172875 0.303299 
0.523757 0.583329 
0.230212 0.392773 
0.903619 0.920681 
0.395854 0.436619 
0.236990 0.464734 
0.227627 0.182749 
0.509714 0.128004 
0.601789 0.730655 
0.074270 0.103807 
0.241999 0.301437 
0.699989 0.633016 
0.154948 0.115488 
0.348468 0.609511 
0.343955 0.669189 
0.308945 0.374473 
0.731659 0.715213 
0.414707 0.403357 
0.276497 0.298424 
0.251723 0.208787 
0.373925 0.269618 
0.536527 0.570514 
0.439627 0.378865 
0.347819 0.392255 
0.289990 0.343538 
0.497967 0.559925 
0.413877 0.260881 
0.236314 0.289868 
0.734352 0.720773 
0.641781 0.720954 
0.546312 0.508643 
0.680011 0.677958 
0.704481 0.573897 
0.545296 0.327318 
0.262536 0.649596 
0.516661 0.285741 
0.852802 0.576143 
0.358838 0.486088 
0.542836 0.647048 
0.677584 0.571842 
0.494227 0.573733 
0.681578 0.356870 
0.782021 0.575055 
0.268423 0.227448 
0.476392 0.517776 
0.369742 0.238390 
0.818050 0.439732 
0.161814 0.667180 
0.519781 0.235116 
0.287676 0.579941 
0.841309 0.911732 
0.199094 0.085099 
0.462235 0.734434 
0.582795 0.356428 
0.491525 0.436327 
0.362896 0.330313 
0.869626 0.917905 
0.502192 0.702814 
0.313745 0.319549 
0.688129 0.635802 
0.214684 0.296074 
0.321229 0.507643 
0.681449 0.837130 
0.500571 0.328210 
0.325563 0.373968 
0.463375 0.602355 
0.902230 0.824508 
0.349326 0.373867 
0.339802 0.419208 
0.252426 0.190182 
0.371432 0.564982 
0.202896 0.172678 
0.251043 0.341935 
0.267651 0.379507 
0.167126 0.184455 
0.953995 0.908125 
0.441190 0.341406 
0.403972 0.438369 
0.816650 0.593609 
0.563342 0.568200 
0.391475 0.536950 
0.787997 0.113952 
0.548743 0.272473 
0.531700 0.541300 
0.534423 0.620147 
0.497754 0.663148 
0.500700 0.780487 
0.841148 0.559039 
0.195547 0.654472 
0.782291 0.643154 
0.274231 0.377616 
0.064252 0.074727 
0.303303 0.213619 
0.348981 0.513628 
0.719577 0.882081 
0.778587 0.793752 
0.277295 0.347470 
0.087092 0.079810 
0.629802 0.270834 
0.315995 0.390263 
0.486427 0.458765 
0.436707 0.374555 
0.182840 0.236928 
0.331716 0.527073 
0.530984 0.628457 
0.872381 0.747334 
0.518174 0.560924 
0.734557 0.708787 
0.465269 0.606351 
0.430023 0.333110 
0.169157 0.179623 
0.898655 0.846626 
0.701803 0.684406 
0.527616 0.396393 
0.448625 0.447908 
0.603355 0.400421 
0.401445 0.355853 
0.310864 0.150533 
0.870574 0.851170 
0.242966 0.471695 
0.915266 0.930525 
0.687470 0.541042 
0.618298 0.694347 
0.618057 0.714425 
0.816447 0.811009 
0.797023 0.261750 
0.281477 0.298552 
0.394569 0.576913 
0.792429 0.528885 
0.465536 0.603393 
0.342339 0.469277 
0.744327 0.532006 
0.543240 0.564700 
0.544312 0.670573 
0.657803 0.431665 
0.237317 0.184727 
0.216541 0.533347 
0.227756 0.373352 
0.649693 0.429273 
0.637589 0.765186 
0.380898 0.504125 
0.482115 0.358336 
0.606861 0.767061 
0.552490 0.498959 
0.290894 0.280088 
0.304397 0.176804 
0.793653 0.682976 
0.028058 0.021729 
0.513361 0.723487 
0.133476 0.200692 
0.825846 0.862828 
0.673070 0.623058 
0.530236 0.783154 
0.656431 0.429160 
0.361440 0.570880 
0.245579 0.212637 
0.546172 0.676753 
0.844796 0.853196 
0.308131 0.376447 
0.538527 0.419055 
0.510078 0.244138 
0.196703 0.214262 
0.231936 0.625233 
0.266952 0.631433 
0.544298 0.772702 
0.463282 0.450677 
0.375049 0.630420 
0.721622 0.840938 
0.495273 0.344406 
0.873660 0.816925 
0.444439 0.256463 
0.354113 0.552419 
0.484587 0.186485 
0.665178 0.654668 
0.691084 0.691746 
0.197645 0.306346 
0.137749 0.082478 
0.729962 0.536181 
0.705993 0.710105 
0.807619 0.729123 
0.245557 0.343331 
0.892374 0.916901 
0.282234 0.439494 
0.408517 0.421995 
0.495043 0.252451 
0.662331 0.333272 
0.921921 0.935631 
0.070847 0.081964 
0.384581 0.320542 
0.587438 0.363426 
0.185641 0.395603 
0.344912 0.479841 
0.353622 0.182476 
0.725172 0.606143 
0.764391 0.813506 
0.305215 0.429967 
0.460356 0.111365 
0.267488 0.327669 
0.322901 0.211520 
0.466969 0.718839 
0.631581 0.381202 
0.582854 0.477012 
0.644330 0.267270 
0.849397 0.813036 
0.417655 0.594592 
0.710379 0.639256 
0.392158 0.518891 
0.148937 0.296400 
0.762198 0.646334 
0.159883 0.071710 
0.520654 0.872706 
0.503539 0.688285 
0.469249 0.540672 
0.456003 0.667234 
0.949823 0.914689 
0.765698 0.627629 
0.458973 0.428593 
0.269414 0.401182 
0.341401 0.319527 
0.210262 0.352254 
0.624803 0.430642 
0.526072 0.611853 
0.585286 0.368493 
0.395834 0.401778 
0.613761 0.117974 
0.297459 0.295207 
0.852000 0.914612 
0.160405 0.154120 
0.405614 0.607179 
0.362632 0.153635 
0.662311 0.501927 
0.737296 0.675970 
0.508372 0.489813 
0.762193 0.523748 
0.862151 0.882567 
0.128384 0.108083 
0.321801 0.197903 
0.870790 0.940190 
0.805940 0.608733 
0.634470 0.681005 
0.390074 0.324618 
0.274545 0.613277 
0.409293 0.423908 
0.617728 0.727082 
0.481038 0.640516 
0.422545 0.420486 
0.585255 0.440817 
0.538536 0.574446 
0.631110 0.741328 
0.246680 0.332142 
0.659746 0.751319 
0.406751 0.463709 
0.772260 0.608900 
0.384999 0.633178 
0.631840 0.608803 
0.326392 0.610467 
0.605732 0.596652 
0.501637 0.498121 
0.451051 0.371998 
0.262830 0.414586 
0.616224 0.539851 
0.320573 0.554902 
0.378768 0.343149 
0.770940 0.837702 
0.636760 0.392484 
0.798916 0.732006 
0.366155 0.248299 
0.367624 0.300919 
0.349170 0.478272 
0.266338 0.111519 
0.319206 0.349589 
0.345613 0.385880 
0.301857 0.437074 
0.682658 0.695874 
0.662976 0.816328 
0.237936 0.301397 
0.649349 0.548972 
0.316827 0.315193 
0.349414 0.250915 
0.686033 0.432905 
0.423857 0.773843 
0.529139 0.541618 
0.570698 0.481750 
0.425489 0.232242 
0.553949 0.631808 
0.379532 0.208874 
0.738961 0.722972 
0.501446 0.231653 
0.490534 0.408744 
0.296534 0.262915 
0.609375 0.418135 
0.715240 0.570714 
0.748565 0.426858 
0.311526 0.217034 
0.198664 0.386586 
0.791469 0.587652 
0.732968 0.628242 
0.719801 0.760438 
0.549610 0.414448 
0.126690 0.150686 
0.848874 0.908619 
0.229393 0.378096 
0.585237 0.467417 
0.254746 0.289797 
0.694946 0.559434 
0.057538 0.053872 
0.915148 0.910017 
0.411764 0.367715 
0.205632 0.356065 
0.075328 0.416338 
0.466605 0.530645 
0.302830 0.175243 
0.333942 0.197272 
0.645514 0.453870 
0.445349 0.576398 
0.374487 0.367120 
0.934808 0.959598 
0.708437 0.508387 
0.124187 0.067558 
0.747175 0.380791 
0.389216 0.402338 
0.577421 0.347316 
0.513268 0.704546 
0.332508 0.456478 
0.262726 0.305320 
0.826359 0.531672 
0.590793 0.516339 
0.382890 0.603702 
0.341684 0.459934 
0.773576 0.342131 
0.239473 0.252083 
0.341499 0.550215 
0.403227 0.547407 
0.274469 0.163266 
0.784346 0.790105 
0.151852 0.452868 
0.401760 0.341669 
0.360060 0.644457 
0.185323 0.129141 
0.574681 0.682345 
0.904794 0.782878 
0.512635 0.330756 
0.807895 0.374095 
0.337038 0.217925 
0.351036 0.460584 
0.658575 0.544133 
0.480893 0.552074 
0.777000 0.739772 
0.571395 0.204431 
0.436445 0.601869 
0.622631 0.639736 
0.780049 0.766871 
0.708780 0.631751 
0.099685 0.132403 
0.631377 0.698848 
0.796312 0.727275 
0.779377 0.707247 
0.396973 0.355409 
0.608817 0.403988 
0.207696 0.401379 
0.427149 0.395534 
0.514163 0.552979 
0.614972 0.670524 
0.437828 0.531043 
0.789230 0.777125 
0.383530 0.424477 
0.769193 0.853334 
0.282235 0.502663 
0.286591 0.282491 
0.595555 0.678290 
0.317247 0.311650 
0.661816 0.797638 
0.372990 0.724284 
0.671977 0.270783 
0.277833 0.632707 
0.662676 0.835437 
0.303457 0.249671 
0.804713 0.717733 
0.193181 0.277450 
0.371300 0.585046 
0.445557 0.366474 
0.297420 0.231397 
0.629331 0.575712 
0.221395 0.261364 
0.016874 0.059278 
0.069810 0.069250 
0.591627 0.677934 
0.552077 0.392908 
0.812004 0.870828 
0.412789 0.743900 
0.167401 0.228547 
0.645449 0.728410 
0.460981 0.534637 
0.789887 0.768359 
0.564380 0.675067 
0.663461 0.685015 
0.191805 0.221803 
0.087017 0.112776 
0.145038 0.216276 
0.176883 0.433745 
0.522595 0.508777 
0.508562 0.655220 
0.195898 0.370736 
0.684932 0.533413 
0.436870 0.587943 
0.469315 0.744286 
0.341666 0.537305 
0.509326 0.668328 
0.254494 0.324109 
0.684722 0.413554 
0.631078 0.316333 
0.776817 0.712088 
0.091147 0.135796 
0.719066 0.808145 
0.588236 0.583023 
0.843641 0.892158 
0.193044 0.372922 
0.556021 0.230572 
0.445301 0.502980 
0.832067 0.815741 
0.475794 0.424592 
0.734316 0.509408 
0.320642 0.185886 
0.298897 0.387609 
0.056519 0.069632 
0.373879 0.285744 
0.350788 0.558677 
0.362959 0.448016 
0.670976 0.515636 
0.254512 0.338089 
0.393212 0.261458 
0.680842 0.236276 
0.666475 0.497896 
0.383692 0.660104 
0.839667 0.846755 
0.593243 0.527434 
