0.7731183815752345 0.3271525248974056 
0.44216614000345267 0.046238085879501706 
0.02279675661787185 0.011132630794748678 
0.5107030711050642 0.3853852460789274 
0.23389398697315977 0.05052106779254184 
0.20676298310473895 0.24442027956018275 
0.19780767604362176 0.29750008591956506 
0.04612612121794333 0.14556494412859225 
0.2894166118190899 0.5711566430253303 
0.5257013325179547 0.4075988787556491 
0.8126104144365648 0.3944186246049818 
0.19575486850585186 0.46317204985903115 
0.9186023628500389 0.48492652390325197 
0.2957898611544466 0.7525545368631771 
0.5523662772871942 0.6934670835125389 
0.06684587090338637 0.4665119615542961 
0.09256963709558222 0.15377317094646878 
0.39054675451013776 0.7756438303209208 
0.6425976383888928 0.48591842053983025 
0.4829100731922511 0.7275067065800518 
0.053117872391552245 0.48318245808124044 
0.2190424362524931 0.7782131728446492 
0.416171503400508 0.44507210367970707 
0.8003256032655097 0.2553090314545397 
0.6211559706929809 0.7047208787650273 
0.9844574883292644 0.5821652530963931 
0.4748786214953842 0.08656817019168875 
0.6190661056278797 0.33363373182189965 
0.43534250124693674 0.545797692430397 
0.6240083533418541 0.32837334424016656 
0.9206890508681476 0.5922811177663252 
0.4060679271759828 0.05014823220331571 
0.42769351805594646 0.4212904039180011 
0.46188271898287425 0.3373115508816521 
0.3550193704678395 0.19161269460797403 
0.8195098659308079 0.9320658311617015 
0.10281398562357974 0.789930486844578 
0.15183997585428083 0.26188794718577785 
0.042785769481577196 0.9115105386370055 
0.20848439812039712 0.6717941875258627 
0.108305249471243 0.18409316398411713 
0.24563967691256441 0.2017045391693609 
0.1665344198077393 0.9786473924995319 
0.027190195653344462 0.21631356732529783 
0.36753092325826286 0.4559818895835295 
0.7923421641540118 0.4112835016608698 
0.10024371155195724 0.06817577460484411 
0.5189819745303126 0.9064029708360621 
0.5434959326843057 0.06561398422856149 
0.06913266758736034 0.3663279563651788 
0.15246564344388228 0.06875052294491743 
0.8354189180803389 0.9069916471172335 
0.973036685310378 0.7463959969576257 
0.5108117391708925 0.2826863833933509 
0.49736222559488547 0.48397195380068253 
0.514895900503082 0.41411310727206546 
0.7158797750932648 0.445647416446481 
0.07460505849520081 0.15901135373982433 
0.23198754669586485 0.7974793732746072 
0.36779180353950724 0.09808204684935051 
0.7525822364223893 0.021880954566524113 
0.03365834305861491 0.18877798343969632 
0.3614468633707621 0.35341259002404163 
0.5848012040476169 0.9510023614656589 
0.46046207208197887 0.7842192685094863 
0.3916333358596152 0.7517729848383372 
0.885587976387009 0.32215974104975553 
0.15429601194169906 0.8569670306843223 
0.3517198411500182 0.7882648285117868 
0.8732620248379279 0.5530128878476293 
0.7026307934860674 0.009270281747326137 
0.9047746921429682 0.5424987994230304 
0.5597251022516205 0.4744510101629731 
0.8812230673088451 0.26825829204789453 
0.6363192025795544 0.7654241465709032 
0.031193771337576788 0.030002296672053834 
0.3630366134209001 0.2760914704723578 
0.7591368417474958 0.41933362648141326 
0.6949394100746623 0.38075503264998434 
0.2704043364190731 0.47805650848221987 
0.09917215723288153 0.7600299078870181 
0.29267998033537423 0.5350988021605317 
0.7031072840778276 0.7489504622363441 
0.11358029636249697 0.40737346277360176 
0.1344639891920913 0.4220705856869686 
0.3694069682301935 0.7117563426646116 
0.6017355565639483 0.5281947283604255 
0.18250421540287542 0.8203779263988532 
0.3885766643468286 0.7204465871063915 
0.1919914241690071 0.31030018592491687 
0.4446197573988242 0.13870375909563612 
0.127170359143281 0.8157554893393302 
0.4775776835484299 0.013554008801886924 
0.4467071020031238 0.25307058778843616 
0.7994051758649333 0.46710687213130375 
0.31662279984335817 0.5446985892463256 
0.2527093704644888 0.3828883813528613 
0.5119287345342489 0.16494862203140878 
0.7346143009089146 0.7660510571748007 
0.7565113000070536 0.21253484924398258 
0.6294462004804728 0.652865604641466 
0.243355421512328 0.7214523186348446 
0.805776432799224 0.3744925508643554 
0.6624684450202869 0.06887998035652998 
0.8224864320932105 0.7699160410615332 
0.7285963582424868 0.253614102946493 
0.4330525370314734 0.52099628892533 
0.5236854042425827 0.7819049644662914 
0.32366452401267803 0.8538806435617778 
0.2746528949191938 0.6099070233850126 
0.13821928596438776 0.5488692110914593 
0.9672374514552771 0.3243179411965529 
0.17474293525979082 0.13378757212036693 
0.022072559412963405 0.21800355125997492 
0.5714158475157326 0.4937377843142762 
0.27199163195634346 0.18527486395109982 
0.45487184723555407 0.4583474774833908 
0.2130544002483371 0.06178375891139011 
0.6588378376876822 0.3296484397211379 
0.8055401521350493 0.7817059808503825 
0.2575941280624715 0.6603329326490974 
0.7680418028550831 0.7520428833346546 
0.664393913121144 0.5812470711332502 
0.23154586452024417 0.1723301616708821 
0.7434937331285494 0.5184449490026224 
0.5681098090412042 0.908046403466837 
0.6579941820036903 0.28373891131598394 
0.5458621775542495 0.9347802834587872 
0.7092274128309368 0.014103015084477089 
0.2366736933319088 0.8138105560747378 
0.08996297424843575 0.404772029750962 
0.5598229683318181 0.5588090649291848 
0.12134072817399563 0.06089566566143181 
0.8971836747678548 0.06314754861403199 
0.37890529829578357 0.525584283091382 
0.3627562527825755 0.658844938021183 
0.21977724810681742 0.23479746526931666 
0.06897652444487269 0.03663550709517292 
0.5086629669408025 0.6743343890684048 
0.9310519671693085 0.9272814842859336 
0.451561995487845 0.690894980160262 
0.45696186786910753 0.2193806042696024 
0.591868533752822 0.3977547674339109 
0.3190965371947369 0.37718976051418246 
0.716253972498551 0.09588502006889438 
0.7114568076981501 0.8877313969252759 
0.8374739163146144 0.6452782668891192 
0.5822931121044838 0.6916711880137537 
0.43398969965448775 0.6954432331845734 
0.3248169711289665 0.480308341601509 
0.8775174974607051 0.7738777945563188 
0.15236825248587632 0.9628136646088519 
0.032940150976827544 0.010162905337876027 
0.931121227270736 0.4929120774899277 
0.7811925408281684 0.035678683416477674 
0.9785654416857681 0.6136541034093805 
0.1098060755649288 0.2090819998902638 
0.4546803395910415 0.9684231931576728 
0.7702980759779791 0.7553716579419055 
0.6376132680917276 0.9939960756493001 
0.33228936921070495 0.9031246488584748 
0.3793791826006239 0.600088071178129 
0.9128455653138334 0.47908441857522543 
0.550285888247535 0.3395395935602278 
0.40489479133155437 0.6715002139478119 
0.31370479771179477 0.3361918211112361 
0.4092276806068721 0.02331184674553774 
0.288094951019615 0.44402148588594004 
0.21860599770014041 0.1779254274458301 
0.7435665894851344 0.2613191763906482 
0.9052954038134702 0.132839667244673 
0.44350492857771484 0.23075558666117288 
0.14404187244826927 0.30467581718657444 
0.7929585396032232 0.7239743851453689 
0.8345335481195453 0.5530288234103136 
0.9114403856144815 0.8252495564665765 
0.11869673919183199 0.633386686698362 
0.436722659136379 0.06000102029097795 
0.8627173830461404 0.8699366489553463 
0.12850972744570593 0.22573630868379296 
0.8585641948333385 0.2177014288227716 
0.38100167079576125 0.0040605650846095576 
0.655053018792155 0.6747106002629439 
0.8327656546761548 0.33698907193908395 
0.7332244561387462 0.7763850860652641 
0.6800657605546915 0.8057414747615422 
0.8965418479987046 0.6833039717807345 
0.7192771450077744 0.39421718432200653 
0.7577429040244424 0.01829689786494826 
0.2188808627130185 0.20598608007848157 
0.573190522397419 0.7790815452196977 
0.536481321136906 0.4991027896690793 
0.8951571799548088 0.24770975737154743 
0.3019587991593248 0.4832434613848464 
0.5145876983891688 0.7306617569249911 
0.7668820300619477 0.06000101521751838 
0.3957285259731429 0.3080579762763759 
0.8066988213651629 0.4786120716737705 
0.3176563130677667 0.44981588422549906 
0.7061664507484281 0.49044941905452777 
0.9970867018596195 0.8040367024961939 
0.8458845674557768 0.2283542976073819 
0.6226062087544093 0.40375921922856567 
0.7514241387537383 0.27936123706353533 
0.8316002383687571 0.677437462502843 
0.33171854937703676 0.929865488917345 
0.9398897118685918 0.894075952644972 
0.1383614095989909 0.6882530910634969 
0.11131497581324742 0.04049901491837397 
0.7863739251040331 0.9716353854691828 
0.8745917326166461 0.7485742818821581 
0.4423403313304474 0.287653048831995 
0.9625202815572036 0.460521458979376 
0.5826916707034966 0.7621740528544432 
0.8212405015306841 0.923454595486495 
0.20566223272391673 0.37656925350371795 
0.32991372758831117 0.6618190315007038 
0.663114843214862 0.5336037759492304 
0.9113445962810875 0.23255004847402966 
0.48248888138337015 0.9880332920229882 
0.24002521877392946 0.6498473378820382 
0.6651301951097175 0.1551395335865225 
0.2838073710721378 0.4664834373671142 
0.6845215532782462 0.29834279962150667 
0.7515755378668905 0.2022652987106292 
0.18735638716459904 0.10298713607561957 
0.5784369667359484 0.4395066670954677 
0.0922991755010312 0.09734947000087543 
0.4941630364202484 0.19068595791422904 
0.233924772381922 0.5782622210347284 
0.7324393656997744 0.45280031857477077 
0.2904375739567541 0.9177259181937574 
0.9122749230416601 0.677422180415517 
0.29814122989585723 0.6305294800200234 
0.8696365907585487 0.8920988245928595 
0.7726159256272741 0.7469191317412035 
0.2468815914608134 0.927622361090894 
0.16992192967136455 0.8714868501577837 
0.2734942919265875 0.3696622359998768 
0.9893811563171597 0.21570323316867174 
0.19418911298610353 0.14876584970763096 
0.6334766576880205 0.003968069659432971 
0.05560501666422477 0.16678206053082092 
0.22150552544624225 0.22743536415239196 
0.8517317892184437 0.15556721247756816 
0.2801212708837149 0.7022082843423127 
0.3992433293065982 0.5867876959871963 
0.6003806741872877 0.7517183957061362 
0.6317458938337439 0.9372109946109513 
0.5829584246440155 0.480782194479605 
0.29343080833818613 0.08647335453768021 
0.3354197755119024 0.6372737439870263 
0.32709069448021755 0.6648946624621562 
0.1222107726941003 0.4374377234623167 
0.7058366462945299 0.6970832419847414 
0.20996917114342817 0.38544113263902835 
0.7013779530909672 0.4279626220357331 
0.016530494732642675 0.023227675665232428 
0.26312725953865 0.3557857364450938 
0.7749818407841074 0.10332647313303567 
0.30120829194952287 0.8149176320918736 
0.7843542213032938 0.4569266409948295 
0.0266787807174964 0.0049963202268348324 
0.3519183156202314 0.19335641169888734 
0.056583300978506036 0.08354393314683031 
0.5186162555449133 0.06938390428804606 
0.24057546542917543 0.17340039335173382 
0.9616178453639352 0.0030638303997569394 
0.05109438541589578 0.7415995321219773 
0.8298917523569683 0.0604997810252188 
0.19182747296272823 0.26775383583047224 
0.04765323851428793 0.4653288989126927 
0.08626676225550539 0.25034477874659217 
0.05606218486318895 0.436556191290157 
0.693476343704887 0.4534931212681135 
0.5116159072202451 0.5657283587469131 
0.038010864192901006 0.5928197599622149 
0.5710070755737165 0.7659537487988853 
0.18416066124523542 0.07999173907647142 
0.5281344757609532 0.06236192376943822 
0.6057360614020211 0.2535427122332016 
0.4737063929521551 0.4283689650134588 
0.33491422450529834 0.9084120565304952 
0.8985022021015985 0.4983202998858666 
0.7439488314044609 0.11490301268695846 
0.39442314391873323 0.9393221512620732 
0.14935568484538952 0.280903427006 
0.726998532334109 0.22547501217769172 
0.9435311265766031 0.10648115297309563 
0.09536203812754108 0.15593766834279688 
0.9298155551996425 0.41301790674727207 
0.288634303077446 0.17501763914578292 
0.23304507747788977 0.14144863641552347 
0.5004205998712817 0.7325918769889891 
0.5534848550015844 0.6434652642640545 
0.36912182594118703 0.09157354838915191 
0.5339946642852254 0.5664301207342965 
0.6168844140261495 0.1892313209122095 
0.5764541538159539 0.43394246812026027 
0.6761664689957043 0.7049411572344719 
0.326601053693634 0.2906913430762941 
0.3453433306682864 0.49808740714242794 
0.3735972569946112 0.44918579529536107 
0.8269675920926609 0.8516249738390922 
0.7237145075670368 0.377105936441841 
0.4544970157128719 0.08908798570253035 
0.9330219228554689 0.9677150959033206 
0.9143624314423278 0.3512355441672094 
0.5889887148282555 0.9711724280410199 
0.6729585772307988 0.96594910608222 
0.7001649269097339 0.4414535329255518 
0.8828251044402485 0.6592699101090834 
0.506126429392255 0.33523499507087706 
0.12209988380428288 0.9383644965824216 
0.44403958225393053 0.6736334788858234 
0.8686471025475662 0.9394161243286203 
0.7025460173331967 0.6260984971126548 
0.6724338349665842 0.685488818028368 
0.5247695879776826 0.6200465800843191 
0.4448879301209116 0.8141594314456573 
0.45502886374191504 0.3254132066860768 
0.04833295874771609 0.7441376624291105 
0.01715709703068935 0.8868740885281978 
0.44589297948232687 0.0796715522931509 
0.9567023074642697 0.8693897882874352 
0.4020786996974803 0.8620326603050068 
0.48713371825647034 0.10728555255654196 
0.5955064020960292 0.5158732634405201 
0.5092824153056146 0.23244994040960115 
0.45748012407607885 0.21385203676741038 
0.25145266657287363 0.0665651314083921 
0.7519267455163311 0.24873298421176704 
0.44392244051737173 0.03161294040847365 
0.8288680645689562 0.6597842884901272 
0.7641239672946598 0.7374852628624795 
0.4089237565028032 0.5789703540934021 
0.5175991007435707 0.9245151669227407 
0.09618144609166979 0.37893862985921534 
0.22685760819761958 0.9181071481710404 
0.2894907753915675 0.8711107958933357 
0.585983245295504 0.6633672184210804 
0.8072621232734603 0.25436904756310036 
0.10725890530434765 0.12549300745607775 
0.2643586372695557 0.7996091673151058 
0.7067456867191276 0.08416337530537699 
0.398621838436554 0.9213617027434202 
0.3084721765541563 0.20172698677606843 
0.1259626276233574 0.5940369268148575 
0.03552630589154805 0.2607228775343885 
0.06494036302973885 0.1650401970794891 
0.5072163031021811 0.7239658114909567 
0.6098757322710642 0.6476090915979928 
0.7035420799512219 0.27949555715597396 
0.34659781208329954 0.8852740834504245 
0.006302597282448197 0.5052942963731933 
0.18604002996069371 0.2414994780745283 
0.5314660966880067 0.3752298172240731 
0.8745951888581244 0.053311159922996176 
0.42295358659320115 0.42447325779683176 
0.9308279515141805 0.9644987339850274 
0.7005274451008024 0.41412646685808163 
0.60359421100007 0.8709038172973309 
0.45944135405304903 0.23350113284392676 
0.8021945060319331 0.10437158862858248 
0.12446097061186462 0.37756370890641927 
0.7689481669575349 0.9387555877076896 
0.8953214898076334 0.7777933962600667 
0.9597363724623238 0.3805966040214918 
0.8955904586760117 0.842218986660175 
0.164447996574599 0.08397229828475702 
0.17895251909165677 0.7608133044629127 
0.34261553205992146 0.6121518743322196 
0.6917482802247621 0.8432261384323612 
0.04187219691834454 0.14588798858868512 
0.7621903026819297 0.42148416387685583 
0.08752718668819093 0.9361427800753369 
0.31593664344262634 0.6795425402795374 
0.6855472897935072 0.4373932864127744 
0.8803201707235495 0.6771910632355647 
0.3410654139083035 0.07564251599666799 
0.3322196289862181 0.710976561071281 
0.432388819058541 0.4436759458863474 
0.30415968016095385 0.9030284283050942 
0.06594874121892022 0.25571805314743457 
0.041669065004381944 0.6194776396142655 
0.8326524386826952 0.10803874299830762 
0.19569244529355556 0.4516878799060463 
0.13762056625190625 0.3010301485980377 
0.5917611015070411 0.2925193888908122 
0.545811576982568 0.09430361601516216 
0.8995697756668168 0.7483040691339755 
0.2773675845091215 0.25019195964380897 
0.8665177906320094 0.6091730382109797 
0.17915538115621446 0.44177468561074584 
0.672492773786017 0.3881079078520183 
0.8708361954677737 0.10884664039866337 
0.7985948347030234 0.5964707614591209 
0.09934733934503234 0.4083379705603216 
0.814719449644945 0.527320969050852 
0.04403799148190746 0.7978705824754495 
0.8590408673489152 0.4667101665050946 
0.1612277403726562 0.08799657181686105 
0.9985134653088603 0.5503941526213008 
0.9498330038758427 0.031121632640534247 
0.6791699448597164 0.34646112039873084 
0.9764425064050444 0.9387160091856515 
0.40782858364531205 0.4877652314344165 
0.18644174210655112 0.3102417732661817 
0.8581581728407605 0.9048531765955338 
0.9117333652721373 0.661887210324031 
0.7719997339960617 0.41157659204051955 
0.29487918481827213 0.4365428248418388 
0.2998209082692556 0.5667507220121561 
0.03376568147683201 0.3469217061601172 
0.9317333514181445 0.1868770248765989 
0.30997094683489873 0.3531451162860188 
0.28489310243221566 0.8553303739808042 
0.19230828032145167 0.6548903319525832 
0.025703249772035575 0.047828850372517565 
0.7566739729986465 0.7247254601805346 
0.5883757541515695 0.45430428802576567 
0.3694422703386079 0.0035648242635108185 
0.7713288260246822 0.7390664064380881 
0.9465768994683716 0.7190302720971644 
0.4508022820812286 0.33054174751270277 
0.8546594204927338 0.5022982457067295 
0.8916739837003629 0.7897547267336162 
0.5894986395884152 0.6504860312070913 
0.3311921986415768 0.3605717645968872 
0.22375162001411147 0.11169476873931565 
0.6970617489114254 0.9103878893225691 
0.8253265071767549 0.9614694513769405 
0.1026371710658051 0.24111611799166782 
0.6266941220407003 0.32856074922745443 
0.3073735552496074 0.8176694380251067 
0.1815691508622297 0.9088448650571803 
0.959377168256659 0.6458426613194577 
0.6043668890522229 0.7246222707326806 
0.5949943942548158 0.0780541057946521 
0.523222211580918 0.7811432444464466 
0.7111819642320976 0.3907867269105394 
0.4204510840359217 0.6717018184835069 
0.499076597162909 0.42701729962609825 
0.1767228194085378 0.2828399924124972 
0.013649391314079981 0.19085298659453137 
0.006170754879545881 0.43235638040623947 
0.11786135352121127 0.5008515810618103 
0.15955035873730797 0.010351029658836025 
0.7264715300504643 0.7895674224769269 
0.182364306568094 0.28528281708260794 
0.555368926316762 0.4008592246437829 
0.21004661312992945 0.6698310887789954 
0.6915370979864324 0.20277858195074955 
0.3009199076232621 0.7508159420075662 
0.29195414652176654 0.277000101485253 
0.4090968737728861 0.1466389331925963 
0.03444040750100892 0.056447031182076765 
0.9964836375180317 0.3434237468237251 
0.16152964957935917 0.4253746230973274 
0.8879230470182989 0.8906199268500886 
0.24678669752376683 0.7075185364974308 
0.8172121633330358 0.16239394900991894 
0.2968559867753224 0.8570944337599633 
0.8852666320561231 0.25090393326774985 
0.3634389214036818 0.3943638425485139 
0.3433308844113292 0.6195231530490256 
0.6190651443036546 0.7581574859555629 
0.9256005708292032 0.3513953952984217 
0.7228424156551413 0.23992205635363972 
0.13613879204250434 0.41604335501790113 
0.47763255529131277 0.237343799964669 
0.7791903237257733 0.3538764237580862 
0.589148711571217 0.6638881238078288 
0.7118054268150764 0.058168633910956724 
0.21609392148067935 0.7596383623934413 
0.746206936698887 0.9117763335824856 
0.3328505439874073 0.0869188664939504 
0.24451551633147128 0.9034732170736427 
0.5558485180783018 0.4367964065698691 
0.5149473684515006 0.7609688639274054 
0.5798286308387521 0.33282928179297383 
0.24675258090130314 0.07378753577734455 
0.6473610593292298 0.3686975893662525 
0.15315949259950667 0.8313293295195437 
0.605365185547535 0.4077986314461027 
0.8164786422013601 0.523214585097814 
0.9957448244855709 0.24832337066632681 
0.3962237692670287 0.4208995651950284 
0.7446818417008791 0.491049674193492 
0.2804054262363989 0.36363169891485275 
0.47912188207708933 0.5247208182117861 
0.3528694412306484 0.48345196749737523 
0.6169632054825799 0.41282826605508316 
0.31775297039905004 0.31867032414697083 
0.8899842410297948 0.8695398455064146 
0.6182494819099282 0.014446152202550133 
0.38169662962787915 0.3248657631849274 
0.27355979057210134 0.4658080482668514 
0.7095733714647343 0.5915985827306889 
0.8306773747361627 0.17640207461791518 
0.2144664910423029 0.12418492599946404 
0.8876733778745687 0.9857473540764612 
0.43995422166067083 0.17064996111866787 
0.9238185090188775 0.6235859787474578 
0.7039144139083411 0.9052443916547936 
0.908449988031895 0.04251557933974148 
0.7899607112800244 0.05022954744773589 
0.38211960940186523 0.12073405918141661 
0.8125631940193887 0.6269301072872053 
0.5940576560953974 0.5800630877114079 
0.3086656963534478 0.6504075073514939 
0.3384837704570623 0.5514828156861205 
0.24683384289647017 0.30633408593882105 
0.006307840837651735 0.17844748793365223 
0.41478283615679423 0.807729305298186 
0.8036982060107274 0.8594723630807759 
0.22060385417665418 0.35595527252057857 
0.6619183934629546 0.6382210001996022 
0.8387266355908057 0.7139994598757945 
0.17818513344100634 0.6178946044616052 
0.6393496183195903 0.9706606197207562 
0.6864298975631645 0.7466005348207113 
0.3487126493312953 0.545966507343759 
0.7178260807643122 0.2864232471036561 
0.4581591560211706 0.2799897132267993 
0.23085702963770788 0.6160896654735035 
0.17993427688435265 0.26843736886334885 
0.6109443196422393 0.26745762532177025 
0.19837666935456516 0.84503566153368 
0.20559190806427421 0.27132682407282127 
0.9008243674901034 0.8282800418086868 
0.8921483778285343 0.20344621283623543 
0.9676659478015263 0.9075434735219391 
0.35425019899145926 0.04727282092081178 
0.775414773806089 0.17281586194650772 
0.7779699802907256 0.04102060365135701 
0.7499206522398252 0.10663626454572667 
0.8622707812657415 0.14827128731234934 
0.29642205661499554 0.4946464715632397 
0.45833967783726964 0.4277020826381785 
0.6247169646258658 0.4854372056230377 
0.5417418630503249 0.3521788625148906 
0.7274581380838936 0.9057097198357746 
0.2916379609694335 0.3988880109348488 
0.6093302560788875 0.75822814924933 
0.7623779570303558 0.9428544762474241 
0.5691920241647253 0.1905587603248355 
0.8004180332431444 0.8536215585873291 
0.7645280862773625 0.7586677629260314 
0.49461742197498615 0.41301206781442823 
0.9195366486607908 0.6275704423766646 
0.2675121946981528 0.09147100191369784 
0.7610663945092631 0.5674023595829523 
0.8179250569718496 0.8724415582512784 
0.6470185506366637 0.7398125680182317 
0.10749606353082902 0.13909530659637886 
0.3956424516089044 0.36339520095079897 
0.6733523631142357 0.5224691790642169 
0.15066072463861982 0.5211307311977449 
0.5137364313657811 0.7460856460937451 
0.09074048359953399 0.25515491741401475 
0.38096406747722733 0.7220171307359949 
0.6598623404709067 0.5918684945709829 
0.4916068539699583 0.7742813424511583 
0.22407817331182797 0.27967635389813605 
0.15698734092370664 0.6922335505086723 
0.3916745160089184 0.8086288834288933 
0.05498491434755559 0.7719850328445983 
0.16813045788757364 0.5392809819387678 
0.064654947839764 0.8442433509774829 
0.23916963158502855 0.24995178938385923 
0.14575044373757887 0.20045198183370047 
0.9054470028734954 0.4568875897271102 
0.258149784337495 0.3104496718285107 
0.6821315008386064 0.37163415946862705 
0.30536933578883996 0.42413154016948307 
0.790093007706016 0.13403776164234232 
0.8338687944012042 0.3996422044458807 
0.5446246899674655 0.4022806300306925 
0.5859702048681974 0.16408411789651148 
0.1138249200508239 0.3956225946893356 
0.15966842404891016 0.4415251105919705 
0.7097195925343336 0.4458478538700159 
0.7131990415512497 0.10929556572655658 
0.5361856020793601 0.827457108160925 
0.3212985409506586 0.9169878280735966 
0.3297328414980718 0.21536661856941772 
0.7077859757782633 0.2718960887525046 
0.5789268145457277 0.5935533632944728 
0.8196802599098709 0.21782240872213027 
0.5456256304857096 0.7442831779820344 
0.6171672497403998 0.78049291583121 
0.3054178064553573 0.7808841807020134 
0.547484961045465 0.41720782664942946 
0.2058963015866054 0.49162684426794145 
0.39256826293247643 0.9584012925188927 
0.25497796115643395 0.4031882917518194 
0.0003669797710600248 0.20089509239845538 
0.7448838903994943 0.16937599529306102 
0.4274720424360553 0.5747766218672546 
0.44931618858483424 0.45353947403361905 
0.43465698953939896 0.26632931950136546 
0.0807748088724276 0.4560900934607802 
0.3778806562342862 0.39834858820491287 
0.7092899343240778 0.5243590596764668 
0.4752860623572017 0.8292013342881748 
0.3359823173670141 0.11778642497130885 
0.3519680549612576 0.7844958782993412 
0.7357527102118699 0.28117149741033737 
0.03707815627962821 0.18691363836355843 
0.10626313960501341 0.3155826446642487 
0.2866574336431416 0.20373516241615414 
0.3418946634673897 0.37222858502501366 
0.06628455551973504 0.27846116249224456 
0.17625954477985523 0.5753250702186083 
0.29387092995717107 0.14214878832081795 
0.9919520696587321 0.13367255837925557 
0.21094181204316623 0.011210021114774621 
0.41670024235543446 0.027881555160494176 
0.7768096092114518 0.20876097767261886 
0.8937236583524838 0.7764722393370908 
0.09870259045134261 0.3178731542669027 
0.9152191381722206 0.5256260520036329 
0.7058779127959316 0.6180800042630585 
0.24994881145275127 0.5175704004559695 
0.3004050152963289 0.8247660969541422 
0.02435918796720249 0.4274089003631998 
0.8293278840857834 0.02125190983535785 
0.5240656718750158 0.7565868500983981 
0.22755070495148463 0.6253587214120078 
0.9889240625790601 0.6420728839086536 
0.06996342193037806 0.039312162985107216 
0.39795617491578816 0.12838849115121723 
0.7845890060363586 0.36722597561027615 
0.5244520545481234 0.7108798844230769 
0.16799038383808146 0.32074274621765847 
0.1381095150215308 0.9029292411000633 
0.8829478934847448 0.27518948075659183 
0.11021707819739306 0.14646884630259155 
0.281405458602087 0.7535681457658793 
0.08383392482833191 0.6100014674852738 
0.7446261204213734 0.3976581170807968 
0.13761266256086752 0.8295565267115013 
0.5689789339997114 0.20565880057591499 
0.7776006339880616 0.26491925879176403 
0.8000746119108292 0.6822040644092623 
0.2503629984912217 0.8948284880615391 
0.08798584278867647 0.47070504592339746 
0.01966213898346192 0.8688542423961184 
0.9172199780360706 0.1525795026084047 
0.5197241597336503 0.80761486796055 
0.4020279267007745 0.6565817247067944 
0.7441831846413749 0.3404069629841111 
0.05061021238731106 0.8141717760292819 
0.34877708713170463 0.8111185112589299 
0.6344097028569412 0.41283183751194275 
0.873568326890179 0.24888457355580146 
0.06741097843797855 0.3972060264354848 
0.09825124196531343 0.7577025449563349 
0.6773815794057342 0.6725881412082776 
0.4583234242119204 0.3312301779298824 
0.7003924247848328 0.22616556421512532 
0.7366080680323817 0.5080230386490172 
0.22847004907496635 0.011133449743052776 
0.5792184868462229 0.8221041849431312 
0.8099459992183028 0.38604236350554755 
0.3705015435800958 0.1753458210029785 
0.6694488039058132 0.8566276358139194 
0.10322856317260176 0.907133893248133 
0.47415315620180076 0.8356897560981537 
0.23964540118786537 0.39535249903769243 
0.3840910843598768 0.030714981364113686 
0.809426085072228 0.49915605053869216 
0.1855937462606361 0.29350939081457944 
0.8520081750324009 0.3411825669507295 
0.5823111991878751 0.1316138429142854 
0.3792141360250041 0.7808067110372463 
0.5850730118969039 0.4305484883780921 
0.7423501919311114 0.34043508814802415 
0.7209322888740343 0.5538677145493663 
0.08326666335287411 0.4906884525257621 
0.6158673577013527 0.9713911277703318 
0.7232265936377051 0.5954418870304172 
0.29796196781365514 0.44398593183036617 
0.27849036501191254 0.34843257677953127 
0.8396650369874457 0.44129132810481897 
0.08390672012100325 0.4309625589924205 
0.9515321673692791 0.6902002476893871 
0.7197904642626759 0.8962220693625939 
0.11998331687971812 0.26850833009453984 
0.9943436428058681 0.006352343816049821 
0.2533935814046473 0.0956706820900011 
0.8856406680053917 0.7644349596460607 
0.7748239477690829 0.7827237839011502 
0.3792263132972511 0.8117287217767 
0.24804164109909646 0.5615087513632622 
0.47517184385788047 0.19048615321266893 
0.5163581137819083 0.9315667720271826 
0.18488929879560806 0.6980801963285097 
0.6708017104474601 0.22853022008688428 
0.16805537449159294 0.2926470369454304 
0.35041010689130647 0.2931819978656074 
0.8667761107757233 0.793142678578626 
0.51241606426749 0.6589946314827326 
0.030575022925709364 0.0631929778463196 
0.4425558447691223 0.6861553669069327 
0.2734172768481726 0.813215663403108 
0.4283697570213904 0.03564106851289478 
0.4461210566251246 0.9638540234608601 
0.5175257339601551 0.09473368668575483 
0.21916138296084337 0.6581518782710296 
0.024518118116424015 0.6406820085505015 
0.7232075137111047 0.281293534214309 
0.8249815034872301 0.1781162377182623 
0.04197079975063006 0.5388032279622428 
0.8572004198132208 0.7825318547152795 
0.3524395865354852 0.5682856897921764 
0.11398717800003744 0.12559468032783738 
0.5677755493190478 0.6462892891708557 
0.33769425889402876 0.9205388777841343 
0.613519960755381 0.8848065383774026 
0.6619564041372378 0.5081812926336348 
0.9787432980618559 0.8327527432929919 
0.6308950678415423 0.8588273749896224 
0.9764496760753951 0.48746583355779666 
0.41096885195961175 0.04696046089280484 
0.6867387629931458 0.5531127351691729 
0.47855533755994595 0.8656310618491972 
0.3546418813554373 0.24086212060665527 
0.1865182399789046 0.2989631532661686 
0.1342621888360417 0.5894125590712177 
0.3107841626603204 0.7207597037926553 
0.2722106474118032 0.29152181785743964 
0.13503603081714777 0.25772637760629113 
0.33754286037454756 0.7324991741173204 
0.8675987547986417 0.2907867390475942 
0.5069360502698158 0.4975201832151243 
0.2839727742958977 0.10079044938557996 
0.5874537632638298 0.8649210854370631 
0.9007086779837987 0.16323428313636024 
0.397999880149437 0.7639665710453624 
0.12027744176203731 0.2693444834804382 
0.8069063959595846 0.2531115371972736 
0.40634531466316903 0.2569185882385985 
0.901404149348899 0.8328088984696506 
0.2668327255753793 0.25356602425923536 
0.4892021732464049 0.974829376032027 
0.9062399815299328 0.7557618815648196 
0.39074617169032977 0.5885913431339873 
0.6473586978810917 0.37232220093583557 
0.8906268558173231 0.31128646313506875 
0.05256900562568689 0.7464955563132201 
0.7674635761164857 0.9081529509520375 
0.20240648719955712 0.03693618449801818 
0.8128116370985601 0.984240056474557 
0.5262492133062621 0.5245042229207887 
0.20040061288471783 0.048186954155849906 
0.2686379892123005 0.07293118717562425 
0.798140728781299 0.5046335457192982 
0.36419348688884134 0.6007184159635589 
0.4776174372770947 0.07074906295198335 
0.6243064718841306 0.4648169880169447 
0.014513520052934395 0.14000062349889109 
0.958099482142593 0.06865235541393555 
0.7186726049069295 0.817810221664189 
0.2606539986697859 0.48613063611494967 
0.8797451820652572 0.046825645626128565 
0.964350101434352 0.7541706052128682 
0.6016654334691689 0.530575631378899 
0.6335146302921228 0.7715285338700371 
0.6963566097785486 0.027793728675685192 
0.9287741643212071 0.4961571475445012 
0.9965758974026224 0.44097663969806966 
0.7265768012177583 0.3906141162545695 
0.2250834808937216 0.975938703651962 
0.5452297300869147 0.36007442751151375 
0.6137730197612472 0.10486350916463427 
0.8156985664269782 0.9020310457244027 
0.834121377170054 0.4655740696976429 
0.7890429554840981 0.27432458445183433 
0.007584178832463595 0.528291867294246 
0.43356664706807846 0.7297137861399535 
0.6243604798651432 0.7693330039494541 
0.7447864958482313 0.3860965282310924 
0.8879482761707956 0.720694245017724 
0.9969307651952315 0.6061018461866561 
0.722161688865155 0.07076761934981518 
0.799146914208682 0.2675518970682018 
0.7037290052196302 0.13546585409698353 
0.8884041470922143 0.5120490502505267 
0.6005187299559649 0.610905190957485 
0.7468356956463493 0.6189333045601122 
0.6969711333712678 0.7388930940277132 
0.1658583714942647 0.3331081900202631 
0.28725724681040593 0.2194556727658284 
0.6132160577073202 0.2517377024538302 
0.9487646418620141 0.9302427068269497 
0.501423679004114 0.6303789298831399 
0.691648422287417 0.6241393343287985 
0.4781639087496195 0.4668460214799119 
0.8518527217368104 0.728321683071911 
0.8357236265585407 0.5858393706277686 
0.5453200628483068 0.023818195252283847 
0.6613371171275504 0.03205164667144411 
0.9314189863055795 0.8920205382915685 
0.02365148884794005 0.8807011027258607 
0.08172840929743602 0.9936726110057521 
0.3883209034824598 0.9268768928058893 
0.008360036121086309 0.1987978405037915 
0.951552335223498 0.8561814907877754 
0.32894953966772167 0.3066143454720236 
0.2208783597241324 0.6989391525664752 
0.1860267772940124 0.4167616865057442 
0.598840180238729 0.8386165710517605 
0.2521839354181518 0.31715977781770693 
0.9050226989340197 0.8619676923312639 
0.45920320689959937 0.2845665500766844 
0.9923197985931648 0.9566481128109557 
0.49423152916755864 0.6462675115417543 
0.058581246031262135 0.8992183907888004 
0.1287035726621802 0.4350331007693398 
0.15485881947883065 0.276048971355482 
0.46440452587114983 0.46901754737716 
0.357870375381672 0.2428458169221047 
0.9522092238930862 0.6143468411850797 
0.4804040444966698 0.6699251718158008 
0.20274365187849736 0.22074779241080372 
0.7847119538709916 0.32564613385984764 
0.7715272903214162 0.29102851430297727 
0.8831748572050148 0.889637759618973 
0.3189408349438997 0.2527250539609929 
0.6866382385523189 0.9924172577082058 
0.45908451765314 0.8083725196730589 
0.4687338618805987 0.6475909629988564 
0.11015364939060515 0.3418460605017808 
0.05501508700023766 0.787554692264659 
0.2272048148139918 0.7594346909230286 
0.6370689645070635 0.4678345774704227 
0.8005700015303095 0.883689422575893 
0.7237986010152372 0.8471806911524594 
0.9139940045128447 0.7634084691075234 
0.20499945938408376 0.0873798913003711 
0.9361053678796576 0.13185451353221395 
0.004612812308172842 0.7006368602999287 
0.22159795882395827 0.7643660442766939 
0.19272265468841315 0.1464137031347264 
0.8132556579466726 0.9796998651434085 
0.1736463367066462 0.8106979528559018 
0.1138138636302915 0.10508162142376193 
0.10743145415576844 0.529027218225167 
0.318724958690649 0.5462674667299209 
0.539601760747999 0.3879208524290779 
0.8334361984207951 0.35348240263141817 
0.9124001653080787 0.39244940524857164 
0.21254200023738926 0.10564694212513279 
0.26182209357556874 0.896826884171367 
0.884594824920619 0.4502993540283253 
0.032056604973164156 0.11175764665883464 
0.5044139471535403 0.6503372014424404 
0.4775969788332836 0.027290667299723903 
0.9979107450070925 0.889686785043371 
0.5697540585723763 0.2456023972254208 
0.7838742887819317 0.4441678034359242 
0.5191948420939778 0.7518012903151097 
0.11452239839126606 0.26286405716235434 
0.44602284490274546 0.09565860476061272 
0.2511829910889653 0.4235643685252875 
0.5136261593584993 0.20529248924838253 
0.17534107299188148 0.10602525334834714 
0.37947773448665256 0.1592443018593228 
0.23250550406349435 0.9418609214183525 
0.5694044394335445 0.38672644696992314 
0.4367631998821353 0.10814801805196295 
0.7834842327814432 0.6879558030610421 
0.34618853527939936 0.9130915225832446 
0.31701681673469795 0.5204145867664456 
0.9511596005741549 0.40861653997527186 
0.382449237442199 0.8847742820142996 
0.4596715885284188 0.86594397748161 
0.18513522644442273 0.520388313510452 
0.9042857875420149 0.21218083992775633 
0.22152237442452088 0.5438699177914266 
0.859859461248148 0.8610190870693015 
0.2752366347790882 0.9008819086097535 
0.6333315239150881 0.6721317844947006 
0.1665383847798991 0.07061619868551408 
0.8638024548782579 0.6385078401871855 
0.39058441605003175 0.2313046184241066 
0.9314896787867557 0.9316569559946735 
0.4245960113820688 0.3106059419835586 
0.049411211933517496 0.9950304644825847 
0.09934577992954402 0.4568195353619325 
0.2255733885511289 0.08841467552594802 
0.13781384281834752 0.8617068867402788 
0.6477634335631253 0.3255349561511481 
0.13767660649445337 0.4161726707905592 
0.9988538528894401 0.9462972056429982 
0.01893213650805181 0.7567051202835687 
0.7142857866599543 0.4714427960796499 
0.8780577645085164 0.3012048297502618 
0.8263075703600268 0.4795830034390466 
0.3702760738932228 0.09018936157683241 
0.2931717280330293 0.2481820543678293 
0.17591625111663192 0.25348260149904417 
0.8036036614324366 0.03245321595647832 
0.8886301588104182 0.16456576198138156 
0.05700269777967226 0.07260832523882998 
0.37695888166046676 0.32552596226325425 
0.3848287690427111 0.32322731113471515 
0.9594248519717822 0.008097017550585228 
0.8311564810674932 0.2055235846962305 
0.3695261928307187 0.5233111271292432 
0.6321407347437231 0.5489273038520579 
0.5096926573639964 0.9679003643693631 
0.8227326078538026 0.3896037556123617 
0.12977543825983287 0.6102869964526685 
0.7327938335750825 0.0892005204376633 
0.7250744589167986 0.10838901862930334 
0.48168468787249463 0.37341295518385387 
0.7410815639130257 0.130970642225256 
0.3908457789043502 0.28249283629730476 
0.40226646860592946 0.758053981897707 
0.700227216860075 0.13092463325080195 
0.49984863327141016 0.909456148801015 
0.7277619865585251 0.17602531292205814 
0.25800246433967294 0.15730922679090947 
0.02410604746456857 0.8871579673675981 
0.553630021870763 0.8228030166114348 
0.5763560175134108 0.7683315605424381 
0.7136880323448551 0.4789613991232873 
0.554520209501207 0.6776042240788382 
0.02321481505054561 0.23230462478249708 
0.6865920235403385 0.8788995820042019 
0.45573647846861487 0.6468850558194847 
0.22641859755971858 0.6451212855190681 
0.2765532728512007 0.5051642076975166 
0.520884637052672 0.0024033333396122902 
0.2098050192568848 0.16911178675987634 
0.6148851649580221 0.15538137784569658 
0.47896082841572957 0.35308297297953356 
0.5785010453695612 0.3678530043479792 
0.9482975937264286 0.3225481380093025 
0.6875770680453964 0.01899216606974008 
0.8557446280353419 0.6536232604302853 
0.8974899983045866 0.49260225990287576 
0.8147923327763646 0.11323696011461998 
0.17639353773279187 0.8938401577928843 
0.1341562535643684 0.4089895528529713 
0.31076360969491723 0.07969541301581128 
0.671860560120376 0.4941733156735584 
0.770714050626661 0.28414017382311485 
0.8813509723000843 0.6564588428684577 
0.7259899050788141 0.08776900438023261 
0.47626096549595165 0.4776174625934835 
0.48438099798252066 0.7188759981692261 
0.06915922142009776 0.020418543936177615 
0.9272717089159943 0.6012585774674648 
0.3421100765493113 0.204202185236052 
0.9480774129473082 0.11897371933342632 
0.11778770189557891 0.044064438095108134 
0.5543828869341193 0.17376229422847786 
0.2952873160034447 0.81045223347706 
0.052988822423177984 0.6348232182840898 
0.8176567793834496 0.3321643254870331 
0.229264222289435 0.45245710542623296 
0.5484910478579019 0.6592586733183106 
0.9174924792705512 0.12847750490202509 
0.19268485209856628 0.07956721786108906 
0.06500452294269296 0.3887188183434387 
0.8198347273668958 0.04989281595998424 
0.33883520604153866 0.2168365483483699 
0.1554180026124119 0.052403253659119006 
0.3546625404350338 0.47551492865928996 
0.3741357392807941 0.3133688668422751 
0.9732542477928614 0.6029462165317419 
0.6599160750459978 0.44516506264272854 
0.2317757652756192 0.32111921290052003 
0.7049680119996056 0.19509463563303786 
0.8568918676762531 0.7983359410039421 
0.4627422913424594 0.1756737140711448 
0.4106350232638257 0.046250514507858914 
0.1878372113782077 0.769747360683736 
0.6831051963591069 0.19531337875460755 
0.506658175518774 0.816447624185495 
0.41842532357521 0.468686940745755 
0.13189843406402202 0.3770364088476492 
0.6319015486475552 0.9543368020664722 
0.6094890474524302 0.5559475120641275 
0.2741414017525667 0.37257389657178525 
0.12489350823051765 0.49970696451735247 
0.541715875481336 0.289995073768563 
0.3910940725829846 0.37326607782582694 
0.4296088461971045 0.0937589252968041 
0.7874492108500128 0.29842070651843966 
0.05609214254391375 0.17936325883437837 
0.6092134892018428 0.34553348862500066 
0.5482669206302204 0.04807208931301149 
0.09746074541127213 0.1567027878925109 
0.3855862613179595 0.22909316193076665 
0.9471110626232813 0.6692643539895045 
