0.5562565504 0.471880666477 
0.748734440172 0.652960320623 
0.445135034394 0.374691864254 
0.116826541464 0.440656193828 
0.520903330901 0.261820945918 
0.130087663939 0.259678358936 
0.462489083854 0.0736855484438 
0.753330017991 0.610851513881 
0.682665185238 0.62242894995 
0.641551480015 0.245146604658 
0.68220056633 0.0473113562587 
0.310299162716 0.0721999052011 
0.713018476756 0.95267323582 
0.926429622244 0.948433711709 
0.705509006479 0.332848013866 
0.755743053303 0.158592446535 
0.347354560071 0.223852118495 
0.666293708826 0.495189198891 
0.851327994129 0.690641578516 
0.0772947665455 0.396512496963 
0.942217872487 0.950483884118 
0.396855365713 0.164780227373 
0.264553125084 0.440714985953 
0.0982732897994 0.749264948528 
0.643889287537 0.917655927996 
0.660700330074 0.905675818619 
0.575214084896 0.247028113017 
0.831758983314 0.423002673872 
0.657286915339 0.11189645187 
0.149425462395 0.497115921735 
0.842178414732 0.211852259757 
0.962045234558 0.0744027534023 
0.342185906945 0.545523123631 
0.763084342231 0.506325165875 
0.267671303455 0.991084048084 
0.780061272369 0.635679215221 
0.253519554982 0.445946593377 
0.556655621119 0.531644185955 
0.572350073748 0.284238662411 
0.284871974705 0.909456032947 
0.622721437998 0.45881731247 
0.124352324809 0.0135829595438 
0.374805483062 0.960181844455 
0.147249188812 0.975886543699 
0.0316183774785 0.294618633235 
0.607188717534 0.19956301763 
0.778975439787 0.150724007811 
0.613688172179 0.326342396733 
0.176560183703 0.803232016665 
0.458208038706 0.816205432249 
0.423576133609 0.118394279403 
0.246793872607 0.906289195428 
0.435214647526 0.680326489737 
0.193746203887 0.24062840319 
0.797450038788 0.760091812103 
0.360915165379 0.576418513738 
0.312464888933 0.523105820909 
0.227532472625 0.923424164289 
0.948143418308 0.255756867306 
0.457117990076 0.765930007121 
0.051066898893 0.451929748821 
0.677633816829 0.57414996127 
0.128709651949 0.106648890201 
0.650633940085 0.177836539212 
0.783288088566 0.471828862499 
0.666491819914 0.139003482701 
0.805738064768 0.397082068149 
0.825499292457 0.837926498349 
0.633690184429 0.925183715048 
0.888200726253 0.0154814140358 
0.520384789161 0.346958208789 
0.836731734259 0.70327650873 
0.830222364958 0.516777245882 
0.488476761836 0.953205141463 
0.971941420221 0.871233484419 
0.881997751174 0.49199082325 
0.87045534318 0.381609972065 
0.171223158306 0.212948058302 
0.254995796572 0.162975665225 
0.865917532028 0.7571635254 
0.570107551151 0.352233635447 
0.955610512038 0.157617567644 
0.235359929987 0.997951936547 
0.0172065988287 0.670400481661 
0.71357962784 0.104623487174 
0.196084148767 0.182637645061 
0.487139179803 0.314227339736 
0.748172478128 0.729758441875 
0.589506346165 0.119372696144 
0.969733787104 0.472164708808 
0.762909597989 0.679988604277 
0.192251477609 0.112568829324 
0.684974081562 0.7228202634 
0.0107966970368 0.0947224418569 
0.037114387579 0.442301592784 
0.762200789097 0.608137066622 
0.508077935982 0.935260679165 
0.876184787054 0.65414054336 
0.856982612852 0.609199919043 
0.519101080272 0.329382926361 
0.55193695638 0.609866333149 
0.736520598094 0.593186920695 
0.436629829423 0.45743935316 
0.939525753972 0.845080741317 
0.0363424504356 0.753693186071 
0.49371292426 0.739238053801 
0.942274723898 0.986993197788 
0.673669176591 0.055092160303 
0.597176568927 0.225345453214 
0.861125490454 0.677000421196 
0.350360422004 0.861046151262 
0.502537743962 0.834613217657 
0.319835365388 0.307684597875 
0.0226944644872 0.862120230617 
0.844912517973 0.186428062185 
0.847826234842 0.0166017548604 
0.862198046718 0.770319289736 
0.531393438224 0.0829767133059 
0.00156922528145 0.514085438576 
0.220783357042 0.908123898228 
0.524739664928 0.356986955281 
0.25786115476 0.00741879178974 
0.512031634664 0.92257049931 
0.223793875023 0.219815938874 
0.0268316415652 0.616580820802 
0.0106758802781 0.308348090795 
0.130670696077 0.245983705382 
0.977528951039 0.0762960115448 
0.933565188157 0.279742170012 
0.104231293533 0.580280117072 
0.697203201989 0.456440675178 
0.445613656113 0.792319698639 
0.328437744009 0.201225954977 
0.141278532722 0.92962946349 
0.0487521419542 0.537465955536 
0.803037311421 0.167867937671 
0.869665690033 0.467051112933 
0.0456799831803 0.257632252447 
0.0642026071395 0.555275181436 
0.894601426399 0.269599479483 
0.860674958988 0.875030872791 
0.0384168043696 0.314458459298 
0.64746196961 0.184464837809 
0.0500651356747 0.212247676078 
0.814436631578 0.306230483356 
0.496479679525 0.275982086097 
0.253262716764 0.637871318692 
0.754776882196 0.275779128534 
0.391654508304 0.318360644769 
0.511387332711 0.565346496685 
0.681278617254 0.0819386667224 
0.581386627345 0.782190831145 
0.5141341716 0.144998401821 
0.441303854897 0.836150946415 
0.34718890299 0.981848775215 
0.733475165539 0.313370883809 
0.170070482805 0.555731825878 
0.705356537823 0.982724798103 
0.977900527169 0.957139155279 
0.111541578179 0.552246273792 
0.952701073285 0.621901417341 
0.278115036404 0.695544958173 
0.457562891605 0.640541104173 
0.0541600519301 0.712463179217 
0.887757012425 0.523646645821 
0.16027887594 0.0504473220853 
0.312714230855 0.124666040626 
0.662215228826 0.464150200792 
0.712699742028 0.717052738233 
0.681732085569 0.15356149426 
0.327949087841 0.731911720919 
0.47118477678 0.524605025725 
0.173199854717 0.00978442048884 
0.564195405155 0.541458569756 
0.0139087854565 0.664637222027 
0.207716696273 0.34313874014 
0.49671347545 0.25707945081 
0.156116984519 0.647572288651 
0.535260749604 0.19549325394 
0.878107212686 0.833086686236 
0.640316067853 0.774389729985 
0.860539162704 0.872088185732 
0.529167958626 0.0957294646508 
0.890236830395 0.428148044231 
0.231884483835 0.987611724057 
0.811507967591 0.404764099986 
0.91662693387 0.000309082146044 
0.469178171681 0.723048093703 
0.350535025325 0.45963312269 
0.0544588539503 0.411747352786 
0.839125123895 0.343930938684 
0.405979604373 0.775838255651 
0.288478958926 0.323391229278 
0.0751592218411 0.0167364758532 
0.877633862493 0.3209880357 
0.311132626043 0.599374357793 
0.640855678245 0.726446937991 
0.924704461318 0.49884163623 
0.0533098337671 0.00863970488261 
0.22140229593 0.972066197977 
0.183366616187 0.67957577223 
0.64799725682 0.88072768598 
0.967576014459 0.501610016345 
0.0536450910113 0.0102207227735 
0.684456837486 0.0599618888872 
0.263101436838 0.272857754087 
0.810236113427 0.502503880742 
0.484143316044 0.455085841992 
0.587502608452 0.874865973568 
0.0569443361342 0.252666782362 
0.157608975776 0.176495934547 
0.919823053593 0.248275411105 
0.707393410384 0.0772690683962 
0.869433861873 0.573484072039 
0.293901511874 0.429916250016 
0.972464511306 0.132390148697 
0.00741509539349 0.347496399036 
0.200866215079 0.619814433485 
0.458597658625 0.0541804360663 
0.320200966177 0.0181717578075 
0.985932887455 0.867534667391 
0.956919853285 0.231522608754 
0.599798393686 0.676825222701 
0.302309528719 0.604295136378 
0.740806830618 0.959993711418 
0.863838245008 0.479516529867 
0.00743737750612 0.418532327585 
0.591585929746 0.677276200831 
0.114499823434 0.857823098586 
0.396048000597 0.822062629473 
0.232035820769 0.826481379357 
0.702673439855 0.995482969547 
0.358463598465 0.89463952697 
0.210782189166 0.999752352319 
0.88023944329 0.758574748569 
0.183541580014 0.144451919541 
0.673571398051 0.111267885702 
0.0435783435169 0.936840726196 
0.537761872369 0.378524376926 
0.205004190985 0.164176454977 
0.285916985794 0.565716046391 
0.332587938844 0.446761576677 
0.825480606992 0.343180374201 
0.08219203786 0.692258628628 
0.957704320611 0.365302188376 
0.487994260145 0.993474085145 
0.397866587905 0.631343143487 
0.460026770949 0.548495074398 
0.0213198186995 0.599173244993 
0.31097463175 0.919010902112 
0.864259004097 0.807187114032 
0.43943522315 0.00240669121782 
0.206121940448 0.169267485581 
0.522262012384 0.598460446847 
0.965037464236 0.522507513045 
0.0526939058026 0.114870596256 
0.85262426328 0.771307306374 
0.90556024837 0.932861821549 
0.950932747749 0.328471234205 
0.245948027757 0.120132236006 
0.819034688826 0.735493388822 
0.885931837695 0.384165449311 
0.17341216529 0.952546643362 
0.593717553308 0.311900732339 
0.757375648036 0.289273789013 
0.444533264764 0.389400941584 
0.581675619016 0.446506610048 
0.572755237576 0.484270028331 
0.768500231111 0.853341405404 
0.545090527483 0.595364845456 
0.735726854138 0.161487945606 
0.0137700921681 0.0666861187867 
0.401862958048 0.96731864196 
0.827921641214 0.275983768164 
0.508632358335 0.710193967553 
0.0140291912084 0.694615563526 
0.470902687482 0.718651240227 
0.485889312639 0.505338598435 
0.505145141397 0.859692259848 
0.713211008428 0.75800894044 
0.686145208019 0.472587144499 
0.942411484425 0.247639366861 
0.427590501097 0.9786476475 
0.117801121207 0.554162640904 
0.698275343747 0.408017694752 
0.164921805936 0.393423639369 
0.0490382087445 0.589722490362 
0.355408689398 0.0199555232473 
0.543139786018 0.791629840153 
0.188734184069 0.891673942005 
0.462144409413 0.556136846461 
0.92893385966 0.231783916985 
0.342655539606 0.96283964366 
0.897492430526 0.707639954602 
0.297337819855 0.299710465909 
0.705695616998 0.0328370137689 
0.524807308464 0.0813010985063 
0.480436142304 0.589610505094 
0.979011520225 0.146379928528 
0.16286734039 0.247028589767 
0.91098745419 0.490782461966 
0.658319813905 0.537163762787 
0.776670198517 0.91423369837 
0.233231598043 0.037345849949 
0.778966572358 0.141242078965 
0.450668807529 0.335815606376 
0.432524197653 0.0680771721326 
0.645705886335 0.077807937104 
0.811114300468 0.485605599823 
0.766394846201 0.664599382846 
0.800071927537 0.678138429242 
0.991409786354 0.320126709098 
0.904305778895 0.665782721812 
0.657738860585 0.00284002029311 
0.292758634191 0.309437486165 
0.582590784965 0.244264326873 
0.49540479264 0.980588829601 
0.673571413111 0.0111594159809 
0.611622689245 0.921927373165 
0.197257839581 0.943880824493 
0.462457313122 0.548424463295 
0.0712430287781 0.391499270761 
0.538384572689 0.866138375254 
0.22646911504 0.601732699581 
0.161878211958 0.906013727148 
0.820826947495 0.448838316928 
0.0640412988725 0.143272683833 
0.0111201738846 0.497393815694 
0.860157319466 0.990946390109 
0.685707252488 0.619924594615 
0.810215417163 0.478845295858 
0.419227522107 0.276690194951 
0.0523780510509 0.186366987475 
0.323100319331 0.208359824727 
0.768385691943 0.535209619043 
0.649997956351 0.913837523574 
0.890734156746 0.162992324451 
0.799329366408 0.186094981145 
0.981677822812 0.00574031713612 
0.363112264256 0.877322429006 
0.499693547001 0.454645923968 
0.0279069024495 0.0716297385837 
0.200611196481 0.438458569403 
0.917608698825 0.0915973468354 
0.84541852636 0.697459015742 
0.438018076166 0.145810525777 
0.531153360877 0.919101020049 
0.492948001361 0.866916622826 
0.154029095039 0.552147533735 
0.00333595650489 0.842610314651 
0.07427593017 0.838319403249 
0.583817094277 0.957426592377 
0.158861193815 0.847350843668 
0.786703039648 0.932975009532 
0.248461378318 0.92049857078 
0.950732616894 0.46613806075 
0.12120256109 0.121927263111 
0.880392358456 0.916341879285 
0.479962193637 0.590238830531 
0.367983802937 0.0980496601618 
0.788575393069 0.976791341953 
0.255686297514 0.260494127556 
0.292114480303 0.586853504807 
0.236614803692 0.468363955425 
0.924281127931 0.0708431990263 
0.433892820619 0.896491451056 
0.674235036985 0.0238600166093 
0.998370599599 0.107749545522 
0.902997622651 0.946259880795 
0.152992908036 0.353318652286 
0.122735741702 0.915895764339 
0.466442604166 0.549963971436 
0.945853564656 0.510999147222 
0.044027376448 0.26938142325 
0.317736804849 0.535676335974 
0.259468274897 0.69283130822 
0.21097236797 0.924141990871 
0.13409052806 0.433442027203 
0.420400451679 0.0836151777076 
0.0278758068968 0.713291805087 
0.0149268143799 0.624164951751 
0.824932418154 0.523755100665 
0.771118699964 0.816231590313 
0.464958851967 0.564099854326 
0.330118726749 0.777822707473 
0.459214343704 0.297431814753 
0.885875697348 0.706215567654 
0.911670255769 0.65505873207 
0.824044089968 0.734670279843 
0.507922664309 0.264618441007 
0.236730200097 0.706897604299 
0.79417981853 0.531766033525 
0.459523454178 0.613217612344 
0.940204322064 0.297793777646 
0.96041708211 0.291990906476 
0.589095984701 0.543028330526 
0.164754960107 0.422821815405 
0.0543119778545 0.273419508218 
0.315465194675 0.512591541673 
0.46240944109 0.926415713313 
0.745159484439 0.013175999937 
0.269606719684 0.0621811389792 
0.838922552507 0.285033434452 
0.919391383744 0.442825467007 
0.963795947113 0.727756204563 
0.638339632055 0.617206021024 
0.716500949467 0.120027399656 
0.797158447487 0.911548346881 
0.987936557824 0.978646189146 
0.200373914881 0.691720167615 
0.649291441229 0.686279993824 
0.459229914747 0.570679984909 
0.366774310806 0.401253347192 
0.839893312824 0.0682168532198 
0.934858569537 0.740113999771 
0.306300574366 0.783778083687 
0.433723537135 0.107436156382 
0.825786139309 0.875251650808 
0.563802835702 0.778915850403 
0.908810446568 0.392662575486 
0.028679234587 0.386866027488 
0.68666716033 0.66757579043 
0.534610338173 0.565841422959 
0.726622202039 0.0187698759332 
0.339879519124 0.0891297888075 
0.858071421173 0.146682405457 
0.0283200664787 0.22566207231 
0.83687961043 0.587449698043 
0.0517562501791 0.16387330682 
0.402712150113 0.784146610434 
0.0159519280332 0.798338631404 
0.957244897337 0.736176947218 
0.0678041508988 0.0415631889705 
0.995452245949 0.776436452569 
0.37554246874 0.477997546741 
0.154410633834 0.681436424174 
0.287033555412 0.796336472647 
0.563957351487 0.505765239569 
0.0124254621883 0.0242119445243 
0.86113350412 0.356018302113 
0.54729791541 0.77283994009 
0.463118537522 0.0552077467974 
0.698920238052 0.123799558671 
0.591818416066 0.00522115283534 
0.182162235133 0.149677474159 
0.214049781143 0.521341178849 
0.35433193261 0.462227080223 
0.0156825188129 0.332009409078 
0.60924272816 0.349457245103 
0.49262150717 0.698257673721 
0.607366315943 0.145638690277 
0.640495843574 0.791102045145 
0.855358455112 0.146615740624 
0.164712826838 0.81500642208 
0.249125764332 0.840915880568 
0.924186930389 0.467719247278 
0.503370449355 0.133331426276 
0.319749778463 0.836775995321 
0.472341739901 0.812008900176 
0.518340308459 0.724432597304 
0.00437705774318 0.534941140746 
0.748654609925 0.937814528271 
0.23335826504 0.95650019559 
0.480039201867 0.426122856038 
0.608821610617 0.717328392471 
0.900337880004 0.576137956966 
0.946421176294 0.612175845934 
0.548163124602 0.410332412648 
0.540691993661 0.416112443085 
0.84899647484 0.412052799808 
0.426435540697 0.134841100391 
0.855933232374 0.17012935431 
0.374662757766 0.393757131456 
0.862949324347 0.379891510276 
0.460505767206 0.743843151264 
0.276131169854 0.155984346079 
0.299912719623 0.0981688104628 
0.754425275167 0.612120768501 
0.232847154148 0.389490572621 
0.0464737144572 0.441369931606 
0.885961872768 0.160773627088 
0.926801884606 0.55107275712 
0.0226870796916 0.531770059008 
0.654853857612 0.0689849249899 
0.846179190571 0.271183451719 
0.603148038425 0.325794176513 
0.29520867771 0.644279373495 
0.0691308350529 0.548616906588 
0.382695080528 0.948168787216 
0.171833756704 0.689061613929 
0.0572400710958 0.592484533508 
0.462155111341 0.194696719644 
0.970175723038 0.263753818371 
0.0735575087965 0.185631806225 
0.770503908227 0.0736314681501 
0.483886128729 0.0277217233649 
0.81985259628 0.608696091324 
0.72669461608 0.410693803084 
0.990958954436 0.29354552159 
0.187370994385 0.437639348869 
0.610536829494 0.991224709657 
0.0792778100349 0.645301647901 
0.276108561511 0.0295653034165 
0.369184162195 0.987253025589 
0.787213116221 0.70744613552 
0.440673874569 0.4785256798 
0.262370610088 0.268884461083 
0.128086294567 0.159149619331 
0.058627237531 0.29267304299 
0.383892517772 0.806841058723 
0.888755397482 0.148445419861 
0.5865313434 0.551794135065 
0.0781766900083 0.330820797975 
0.701249812611 0.560872078472 
0.777669515473 0.5040766008 
0.834861809888 0.551483903145 
0.810961567547 0.203235003771 
0.626270258435 0.232018924597 
0.0455910133018 0.549066054632 
0.264705546663 0.0913507989569 
0.117576978416 0.603514755973 
0.177706123033 0.875594038144 
0.563005467668 0.23404081421 
0.278546417026 0.951409066834 
0.0729488619804 0.181760126717 
0.342620876858 0.807839233476 
0.715474348432 0.361040082741 
0.856763401706 0.958676464363 
0.504931361085 0.0630041931451 
0.71027743969 0.866658452697 
0.686178726485 0.499907910672 
0.84205276329 0.111715092169 
0.429088967029 0.483677532147 
0.865825072653 0.624633685711 
0.237426379888 0.876261631776 
0.575628673625 0.84216868333 
0.100876227471 0.999744430914 
0.493690286128 0.91983725424 
0.64416345419 0.607014442896 
0.696276317028 0.783419022216 
0.00036134506655 0.131558092648 
0.933008696042 0.598188585951 
0.319466449931 0.620545400128 
0.301002834982 0.657436750804 
0.571638239061 0.112388687158 
0.78116940242 0.409108516253 
0.143804133642 0.416053093525 
0.14352426685 0.767531614316 
0.425195484582 0.553558022771 
0.0731176649268 0.980355280623 
0.789276958821 0.640694279876 
0.371982416638 0.549653435811 
0.202417554674 0.243424557519 
0.874852509559 0.194357859918 
0.786864065887 0.432480893095 
0.219508173321 0.516944736013 
0.58305619909 0.93321521233 
0.972984966723 0.0651221554464 
0.588022057946 0.581993289294 
0.127853134278 0.295871446406 
0.182317014847 0.188142072879 
0.692439726774 0.336042523908 
0.12351494121 0.746108855253 
0.94881689446 0.87020940036 
0.0952455785393 0.84931000957 
0.895768271751 0.288323340624 
0.220593408654 0.611937225938 
0.273512822414 0.425800834638 
0.157061603186 0.516924546772 
0.930976960234 0.49451865421 
0.724949633105 0.337982969885 
0.627923187921 0.242277324604 
0.1986882254 0.318997406377 
0.642022091407 0.949948324388 
0.919059085912 0.296056335603 
0.577474774816 0.878462136784 
0.962392427649 0.509292793419 
0.897925327879 0.352919944608 
0.927814601501 0.372191118282 
0.0364215875322 0.624777352376 
0.951403266559 0.0437318112405 
0.978527611252 0.705747995265 
0.559984740061 0.262801948397 
0.231263354748 0.963940305048 
0.689923964616 0.945317415029 
0.921952679311 0.408849220032 
0.84482874601 0.935099331813 
0.760604622443 0.356489508448 
0.416276043317 0.116670027001 
0.20860606207 0.950572781588 
0.230674200879 0.220819321339 
0.701813514343 0.258755824211 
0.194452754387 0.773145860208 
0.484364841791 0.468702477501 
0.672683485419 0.394349637324 
0.290028654613 0.595378359709 
0.728816771062 0.295485268576 
0.250795592358 0.992128360272 
0.979400362845 0.127819686223 
0.814471520286 0.990652237203 
0.639680885917 0.886276940689 
0.884580477322 0.997920905794 
0.293170046228 0.0882401005268 
0.313750795807 0.709792257056 
0.87310700128 0.0276581174537 
0.637857762219 0.187695964882 
0.0344414891761 0.898565023909 
0.51365557187 0.00514036515753 
0.260128597247 0.694627846749 
0.886639909235 0.440322117916 
0.955067672025 0.122878284658 
0.133952499751 0.70714948053 
0.316115764791 0.239363545367 
0.949244479241 0.723671124337 
0.707742809556 0.700136906945 
0.906237259348 0.763220698491 
0.675215621192 0.904876495267 
0.0451734505663 0.313588450711 
0.00925698809225 0.368929942006 
0.763146151623 0.852986663781 
0.443514250468 0.256078717234 
0.769847043702 0.0188185184176 
0.192928387934 0.317257315002 
0.616868734939 0.924985718533 
0.553318267025 0.0503270281829 
0.529224262545 0.474115887952 
0.146902120297 0.649574060416 
0.508207075389 0.62204729757 
0.958458161956 0.201852984403 
0.862401682921 0.783099813188 
0.203044531062 0.35643810076 
0.159587870591 0.445525891843 
0.516856281417 0.227322215786 
0.120687393763 0.158068324848 
0.726405588338 0.0129548359187 
0.492486080931 0.264468125167 
0.947304776937 0.847595229828 
0.670572230367 0.283956316686 
0.997959310894 0.19996622193 
0.827230086531 0.109801395286 
0.0820768450123 0.496735889926 
0.313547825073 0.178586425214 
0.702393329538 0.620483083462 
0.00056650982357 0.385729197428 
0.370778241327 0.539725554265 
0.951598716953 0.399958314071 
0.217312072703 0.496056157774 
0.991156910266 0.870019009276 
0.0260843992426 0.122279206056 
0.219494332025 0.578535681527 
0.258280579832 0.00387255493173 
0.635501121233 0.389475888659 
0.264352154567 0.120227419727 
0.786338578409 0.355452681295 
0.435061191981 0.932760857321 
0.646873485799 0.481714115673 
0.783785872512 0.73564530558 
0.133034770011 0.216781432311 
0.883528036355 0.240042975515 
0.278812695977 0.946325566102 
0.234590303692 0.668656388939 
0.185136245307 0.494463161763 
0.166004270655 0.279205570394 
0.326139107242 0.155978283335 
0.10634689605 0.656503292363 
0.858028708385 0.58957303095 
0.363390694956 0.387594338299 
0.136701216007 0.694681973825 
0.651085873702 0.644775531608 
0.239549582075 0.385226519027 
0.370180361339 0.161536441417 
0.854889696285 0.497336883673 
0.136406315325 0.706911377642 
0.216317159902 0.960931919195 
0.318043440719 0.693726641337 
0.0611896482807 0.800394936999 
0.726708778432 0.145316184148 
0.83271542312 0.781506311056 
0.145315492484 0.12134899031 
0.493858975619 0.783367734062 
0.920730559058 0.84179232691 
0.671912887542 0.430173747522 
0.322014680573 0.202516217136 
0.805472379471 0.195173510862 
0.857902803941 0.419508186577 
0.620251873451 0.776287210845 
0.435402558286 0.583830177082 
0.0111756932226 0.281528582957 
0.605225083274 0.0803177130193 
0.316292727404 0.114585646619 
0.80014358541 0.0319731013098 
0.170482522208 0.146311285844 
0.654245138153 0.564604592479 
0.93100911183 0.407090658749 
0.785154326716 0.3689808692 
0.612160326256 0.253112357706 
0.209620846547 0.614420856952 
0.0743368401684 0.694028861301 
0.0368395599332 0.0535350271486 
0.652024638156 0.28276375594 
0.940029001129 0.0659158161836 
0.970837622331 0.000313797178342 
0.0302362035109 0.528453972621 
0.469363763464 0.524906860312 
0.124262205911 0.293056476178 
0.804763437095 0.857600260382 
0.334219093317 0.848099021582 
0.180672289023 0.216568172775 
0.623370543754 0.739024431069 
0.78831287454 0.207250190317 
0.806786008495 0.13828210714 
0.671415551659 0.1114194083 
0.0165051796739 0.37495016 
0.379430158541 0.0625059850753 
0.456127286822 0.0956376857175 
0.130238446788 0.0639951598917 
0.535973056613 0.130069387187 
0.149841987272 0.722641478811 
0.427963834999 0.739564697563 
0.0297211047353 0.0852345787052 
0.61053378571 0.867535841883 
0.950686213071 0.300569954581 
0.0517122952828 0.786957134613 
0.312776770473 0.237946696287 
0.860098273452 0.0757175661318 
0.860191424853 0.841246847839 
0.282054680797 0.28843941616 
0.937818646411 0.446604629187 
0.394304366738 0.509091111831 
0.506190209087 0.0196610727018 
0.821974127237 0.746103332542 
0.565212388308 0.402742302097 
0.549433219302 0.154498368631 
0.457427512267 0.385329003701 
0.282661264349 0.19501801405 
0.340699492203 0.0956879175948 
0.567824612735 0.244630698206 
0.93690046242 0.981090354658 
0.375012410911 0.628708828423 
0.212485800718 0.0237940203887 
0.499541150743 0.948460054723 
0.372057784229 0.0562705963268 
0.576795982528 0.938713417983 
0.645892508542 0.481109699014 
0.39911502953 0.183189256653 
0.463067171952 0.110819945642 
0.612032931886 0.678992779147 
0.127312136012 0.116994566241 
0.861829496525 0.496951038472 
0.580947754659 0.217879683076 
0.972075866895 0.540192477371 
0.914378258807 0.312627344625 
0.704421848949 0.30733508171 
0.739182131898 0.545425785495 
0.417484594496 0.321849267618 
0.738570491845 0.227454406701 
0.294434131997 0.422535357508 
0.542083532997 0.262688904431 
0.841401200903 0.385249476838 
0.083535145152 0.691573328341 
0.608676342446 0.0500113212884 
0.506337853514 0.103953291608 
0.508792010513 0.135057987562 
0.0363410243477 0.329949911725 
0.380073028561 0.987110140755 
0.570184564474 0.917039703876 
0.291247533783 0.734826047618 
0.254740682391 0.820577750207 
0.441925087025 0.857609073961 
0.65242839444 0.61949504422 
0.832175869989 0.131408552204 
0.553994172866 0.470133622216 
0.245918977843 0.182650810915 
0.688259432744 0.700328630619 
0.387446343258 0.754098756669 
0.47182719026 0.0732827731207 
0.279349813876 0.226058480095 
0.761808668829 0.147269371997 
0.970617648774 0.590249959722 
0.73404665631 0.203576753857 
0.516190675468 0.373592166669 
0.214597220258 0.717601715204 
0.232831410877 0.837934624567 
0.695330647113 0.890585279375 
0.134535909786 0.0550568479525 
0.611060415184 0.541023519599 
0.685368157394 0.387820383555 
0.99101048749 0.309396160451 
0.950674312071 0.885600307743 
0.276351389435 0.206070677313 
0.973482459121 0.95762625088 
0.0936928830246 0.16532131604 
0.410846252936 0.386442949683 
0.194701763007 0.413503918948 
0.124089777977 0.941551658193 
0.257968041184 0.27709683096 
0.704927597834 0.682549848934 
0.943273471543 0.852980654083 
0.0792768624735 0.18775191775 
0.498591867215 0.951091165339 
0.369016056758 0.516651943704 
0.434693894037 0.647088739562 
0.558034351735 0.409003615927 
0.0742005754408 0.0169726965272 
0.447557641977 0.299008329027 
0.605441620736 0.813429221784 
0.101455316992 0.950582663 
0.299579240069 0.958670246932 
0.721456196902 0.262974244612 
0.46568288132 0.670971124429 
0.881134651679 0.07413891968 
0.0410775050172 0.800799786853 
0.85747869272 0.509479424661 
0.362764968456 0.397949658915 
0.125261549634 0.212392012256 
0.149562729342 0.443777887825 
0.313860939016 0.29772560288 
0.264995661512 0.199991054432 
0.157308434401 0.332691287982 
0.869085794185 0.658543074675 
0.226063892361 0.980354838573 
0.871722448199 0.809123168828 
0.942304502179 0.443740961618 
0.631548055969 0.415530479548 
0.473626504332 0.387696997914 
0.546070988387 0.232095944564 
0.478338889421 0.081267404073 
0.56265259256 0.134830919289 
0.864773789779 0.702242778817 
0.428768767869 0.49163825713 
0.307049623909 0.174979573929 
0.97555833291 0.729527085957 
0.975093390213 0.717520248473 
0.594012921632 0.860595342037 
0.579372540914 0.784111108353 
0.782897123044 0.803590607383 
0.449035944478 0.56981671278 
0.563793301236 0.414325949946 
0.422281511641 0.418804185334 
0.350856493758 0.216391538157 
0.129965492825 0.599412129324 
0.0554148947878 0.056120511934 
0.634931698047 0.772705907596 
0.272072302803 0.550922894831 
0.907226049347 0.825499189116 
0.0652917160485 0.598992556913 
0.198684825676 0.382631316712 
0.247885418368 0.0419598229413 
0.206811982635 0.185506612592 
0.106167127823 0.171774332652 
0.616412124206 0.675459336327 
0.777293695397 0.452873015716 
0.0230228947815 0.627765113048 
0.126940115043 0.370275022936 
0.907529488116 0.943385674213 
0.525496695993 0.272620806091 
0.871093096103 0.123098545209 
0.171644107694 0.559606382559 
0.851994478093 0.647727894656 
0.897166275706 0.611726004707 
0.290006772118 0.864845475571 
0.624536306828 0.764034852292 
0.157762434747 0.218205633138 
0.281535231589 0.364973197213 
0.552011371296 0.636934500483 
0.22136852894 0.50577647212 
0.794364517996 0.995256562632 
0.984090531648 0.419626124168 
0.524861320704 0.775799384506 
0.102963761622 0.72330219493 
0.649761559105 0.613183737342 
0.742708345016 0.703042100419 
0.453355994356 0.0333241779523 
0.214044732576 0.206565607818 
0.629506636102 0.641208027724 
0.90101680456 0.0792548831005 
0.284183481075 0.537061297864 
0.739922754592 0.980964064503 
0.626532750362 0.957782330179 
0.964435666601 0.388381309263 
0.171209898968 0.518560967125 
0.2159373831 0.231129120502 
0.672887021859 0.732516335898 
0.304240512951 0.129785533473 
0.304944619955 0.140983623265 
0.235100175055 0.46429247016 
0.597329353707 0.286243309593 
0.451971236261 0.167494309263 
0.455150257492 0.746850008571 
0.678526973083 0.266062225474 
0.400902252429 0.962441057826 
0.948045286953 0.612512622288 
0.749550637616 0.989598212949 
0.747846561067 0.261241391701 
0.311254258387 0.616709996248 
0.549684080073 0.395303987565 
0.273767333805 0.925364486911 
0.0419632758326 0.15832574969 
0.142440843075 0.0252300468098 
0.638616844698 0.382659276739 
0.959053323973 0.39589975666 
0.712667408509 0.640185959034 
0.34958477459 0.630371607742 
0.882566380361 0.393061387182 
0.449857997596 0.637213207371 
0.201973632659 0.646659711574 
0.145995857954 0.883587965399 
0.77496576776 0.879582389938 
0.333196498511 0.697854290206 
0.794607339857 0.182590060968 
0.017849697333 0.636625136441 
0.417058058646 0.304396358839 
0.628028118167 0.676601092459 
0.651414461938 0.165982638066 
0.0564778049434 0.176417518647 
0.271393006747 0.414014805696 
0.223545618296 0.979894120845 
0.391638144286 0.834363354646 
0.989555099382 0.422339388262 
0.501375073318 0.271123234783 
0.583690195351 0.866411690597 
0.357599338505 0.32606094227 
0.477175477131 0.707583671442 
0.393704994202 0.636557834936 
0.199317511781 0.301642687107 
0.962010454529 0.289831560304 
0.246822731152 0.384185474861 
0.487244942652 0.66494705717 
0.82439055456 0.297747512689 
0.0146319882142 0.511004388083 
0.509934141423 0.221338966239 
0.727152148113 0.994444494159 
0.947943500868 0.156512699744 
0.364055485229 0.0949656330453 
0.79275119202 0.295518318459 
0.88345459424 0.172605809464 
0.417641231503 0.454204801386 
0.905958211215 0.868881007764 
0.878825999447 0.0484930357988 
0.377200013867 0.0401658489802 
0.746784111194 0.745965227239 
0.201345145247 0.168286835275 
0.686436971405 0.84347548549 
0.722172461991 0.164970296367 
0.896166708183 0.728965242406 
0.230758425612 0.462771091194 
0.579244757484 0.904286515806 
0.499161090212 0.175636725149 
0.144774715127 0.49302219719 
0.408125218849 0.0477873342065 
0.899077905647 0.031370423891 
0.0866262550797 0.99394467702 
0.22570118898 0.0933391589354 
0.254784785435 0.172884869937 
0.755590995562 0.935727648371 
0.428859509968 0.139764759902 
0.43839093009 0.241747144699 
0.106366521585 0.493853933413 
0.578667806154 0.170790006569 
0.488090708348 0.988958465797 
0.809779983754 0.605211907208 
0.212982877068 0.314861442889 
0.0486662839959 0.311313823635 
0.34126471578 0.194822552073 
0.772333606525 0.849170125804 
0.474526071043 0.828082004996 
0.226856597704 0.480779233154 
0.192965304161 0.0245166402694 
0.477253705312 0.148786790418 
0.594358766708 0.910244010383 
0.778008508162 0.741698855907 
0.839558040148 0.979645557153 
0.5400005303 0.0761227968563 
0.989911901723 0.892342466818 
0.357047878453 0.359981789293 
0.494043878805 0.866436227735 
0.0364645110353 0.373337395451 
0.527809370501 0.544834772537 
0.413773934473 0.164869987324 
0.370580452381 0.128722774444 
0.89553777078 0.496467439545 
0.144730071186 0.0376377948116 
0.142280243624 0.546371335292 
0.209544055934 0.183500197593 
0.929265399246 0.560864885856 
0.582575172858 0.545822486386 
0.938134385255 0.868630421694 
0.199257234582 0.695605350529 
0.331918302647 0.855892135673 
0.310484568797 0.347644260464 
0.00216415071029 0.942107365028 
0.183294841413 0.605541363561 
0.142085652491 0.931286100962 
0.189750922641 0.179010151001 
0.878318394802 0.371523251815 
0.24112917975 0.638033565817 
0.749784161906 0.0150390493808 
0.169592061857 0.877861038658 
0.723724594474 0.608119473921 
0.76891200867 0.0461302804866 
