   0.14024    0.85320    0.28460    0.60379    0.99989    1.84852 1340.00000    0.00000
   0.18926    0.84997    0.22256    0.66897    0.96438    1.84828 1995.00000    0.00000
   0.33087    0.82810    0.13846    0.88678    0.79087    1.82723 3013.00000    0.00000
   0.31158    0.87609    0.28193    0.54301    0.93596    1.82572 3979.00000    0.00000
   0.41171    0.84033    0.25648    0.86402    0.70010    1.80797 2834.00000    0.00000
   0.30536    0.74194    0.36666    0.81811    0.79427    1.80331  328.00000    0.00000
   0.31629    0.91840    0.11714    0.64529    0.87074    1.80329  939.00000    0.00000
   0.26678    0.87173    0.32033    0.83027    0.72123    1.80287 2191.00000    0.00000
   0.20780    0.96152    0.64799    0.18185    0.97583    1.79500 1038.00000    0.00000
   0.07836    0.84878    0.35096    0.57919    0.94848    1.79114  689.00000    0.00000
