   0.81459    0.93580    0.83371    0.89839    0.84906    2.32003 1299.00000    0.00000
   0.83494    0.88753    0.76700    0.86054    0.90750    2.30259 1163.00000    0.00000
   0.82779    0.88999    0.87343    0.86576    0.86168    2.30050  251.00000    0.00000
   0.89538    0.84113    0.86707    0.84579    0.87420    2.28779  372.00000    0.00000
   0.81439    0.88499    0.75526    0.90290    0.85315    2.26910  983.00000    0.00000
   0.85319    0.91412    0.81110    0.86041    0.81092    2.25740 1182.00000    0.00000
   0.72322    0.80823    0.86148    0.79244    0.89258    2.19870  949.00000    0.00000
   0.76490    0.81855    0.75836    0.86729    0.85038    2.19128  970.00000    0.00000
   0.84534    0.84606    0.86325    0.85275    0.83895    2.24869 1872.00000    1.00000
   0.76898    0.88269    0.84570    0.82534    0.83459    2.22357  113.00000    1.00000
