   0.32112    0.91023    0.66221    0.34206    0.97795    1.89415 1255.00000    0.00000
   0.06911    0.85072    0.13962    0.94326    0.88962    1.87739  392.00000    0.00000
   0.07686    0.75793    0.22280    0.83062    0.99364    1.87278  748.00000    0.00000
   0.53342    0.95849    0.08879    0.38636    0.96179    1.81564 1058.00000    0.00000
   0.20595    0.58178    0.50726    0.88699    0.82558    1.78382  946.00000    0.00000
   0.04134    0.96280    0.53019    0.76260    0.67743    1.78362  293.00000    0.00000
   0.14279    0.82232    0.07860    0.65792    0.97110    1.77012  979.00000    0.00000
   0.49634    0.84826    0.02541    0.50992    0.94265    1.76893  859.00000    0.00000
   0.08101    0.80646    0.47478    0.53347    0.94018    1.77260 1879.00000    1.00000
   0.11127    0.83638    0.63893    0.42896    0.90837    1.76743 1647.00000    1.00000
