   0.97441    0.92128    0.93477    0.66437    0.99382    2.38190  115.00000    0.00000
   0.82656    0.96911    0.80388    0.87029    0.91433    2.37396 1268.00000    0.00000
   0.44481    0.94079    0.85160    0.89826    0.98713    2.33303 1743.00000    0.00000
   0.83571    0.86065    0.95508    0.99773    0.77487    2.31216 1494.00000    0.00000
   0.75855    0.98961    0.41565    0.77848    0.97915    2.24416  880.00000    0.00000
   0.70268    0.96442    0.92265    0.99968    0.65443    2.22566 1342.00000    0.00000
   0.65377    0.92960    0.80359    0.87749    0.90854    2.29605  181.00000    1.00000
   0.42744    0.90973    0.81388    0.89689    0.96547    2.27727 1970.00000    1.00000
   0.79264    0.93798    0.70195    0.75510    0.94778    2.27474 1767.00000    1.00000
   0.83440    0.70607    0.91438    0.92026    0.86878    2.23782  764.00000    1.00000
