   0.94948    0.94591    0.97649    0.91099    0.97496    2.52631  979.00000    0.00000
   0.94662    0.87975    0.96912    0.95478    0.91884    2.45928 2604.00000    0.00000
   0.83144    0.97126    0.99827    0.86452    0.93533    2.45370 2051.00000    0.00000
   0.71220    0.96322    0.92913    0.96227    0.85217    2.37539 2966.00000    0.00000
   0.78009    0.96063    0.32022    0.96138    0.97224    2.29931    7.00000    0.00000
   0.90819    0.99018    0.96804    0.77889    0.74350    2.26911 3066.00000    0.00000
   0.67954    0.98463    0.63735    0.87231    0.89068    2.26674 3590.00000    0.00000
   0.84886    0.86267    0.85350    0.80335    0.90734    2.28673 2699.00000    1.00000
   0.92110    0.90269    0.55756    0.89111    0.88119    2.26590 1709.00000    1.00000
   0.95686    0.93304    0.60687    0.70322    0.93712    2.25264 1341.00000    1.00000
