   0.91080    0.83568    0.85704    0.80611    0.89310    2.27940  586.00000    0.00000
   0.86555    0.82194    0.82840    0.83189    0.90273    2.27056  761.00000    0.00000
   0.88344    0.84611    0.85974    0.81260    0.87223    2.26454  859.00000    0.00000
   0.85801    0.84839    0.87737    0.85396    0.83561    2.25639   88.00000    0.00000
   0.81249    0.76883    0.91261    0.75106    0.90692    2.20640  141.00000    0.00000
   0.87752    0.88599    0.74816    0.87147    0.75838    2.18900  523.00000    0.00000
   0.74510    0.86711    0.80015    0.90671    0.73630    2.15507  739.00000    0.00000
   0.76437    0.84275    0.75734    0.74123    0.86698    2.14874  489.00000    0.00000
   0.78509    0.81425    0.84525    0.79642    0.79823    2.13874  467.00000    1.00000
   0.80446    0.82897    0.79778    0.78636    0.80411    2.13780  556.00000    1.00000
