   0.86247    0.90723    0.87158    0.88512    0.89840    2.36301  271.00000    0.00000
   0.89057    0.87174    0.90148    0.84893    0.90255    2.34212   88.00000    0.00000
   0.87891    0.83030    0.91871    0.78578    0.96748    2.33739 2698.00000    0.00000
   0.86019    0.85489    0.85426    0.92288    0.88847    2.33708 1913.00000    0.00000
   0.88318    0.90984    0.86784    0.85628    0.87469    2.33347 3245.00000    0.00000
   0.89528    0.85835    0.88353    0.84423    0.88713    2.31379 3421.00000    0.00000
   0.86634    0.79686    0.86073    0.86756    0.93331    2.31146 2419.00000    0.00000
   0.77768    0.88227    0.78898    0.90312    0.87700    2.28733  179.00000    0.00000
   0.89933    0.84101    0.86277    0.81889    0.84453    2.24736 3720.00000    0.00000
   0.89370    0.78602    0.90879    0.81281    0.85055    2.22784 1269.00000    0.00000
