   0.16340    0.93091    0.01072    0.88969    0.90807    1.89982  652.00000    0.00000
   0.08822    0.90554    0.06781    0.95471    0.79468    1.82072  295.00000    0.00000
   0.02157    0.89724    0.82853    0.42301    0.89017    1.82038  831.00000    0.00000
   0.44143    0.34484    0.43212    0.89606    0.93329    1.77935  841.00000    0.00000
   0.04783    0.95788    0.59177    0.33803    0.92032    1.76748  397.00000    0.00000
   0.46232    0.56628    0.58286    0.58703    0.88293    1.75533   80.00000    0.00000
   0.54385    0.86181    0.14376    0.33835    0.95930    1.74707  394.00000    0.00000
   0.68214    0.57479    0.51861    0.92419    0.58266    1.74381  262.00000    0.00000
   0.48507    0.55715    0.19562    0.66787    0.95819    1.74109  385.00000    0.00000
   0.17476    0.96138    0.30189    0.32906    0.94320    1.72920  360.00000    0.00000
