   0.27403    0.95804    0.12967    0.94476    0.98548    2.08478 55347.00000    0.00000
   0.07531    0.98688    0.26121    0.90018    0.86932    1.96176 26565.00000    0.00000
   0.07443    0.98585    0.39883    0.63809    0.98956    1.95855 88069.00000    0.00000
   0.02938    0.94773    0.10016    0.90984    0.93719    1.93431 71569.00000    0.00000
   0.13699    0.93096    0.57145    0.51186    0.98636    1.92491 67192.00000    0.00000
   0.07443    0.98585    0.39883    0.63809    0.98956    1.95855 88069.00000    1.00000
   0.24268    0.90194    0.07227    0.87505    0.93955    1.94386 39490.00000    1.00000
   0.54669    0.73144    0.25679    0.73907    0.95597    1.92628 11807.00000    1.00000
   0.23444    0.93789    0.35118    0.57456    0.98701    1.92389 87029.00000    1.00000
   0.14263    0.90648    0.05463    0.86083    0.94997    1.91145 85516.00000    1.00000
   0.07443    0.98585    0.39883    0.63809    0.98956    1.95855 88069.00000    2.00000
   0.24268    0.90194    0.07227    0.87505    0.93955    1.94386 39490.00000    2.00000
   0.11766    0.86779    0.24930    0.80875    0.95751    1.91932 98246.00000    2.00000
   0.11766    0.86779    0.24930    0.80875    0.95751    1.91932 98246.00000    3.00000
   0.84519    0.63911    0.99890    0.03660    0.57783    2.06669 72499.00000    0.00000
   0.82581    0.70499    0.86732    0.01778    0.78193    2.06533 60808.00000    0.00000
   0.93061    0.39495    0.98084    0.06528    0.71224    2.04572 28056.00000    0.00000
   0.97959    0.33485    0.98105    0.21051    0.62045    2.01637 12838.00000    0.00000
   0.85682    0.40721    0.89390    0.04498    0.92660    2.01618 68746.00000    0.00000
   0.82581    0.70499    0.86732    0.01778    0.78193    2.06533 60808.00000    1.00000
   0.89945    0.42073    0.97346    0.14860    0.58791    1.97867 53750.00000    1.00000
   0.92641    0.30550    0.90492    0.04724    0.81861    1.97712 62073.00000    1.00000
   0.90779    0.53042    0.89201    0.18144    0.58186    1.97406 27587.00000    1.00000
   0.76814    0.66590    0.94078    0.02059    0.57862    1.97384 73746.00000    1.00000
   0.87796    0.56914    0.79478    0.04162    0.80425    1.98254 59398.00000    2.00000
   0.89945    0.42073    0.97346    0.14860    0.58791    1.97867 53750.00000    2.00000
   0.94600    0.92193    0.11753    0.92391    0.11351    2.17330 65673.00000    0.00000
   0.98747    0.72472    0.29913    0.94202    0.01166    2.16034 77965.00000    0.00000
   0.99634    0.51557    0.50962    0.91913    0.18623    2.15248 14272.00000    0.00000
   0.91207    0.88589    0.01984    0.97607    0.14147    2.14288 23557.00000    0.00000
   0.99786    0.65829    0.35835    0.90251    0.06922    2.13772 41266.00000    0.00000
   0.97476    0.75828    0.15409    0.93767    0.08197    2.13577 33062.00000    0.00000
   0.92632    0.59138    0.34417    0.98135    0.22653    2.13261 84986.00000    0.00000
   0.91987    0.37459    0.50706    0.99749    0.40990    2.12566 22745.00000    0.00000
   0.99015    0.49573    0.38096    0.99614    0.03703    2.12488 70923.00000    0.00000
   0.98555    0.70779    0.33610    0.78353    0.35582    2.11764 60876.00000    0.00000
   0.91207    0.88589    0.01984    0.97607    0.14147    2.14288 23557.00000    1.00000
   0.92632    0.59138    0.34417    0.98135    0.22653    2.13261 84986.00000    1.00000
   0.02845    0.92240    0.95114    0.56714    0.64505    1.85535  675.00000    0.00000
   0.02589    0.92353    0.90232    0.44282    0.84728    1.85211 92527.00000    0.00000
   0.10588    0.90376    0.94489    0.12533    0.95621    1.85131 8563.00000    0.00000
   0.05434    0.95114    0.98625    0.18143    0.76375    1.84687 73866.00000    0.00000
   0.01844    0.91140    0.88271    0.35052    0.94930    1.83858 96487.00000    0.00000
   0.22833    0.78338    0.98610    0.02579    0.98517    1.83383 75257.00000    0.00000
   0.03506    0.82599    0.99822    0.53365    0.61320    1.82735 11287.00000    0.00000
   0.01586    0.90848    0.95224    0.08863    0.94260    1.82622 26423.00000    0.00000
   0.38670    0.87658    0.90353    0.68259    0.44987    1.81529 77955.00000    0.00000
   0.19048    0.84317    0.85671    0.28234    0.98615    1.80694 29174.00000    0.00000
   0.01844    0.91140    0.88271    0.35052    0.94930    1.83858 96487.00000    1.00000
   0.01586    0.90848    0.95224    0.08863    0.94260    1.82622 26423.00000    1.00000
   0.19048    0.84317    0.85671    0.28234    0.98615    1.80694 29174.00000    1.00000
   0.94600    0.92193    0.11753    0.92391    0.11351    2.17421 65673.00000    0.00000
   0.91207    0.88589    0.01984    0.97607    0.14147    2.17319 23557.00000    0.00000
   0.76684    0.99894    0.25786    0.93922    0.10548    2.13576 48515.00000    0.00000
   0.79049    0.92156    0.02899    0.98069    0.21863    2.12718 84444.00000    0.00000
   0.94863    0.83574    0.01171    0.93199    0.11857    2.11699 73777.00000    0.00000
   0.74030    0.93507    0.19142    0.97459    0.08232    2.10362 24605.00000    0.00000
   0.84527    0.84488    0.07950    0.97406    0.04542    2.09979 12645.00000    0.00000
   0.81060    0.97937    0.31800    0.88198    0.03065    2.09558 46963.00000    0.00000
   0.97476    0.75828    0.15409    0.93767    0.08197    2.08917 33062.00000    0.00000
   0.98747    0.72472    0.29913    0.94202    0.01166    2.08257 77965.00000    0.00000
   0.91207    0.88589    0.01984    0.97607    0.14147    2.17319 23557.00000    1.00000
   0.94863    0.83574    0.01171    0.93199    0.11857    2.11699 73777.00000    1.00000
   0.84519    0.63911    0.99890    0.03660    0.57783    1.82193 72499.00000    0.00000
   0.93061    0.39495    0.98084    0.06528    0.71224    1.81048 28056.00000    0.00000
   0.97959    0.33485    0.98105    0.21051    0.62045    1.80863 12838.00000    0.00000
   0.82581    0.70499    0.86732    0.01778    0.78193    1.77856 60808.00000    0.00000
   0.85682    0.40721    0.89390    0.04498    0.92660    1.77024 68746.00000    0.00000
   0.64737    0.81285    0.99755    0.46340    0.26406    1.76897 10503.00000    0.00000
   0.71937    0.13085    0.96601    0.44091    0.93667    1.76695 4128.00000    0.00000
   0.77699    0.14239    0.98572    0.20056    0.94072    1.76683 87436.00000    0.00000
   0.82581    0.70499    0.86732    0.01778    0.78193    1.77856 60808.00000    1.00000
   0.74525    0.53155    0.95124    0.31398    0.63496    1.77091 32640.00000    1.00000
   0.89945    0.42073    0.97346    0.14860    0.58791    1.77035 53750.00000    1.00000
   0.89945    0.42073    0.97346    0.14860    0.58791    1.77035 53750.00000    2.00000
   0.84519    0.63911    0.99890    0.03660    0.57783    1.62571 72499.00000    0.00000
   0.82581    0.70499    0.86732    0.01778    0.78193    1.61284 60808.00000    0.00000
   0.63782    0.93814    0.96206    0.21303    0.34890    1.59257 94218.00000    0.00000
   0.93061    0.39495    0.98084    0.06528    0.71224    1.56938 28056.00000    0.00000
   0.61838    0.99027    0.86791    0.02333    0.45822    1.56432 72638.00000    0.00000
   0.97872    0.87857    0.65090    0.07190    0.47870    1.56200 54288.00000    0.00000
   0.82581    0.70499    0.86732    0.01778    0.78193    1.61284 60808.00000    1.00000
   0.77589    0.71229    0.99680    0.22502    0.31469    1.56503 91712.00000    1.00000
   0.61838    0.99027    0.86791    0.02333    0.45822    1.56432 72638.00000    1.00000
   0.76814    0.66590    0.94078    0.02059    0.57862    1.55770 73746.00000    1.00000
   0.71002    0.91327    0.78996    0.21763    0.55809    1.55708 53745.00000    1.00000
   0.77589    0.71229    0.99680    0.22502    0.31469    1.56503 91712.00000    2.00000
   0.69655    0.81896    0.86202    0.07900    0.60455    1.55483  956.00000    2.00000
   0.94600    0.92193    0.11753    0.92391    0.11351    2.08397 65673.00000    0.00000
   0.91207    0.88589    0.01984    0.97607    0.14147    2.05409 23557.00000    0.00000
   0.98747    0.72472    0.29913    0.94202    0.01166    2.05284 77965.00000    0.00000
   0.97476    0.75828    0.15409    0.93767    0.08197    2.03670 33062.00000    0.00000
   0.94863    0.83574    0.01171    0.93199    0.11857    2.02829 73777.00000    0.00000
   0.99836    0.71870    0.18170    0.90669    0.02380    2.01661 9987.00000    0.00000
   0.99786    0.65829    0.35835    0.90251    0.06922    2.01358 41266.00000    0.00000
   0.90796    0.95907    0.07228    0.82441    0.26670    2.00172 72416.00000    0.00000
   0.96659    0.87416    0.07720    0.82549    0.07166    1.99923 82167.00000    0.00000
   0.91207    0.88589    0.01984    0.97607    0.14147    2.05409 23557.00000    1.00000
   0.94863    0.83574    0.01171    0.93199    0.11857    2.02829 73777.00000    1.00000
   0.94580    0.69189    0.13360    0.97607    0.11388    1.99879 87221.00000    1.00000
   0.81190    0.54480    0.92654    0.90499    0.06108    2.20963 57064.00000    0.00000
   0.74904    0.82877    0.90928    0.58298    0.03117    2.19411 94427.00000    0.00000
   0.64737    0.81285    0.99755    0.46340    0.26406    2.18135 10503.00000    0.00000
   0.37908    0.98647    0.95158    0.60669    0.05273    2.15358 99481.00000    0.00000
   0.89173    0.97589    0.68038    0.56140    0.05383    2.15300 83456.00000    0.00000
   0.95741    0.86776    0.65996    0.63693    0.17329    2.14766 77589.00000    0.00000
   0.66064    0.88875    0.99422    0.32966    0.04825    2.14258 70726.00000    0.00000
   0.53766    0.99584    0.96141    0.36473    0.08726    2.14159 24381.00000    0.00000
   0.65527    0.69495    0.98442    0.62862    0.01887    2.13841 48593.00000    0.00000
   0.49911    0.95363    0.89830    0.58551    0.03202    2.13317 7214.00000    0.00000
   0.74904    0.82877    0.90928    0.58298    0.03117    2.19411 94427.00000    1.00000
   0.37908    0.98647    0.95158    0.60669    0.05273    2.15358 99481.00000    1.00000
   0.74904    0.82877    0.90928    0.58298    0.03117    2.19411 94427.00000    2.00000
   0.74904    0.82877    0.90928    0.58298    0.03117    2.19411 94427.00000    3.00000
   0.84198    0.01058    0.98816    0.17842    0.98303    2.32871 30989.00000    0.00000
   0.77699    0.14239    0.98572    0.20056    0.94072    2.26417 87436.00000    0.00000
   0.99471    0.15159    0.94897    0.04550    0.76770    2.25134 42330.00000    0.00000
   0.85682    0.40721    0.89390    0.04498    0.92660    2.24817 68746.00000    0.00000
   0.89254    0.00673    0.99201    0.32967    0.80214    2.24384 5759.00000    0.00000
   0.98074    0.00854    0.90084    0.02295    0.85179    2.23870 9481.00000    0.00000
   0.94638    0.06300    0.99117    0.14368    0.73669    2.22779 15002.00000    0.00000
   0.73014    0.19446    0.99244    0.10523    0.93025    2.22749 33991.00000    0.00000
   0.82879    0.06906    0.88290    0.35024    0.96476    2.22427 62514.00000    0.00000
   0.80610    0.14144    0.97701    0.15042    0.88254    2.22999 32830.00000    1.00000
   0.85682    0.40721    0.89390    0.04498    0.92660    1.86448 68746.00000    0.00000
   0.82581    0.70499    0.86732    0.01778    0.78193    1.82793 60808.00000    0.00000
   0.84198    0.01058    0.98816    0.17842    0.98303    1.80846 30989.00000    0.00000
   0.53840    0.48002    0.95779    0.10624    0.99429    1.79938 1805.00000    0.00000
   0.85601    0.27670    0.77884    0.00224    0.97867    1.79174 13861.00000    0.00000
   0.77699    0.14239    0.98572    0.20056    0.94072    1.78555 87436.00000    0.00000
   0.82581    0.70499    0.86732    0.01778    0.78193    1.82793 60808.00000    1.00000
   0.72063    0.33871    0.91955    0.12784    0.95618    1.79992 85156.00000    1.00000
   0.69126    0.46150    0.86733    0.08033    0.94923    1.79315 33403.00000    1.00000
   0.92641    0.30550    0.90492    0.04724    0.81861    1.78860 62073.00000    1.00000
   0.87531    0.33640    0.78976    0.03049    0.92284    1.78730 84303.00000    1.00000
   0.87531    0.33640    0.78976    0.03049    0.92284    1.78730 84303.00000    2.00000
   0.84198    0.01058    0.98816    0.17842    0.98303    2.24562 30989.00000    0.00000
   0.53840    0.48002    0.95779    0.10624    0.99429    2.23344 1805.00000    0.00000
   0.71937    0.13085    0.96601    0.44091    0.93667    2.23176 4128.00000    0.00000
   0.77699    0.14239    0.98572    0.20056    0.94072    2.22345 87436.00000    0.00000
   0.63005    0.14036    0.94842    0.34854    0.99570    2.21465 45807.00000    0.00000
   0.85682    0.40721    0.89390    0.04498    0.92660    2.20610 68746.00000    0.00000
   0.22833    0.78338    0.98610    0.02579    0.98517    2.19807 75257.00000    0.00000
   0.73014    0.19446    0.99244    0.10523    0.93025    2.19356 33991.00000    0.00000
   0.72063    0.33871    0.91955    0.12784    0.95618    2.19866 85156.00000    1.00000
   0.54403    0.39381    0.97777    0.06912    0.96747    2.19214 94485.00000    1.00000
   0.97872    0.87857    0.65090    0.07190    0.47870    2.00119 54288.00000    0.00000
   0.95741    0.86776    0.65996    0.63693    0.17329    1.94770 77589.00000    0.00000
   0.89173    0.97589    0.68038    0.56140    0.05383    1.94620 83456.00000    0.00000
   0.98509    0.78165    0.74295    0.14218    0.14079    1.92959 9751.00000    0.00000
   0.98950    0.95525    0.49916    0.14892    0.14070    1.92788 50863.00000    0.00000
   0.85241    0.93514    0.72930    0.03837    0.26670    1.92036 77372.00000    0.00000
   0.98805    0.71838    0.76943    0.20366    0.21433    1.91784 1758.00000    0.00000
   0.83309    0.86503    0.86698    0.15493    0.19362    1.91688 23745.00000    0.00000
   0.99129    0.85219    0.51102    0.10269    0.43081    1.91358 75746.00000    0.00000
   0.98950    0.95525    0.49916    0.14892    0.14070    1.92788 50863.00000    1.00000
   0.99129    0.85219    0.51102    0.10269    0.43081    1.91358 75746.00000    1.00000
   0.99129    0.85219    0.51102    0.10269    0.43081    1.91358 75746.00000    2.00000
   0.94228    0.88461    0.60459    0.12907    0.27446    1.91132 1944.00000    2.00000
   0.85621    0.64661    0.03507    0.82576    0.80437    2.17240 59765.00000    0.00000
   0.99423    0.51289    0.04778    0.71790    0.67765    2.09723 27665.00000    0.00000
   0.82228    0.50856    0.00336    0.79412    0.85483    2.09215 47164.00000    0.00000
   0.92797    0.48624    0.28181    0.55488    0.89055    2.09164 45943.00000    0.00000
   0.82367    0.40780    0.08081    0.94081    0.77055    2.08588 91466.00000    0.00000
   0.84566    0.45016    0.21825    0.59282    0.99086    2.08219 54324.00000    0.00000
   0.95191    0.29184    0.11708    0.87968    0.70216    2.07945 76854.00000    0.00000
   0.82367    0.40780    0.08081    0.94081    0.77055    2.08588 91466.00000    1.00000
   0.92968    0.51593    0.06877    0.65726    0.79811    2.08461 93795.00000    1.00000
   0.87087    0.72259    0.03807    0.74607    0.67590    2.08341 28412.00000    1.00000
   0.92622    0.46877    0.09310    0.61480    0.86334    2.08254 52901.00000    1.00000
   0.10588    0.90376    0.94489    0.12533    0.95621    2.14067 8563.00000    0.00000
   0.05434    0.95114    0.98625    0.18143    0.76375    2.12873 73866.00000    0.00000
   0.01586    0.90848    0.95224    0.08863    0.94260    2.12668 26423.00000    0.00000
   0.01844    0.91140    0.88271    0.35052    0.94930    2.10771 96487.00000    0.00000
   0.02589    0.92353    0.90232    0.44282    0.84728    2.09995 92527.00000    0.00000
   0.02457    0.91018    0.96665    0.01116    0.85294    2.08958 75187.00000    0.00000
   0.27745    0.98538    0.92602    0.00778    0.67024    2.07985 46286.00000    0.00000
   0.22833    0.78338    0.98610    0.02579    0.98517    2.07878 75257.00000    0.00000
   0.02845    0.92240    0.95114    0.56714    0.64505    2.05943  675.00000    0.00000
   0.01586    0.90848    0.95224    0.08863    0.94260    2.12668 26423.00000    1.00000
   0.01844    0.91140    0.88271    0.35052    0.94930    2.10771 96487.00000    1.00000
   0.06886    0.89266    0.88012    0.17945    0.92803    2.06392 17198.00000    2.00000
   0.27403    0.95804    0.12967    0.94476    0.98548    2.13488 55347.00000    0.00000
   0.07531    0.98688    0.26121    0.90018    0.86932    2.09924 26565.00000    0.00000
   0.06742    0.98050    0.42190    0.91025    0.72628    2.07670 61473.00000    0.00000
   0.14670    0.97101    0.51049    0.92649    0.61512    2.05621 8027.00000    0.00000
   0.11343    0.96669    0.39363    0.98150    0.60829    2.05540 98855.00000    0.00000
   0.02938    0.94773    0.10016    0.90984    0.93719    2.05375 71569.00000    0.00000
   0.01537    0.96985    0.45563    0.95536    0.56629    2.03051 4558.00000    0.00000
   0.19501    0.97266    0.24601    0.98863    0.60281    2.02829 71585.00000    0.00000
   0.20390    0.99515    0.28492    0.88252    0.69195    2.02489 89014.00000    0.00000
   0.20482    0.99607    0.27491    0.94810    0.58392    2.02058 22087.00000    0.00000
   0.11343    0.96669    0.39363    0.98150    0.60829    2.05540 98855.00000    1.00000
   0.22833    0.78338    0.98610    0.02579    0.98517    2.17067 75257.00000    0.00000
   0.13958    0.71482    0.98411    0.09256    0.98973    2.14268 36631.00000    0.00000
   0.10588    0.90376    0.94489    0.12533    0.95621    2.13772 8563.00000    0.00000
   0.01586    0.90848    0.95224    0.08863    0.94260    2.11341 26423.00000    0.00000
   0.53840    0.48002    0.95779    0.10624    0.99429    2.11166 1805.00000    0.00000
   0.08833    0.54353    0.96218    0.48161    0.98095    2.09712 65861.00000    0.00000
   0.19048    0.84317    0.85671    0.28234    0.98615    2.09462 29174.00000    0.00000
   0.08638    0.68941    0.99688    0.06167    0.94697    2.09366 13873.00000    0.00000
   0.40271    0.54896    0.99161    0.14411    0.93210    2.09253 28790.00000    0.00000
   0.03954    0.47756    0.97583    0.45009    0.99966    2.09200 75026.00000    0.00000
   0.01586    0.90848    0.95224    0.08863    0.94260    2.11341 26423.00000    1.00000
   0.19048    0.84317    0.85671    0.28234    0.98615    2.09462 29174.00000    1.00000
   0.84198    0.01058    0.98816    0.17842    0.98303    2.38162 30989.00000    0.00000
   0.89254    0.00673    0.99201    0.32967    0.80214    2.33865 5759.00000    0.00000
   0.99471    0.15159    0.94897    0.04550    0.76770    2.31586 42330.00000    0.00000
   0.77699    0.14239    0.98572    0.20056    0.94072    2.31205 87436.00000    0.00000
   0.94638    0.06300    0.99117    0.14368    0.73669    2.30529 15002.00000    0.00000
   0.82879    0.06906    0.88290    0.35024    0.96476    2.30093 62514.00000    0.00000
   0.98074    0.00854    0.90084    0.02295    0.85179    2.29588 9481.00000    0.00000
   0.71937    0.13085    0.96601    0.44091    0.93667    2.29160 4128.00000    0.00000
   0.97959    0.33485    0.98105    0.21051    0.62045    2.28733 12838.00000    0.00000
   0.93061    0.39495    0.98084    0.06528    0.71224    2.28145 28056.00000    0.00000
   0.82581    0.70499    0.86732    0.01778    0.78193    2.25853 60808.00000    0.00000
   0.85682    0.40721    0.89390    0.04498    0.92660    2.22131 68746.00000    0.00000
   0.22833    0.78338    0.98610    0.02579    0.98517    2.21143 75257.00000    0.00000
   0.39809    0.98689    0.66870    0.12329    0.98320    2.20378 90505.00000    0.00000
   0.53840    0.48002    0.95779    0.10624    0.99429    2.20203 1805.00000    0.00000
   0.65483    0.84681    0.59667    0.29839    0.90927    2.19628 10847.00000    0.00000
   0.19048    0.84317    0.85671    0.28234    0.98615    2.19093 29174.00000    0.00000
   0.84519    0.63911    0.99890    0.03660    0.57783    2.18927 72499.00000    0.00000
   0.10588    0.90376    0.94489    0.12533    0.95621    2.18872 8563.00000    0.00000
   0.62618    0.56192    0.90055    0.27982    0.83591    2.18799 28234.00000    0.00000
   0.82581    0.70499    0.86732    0.01778    0.78193    2.25853 60808.00000    1.00000
   0.39809    0.98689    0.66870    0.12329    0.98320    2.20378 90505.00000    1.00000
   0.19048    0.84317    0.85671    0.28234    0.98615    2.19093 29174.00000    1.00000
   0.23860    0.24139    0.98615    0.94521    0.63002    1.97290 76761.00000    0.00000
   0.09151    0.34518    0.82881    0.98035    0.72229    1.96209 82332.00000    0.00000
   0.09735    0.30574    0.87439    0.96214    0.68741    1.94987 51839.00000    0.00000
   0.00572    0.44471    0.60055    0.95271    0.93545    1.92425 68592.00000    0.00000
   0.40706    0.18317    0.73589    0.96622    0.79042    1.92415 5395.00000    0.00000
   0.34319    0.18462    0.99820    0.94164    0.54441    1.92183 87615.00000    0.00000
   0.04856    0.51444    0.93182    0.85688    0.69297    1.91905 31676.00000    0.00000
   0.01520    0.42612    0.70715    0.96769    0.78620    1.91442 95683.00000    0.00000
   0.11682    0.17911    0.94367    0.82780    0.77363    1.91390 80764.00000    0.00000
   0.23860    0.24139    0.98615    0.94521    0.63002    1.97290 76761.00000    1.00000
   0.09151    0.34518    0.82881    0.98035    0.72229    1.96209 82332.00000    1.00000
   0.00572    0.44471    0.60055    0.95271    0.93545    1.92425 68592.00000    1.00000
   0.01520    0.42612    0.70715    0.96769    0.78620    1.91442 95683.00000    1.00000
   0.23860    0.24139    0.98615    0.94521    0.63002    1.97290 76761.00000    2.00000
   0.00572    0.44471    0.60055    0.95271    0.93545    1.92425 68592.00000    2.00000
   0.26150    0.20416    0.88552    0.83523    0.80705    1.91210 47743.00000    2.00000
   0.26150    0.20416    0.88552    0.83523    0.80705    1.91210 47743.00000    3.00000
   0.97872    0.87857    0.65090    0.07190    0.47870    2.25462 54288.00000    0.00000
   0.95741    0.86776    0.65996    0.63693    0.17329    2.21054 77589.00000    0.00000
   0.73044    0.97342    0.59136    0.04044    0.76023    2.18901  808.00000    0.00000
   0.82581    0.70499    0.86732    0.01778    0.78193    2.17954 60808.00000    0.00000
   0.95829    0.99409    0.27761    0.36130    0.35475    2.17581 47734.00000    0.00000
   0.89173    0.97589    0.68038    0.56140    0.05383    2.17400 83456.00000    0.00000
   0.68380    0.99008    0.70348    0.45253    0.49186    2.17192 76132.00000    0.00000
   0.94716    0.98109    0.41974    0.52196    0.18184    2.17047 52733.00000    0.00000
   0.82581    0.70499    0.86732    0.01778    0.78193    2.17954 60808.00000    1.00000
   0.87914    0.76769    0.66251    0.04005    0.72554    2.17478 21545.00000    1.00000
   0.97230    0.84452    0.45881    0.47123    0.36819    2.17176 72721.00000    1.00000
   0.94716    0.98109    0.41974    0.52196    0.18184    2.17047 52733.00000    1.00000
   0.97230    0.84452    0.45881    0.47123    0.36819    2.17176 72721.00000    2.00000
   0.94716    0.98109    0.41974    0.52196    0.18184    2.17047 52733.00000    2.00000
   0.84198    0.01058    0.98816    0.17842    0.98303    1.79562 30989.00000    0.00000
   0.77699    0.14239    0.98572    0.20056    0.94072    1.75555 87436.00000    0.00000
   0.73014    0.19446    0.99244    0.10523    0.93025    1.73769 33991.00000    0.00000
   0.71937    0.13085    0.96601    0.44091    0.93667    1.72508 4128.00000    0.00000
   0.85682    0.40721    0.89390    0.04498    0.92660    1.72364 68746.00000    0.00000
   0.63005    0.14036    0.94842    0.34854    0.99570    1.71568 45807.00000    0.00000
   0.53840    0.48002    0.95779    0.10624    0.99429    1.71432 1805.00000    0.00000
   0.80610    0.14144    0.97701    0.15042    0.88254    1.71666 32830.00000    1.00000
   0.61909    0.12396    0.98372    0.19556    0.97225    1.71499 33355.00000    1.00000
   0.64153    0.25877    0.96020    0.10520    0.97011    1.71361 3419.00000    1.00000
   0.27403    0.95804    0.12967    0.94476    0.98548    2.16950 55347.00000    0.00000
   0.65483    0.84681    0.59667    0.29839    0.90927    2.10803 10847.00000    0.00000
   0.19048    0.84317    0.85671    0.28234    0.98615    2.10131 29174.00000    0.00000
   0.13699    0.93096    0.57145    0.51186    0.98636    2.09495 67192.00000    0.00000
   0.03186    0.74711    0.84628    0.47774    0.99215    2.08751 68470.00000    0.00000
   0.53849    0.56056    0.54174    0.56992    0.98328    2.08487 98335.00000    0.00000
   0.01844    0.91140    0.88271    0.35052    0.94930    2.08306 96487.00000    0.00000
   0.01406    0.60046    0.64835    0.86578    0.95897    2.07936 59364.00000    0.00000
   0.56744    0.33154    0.61158    0.94897    0.80612    2.07537 86163.00000    0.00000
   0.19048    0.84317    0.85671    0.28234    0.98615    2.10131 29174.00000    1.00000
   0.54669    0.73144    0.25679    0.73907    0.95597    2.09453 11807.00000    1.00000
   0.01844    0.91140    0.88271    0.35052    0.94930    2.08306 96487.00000    1.00000
   0.39809    0.98689    0.66870    0.12329    0.98320    2.27962 90505.00000    0.00000
   0.10588    0.90376    0.94489    0.12533    0.95621    2.25936 8563.00000    0.00000
   0.22833    0.78338    0.98610    0.02579    0.98517    2.23435 75257.00000    0.00000
   0.01586    0.90848    0.95224    0.08863    0.94260    2.22290 26423.00000    0.00000
   0.19048    0.84317    0.85671    0.28234    0.98615    2.20562 29174.00000    0.00000
   0.01844    0.91140    0.88271    0.35052    0.94930    2.20052 96487.00000    0.00000
   0.15909    0.99483    0.66541    0.02130    0.99389    2.19770 91744.00000    0.00000
   0.17728    0.99696    0.68835    0.07676    0.94179    2.18650 4328.00000    0.00000
   0.39809    0.98689    0.66870    0.12329    0.98320    2.27962 90505.00000    1.00000
   0.01586    0.90848    0.95224    0.08863    0.94260    2.22290 26423.00000    1.00000
   0.19048    0.84317    0.85671    0.28234    0.98615    2.20562 29174.00000    1.00000
   0.01844    0.91140    0.88271    0.35052    0.94930    2.20052 96487.00000    1.00000
   0.15909    0.99483    0.66541    0.02130    0.99389    2.19770 91744.00000    1.00000
   0.06886    0.89266    0.88012    0.17945    0.92803    2.17339 17198.00000    2.00000
   0.27403    0.95804    0.12967    0.94476    0.98548    1.85831 55347.00000    0.00000
   0.07531    0.98688    0.26121    0.90018    0.86932    1.76361 26565.00000    0.00000
   0.02938    0.94773    0.10016    0.90984    0.93719    1.76266 71569.00000    0.00000
   0.01369    0.83435    0.11175    0.94871    0.93666    1.72027 12114.00000    0.00000
   0.28214    0.90289    0.01638    0.86718    0.89550    1.70951 59985.00000    0.00000
   0.28327    0.97735    0.00420    0.83068    0.85851    1.70697 9779.00000    0.00000
   0.00733    0.85463    0.33766    0.93975    0.86439    1.70658 5625.00000    0.00000
   0.24268    0.90194    0.07227    0.87505    0.93955    1.73882 39490.00000    1.00000
   0.14263    0.90648    0.05463    0.86083    0.94997    1.72132 85516.00000    1.00000
   0.11367    0.94984    0.14072    0.87346    0.86236    1.71205 67146.00000    1.00000
   0.28214    0.90289    0.01638    0.86718    0.89550    1.70951 59985.00000    1.00000
   0.24268    0.90194    0.07227    0.87505    0.93955    1.73882 39490.00000    2.00000
