   0.95530    0.64431    0.96573    0.95959    0.89589    2.29754  783.00000    0.00000
   0.73040    0.91420    0.89301    0.78925    0.87061    2.25670  778.00000    0.00000
   0.87355    0.82965    0.89205    0.71249    0.84004    2.17808  475.00000    0.00000
   0.62687    0.80911    0.68333    0.75950    0.97927    2.16723  625.00000    0.00000
   0.95351    0.69147    0.48908    0.93865    0.87050    2.13996  740.00000    0.00000
   0.25638    0.90021    0.88040    0.96786    0.79612    2.13819  961.00000    0.00000
   0.38049    0.90557    0.98511    0.65585    0.91315    2.13543  348.00000    0.00000
   0.33759    0.86309    0.95340    0.72785    0.92111    2.13309  610.00000    0.00000
   0.66257    0.82529    0.67144    0.96714    0.77516    2.12946  736.00000    0.00000
   0.73908    0.77253    0.84386    0.70143    0.93489    2.15991   28.00000    1.00000
