7
540
0.917830 0.285709 0.235528 0.037231 0.092269 0.022662 0.100362
0.907289 0.274390 0.243679 0.040057 0.170909 0.038054 0.099475
0.857443 0.364077 0.245476 0.098949 0.236167 0.030340 0.074126
0.879202 0.306564 0.218515 0.115042 0.244865 0.064912 0.088691
0.934618 0.245303 0.222006 0.035631 0.090447 0.041112 0.076743
0.871533 0.213437 0.266796 0.106718 0.266796 0.053359 0.195650
0.732528 0.506551 0.393270 0.116492 0.185395 0.044378 0.047298
0.865060 0.352388 0.238327 0.088247 0.232924 0.029416 0.088247
0.943363 0.167513 0.193963 0.079348 0.096981 0.105798 0.132247
0.869625 0.328100 0.289875 0.066894 0.149716 0.028669 0.156087
0.895451 0.278316 0.251521 0.034573 0.226888 0.036302 0.058775
0.842489 0.383097 0.327905 0.061685 0.150966 0.040582 0.087658
0.914479 0.270460 0.202498 0.067499 0.183081 0.093390 0.052705
0.893842 0.319711 0.248721 0.048190 0.171514 0.031090 0.065289
0.842484 0.365076 0.252745 0.168497 0.252745 0.000000 0.028083
0.716899 0.523888 0.364693 0.166739 0.195873 0.093904 0.060088
0.811379 0.409096 0.378925 0.062613 0.146963 0.033415 0.063911
0.925165 0.273614 0.216143 0.038731 0.114943 0.034358 0.081210
0.968079 0.152855 0.130563 0.019107 0.079612 0.111456 0.057320
0.903526 0.311396 0.259231 0.035440 0.117072 0.041811 0.052563
0.877743 0.336157 0.292581 0.018675 0.093377 0.056026 0.136953
0.919616 0.253801 0.260393 0.039553 0.125252 0.059330 0.036257
0.947724 0.114560 0.114560 0.067695 0.244742 0.015622 0.104145
0.866199 0.376993 0.265765 0.093018 0.078745 0.141249 0.046263
0.895074 0.324230 0.269148 0.027541 0.120178 0.038807 0.067600
0.924013 0.226791 0.248823 0.032399 0.160698 0.049246 0.059614
0.957661 0.176608 0.146758 0.064673 0.074623 0.116909 0.082085
0.861761 0.409336 0.226212 0.107720 0.086176 0.053860 0.129264
0.883945 0.262204 0.280082 0.035258 0.178775 0.186721 0.058102
0.808261 0.403878 0.347910 0.051430 0.101348 0.218831 0.041850
0.799488 0.440720 0.366659 0.095004 0.142050 0.046136 0.028531
0.839289 0.396652 0.321576 0.070697 0.127942 0.103543 0.052553
0.874464 0.326655 0.286927 0.057385 0.135076 0.154058 0.031783
0.907888 0.301321 0.257153 0.043186 0.078520 0.053001 0.089317
0.875112 0.284043 0.262828 0.045966 0.255757 0.054805 0.117860
0.840370 0.392705 0.317546 0.094418 0.116496 0.107101 0.069052
0.770067 0.480354 0.383870 0.095191 0.093898 0.096485 0.041388
0.901333 0.303021 0.275193 0.051019 0.109768 0.047927 0.055657
0.773320 0.456600 0.377537 0.074385 0.193681 0.057543 0.067835
0.838238 0.418043 0.328493 0.070176 0.064579 0.063718 0.039178
0.892845 0.289154 0.204173 0.048560 0.228454 0.112571 0.101535
0.906340 0.270906 0.254970 0.065735 0.143421 0.097606 0.075694
0.927667 0.238082 0.217009 0.022867 0.161860 0.058287 0.074429
0.869155 0.364949 0.292920 0.039216 0.122450 0.059224 0.074430
0.867702 0.348120 0.309151 0.044164 0.116906 0.083133 0.088329
0.889697 0.273990 0.193948 0.093895 0.277068 0.052335 0.086199
0.907314 0.307698 0.205132 0.102566 0.149904 0.063117 0.055228
0.885415 0.277173 0.208472 0.092983 0.277173 0.039089 0.093576
0.898601 0.297567 0.243166 0.029495 0.179589 0.056367 0.092416
0.871826 0.292777 0.206571 0.102472 0.265126 0.021145 0.174040
0.823988 0.396249 0.375256 0.102342 0.086597 0.052483 0.049859
0.798949 0.451775 0.340293 0.109417 0.097718 0.127309 0.063654
0.987403 0.065827 0.109711 0.043885 0.021942 0.065827 0.043885
0.864653 0.364546 0.306902 0.047307 0.088652 0.102566 0.068377
0.858125 0.397370 0.296722 0.071394 0.094032 0.041444 0.044926
0.908799 0.151467 0.105185 0.008415 0.328178 0.063111 0.168296
0.920013 0.217898 0.145265 0.145265 0.242109 0.000000 0.072633
0.722626 0.521530 0.408390 0.127477 0.094542 0.098029 0.065094
0.869744 0.321460 0.257619 0.069850 0.238842 0.061588 0.090129
0.577350 0.000000 0.577350 0.000000 0.577350 0.000000 0.000000
0.839761 0.384427 0.366260 0.048053 0.067978 0.055086 0.053913
0.854050 0.235600 0.323950 0.058900 0.323950 0.029450 0.029450
0.910854 0.286527 0.238270 0.067862 0.116119 0.049011 0.104808
0.861755 0.375067 0.301854 0.051009 0.093617 0.091216 0.076814
0.865362 0.343398 0.315926 0.050365 0.077837 0.091573 0.128202
0.882498 0.337227 0.289910 0.062338 0.096512 0.050697 0.087499
0.733862 0.536137 0.387844 0.087455 0.079850 0.095060 0.022814
0.769800 0.577350 0.192450 0.000000 0.000000 0.192450 0.000000
0.827810 0.359917 0.417504 0.014397 0.050388 0.079182 0.043190
0.842145 0.397984 0.314239 0.091180 0.135401 0.044612 0.070831
0.938247 0.215999 0.229499 0.013500 0.101250 0.087750 0.047250
0.934685 0.150756 0.211058 0.000000 0.150756 0.060302 0.180907
0.914944 0.255854 0.241706 0.028297 0.168604 0.029476 0.094324
0.940721 0.000000 0.188144 0.000000 0.282216 0.000000 0.000000
0.889567 0.271812 0.259457 0.111196 0.210037 0.074131 0.074131
0.885567 0.356886 0.279168 0.025054 0.078740 0.048573 0.035791
0.779085 0.457527 0.381107 0.056571 0.070465 0.168719 0.042676
0.837405 0.390631 0.327371 0.098053 0.151824 0.052980 0.059306
0.784571 0.473861 0.333914 0.154086 0.113843 0.104416 0.028279
0.812601 0.409155 0.376803 0.078025 0.078025 0.112280 0.074219
0.914330 0.222174 0.264899 0.051271 0.187993 0.042726 0.068361
0.931465 0.259873 0.188535 0.030573 0.085605 0.119236 0.082548
0.874666 0.352998 0.283964 0.069034 0.137712 0.057647 0.051597
0.864770 0.352466 0.280743 0.104510 0.092215 0.155741 0.073772
0.804329 0.405723 0.267319 0.101629 0.317144 0.026890 0.073157
0.843865 0.380513 0.303869 0.095225 0.185418 0.056903 0.063871
0.911151 0.277963 0.251321 0.032858 0.131433 0.061276 0.085254
0.901974 0.258170 0.247368 0.096138 0.149069 0.125304 0.106941
0.935744 0.223113 0.193143 0.049951 0.108227 0.124877 0.086581
0.864501 0.350473 0.241827 0.080609 0.233649 0.059580 0.081777
0.832450 0.379571 0.314816 0.100594 0.207705 0.070050 0.075344
0.880707 0.311138 0.258431 0.035704 0.215926 0.045906 0.103713
0.883464 0.315212 0.275422 0.085797 0.097610 0.122479 0.111288
0.896766 0.233736 0.145695 0.073237 0.325672 0.041293 0.082587
0.908521 0.285801 0.244363 0.044148 0.154131 0.061962 0.060413
0.867516 0.315874 0.270992 0.089763 0.224407 0.047154 0.116464
0.883563 0.334600 0.300593 0.035828 0.077122 0.066799 0.072871
0.778498 0.463470 0.393372 0.078345 0.089478 0.091127 0.044120
0.910024 0.284383 0.255944 0.028438 0.099534 0.042657 0.113753
0.947163 0.177112 0.161711 0.046203 0.107807 0.015401 0.177112
0.844268 0.367505 0.257774 0.087974 0.255882 0.046352 0.101691
0.905515 0.253024 0.250425 0.036394 0.191501 0.045059 0.115247
0.926298 0.194908 0.191049 0.077191 0.206487 0.108068 0.084911
0.867375 0.367495 0.274225 0.061894 0.076508 0.158173 0.052008
0.861386 0.356040 0.218218 0.149307 0.229703 0.045941 0.080396
0.799906 0.439627 0.360280 0.141538 0.057902 0.105082 0.051469
0.920826 0.272906 0.241346 0.027229 0.099632 0.056314 0.074260
0.867771 0.365871 0.295511 0.029317 0.096158 0.104367 0.069187
0.925729 0.146168 0.341058 0.048723 0.048723 0.024361 0.000000
0.816119 0.375227 0.253278 0.178233 0.281420 0.056284 0.121949
0.927634 0.115954 0.115954 0.000000 0.260897 0.057977 0.202920
0.717351 0.499709 0.356817 0.162715 0.254810 0.106136 0.075576
0.872846 0.347828 0.288191 0.046883 0.149266 0.053777 0.082045
0.851579 0.383734 0.320553 0.052327 0.125586 0.045350 0.065118
0.924473 0.239569 0.201356 0.051441 0.186658 0.036744 0.092594
0.824167 0.409840 0.369953 0.056341 0.049360 0.092239 0.042380
0.760096 0.473267 0.387219 0.014341 0.057366 0.186439 0.100390
0.886503 0.327879 0.284614 0.062776 0.116645 0.041992 0.079319
0.924866 0.246907 0.215526 0.030789 0.176447 0.028421 0.065723
0.696297 0.574627 0.368854 0.128928 0.111425 0.132343 0.048668
0.867365 0.375930 0.307482 0.034224 0.067913 0.025668 0.073261
0.701043 0.542428 0.375843 0.153731 0.213886 0.044731 0.040875
0.871042 0.332529 0.244778 0.052650 0.230923 0.036948 0.115462
0.879029 0.247395 0.174491 0.066331 0.343604 0.023903 0.112344
0.853140 0.341367 0.263909 0.047581 0.270548 0.049794 0.089629
0.892659 0.306314 0.261833 0.056613 0.175903 0.038416 0.071777
0.897865 0.299288 0.252358 0.081463 0.088547 0.144331 0.072608
0.929087 0.214003 0.198344 0.035232 0.083513 0.189210 0.087428
0.974391 0.149906 0.149906 0.000000 0.000000 0.074953 0.000000
0.742250 0.503777 0.386868 0.153050 0.086244 0.114171 0.041343
0.830835 0.363222 0.251682 0.094381 0.301732 0.027170 0.117261
0.876104 0.308904 0.255010 0.067039 0.236607 0.046664 0.096615
0.843044 0.368146 0.306362 0.097977 0.094687 0.191568 0.067999
0.857658 0.356624 0.336371 0.055475 0.114472 0.069564 0.055475
0.875047 0.335988 0.297221 0.042460 0.155072 0.057229 0.062767
0.891789 0.242566 0.335312 0.057074 0.128418 0.071343 0.092746
0.688247 0.458831 0.458831 0.000000 0.229416 0.000000 0.229416
0.800755 0.436408 0.361990 0.091255 0.103378 0.120888 0.060612
0.910551 0.221134 0.312189 0.000000 0.039024 0.130079 0.078047
0.796269 0.355212 0.267243 0.119820 0.378266 0.071892 0.075835
0.940561 0.208404 0.167272 0.047988 0.128882 0.106944 0.116542
0.821440 0.376516 0.358741 0.061945 0.119042 0.166981 0.094264
0.712763 0.549364 0.374622 0.123852 0.142246 0.112203 0.040773
0.970495 0.000000 0.215666 0.000000 0.107833 0.000000 0.000000
0.820850 0.376743 0.364268 0.072355 0.202094 0.049900 0.054890
0.872600 0.369391 0.299275 0.033348 0.093203 0.033775 0.040188
0.691901 0.522907 0.382138 0.168995 0.249692 0.072013 0.075631
0.915594 0.292259 0.219194 0.066215 0.127863 0.040528 0.076490
0.886671 0.290797 0.290797 0.037648 0.123329 0.136311 0.097365
0.897448 0.266466 0.291844 0.056523 0.096897 0.115353 0.111893
0.883883 0.353553 0.176777 0.000000 0.176777 0.000000 0.176777
0.761576 0.478651 0.383395 0.099048 0.125587 0.127482 0.045496
0.832538 0.403870 0.308216 0.109824 0.092111 0.152337 0.070854
0.843491 0.343983 0.270795 0.093315 0.279944 0.032935 0.093315
0.850545 0.372928 0.277326 0.084936 0.218068 0.040295 0.064788
0.825847 0.336238 0.412924 0.070787 0.106180 0.117978 0.064888
0.903118 0.284709 0.198741 0.074875 0.215380 0.050841 0.096135
0.852640 0.352924 0.344804 0.027484 0.097445 0.126803 0.056843
0.942040 0.233349 0.208656 0.012347 0.058029 0.023458 0.102476
0.889678 0.326709 0.284603 0.040156 0.097077 0.078363 0.059650
0.916677 0.251677 0.247585 0.030692 0.153462 0.053200 0.087985
0.892095 0.326376 0.292268 0.042341 0.064687 0.047045 0.063511
0.809279 0.446271 0.353316 0.076214 0.079298 0.072690 0.060795
0.851529 0.354734 0.334979 0.081959 0.085741 0.134496 0.068509
0.923182 0.193890 0.189484 0.033049 0.126690 0.213720 0.106860
0.880908 0.334618 0.268709 0.024082 0.171112 0.048165 0.087457
0.834511 0.329846 0.366129 0.069268 0.141834 0.174819 0.072566
0.839295 0.401511 0.320208 0.108821 0.126332 0.051283 0.037524
0.860851 0.359104 0.339153 0.040898 0.091771 0.057856 0.038903
0.800915 0.418418 0.343582 0.112088 0.196903 0.101445 0.061532
0.829204 0.354654 0.286926 0.095642 0.283266 0.108913 0.055372
0.802437 0.426967 0.350047 0.094519 0.189691 0.047586 0.063882
0.782479 0.469325 0.362414 0.111512 0.120985 0.071184 0.063064
0.932274 0.245554 0.199773 0.087401 0.066591 0.029134 0.133182
0.692647 0.588750 0.398272 0.000000 0.051949 0.069265 0.086581
0.888894 0.325754 0.240321 0.060325 0.190431 0.032282 0.071085
0.854066 0.378708 0.304413 0.086130 0.093362 0.107169 0.082842
0.851640 0.354538 0.208220 0.140221 0.281848 0.037517 0.071752
0.797685 0.427048 0.361445 0.094017 0.190960 0.056828 0.046382
0.799986 0.461644 0.360253 0.089506 0.063137 0.057195 0.043082
0.879723 0.292534 0.237419 0.069106 0.264129 0.064018 0.074194
0.935654 0.243270 0.196933 0.052575 0.107823 0.052575 0.097130
0.871366 0.360821 0.241252 0.126975 0.168771 0.030157 0.082534
0.878997 0.322716 0.262761 0.098014 0.089672 0.178302 0.068818
0.838078 0.311843 0.399549 0.107196 0.097451 0.116941 0.077961
0.898242 0.300919 0.281359 0.032600 0.124881 0.055168 0.061187
0.875770 0.296008 0.237036 0.066248 0.204870 0.194530 0.070843
0.811639 0.434214 0.360826 0.052420 0.116198 0.021842 0.076009
0.862417 0.318233 0.272931 0.062081 0.259508 0.044184 0.085571
0.853563 0.395030 0.288568 0.109264 0.114867 0.046227 0.069574
0.753334 0.474945 0.380874 0.126193 0.163669 0.127723 0.053154
0.828562 0.355098 0.325506 0.000000 0.147957 0.236732 0.059183
0.811224 0.428636 0.368386 0.077034 0.096400 0.066705 0.052934
0.669625 0.575127 0.380356 0.190834 0.102111 0.165372 0.044362
0.922536 0.280994 0.216767 0.043061 0.118236 0.038682 0.075175
0.767269 0.496084 0.325184 0.131735 0.181581 0.043912 0.084856
0.856298 0.380222 0.290119 0.108635 0.081157 0.097132 0.100966
0.835156 0.424102 0.329133 0.058722 0.063797 0.070321 0.043135
0.872819 0.373876 0.274441 0.045961 0.114903 0.056567 0.067616
0.800129 0.445649 0.366176 0.064778 0.131056 0.057580 0.049183
0.918398 0.236497 0.271972 0.067008 0.094599 0.043358 0.106424
0.870708 0.349990 0.281700 0.104406 0.086020 0.116226 0.090617
0.867611 0.343429 0.280166 0.085857 0.137824 0.124267 0.094895
0.903123 0.306604 0.231808 0.058106 0.162575 0.049452 0.066142
0.961197 0.106800 0.200249 0.026700 0.133500 0.066750 0.040050
0.927683 0.205307 0.250931 0.022812 0.167287 0.045624 0.060832
0.845154 0.338062 0.338062 0.000000 0.169031 0.000000 0.169031
0.889001 0.381000 0.254000 0.000000 0.000000 0.000000 0.000000
0.919422 0.260260 0.265124 0.024323 0.092429 0.053511 0.068105
0.888410 0.299895 0.226387 0.071253 0.231347 0.051411 0.091096
0.908773 0.269023 0.246058 0.039369 0.177162 0.039369 0.082019
0.803831 0.399480 0.266320 0.146151 0.297174 0.053589 0.103930
0.853761 0.372007 0.317906 0.054101 0.144784 0.054616 0.069043
0.885434 0.295145 0.265630 0.066408 0.151262 0.059029 0.166019
0.807790 0.430635 0.372365 0.032328 0.122525 0.061861 0.059068
0.843857 0.378511 0.266071 0.119120 0.195935 0.050097 0.136932
0.895457 0.329619 0.253515 0.069185 0.089447 0.091918 0.063255
0.937452 0.145380 0.205538 0.030079 0.180472 0.110289 0.110289
0.954304 0.160725 0.190861 0.070317 0.070317 0.110498 0.070317
0.813567 0.427213 0.345773 0.066153 0.101453 0.135085 0.055868
0.877534 0.339390 0.302972 0.063539 0.112743 0.059277 0.051916
0.898017 0.278695 0.304500 0.067093 0.123864 0.025805 0.051610
0.821312 0.404667 0.309703 0.135174 0.196345 0.071437 0.062026
0.848986 0.353934 0.274270 0.063731 0.240129 0.069421 0.110391
0.806259 0.440050 0.374691 0.064361 0.082322 0.047398 0.052387
0.949425 0.118678 0.118678 0.237356 0.000000 0.118678 0.000000
0.858156 0.349368 0.283791 0.045226 0.199747 0.127762 0.052009
0.879324 0.331656 0.281471 0.067640 0.165828 0.054549 0.050185
0.773184 0.422850 0.285981 0.182701 0.317687 0.032962 0.078794
0.955529 0.154714 0.177094 0.019461 0.156660 0.019461 0.079790
0.839546 0.354475 0.373132 0.037313 0.093283 0.055970 0.130596
0.641689 0.550019 0.458349 0.000000 0.275010 0.000000 0.000000
0.840207 0.384978 0.314727 0.047370 0.191887 0.024889 0.084302
0.936037 0.221602 0.184668 0.050207 0.141964 0.121189 0.057132
0.849479 0.368484 0.301175 0.066327 0.198982 0.044218 0.077136
0.891845 0.325188 0.248388 0.028713 0.119005 0.135610 0.061578
0.899359 0.337260 0.238892 0.042157 0.084315 0.098367 0.042157
0.831777 0.399674 0.320497 0.118765 0.132242 0.096865 0.068648
0.715300 0.543050 0.402657 0.096682 0.084088 0.113352 0.045192
0.916005 0.247800 0.247800 0.042724 0.169188 0.030761 0.082030
0.942526 0.211606 0.201442 0.043430 0.126594 0.052671 0.074848
0.896353 0.269832 0.256514 0.043428 0.110597 0.201506 0.056746
0.935414 0.213809 0.240535 0.053452 0.080178 0.026726 0.106904
0.939034 0.187807 0.211283 0.023476 0.140855 0.105641 0.082166
0.800214 0.413382 0.380704 0.113966 0.143377 0.048609 0.089049
0.917014 0.275835 0.255132 0.021921 0.113866 0.045059 0.049321
0.791321 0.432229 0.380177 0.088291 0.082361 0.156815 0.057323
0.711637 0.529377 0.371575 0.124877 0.166738 0.175675 0.031748
0.808940 0.395639 0.377976 0.098910 0.105975 0.148365 0.056520
0.797823 0.415396 0.342866 0.059342 0.235721 0.049452 0.108794
0.959122 0.176526 0.158873 0.041189 0.100031 0.088263 0.064726
0.868956 0.309433 0.305194 0.042388 0.131403 0.186508 0.046627
0.878058 0.332176 0.264037 0.044135 0.190478 0.032521 0.098336
0.892075 0.260538 0.198070 0.064754 0.251396 0.089893 0.147029
0.817348 0.358632 0.350292 0.041701 0.258549 0.016681 0.108424
0.888757 0.303613 0.215289 0.110405 0.187688 0.044162 0.149046
0.865235 0.350904 0.273420 0.072140 0.159421 0.124687 0.085499
0.907531 0.280167 0.271130 0.033891 0.129540 0.062510 0.050460
0.912465 0.267657 0.255490 0.000000 0.133828 0.085163 0.072997
0.904444 0.286041 0.267417 0.069242 0.120338 0.053483 0.080703
0.870700 0.357700 0.301690 0.054737 0.105231 0.070012 0.062799
0.924949 0.250844 0.229059 0.036102 0.134447 0.037969 0.090877
0.776277 0.440092 0.320933 0.099458 0.255158 0.145532 0.067364
0.915485 0.257159 0.226300 0.051432 0.144009 0.020573 0.144009
0.931135 0.231834 0.201429 0.091213 0.144421 0.034205 0.091213
0.851673 0.348198 0.319965 0.089402 0.178804 0.018821 0.103518
0.923640 0.261918 0.206513 0.050999 0.083109 0.146070 0.069257
0.826930 0.316239 0.197180 0.106436 0.399478 0.039914 0.069252
0.914849 0.268659 0.250031 0.038912 0.108871 0.107629 0.058368
0.838586 0.398957 0.327208 0.088657 0.131615 0.058952 0.043415
0.777106 0.424648 0.302774 0.078135 0.331225 0.044588 0.079409
0.885857 0.337873 0.281561 0.046019 0.106569 0.075083 0.052074
0.887436 0.326672 0.268629 0.082028 0.144868 0.034058 0.068596
0.812215 0.418799 0.373111 0.091374 0.110411 0.058378 0.041880
0.905783 0.289910 0.232079 0.044313 0.175749 0.038304 0.085621
0.893869 0.256987 0.312854 0.044693 0.122907 0.044693 0.134080
0.854546 0.351255 0.327663 0.028834 0.167764 0.068154 0.073397
0.877106 0.374470 0.269707 0.040122 0.091946 0.049038 0.072442
0.867534 0.297494 0.242610 0.046152 0.294375 0.054260 0.091057
0.813598 0.420862 0.352074 0.070482 0.163668 0.047779 0.054217
0.707107 0.000000 0.707107 0.000000 0.000000 0.000000 0.000000
0.847573 0.357485 0.313055 0.080656 0.196856 0.049214 0.090226
0.814628 0.427815 0.344571 0.086143 0.134184 0.077031 0.057152
0.910350 0.271343 0.257247 0.043462 0.108067 0.115115 0.068129
0.836534 0.354039 0.297643 0.073628 0.267879 0.064228 0.070494
0.759687 0.464382 0.411111 0.123912 0.108858 0.083380 0.063693
0.931240 0.197889 0.273552 0.017461 0.093124 0.064023 0.075663
0.895707 0.304423 0.265395 0.031223 0.160017 0.017563 0.087814
0.882636 0.348851 0.288481 0.047380 0.085589 0.068777 0.041648
0.862137 0.343574 0.324368 0.061886 0.151514 0.061886 0.053350
0.817498 0.397071 0.373713 0.070071 0.046714 0.116785 0.116785
0.835636 0.351626 0.226430 0.138374 0.310294 0.049120 0.094646
0.735747 0.511519 0.388895 0.133135 0.147149 0.073575 0.031532
0.847845 0.373853 0.260362 0.036718 0.233658 0.056746 0.120167
0.893442 0.282485 0.236499 0.098541 0.210222 0.032847 0.105111
0.836225 0.384915 0.329735 0.083892 0.116641 0.134586 0.071330
0.967375 0.134952 0.141632 0.006681 0.100212 0.064135 0.108228
0.723455 0.531618 0.383404 0.145775 0.088061 0.130330 0.031702
0.731821 0.526911 0.351274 0.204910 0.000000 0.117091 0.087818
0.892080 0.311319 0.271022 0.048199 0.103510 0.110621 0.092448
0.909186 0.266761 0.192827 0.076931 0.214808 0.041962 0.105905
0.797865 0.441930 0.364673 0.072659 0.135200 0.057943 0.090593
0.848923 0.379755 0.323997 0.045209 0.145673 0.062288 0.054753
0.759079 0.477700 0.335172 0.122299 0.251034 0.047356 0.055172
0.819621 0.413729 0.308256 0.085228 0.141719 0.175353 0.062696
0.884301 0.327641 0.292575 0.063556 0.078897 0.059173 0.106291
1.000000 0.000000 0.000000 0.000000 0.000000 0.000000 0.000000
0.813521 0.423429 0.321665 0.084803 0.202942 0.053221 0.064918
0.885248 0.306756 0.268493 0.062908 0.107657 0.176401 0.059017
0.922555 0.196470 0.196470 0.034169 0.081151 0.243452 0.068337
0.884461 0.282718 0.191569 0.098874 0.241006 0.040940 0.177665
0.910967 0.261958 0.232525 0.068433 0.165563 0.033849 0.119206
0.712157 0.496608 0.312757 0.204983 0.304304 0.046491 0.107774
0.811710 0.415097 0.346383 0.066705 0.204133 0.031745 0.041389
0.889292 0.302499 0.265556 0.062106 0.170256 0.039084 0.112969
0.850001 0.356759 0.328252 0.099340 0.112297 0.126982 0.062195
0.791188 0.316475 0.276916 0.039559 0.395594 0.000000 0.197797
0.887242 0.333913 0.290196 0.042051 0.082437 0.071612 0.058289
0.929149 0.273279 0.204959 0.056438 0.110500 0.032675 0.059408
0.852325 0.378811 0.331460 0.094703 0.094703 0.000000 0.047351
0.939848 0.223960 0.220048 0.033252 0.080195 0.079217 0.065525
0.779078 0.461636 0.401133 0.066633 0.085557 0.072497 0.044778
0.915110 0.256403 0.225827 0.020920 0.121228 0.162531 0.065442
0.963087 0.000000 0.240772 0.000000 0.120386 0.000000 0.000000
0.792990 0.405306 0.370062 0.123354 0.220275 0.035244 0.070488
0.901235 0.321141 0.258952 0.041290 0.101950 0.040270 0.062189
0.819693 0.413179 0.291891 0.069307 0.225249 0.043984 0.121288
0.923486 0.281061 0.225467 0.024709 0.098835 0.052506 0.064860
1.000000 0.000000 0.000000 0.000000 0.000000 0.000000 0.000000
0.883579 0.350097 0.250069 0.050014 0.116699 0.016671 0.133370
0.875513 0.338649 0.299327 0.051359 0.111546 0.040927 0.111546
0.937043 0.000000 0.156174 0.000000 0.000000 0.000000 0.312348
0.863001 0.375587 0.303092 0.090233 0.097174 0.053986 0.042417
0.886166 0.260137 0.166536 0.080229 0.299036 0.042546 0.147087
0.878575 0.287702 0.253673 0.058778 0.253673 0.027842 0.111369
0.804625 0.445755 0.343220 0.097678 0.115756 0.088503 0.072853
0.815416 0.426309 0.365321 0.059159 0.092702 0.033544 0.081725
0.917289 0.300573 0.229794 0.031614 0.077384 0.052376 0.075497
0.927524 0.279730 0.206117 0.029445 0.110420 0.022084 0.073613
0.883938 0.343590 0.286116 0.049504 0.064607 0.096071 0.053699
0.827034 0.401578 0.314750 0.116494 0.177273 0.074527 0.071633
0.783216 0.450323 0.358581 0.071821 0.212318 0.041939 0.056618
0.770193 0.471809 0.397651 0.086712 0.086420 0.084961 0.062188
0.301511 0.904534 0.301511 0.000000 0.000000 0.000000 0.000000
0.812507 0.400545 0.404351 0.036154 0.062793 0.086579 0.056133
0.806261 0.406232 0.299247 0.092255 0.271338 0.088379 0.073649
0.963087 0.000000 0.120386 0.000000 0.240772 0.000000 0.000000
0.904534 0.000000 0.000000 0.000000 0.100504 0.100504 0.402015
0.884214 0.349446 0.284480 0.023251 0.081378 0.063940 0.062230
0.910886 0.161810 0.138047 0.032815 0.314567 0.088260 0.131258
0.905198 0.258628 0.295575 0.000000 0.147787 0.064657 0.018473
0.818114 0.414994 0.345451 0.087069 0.163397 0.040708 0.056539
0.854622 0.365212 0.298336 0.055585 0.177612 0.061665 0.093800
0.873571 0.349428 0.209657 0.069886 0.069886 0.244600 0.034943
0.792062 0.432034 0.337526 0.126010 0.220517 0.031502 0.081006
0.878918 0.320719 0.227686 0.073447 0.239927 0.026931 0.095481
0.835384 0.371058 0.352941 0.086558 0.101991 0.138224 0.053679
0.811634 0.415525 0.365041 0.097085 0.147570 0.027184 0.058251
0.918266 0.131181 0.262362 0.087454 0.043727 0.174908 0.174908
0.856080 0.321214 0.299112 0.072691 0.225439 0.113456 0.074164
0.819686 0.432053 0.339379 0.080850 0.094911 0.087561 0.055285
0.880065 0.336251 0.259038 0.051476 0.190958 0.042343 0.066420
0.915277 0.255997 0.261257 0.068383 0.124492 0.045589 0.078903
0.852640 0.343816 0.247811 0.082204 0.271213 0.049202 0.103205
0.867575 0.363986 0.300119 0.077997 0.096083 0.084779 0.047476
0.926077 0.225806 0.223063 0.018284 0.095076 0.163641 0.074050
0.887323 0.326064 0.269048 0.062362 0.087307 0.133633 0.067707
0.880438 0.247623 0.302650 0.055027 0.247623 0.082541 0.027514
0.873496 0.262049 0.218374 0.087350 0.305723 0.087350 0.109187
0.885912 0.245878 0.197078 0.052554 0.315325 0.037539 0.110739
0.918191 0.267989 0.175730 0.061506 0.191107 0.048326 0.107635
0.826625 0.403306 0.329780 0.046987 0.190559 0.052208 0.063520
0.911112 0.247271 0.267032 0.036316 0.094529 0.133516 0.096665
0.777999 0.421789 0.354347 0.101721 0.263804 0.053283 0.092033
0.895368 0.301901 0.230097 0.110425 0.177333 0.056572 0.085947
0.820012 0.369979 0.369979 0.054091 0.201217 0.030291 0.097363
0.908494 0.270968 0.224359 0.060040 0.186439 0.075050 0.082949
0.848298 0.336384 0.235468 0.077674 0.287455 0.096634 0.117428
0.960956 0.162945 0.157095 0.034260 0.134534 0.016712 0.076041
0.875745 0.282818 0.235682 0.054579 0.297704 0.019847 0.074426
0.819734 0.408706 0.320463 0.067344 0.197386 0.027866 0.118432
0.744610 0.506230 0.391562 0.107373 0.113792 0.094243 0.051061
0.826068 0.404908 0.295323 0.080796 0.200132 0.096119 0.103084
0.931334 0.169334 0.211667 0.000000 0.169334 0.042333 0.169334
0.892355 0.316042 0.246991 0.061084 0.159349 0.054444 0.103577
0.858071 0.366536 0.303844 0.089615 0.139614 0.037692 0.089999
0.855114 0.328146 0.232253 0.081817 0.282399 0.095892 0.107329
0.824600 0.353400 0.412300 0.058900 0.117800 0.088350 0.000000
0.872810 0.257551 0.300476 0.000000 0.264705 0.064388 0.085850
0.807393 0.424887 0.360773 0.058680 0.164087 0.064113 0.054333
0.865664 0.340284 0.313611 0.063046 0.076786 0.157614 0.042030
0.871068 0.358008 0.294978 0.034036 0.113453 0.086981 0.066811
0.937541 0.234754 0.196367 0.033958 0.142477 0.042079 0.064225
0.800000 0.400000 0.400000 0.000000 0.000000 0.000000 0.200000
0.933511 0.238240 0.205826 0.069689 0.110206 0.059965 0.093999
0.781036 0.457120 0.337448 0.093454 0.132358 0.193250 0.059624
0.852698 0.416434 0.198302 0.118981 0.178472 0.000000 0.118981
0.864229 0.328169 0.319260 0.023759 0.102460 0.167797 0.065337
0.840401 0.370465 0.310037 0.078090 0.127362 0.182676 0.068329
0.884453 0.276141 0.296152 0.036018 0.176090 0.084043 0.120061
0.952501 0.190500 0.127000 0.127000 0.063500 0.127000 0.063500
0.965176 0.102367 0.190110 0.073119 0.058496 0.073119 0.087743
0.885203 0.322607 0.291133 0.039342 0.145567 0.047211 0.051145
0.871767 0.234706 0.050294 0.268236 0.285001 0.033529 0.167647
0.871379 0.317305 0.222840 0.108998 0.242218 0.085987 0.111420
0.920238 0.237578 0.180439 0.060146 0.228556 0.045110 0.079193
0.879243 0.327120 0.221541 0.058270 0.226734 0.032885 0.122309
0.928952 0.213280 0.232238 0.080572 0.127968 0.042656 0.113749
0.844684 0.393862 0.307379 0.044457 0.170882 0.054529 0.052445
0.766817 0.449916 0.378508 0.072808 0.232425 0.057406 0.060673
0.725314 0.508140 0.415199 0.128436 0.147585 0.026621 0.065853
0.868649 0.348603 0.223397 0.096112 0.230670 0.047277 0.096632
0.881375 0.319519 0.310390 0.032367 0.098760 0.073863 0.092121
0.922234 0.230558 0.230558 0.000000 0.150750 0.017735 0.141882
0.904534 0.301511 0.301511 0.000000 0.000000 0.000000 0.000000
0.887868 0.293915 0.327593 0.045924 0.082664 0.052047 0.079602
0.931725 0.165306 0.240445 0.090167 0.165306 0.015028 0.105195
0.899229 0.276686 0.207514 0.138343 0.207514 0.069171 0.069171
0.859916 0.334967 0.253309 0.059994 0.263308 0.053328 0.091658
0.769970 0.465146 0.317832 0.149423 0.229585 0.073833 0.096334
0.774605 0.440210 0.391925 0.054962 0.203924 0.065235 0.061126
0.897579 0.220591 0.319477 0.068459 0.038033 0.136919 0.136919
0.810036 0.458612 0.336494 0.083454 0.068141 0.080391 0.047086
0.911865 0.237386 0.286371 0.045216 0.146953 0.048984 0.064057
0.844670 0.384838 0.238797 0.108544 0.238797 0.019735 0.110518
0.881743 0.342663 0.290198 0.046563 0.093454 0.075747 0.065254
0.921828 0.253218 0.256063 0.062593 0.096735 0.036987 0.076819
0.850200 0.380255 0.332723 0.065718 0.059931 0.100024 0.062825
0.952638 0.178218 0.148821 0.034909 0.169950 0.042258 0.081760
0.894957 0.137686 0.206529 0.000000 0.344214 0.000000 0.137686
0.928666 0.261016 0.233540 0.030223 0.101659 0.046708 0.038465
0.873617 0.275151 0.253118 0.023570 0.134757 0.273101 0.060974
0.824254 0.410164 0.365027 0.090275 0.068688 0.072613 0.031400
0.894173 0.311470 0.284645 0.053650 0.108791 0.056631 0.067063
0.847146 0.368681 0.327716 0.061037 0.154027 0.095038 0.050386
0.841258 0.376215 0.308660 0.094800 0.131003 0.153024 0.076885
0.758051 0.456428 0.412812 0.080474 0.116104 0.152962 0.057130
0.817433 0.388845 0.298521 0.101163 0.258327 0.068195 0.099356
0.905793 0.271211 0.213283 0.042130 0.205383 0.023698 0.126390
0.826597 0.408289 0.318472 0.074072 0.186074 0.072283 0.057253
0.906650 0.289157 0.211901 0.052975 0.128575 0.157822 0.072289
0.752139 0.470901 0.414799 0.095918 0.075286 0.150935 0.053207
0.841339 0.399726 0.313558 0.045478 0.147803 0.047871 0.088562
0.880474 0.340829 0.262176 0.058990 0.175876 0.036049 0.064452
0.844591 0.396665 0.328316 0.072010 0.068348 0.080553 0.072010
0.882489 0.306170 0.263396 0.128321 0.085547 0.173346 0.065286
0.940808 0.211341 0.197706 0.051131 0.139758 0.057948 0.074992
0.884068 0.310135 0.262219 0.045809 0.191662 0.083721 0.087406
0.881917 0.000000 0.377964 0.000000 0.251976 0.000000 0.125988
0.818990 0.383414 0.299177 0.102224 0.197553 0.198152 0.063253
0.842753 0.399570 0.316084 0.100100 0.099270 0.071025 0.072687
0.910199 0.277448 0.267539 0.035389 0.070778 0.096257 0.086349
0.856965 0.334071 0.305021 0.188823 0.145248 0.029050 0.058099
0.887014 0.302266 0.283031 0.073093 0.103870 0.142340 0.073093
0.797611 0.407954 0.398222 0.075129 0.101210 0.139358 0.059169
0.846304 0.370336 0.331811 0.048053 0.092791 0.149129 0.057994
0.921347 0.271806 0.244297 0.022993 0.096487 0.057892 0.066104
0.849325 0.336750 0.342710 0.062582 0.157945 0.041721 0.131124
0.872872 0.145479 0.290957 0.000000 0.290957 0.000000 0.218218
0.946304 0.237843 0.195898 0.022125 0.064992 0.045172 0.053008
0.767843 0.457293 0.397003 0.062565 0.151293 0.045502 0.121717
0.900868 0.311773 0.265265 0.049953 0.110240 0.067178 0.041340
0.846109 0.346219 0.324266 0.058084 0.193919 0.107479 0.080952
0.613795 0.681994 0.204598 0.272798 0.000000 0.000000 0.204598
0.961640 0.104407 0.071436 0.010990 0.159357 0.142872 0.115397
0.603023 0.603023 0.301511 0.000000 0.301511 0.000000 0.301511
0.864041 0.278870 0.274299 0.082290 0.246869 0.064003 0.169151
0.853938 0.389491 0.292469 0.090368 0.140805 0.044834 0.059545
0.870648 0.331995 0.290962 0.105194 0.070129 0.153688 0.086543
0.853512 0.367110 0.293245 0.088269 0.077189 0.181708 0.063155
0.946852 0.140748 0.204725 0.063977 0.076772 0.166339 0.063977
0.857320 0.382829 0.307341 0.000000 0.124015 0.053920 0.075487
0.903264 0.305935 0.266225 0.043625 0.085013 0.069353 0.075505
0.877022 0.331784 0.278420 0.035576 0.097447 0.161638 0.079659
0.957688 0.195302 0.181184 0.010589 0.056473 0.069415 0.061179
0.873064 0.308744 0.217333 0.075554 0.255577 0.052235 0.146444
0.785292 0.442752 0.383536 0.119342 0.061038 0.139385 0.052839
0.946356 0.208436 0.186753 0.037071 0.122404 0.030776 0.093726
0.794995 0.463483 0.373705 0.031089 0.087875 0.058689 0.037117
0.893242 0.255807 0.195813 0.065827 0.293303 0.027497 0.084991
0.938337 0.228902 0.189128 0.071431 0.113639 0.055196 0.101464
0.888707 0.355584 0.238742 0.067273 0.121900 0.045523 0.072837
0.773460 0.462009 0.310656 0.106556 0.268246 0.052748 0.075544
0.938290 0.206498 0.181405 0.024681 0.187987 0.031674 0.084327
0.907930 0.289698 0.257559 0.047762 0.108916 0.077223 0.072759
0.844793 0.380985 0.294021 0.094786 0.191873 0.040031 0.085584
0.944024 0.188805 0.139855 0.065266 0.174819 0.061769 0.122373
0.886595 0.296245 0.294640 0.054008 0.068446 0.166303 0.064168
0.777136 0.440992 0.309145 0.094948 0.296995 0.036449 0.086398
0.871951 0.325889 0.300084 0.021226 0.163569 0.101554 0.076998
0.855369 0.369159 0.306695 0.056837 0.103545 0.136747 0.073157
0.920461 0.277875 0.243141 0.026051 0.091178 0.056443 0.065127
0.876781 0.264537 0.234476 0.058118 0.311633 0.034069 0.068138
0.771451 0.430417 0.385038 0.043088 0.239732 0.087550 0.066007
0.812229 0.404528 0.360638 0.099942 0.133256 0.120565 0.065571
0.830422 0.388073 0.370886 0.062417 0.069654 0.102220 0.055181
0.761160 0.492417 0.379189 0.116845 0.068716 0.123522 0.027264
0.775050 0.438095 0.366637 0.132473 0.082452 0.216024 0.043974
0.897566 0.306923 0.260516 0.082268 0.110746 0.074885 0.087542
0.839211 0.394402 0.332074 0.061306 0.132489 0.072886 0.057219
0.955432 0.188487 0.162488 0.038997 0.103993 0.103993 0.045497
0.757042 0.476656 0.336463 0.140193 0.252347 0.000000 0.056077
0.780127 0.462904 0.387150 0.092872 0.121280 0.030957 0.054267
0.892575 0.293610 0.281866 0.031318 0.148762 0.027404 0.117444
0.950944 0.126793 0.190189 0.000000 0.190189 0.031698 0.079245
0.943400 0.199030 0.171165 0.039806 0.139321 0.087573 0.111457
0.820552 0.406580 0.310479 0.064889 0.195487 0.113350 0.098565
0.704076 0.490002 0.407610 0.136756 0.194261 0.198127 0.048324
0.890184 0.293889 0.310926 0.017037 0.144815 0.025556 0.051111
0.887188 0.344663 0.210627 0.127653 0.165949 0.057444 0.051061
0.941111 0.235278 0.188222 0.035292 0.129403 0.023528 0.070583
0.791165 0.439536 0.378001 0.083512 0.114279 0.087907 0.101093
0.762711 0.421616 0.323202 0.101769 0.345569 0.030195 0.073252
0.827766 0.403463 0.361227 0.087250 0.099476 0.044459 0.045292
0.927464 0.112420 0.112420 0.056210 0.309155 0.056210 0.112420
0.940568 0.204202 0.241330 0.024752 0.099007 0.055692 0.043316
0.873500 0.249571 0.224614 0.112307 0.274529 0.099829 0.162221
0.919230 0.271738 0.256136 0.020803 0.072810 0.055908 0.081912
0.891133 0.198030 0.396059 0.000000 0.099015 0.000000 0.000000
0.743321 0.511625 0.383862 0.140970 0.056847 0.119724 0.030433
0.890962 0.330447 0.250056 0.054630 0.164335 0.042638 0.051521
0.810931 0.368605 0.442326 0.000000 0.073721 0.000000 0.073721
0.851138 0.368734 0.302195 0.083173 0.174663 0.044359 0.094263
0.924341 0.273397 0.208302 0.026038 0.130189 0.039057 0.091132
0.889170 0.340740 0.262857 0.012981 0.103845 0.032451 0.110335
0.894317 0.281604 0.259778 0.055363 0.196430 0.078785 0.074526
0.848026 0.326164 0.347908 0.043489 0.217443 0.000000 0.065233
0.941795 0.099136 0.297409 0.000000 0.099136 0.049568 0.049568
0.882965 0.322131 0.236384 0.076477 0.220162 0.030127 0.074160
0.880685 0.341089 0.265496 0.071905 0.121686 0.122915 0.049781
0.893594 0.300400 0.231954 0.083656 0.197731 0.060840 0.087458
0.933941 0.260279 0.214347 0.091863 0.030621 0.030621 0.061242
0.885981 0.328670 0.295327 0.046046 0.100030 0.061923 0.061923
0.872793 0.364029 0.305759 0.040726 0.078320 0.022556 0.062656
0.879855 0.322310 0.291597 0.031050 0.172798 0.051300 0.059062
0.871312 0.323789 0.216786 0.118121 0.245969 0.043079 0.112562
0.862501 0.342978 0.259761 0.061441 0.237207 0.036553 0.097994
0.916345 0.242431 0.260224 0.028914 0.145681 0.051155 0.095638
0.809932 0.450383 0.253577 0.109757 0.227084 0.018924 0.113542
0.855898 0.336096 0.254682 0.106465 0.256769 0.052189 0.098115
